0.000000000000000000e+00 -1.000000000000000000e+01 5.000000000000000000e+01
1.000000000000000021e-02 -9.598100000000000520e+00 4.606176180500000328e+01
2.000000000000000042e-02 -9.235582381950001363e+00 4.264799096689262825e+01
2.999999999999999889e-02 -8.907202472281074535e+00 3.966912794110504592e+01
4.000000000000000083e-02 -8.608611192870023743e+00 3.705409333500352886e+01
5.000000000000000278e-02 -8.336170259519988690e+00 3.474586729785277583e+01
5.999999999999999778e-02 -8.086811586541461594e+00 3.269826081811061869e+01
7.000000000000000666e-02 -7.857928978360355643e+00 3.087352391447771183e+01
8.000000000000000167e-02 -7.647293739215578867e+00 2.924055076692289390e+01
8.999999999999999667e-02 -7.452988231546349596e+00 2.777351678978419258e+01
1.000000000000000056e-01 -7.273353063648507977e+00 2.645083239424256760e+01
1.100000000000000006e-01 -7.106944739706082537e+00 2.525433176661798029e+01
1.199999999999999956e-01 -6.952501422039902401e+00 2.416863801173343163e+01
1.300000000000000044e-01 -6.808915041922568356e+00 2.318066202405970699e+01
1.400000000000000133e-01 -6.675208421681971593e+00 2.227920373644695928e+01
1.499999999999999944e-01 -6.550516384317502272e+00 2.145463245060602020e+01
1.600000000000000033e-01 -6.434070059811442199e+00 2.069862876728100787e+01
1.700000000000000122e-01 -6.325183772138632143e+00 2.000397487566294785e+01
1.799999999999999933e-01 -6.223244023382002332e+00 1.936438308727990432e+01
1.900000000000000022e-01 -6.127700192509203170e+00 1.877435482463866379e+01
2.000000000000000111e-01 -6.038056644262816519e+00 1.822906401966317347e+01
2.099999999999999922e-01 -5.953866004066184381e+00 1.772426019718751533e+01
2.200000000000000011e-01 -5.874723402094309321e+00 1.725618752555726942e+01
2.300000000000000100e-01 -5.800261526838736970e+00 1.682151688986281712e+01
2.399999999999999911e-01 -5.730146357940109070e+00 1.641728864170714886e+01
2.500000000000000000e-01 -5.664073471523037639e+00 1.604086414540551786e+01
2.600000000000000089e-01 -5.601764830068982626e+00 1.568988460569888943e+01
2.700000000000000178e-01 -5.542965984011993363e+00 1.536223594995702335e+01
2.800000000000000266e-01 -5.487443624512422957e+00 1.505601876610101897e+01
2.899999999999999800e-01 -5.434983436851412719e+00 1.476952247942459628e+01
2.999999999999999889e-01 -5.385388212057166335e+00 1.450120309728214174e+01
3.099999999999999978e-01 -5.338476181084344852e+00 1.424966396800244617e+01
3.200000000000000067e-01 -5.294079541404320466e+00 1.401363909535788999e+01
3.300000000000000155e-01 -5.252043150450741216e+00 1.379197862709827405e+01
3.400000000000000244e-01 -5.212223364179758178e+00 1.358363619905067843e+01
3.500000000000000333e-01 -5.174487002189251506e+00 1.338765786791275403e+01
3.599999999999999867e-01 -5.138710423510124414e+00 1.320317240834580197e+01
3.699999999999999956e-01 -5.104778699426666400e+00 1.302938278506010406e+01
3.800000000000000044e-01 -5.072584871576065524e+00 1.286555863967118540e+01
3.900000000000000133e-01 -5.042029285179353337e+00 1.271102965630310955e+01
4.000000000000000222e-01 -5.013018988616321892e+00 1.256517969011390612e+01
4.100000000000000311e-01 -4.985467191715183155e+00 1.242744155983423759e+01
4.199999999999999845e-01 -4.959292776116840606e+00 1.229729241962233921e+01
4.299999999999999933e-01 -4.934419851920616829e+00 1.217424963751414069e+01
4.400000000000000022e-01 -4.910777355545475231e+00 1.205786711786910459e+01
4.500000000000000111e-01 -4.888298684366784386e+00 1.194773201379101835e+01
4.600000000000000200e-01 -4.866921364228874225e+00 1.184346178279372275e+01
4.700000000000000289e-01 -4.846586746400936896e+00 1.174470154519461040e+01
4.799999999999999822e-01 -4.827239730948990726e+00 1.165112171002624208e+01
4.899999999999999911e-01 -4.808828513848728115e+00 1.156241583780228410e+01
5.000000000000000000e-01 -4.791304355470705545e+00 1.147829871337627594e+01
5.100000000000000089e-01 -4.774621368336942950e+00 1.139850460548987066e+01
5.200000000000000178e-01 -4.758736322282044462e+00 1.132278569250321887e+01
5.300000000000000266e-01 -4.743608465357012527e+00 1.125091063630335597e+01
5.400000000000000355e-01 -4.729199358993978919e+00 1.118266328855453118e+01
5.500000000000000444e-01 -4.715472726108433932e+00 1.111784151533625220e+01
5.600000000000000533e-01 -4.702394310955071433e+00 1.105625612785131118e+01
5.700000000000000622e-01 -4.689931749676558681e+00 1.099772990831211317e+01
5.799999999999999600e-01 -4.678054450593437608e+00 1.094209672135853495e+01
5.899999999999999689e-01 -4.666733483379852387e+00 1.088920070244932603e+01
5.999999999999999778e-01 -4.655941476355359043e+00 1.083889551562305975e+01
6.099999999999999867e-01 -4.645652521199128415e+00 1.079104367386190866e+01
6.199999999999999956e-01 -4.635842084460509049e+00 1.074551591602757838e+01
6.300000000000000044e-01 -4.626486925300233644e+00 1.070219063498700507e+01
6.400000000000000133e-01 -4.617565018950363864e+00 1.066095335211703699e+01
6.500000000000000222e-01 -4.609055485429193411e+00 1.062169623388246897e+01
6.600000000000000311e-01 -4.600938523090368548e+00 1.058431764662849162e+01
6.700000000000000400e-01 -4.593195346624083797e+00 1.054872174612456881e+01
6.800000000000000488e-01 -4.585808129162837865e+00 1.051481809874798401e+01
6.900000000000000577e-01 -4.578759948175358474e+00 1.048252133150740484e+01
7.000000000000000666e-01 -4.572034734860284111e+00 1.045175080838447457e+01
7.099999999999999645e-01 -4.565617226776438997e+00 1.042243033071889080e+01
7.199999999999999734e-01 -4.559492923469250059e+00 1.039448785958308363e+01
7.299999999999999822e-01 -4.553648044873419565e+00 1.036785525828975807e+01
7.399999999999999911e-01 -4.548069492290522042e+00 1.034246805335188313e+01
7.500000000000000000e-01 -4.542744811757002843e+00 1.031826521237258376e+01
7.600000000000000089e-01 -4.537662159633277348e+00 1.029518893748386965e+01
7.700000000000000178e-01 -4.532810270258438301e+00 1.027318447308018889e+01
7.800000000000000266e-01 -4.528178425527636719e+00 1.025219992670697344e+01
7.900000000000000355e-01 -4.523756426260566954e+00 1.023218610206688872e+01
8.000000000000000444e-01 -4.519534565239897717e+00 1.021309634319909598e+01
8.100000000000000533e-01 -4.515503601807906442e+00 1.019488638897008848e+01
8.200000000000000622e-01 -4.511654737918205704e+00 1.017751423708989655e+01
8.300000000000000711e-01 -4.507979595547306317e+00 1.016094001693542737e+01
8.399999999999999689e-01 -4.504470195377952457e+00 1.014512587052414538e+01
8.499999999999999778e-01 -4.501118936672710902e+00 1.013003584103683785e+01
8.599999999999999867e-01 -4.497918578262342315e+00 1.011563576833876610e+01
8.699999999999999956e-01 -4.494862220578954570e+00 1.010189319099398553e+01
8.800000000000000044e-01 -4.491943288669014933e+00 1.008877725430930283e+01
8.900000000000000133e-01 -4.489155516125921785e+00 1.007625862398189476e+01
9.000000000000000222e-01 -4.486492929886102488e+00 1.006430940495899229e+01
9.100000000000000311e-01 -4.483949835836512854e+00 1.005290306514914533e+01
9.200000000000000400e-01 -4.481520805185021494e+00 1.004201436365310229e+01
9.300000000000000488e-01 -4.479200661548490281e+00 1.003161928320821694e+01
9.400000000000000577e-01 -4.476984468716407761e+00 1.002169496656396852e+01
9.500000000000000666e-01 -4.474867519050768294e+00 1.001221965652778856e+01
9.599999999999999645e-01 -4.472845322485490271e+00 1.000317263944016410e+01
9.699999999999999734e-01 -4.470913596091088849e+00 9.994534191856075722e+00
9.799999999999999822e-01 -4.469068254172528398e+00 9.986285530226345131e+00
9.899999999999999911e-01 -4.467305398870265343e+00 9.978408763387710323e+00
1.000000000000000000e+00 -4.465621311236388280e+00 9.970886847684299781e+00
1.010000000000000009e+00 -4.464012442759544896e+00 9.963703544556018699e+00
1.020000000000000018e+00 -4.462475407313984732e+00 9.956843380441057434e+00
1.030000000000000027e+00 -4.461006973509574536e+00 9.950291608850527325e+00
1.040000000000000036e+00 -4.459604057421069356e+00 9.944034174483231681e+00
1.050000000000000044e+00 -4.458263715676237027e+00 9.938057679257644494e+00
1.060000000000000053e+00 -4.456983138883660267e+00 9.932349350146623124e+00
1.070000000000000062e+00 -4.455759645382194378e+00 9.926897008708229109e+00
1.080000000000000071e+00 -4.454590675295111879e+00 9.921689042213079901e+00
1.090000000000000080e+00 -4.453473784872981511e+00 9.916714376275439946e+00
1.100000000000000089e+00 -4.452406641110226992e+00 9.911962448901226352e+00
1.110000000000000098e+00 -4.451387016621215054e+00 9.907423185871961024e+00
1.120000000000000107e+00 -4.450412784762495022e+00 9.903086977388733558e+00
1.130000000000000115e+00 -4.449481914988608011e+00 9.898944655905344447e+00
1.140000000000000124e+00 -4.448592468429554359e+00 9.894987475084077388e+00
1.150000000000000133e+00 -4.447742593678713163e+00 9.891207089811922870e+00
1.159999999999999920e+00 -4.446930522780593975e+00 9.887595537218842878e+00
1.169999999999999929e+00 -4.446154567408405534e+00 9.884145218643313413e+00
1.179999999999999938e+00 -4.445413115221972689e+00 9.880848882493761920e+00
1.189999999999999947e+00 -4.444704626397035341e+00 9.877699607957604044e+00
1.199999999999999956e+00 -4.444027630317459732e+00 9.874690789512508005e+00
1.209999999999999964e+00 -4.443380722422334728e+00 9.871816122197214938e+00
1.219999999999999973e+00 -4.442762561200362725e+00 9.869069587601803306e+00
1.229999999999999982e+00 -4.442171865324344715e+00 9.866445440539584055e+00
1.239999999999999991e+00 -4.441607410918948950e+00 9.863938196365063860e+00
1.250000000000000000e+00 -4.441068028955298175e+00 9.861542618904447721e+00
1.260000000000000009e+00 -4.440552602766254076e+00 9.859253708967075980e+00
1.270000000000000018e+00 -4.440060065676583179e+00 9.857066693407972480e+00
1.280000000000000027e+00 -4.439589398742503690e+00 9.854977014713412586e+00
1.290000000000000036e+00 -4.439139628595369480e+00 9.852980321082917214e+00
1.300000000000000044e+00 -4.438709825384540508e+00 9.851072456982629788e+00
1.310000000000000053e+00 -4.438299100814714571e+00 9.849249454146351113e+00
1.320000000000000062e+00 -4.437906606273251064e+00 9.847507523001882035e+00
1.330000000000000071e+00 -4.437531531043232391e+00 9.845843044501446428e+00
1.340000000000000080e+00 -4.437173100598218234e+00 9.844252562336203383e+00
1.350000000000000089e+00 -4.436830574974855779e+00 9.842732775515854016e+00
1.360000000000000098e+00 -4.436503247219697244e+00 9.841280531295458545e+00
1.370000000000000107e+00 -4.436190441906743054e+00 9.839892818432371513e+00
1.380000000000000115e+00 -4.435891513722419077e+00 9.838566760757286644e+00
1.390000000000000124e+00 -4.435605846114846429e+00 9.837299611044102221e+00
1.400000000000000133e+00 -4.435332850004405358e+00 9.836088745164101255e+00
1.409999999999999920e+00 -4.435071962552764369e+00 9.834931656510814690e+00
1.419999999999999929e+00 -4.434822645987655854e+00 9.833825950682475892e+00
1.429999999999999938e+00 -4.434584386480831419e+00 9.832769340409786452e+00
1.439999999999999947e+00 -4.434356693076733968e+00 9.831759640717214310e+00
1.449999999999999956e+00 -4.434139096669562186e+00 9.830794764306780564e+00
1.459999999999999964e+00 -4.433931149026494545e+00 9.829872717153705253e+00
1.469999999999999973e+00 -4.433732421854957195e+00 9.828991594303911228e+00
1.479999999999999982e+00 -4.433542505911917786e+00 9.828149575863863063e+00
1.489999999999999991e+00 -4.433361010153278770e+00 9.827344923173649605e+00
1.500000000000000000e+00 -4.433187560921542314e+00 9.826575975154746345e+00
1.510000000000000009e+00 -4.433021801169994447e+00 9.825841144824231321e+00
1.520000000000000018e+00 -4.432863389721751979e+00 9.825138915967711384e+00
1.530000000000000027e+00 -4.432712000562075261e+00 9.824467839963517690e+00
1.540000000000000036e+00 -4.432567322162440426e+00 9.823826532751153806e+00
1.550000000000000044e+00 -4.432429056834928716e+00 9.823213671937287117e+00
1.560000000000000053e+00 -4.432296920115556205e+00 9.822627994032922416e+00
1.570000000000000062e+00 -4.432170640175226772e+00 9.822068291815639896e+00
1.580000000000000071e+00 -4.432049957257070183e+00 9.821533411811198988e+00
1.590000000000000080e+00 -4.431934623138958251e+00 9.821022251888930299e+00
1.600000000000000089e+00 -4.431824400620069326e+00 9.820533758965718008e+00
1.610000000000000098e+00 -4.431719063030412187e+00 9.820066926813577624e+00
1.620000000000000107e+00 -4.431618393762276398e+00 9.819620793966068462e+00
1.630000000000000115e+00 -4.431522185822616144e+00 9.819194441719028887e+00
1.640000000000000124e+00 -4.431430241405426074e+00 9.818786992221276932e+00
1.650000000000000133e+00 -4.431342371483212972e+00 9.818397606651233289e+00
1.660000000000000142e+00 -4.431258395416700857e+00 9.818025483475496529e+00
1.669999999999999929e+00 -4.431178140581946145e+00 9.817669856785636640e+00
1.679999999999999938e+00 -4.431101442014090175e+00 9.817329994709675489e+00
1.689999999999999947e+00 -4.431028142066993247e+00 9.817005197894834723e+00
1.699999999999999956e+00 -4.430958090088044976e+00 9.816694798058348326e+00
1.709999999999999964e+00 -4.430891142107461711e+00 9.816398156603183267e+00
1.719999999999999973e+00 -4.430827160541429777e+00 9.816114663295815390e+00
1.729999999999999982e+00 -4.430766013908471912e+00 9.815843735003184634e+00
1.739999999999999991e+00 -4.430707576558440053e+00 9.815584814486182808e+00
1.750000000000000000e+00 -4.430651728413578461e+00 9.815337369247115973e+00
1.760000000000000009e+00 -4.430598354721107413e+00 9.815100890428691827e+00
1.770000000000000018e+00 -4.430547345816820304e+00 9.814874891762235265e+00
1.780000000000000027e+00 -4.430498596899197672e+00 9.814658908562879702e+00
1.790000000000000036e+00 -4.430452007813569182e+00 9.814452496769643375e+00
1.800000000000000044e+00 -4.430407482845872380e+00 9.814255232028349596e+00
1.810000000000000053e+00 -4.430364930525588996e+00 9.814066708815502693e+00
1.820000000000000062e+00 -4.430324263437434240e+00 9.813886539601222481e+00
1.830000000000000071e+00 -4.430285398041421630e+00 9.813714354049519528e+00
1.840000000000000080e+00 -4.430248254500926741e+00 9.813549798254253886e+00
1.850000000000000089e+00 -4.430212756518383976e+00 9.813392534009109269e+00
1.860000000000000098e+00 -4.430178831178293031e+00 9.813242238110133187e+00
1.870000000000000107e+00 -4.430146408797191349e+00 9.813098601689326017e+00
1.880000000000000115e+00 -4.430115422780297685e+00 9.812961329577927216e+00
1.890000000000000124e+00 -4.430085809484518578e+00 9.812830139698050402e+00
1.900000000000000133e+00 -4.430057508087537954e+00 9.812704762481383014e+00
1.910000000000000142e+00 -4.430030460462724307e+00 9.812584940313788806e+00
1.919999999999999929e+00 -4.430004611059586317e+00 9.812470427004598150e+00
1.929999999999999938e+00 -4.429979906789540678e+00 9.812360987279534541e+00
1.939999999999999947e+00 -4.429956296916745195e+00 9.812256396296161753e+00
1.949999999999999956e+00 -4.429933732953784009e+00 9.812156439180924394e+00
1.959999999999999964e+00 -4.429912168561974894e+00 9.812060910586730245e+00
1.969999999999999973e+00 -4.429891559456107686e+00 9.811969614270232398e+00
1.979999999999999982e+00 -4.429871863313405100e+00 9.811882362687889270e+00
1.989999999999999991e+00 -4.429853039686526550e+00 9.811798976609980016e+00
2.000000000000000000e+00 -4.429835049920426648e+00 9.811719284751754699e+00
2.010000000000000231e+00 -4.429817857072909426e+00 9.811643123421012191e+00
2.020000000000000018e+00 -4.429801425838699735e+00 9.811570336181288710e+00
2.030000000000000249e+00 -4.429785722476887067e+00 9.811500773530038799e+00
2.040000000000000036e+00 -4.429770714741586346e+00 9.811434292591092898e+00
2.049999999999999822e+00 -4.429756371815675386e+00 9.811370756820787520e+00
2.060000000000000053e+00 -4.429742664247467765e+00 9.811310035727126788e+00
2.069999999999999840e+00 -4.429729563890196786e+00 9.811252004601415777e+00
2.080000000000000071e+00 -4.429717043844182633e+00 9.811196544261822083e+00
2.089999999999999858e+00 -4.429705078401564577e+00 9.811143540808306085e+00
2.100000000000000089e+00 -4.429693642993481895e+00 9.811092885388433160e+00
2.109999999999999876e+00 -4.429682714139597799e+00 9.811044473973577595e+00
2.120000000000000107e+00 -4.429672269399862472e+00 9.810998207145063432e+00
2.129999999999999893e+00 -4.429662287328412162e+00 9.810953989889789284e+00
2.140000000000000124e+00 -4.429652747429514648e+00 9.810911731404923231e+00
2.149999999999999911e+00 -4.429643630115465136e+00 9.810871344911257452e+00
2.160000000000000142e+00 -4.429634916666352673e+00 9.810832747474862003e+00
2.169999999999999929e+00 -4.429626589191603792e+00 9.810795859836620281e+00
2.180000000000000160e+00 -4.429618630593237683e+00 9.810760606249354865e+00
2.189999999999999947e+00 -4.429611024530744068e+00 9.810726914322154713e+00
2.200000000000000178e+00 -4.429603755387522490e+00 9.810694714871621258e+00
2.209999999999999964e+00 -4.429596808238806638e+00 9.810663941779711905e+00
2.220000000000000195e+00 -4.429590168821009755e+00 9.810634531857870044e+00
2.229999999999999982e+00 -4.429583823502430739e+00 9.810606424717207119e+00
2.240000000000000213e+00 -4.429577759255258762e+00 9.810579562644418772e+00
2.250000000000000000e+00 -4.429571963628814224e+00 9.810553890483214801e+00
2.260000000000000231e+00 -4.429566424723981655e+00 9.810529355520998251e+00
2.270000000000000018e+00 -4.429561131168771482e+00 9.810505907380584034e+00
2.280000000000000249e+00 -4.429556072094965380e+00 9.810483497916688833e+00
2.290000000000000036e+00 -4.429551237115798124e+00 9.810462081117048427e+00
2.300000000000000266e+00 -4.429546616304627982e+00 9.810441613007888861e+00
2.310000000000000053e+00 -4.429542200174549471e+00 9.810422051563593371e+00
2.319999999999999840e+00 -4.429537979658913827e+00 9.810403356620385651e+00
2.330000000000000071e+00 -4.429533946092710117e+00 9.810385489793828739e+00
2.339999999999999858e+00 -4.429530091194771479e+00 9.810368414399979642e+00
2.350000000000000089e+00 -4.429526407050771830e+00 9.810352095380059367e+00
2.359999999999999876e+00 -4.429522886096971312e+00 9.810336499228421658e+00
2.370000000000000107e+00 -4.429519521104687385e+00 9.810321593923749361e+00
2.379999999999999893e+00 -4.429516305165449808e+00 9.810307348863288368e+00
2.390000000000000124e+00 -4.429513231676817320e+00 9.810293734800000109e+00
2.399999999999999911e+00 -4.429510294328816933e+00 9.810280723782481616e+00
2.410000000000000142e+00 -4.429507487090992512e+00 9.810268289097580308e+00
2.419999999999999929e+00 -4.429504804200016466e+00 9.810256405215513453e+00
2.430000000000000160e+00 -4.429502240147860981e+00 9.810245047737458535e+00
2.439999999999999947e+00 -4.429499789670486187e+00 9.810234193345440445e+00
2.450000000000000178e+00 -4.429497447737031912e+00 9.810223819754439134e+00
2.459999999999999964e+00 -4.429495209539487277e+00 9.810213905666632428e+00
2.470000000000000195e+00 -4.429493070482821260e+00 9.810204430727665681e+00
2.479999999999999982e+00 -4.429491026175544910e+00 9.810195375484841662e+00
2.490000000000000213e+00 -4.429489072420696338e+00 9.810186721347180949e+00
2.500000000000000000e+00 -4.429487205207224498e+00 9.810178450547255125e+00
2.510000000000000231e+00 -4.429485420701752219e+00 9.810170546104689748e+00
2.520000000000000018e+00 -4.429483715240705166e+00 9.810162991791299802e+00
2.530000000000000249e+00 -4.429482085322792528e+00 9.810155772097777671e+00
2.540000000000000036e+00 -4.429480527601814543e+00 9.810148872201825299e+00
2.550000000000000266e+00 -4.429479038879795993e+00 9.810142277937741184e+00
2.560000000000000053e+00 -4.429477616100419013e+00 9.810135975767325434e+00
2.569999999999999840e+00 -4.429476256342745444e+00 9.810129952752070892e+00
2.580000000000000071e+00 -4.429474956815225184e+00 9.810124196526620821e+00
2.589999999999999858e+00 -4.429473714849958554e+00 9.810118695273345679e+00
2.600000000000000089e+00 -4.429472527897225120e+00 9.810113437698117167e+00
2.609999999999999876e+00 -4.429471393520244327e+00 9.810108413007087691e+00
2.620000000000000107e+00 -4.429470309390173277e+00 9.810103610884539194e+00
2.629999999999999893e+00 -4.429469273281327446e+00 9.810099021471705427e+00
2.640000000000000124e+00 -4.429468283066610113e+00 9.810094635346532144e+00
2.649999999999999911e+00 -4.429467336713145187e+00 9.810090443504321911e+00
2.660000000000000142e+00 -4.429466432278101884e+00 9.810086437339247567e+00
2.669999999999999929e+00 -4.429465567904709467e+00 9.810082608626695233e+00
2.680000000000000160e+00 -4.429464741818442519e+00 9.810078949506360502e+00
2.689999999999999947e+00 -4.429463952323378528e+00 9.810075452466122670e+00
2.700000000000000178e+00 -4.429463197798717111e+00 9.810072110326618855e+00
2.709999999999999964e+00 -4.429462476695451123e+00 9.810068916226500235e+00
2.720000000000000195e+00 -4.429461787533186090e+00 9.810065863608343761e+00
2.729999999999999982e+00 -4.429461128897102640e+00 9.810062946205198031e+00
2.740000000000000213e+00 -4.429460499435050380e+00 9.810060158027702926e+00
2.750000000000000000e+00 -4.429459897854773232e+00 9.810057493351809654e+00
2.760000000000000231e+00 -4.429459322921255549e+00 9.810054946707014167e+00
2.770000000000000018e+00 -4.429458773454185483e+00 9.810052512865128804e+00
2.780000000000000249e+00 -4.429458248325533809e+00 9.810050186829553098e+00
2.790000000000000036e+00 -4.429457746457238443e+00 9.810047963825018869e+00
2.800000000000000266e+00 -4.429457266818988437e+00 9.810045839287772296e+00
2.810000000000000053e+00 -4.429456808426111003e+00 9.810043808856214298e+00
2.819999999999999840e+00 -4.429456370337549131e+00 9.810041868361947692e+00
2.830000000000000071e+00 -4.429455951653929802e+00 9.810040013821209826e+00
2.839999999999999858e+00 -4.429455551515717460e+00 9.810038241426704886e+00
2.850000000000000089e+00 -4.429455169101450096e+00 9.810036547539777274e+00
2.859999999999999876e+00 -4.429454803626052595e+00 9.810034928682956235e+00
2.870000000000000107e+00 -4.429454454339222913e+00 9.810033381532791807e+00
2.879999999999999893e+00 -4.429454120523894645e+00 9.810031902913054935e+00
2.890000000000000124e+00 -4.429453801494764420e+00 9.810030489788209351e+00
2.899999999999999911e+00 -4.429453496596882367e+00 9.810029139257173014e+00
2.910000000000000142e+00 -4.429453205204310962e+00 9.810027848547372642e+00
2.919999999999999929e+00 -4.429452926718837169e+00 9.810026615009036277e+00
2.930000000000000160e+00 -4.429452660568746758e+00 9.810025436109775399e+00
2.939999999999999947e+00 -4.429452406207649240e+00 9.810024309429365985e+00
2.950000000000000178e+00 -4.429452163113355212e+00 9.810023232654790704e+00
2.959999999999999964e+00 -4.429451930786806990e+00 9.810022203575485378e+00
2.970000000000000195e+00 -4.429451708751051875e+00 9.810021220078807502e+00
2.979999999999999982e+00 -4.429451496550263379e+00 9.810020280145684168e+00
2.990000000000000213e+00 -4.429451293748806862e+00 9.810019381846489139e+00
3.000000000000000000e+00 -4.429451099930341584e+00 9.810018523337056706e+00
3.010000000000000231e+00 -4.429450914696970720e+00 9.810017702854915811e+00
3.020000000000000018e+00 -4.429450737668421567e+00 9.810016918715662726e+00
3.030000000000000249e+00 -4.429450568481264838e+00 9.810016169309500711e+00
3.040000000000000036e+00 -4.429450406788169481e+00 9.810015453097939542e+00
3.050000000000000266e+00 -4.429450252257190357e+00 9.810014768610644253e+00
3.060000000000000053e+00 -4.429450104571084346e+00 9.810014114442395794e+00
3.070000000000000284e+00 -4.429449963426660197e+00 9.810013489250220431e+00
3.080000000000000071e+00 -4.429449828534157696e+00 9.810012891750639952e+00
3.089999999999999858e+00 -4.429449699616651692e+00 9.810012320717023115e+00
3.100000000000000089e+00 -4.429449576409481892e+00 9.810011774977068555e+00
3.109999999999999876e+00 -4.429449458659711070e+00 9.810011253410403143e+00
3.120000000000000107e+00 -4.429449346125607256e+00 9.810010754946285161e+00
3.129999999999999893e+00 -4.429449238576144587e+00 9.810010278561392738e+00
3.140000000000000124e+00 -4.429449135790530789e+00 9.810009823277740182e+00
3.149999999999999911e+00 -4.429449037557753321e+00 9.810009388160652932e+00
3.160000000000000142e+00 -4.429448943676146833e+00 9.810008972316866860e+00
3.169999999999999929e+00 -4.429448853952978382e+00 9.810008574892677302e+00
3.180000000000000160e+00 -4.429448768204051312e+00 9.810008195072192905e+00
3.189999999999999947e+00 -4.429448686253329548e+00 9.810007832075672951e+00
3.200000000000000178e+00 -4.429448607932572557e+00 9.810007485157901996e+00
3.209999999999999964e+00 -4.429448533080993400e+00 9.810007153606681740e+00
3.220000000000000195e+00 -4.429448461544926552e+00 9.810006836741358427e+00
3.229999999999999982e+00 -4.429448393177512600e+00 9.810006533911424853e+00
3.240000000000000213e+00 -4.429448327838398036e+00 9.810006244495189875e+00
3.250000000000000000e+00 -4.429448265393445716e+00 9.810005967898502988e+00
3.260000000000000231e+00 -4.429448205714460407e+00 9.810005703553526857e+00
3.270000000000000018e+00 -4.429448148678925001e+00 9.810005450917577363e+00
3.280000000000000249e+00 -4.429448094169749162e+00 9.810005209472011600e+00
3.290000000000000036e+00 -4.429448042075028624e+00 9.810004978721151403e+00
3.300000000000000266e+00 -4.429447992287816938e+00 9.810004758191286811e+00
3.310000000000000053e+00 -4.429447944705904305e+00 9.810004547429679533e+00
3.320000000000000284e+00 -4.429447899231607089e+00 9.810004346003648124e+00
3.330000000000000071e+00 -4.429447855771570630e+00 9.810004153499681578e+00
3.339999999999999858e+00 -4.429447814236573855e+00 9.810003969522581357e+00
3.350000000000000089e+00 -4.429447774541348082e+00 9.810003793694651364e+00
3.359999999999999876e+00 -4.429447736604401165e+00 9.810003625654927006e+00
3.370000000000000107e+00 -4.429447700347852290e+00 9.810003465058438010e+00
3.379999999999999893e+00 -4.429447665697267666e+00 9.810003311575487217e+00
3.390000000000000124e+00 -4.429447632581513083e+00 9.810003164890986227e+00
3.399999999999999911e+00 -4.429447600932602924e+00 9.810003024703796370e+00
3.410000000000000142e+00 -4.429447570685565161e+00 9.810002890726126523e+00
3.419999999999999929e+00 -4.429447541778303687e+00 9.810002762682929145e+00
3.430000000000000160e+00 -4.429447514151473975e+00 9.810002640311335398e+00
3.439999999999999947e+00 -4.429447487748360501e+00 9.810002523360131121e+00
3.450000000000000178e+00 -4.429447462514759515e+00 9.810002411589220372e+00
3.459999999999999964e+00 -4.429447438398867121e+00 9.810002304769142256e+00
3.470000000000000195e+00 -4.429447415351175366e+00 9.810002202680603745e+00
3.479999999999999982e+00 -4.429447393324369209e+00 9.810002105114024928e+00
3.490000000000000213e+00 -4.429447372273228822e+00 9.810002011869105587e+00
3.500000000000000000e+00 -4.429447352154538109e+00 9.810001922754423731e+00
3.510000000000000231e+00 -4.429447332926994108e+00 9.810001837587030593e+00
3.520000000000000018e+00 -4.429447314551123505e+00 9.810001756192079370e+00
3.530000000000000249e+00 -4.429447296989202698e+00 9.810001678402477054e+00
3.540000000000000036e+00 -4.429447280205177861e+00 9.810001604058523839e+00
3.550000000000000266e+00 -4.429447264164593001e+00 9.810001533007598695e+00
3.560000000000000053e+00 -4.429447248834517126e+00 9.810001465103836082e+00
3.570000000000000284e+00 -4.429447234183478521e+00 9.810001400207834621e+00
3.580000000000000071e+00 -4.429447220181399913e+00 9.810001338186365771e+00
3.589999999999999858e+00 -4.429447206799536296e+00 9.810001278912107381e+00
3.600000000000000089e+00 -4.429447194010415423e+00 9.810001222263371901e+00
3.609999999999999876e+00 -4.429447181787781851e+00 9.810001168123861248e+00
3.620000000000000107e+00 -4.429447170106543652e+00 9.810001116382434105e+00
3.629999999999999893e+00 -4.429447158942719120e+00 9.810001066932862557e+00
3.640000000000000124e+00 -4.429447148273390589e+00 9.810001019673636691e+00
3.649999999999999911e+00 -4.429447138076653800e+00 9.810000974507730120e+00
3.660000000000000142e+00 -4.429447128331576167e+00 9.810000931342424124e+00
3.669999999999999929e+00 -4.429447119018152357e+00 9.810000890089105141e+00
3.680000000000000160e+00 -4.429447110117261666e+00 9.810000850663080030e+00
3.689999999999999947e+00 -4.429447101610630710e+00 9.810000812983409091e+00
3.700000000000000178e+00 -4.429447093480797015e+00 9.810000776972740866e+00
3.709999999999999964e+00 -4.429447085711069931e+00 9.810000742557145159e+00
3.720000000000000195e+00 -4.429447078285498662e+00 9.810000709665970930e+00
3.729999999999999982e+00 -4.429447071188839402e+00 9.810000678231693527e+00
3.740000000000000213e+00 -4.429447064406522472e+00 9.810000648189779682e+00
3.750000000000000000e+00 -4.429447057924624787e+00 9.810000619478557837e+00
3.760000000000000231e+00 -4.429447051729839657e+00 9.810000592039084921e+00
3.770000000000000018e+00 -4.429447045809448369e+00 9.810000565815025553e+00
3.780000000000000249e+00 -4.429447040151297976e+00 9.810000540752547238e+00
3.790000000000000036e+00 -4.429447034743772882e+00 9.810000516800201353e+00
3.800000000000000266e+00 -4.429447029575770856e+00 9.810000493908809460e+00
3.810000000000000053e+00 -4.429447024636682606e+00 9.810000472031379815e+00
3.820000000000000284e+00 -4.429447019916368689e+00 9.810000451122999010e+00
3.830000000000000071e+00 -4.429447015405139076e+00 9.810000431140746713e+00
3.839999999999999858e+00 -4.429447011093731845e+00 9.810000412043597962e+00
3.850000000000000089e+00 -4.429447006973296297e+00 9.810000393792346784e+00
3.859999999999999876e+00 -4.429447003035372532e+00 9.810000376349520934e+00
3.870000000000000107e+00 -4.429446999271877239e+00 9.810000359679317938e+00
3.879999999999999893e+00 -4.429446995675084153e+00 9.810000343747514506e+00
3.890000000000000124e+00 -4.429446992237608960e+00 9.810000328521400803e+00
3.899999999999999911e+00 -4.429446988952395081e+00 9.810000313969720054e+00
3.910000000000000142e+00 -4.429446985812697690e+00 9.810000300062595713e+00
3.919999999999999929e+00 -4.429446982812072164e+00 9.810000286771485278e+00
3.930000000000000160e+00 -4.429446979944357210e+00 9.810000274069093251e+00
3.939999999999999947e+00 -4.429446977203665980e+00 9.810000261929346266e+00
3.950000000000000178e+00 -4.429446974584372754e+00 9.810000250327325588e+00
3.959999999999999964e+00 -4.429446972081099609e+00 9.810000239239210273e+00
3.970000000000000195e+00 -4.429446969688707547e+00 9.810000228642236308e+00
3.979999999999999982e+00 -4.429446967402284940e+00 9.810000218514648651e+00
3.990000000000000213e+00 -4.429446965217138654e+00 9.810000208835660374e+00
4.000000000000000000e+00 -4.429446963128782500e+00 9.810000199585397596e+00
4.009999999999999787e+00 -4.429446961132928351e+00 9.810000190744867510e+00
4.020000000000000462e+00 -4.429446959225479930e+00 9.810000182295924631e+00
4.030000000000000249e+00 -4.429446957402520368e+00 9.810000174221222835e+00
4.040000000000000036e+00 -4.429446955660307772e+00 9.810000166504183383e+00
4.049999999999999822e+00 -4.429446953995266334e+00 9.810000159128971831e+00
4.060000000000000497e+00 -4.429446952403976567e+00 9.810000152080437630e+00
4.070000000000000284e+00 -4.429446950883171752e+00 9.810000145344114131e+00
4.080000000000000071e+00 -4.429446949429730829e+00 9.810000138906174172e+00
4.089999999999999858e+00 -4.429446948040669518e+00 9.810000132753401658e+00
4.099999999999999645e+00 -4.429446946713135880e+00 9.810000126873161364e+00
4.110000000000000320e+00 -4.429446945444404093e+00 9.810000121253381167e+00
4.120000000000000107e+00 -4.429446944231870020e+00 9.810000115882525407e+00
4.129999999999999893e+00 -4.429446943073044984e+00 9.810000110749571789e+00
4.139999999999999680e+00 -4.429446941965549556e+00 9.810000105843979412e+00
4.150000000000000355e+00 -4.429446940907109997e+00 9.810000101155678109e+00
4.160000000000000142e+00 -4.429446939895552937e+00 9.810000096675038250e+00
4.169999999999999929e+00 -4.429446938928802702e+00 9.810000092392870741e+00
4.179999999999999716e+00 -4.429446938004874212e+00 9.810000088300377286e+00
4.190000000000000391e+00 -4.429446937121870320e+00 9.810000084389159269e+00
4.200000000000000178e+00 -4.429446936277979141e+00 9.810000080651187560e+00
4.209999999999999964e+00 -4.429446935471466951e+00 9.810000077078784742e+00
4.219999999999999751e+00 -4.429446934700679073e+00 9.810000073664621567e+00
4.230000000000000426e+00 -4.429446933964032773e+00 9.810000070401684980e+00
4.240000000000000213e+00 -4.429446933260015484e+00 9.810000067283278113e+00
4.250000000000000000e+00 -4.429446932587183028e+00 9.810000064303002532e+00
4.259999999999999787e+00 -4.429446931944153398e+00 9.810000061454736908e+00
4.270000000000000462e+00 -4.429446931329605874e+00 9.810000058732631700e+00
4.280000000000000249e+00 -4.429446930742279243e+00 9.810000056131098489e+00
4.290000000000000036e+00 -4.429446930180968245e+00 9.810000053644801099e+00
4.299999999999999822e+00 -4.429446929644520026e+00 9.810000051268632504e+00
4.310000000000000497e+00 -4.429446929131834132e+00 9.810000048997718380e+00
4.320000000000000284e+00 -4.429446928641857184e+00 9.810000046827390463e+00
4.330000000000000071e+00 -4.429446928173582876e+00 9.810000044753195425e+00
4.339999999999999858e+00 -4.429446927726051086e+00 9.810000042770877116e+00
4.350000000000000533e+00 -4.429446927298342551e+00 9.810000040876364125e+00
4.360000000000000320e+00 -4.429446926889578862e+00 9.810000039065766231e+00
4.370000000000000107e+00 -4.429446926498921577e+00 9.810000037335370848e+00
4.379999999999999893e+00 -4.429446926125567785e+00 9.810000035681619934e+00
4.389999999999999680e+00 -4.429446925768751875e+00 9.810000034101124200e+00
4.400000000000000355e+00 -4.429446925427740211e+00 9.810000032590631136e+00
4.410000000000000142e+00 -4.429446925101833799e+00 9.810000031147044552e+00
4.419999999999999929e+00 -4.429446924790362949e+00 9.810000029767401486e+00
4.429999999999999716e+00 -4.429446924492689064e+00 9.810000028448870424e+00
4.440000000000000391e+00 -4.429446924208200187e+00 9.810000027188742422e+00
4.450000000000000178e+00 -4.429446923936312785e+00 9.810000025984431105e+00
4.459999999999999964e+00 -4.429446923676468195e+00 9.810000024833463783e+00
4.469999999999999751e+00 -4.429446923428133509e+00 9.810000023733477903e+00
4.480000000000000426e+00 -4.429446923190798913e+00 9.810000022682217491e+00
4.490000000000000213e+00 -4.429446922963976796e+00 9.810000021677520721e+00
4.500000000000000000e+00 -4.429446922747201754e+00 9.810000020717327018e+00
4.509999999999999787e+00 -4.429446922540028808e+00 9.810000019799666404e+00
4.520000000000000462e+00 -4.429446922342032522e+00 9.810000018922652387e+00
4.530000000000000249e+00 -4.429446922152806110e+00 9.810000018084483742e+00
4.540000000000000036e+00 -4.429446921971961437e+00 9.810000017283440954e+00
4.549999999999999822e+00 -4.429446921799127246e+00 9.810000016517882671e+00
4.560000000000000497e+00 -4.429446921633948264e+00 9.810000015786229710e+00
4.570000000000000284e+00 -4.429446921476086096e+00 9.810000015086988157e+00
4.580000000000000071e+00 -4.429446921325216557e+00 9.810000014418719161e+00
4.589999999999999858e+00 -4.429446921181029673e+00 9.810000013780051376e+00
4.600000000000000533e+00 -4.429446921043228791e+00 9.810000013169670297e+00
4.610000000000000320e+00 -4.429446920911532359e+00 9.810000012586327145e+00
4.620000000000000107e+00 -4.429446920785669484e+00 9.810000012028824656e+00
4.629999999999999893e+00 -4.429446920665380816e+00 9.810000011496011751e+00
4.639999999999999680e+00 -4.429446920550420330e+00 9.810000010986801300e+00
4.650000000000000355e+00 -4.429446920440552660e+00 9.810000010500147027e+00
4.660000000000000142e+00 -4.429446920335551319e+00 9.810000010035050622e+00
4.669999999999999929e+00 -4.429446920235200480e+00 9.810000009590551073e+00
4.679999999999999716e+00 -4.429446920139294974e+00 9.810000009165742441e+00
4.690000000000000391e+00 -4.429446920047637626e+00 9.810000008759750756e+00
4.700000000000000178e+00 -4.429446919960040141e+00 9.810000008371742908e+00
4.709999999999999964e+00 -4.429446919876323108e+00 9.810000008000923089e+00
4.719999999999999751e+00 -4.429446919796314219e+00 9.810000007646527465e+00
4.730000000000000426e+00 -4.429446919719849163e+00 9.810000007307829506e+00
4.740000000000000213e+00 -4.429446919646770731e+00 9.810000006984132881e+00
4.750000000000000000e+00 -4.429446919576929709e+00 9.810000006674775008e+00
4.759999999999999787e+00 -4.429446919510182212e+00 9.810000006379121729e+00
4.770000000000000462e+00 -4.429446919446390574e+00 9.810000006096560199e+00
4.780000000000000249e+00 -4.429446919385425119e+00 9.810000005826516656e+00
4.790000000000000036e+00 -4.429446919327159726e+00 9.810000005568433323e+00
4.799999999999999822e+00 -4.429446919271475380e+00 9.810000005321782623e+00
4.810000000000000497e+00 -4.429446919218257506e+00 9.810000005086056518e+00
4.820000000000000284e+00 -4.429446919167396857e+00 9.810000004860771838e+00
4.830000000000000071e+00 -4.429446919118789516e+00 9.810000004645468508e+00
4.839999999999999858e+00 -4.429446919072335120e+00 9.810000004439700660e+00
4.850000000000000533e+00 -4.429446919027937746e+00 9.810000004243045524e+00
4.860000000000000320e+00 -4.429446918985507686e+00 9.810000004055103417e+00
4.870000000000000107e+00 -4.429446918944957012e+00 9.810000003875487096e+00
4.879999999999999893e+00 -4.429446918906202235e+00 9.810000003703823523e+00
4.889999999999999680e+00 -4.429446918869164307e+00 9.810000003539766311e+00
4.900000000000000355e+00 -4.429446918833766844e+00 9.810000003382976175e+00
4.910000000000000142e+00 -4.429446918799937016e+00 9.810000003233128041e+00
4.919999999999999929e+00 -4.429446918767605545e+00 9.810000003089918152e+00
4.929999999999999716e+00 -4.429446918736706706e+00 9.810000002953053411e+00
4.940000000000000391e+00 -4.429446918707176550e+00 9.810000002822249598e+00
4.950000000000000178e+00 -4.429446918678953793e+00 9.810000002697238486e+00
4.959999999999999964e+00 -4.429446918651981591e+00 9.810000002577767830e+00
4.969999999999999751e+00 -4.429446918626203988e+00 9.810000002463587165e+00
4.980000000000000426e+00 -4.429446918601567695e+00 9.810000002354462012e+00
4.990000000000000213e+00 -4.429446918578022974e+00 9.810000002250172102e+00
5.000000000000000000e+00 -4.429446918555520973e+00 9.810000002150500720e+00
5.009999999999999787e+00 -4.429446918534016397e+00 9.810000002055247137e+00
5.020000000000000462e+00 -4.429446918513463949e+00 9.810000001964210625e+00
5.030000000000000249e+00 -4.429446918493821883e+00 9.810000001877206444e+00
5.040000000000000036e+00 -4.429446918475050232e+00 9.810000001794058733e+00
5.049999999999999822e+00 -4.429446918457109916e+00 9.810000001714593409e+00
5.060000000000000497e+00 -4.429446918439963632e+00 9.810000001638645273e+00
5.070000000000000284e+00 -4.429446918423577628e+00 9.810000001566063332e+00
5.080000000000000071e+00 -4.429446918407917266e+00 9.810000001496696598e+00
5.089999999999999858e+00 -4.429446918392950572e+00 9.810000001430402961e+00
5.100000000000000533e+00 -4.429446918378646458e+00 9.810000001367043865e+00
5.110000000000000320e+00 -4.429446918364975616e+00 9.810000001306489636e+00
5.120000000000000107e+00 -4.429446918351910512e+00 9.810000001248617707e+00
5.129999999999999893e+00 -4.429446918339424499e+00 9.810000001193312613e+00
5.139999999999999680e+00 -4.429446918327490934e+00 9.810000001140453563e+00
5.150000000000000355e+00 -4.429446918316086723e+00 9.810000001089939303e+00
5.160000000000000142e+00 -4.429446918305186998e+00 9.810000001041659701e+00
5.169999999999999929e+00 -4.429446918294770441e+00 9.810000000995518832e+00
5.179999999999999716e+00 -4.429446918284814849e+00 9.810000000951420773e+00
5.190000000000000391e+00 -4.429446918275300682e+00 9.810000000909278484e+00
5.200000000000000178e+00 -4.429446918266207511e+00 9.810000000869001369e+00
5.209999999999999964e+00 -4.429446918257517574e+00 9.810000000830509492e+00
5.219999999999999751e+00 -4.429446918249212217e+00 9.810000000793721142e+00
5.230000000000000426e+00 -4.429446918241275455e+00 9.810000000758567040e+00
5.240000000000000213e+00 -4.429446918233689523e+00 9.810000000724965474e+00
5.250000000000000000e+00 -4.429446918226440211e+00 9.810000000692854272e+00
5.259999999999999787e+00 -4.429446918219511531e+00 9.810000000662164155e+00
5.270000000000000462e+00 -4.429446918212890161e+00 9.810000000632834727e+00
5.280000000000000249e+00 -4.429446918206561890e+00 9.810000000604803816e+00
5.290000000000000036e+00 -4.429446918200514283e+00 9.810000000578016355e+00
5.299999999999999822e+00 -4.429446918194734018e+00 9.810000000552413724e+00
5.310000000000000497e+00 -4.429446918189209548e+00 9.810000000527942632e+00
5.320000000000000284e+00 -4.429446918183930215e+00 9.810000000504558670e+00
5.330000000000000071e+00 -4.429446918178884474e+00 9.810000000482208549e+00
5.339999999999999858e+00 -4.429446918174062553e+00 9.810000000460849634e+00
5.350000000000000533e+00 -4.429446918169453795e+00 9.810000000440435741e+00
5.360000000000000320e+00 -4.429446918165049318e+00 9.810000000420926014e+00
5.370000000000000107e+00 -4.429446918160840241e+00 9.810000000402283149e+00
5.379999999999999893e+00 -4.429446918156817681e+00 9.810000000384464514e+00
5.389999999999999680e+00 -4.429446918152972756e+00 9.810000000367434581e+00
5.400000000000000355e+00 -4.429446918149298362e+00 9.810000000351157823e+00
5.410000000000000142e+00 -4.429446918145786505e+00 9.810000000335602266e+00
5.419999999999999929e+00 -4.429446918142430079e+00 9.810000000320735936e+00
5.429999999999999716e+00 -4.429446918139222866e+00 9.810000000306530410e+00
5.440000000000000391e+00 -4.429446918136157763e+00 9.810000000292953715e+00
5.450000000000000178e+00 -4.429446918133228550e+00 9.810000000279977428e+00
5.459999999999999964e+00 -4.429446918130429012e+00 9.810000000267578457e+00
5.469999999999999751e+00 -4.429446918127752930e+00 9.810000000255724828e+00
5.480000000000000426e+00 -4.429446918125195864e+00 9.810000000244397000e+00
5.490000000000000213e+00 -4.429446918122751597e+00 9.810000000233571882e+00
5.500000000000000000e+00 -4.429446918120415688e+00 9.810000000223224603e+00
5.509999999999999787e+00 -4.429446918118183696e+00 9.810000000213337401e+00
5.520000000000000462e+00 -4.429446918116050291e+00 9.810000000203887183e+00
5.530000000000000249e+00 -4.429446918114011034e+00 9.810000000194854408e+00
5.540000000000000036e+00 -4.429446918112062370e+00 9.810000000186223090e+00
5.549999999999999822e+00 -4.429446918110199860e+00 9.810000000177973689e+00
5.560000000000000497e+00 -4.429446918108419950e+00 9.810000000170090217e+00
5.570000000000000284e+00 -4.429446918106719089e+00 9.810000000162556688e+00
5.580000000000000071e+00 -4.429446918105093722e+00 9.810000000155357114e+00
5.589999999999999858e+00 -4.429446918103540298e+00 9.810000000148475507e+00
5.600000000000000533e+00 -4.429446918102055264e+00 9.810000000141897658e+00
5.610000000000000320e+00 -4.429446918100635955e+00 9.810000000135611131e+00
5.620000000000000107e+00 -4.429446918099279706e+00 9.810000000129603492e+00
5.629999999999999893e+00 -4.429446918097983854e+00 9.810000000123864083e+00
5.639999999999999680e+00 -4.429446918096744845e+00 9.810000000118375141e+00
5.650000000000000355e+00 -4.429446918095560903e+00 9.810000000113131335e+00
5.660000000000000142e+00 -4.429446918094429364e+00 9.810000000108118456e+00
5.669999999999999929e+00 -4.429446918093348451e+00 9.810000000103331175e+00
5.679999999999999716e+00 -4.429446918092315499e+00 9.810000000098755280e+00
5.690000000000000391e+00 -4.429446918091327845e+00 9.810000000094381889e+00
5.700000000000000178e+00 -4.429446918090383711e+00 9.810000000090198569e+00
5.709999999999999964e+00 -4.429446918089481322e+00 9.810000000086201766e+00
5.719999999999999751e+00 -4.429446918088618901e+00 9.810000000082382599e+00
5.730000000000000426e+00 -4.429446918087794671e+00 9.810000000078730409e+00
5.740000000000000213e+00 -4.429446918087007745e+00 9.810000000075245197e+00
5.750000000000000000e+00 -4.429446918086255458e+00 9.810000000071912751e+00
5.759999999999999787e+00 -4.429446918085536034e+00 9.810000000068725967e+00
5.770000000000000462e+00 -4.429446918084848583e+00 9.810000000065681292e+00
5.780000000000000249e+00 -4.429446918084192220e+00 9.810000000062775172e+00
5.790000000000000036e+00 -4.429446918083564277e+00 9.810000000059993397e+00
5.799999999999999822e+00 -4.429446918082964757e+00 9.810000000057337743e+00
5.810000000000000497e+00 -4.429446918082390994e+00 9.810000000054795777e+00
5.820000000000000284e+00 -4.429446918081842988e+00 9.810000000052369273e+00
5.830000000000000071e+00 -4.429446918081318962e+00 9.810000000050047575e+00
5.839999999999999858e+00 -4.429446918080818918e+00 9.810000000047832458e+00
5.850000000000000533e+00 -4.429446918080340190e+00 9.810000000045711488e+00
5.860000000000000320e+00 -4.429446918079882778e+00 9.810000000043686441e+00
5.870000000000000107e+00 -4.429446918079445794e+00 9.810000000041750212e+00
5.879999999999999893e+00 -4.429446918079028350e+00 9.810000000039901025e+00
5.889999999999999680e+00 -4.429446918078629558e+00 9.810000000038135326e+00
5.900000000000000355e+00 -4.429446918078248530e+00 9.810000000036447787e+00
5.910000000000000142e+00 -4.429446918077884376e+00 9.810000000034834855e+00
5.919999999999999929e+00 -4.429446918077536210e+00 9.810000000033291201e+00
5.929999999999999716e+00 -4.429446918077203144e+00 9.810000000031816825e+00
5.940000000000000391e+00 -4.429446918076885176e+00 9.810000000030408174e+00
5.950000000000000178e+00 -4.429446918076581419e+00 9.810000000029063472e+00
5.959999999999999964e+00 -4.429446918076290984e+00 9.810000000027775613e+00
5.969999999999999751e+00 -4.429446918076012984e+00 9.810000000026544598e+00
5.980000000000000426e+00 -4.429446918075747419e+00 9.810000000025368649e+00
5.990000000000000213e+00 -4.429446918075493400e+00 9.810000000024244216e+00
6.000000000000000000e+00 -4.429446918075250927e+00 9.810000000023169520e+00
6.009999999999999787e+00 -4.429446918075019113e+00 9.810000000022142785e+00
6.020000000000000462e+00 -4.429446918074797956e+00 9.810000000021162236e+00
6.030000000000000249e+00 -4.429446918074586570e+00 9.810000000020226096e+00
6.040000000000000036e+00 -4.429446918074384065e+00 9.810000000019329036e+00
6.049999999999999822e+00 -4.429446918074190442e+00 9.810000000018472832e+00
6.060000000000000497e+00 -4.429446918074005701e+00 9.810000000017653932e+00
6.070000000000000284e+00 -4.429446918073828954e+00 9.810000000016870558e+00
6.080000000000000071e+00 -4.429446918073660200e+00 9.810000000016122712e+00
6.089999999999999858e+00 -4.429446918073498551e+00 9.810000000015406840e+00
6.100000000000000533e+00 -4.429446918073344897e+00 9.810000000014726496e+00
6.110000000000000320e+00 -4.429446918073197459e+00 9.810000000014072796e+00
6.120000000000000107e+00 -4.429446918073057127e+00 9.810000000013452848e+00
6.129999999999999893e+00 -4.429446918072923012e+00 9.810000000012857768e+00
6.140000000000000568e+00 -4.429446918072794226e+00 9.810000000012287558e+00
6.150000000000000355e+00 -4.429446918072671657e+00 9.810000000011743992e+00
6.160000000000000142e+00 -4.429446918072554418e+00 9.810000000011225296e+00
6.169999999999999929e+00 -4.429446918072442507e+00 9.810000000010729693e+00
6.179999999999999716e+00 -4.429446918072335038e+00 9.810000000010253629e+00
6.190000000000000391e+00 -4.429446918072232897e+00 9.810000000009800658e+00
6.200000000000000178e+00 -4.429446918072135198e+00 9.810000000009369003e+00
6.209999999999999964e+00 -4.429446918072041939e+00 9.810000000008955112e+00
6.219999999999999751e+00 -4.429446918071952233e+00 9.810000000008557208e+00
6.230000000000000426e+00 -4.429446918071866968e+00 9.810000000008180621e+00
6.240000000000000213e+00 -4.429446918071785255e+00 9.810000000007818244e+00
6.250000000000000000e+00 -4.429446918071707096e+00 9.810000000007471854e+00
6.259999999999999787e+00 -4.429446918071632489e+00 9.810000000007141452e+00
6.270000000000000462e+00 -4.429446918071561434e+00 9.810000000006827037e+00
6.280000000000000249e+00 -4.429446918071493045e+00 9.810000000006523280e+00
6.290000000000000036e+00 -4.429446918071428207e+00 9.810000000006237286e+00
6.299999999999999822e+00 -4.429446918071366035e+00 9.810000000005961951e+00
6.310000000000000497e+00 -4.429446918071306527e+00 9.810000000005697274e+00
6.320000000000000284e+00 -4.429446918071249684e+00 9.810000000005446807e+00
6.330000000000000071e+00 -4.429446918071195505e+00 9.810000000005205223e+00
6.339999999999999858e+00 -4.429446918071143102e+00 9.810000000004974297e+00
6.350000000000000533e+00 -4.429446918071093364e+00 9.810000000004754028e+00
6.360000000000000320e+00 -4.429446918071045403e+00 9.810000000004540865e+00
6.370000000000000107e+00 -4.429446918071000105e+00 9.810000000004340137e+00
6.379999999999999893e+00 -4.429446918070956585e+00 9.810000000004148291e+00
6.390000000000000568e+00 -4.429446918070914840e+00 9.810000000003963549e+00
6.400000000000000355e+00 -4.429446918070874872e+00 9.810000000003785914e+00
6.410000000000000142e+00 -4.429446918070836681e+00 9.810000000003617160e+00
6.419999999999999929e+00 -4.429446918070800265e+00 9.810000000003455511e+00
6.429999999999999716e+00 -4.429446918070765626e+00 9.810000000003302745e+00
6.440000000000000391e+00 -4.429446918070732764e+00 9.810000000003157083e+00
6.450000000000000178e+00 -4.429446918070700789e+00 9.810000000003014975e+00
6.459999999999999964e+00 -4.429446918070670591e+00 9.810000000002881748e+00
6.469999999999999751e+00 -4.429446918070642170e+00 9.810000000002755627e+00
6.480000000000000426e+00 -4.429446918070614636e+00 9.810000000002633058e+00
6.490000000000000213e+00 -4.429446918070587991e+00 9.810000000002515819e+00
6.500000000000000000e+00 -4.429446918070563122e+00 9.810000000002405685e+00
6.509999999999999787e+00 -4.429446918070539141e+00 9.810000000002299103e+00
6.520000000000000462e+00 -4.429446918070516048e+00 9.810000000002196074e+00
6.530000000000000249e+00 -4.429446918070493844e+00 9.810000000002098375e+00
6.540000000000000036e+00 -4.429446918070472528e+00 9.810000000002004228e+00
6.549999999999999822e+00 -4.429446918070452099e+00 9.810000000001913634e+00
6.560000000000000497e+00 -4.429446918070432559e+00 9.810000000001826592e+00
6.570000000000000284e+00 -4.429446918070413908e+00 9.810000000001744880e+00
6.580000000000000071e+00 -4.429446918070396144e+00 9.810000000001664944e+00
6.589999999999999858e+00 -4.429446918070379269e+00 9.810000000001590337e+00
6.600000000000000533e+00 -4.429446918070363282e+00 9.810000000001519282e+00
6.610000000000000320e+00 -4.429446918070348183e+00 9.810000000001453557e+00
6.620000000000000107e+00 -4.429446918070333972e+00 9.810000000001389608e+00
6.629999999999999893e+00 -4.429446918070319761e+00 9.810000000001327436e+00
6.640000000000000568e+00 -4.429446918070306438e+00 9.810000000001268816e+00
6.650000000000000355e+00 -4.429446918070294004e+00 9.810000000001213749e+00
6.660000000000000142e+00 -4.429446918070281569e+00 9.810000000001158682e+00
6.669999999999999929e+00 -4.429446918070270023e+00 9.810000000001107168e+00
6.679999999999999716e+00 -4.429446918070259365e+00 9.810000000001059206e+00
6.690000000000000391e+00 -4.429446918070248707e+00 9.810000000001013021e+00
6.700000000000000178e+00 -4.429446918070238937e+00 9.810000000000968612e+00
6.709999999999999964e+00 -4.429446918070229167e+00 9.810000000000925979e+00
6.719999999999999751e+00 -4.429446918070220285e+00 9.810000000000886899e+00
6.730000000000000426e+00 -4.429446918070211403e+00 9.810000000000847820e+00
6.740000000000000213e+00 -4.429446918070202521e+00 9.810000000000806963e+00
6.750000000000000000e+00 -4.429446918070194528e+00 9.810000000000771436e+00
6.759999999999999787e+00 -4.429446918070186534e+00 9.810000000000737685e+00
6.770000000000000462e+00 -4.429446918070179429e+00 9.810000000000705711e+00
6.780000000000000249e+00 -4.429446918070172323e+00 9.810000000000673737e+00
6.790000000000000036e+00 -4.429446918070165218e+00 9.810000000000641762e+00
6.799999999999999822e+00 -4.429446918070159001e+00 9.810000000000615117e+00
6.810000000000000497e+00 -4.429446918070152783e+00 9.810000000000586695e+00
6.820000000000000284e+00 -4.429446918070146566e+00 9.810000000000560050e+00
6.830000000000000071e+00 -4.429446918070141237e+00 9.810000000000536957e+00
6.839999999999999858e+00 -4.429446918070135908e+00 9.810000000000512088e+00
6.850000000000000533e+00 -4.429446918070130579e+00 9.810000000000488996e+00
6.860000000000000320e+00 -4.429446918070125250e+00 9.810000000000465903e+00
6.870000000000000107e+00 -4.429446918070120809e+00 9.810000000000446363e+00
6.879999999999999893e+00 -4.429446918070116368e+00 9.810000000000426823e+00
6.890000000000000568e+00 -4.429446918070111927e+00 9.810000000000407283e+00
6.900000000000000355e+00 -4.429446918070107486e+00 9.810000000000385967e+00
6.910000000000000142e+00 -4.429446918070103933e+00 9.810000000000371756e+00
6.919999999999999929e+00 -4.429446918070100381e+00 9.810000000000355769e+00
6.929999999999999716e+00 -4.429446918070096828e+00 9.810000000000339782e+00
6.940000000000000391e+00 -4.429446918070093275e+00 9.810000000000323794e+00
6.950000000000000178e+00 -4.429446918070089723e+00 9.810000000000307807e+00
6.959999999999999964e+00 -4.429446918070087058e+00 9.810000000000297149e+00
6.969999999999999751e+00 -4.429446918070084394e+00 9.810000000000284714e+00
6.980000000000000426e+00 -4.429446918070081729e+00 9.810000000000272280e+00
6.990000000000000213e+00 -4.429446918070079064e+00 9.810000000000261622e+00
7.000000000000000000e+00 -4.429446918070076400e+00 9.810000000000249187e+00
7.009999999999999787e+00 -4.429446918070073735e+00 9.810000000000236753e+00
7.020000000000000462e+00 -4.429446918070071071e+00 9.810000000000226095e+00
7.030000000000000249e+00 -4.429446918070068406e+00 9.810000000000213660e+00
7.040000000000000036e+00 -4.429446918070066630e+00 9.810000000000206555e+00
7.049999999999999822e+00 -4.429446918070064854e+00 9.810000000000197673e+00
7.060000000000000497e+00 -4.429446918070063077e+00 9.810000000000190568e+00
7.070000000000000284e+00 -4.429446918070061301e+00 9.810000000000181686e+00
7.080000000000000071e+00 -4.429446918070059525e+00 9.810000000000174580e+00
7.089999999999999858e+00 -4.429446918070057748e+00 9.810000000000165699e+00
7.100000000000000533e+00 -4.429446918070055972e+00 9.810000000000158593e+00
7.110000000000000320e+00 -4.429446918070054195e+00 9.810000000000151488e+00
7.120000000000000107e+00 -4.429446918070052419e+00 9.810000000000142606e+00
7.129999999999999893e+00 -4.429446918070050643e+00 9.810000000000135500e+00
7.140000000000000568e+00 -4.429446918070048866e+00 9.810000000000126619e+00
7.150000000000000355e+00 -4.429446918070047978e+00 9.810000000000123066e+00
7.160000000000000142e+00 -4.429446918070047090e+00 9.810000000000119513e+00
7.169999999999999929e+00 -4.429446918070046202e+00 9.810000000000115961e+00
7.179999999999999716e+00 -4.429446918070045314e+00 9.810000000000110632e+00
7.190000000000000391e+00 -4.429446918070044426e+00 9.810000000000107079e+00
7.200000000000000178e+00 -4.429446918070043537e+00 9.810000000000103526e+00
7.209999999999999964e+00 -4.429446918070042649e+00 9.810000000000099973e+00
7.219999999999999751e+00 -4.429446918070041761e+00 9.810000000000096421e+00
7.230000000000000426e+00 -4.429446918070040873e+00 9.810000000000091092e+00
7.240000000000000213e+00 -4.429446918070039985e+00 9.810000000000087539e+00
7.250000000000000000e+00 -4.429446918070039096e+00 9.810000000000083986e+00
7.259999999999999787e+00 -4.429446918070038208e+00 9.810000000000080433e+00
7.270000000000000462e+00 -4.429446918070037320e+00 9.810000000000075104e+00
7.280000000000000249e+00 -4.429446918070036432e+00 9.810000000000071552e+00
7.290000000000000036e+00 -4.429446918070035544e+00 9.810000000000067999e+00
7.299999999999999822e+00 -4.429446918070034656e+00 9.810000000000064446e+00
7.310000000000000497e+00 -4.429446918070033767e+00 9.810000000000060894e+00
7.320000000000000284e+00 -4.429446918070032879e+00 9.810000000000055564e+00
7.330000000000000071e+00 -4.429446918070031991e+00 9.810000000000052012e+00
7.339999999999999858e+00 -4.429446918070031103e+00 9.810000000000048459e+00
7.350000000000000533e+00 -4.429446918070030215e+00 9.810000000000044906e+00
7.360000000000000320e+00 -4.429446918070029326e+00 9.810000000000041354e+00
7.370000000000000107e+00 -4.429446918070029326e+00 9.810000000000041354e+00
7.379999999999999893e+00 -4.429446918070029326e+00 9.810000000000041354e+00
7.390000000000000568e+00 -4.429446918070029326e+00 9.810000000000041354e+00
7.400000000000000355e+00 -4.429446918070029326e+00 9.810000000000041354e+00
7.410000000000000142e+00 -4.429446918070029326e+00 9.810000000000041354e+00
7.419999999999999929e+00 -4.429446918070029326e+00 9.810000000000041354e+00
7.429999999999999716e+00 -4.429446918070029326e+00 9.810000000000041354e+00
7.440000000000000391e+00 -4.429446918070029326e+00 9.810000000000041354e+00
7.450000000000000178e+00 -4.429446918070029326e+00 9.810000000000041354e+00
7.459999999999999964e+00 -4.429446918070029326e+00 9.810000000000041354e+00
7.469999999999999751e+00 -4.429446918070029326e+00 9.810000000000041354e+00
7.480000000000000426e+00 -4.429446918070029326e+00 9.810000000000041354e+00
7.490000000000000213e+00 -4.429446918070029326e+00 9.810000000000041354e+00
7.500000000000000000e+00 -4.429446918070029326e+00 9.810000000000041354e+00
7.509999999999999787e+00 -4.429446918070029326e+00 9.810000000000041354e+00
7.520000000000000462e+00 -4.429446918070029326e+00 9.810000000000041354e+00
7.530000000000000249e+00 -4.429446918070029326e+00 9.810000000000041354e+00
7.540000000000000036e+00 -4.429446918070029326e+00 9.810000000000041354e+00
7.549999999999999822e+00 -4.429446918070029326e+00 9.810000000000041354e+00
7.560000000000000497e+00 -4.429446918070029326e+00 9.810000000000041354e+00
7.570000000000000284e+00 -4.429446918070029326e+00 9.810000000000041354e+00
7.580000000000000071e+00 -4.429446918070029326e+00 9.810000000000041354e+00
7.589999999999999858e+00 -4.429446918070029326e+00 9.810000000000041354e+00
7.600000000000000533e+00 -4.429446918070029326e+00 9.810000000000041354e+00
7.610000000000000320e+00 -4.429446918070029326e+00 9.810000000000041354e+00
7.620000000000000107e+00 -4.429446918070029326e+00 9.810000000000041354e+00
7.629999999999999893e+00 -4.429446918070029326e+00 9.810000000000041354e+00
7.640000000000000568e+00 -4.429446918070029326e+00 9.810000000000041354e+00
7.650000000000000355e+00 -4.429446918070029326e+00 9.810000000000041354e+00
7.660000000000000142e+00 -4.429446918070029326e+00 9.810000000000041354e+00
7.669999999999999929e+00 -4.429446918070029326e+00 9.810000000000041354e+00
7.679999999999999716e+00 -4.429446918070029326e+00 9.810000000000041354e+00
7.690000000000000391e+00 -4.429446918070029326e+00 9.810000000000041354e+00
7.700000000000000178e+00 -4.429446918070029326e+00 9.810000000000041354e+00
7.709999999999999964e+00 -4.429446918070029326e+00 9.810000000000041354e+00
7.719999999999999751e+00 -4.429446918070029326e+00 9.810000000000041354e+00
7.730000000000000426e+00 -4.429446918070029326e+00 9.810000000000041354e+00
7.740000000000000213e+00 -4.429446918070029326e+00 9.810000000000041354e+00
7.750000000000000000e+00 -4.429446918070029326e+00 9.810000000000041354e+00
7.759999999999999787e+00 -4.429446918070029326e+00 9.810000000000041354e+00
7.770000000000000462e+00 -4.429446918070029326e+00 9.810000000000041354e+00
7.780000000000000249e+00 -4.429446918070029326e+00 9.810000000000041354e+00
7.790000000000000036e+00 -4.429446918070029326e+00 9.810000000000041354e+00
7.799999999999999822e+00 -4.429446918070029326e+00 9.810000000000041354e+00
7.810000000000000497e+00 -4.429446918070029326e+00 9.810000000000041354e+00
7.820000000000000284e+00 -4.429446918070029326e+00 9.810000000000041354e+00
7.830000000000000071e+00 -4.429446918070029326e+00 9.810000000000041354e+00
7.839999999999999858e+00 -4.429446918070029326e+00 9.810000000000041354e+00
7.850000000000000533e+00 -4.429446918070029326e+00 9.810000000000041354e+00
7.860000000000000320e+00 -4.429446918070029326e+00 9.810000000000041354e+00
7.870000000000000107e+00 -4.429446918070029326e+00 9.810000000000041354e+00
7.879999999999999893e+00 -4.429446918070029326e+00 9.810000000000041354e+00
7.890000000000000568e+00 -4.429446918070029326e+00 9.810000000000041354e+00
7.900000000000000355e+00 -4.429446918070029326e+00 9.810000000000041354e+00
7.910000000000000142e+00 -4.429446918070029326e+00 9.810000000000041354e+00
7.919999999999999929e+00 -4.429446918070029326e+00 9.810000000000041354e+00
7.930000000000000604e+00 -4.429446918070029326e+00 9.810000000000041354e+00
7.940000000000000391e+00 -4.429446918070029326e+00 9.810000000000041354e+00
7.950000000000000178e+00 -4.429446918070029326e+00 9.810000000000041354e+00
7.959999999999999964e+00 -4.429446918070029326e+00 9.810000000000041354e+00
7.969999999999999751e+00 -4.429446918070029326e+00 9.810000000000041354e+00
7.980000000000000426e+00 -4.429446918070029326e+00 9.810000000000041354e+00
7.990000000000000213e+00 -4.429446918070029326e+00 9.810000000000041354e+00
8.000000000000000000e+00 -4.429446918070029326e+00 9.810000000000041354e+00
8.009999999999999787e+00 -4.429446918070029326e+00 9.810000000000041354e+00
8.019999999999999574e+00 -4.429446918070029326e+00 9.810000000000041354e+00
8.029999999999999361e+00 -4.429446918070029326e+00 9.810000000000041354e+00
8.040000000000000924e+00 -4.429446918070029326e+00 9.810000000000041354e+00
8.050000000000000711e+00 -4.429446918070029326e+00 9.810000000000041354e+00
8.060000000000000497e+00 -4.429446918070029326e+00 9.810000000000041354e+00
8.070000000000000284e+00 -4.429446918070029326e+00 9.810000000000041354e+00
8.080000000000000071e+00 -4.429446918070029326e+00 9.810000000000041354e+00
8.089999999999999858e+00 -4.429446918070029326e+00 9.810000000000041354e+00
8.099999999999999645e+00 -4.429446918070029326e+00 9.810000000000041354e+00
8.109999999999999432e+00 -4.429446918070029326e+00 9.810000000000041354e+00
8.120000000000000995e+00 -4.429446918070029326e+00 9.810000000000041354e+00
8.130000000000000782e+00 -4.429446918070029326e+00 9.810000000000041354e+00
8.140000000000000568e+00 -4.429446918070029326e+00 9.810000000000041354e+00
8.150000000000000355e+00 -4.429446918070029326e+00 9.810000000000041354e+00
8.160000000000000142e+00 -4.429446918070029326e+00 9.810000000000041354e+00
8.169999999999999929e+00 -4.429446918070029326e+00 9.810000000000041354e+00
8.179999999999999716e+00 -4.429446918070029326e+00 9.810000000000041354e+00
8.189999999999999503e+00 -4.429446918070029326e+00 9.810000000000041354e+00
8.199999999999999289e+00 -4.429446918070029326e+00 9.810000000000041354e+00
8.210000000000000853e+00 -4.429446918070029326e+00 9.810000000000041354e+00
8.220000000000000639e+00 -4.429446918070029326e+00 9.810000000000041354e+00
8.230000000000000426e+00 -4.429446918070029326e+00 9.810000000000041354e+00
8.240000000000000213e+00 -4.429446918070029326e+00 9.810000000000041354e+00
8.250000000000000000e+00 -4.429446918070029326e+00 9.810000000000041354e+00
8.259999999999999787e+00 -4.429446918070029326e+00 9.810000000000041354e+00
8.269999999999999574e+00 -4.429446918070029326e+00 9.810000000000041354e+00
8.279999999999999361e+00 -4.429446918070029326e+00 9.810000000000041354e+00
8.290000000000000924e+00 -4.429446918070029326e+00 9.810000000000041354e+00
8.300000000000000711e+00 -4.429446918070029326e+00 9.810000000000041354e+00
8.310000000000000497e+00 -4.429446918070029326e+00 9.810000000000041354e+00
8.320000000000000284e+00 -4.429446918070029326e+00 9.810000000000041354e+00
8.330000000000000071e+00 -4.429446918070029326e+00 9.810000000000041354e+00
8.339999999999999858e+00 -4.429446918070029326e+00 9.810000000000041354e+00
8.349999999999999645e+00 -4.429446918070029326e+00 9.810000000000041354e+00
8.359999999999999432e+00 -4.429446918070029326e+00 9.810000000000041354e+00
8.370000000000000995e+00 -4.429446918070029326e+00 9.810000000000041354e+00
8.380000000000000782e+00 -4.429446918070029326e+00 9.810000000000041354e+00
8.390000000000000568e+00 -4.429446918070029326e+00 9.810000000000041354e+00
8.400000000000000355e+00 -4.429446918070029326e+00 9.810000000000041354e+00
8.410000000000000142e+00 -4.429446918070029326e+00 9.810000000000041354e+00
8.419999999999999929e+00 -4.429446918070029326e+00 9.810000000000041354e+00
8.429999999999999716e+00 -4.429446918070029326e+00 9.810000000000041354e+00
8.439999999999999503e+00 -4.429446918070029326e+00 9.810000000000041354e+00
8.449999999999999289e+00 -4.429446918070029326e+00 9.810000000000041354e+00
8.460000000000000853e+00 -4.429446918070029326e+00 9.810000000000041354e+00
8.470000000000000639e+00 -4.429446918070029326e+00 9.810000000000041354e+00
8.480000000000000426e+00 -4.429446918070029326e+00 9.810000000000041354e+00
8.490000000000000213e+00 -4.429446918070029326e+00 9.810000000000041354e+00
8.500000000000000000e+00 -4.429446918070029326e+00 9.810000000000041354e+00
8.509999999999999787e+00 -4.429446918070029326e+00 9.810000000000041354e+00
8.519999999999999574e+00 -4.429446918070029326e+00 9.810000000000041354e+00
8.529999999999999361e+00 -4.429446918070029326e+00 9.810000000000041354e+00
8.540000000000000924e+00 -4.429446918070029326e+00 9.810000000000041354e+00
8.550000000000000711e+00 -4.429446918070029326e+00 9.810000000000041354e+00
8.560000000000000497e+00 -4.429446918070029326e+00 9.810000000000041354e+00
8.570000000000000284e+00 -4.429446918070029326e+00 9.810000000000041354e+00
8.580000000000000071e+00 -4.429446918070029326e+00 9.810000000000041354e+00
8.589999999999999858e+00 -4.429446918070029326e+00 9.810000000000041354e+00
8.599999999999999645e+00 -4.429446918070029326e+00 9.810000000000041354e+00
8.609999999999999432e+00 -4.429446918070029326e+00 9.810000000000041354e+00
8.620000000000000995e+00 -4.429446918070029326e+00 9.810000000000041354e+00
8.630000000000000782e+00 -4.429446918070029326e+00 9.810000000000041354e+00
8.640000000000000568e+00 -4.429446918070029326e+00 9.810000000000041354e+00
8.650000000000000355e+00 -4.429446918070029326e+00 9.810000000000041354e+00
8.660000000000000142e+00 -4.429446918070029326e+00 9.810000000000041354e+00
8.669999999999999929e+00 -4.429446918070029326e+00 9.810000000000041354e+00
8.679999999999999716e+00 -4.429446918070029326e+00 9.810000000000041354e+00
8.689999999999999503e+00 -4.429446918070029326e+00 9.810000000000041354e+00
8.700000000000001066e+00 -4.429446918070029326e+00 9.810000000000041354e+00
8.710000000000000853e+00 -4.429446918070029326e+00 9.810000000000041354e+00
8.720000000000000639e+00 -4.429446918070029326e+00 9.810000000000041354e+00
8.730000000000000426e+00 -4.429446918070029326e+00 9.810000000000041354e+00
8.740000000000000213e+00 -4.429446918070029326e+00 9.810000000000041354e+00
8.750000000000000000e+00 -4.429446918070029326e+00 9.810000000000041354e+00
8.759999999999999787e+00 -4.429446918070029326e+00 9.810000000000041354e+00
8.769999999999999574e+00 -4.429446918070029326e+00 9.810000000000041354e+00
8.779999999999999361e+00 -4.429446918070029326e+00 9.810000000000041354e+00
8.790000000000000924e+00 -4.429446918070029326e+00 9.810000000000041354e+00
8.800000000000000711e+00 -4.429446918070029326e+00 9.810000000000041354e+00
8.810000000000000497e+00 -4.429446918070029326e+00 9.810000000000041354e+00
8.820000000000000284e+00 -4.429446918070029326e+00 9.810000000000041354e+00
8.830000000000000071e+00 -4.429446918070029326e+00 9.810000000000041354e+00
8.839999999999999858e+00 -4.429446918070029326e+00 9.810000000000041354e+00
8.849999999999999645e+00 -4.429446918070029326e+00 9.810000000000041354e+00
8.859999999999999432e+00 -4.429446918070029326e+00 9.810000000000041354e+00
8.870000000000000995e+00 -4.429446918070029326e+00 9.810000000000041354e+00
8.880000000000000782e+00 -4.429446918070029326e+00 9.810000000000041354e+00
8.890000000000000568e+00 -4.429446918070029326e+00 9.810000000000041354e+00
8.900000000000000355e+00 -4.429446918070029326e+00 9.810000000000041354e+00
8.910000000000000142e+00 -4.429446918070029326e+00 9.810000000000041354e+00
8.919999999999999929e+00 -4.429446918070029326e+00 9.810000000000041354e+00
8.929999999999999716e+00 -4.429446918070029326e+00 9.810000000000041354e+00
8.939999999999999503e+00 -4.429446918070029326e+00 9.810000000000041354e+00
8.950000000000001066e+00 -4.429446918070029326e+00 9.810000000000041354e+00
8.960000000000000853e+00 -4.429446918070029326e+00 9.810000000000041354e+00
8.970000000000000639e+00 -4.429446918070029326e+00 9.810000000000041354e+00
8.980000000000000426e+00 -4.429446918070029326e+00 9.810000000000041354e+00
8.990000000000000213e+00 -4.429446918070029326e+00 9.810000000000041354e+00
9.000000000000000000e+00 -4.429446918070029326e+00 9.810000000000041354e+00
9.009999999999999787e+00 -4.429446918070029326e+00 9.810000000000041354e+00
9.019999999999999574e+00 -4.429446918070029326e+00 9.810000000000041354e+00
9.029999999999999361e+00 -4.429446918070029326e+00 9.810000000000041354e+00
9.040000000000000924e+00 -4.429446918070029326e+00 9.810000000000041354e+00
9.050000000000000711e+00 -4.429446918070029326e+00 9.810000000000041354e+00
9.060000000000000497e+00 -4.429446918070029326e+00 9.810000000000041354e+00
9.070000000000000284e+00 -4.429446918070029326e+00 9.810000000000041354e+00
9.080000000000000071e+00 -4.429446918070029326e+00 9.810000000000041354e+00
9.089999999999999858e+00 -4.429446918070029326e+00 9.810000000000041354e+00
9.099999999999999645e+00 -4.429446918070029326e+00 9.810000000000041354e+00
9.109999999999999432e+00 -4.429446918070029326e+00 9.810000000000041354e+00
9.120000000000000995e+00 -4.429446918070029326e+00 9.810000000000041354e+00
9.130000000000000782e+00 -4.429446918070029326e+00 9.810000000000041354e+00
9.140000000000000568e+00 -4.429446918070029326e+00 9.810000000000041354e+00
9.150000000000000355e+00 -4.429446918070029326e+00 9.810000000000041354e+00
9.160000000000000142e+00 -4.429446918070029326e+00 9.810000000000041354e+00
9.169999999999999929e+00 -4.429446918070029326e+00 9.810000000000041354e+00
9.179999999999999716e+00 -4.429446918070029326e+00 9.810000000000041354e+00
9.189999999999999503e+00 -4.429446918070029326e+00 9.810000000000041354e+00
9.200000000000001066e+00 -4.429446918070029326e+00 9.810000000000041354e+00
9.210000000000000853e+00 -4.429446918070029326e+00 9.810000000000041354e+00
9.220000000000000639e+00 -4.429446918070029326e+00 9.810000000000041354e+00
9.230000000000000426e+00 -4.429446918070029326e+00 9.810000000000041354e+00
9.240000000000000213e+00 -4.429446918070029326e+00 9.810000000000041354e+00
9.250000000000000000e+00 -4.429446918070029326e+00 9.810000000000041354e+00
9.259999999999999787e+00 -4.429446918070029326e+00 9.810000000000041354e+00
9.269999999999999574e+00 -4.429446918070029326e+00 9.810000000000041354e+00
9.279999999999999361e+00 -4.429446918070029326e+00 9.810000000000041354e+00
9.290000000000000924e+00 -4.429446918070029326e+00 9.810000000000041354e+00
9.300000000000000711e+00 -4.429446918070029326e+00 9.810000000000041354e+00
9.310000000000000497e+00 -4.429446918070029326e+00 9.810000000000041354e+00
9.320000000000000284e+00 -4.429446918070029326e+00 9.810000000000041354e+00
9.330000000000000071e+00 -4.429446918070029326e+00 9.810000000000041354e+00
9.339999999999999858e+00 -4.429446918070029326e+00 9.810000000000041354e+00
9.349999999999999645e+00 -4.429446918070029326e+00 9.810000000000041354e+00
9.359999999999999432e+00 -4.429446918070029326e+00 9.810000000000041354e+00
9.370000000000000995e+00 -4.429446918070029326e+00 9.810000000000041354e+00
9.380000000000000782e+00 -4.429446918070029326e+00 9.810000000000041354e+00
9.390000000000000568e+00 -4.429446918070029326e+00 9.810000000000041354e+00
9.400000000000000355e+00 -4.429446918070029326e+00 9.810000000000041354e+00
9.410000000000000142e+00 -4.429446918070029326e+00 9.810000000000041354e+00
9.419999999999999929e+00 -4.429446918070029326e+00 9.810000000000041354e+00
9.429999999999999716e+00 -4.429446918070029326e+00 9.810000000000041354e+00
9.439999999999999503e+00 -4.429446918070029326e+00 9.810000000000041354e+00
9.450000000000001066e+00 -4.429446918070029326e+00 9.810000000000041354e+00
9.460000000000000853e+00 -4.429446918070029326e+00 9.810000000000041354e+00
9.470000000000000639e+00 -4.429446918070029326e+00 9.810000000000041354e+00
9.480000000000000426e+00 -4.429446918070029326e+00 9.810000000000041354e+00
9.490000000000000213e+00 -4.429446918070029326e+00 9.810000000000041354e+00
9.500000000000000000e+00 -4.429446918070029326e+00 9.810000000000041354e+00
9.509999999999999787e+00 -4.429446918070029326e+00 9.810000000000041354e+00
9.519999999999999574e+00 -4.429446918070029326e+00 9.810000000000041354e+00
9.529999999999999361e+00 -4.429446918070029326e+00 9.810000000000041354e+00
9.540000000000000924e+00 -4.429446918070029326e+00 9.810000000000041354e+00
9.550000000000000711e+00 -4.429446918070029326e+00 9.810000000000041354e+00
9.560000000000000497e+00 -4.429446918070029326e+00 9.810000000000041354e+00
9.570000000000000284e+00 -4.429446918070029326e+00 9.810000000000041354e+00
9.580000000000000071e+00 -4.429446918070029326e+00 9.810000000000041354e+00
9.589999999999999858e+00 -4.429446918070029326e+00 9.810000000000041354e+00
9.599999999999999645e+00 -4.429446918070029326e+00 9.810000000000041354e+00
9.609999999999999432e+00 -4.429446918070029326e+00 9.810000000000041354e+00
9.620000000000000995e+00 -4.429446918070029326e+00 9.810000000000041354e+00
9.630000000000000782e+00 -4.429446918070029326e+00 9.810000000000041354e+00
9.640000000000000568e+00 -4.429446918070029326e+00 9.810000000000041354e+00
9.650000000000000355e+00 -4.429446918070029326e+00 9.810000000000041354e+00
9.660000000000000142e+00 -4.429446918070029326e+00 9.810000000000041354e+00
9.669999999999999929e+00 -4.429446918070029326e+00 9.810000000000041354e+00
9.679999999999999716e+00 -4.429446918070029326e+00 9.810000000000041354e+00
9.689999999999999503e+00 -4.429446918070029326e+00 9.810000000000041354e+00
9.700000000000001066e+00 -4.429446918070029326e+00 9.810000000000041354e+00
9.710000000000000853e+00 -4.429446918070029326e+00 9.810000000000041354e+00
9.720000000000000639e+00 -4.429446918070029326e+00 9.810000000000041354e+00
9.730000000000000426e+00 -4.429446918070029326e+00 9.810000000000041354e+00
9.740000000000000213e+00 -4.429446918070029326e+00 9.810000000000041354e+00
9.750000000000000000e+00 -4.429446918070029326e+00 9.810000000000041354e+00
9.759999999999999787e+00 -4.429446918070029326e+00 9.810000000000041354e+00
9.769999999999999574e+00 -4.429446918070029326e+00 9.810000000000041354e+00
9.779999999999999361e+00 -4.429446918070029326e+00 9.810000000000041354e+00
9.790000000000000924e+00 -4.429446918070029326e+00 9.810000000000041354e+00
9.800000000000000711e+00 -4.429446918070029326e+00 9.810000000000041354e+00
9.810000000000000497e+00 -4.429446918070029326e+00 9.810000000000041354e+00
9.820000000000000284e+00 -4.429446918070029326e+00 9.810000000000041354e+00
9.830000000000000071e+00 -4.429446918070029326e+00 9.810000000000041354e+00
9.839999999999999858e+00 -4.429446918070029326e+00 9.810000000000041354e+00
9.849999999999999645e+00 -4.429446918070029326e+00 9.810000000000041354e+00
9.859999999999999432e+00 -4.429446918070029326e+00 9.810000000000041354e+00
9.870000000000000995e+00 -4.429446918070029326e+00 9.810000000000041354e+00
9.880000000000000782e+00 -4.429446918070029326e+00 9.810000000000041354e+00
9.890000000000000568e+00 -4.429446918070029326e+00 9.810000000000041354e+00
9.900000000000000355e+00 -4.429446918070029326e+00 9.810000000000041354e+00
9.910000000000000142e+00 -4.429446918070029326e+00 9.810000000000041354e+00
9.919999999999999929e+00 -4.429446918070029326e+00 9.810000000000041354e+00
9.929999999999999716e+00 -4.429446918070029326e+00 9.810000000000041354e+00
9.939999999999999503e+00 -4.429446918070029326e+00 9.810000000000041354e+00
9.950000000000001066e+00 -4.429446918070029326e+00 9.810000000000041354e+00
9.960000000000000853e+00 -4.429446918070029326e+00 9.810000000000041354e+00
9.970000000000000639e+00 -4.429446918070029326e+00 9.810000000000041354e+00
9.980000000000000426e+00 -4.429446918070029326e+00 9.810000000000041354e+00
9.990000000000000213e+00 -4.429446918070029326e+00 9.810000000000041354e+00
