0.000000000000000000e+00 0.000000000000000000e+00 0.000000000000000000e+00
1.000000000000000021e-02 -9.810000000000000664e-02 4.811805000000000596e-03
2.000000000000000042e-02 -1.961518819500000232e-01 1.923778039626337227e-02
2.999999999999999889e-02 -2.940595041460373760e-01 4.323549598930668397e-02
4.000000000000000083e-02 -3.917271491861443189e-01 7.672507970475188344e-02
5.000000000000000278e-02 -4.890598983890968032e-01 1.195897921061768454e-01
5.999999999999999778e-02 -5.859640004680350955e-01 1.716769049222517107e-01
7.000000000000000666e-02 -6.823472314188125942e-01 2.327988721124592819e-01
8.000000000000000167e-02 -7.781192426976879517e-01 3.027347779282116846e-01
8.999999999999999667e-02 -8.731918949184058754e-01 3.812320426755981817e-01
1.000000000000000056e-01 -9.674795744916498963e-01 4.680083635292719979e-01
1.100000000000000006e-01 -1.060899490856357152e+00 5.627538648496389628e-01
1.199999999999999956e-01 -1.153371952207860707e+00 6.651334300698859003e-01
1.300000000000000044e-01 -1.244820617907161919e+00 7.747891853833842601e-01
1.400000000000000133e-01 -1.335172726053328152e+00 8.913431041983378433e-01
1.499999999999999944e-01 -1.424359295011344839e+00 1.014399700642607538e+00
1.600000000000000033e-01 -1.512315298004918818e+00 1.143548780289853184e+00
1.700000000000000122e-01 -1.598979810202020291e+00 1.278368216716844419e+00
1.799999999999999933e-01 -1.684296128034851847e+00 1.418426723456597038e+00
1.900000000000000022e-01 -1.768211860800285917e+00 1.563286592337404857e+00
2.000000000000000111e-01 -1.850678994876911787e+00 1.712506371039308251e+00
2.099999999999999922e-01 -1.931653931166518623e+00 1.865643454895532738e+00
2.200000000000000011e-01 -2.011097496617563429e+00 2.022256570450715163e+00
2.300000000000000100e-01 -2.088974930913056305e+00 2.181908130991604189e+00
2.399999999999999911e-01 -2.165255849603140437e+00 2.344166447120308749e+00
2.500000000000000000e-01 -2.239914185131937518e+00 2.508607778377635711e+00
2.600000000000000089e-01 -2.312928107348161344e+00 2.674818214880573919e+00
2.700000000000000178e-01 -2.384279925199355610e+00 2.842395380854322529e+00
2.800000000000000266e-01 -2.453955971390812341e+00 3.010949954762312863e+00
2.899999999999999800e-01 -2.521946471843189208e+00 3.180107003421154932e+00
2.999999999999999889e-01 -2.588245401808977775e+00 3.349507129992658427e+00
3.099999999999999978e-01 -2.652850330509051169e+00 3.518807438040990831e+00
3.200000000000000067e-01 -2.715762256128641194e+00 3.687682315906463781e+00
3.300000000000000155e-01 -2.776985432969576451e+00 3.855824047462613091e+00
3.400000000000000244e-01 -2.836527192494950445e+00 4.022943256881642782e+00
3.500000000000000333e-01 -2.894397759926134128e+00 4.188769196332711608e+00
3.599999999999999867e-01 -2.950610067962807115e+00 4.353049886581740857e+00
3.699999999999999956e-01 -3.005179569096989578e+00 4.515552121258983753e+00
3.800000000000000044e-01 -3.058124047884399843e+00 4.676061346124433804e+00
3.900000000000000133e-01 -3.109463434423155537e+00 4.834381425007323152e+00
4.000000000000000222e-01 -3.159219620173082443e+00 4.990334304243277508e+00
4.100000000000000311e-01 -3.207416277130649807e+00 5.143759587401318889e+00
4.199999999999999845e-01 -3.254078681256636685e+00 5.294514031904466123e+00
4.299999999999999933e-01 -3.299233540937592135e+00 5.442470978823800820e+00
4.400000000000000022e-01 -3.342908831149354221e+00 5.587519726688170429e+00
4.500000000000000111e-01 -3.385133633882472459e+00 5.729564859621176787e+00
4.600000000000000200e-01 -3.425937985286260812e+00 5.868525539513641753e+00
4.700000000000000289e-01 -3.465352729891124195e+00 6.004334771281933492e+00
4.799999999999999822e-01 -3.503409382178304998e+00 6.136938649567486692e+00
4.899999999999999911e-01 -3.540139995682630047e+00 6.266295594515906231e+00
5.000000000000000000e-01 -3.575577039737471097e+00 6.392375583548888685e+00
5.100000000000000089e-01 -3.609753283901982357e+00 6.515159385320572483e+00
5.200000000000000178e-01 -3.642701690048776531e+00 6.634637801342106123e+00
5.300000000000000266e-01 -3.674455312035355359e+00 6.750810920072420451e+00
5.400000000000000355e-01 -3.705047202834631292e+00 6.863687387616362656e+00
5.500000000000000444e-01 -3.734510328958467795e+00 6.973283698548741860e+00
5.600000000000000533e-01 -3.762877491972980160e+00 7.079623509798432579e+00
5.700000000000000622e-01 -3.790181256874995963e+00 7.182736979983261882e+00
5.799999999999999600e-01 -3.816453887075163198e+00 7.282660136085561398e+00
5.899999999999999689e-01 -3.841727285714307438e+00 7.379434268900910254e+00
5.999999999999999778e-01 -3.866032943025298430e+00 7.473105358278425037e+00
6.099999999999999867e-01 -3.889401889442514193e+00 7.563723528799499718e+00
6.199999999999999956e-01 -3.911864654154519005e+00 7.651342536211727108e+00
6.300000000000000044e-01 -3.933451228792401722e+00 7.736019284644227945e+00
6.400000000000000133e-01 -3.954191035945959332e+00 7.817813374377689861e+00
6.500000000000000222e-01 -3.974112902202182607e+00 7.896786679724927538e+00
6.600000000000000311e-01 -3.993245035404933141e+00 7.973002956393072438e+00
6.700000000000000400e-01 -4.011615005841002279e+00 8.046527477544351825e+00
6.800000000000000488e-01 -4.029249731065558393e+00 8.117426697645937494e+00
6.900000000000000577e-01 -4.046175464089099449e+00 8.185767943098319677e+00
7.000000000000000666e-01 -4.062417784658116204e+00 8.251619128553278060e+00
7.099999999999999645e-01 -4.078001593372583500e+00 8.315048497774665037e+00
7.199999999999999734e-01 -4.092951108394836446e+00 8.376124387855259812e+00
7.299999999999999822e-01 -4.107289864516284084e+00 8.434915015579097286e+00
7.399999999999999911e-01 -4.121040714360493240e+00 8.491488284708422540e+00
7.500000000000000000e-01 -4.134225831513409055e+00 8.545911612976368588e+00
7.600000000000000089e-01 -4.146866715383644930e+00 8.598251777578370891e+00
7.700000000000000178e-01 -4.158984197607860978e+00 8.648574777975952088e+00
7.800000000000000266e-01 -4.170598449828101906e+00 8.696945714854283693e+00
7.900000000000000355e-01 -4.181728992679558665e+00 8.743428684108398130e+00
8.000000000000000444e-01 -4.192394705838474955e+00 8.788086684771236889e+00
8.100000000000000533e-01 -4.202613838990762574e+00 8.830981539838337113e+00
8.200000000000000622e-01 -4.212404023592378977e+00 8.872173828988632494e+00
8.300000000000000711e-01 -4.221782285302492888e+00 8.911722832246969261e+00
8.399999999999999689e-01 -4.230765056980023253e+00 8.949686483681590587e+00
8.499999999999999778e-01 -4.239368192143206926e+00 8.986121334277781258e+00
8.599999999999999867e-01 -4.247606978800429367e+00 9.021082523177055279e+00
8.699999999999999956e-01 -4.255496153568659068e+00 9.054623756518825672e+00
8.800000000000000044e-01 -4.263049916003470940e+00 9.086797293168601186e+00
8.900000000000000133e-01 -4.270281943071784880e+00 9.117653936662469150e+00
9.000000000000000222e-01 -4.277205403705160336e+00 9.147243032742311541e+00
9.100000000000000311e-01 -4.283832973377736941e+00 9.175612471899171396e+00
9.200000000000000400e-01 -4.290176848658744824e+00 9.202808696383739218e+00
9.300000000000000488e-01 -4.296248761694907436e+00 9.228876711182513404e+00
9.400000000000000577e-01 -4.302059994583082414e+00 9.253860098496096143e+00
9.500000000000000666e-01 -4.307621393598121351e+00 9.277801035292110754e+00
9.599999999999999645e-01 -4.312943383245200657e+00 9.300740313539279214e+00
9.699999999999999734e-01 -4.318035980109807603e+00 9.322717362761434146e+00
9.799999999999999822e-01 -4.322908806482193000e+00 9.343770274580649016e+00
9.899999999999999911e-01 -4.327571103736386426e+00 9.363935828947083095e+00
1.000000000000000000e+00 -4.332031745446915494e+00 9.383249521779925217e+00
1.010000000000000009e+00 -4.336299250229115998e+00 9.401745593768795928e+00
1.020000000000000018e+00 -4.340381794291428008e+00 9.419457060108237911e+00
1.030000000000000027e+00 -4.344287223690345812e+00 9.436415740959587239e+00
1.040000000000000036e+00 -4.348023066280750193e+00 9.452652292454729377e+00
1.050000000000000044e+00 -4.351596543356202496e+00 9.468196238074824578e+00
1.060000000000000053e+00 -4.355014580975454130e+00 9.483076000254405002e+00
1.070000000000000062e+00 -4.358283820972910227e+00 9.497318932077115861e+00
1.080000000000000071e+00 -4.361410631652138825e+00 9.510951348944153949e+00
1.090000000000000080e+00 -4.364401118162697379e+00 9.523998560109902201e+00
1.100000000000000089e+00 -4.367261132561598203e+00 9.536484899991606312e+00
1.110000000000000098e+00 -4.369996283561682127e+00 9.548433759171457424e+00
1.120000000000000107e+00 -4.372611945969967273e+00 9.559867615019632225e+00
1.130000000000000115e+00 -4.375113269819770778e+00 9.570808061876522999e+00
1.140000000000000124e+00 -4.377505189201005287e+00 9.581275840740865135e+00
1.150000000000000133e+00 -4.379792430793596480e+00 9.591290868418440141e+00
1.159999999999999920e+00 -4.381979522109411995e+00 9.600872266093114504e+00
1.169999999999999929e+00 -4.384070799448481104e+00 9.610038387288422967e+00
1.179999999999999938e+00 -4.386070415575597181e+00 9.618806845193745403e+00
1.189999999999999947e+00 -4.387982347123659643e+00 9.627194539334430701e+00
1.199999999999999956e+00 -4.389810401730315448e+00 9.635217681569836046e+00
1.209999999999999964e+00 -4.391558224914617448e+00 9.642891821407612696e+00
1.219999999999999973e+00 -4.393229306700541237e+00 9.650231870626258868e+00
1.229999999999999982e+00 -4.394826987994278511e+00 9.657252127201431335e+00
1.239999999999999991e+00 -4.396354466722264043e+00 9.663966298534401034e+00
1.250000000000000000e+00 -4.397814803736920020e+00 9.670387523983801970e+00
1.260000000000000009e+00 -4.399210928497081952e+00 9.676528396704078716e+00
1.270000000000000018e+00 -4.400545644530041045e+00 9.682400984796156962e+00
1.280000000000000027e+00 -4.401821634682079321e+00 9.688016851777605964e+00
1.290000000000000036e+00 -4.403041466164303586e+00 9.693387076381149825e+00
1.300000000000000044e+00 -4.404207595400492004e+00 9.698522271691691898e+00
1.310000000000000053e+00 -4.405322372683575516e+00 9.703432603633224574e+00
1.320000000000000062e+00 -4.406388046647243151e+00 9.708127808817852866e+00
1.330000000000000071e+00 -4.407406768559064325e+00 9.712617211770126602e+00
1.340000000000000080e+00 -4.408380596441363153e+00 9.716909741540353806e+00
1.350000000000000089e+00 -4.409311499025959868e+00 9.721013947721278470e+00
1.360000000000000098e+00 -4.410201359548747035e+00 9.724938015882807818e+00
1.370000000000000107e+00 -4.411051979389918998e+00 9.728689782439861489e+00
1.380000000000000115e+00 -4.411865081565520263e+00 9.732276748968567759e+00
1.390000000000000124e+00 -4.412642314075834626e+00 9.735706095986268238e+00
1.400000000000000133e+00 -4.413385253115971629e+00 9.738984696210764014e+00
1.409999999999999920e+00 -4.414095406153863976e+00 9.742119127314323279e+00
1.419999999999999929e+00 -4.414774214880720749e+00 9.745115684187842575e+00
1.429999999999999938e+00 -4.415423058038842719e+00 9.747980390730543121e+00
1.439999999999999947e+00 -4.416043254131537310e+00 9.750719011180327911e+00
1.449999999999999956e+00 -4.416636064019733965e+00 9.753337060999863084e+00
1.459999999999999964e+00 -4.417202693409735481e+00 9.755839817333111341e+00
1.469999999999999973e+00 -4.417744295236404106e+00 9.758232329046895970e+00
1.479999999999999982e+00 -4.418261971945935507e+00 9.760519426371793372e+00
1.489999999999999991e+00 -4.418756777682217418e+00 9.762705730156266526e+00
1.500000000000000000e+00 -4.419229720380654314e+00 9.764795660747838113e+00
1.510000000000000009e+00 -4.419681763773176009e+00 9.766793446514585142e+00
1.520000000000000018e+00 -4.420113829308029985e+00 9.768703132020048585e+00
1.530000000000000027e+00 -4.420526797987829326e+00 9.770528585864266091e+00
1.540000000000000036e+00 -4.420921512129186937e+00 9.772273508203308978e+00
1.550000000000000044e+00 -4.421298777047153905e+00 9.773941437959329903e+00
1.560000000000000053e+00 -4.421659362667560877e+00 9.775535759732850494e+00
1.570000000000000062e+00 -4.422004005070232502e+00 9.777059710428588346e+00
1.580000000000000071e+00 -4.422333407965946428e+00 9.778516385605851013e+00
1.590000000000000080e+00 -4.422648244109887550e+00 9.779908745564135586e+00
1.600000000000000089e+00 -4.422949156654246039e+00 9.781239621174252719e+00
1.610000000000000098e+00 -4.423236760442503801e+00 9.782511719464947575e+00
1.620000000000000107e+00 -4.423511643247854508e+00 9.783727628974666857e+00
1.630000000000000115e+00 -4.423774366958108217e+00 9.784889824877804898e+00
1.640000000000000124e+00 -4.424025468709330333e+00 9.786000673894404756e+00
1.650000000000000133e+00 -4.424265461970386504e+00 9.787062438992018443e+00
1.660000000000000142e+00 -4.424494837580466466e+00 9.788077283888100055e+00
1.669999999999999929e+00 -4.424714064741585240e+00 9.789047277360999999e+00
1.679999999999999938e+00 -4.424923591967974801e+00 9.789974397377381621e+00
1.689999999999999947e+00 -4.425123847994201221e+00 9.790860535043503177e+00
1.699999999999999956e+00 -4.425315242643765856e+00 9.791707498387626885e+00
1.709999999999999964e+00 -4.425498167659889681e+00 9.792517015980520156e+00
1.719999999999999973e+00 -4.425672997500084804e+00 9.793290740400692584e+00
1.729999999999999982e+00 -4.425840090096078150e+00 9.794030251550831068e+00
1.739999999999999991e+00 -4.425999787580569667e+00 9.794737059831623682e+00
1.750000000000000000e+00 -4.426152416982253257e+00 9.795412609178921315e+00
1.760000000000000009e+00 -4.426298290890463782e+00 9.796058279969919624e+00
1.770000000000000018e+00 -4.426437708090764644e+00 9.796675391803910671e+00
1.780000000000000027e+00 -4.426570954172725614e+00 9.797265206162817819e+00
1.790000000000000036e+00 -4.426698302111097050e+00 9.797828928956635153e+00
1.800000000000000044e+00 -4.426820012821530703e+00 9.798367712958608422e+00
1.810000000000000053e+00 -4.426936335691944890e+00 9.798882660134811573e+00
1.820000000000000062e+00 -4.427047509090597188e+00 9.799374823872630813e+00
1.830000000000000071e+00 -4.427153760851870956e+00 9.799845211112431898e+00
1.840000000000000080e+00 -4.427255308740746464e+00 9.800294784386561986e+00
1.850000000000000089e+00 -4.427352360896881223e+00 9.800724463769594053e+00
1.860000000000000098e+00 -4.427445116259185021e+00 9.801135128743654334e+00
1.870000000000000107e+00 -4.427533764971748553e+00 9.801527619982453032e+00
1.880000000000000115e+00 -4.427618488771924099e+00 9.801902741057489266e+00
1.890000000000000124e+00 -4.427699461361349620e+00 9.802261260069792925e+00
1.900000000000000133e+00 -4.427776848760651696e+00 9.802603911210402643e+00
1.910000000000000142e+00 -4.427850809648547603e+00 9.802931396252649421e+00
1.919999999999999929e+00 -4.427921495686021558e+00 9.803244385979166253e+00
1.929999999999999938e+00 -4.427989051826229705e+00 9.803543521546476569e+00
1.939999999999999947e+00 -4.428053616610765353e+00 9.803829415789840240e+00
1.949999999999999956e+00 -4.428115322452867098e+00 9.804102654470929323e+00
1.959999999999999964e+00 -4.428174295908157809e+00 9.804363797470854180e+00
1.969999999999999973e+00 -4.428230657933449166e+00 9.804613379930854578e+00
1.979999999999999982e+00 -4.428284524134140199e+00 9.804851913342965020e+00
1.989999999999999991e+00 -4.428336005000710784e+00 9.805079886592826810e+00
2.000000000000000000e+00 -4.428385206134782592e+00 9.805297766956700301e+00
2.010000000000000231e+00 -4.428432228465215559e+00 9.805506001054697052e+00
2.020000000000000018e+00 -4.428477168454668877e+00 9.805705015762141485e+00
2.030000000000000249e+00 -4.428520118297047503e+00 9.805895219080847269e+00
2.040000000000000036e+00 -4.428561166106239178e+00 9.806077000972125646e+00
2.049999999999999822e+00 -4.428600396096517677e+00 9.806250734153117321e+00
2.060000000000000053e+00 -4.428637888754986207e+00 9.806416774858110585e+00
2.069999999999999840e+00 -4.428673721006404662e+00 9.806575463566357342e+00
2.080000000000000071e+00 -4.428707966370740934e+00 9.806727125697831227e+00
2.089999999999999858e+00 -4.428740695113762449e+00 9.806872072278366659e+00
2.100000000000000089e+00 -4.428771974390978805e+00 9.807010600575484460e+00
2.109999999999999876e+00 -4.428801868385224161e+00 9.807142994706225636e+00
2.120000000000000107e+00 -4.428830438438161821e+00 9.807269526218179934e+00
2.129999999999999893e+00 -4.428857743175980133e+00 9.807390454644918876e+00
2.140000000000000124e+00 -4.428883838629531056e+00 9.807506028036925727e+00
2.149999999999999911e+00 -4.428908778349161857e+00 9.807616483469132618e+00
2.160000000000000142e+00 -4.428932613514470873e+00 9.807722047526061360e+00
2.169999999999999929e+00 -4.428955393039210264e+00 9.807822936765552058e+00
2.180000000000000160e+00 -4.428977163671555140e+00 9.807919358162067169e+00
2.189999999999999947e+00 -4.428997970089934455e+00 9.808011509530379257e+00
2.200000000000000178e+00 -4.429017854994630632e+00 9.808099579930619427e+00
2.209999999999999964e+00 -4.429036859195324638e+00 9.808183750055393446e+00
2.220000000000000195e+00 -4.429055021694770389e+00 9.808264192599830622e+00
2.229999999999999982e+00 -4.429072379768771661e+00 9.808341072615304412e+00
2.240000000000000213e+00 -4.429088969042618729e+00 9.808414547847503329e+00
2.250000000000000000e+00 -4.429104823564143700e+00 9.808484769059582220e+00
2.260000000000000231e+00 -4.429119975873548221e+00 9.808551880341049412e+00
2.270000000000000018e+00 -4.429134457070137643e+00 9.808616019402991881e+00
2.280000000000000249e+00 -4.429148296876107338e+00 9.808677317860261979e+00
2.290000000000000036e+00 -4.429161523697504599e+00 9.808735901501199450e+00
2.300000000000000266e+00 -4.429174164682492254e+00 9.808791890545426995e+00
2.310000000000000053e+00 -4.429186245777038344e+00 9.808845399890246952e+00
2.319999999999999840e+00 -4.429197791778135773e+00 9.808896539346157795e+00
2.330000000000000071e+00 -4.429208826384674502e+00 9.808945413861952289e+00
2.339999999999999858e+00 -4.429219372246055109e+00 9.808992123739869839e+00
2.350000000000000089e+00 -4.429229451008656504e+00 9.809036764841222222e+00
2.359999999999999876e+00 -4.429239083360243967e+00 9.809079428782947474e+00
2.370000000000000107e+00 -4.429248289072414302e+00 9.809120203125454296e+00
2.379999999999999893e+00 -4.429257087041159835e+00 9.809159171552170875e+00
2.390000000000000124e+00 -4.429265495325638291e+00 9.809196414041135625e+00
2.399999999999999911e+00 -4.429273531185226709e+00 9.809232007029024203e+00
2.410000000000000142e+00 -4.429281211114936667e+00 9.809266023567900561e+00
2.419999999999999929e+00 -4.429288550879257436e+00 9.809298533475036663e+00
2.430000000000000160e+00 -4.429295565544506985e+00 9.809329603476117043e+00
2.439999999999999947e+00 -4.429302269509745926e+00 9.809359297342092887e+00
2.450000000000000178e+00 -4.429308676536325429e+00 9.809387676019987623e+00
2.459999999999999964e+00 -4.429314799776125966e+00 9.809414797757911586e+00
2.470000000000000195e+00 -4.429320651798547281e+00 9.809440718224553990e+00
2.479999999999999982e+00 -4.429326244616301977e+00 9.809465490623376027e+00
2.490000000000000213e+00 -4.429331589710067796e+00 9.809489165801757338e+00
2.500000000000000000e+00 -4.429336698052050103e+00 9.809511792355319670e+00
2.510000000000000231e+00 -4.429341580128497213e+00 9.809533416727605371e+00
2.520000000000000018e+00 -4.429346245961220951e+00 9.809554083305380701e+00
2.530000000000000249e+00 -4.429350705128166865e+00 9.809573834509693668e+00
2.540000000000000036e+00 -4.429354966783069614e+00 9.809592710882924393e+00
2.550000000000000266e+00 -4.429359039674240606e+00 9.809610751171955911e+00
2.560000000000000053e+00 -4.429362932162520750e+00 9.809627992407682129e+00
2.569999999999999840e+00 -4.429366652238443613e+00 9.809644469980998593e+00
2.580000000000000071e+00 -4.429370207538633863e+00 9.809660217715419961e+00
2.589999999999999858e+00 -4.429373605361480060e+00 9.809675267936478704e+00
2.600000000000000089e+00 -4.429376852682115562e+00 9.809689651538061383e+00
2.609999999999999876e+00 -4.429379956166735077e+00 9.809703398045813927e+00
2.620000000000000107e+00 -4.429382922186277050e+00 9.809716535677720728e+00
2.629999999999999893e+00 -4.429385756829499421e+00 9.809729091402019208e+00
2.640000000000000124e+00 -4.429388465915478967e+00 9.809741090992540435e+00
2.649999999999999911e+00 -4.429391055005553746e+00 9.809752559081605483e+00
2.660000000000000142e+00 -4.429393529414737962e+00 9.809763519210575211e+00
2.669999999999999929e+00 -4.429395894222632357e+00 9.809773993878156517e+00
2.680000000000000160e+00 -4.429398154283850531e+00 9.809784004586591166e+00
2.689999999999999947e+00 -4.429400314237984304e+00 9.809793571885776942e+00
2.700000000000000178e+00 -4.429402378519126771e+00 9.809802715415449015e+00
2.709999999999999964e+00 -4.429404351364972570e+00 9.809811453945476600e+00
2.720000000000000195e+00 -4.429406236825517595e+00 9.809819805414397464e+00
2.729999999999999982e+00 -4.429408038771373235e+00 9.809827786966231145e+00
2.740000000000000213e+00 -4.429409760901711124e+00 9.809835414985677460e+00
2.750000000000000000e+00 -4.429411406751854408e+00 9.809842705131721630e+00
2.760000000000000231e+00 -4.429412979700536823e+00 9.809849672369793439e+00
2.770000000000000018e+00 -4.429414482976838485e+00 9.809856331002487551e+00
2.780000000000000249e+00 -4.429415919666813473e+00 9.809862694698901819e+00
2.790000000000000036e+00 -4.429417292719824317e+00 9.809868776522709055e+00
2.800000000000000266e+00 -4.429418604954597605e+00 9.809874588958967578e+00
2.810000000000000053e+00 -4.429419859065007792e+00 9.809880143939736286e+00
2.819999999999999840e+00 -4.429421057625610558e+00 9.809885452868591926e+00
2.830000000000000071e+00 -4.429422203096924804e+00 9.809890526644007736e+00
2.839999999999999858e+00 -4.429423297830484607e+00 9.809895375681742635e+00
2.850000000000000089e+00 -4.429424344073667363e+00 9.809900009936219689e+00
2.859999999999999876e+00 -4.429425343974305207e+00 9.809904438920945324e+00
2.870000000000000107e+00 -4.429426299585095705e+00 9.809908671728056362e+00
2.879999999999999893e+00 -4.429427212867815378e+00 9.809912717046971764e+00
2.890000000000000124e+00 -4.429428085697345807e+00 9.809916583182227257e+00
2.899999999999999911e+00 -4.429428919865523895e+00 9.809920278070530131e+00
2.910000000000000142e+00 -4.429429717084818918e+00 9.809923809297050212e+00
2.919999999999999929e+00 -4.429430478991848830e+00 9.809927184110978970e+00
2.930000000000000160e+00 -4.429431207150739347e+00 9.809930409440427823e+00
2.939999999999999947e+00 -4.429431903056334718e+00 9.809933491906631886e+00
2.950000000000000178e+00 -4.429432568137268156e+00 9.809936437837556866e+00
2.959999999999999964e+00 -4.429433203758892823e+00 9.809939253280884230e+00
2.970000000000000195e+00 -4.429433811226084039e+00 9.809941944016415505e+00
2.979999999999999982e+00 -4.429434391785919800e+00 9.809944515567950774e+00
2.990000000000000213e+00 -4.429434946630240511e+00 9.809946973214620058e+00
3.000000000000000000e+00 -4.429435476898094137e+00 9.809949322001722649e+00
3.010000000000000231e+00 -4.429435983678076560e+00 9.809951566751085039e+00
3.020000000000000018e+00 -4.429436468010565342e+00 9.809953712070955234e+00
3.030000000000000249e+00 -4.429436930889855795e+00 9.809955762365472509e+00
3.040000000000000036e+00 -4.429437373266201128e+00 9.809957721843691303e+00
3.050000000000000266e+00 -4.429437796047764664e+00 9.809959594528239180e+00
3.060000000000000053e+00 -4.429438200102482348e+00 9.809961384263559125e+00
3.070000000000000284e+00 -4.429438586259847099e+00 9.809963094723816113e+00
3.080000000000000071e+00 -4.429438955312608783e+00 9.809964729420427076e+00
3.089999999999999858e+00 -4.429439308018404908e+00 9.809966291709283581e+00
3.100000000000000089e+00 -4.429439645101312273e+00 9.809967784797619217e+00
3.109999999999999876e+00 -4.429439967253336441e+00 9.809969211750619422e+00
3.120000000000000107e+00 -4.429440275135830163e+00 9.809970575497690248e+00
3.129999999999999893e+00 -4.429440569380853177e+00 9.809971878838489090e+00
3.140000000000000124e+00 -4.429440850592468060e+00 9.809973124448664095e+00
3.149999999999999911e+00 -4.429441119347981015e+00 9.809974314885346658e+00
3.160000000000000142e+00 -4.429441376199127589e+00 9.809975452592411216e+00
3.169999999999999929e+00 -4.429441621673203322e+00 9.809976539905468584e+00
3.180000000000000160e+00 -4.429441856274148215e+00 9.809977579056685215e+00
3.189999999999999947e+00 -4.429442080483581456e+00 9.809978572179359091e+00
3.200000000000000178e+00 -4.429442294761788190e+00 9.809979521312287787e+00
3.209999999999999964e+00 -4.429442499548665424e+00 9.809980428403964225e+00
3.220000000000000195e+00 -4.429442695264626195e+00 9.809981295316578809e+00
3.229999999999999982e+00 -4.429442882311460217e+00 9.809982123829827927e+00
3.240000000000000213e+00 -4.429443061073161658e+00 9.809982915644591017e+00
3.250000000000000000e+00 -4.429443231916716073e+00 9.809983672386401565e+00
3.260000000000000231e+00 -4.429443395192851796e+00 9.809984395608788432e+00
3.270000000000000018e+00 -4.429443551236763810e+00 9.809985086796476850e+00
3.280000000000000249e+00 -4.429443700368799419e+00 9.809985747368420661e+00
3.290000000000000036e+00 -4.429443842895115502e+00 9.809986378680724428e+00
3.300000000000000266e+00 -4.429443979108308227e+00 9.809986982029421654e+00
3.310000000000000053e+00 -4.429444109288014353e+00 9.809987558653144646e+00
3.320000000000000284e+00 -4.429444233701483213e+00 9.809988109735659378e+00
3.330000000000000071e+00 -4.429444352604126500e+00 9.809988636408295548e+00
3.339999999999999858e+00 -4.429444466240043177e+00 9.809989139752270049e+00
3.350000000000000089e+00 -4.429444574842520410e+00 9.809989620800918075e+00
3.359999999999999876e+00 -4.429444678634511412e+00 9.809990080541794555e+00
3.370000000000000107e+00 -4.429444777829093738e+00 9.809990519918715179e+00
3.379999999999999893e+00 -4.429444872629906271e+00 9.809990939833683754e+00
3.390000000000000124e+00 -4.429444963231569332e+00 9.809991341148759147e+00
3.399999999999999911e+00 -4.429445049820081692e+00 9.809991724687812109e+00
3.410000000000000142e+00 -4.429445132573203381e+00 9.809992091238221690e+00
3.419999999999999929e+00 -4.429445211660821613e+00 9.809992441552489950e+00
3.430000000000000160e+00 -4.429445287245296292e+00 9.809992776349782062e+00
3.439999999999999947e+00 -4.429445359481798405e+00 9.809993096317418448e+00
3.450000000000000178e+00 -4.429445428518624439e+00 9.809993402112270999e+00
3.459999999999999964e+00 -4.429445494497501912e+00 9.809993694362109551e+00
3.470000000000000195e+00 -4.429445557553880697e+00 9.809993973666903955e+00
3.479999999999999982e+00 -4.429445617817211911e+00 9.809994240600051540e+00
3.490000000000000213e+00 -4.429445675411211703e+00 9.809994495709542406e+00
3.500000000000000000e+00 -4.429445730454116159e+00 9.809994739519099838e+00
3.510000000000000231e+00 -4.429445783058925556e+00 9.809994972529249679e+00
3.520000000000000018e+00 -4.429445833333632621e+00 9.809995195218339958e+00
3.530000000000000249e+00 -4.429445881381449013e+00 9.809995408043540976e+00
3.540000000000000036e+00 -4.429445927301014052e+00 9.809995611441770791e+00
3.550000000000000266e+00 -4.429445971186596331e+00 9.809995805830585169e+00
3.560000000000000053e+00 -4.429446013128290893e+00 9.809995991609055110e+00
3.570000000000000284e+00 -4.429446053212200418e+00 9.809996169158569757e+00
3.580000000000000071e+00 -4.429446091520614637e+00 9.809996338843625097e+00
3.589999999999999858e+00 -4.429446128132178195e+00 9.809996501012571812e+00
3.600000000000000089e+00 -4.429446163122052305e+00 9.809996655998334703e+00
3.609999999999999876e+00 -4.429446196562069282e+00 9.809996804119091252e+00
3.620000000000000107e+00 -4.429446228520878215e+00 9.809996945678916447e+00
3.629999999999999893e+00 -4.429446259064088842e+00 9.809997080968425820e+00
3.640000000000000124e+00 -4.429446288254404784e+00 9.809997210265361645e+00
3.649999999999999911e+00 -4.429446316151751439e+00 9.809997333835161371e+00
3.660000000000000142e+00 -4.429446342813399440e+00 9.809997451931499413e+00
3.669999999999999929e+00 -4.429446368294084557e+00 9.809997564796827163e+00
3.680000000000000160e+00 -4.429446392646116060e+00 9.809997672662845503e+00
3.689999999999999947e+00 -4.429446415919487734e+00 9.809997775750998628e+00
3.700000000000000178e+00 -4.429446438161977362e+00 9.809997874272914586e+00
3.709999999999999964e+00 -4.429446459419247972e+00 9.809997968430856474e+00
3.720000000000000195e+00 -4.429446479734939324e+00 9.809998058418123890e+00
3.729999999999999982e+00 -4.429446499150758498e+00 9.809998144419454391e+00
3.740000000000000213e+00 -4.429446517706564279e+00 9.809998226611403638e+00
3.750000000000000000e+00 -4.429446535440450639e+00 9.809998305162705989e+00
3.760000000000000231e+00 -4.429446552388824010e+00 9.809998380234619120e+00
3.770000000000000018e+00 -4.429446568586477895e+00 9.809998451981261525e+00
3.780000000000000249e+00 -4.429446584066665693e+00 9.809998520549926937e+00
3.790000000000000036e+00 -4.429446598861166429e+00 9.809998586081377425e+00
3.800000000000000266e+00 -4.429446613000352251e+00 9.809998648710145375e+00
3.810000000000000053e+00 -4.429446626513250607e+00 9.809998708564808823e+00
3.820000000000000284e+00 -4.429446639427602861e+00 9.809998765768241924e+00
3.830000000000000071e+00 -4.429446651769920251e+00 9.809998820437877853e+00
3.839999999999999858e+00 -4.429446663565541620e+00 9.809998872685953941e+00
3.850000000000000089e+00 -4.429446674838682263e+00 9.809998922619730166e+00
3.859999999999999876e+00 -4.429446685612484558e+00 9.809998970341712976e+00
3.870000000000000107e+00 -4.429446695909067699e+00 9.809999015949879109e+00
3.879999999999999893e+00 -4.429446705749568558e+00 9.809999059537853228e+00
3.890000000000000124e+00 -4.429446715154189640e+00 9.809999101195121085e+00
3.899999999999999911e+00 -4.429446724142238168e+00 9.809999141007201828e+00
3.910000000000000142e+00 -4.429446732732166048e+00 9.809999179055830965e+00
3.919999999999999929e+00 -4.429446740941608063e+00 9.809999215419116680e+00
3.930000000000000160e+00 -4.429446748787416510e+00 9.809999250171706819e+00
3.939999999999999947e+00 -4.429446756285699394e+00 9.809999283384952307e+00
3.950000000000000178e+00 -4.429446763451849733e+00 9.809999315127033270e+00
3.959999999999999964e+00 -4.429446770300579317e+00 9.809999345463117137e+00
3.970000000000000195e+00 -4.429446776845948008e+00 9.809999374455479426e+00
3.979999999999999982e+00 -4.429446783101393059e+00 9.809999402163640525e+00
3.990000000000000213e+00 -4.429446789079756641e+00 9.809999428644482933e+00
4.000000000000000000e+00 -4.429446794793311604e+00 9.809999453952370274e+00
4.009999999999999787e+00 -4.429446800253788119e+00 9.809999478139260987e+00
4.020000000000000462e+00 -4.429446805472395887e+00 9.809999501254806020e+00
4.030000000000000249e+00 -4.429446810459848116e+00 9.809999523346460748e+00
4.040000000000000036e+00 -4.429446815226383727e+00 9.809999544459577336e+00
4.049999999999999822e+00 -4.429446819781787781e+00 9.809999564637497116e+00
4.060000000000000497e+00 -4.429446824135412797e+00 9.809999583921646504e+00
4.070000000000000284e+00 -4.429446828296196514e+00 9.809999602351616943e+00
4.080000000000000071e+00 -4.429446832272680545e+00 9.809999619965241280e+00
4.089999999999999858e+00 -4.429446836073028138e+00 9.809999636798679035e+00
4.099999999999999645e+00 -4.429446839705041050e+00 9.809999652886487453e+00
4.110000000000000320e+00 -4.429446843176176429e+00 9.809999668261697892e+00
4.120000000000000107e+00 -4.429446846493559242e+00 9.809999682955869105e+00
4.129999999999999893e+00 -4.429446849664000929e+00 9.809999696999170737e+00
4.139999999999999680e+00 -4.429446852694009173e+00 9.809999710420431285e+00
4.150000000000000355e+00 -4.429446855589804777e+00 9.809999723247203818e+00
4.160000000000000142e+00 -4.429446858357332317e+00 9.809999735505821050e+00
4.169999999999999929e+00 -4.429446861002274360e+00 9.809999747221450406e+00
4.179999999999999716e+00 -4.429446863530059453e+00 9.809999758418140203e+00
4.190000000000000391e+00 -4.429446865945878109e+00 9.809999769118880053e+00
4.200000000000000178e+00 -4.429446868254689029e+00 9.809999779345636384e+00
4.209999999999999964e+00 -4.429446870461232422e+00 9.809999789119402180e+00
4.219999999999999751e+00 -4.429446872570037996e+00 9.809999798460244946e+00
4.230000000000000426e+00 -4.429446874585435623e+00 9.809999807387342230e+00
4.240000000000000213e+00 -4.429446876511562436e+00 9.809999815919018928e+00
4.250000000000000000e+00 -4.429446878352372607e+00 9.809999824072789920e+00
4.259999999999999787e+00 -4.429446880111644447e+00 9.809999831865390263e+00
4.270000000000000462e+00 -4.429446881792990176e+00 9.809999839312821379e+00
4.280000000000000249e+00 -4.429446883399862145e+00 9.809999846430375925e+00
4.290000000000000036e+00 -4.429446884935558160e+00 9.809999853232659106e+00
4.299999999999999822e+00 -4.429446886403231254e+00 9.809999859733640193e+00
4.310000000000000497e+00 -4.429446887805895017e+00 9.809999865946664954e+00
4.320000000000000284e+00 -4.429446889146428035e+00 9.809999871884484079e+00
4.330000000000000071e+00 -4.429446890427582773e+00 9.809999877559290482e+00
4.339999999999999858e+00 -4.429446891651990015e+00 9.809999882982738839e+00
4.350000000000000533e+00 -4.429446892822162418e+00 9.809999888165954474e+00
4.360000000000000320e+00 -4.429446893940502505e+00 9.809999893119583092e+00
4.370000000000000107e+00 -4.429446895009307106e+00 9.809999897853796114e+00
4.379999999999999893e+00 -4.429446896030769132e+00 9.809999902378308434e+00
4.389999999999999680e+00 -4.429446897006986461e+00 9.809999906702410399e+00
4.400000000000000355e+00 -4.429446897939961936e+00 9.809999910834974912e+00
4.410000000000000142e+00 -4.429446898831612245e+00 9.809999914784492958e+00
4.419999999999999929e+00 -4.429446899683767036e+00 9.809999918559068277e+00
4.429999999999999716e+00 -4.429446900498176021e+00 9.809999922166449338e+00
4.440000000000000391e+00 -4.429446901276511639e+00 9.809999925614045324e+00
4.450000000000000178e+00 -4.429446902020370835e+00 9.809999928908929689e+00
4.459999999999999964e+00 -4.429446902731281277e+00 9.809999932057870353e+00
4.469999999999999751e+00 -4.429446903410702241e+00 9.809999935067329702e+00
4.480000000000000426e+00 -4.429446904060029055e+00 9.809999937943487680e+00
4.490000000000000213e+00 -4.429446904680593988e+00 9.809999940692247122e+00
4.500000000000000000e+00 -4.429446905273671575e+00 9.809999943319253290e+00
4.509999999999999787e+00 -4.429446905840478621e+00 9.809999945829895651e+00
4.520000000000000462e+00 -4.429446906382179527e+00 9.809999948229330968e+00
4.530000000000000249e+00 -4.429446906899886294e+00 9.809999950522485079e+00
4.540000000000000036e+00 -4.429446907394661181e+00 9.809999952714063554e+00
4.549999999999999822e+00 -4.429446907867520267e+00 9.809999954808567679e+00
4.560000000000000497e+00 -4.429446908319434328e+00 9.809999956810298016e+00
4.570000000000000284e+00 -4.429446908751331513e+00 9.809999958723363278e+00
4.580000000000000071e+00 -4.429446909164098223e+00 9.809999960551690990e+00
4.589999999999999858e+00 -4.429446909558580892e+00 9.809999962299031040e+00
4.600000000000000533e+00 -4.429446909935590426e+00 9.809999963968975223e+00
4.610000000000000320e+00 -4.429446910295900430e+00 9.809999965564950131e+00
4.620000000000000107e+00 -4.429446910640250756e+00 9.809999967090231365e+00
4.629999999999999893e+00 -4.429446910969348394e+00 9.809999968547950644e+00
4.639999999999999680e+00 -4.429446911283869248e+00 9.809999969941104681e+00
4.650000000000000355e+00 -4.429446911584458135e+00 9.809999971272548080e+00
4.660000000000000142e+00 -4.429446911871732340e+00 9.809999972545012881e+00
4.669999999999999929e+00 -4.429446912146282500e+00 9.809999973761119207e+00
4.679999999999999716e+00 -4.429446912408671722e+00 9.809999974923357513e+00
4.690000000000000391e+00 -4.429446912659438240e+00 9.809999976034115221e+00
4.700000000000000178e+00 -4.429446912899097200e+00 9.809999977095671397e+00
4.709999999999999964e+00 -4.429446913128140650e+00 9.809999978110207408e+00
4.719999999999999751e+00 -4.429446913347038439e+00 9.809999979079803367e+00
4.730000000000000426e+00 -4.429446913556239984e+00 9.809999980006450571e+00
4.740000000000000213e+00 -4.429446913756175164e+00 9.809999980892053273e+00
4.750000000000000000e+00 -4.429446913947254316e+00 9.809999981738426911e+00
4.759999999999999787e+00 -4.429446914129870017e+00 9.809999982547314090e+00
4.770000000000000462e+00 -4.429446914304397076e+00 9.809999983320372152e+00
4.780000000000000249e+00 -4.429446914471193431e+00 9.809999984059187383e+00
4.790000000000000036e+00 -4.429446914630601917e+00 9.809999984765278569e+00
4.799999999999999822e+00 -4.429446914782949385e+00 9.809999985440095216e+00
4.810000000000000497e+00 -4.429446914928548473e+00 9.809999986085017554e+00
4.820000000000000284e+00 -4.429446915067698498e+00 9.809999986701376073e+00
4.830000000000000071e+00 -4.429446915200684565e+00 9.809999987290430212e+00
4.839999999999999858e+00 -4.429446915327780232e+00 9.809999987853393222e+00
4.850000000000000533e+00 -4.429446915449246625e+00 9.809999988391423287e+00
4.860000000000000320e+00 -4.429446915565332432e+00 9.809999988905618196e+00
4.870000000000000107e+00 -4.429446915676276575e+00 9.809999989397040210e+00
4.879999999999999893e+00 -4.429446915782306426e+00 9.809999989866692971e+00
4.889999999999999680e+00 -4.429446915883639591e+00 9.809999990315542817e+00
4.900000000000000355e+00 -4.429446915980483901e+00 9.809999990744509901e+00
4.910000000000000142e+00 -4.429446916073039198e+00 9.809999991154478849e+00
4.919999999999999929e+00 -4.429446916161494663e+00 9.809999991546288101e+00
4.929999999999999716e+00 -4.429446916246031485e+00 9.809999991920738793e+00
4.940000000000000391e+00 -4.429446916326823747e+00 9.809999992278603642e+00
4.950000000000000178e+00 -4.429446916404037538e+00 9.809999992620618059e+00
4.959999999999999964e+00 -4.429446916477830953e+00 9.809999992947481928e+00
4.969999999999999751e+00 -4.429446916548355873e+00 9.809999993259868489e+00
4.980000000000000426e+00 -4.429446916615757068e+00 9.809999993558419007e+00
4.990000000000000213e+00 -4.429446916680173096e+00 9.809999993843746324e+00
5.000000000000000000e+00 -4.429446916741735407e+00 9.809999994116433086e+00
5.009999999999999787e+00 -4.429446916800571010e+00 9.809999994377042398e+00
5.020000000000000462e+00 -4.429446916856800698e+00 9.809999994626108943e+00
5.030000000000000249e+00 -4.429446916910539933e+00 9.809999994864144313e+00
5.040000000000000036e+00 -4.429446916961898850e+00 9.809999995091635228e+00
5.049999999999999822e+00 -4.429446917010982254e+00 9.809999995309047094e+00
5.060000000000000497e+00 -4.429446917057891397e+00 9.809999995516829330e+00
5.070000000000000284e+00 -4.429446917102723091e+00 9.809999995715408261e+00
5.080000000000000071e+00 -4.429446917145568818e+00 9.809999995905192449e+00
5.089999999999999858e+00 -4.429446917186516508e+00 9.809999996086567364e+00
5.100000000000000533e+00 -4.429446917225650537e+00 9.809999996259909594e+00
5.110000000000000320e+00 -4.429446917263051731e+00 9.809999996425576185e+00
5.120000000000000107e+00 -4.429446917298795583e+00 9.809999996583901094e+00
5.129999999999999893e+00 -4.429446917332956701e+00 9.809999996735216499e+00
5.139999999999999680e+00 -4.429446917365604364e+00 9.809999996879827933e+00
5.150000000000000355e+00 -4.429446917396806072e+00 9.809999997018033824e+00
5.160000000000000142e+00 -4.429446917426625774e+00 9.809999997150118389e+00
5.169999999999999929e+00 -4.429446917455124755e+00 9.809999997276353412e+00
5.179999999999999716e+00 -4.429446917482361634e+00 9.809999997396998239e+00
5.190000000000000391e+00 -4.429446917508391479e+00 9.809999997512296233e+00
5.200000000000000178e+00 -4.429446917533268469e+00 9.809999997622487200e+00
5.209999999999999964e+00 -4.429446917557043228e+00 9.809999997727796739e+00
5.219999999999999751e+00 -4.429446917579765497e+00 9.809999997828443341e+00
5.230000000000000426e+00 -4.429446917601481459e+00 9.809999997924633064e+00
5.240000000000000213e+00 -4.429446917622235524e+00 9.809999998016561307e+00
5.250000000000000000e+00 -4.429446917642070325e+00 9.809999998104418140e+00
5.259999999999999787e+00 -4.429446917661025829e+00 9.809999998188381198e+00
5.270000000000000462e+00 -4.429446917679142004e+00 9.809999998268626342e+00
5.280000000000000249e+00 -4.429446917696456154e+00 9.809999998345318772e+00
5.290000000000000036e+00 -4.429446917713002918e+00 9.809999998418611256e+00
5.299999999999999822e+00 -4.429446917728816935e+00 9.809999998488658335e+00
5.310000000000000497e+00 -4.429446917743930179e+00 9.809999998555602119e+00
5.320000000000000284e+00 -4.429446917758373736e+00 9.809999998619579387e+00
5.330000000000000071e+00 -4.429446917772177805e+00 9.809999998680723365e+00
5.339999999999999858e+00 -4.429446917785370808e+00 9.809999998739160176e+00
5.350000000000000533e+00 -4.429446917797979388e+00 9.809999998795010612e+00
5.360000000000000320e+00 -4.429446917810029305e+00 9.809999998848384806e+00
5.370000000000000107e+00 -4.429446917821545426e+00 9.809999998899394669e+00
5.379999999999999893e+00 -4.429446917832551733e+00 9.809999998948146782e+00
5.389999999999999680e+00 -4.429446917843070430e+00 9.809999998994738846e+00
5.400000000000000355e+00 -4.429446917853122834e+00 9.809999999039265006e+00
5.410000000000000142e+00 -4.429446917862730260e+00 9.809999999081821187e+00
5.419999999999999929e+00 -4.429446917871912248e+00 9.809999999122490877e+00
5.429999999999999716e+00 -4.429446917880687451e+00 9.809999999161361117e+00
5.440000000000000391e+00 -4.429446917889073632e+00 9.809999999198506515e+00
5.450000000000000178e+00 -4.429446917897088554e+00 9.809999999234008783e+00
5.459999999999999964e+00 -4.429446917904748204e+00 9.809999999267937199e+00
5.469999999999999751e+00 -4.429446917912068571e+00 9.809999999300361040e+00
5.480000000000000426e+00 -4.429446917919064752e+00 9.809999999331351361e+00
5.490000000000000213e+00 -4.429446917925750959e+00 9.809999999360966783e+00
5.500000000000000000e+00 -4.429446917932141403e+00 9.809999999389273029e+00
5.509999999999999787e+00 -4.429446917938248518e+00 9.809999999416325167e+00
5.520000000000000462e+00 -4.429446917944085627e+00 9.809999999442180041e+00
5.530000000000000249e+00 -4.429446917949663387e+00 9.809999999466885612e+00
5.540000000000000036e+00 -4.429446917954994234e+00 9.809999999490498723e+00
5.549999999999999822e+00 -4.429446917960088825e+00 9.809999999513065561e+00
5.560000000000000497e+00 -4.429446917964957819e+00 9.809999999534632309e+00
5.570000000000000284e+00 -4.429446917969611874e+00 9.809999999555246930e+00
5.580000000000000071e+00 -4.429446917974058984e+00 9.809999999574944951e+00
5.589999999999999858e+00 -4.429446917978309806e+00 9.809999999593774334e+00
5.600000000000000533e+00 -4.429446917982372334e+00 9.809999999611768828e+00
5.610000000000000320e+00 -4.429446917986254562e+00 9.809999999628963963e+00
5.620000000000000107e+00 -4.429446917989965371e+00 9.809999999645402369e+00
5.629999999999999893e+00 -4.429446917993510979e+00 9.809999999661107140e+00
5.639999999999999680e+00 -4.429446917996900268e+00 9.809999999676119131e+00
5.650000000000000355e+00 -4.429446918000139455e+00 9.809999999690466765e+00
5.660000000000000142e+00 -4.429446918003234757e+00 9.809999999704176687e+00
5.669999999999999929e+00 -4.429446918006193279e+00 9.809999999717282648e+00
5.679999999999999716e+00 -4.429446918009020351e+00 9.809999999729804188e+00
5.690000000000000391e+00 -4.429446918011722190e+00 9.809999999741771504e+00
5.700000000000000178e+00 -4.429446918014304124e+00 9.809999999753209465e+00
5.709999999999999964e+00 -4.429446918016772372e+00 9.809999999764141165e+00
5.719999999999999751e+00 -4.429446918019131374e+00 9.809999999774591473e+00
5.730000000000000426e+00 -4.429446918021385571e+00 9.809999999784576374e+00
5.740000000000000213e+00 -4.429446918023539403e+00 9.809999999794115411e+00
5.750000000000000000e+00 -4.429446918025598201e+00 9.809999999803235227e+00
5.759999999999999787e+00 -4.429446918027565516e+00 9.809999999811950033e+00
5.770000000000000462e+00 -4.429446918029445790e+00 9.809999999820277594e+00
5.780000000000000249e+00 -4.429446918031242575e+00 9.809999999828237449e+00
5.790000000000000036e+00 -4.429446918032960312e+00 9.809999999835845585e+00
5.799999999999999822e+00 -4.429446918034601666e+00 9.809999999843116214e+00
5.810000000000000497e+00 -4.429446918036170189e+00 9.809999999850063546e+00
5.820000000000000284e+00 -4.429446918037669434e+00 9.809999999856703568e+00
5.830000000000000071e+00 -4.429446918039102066e+00 9.809999999863050490e+00
5.839999999999999858e+00 -4.429446918040471637e+00 9.809999999869116749e+00
5.850000000000000533e+00 -4.429446918041780812e+00 9.809999999874914778e+00
5.860000000000000320e+00 -4.429446918043031367e+00 9.809999999880455235e+00
5.870000000000000107e+00 -4.429446918044226855e+00 9.809999999885750555e+00
5.879999999999999893e+00 -4.429446918045369053e+00 9.809999999890809619e+00
5.889999999999999680e+00 -4.429446918046460624e+00 9.809999999895644862e+00
5.900000000000000355e+00 -4.429446918047504234e+00 9.809999999900266943e+00
5.910000000000000142e+00 -4.429446918048501658e+00 9.809999999904684742e+00
5.919999999999999929e+00 -4.429446918049454673e+00 9.809999999908905366e+00
5.929999999999999716e+00 -4.429446918050365944e+00 9.809999999912943025e+00
5.940000000000000391e+00 -4.429446918051236359e+00 9.809999999916797719e+00
5.950000000000000178e+00 -4.429446918052068582e+00 9.809999999920483660e+00
5.959999999999999964e+00 -4.429446918052863502e+00 9.809999999924006175e+00
5.969999999999999751e+00 -4.429446918053623783e+00 9.809999999927372372e+00
5.980000000000000426e+00 -4.429446918054350313e+00 9.809999999930591130e+00
5.990000000000000213e+00 -4.429446918055043980e+00 9.809999999933664228e+00
6.000000000000000000e+00 -4.429446918055707449e+00 9.809999999936602322e+00
6.009999999999999787e+00 -4.429446918056341609e+00 9.809999999939410742e+00
6.020000000000000462e+00 -4.429446918056947347e+00 9.809999999942094817e+00
6.030000000000000249e+00 -4.429446918057526439e+00 9.809999999944659876e+00
6.040000000000000036e+00 -4.429446918058079774e+00 9.809999999947111249e+00
6.049999999999999822e+00 -4.429446918058608240e+00 9.809999999949450711e+00
6.060000000000000497e+00 -4.429446918059113614e+00 9.809999999951690697e+00
6.070000000000000284e+00 -4.429446918059596783e+00 9.809999999953829430e+00
6.080000000000000071e+00 -4.429446918060058636e+00 9.809999999955875793e+00
6.089999999999999858e+00 -4.429446918060500060e+00 9.809999999957831562e+00
6.100000000000000533e+00 -4.429446918060921945e+00 9.809999999959700290e+00
6.110000000000000320e+00 -4.429446918061325178e+00 9.809999999961485528e+00
6.120000000000000107e+00 -4.429446918061710647e+00 9.809999999963192607e+00
6.129999999999999893e+00 -4.429446918062078353e+00 9.809999999964821527e+00
6.140000000000000568e+00 -4.429446918062430072e+00 9.809999999966379391e+00
6.150000000000000355e+00 -4.429446918062766692e+00 9.809999999967871531e+00
6.160000000000000142e+00 -4.429446918063088212e+00 9.809999999969294393e+00
6.169999999999999929e+00 -4.429446918063395522e+00 9.809999999970656859e+00
6.179999999999999716e+00 -4.429446918063688621e+00 9.809999999971955376e+00
6.190000000000000391e+00 -4.429446918063969285e+00 9.809999999973197049e+00
6.200000000000000178e+00 -4.429446918064237515e+00 9.809999999974385432e+00
6.209999999999999964e+00 -4.429446918064493310e+00 9.809999999975518747e+00
6.219999999999999751e+00 -4.429446918064738448e+00 9.809999999976604101e+00
6.230000000000000426e+00 -4.429446918064972039e+00 9.809999999977639717e+00
6.240000000000000213e+00 -4.429446918065195860e+00 9.809999999978630925e+00
6.250000000000000000e+00 -4.429446918065409911e+00 9.809999999979579499e+00
6.259999999999999787e+00 -4.429446918065614192e+00 9.809999999980483665e+00
6.270000000000000462e+00 -4.429446918065809591e+00 9.809999999981348751e+00
6.280000000000000249e+00 -4.429446918065996108e+00 9.809999999982174756e+00
6.290000000000000036e+00 -4.429446918066174632e+00 9.809999999982967012e+00
6.299999999999999822e+00 -4.429446918066345162e+00 9.809999999983721963e+00
6.310000000000000497e+00 -4.429446918066507699e+00 9.809999999984441388e+00
6.320000000000000284e+00 -4.429446918066663130e+00 9.809999999985130614e+00
6.330000000000000071e+00 -4.429446918066811456e+00 9.809999999985787866e+00
6.339999999999999858e+00 -4.429446918066953565e+00 9.809999999986416697e+00
6.350000000000000533e+00 -4.429446918067089456e+00 9.809999999987018882e+00
6.360000000000000320e+00 -4.429446918067219130e+00 9.809999999987592645e+00
6.370000000000000107e+00 -4.429446918067343475e+00 9.809999999988143315e+00
6.379999999999999893e+00 -4.429446918067462491e+00 9.809999999988670893e+00
6.390000000000000568e+00 -4.429446918067576178e+00 9.809999999989173602e+00
6.400000000000000355e+00 -4.429446918067684535e+00 9.809999999989654995e+00
6.410000000000000142e+00 -4.429446918067787564e+00 9.809999999990111519e+00
6.419999999999999929e+00 -4.429446918067886152e+00 9.809999999990546726e+00
6.429999999999999716e+00 -4.429446918067980299e+00 9.809999999990964170e+00
6.440000000000000391e+00 -4.429446918068070893e+00 9.809999999991365627e+00
6.450000000000000178e+00 -4.429446918068157046e+00 9.809999999991747544e+00
6.459999999999999964e+00 -4.429446918068239647e+00 9.809999999992113473e+00
6.469999999999999751e+00 -4.429446918068318695e+00 9.809999999992463415e+00
6.480000000000000426e+00 -4.429446918068394190e+00 9.809999999992797370e+00
6.490000000000000213e+00 -4.429446918068466132e+00 9.809999999993117115e+00
6.500000000000000000e+00 -4.429446918068535410e+00 9.809999999993422648e+00
6.509999999999999787e+00 -4.429446918068601136e+00 9.809999999993713971e+00
6.520000000000000462e+00 -4.429446918068664196e+00 9.809999999993994635e+00
6.530000000000000249e+00 -4.429446918068724592e+00 9.809999999994261088e+00
6.540000000000000036e+00 -4.429446918068782324e+00 9.809999999994516884e+00
6.549999999999999822e+00 -4.429446918068837391e+00 9.809999999994760245e+00
6.560000000000000497e+00 -4.429446918068889794e+00 9.809999999994992947e+00
6.570000000000000284e+00 -4.429446918068939532e+00 9.809999999995213216e+00
6.580000000000000071e+00 -4.429446918068987493e+00 9.809999999995426379e+00
6.589999999999999858e+00 -4.429446918069032790e+00 9.809999999995627107e+00
6.600000000000000533e+00 -4.429446918069076311e+00 9.809999999995818953e+00
6.610000000000000320e+00 -4.429446918069118055e+00 9.809999999996003694e+00
6.620000000000000107e+00 -4.429446918069158023e+00 9.809999999996181330e+00
6.629999999999999893e+00 -4.429446918069196215e+00 9.809999999996350084e+00
6.640000000000000568e+00 -4.429446918069232630e+00 9.809999999996511733e+00
6.650000000000000355e+00 -4.429446918069267269e+00 9.809999999996664499e+00
6.660000000000000142e+00 -4.429446918069301020e+00 9.809999999996813713e+00
6.669999999999999929e+00 -4.429446918069332995e+00 9.809999999996955822e+00
6.679999999999999716e+00 -4.429446918069363193e+00 9.809999999997090825e+00
6.690000000000000391e+00 -4.429446918069392503e+00 9.809999999997220499e+00
6.700000000000000178e+00 -4.429446918069420036e+00 9.809999999997341291e+00
6.709999999999999964e+00 -4.429446918069446681e+00 9.809999999997460307e+00
6.719999999999999751e+00 -4.429446918069472439e+00 9.809999999997573994e+00
6.730000000000000426e+00 -4.429446918069496419e+00 9.809999999997680575e+00
6.740000000000000213e+00 -4.429446918069519512e+00 9.809999999997781828e+00
6.750000000000000000e+00 -4.429446918069541717e+00 9.809999999997881304e+00
6.759999999999999787e+00 -4.429446918069563033e+00 9.809999999997975451e+00
6.770000000000000462e+00 -4.429446918069583461e+00 9.809999999998066045e+00
6.780000000000000249e+00 -4.429446918069603001e+00 9.809999999998151310e+00
6.790000000000000036e+00 -4.429446918069621653e+00 9.809999999998234799e+00
6.799999999999999822e+00 -4.429446918069639416e+00 9.809999999998312958e+00
6.810000000000000497e+00 -4.429446918069656292e+00 9.809999999998387565e+00
6.820000000000000284e+00 -4.429446918069672279e+00 9.809999999998458620e+00
6.830000000000000071e+00 -4.429446918069687378e+00 9.809999999998526121e+00
6.839999999999999858e+00 -4.429446918069702477e+00 9.809999999998593623e+00
6.850000000000000533e+00 -4.429446918069716688e+00 9.809999999998655795e+00
6.860000000000000320e+00 -4.429446918069730010e+00 9.809999999998714415e+00
6.870000000000000107e+00 -4.429446918069742445e+00 9.809999999998769482e+00
6.879999999999999893e+00 -4.429446918069754879e+00 9.809999999998824549e+00
6.890000000000000568e+00 -4.429446918069766426e+00 9.809999999998876064e+00
6.900000000000000355e+00 -4.429446918069777972e+00 9.809999999998927578e+00
6.910000000000000142e+00 -4.429446918069788630e+00 9.809999999998973763e+00
6.919999999999999929e+00 -4.429446918069799288e+00 9.809999999999021725e+00
6.929999999999999716e+00 -4.429446918069809058e+00 9.809999999999064357e+00
6.940000000000000391e+00 -4.429446918069818828e+00 9.809999999999108766e+00
6.950000000000000178e+00 -4.429446918069827710e+00 9.809999999999147846e+00
6.959999999999999964e+00 -4.429446918069836592e+00 9.809999999999186926e+00
6.969999999999999751e+00 -4.429446918069844585e+00 9.809999999999222453e+00
6.980000000000000426e+00 -4.429446918069852579e+00 9.809999999999257980e+00
6.990000000000000213e+00 -4.429446918069859684e+00 9.809999999999289955e+00
7.000000000000000000e+00 -4.429446918069866790e+00 9.809999999999320153e+00
7.009999999999999787e+00 -4.429446918069873895e+00 9.809999999999352127e+00
7.020000000000000462e+00 -4.429446918069880113e+00 9.809999999999378772e+00
7.030000000000000249e+00 -4.429446918069886330e+00 9.809999999999407194e+00
7.040000000000000036e+00 -4.429446918069892547e+00 9.809999999999433840e+00
7.049999999999999822e+00 -4.429446918069897876e+00 9.809999999999458709e+00
7.060000000000000497e+00 -4.429446918069903205e+00 9.809999999999481801e+00
7.070000000000000284e+00 -4.429446918069908534e+00 9.809999999999504894e+00
7.080000000000000071e+00 -4.429446918069913863e+00 9.809999999999529763e+00
7.089999999999999858e+00 -4.429446918069918304e+00 9.809999999999549303e+00
7.100000000000000533e+00 -4.429446918069922745e+00 9.809999999999568843e+00
7.110000000000000320e+00 -4.429446918069927186e+00 9.809999999999588383e+00
7.120000000000000107e+00 -4.429446918069931627e+00 9.809999999999607923e+00
7.129999999999999893e+00 -4.429446918069935180e+00 9.809999999999623910e+00
7.140000000000000568e+00 -4.429446918069938732e+00 9.809999999999639897e+00
7.150000000000000355e+00 -4.429446918069942285e+00 9.809999999999655884e+00
7.160000000000000142e+00 -4.429446918069945838e+00 9.809999999999670095e+00
7.169999999999999929e+00 -4.429446918069949390e+00 9.809999999999686082e+00
7.179999999999999716e+00 -4.429446918069952943e+00 9.809999999999702069e+00
7.190000000000000391e+00 -4.429446918069955608e+00 9.809999999999714504e+00
7.200000000000000178e+00 -4.429446918069958272e+00 9.809999999999725162e+00
7.209999999999999964e+00 -4.429446918069960937e+00 9.809999999999737597e+00
7.219999999999999751e+00 -4.429446918069963601e+00 9.809999999999750031e+00
7.230000000000000426e+00 -4.429446918069966266e+00 9.809999999999760689e+00
7.240000000000000213e+00 -4.429446918069968930e+00 9.809999999999773124e+00
7.250000000000000000e+00 -4.429446918069971595e+00 9.809999999999785558e+00
7.259999999999999787e+00 -4.429446918069973371e+00 9.809999999999792664e+00
7.270000000000000462e+00 -4.429446918069975148e+00 9.809999999999799769e+00
7.280000000000000249e+00 -4.429446918069976924e+00 9.809999999999808651e+00
7.290000000000000036e+00 -4.429446918069978700e+00 9.809999999999815756e+00
7.299999999999999822e+00 -4.429446918069980477e+00 9.809999999999824638e+00
7.310000000000000497e+00 -4.429446918069982253e+00 9.809999999999831743e+00
7.320000000000000284e+00 -4.429446918069984029e+00 9.809999999999840625e+00
7.330000000000000071e+00 -4.429446918069985806e+00 9.809999999999847731e+00
7.339999999999999858e+00 -4.429446918069987582e+00 9.809999999999854836e+00
7.350000000000000533e+00 -4.429446918069989358e+00 9.809999999999863718e+00
7.360000000000000320e+00 -4.429446918069991135e+00 9.809999999999870823e+00
7.370000000000000107e+00 -4.429446918069992023e+00 9.809999999999876152e+00
7.379999999999999893e+00 -4.429446918069992911e+00 9.809999999999879705e+00
7.390000000000000568e+00 -4.429446918069993799e+00 9.809999999999883258e+00
7.400000000000000355e+00 -4.429446918069994688e+00 9.809999999999886811e+00
7.410000000000000142e+00 -4.429446918069995576e+00 9.809999999999890363e+00
7.419999999999999929e+00 -4.429446918069996464e+00 9.809999999999895692e+00
7.429999999999999716e+00 -4.429446918069997352e+00 9.809999999999899245e+00
7.440000000000000391e+00 -4.429446918069998240e+00 9.809999999999902798e+00
7.450000000000000178e+00 -4.429446918069999128e+00 9.809999999999906350e+00
7.459999999999999964e+00 -4.429446918070000017e+00 9.809999999999909903e+00
7.469999999999999751e+00 -4.429446918070000905e+00 9.809999999999915232e+00
7.480000000000000426e+00 -4.429446918070001793e+00 9.809999999999918785e+00
7.490000000000000213e+00 -4.429446918070002681e+00 9.809999999999922338e+00
7.500000000000000000e+00 -4.429446918070003569e+00 9.809999999999925890e+00
7.509999999999999787e+00 -4.429446918070004457e+00 9.809999999999931219e+00
7.520000000000000462e+00 -4.429446918070005346e+00 9.809999999999934772e+00
7.530000000000000249e+00 -4.429446918070006234e+00 9.809999999999938325e+00
7.540000000000000036e+00 -4.429446918070007122e+00 9.809999999999941878e+00
7.549999999999999822e+00 -4.429446918070008010e+00 9.809999999999945430e+00
7.560000000000000497e+00 -4.429446918070008898e+00 9.809999999999950759e+00
7.570000000000000284e+00 -4.429446918070009787e+00 9.809999999999954312e+00
7.580000000000000071e+00 -4.429446918070010675e+00 9.809999999999957865e+00
7.589999999999999858e+00 -4.429446918070010675e+00 9.809999999999957865e+00
7.600000000000000533e+00 -4.429446918070010675e+00 9.809999999999957865e+00
7.610000000000000320e+00 -4.429446918070010675e+00 9.809999999999957865e+00
7.620000000000000107e+00 -4.429446918070010675e+00 9.809999999999957865e+00
7.629999999999999893e+00 -4.429446918070010675e+00 9.809999999999957865e+00
7.640000000000000568e+00 -4.429446918070010675e+00 9.809999999999957865e+00
7.650000000000000355e+00 -4.429446918070010675e+00 9.809999999999957865e+00
7.660000000000000142e+00 -4.429446918070010675e+00 9.809999999999957865e+00
7.669999999999999929e+00 -4.429446918070010675e+00 9.809999999999957865e+00
7.679999999999999716e+00 -4.429446918070010675e+00 9.809999999999957865e+00
7.690000000000000391e+00 -4.429446918070010675e+00 9.809999999999957865e+00
7.700000000000000178e+00 -4.429446918070010675e+00 9.809999999999957865e+00
7.709999999999999964e+00 -4.429446918070010675e+00 9.809999999999957865e+00
7.719999999999999751e+00 -4.429446918070010675e+00 9.809999999999957865e+00
7.730000000000000426e+00 -4.429446918070010675e+00 9.809999999999957865e+00
7.740000000000000213e+00 -4.429446918070010675e+00 9.809999999999957865e+00
7.750000000000000000e+00 -4.429446918070010675e+00 9.809999999999957865e+00
7.759999999999999787e+00 -4.429446918070010675e+00 9.809999999999957865e+00
7.770000000000000462e+00 -4.429446918070010675e+00 9.809999999999957865e+00
7.780000000000000249e+00 -4.429446918070010675e+00 9.809999999999957865e+00
7.790000000000000036e+00 -4.429446918070010675e+00 9.809999999999957865e+00
7.799999999999999822e+00 -4.429446918070010675e+00 9.809999999999957865e+00
7.810000000000000497e+00 -4.429446918070010675e+00 9.809999999999957865e+00
7.820000000000000284e+00 -4.429446918070010675e+00 9.809999999999957865e+00
7.830000000000000071e+00 -4.429446918070010675e+00 9.809999999999957865e+00
7.839999999999999858e+00 -4.429446918070010675e+00 9.809999999999957865e+00
7.850000000000000533e+00 -4.429446918070010675e+00 9.809999999999957865e+00
7.860000000000000320e+00 -4.429446918070010675e+00 9.809999999999957865e+00
7.870000000000000107e+00 -4.429446918070010675e+00 9.809999999999957865e+00
7.879999999999999893e+00 -4.429446918070010675e+00 9.809999999999957865e+00
7.890000000000000568e+00 -4.429446918070010675e+00 9.809999999999957865e+00
7.900000000000000355e+00 -4.429446918070010675e+00 9.809999999999957865e+00
7.910000000000000142e+00 -4.429446918070010675e+00 9.809999999999957865e+00
7.919999999999999929e+00 -4.429446918070010675e+00 9.809999999999957865e+00
7.930000000000000604e+00 -4.429446918070010675e+00 9.809999999999957865e+00
7.940000000000000391e+00 -4.429446918070010675e+00 9.809999999999957865e+00
7.950000000000000178e+00 -4.429446918070010675e+00 9.809999999999957865e+00
7.959999999999999964e+00 -4.429446918070010675e+00 9.809999999999957865e+00
7.969999999999999751e+00 -4.429446918070010675e+00 9.809999999999957865e+00
7.980000000000000426e+00 -4.429446918070010675e+00 9.809999999999957865e+00
7.990000000000000213e+00 -4.429446918070010675e+00 9.809999999999957865e+00
8.000000000000000000e+00 -4.429446918070010675e+00 9.809999999999957865e+00
8.009999999999999787e+00 -4.429446918070010675e+00 9.809999999999957865e+00
8.019999999999999574e+00 -4.429446918070010675e+00 9.809999999999957865e+00
8.029999999999999361e+00 -4.429446918070010675e+00 9.809999999999957865e+00
8.040000000000000924e+00 -4.429446918070010675e+00 9.809999999999957865e+00
8.050000000000000711e+00 -4.429446918070010675e+00 9.809999999999957865e+00
8.060000000000000497e+00 -4.429446918070010675e+00 9.809999999999957865e+00
8.070000000000000284e+00 -4.429446918070010675e+00 9.809999999999957865e+00
8.080000000000000071e+00 -4.429446918070010675e+00 9.809999999999957865e+00
8.089999999999999858e+00 -4.429446918070010675e+00 9.809999999999957865e+00
8.099999999999999645e+00 -4.429446918070010675e+00 9.809999999999957865e+00
8.109999999999999432e+00 -4.429446918070010675e+00 9.809999999999957865e+00
8.120000000000000995e+00 -4.429446918070010675e+00 9.809999999999957865e+00
8.130000000000000782e+00 -4.429446918070010675e+00 9.809999999999957865e+00
8.140000000000000568e+00 -4.429446918070010675e+00 9.809999999999957865e+00
8.150000000000000355e+00 -4.429446918070010675e+00 9.809999999999957865e+00
8.160000000000000142e+00 -4.429446918070010675e+00 9.809999999999957865e+00
8.169999999999999929e+00 -4.429446918070010675e+00 9.809999999999957865e+00
8.179999999999999716e+00 -4.429446918070010675e+00 9.809999999999957865e+00
8.189999999999999503e+00 -4.429446918070010675e+00 9.809999999999957865e+00
8.199999999999999289e+00 -4.429446918070010675e+00 9.809999999999957865e+00
8.210000000000000853e+00 -4.429446918070010675e+00 9.809999999999957865e+00
8.220000000000000639e+00 -4.429446918070010675e+00 9.809999999999957865e+00
8.230000000000000426e+00 -4.429446918070010675e+00 9.809999999999957865e+00
8.240000000000000213e+00 -4.429446918070010675e+00 9.809999999999957865e+00
8.250000000000000000e+00 -4.429446918070010675e+00 9.809999999999957865e+00
8.259999999999999787e+00 -4.429446918070010675e+00 9.809999999999957865e+00
8.269999999999999574e+00 -4.429446918070010675e+00 9.809999999999957865e+00
8.279999999999999361e+00 -4.429446918070010675e+00 9.809999999999957865e+00
8.290000000000000924e+00 -4.429446918070010675e+00 9.809999999999957865e+00
8.300000000000000711e+00 -4.429446918070010675e+00 9.809999999999957865e+00
8.310000000000000497e+00 -4.429446918070010675e+00 9.809999999999957865e+00
8.320000000000000284e+00 -4.429446918070010675e+00 9.809999999999957865e+00
8.330000000000000071e+00 -4.429446918070010675e+00 9.809999999999957865e+00
8.339999999999999858e+00 -4.429446918070010675e+00 9.809999999999957865e+00
8.349999999999999645e+00 -4.429446918070010675e+00 9.809999999999957865e+00
8.359999999999999432e+00 -4.429446918070010675e+00 9.809999999999957865e+00
8.370000000000000995e+00 -4.429446918070010675e+00 9.809999999999957865e+00
8.380000000000000782e+00 -4.429446918070010675e+00 9.809999999999957865e+00
8.390000000000000568e+00 -4.429446918070010675e+00 9.809999999999957865e+00
8.400000000000000355e+00 -4.429446918070010675e+00 9.809999999999957865e+00
8.410000000000000142e+00 -4.429446918070010675e+00 9.809999999999957865e+00
8.419999999999999929e+00 -4.429446918070010675e+00 9.809999999999957865e+00
8.429999999999999716e+00 -4.429446918070010675e+00 9.809999999999957865e+00
8.439999999999999503e+00 -4.429446918070010675e+00 9.809999999999957865e+00
8.449999999999999289e+00 -4.429446918070010675e+00 9.809999999999957865e+00
8.460000000000000853e+00 -4.429446918070010675e+00 9.809999999999957865e+00
8.470000000000000639e+00 -4.429446918070010675e+00 9.809999999999957865e+00
8.480000000000000426e+00 -4.429446918070010675e+00 9.809999999999957865e+00
8.490000000000000213e+00 -4.429446918070010675e+00 9.809999999999957865e+00
8.500000000000000000e+00 -4.429446918070010675e+00 9.809999999999957865e+00
8.509999999999999787e+00 -4.429446918070010675e+00 9.809999999999957865e+00
8.519999999999999574e+00 -4.429446918070010675e+00 9.809999999999957865e+00
8.529999999999999361e+00 -4.429446918070010675e+00 9.809999999999957865e+00
8.540000000000000924e+00 -4.429446918070010675e+00 9.809999999999957865e+00
8.550000000000000711e+00 -4.429446918070010675e+00 9.809999999999957865e+00
8.560000000000000497e+00 -4.429446918070010675e+00 9.809999999999957865e+00
8.570000000000000284e+00 -4.429446918070010675e+00 9.809999999999957865e+00
8.580000000000000071e+00 -4.429446918070010675e+00 9.809999999999957865e+00
8.589999999999999858e+00 -4.429446918070010675e+00 9.809999999999957865e+00
8.599999999999999645e+00 -4.429446918070010675e+00 9.809999999999957865e+00
8.609999999999999432e+00 -4.429446918070010675e+00 9.809999999999957865e+00
8.620000000000000995e+00 -4.429446918070010675e+00 9.809999999999957865e+00
8.630000000000000782e+00 -4.429446918070010675e+00 9.809999999999957865e+00
8.640000000000000568e+00 -4.429446918070010675e+00 9.809999999999957865e+00
8.650000000000000355e+00 -4.429446918070010675e+00 9.809999999999957865e+00
8.660000000000000142e+00 -4.429446918070010675e+00 9.809999999999957865e+00
8.669999999999999929e+00 -4.429446918070010675e+00 9.809999999999957865e+00
8.679999999999999716e+00 -4.429446918070010675e+00 9.809999999999957865e+00
8.689999999999999503e+00 -4.429446918070010675e+00 9.809999999999957865e+00
8.700000000000001066e+00 -4.429446918070010675e+00 9.809999999999957865e+00
8.710000000000000853e+00 -4.429446918070010675e+00 9.809999999999957865e+00
8.720000000000000639e+00 -4.429446918070010675e+00 9.809999999999957865e+00
8.730000000000000426e+00 -4.429446918070010675e+00 9.809999999999957865e+00
8.740000000000000213e+00 -4.429446918070010675e+00 9.809999999999957865e+00
8.750000000000000000e+00 -4.429446918070010675e+00 9.809999999999957865e+00
8.759999999999999787e+00 -4.429446918070010675e+00 9.809999999999957865e+00
8.769999999999999574e+00 -4.429446918070010675e+00 9.809999999999957865e+00
8.779999999999999361e+00 -4.429446918070010675e+00 9.809999999999957865e+00
8.790000000000000924e+00 -4.429446918070010675e+00 9.809999999999957865e+00
8.800000000000000711e+00 -4.429446918070010675e+00 9.809999999999957865e+00
8.810000000000000497e+00 -4.429446918070010675e+00 9.809999999999957865e+00
8.820000000000000284e+00 -4.429446918070010675e+00 9.809999999999957865e+00
8.830000000000000071e+00 -4.429446918070010675e+00 9.809999999999957865e+00
8.839999999999999858e+00 -4.429446918070010675e+00 9.809999999999957865e+00
8.849999999999999645e+00 -4.429446918070010675e+00 9.809999999999957865e+00
8.859999999999999432e+00 -4.429446918070010675e+00 9.809999999999957865e+00
8.870000000000000995e+00 -4.429446918070010675e+00 9.809999999999957865e+00
8.880000000000000782e+00 -4.429446918070010675e+00 9.809999999999957865e+00
8.890000000000000568e+00 -4.429446918070010675e+00 9.809999999999957865e+00
8.900000000000000355e+00 -4.429446918070010675e+00 9.809999999999957865e+00
8.910000000000000142e+00 -4.429446918070010675e+00 9.809999999999957865e+00
8.919999999999999929e+00 -4.429446918070010675e+00 9.809999999999957865e+00
8.929999999999999716e+00 -4.429446918070010675e+00 9.809999999999957865e+00
8.939999999999999503e+00 -4.429446918070010675e+00 9.809999999999957865e+00
8.950000000000001066e+00 -4.429446918070010675e+00 9.809999999999957865e+00
8.960000000000000853e+00 -4.429446918070010675e+00 9.809999999999957865e+00
8.970000000000000639e+00 -4.429446918070010675e+00 9.809999999999957865e+00
8.980000000000000426e+00 -4.429446918070010675e+00 9.809999999999957865e+00
8.990000000000000213e+00 -4.429446918070010675e+00 9.809999999999957865e+00
9.000000000000000000e+00 -4.429446918070010675e+00 9.809999999999957865e+00
9.009999999999999787e+00 -4.429446918070010675e+00 9.809999999999957865e+00
9.019999999999999574e+00 -4.429446918070010675e+00 9.809999999999957865e+00
9.029999999999999361e+00 -4.429446918070010675e+00 9.809999999999957865e+00
9.040000000000000924e+00 -4.429446918070010675e+00 9.809999999999957865e+00
9.050000000000000711e+00 -4.429446918070010675e+00 9.809999999999957865e+00
9.060000000000000497e+00 -4.429446918070010675e+00 9.809999999999957865e+00
9.070000000000000284e+00 -4.429446918070010675e+00 9.809999999999957865e+00
9.080000000000000071e+00 -4.429446918070010675e+00 9.809999999999957865e+00
9.089999999999999858e+00 -4.429446918070010675e+00 9.809999999999957865e+00
9.099999999999999645e+00 -4.429446918070010675e+00 9.809999999999957865e+00
9.109999999999999432e+00 -4.429446918070010675e+00 9.809999999999957865e+00
9.120000000000000995e+00 -4.429446918070010675e+00 9.809999999999957865e+00
9.130000000000000782e+00 -4.429446918070010675e+00 9.809999999999957865e+00
9.140000000000000568e+00 -4.429446918070010675e+00 9.809999999999957865e+00
9.150000000000000355e+00 -4.429446918070010675e+00 9.809999999999957865e+00
9.160000000000000142e+00 -4.429446918070010675e+00 9.809999999999957865e+00
9.169999999999999929e+00 -4.429446918070010675e+00 9.809999999999957865e+00
9.179999999999999716e+00 -4.429446918070010675e+00 9.809999999999957865e+00
9.189999999999999503e+00 -4.429446918070010675e+00 9.809999999999957865e+00
9.200000000000001066e+00 -4.429446918070010675e+00 9.809999999999957865e+00
9.210000000000000853e+00 -4.429446918070010675e+00 9.809999999999957865e+00
9.220000000000000639e+00 -4.429446918070010675e+00 9.809999999999957865e+00
9.230000000000000426e+00 -4.429446918070010675e+00 9.809999999999957865e+00
9.240000000000000213e+00 -4.429446918070010675e+00 9.809999999999957865e+00
9.250000000000000000e+00 -4.429446918070010675e+00 9.809999999999957865e+00
9.259999999999999787e+00 -4.429446918070010675e+00 9.809999999999957865e+00
9.269999999999999574e+00 -4.429446918070010675e+00 9.809999999999957865e+00
9.279999999999999361e+00 -4.429446918070010675e+00 9.809999999999957865e+00
9.290000000000000924e+00 -4.429446918070010675e+00 9.809999999999957865e+00
9.300000000000000711e+00 -4.429446918070010675e+00 9.809999999999957865e+00
9.310000000000000497e+00 -4.429446918070010675e+00 9.809999999999957865e+00
9.320000000000000284e+00 -4.429446918070010675e+00 9.809999999999957865e+00
9.330000000000000071e+00 -4.429446918070010675e+00 9.809999999999957865e+00
9.339999999999999858e+00 -4.429446918070010675e+00 9.809999999999957865e+00
9.349999999999999645e+00 -4.429446918070010675e+00 9.809999999999957865e+00
9.359999999999999432e+00 -4.429446918070010675e+00 9.809999999999957865e+00
9.370000000000000995e+00 -4.429446918070010675e+00 9.809999999999957865e+00
9.380000000000000782e+00 -4.429446918070010675e+00 9.809999999999957865e+00
9.390000000000000568e+00 -4.429446918070010675e+00 9.809999999999957865e+00
9.400000000000000355e+00 -4.429446918070010675e+00 9.809999999999957865e+00
9.410000000000000142e+00 -4.429446918070010675e+00 9.809999999999957865e+00
9.419999999999999929e+00 -4.429446918070010675e+00 9.809999999999957865e+00
9.429999999999999716e+00 -4.429446918070010675e+00 9.809999999999957865e+00
9.439999999999999503e+00 -4.429446918070010675e+00 9.809999999999957865e+00
9.450000000000001066e+00 -4.429446918070010675e+00 9.809999999999957865e+00
9.460000000000000853e+00 -4.429446918070010675e+00 9.809999999999957865e+00
9.470000000000000639e+00 -4.429446918070010675e+00 9.809999999999957865e+00
9.480000000000000426e+00 -4.429446918070010675e+00 9.809999999999957865e+00
9.490000000000000213e+00 -4.429446918070010675e+00 9.809999999999957865e+00
9.500000000000000000e+00 -4.429446918070010675e+00 9.809999999999957865e+00
9.509999999999999787e+00 -4.429446918070010675e+00 9.809999999999957865e+00
9.519999999999999574e+00 -4.429446918070010675e+00 9.809999999999957865e+00
9.529999999999999361e+00 -4.429446918070010675e+00 9.809999999999957865e+00
9.540000000000000924e+00 -4.429446918070010675e+00 9.809999999999957865e+00
9.550000000000000711e+00 -4.429446918070010675e+00 9.809999999999957865e+00
9.560000000000000497e+00 -4.429446918070010675e+00 9.809999999999957865e+00
9.570000000000000284e+00 -4.429446918070010675e+00 9.809999999999957865e+00
9.580000000000000071e+00 -4.429446918070010675e+00 9.809999999999957865e+00
9.589999999999999858e+00 -4.429446918070010675e+00 9.809999999999957865e+00
9.599999999999999645e+00 -4.429446918070010675e+00 9.809999999999957865e+00
9.609999999999999432e+00 -4.429446918070010675e+00 9.809999999999957865e+00
9.620000000000000995e+00 -4.429446918070010675e+00 9.809999999999957865e+00
9.630000000000000782e+00 -4.429446918070010675e+00 9.809999999999957865e+00
9.640000000000000568e+00 -4.429446918070010675e+00 9.809999999999957865e+00
9.650000000000000355e+00 -4.429446918070010675e+00 9.809999999999957865e+00
9.660000000000000142e+00 -4.429446918070010675e+00 9.809999999999957865e+00
9.669999999999999929e+00 -4.429446918070010675e+00 9.809999999999957865e+00
9.679999999999999716e+00 -4.429446918070010675e+00 9.809999999999957865e+00
9.689999999999999503e+00 -4.429446918070010675e+00 9.809999999999957865e+00
9.700000000000001066e+00 -4.429446918070010675e+00 9.809999999999957865e+00
9.710000000000000853e+00 -4.429446918070010675e+00 9.809999999999957865e+00
9.720000000000000639e+00 -4.429446918070010675e+00 9.809999999999957865e+00
9.730000000000000426e+00 -4.429446918070010675e+00 9.809999999999957865e+00
9.740000000000000213e+00 -4.429446918070010675e+00 9.809999999999957865e+00
9.750000000000000000e+00 -4.429446918070010675e+00 9.809999999999957865e+00
9.759999999999999787e+00 -4.429446918070010675e+00 9.809999999999957865e+00
9.769999999999999574e+00 -4.429446918070010675e+00 9.809999999999957865e+00
9.779999999999999361e+00 -4.429446918070010675e+00 9.809999999999957865e+00
9.790000000000000924e+00 -4.429446918070010675e+00 9.809999999999957865e+00
9.800000000000000711e+00 -4.429446918070010675e+00 9.809999999999957865e+00
9.810000000000000497e+00 -4.429446918070010675e+00 9.809999999999957865e+00
9.820000000000000284e+00 -4.429446918070010675e+00 9.809999999999957865e+00
9.830000000000000071e+00 -4.429446918070010675e+00 9.809999999999957865e+00
9.839999999999999858e+00 -4.429446918070010675e+00 9.809999999999957865e+00
9.849999999999999645e+00 -4.429446918070010675e+00 9.809999999999957865e+00
9.859999999999999432e+00 -4.429446918070010675e+00 9.809999999999957865e+00
9.870000000000000995e+00 -4.429446918070010675e+00 9.809999999999957865e+00
9.880000000000000782e+00 -4.429446918070010675e+00 9.809999999999957865e+00
9.890000000000000568e+00 -4.429446918070010675e+00 9.809999999999957865e+00
9.900000000000000355e+00 -4.429446918070010675e+00 9.809999999999957865e+00
9.910000000000000142e+00 -4.429446918070010675e+00 9.809999999999957865e+00
9.919999999999999929e+00 -4.429446918070010675e+00 9.809999999999957865e+00
9.929999999999999716e+00 -4.429446918070010675e+00 9.809999999999957865e+00
9.939999999999999503e+00 -4.429446918070010675e+00 9.809999999999957865e+00
9.950000000000001066e+00 -4.429446918070010675e+00 9.809999999999957865e+00
9.960000000000000853e+00 -4.429446918070010675e+00 9.809999999999957865e+00
9.970000000000000639e+00 -4.429446918070010675e+00 9.809999999999957865e+00
9.980000000000000426e+00 -4.429446918070010675e+00 9.809999999999957865e+00
9.990000000000000213e+00 -4.429446918070010675e+00 9.809999999999957865e+00
