0.000000000000000000e+00 1.000000000000000000e+01 5.000000000000000000e+01
1.000000000000000021e-02 9.401899999999999480e+00 4.419786180499999517e+01
2.000000000000000042e-02 8.861821381949999576e+00 3.926593910279309796e+01
2.999999999999999889e-02 8.371061990922068929e+00 3.503733942793007827e+01
4.000000000000000083e-02 7.922588596642768266e+00 3.138370503582701332e+01
5.000000000000000278e-02 7.510651546284497826e+00 2.820494332485285938e+01
5.999999999999999778e-02 7.130502113035968925e+00 2.542203019200520941e+01
7.000000000000000666e-02 6.778181811115916666e+00 2.297187433227132303e+01
8.000000000000000167e-02 6.450363067793203342e+00 2.080359185317527349e+01
8.999999999999999667e-02 6.144227149261450194e+00 1.887576363086074238e+01
1.000000000000000056e-01 5.857369512952843138e+00 1.715438880563471358e+01
1.100000000000000006e-01 5.587725624896496157e+00 1.561133882956246843e+01
1.199999999999999956e-01 5.333512236600871148e+00 1.422317638898561398e+01
1.300000000000000044e-01 5.093180472711014595e+00 1.297024366380239790e+01
1.400000000000000133e-01 4.865378036072990575e+00 1.183595171695073489e+01
1.499999999999999944e-01 4.648918518903482955e+00 1.080622169770187746e+01
1.600000000000000033e-01 4.442756301926464424e+00 9.869041779153656435e+00
1.700000000000000122e-01 4.245965884134927926e+00 9.014113144618850271e+00
1.799999999999999933e-01 4.057724752688739223e+00 8.232565084291444180e+00
1.900000000000000022e-01 3.877299101845824936e+00 7.516724162587220093e+00
2.000000000000000111e-01 3.704031860219952677e+00 6.859926010762241511e+00
2.099999999999999922e-01 3.537332600112330194e+00 6.256360961908729479e+00
2.200000000000000011e-01 3.376668990493242983e+00 5.700946735679328192e+00
2.300000000000000100e-01 3.221559523136449776e+00 5.189222880555575124e+00
2.399999999999999911e-01 3.071567294330893816e+00 4.717262821801603501e+00
2.500000000000000000e-01 2.926294666112877696e+00 4.281600236460339381e+00
2.600000000000000089e-01 2.785378663748274253e+00 3.879167150232060823e+00
2.700000000000000178e-01 2.648486992245953520e+00 3.507241674048008573e+00
2.800000000000000266e-01 2.515314575505473549e+00 3.163403706875140387e+00
2.899999999999999800e-01 2.385580538436721909e+00 2.845497252684019873e+00
2.999999999999999889e-01 2.259025565909881905e+00 2.551598253717231035e+00
3.099999999999999978e-01 2.135409583372709363e+00 2.279987044380003880e+00
3.200000000000000067e-01 2.014509712928909124e+00 2.029124691742457909e+00
3.300000000000000155e-01 1.896118466011484482e+00 1.797632618574872554e+00
3.400000000000000244e-01 1.780042139825735781e+00 1.584275009777692089e+00
3.500000000000000333e-01 1.666099389727958791e+00 1.387943588225938329e+00
3.599999999999999867e-01 1.554119953845699342e+00 1.207644415470679355e+00
3.699999999999999956e-01 1.443943509690992499e+00 1.042486429589370767e+00
3.800000000000000044e-01 1.335418645395098691e+00 8.916714792344401230e-01
3.900000000000000133e-01 1.228401930602754266e+00 7.544856515542869291e-01
4.000000000000000222e-01 1.122757074087211482e+00 6.302917237064380451e-01
4.100000000000000311e-01 1.018354156850147074e+00 5.185225943869870013e-01
4.199999999999999845e-01 9.150689309062771670e-01 4.186755741549785248e-01
4.299999999999999933e-01 8.127821751647273940e-01 3.303074321327528207e-01
4.400000000000000022e-01 7.113791008433998364e-01 2.530301125583820365e-01
4.500000000000000111e-01 6.107487997178160377e-01 1.865070481783764889e-01
4.600000000000000200e-01 5.107837292360322134e-01 1.304500090261341283e-01
4.700000000000000289e-01 4.113792291457708528e-01 8.461643508628431676e-02
4.799999999999999822e-01 3.124330647949080109e-01 4.880720998856959147e-02
4.899999999999999911e-01 2.138449926950223290e-01 2.286484045036707782e-02
5.000000000000000000e-01 1.155163442905186438e-01 6.672012899122819335e-03
5.100000000000000089e-01 1.734962416152739662e-02 1.505047292731275985e-04
5.200000000000000178e-01 -8.075188088576534806e-02 3.260433133294417685e-03
5.300000000000000266e-01 -1.788192765544324159e-01 1.598816683372529177e-02
5.400000000000000355e-01 -2.767593948860951336e-01 3.829788132885877244e-02
5.500000000000000444e-01 -3.744764160728065727e-01 7.011629309736687465e-02
5.600000000000000533e-01 -4.718752531418328733e-01 1.113331272638344305e-01
5.700000000000000622e-01 -5.688619218691944868e-01 1.618019430763567579e-01
5.799999999999999600e-01 -6.653439024384308897e-01 2.213412542560001250e-01
5.899999999999999689e-01 -7.612304898958709432e-01 2.897359293735538577e-01
5.999999999999999778e-01 -8.564331306021354395e-01 3.667388535964871688e-01
6.099999999999999867e-01 -9.508657420661705828e-01 4.520728297175246047e-01
6.199999999999999956e-01 -1.044445013768995345e+00 5.454326933934584565e-01
6.300000000000000044e-01 -1.137090686835060760e+00 6.464876150435151514e-01
6.400000000000000133e-01 -1.228725810684625497e+00 7.548835589212951058e-01
6.500000000000000222e-01 -1.319276975095412530e+00 8.702458685084508705e-01
6.600000000000000311e-01 -1.408674516410328037e+00 9.921819465919358150e-01
6.700000000000000400e-01 -1.496852696944408700e+00 1.120283998174874895e+00
6.800000000000000488e-01 -1.583749856962660019e+00 1.254131804714623044e+00
6.900000000000000577e-01 -1.669308538915513784e+00 1.393295499048123665e+00
7.000000000000000666e-01 -1.753475583925032666e+00 1.537338311710617189e+00
7.099999999999999645e-01 -1.836202200807926399e+00 1.685819261125936164e+00
7.199999999999999734e-01 -1.917444008196667049e+00 1.838295762284650081e+00
7.299999999999999822e-01 -1.997161050573820651e+00 1.994326130964563459e+00
7.399999999999999911e-01 -2.075317789264174984e+00 2.153471963218171137e+00
7.500000000000000000e-01 -2.151883069631993273e+00 2.315300372684404806e+00
7.600000000000000089e-01 -2.226830065905149425e+00 2.479386071209566111e+00
7.700000000000000178e-01 -2.300136205193053840e+00 2.645313281219951129e+00
7.800000000000000266e-01 -2.371783072380854396e+00 2.812677471216182390e+00
7.900000000000000355e-01 -2.441756297668692621e+00 2.981086908602360364e+00
8.000000000000000444e-01 -2.510045428582669214e+00 3.150164026774377568e+00
8.100000000000000533e-01 -2.576643788314925576e+00 3.319546605930945304e+00
8.200000000000000622e-01 -2.641548322255616199e+00 3.488888769405730450e+00
8.300000000000000711e-01 -2.704759434561558873e+00 3.657861799424881877e+00
8.399999999999999689e-01 -2.766280816567309842e+00 3.826154778054151162e+00
8.499999999999999778e-01 -2.826119268786768224e+00 3.993475060703928659e+00
8.599999999999999867e-01 -2.884284518179728973e+00 4.159548590905635557e+00
8.699999999999999956e-01 -2.940789032270672454e+00 4.324120066161738940e+00
8.800000000000000044e-01 -2.995647831609054901e+00 4.486952965512016611e+00
8.900000000000000133e-01 -3.048878301953934944e+00 4.647829450062754830e+00
9.000000000000000222e-01 -3.100500007453307560e+00 4.806550148108979847e+00
9.100000000000000311e-01 -3.150534505972217847e+00 4.962933836660803344e+00
9.200000000000000400e-01 -3.199005167605609934e+00 5.116817031183698461e+00
9.300000000000000488e-01 -3.245936997293772830e+00 5.268053495200256897e+00
9.400000000000000577e-01 -3.291356462341770150e+00 5.416513681099465849e+00
9.500000000000000666e-01 -3.335291325530775453e+00 5.562084113080418390e+00
9.599999999999999645e-01 -3.377770484399971185e+00 5.704666722641808185e+00
9.699999999999999734e-01 -3.418823817173552992e+00 5.844178146436571630e+00
9.799999999999999822e-01 -3.458482035709187219e+00 5.980548995661582268e+00
9.899999999999999911e-01 -3.496776545752571241e+00 6.113723105462642415e+00
1.000000000000000000e+00 -3.533739314697944778e+00 6.243656772120949938e+00
1.010000000000000009e+00 -3.569402746976735319e+00 6.370317985062531996e+00
1.020000000000000018e+00 -3.603799567126110048e+00 6.493685660009169247e+00
1.030000000000000027e+00 -3.636962710526018494e+00 6.613748878878381809e+00
1.040000000000000036e+00 -3.668925221737234565e+00 6.730506141349807514e+00
1.050000000000000044e+00 -3.699720160323736629e+00 6.843964632352947497e+00
1.060000000000000053e+00 -3.729380514000207203e+00 6.954139509102224892e+00
1.070000000000000062e+00 -3.757939118909185083e+00 7.061053210713970962e+00
1.080000000000000071e+00 -3.785428586802045192e+00 7.164734792889064785e+00
1.090000000000000080e+00 -3.811881238873154665e+00 7.265219289636568156e+00
1.100000000000000089e+00 -3.837329045976789033e+00 7.362547103548567229e+00
1.110000000000000098e+00 -3.861803574941303552e+00 7.456763425714716398e+00
1.120000000000000107e+00 -3.885335940684156331e+00 7.547917685986019087e+00
1.130000000000000115e+00 -3.907956763824296242e+00 7.636063033960033053e+00
1.140000000000000124e+00 -3.929696133484696041e+00 7.721255850762284823e+00
1.150000000000000133e+00 -3.950583574977073020e+00 7.803555291439315589e+00
1.159999999999999920e+00 -3.970648022062679861e+00 7.883022857555135765e+00
1.169999999999999929e+00 -3.989917793487128606e+00 7.959721999392598946e+00
1.179999999999999938e+00 -4.008420573493202355e+00 8.033717747001785980e+00
1.189999999999999947e+00 -4.026183396023184535e+00 8.105076369206392073e+00
1.199999999999999956e+00 -4.043232632331120513e+00 8.173865059573621750e+00
1.209999999999999964e+00 -4.059593981735384105e+00 8.240151648271075047e+00
1.219999999999999973e+00 -4.075292465252672969e+00 8.304004338672603680e+00
1.229999999999999982e+00 -4.090352421865946830e+00 8.365491467532308434e+00
1.239999999999999991e+00 -4.104797507190623307e+00 8.424681287519177886e+00
1.250000000000000000e+00 -4.118650694315431515e+00 8.481641770892492715e+00
1.260000000000000009e+00 -4.131934276606506806e+00 8.536440433097867597e+00
1.270000000000000018e+00 -4.144669872275527744e+00 8.589144175074219234e+00
1.280000000000000027e+00 -4.156878430524785450e+00 8.639819143081101771e+00
1.290000000000000036e+00 -4.168580239093974349e+00 8.688530604882387820e+00
1.300000000000000044e+00 -4.179794933045150707e+00 8.735342841154958293e+00
1.310000000000000053e+00 -4.190541504633601200e+00 8.780319051028422805e+00
1.320000000000000062e+00 -4.200838314123316763e+00 8.823521270703215791e+00
1.330000000000000071e+00 -4.210703101416284788e+00 8.865010304138360553e+00
1.340000000000000080e+00 -4.220152998374901543e+00 8.904845664846336106e+00
1.350000000000000089e+00 -4.229204541726438116e+00 8.943085527879766516e+00
1.360000000000000098e+00 -4.237873686447640509e+00 8.979786691142656707e+00
1.370000000000000107e+00 -4.246175819536214036e+00 9.015004545207020215e+00
1.380000000000000115e+00 -4.254125774084143607e+00 9.048793050863507048e+00
1.390000000000000124e+00 -4.261737843575508222e+00 9.081204723681810975e+00
1.400000000000000133e+00 -4.269025796338690171e+00 9.112290624902593450e+00
1.409999999999999920e+00 -4.276002890089664277e+00 9.142100358027580143e+00
1.419999999999999929e+00 -4.282681886509388747e+00 9.170682070517807816e+00
1.429999999999999938e+00 -4.289075065804210496e+00 9.198082460051695719e+00
1.439999999999999947e+00 -4.295194241203693863e+00 9.224346784834688506e+00
1.449999999999999956e+00 -4.301050773355346912e+00 9.249518877490313429e+00
1.459999999999999964e+00 -4.306655584580443730e+00 9.273641162098961388e+00
1.469999999999999973e+00 -4.312019172959454139e+00 9.296754673984967354e+00
1.479999999999999982e+00 -4.317151626219604132e+00 9.318899081885286151e+00
1.489999999999999991e+00 -4.322062635400751418e+00 9.340112712163644915e+00
1.500000000000000000e+00 -4.326761508279115098e+00 9.360432574762882041e+00
1.510000000000000009e+00 -4.331257182531485839e+00 9.379894390615293176e+00
1.520000000000000018e+00 -4.335558238625332628e+00 9.398532620255998893e+00
1.530000000000000027e+00 -4.339672912422772200e+00 9.416380493407972452e+00
1.540000000000000036e+00 -4.343609107488692445e+00 9.433470039329357348e+00
1.550000000000000044e+00 -4.347374407095398574e+00 9.449832117734034753e+00
1.560000000000000053e+00 -4.350976085918058622e+00 9.465496450115415072e+00
1.570000000000000062e+00 -4.354421121416904406e+00 9.480491651320825497e+00
1.580000000000000071e+00 -4.357716204903695711e+00 9.494845261240135059e+00
1.590000000000000080e+00 -4.360867752291293975e+00 9.508583776487061101e+00
1.600000000000000089e+00 -4.363881914526423600e+00 9.521732681965401568e+00
1.610000000000000098e+00 -4.366764587706769341e+00 9.534316482224935996e+00
1.620000000000000107e+00 -4.369521422884520057e+00 9.546358732523380297e+00
1.630000000000000115e+00 -4.372157835559286276e+00 9.557882069521230761e+00
1.640000000000000124e+00 -4.374679014864073956e+00 9.568908241546052906e+00
1.650000000000000133e+00 -4.377089932448613219e+00 9.579458138371503395e+00
1.660000000000000142e+00 -4.379395351064898634e+00 9.589551820464423670e+00
1.669999999999999929e+00 -4.381599832860254118e+00 9.599208547660502688e+00
1.679999999999999938e+00 -4.383707747383649433e+00 9.608446807235715426e+00
1.689999999999999947e+00 -4.385723279311291911e+00 9.617284341346495680e+00
1.699999999999999956e+00 -4.387650435897826995e+00 9.625738173817195431e+00
1.709999999999999964e+00 -4.389493054159655294e+00 9.633824636257928731e+00
1.719999999999999973e+00 -4.391254807797076332e+00 9.641559393500468644e+00
1.729999999999999982e+00 -4.392939213862071313e+00 9.648957468343557053e+00
1.739999999999999991e+00 -4.394549639178635836e+00 9.656033265602539828e+00
1.750000000000000000e+00 -4.396089306522610762e+00 9.662800595461224162e+00
1.760000000000000009e+00 -4.397561300567998543e+00 9.669272696126652633e+00
1.770000000000000018e+00 -4.398968573606731880e+00 9.675462255789822663e+00
1.780000000000000027e+00 -4.400313951048834049e+00 9.681381433897501054e+00
1.790000000000000036e+00 -4.401600136709858724e+00 9.687041881742123550e+00
1.800000000000000044e+00 -4.402829717892437600e+00 9.692454762378400090e+00
1.810000000000000053e+00 -4.404005170268654012e+00 9.697630769876518286e+00
1.820000000000000062e+00 -4.405128862569888781e+00 9.702580147923141496e+00
1.830000000000000071e+00 -4.406203061090657513e+00 9.707312707782341121e+00
1.840000000000000080e+00 -4.407229934012834249e+00 9.711837845629386123e+00
1.850000000000000089e+00 -4.408211555556539984e+00 9.716164559271105006e+00
1.860000000000000098e+00 -4.409149909963828939e+00 9.720301464267020464e+00
1.870000000000000107e+00 -4.410046895321158900e+00 9.724256809465895657e+00
1.880000000000000115e+00 -4.410904327226499611e+00 9.728038491972728963e+00
1.890000000000000124e+00 -4.411723942306772450e+00 9.731654071561404606e+00
1.900000000000000133e+00 -4.412507401591158285e+00 9.735110784548377083e+00
1.910000000000000142e+00 -4.413256293745674519e+00 9.738415557142904078e+00
1.919999999999999929e+00 -4.413972138174245607e+00 9.741575018289260868e+00
1.929999999999999938e+00 -4.414656387991352737e+00 9.744595512016427818e+00
1.939999999999999947e+00 -4.415310432871188517e+00 9.747483109310580929e+00
1.949999999999999956e+00 -4.415935601778082642e+00 9.750243619525578609e+00
1.959999999999999964e+00 -4.416533165582826825e+00 9.752882601346533065e+00
1.969999999999999973e+00 -4.417104339569361215e+00 9.755405373321242024e+00
1.979999999999999982e+00 -4.417650285836148605e+00 9.757817023974102000e+00
1.989999999999999991e+00 -4.418172115596407323e+00 9.760122421516816971e+00
2.000000000000000000e+00 -4.418670891381239585e+00 9.762326223169939254e+00
2.010000000000000231e+00 -4.419147629149540180e+00 9.764432884109000454e+00
2.020000000000000018e+00 -4.419603300308450500e+00 9.766446666048674174e+00
2.030000000000000249e+00 -4.420038833647963905e+00 9.768371645478026721e+00
2.040000000000000036e+00 -4.420455117193183625e+00 9.770211721559700635e+00
2.049999999999999822e+00 -4.420852999977586961e+00 9.771970623705415804e+00
2.060000000000000053e+00 -4.421233293740533199e+00 9.773651918839881603e+00
2.069999999999999840e+00 -4.421596774552134512e+00 9.775259018364920394e+00
2.080000000000000071e+00 -4.421944184368485686e+00 9.776795184835135544e+00
2.089999999999999858e+00 -4.422276232520133910e+00 9.778263538356235074e+00
2.100000000000000089e+00 -4.422593597136571297e+00 9.779667062716699277e+00
2.109999999999999876e+00 -4.422896926509404025e+00 9.781008611263166230e+00
2.120000000000000107e+00 -4.423186840396772013e+00 9.782290912529589377e+00
2.129999999999999893e+00 -4.423463931271475857e+00 9.783516575629850109e+00
2.140000000000000124e+00 -4.423728765515177130e+00 9.784688095423216936e+00
2.149999999999999911e+00 -4.423981884560944877e+00 9.785807857461705339e+00
2.160000000000000142e+00 -4.424223805986327918e+00 9.786878142728074437e+00
2.169999999999999929e+00 -4.424455024559047267e+00 9.787901132172899921e+00
2.180000000000000160e+00 -4.424676013237318628e+00 9.788878911058846555e+00
2.189999999999999947e+00 -4.424887224126730523e+00 9.789813473119981069e+00
2.200000000000000178e+00 -4.425089089395530806e+00 9.790706724543683848e+00
2.209999999999999964e+00 -4.425282022150094363e+00 9.791560487782414057e+00
2.220000000000000195e+00 -4.425466417272270192e+00 9.792376505202332382e+00
2.229999999999999982e+00 -4.425642652220246553e+00 9.793156442575529752e+00
2.240000000000000213e+00 -4.425811087794491172e+00 9.793901892422328004e+00
2.250000000000000000e+00 -4.425972068870267506e+00 9.794614377209878597e+00
2.260000000000000231e+00 -4.426125925098168601e+00 9.795295352413059931e+00
2.270000000000000018e+00 -4.426272971574038095e+00 9.795946209443432195e+00
2.280000000000000249e+00 -4.426413509479603547e+00 9.796568278451770695e+00
2.290000000000000036e+00 -4.426547826695085952e+00 9.797162831009494255e+00
2.300000000000000266e+00 -4.426676198384990712e+00 9.797731082674097536e+00
2.310000000000000053e+00 -4.426798887558249795e+00 9.798274195443479329e+00
2.319999999999999840e+00 -4.426916145603814634e+00 9.798793280103867076e+00
2.330000000000000071e+00 -4.427028212802776252e+00 9.799289398475870883e+00
2.339999999999999858e+00 -4.427135318818017140e+00 9.799763565562953360e+00
2.350000000000000089e+00 -4.427237683162387860e+00 9.800216751606534160e+00
2.359999999999999876e+00 -4.427335515646322328e+00 9.800649884051644278e+00
2.370000000000000107e+00 -4.427429016805805695e+00 9.801063849427011476e+00
2.379999999999999893e+00 -4.427518378311535940e+00 9.801459495143205913e+00
2.390000000000000124e+00 -4.427603783360104295e+00 9.801837631212354296e+00
2.399999999999999911e+00 -4.427685407047980526e+00 9.802199031892820713e+00
2.410000000000000142e+00 -4.427763416729052715e+00 9.802544437262067589e+00
2.419999999999999929e+00 -4.427837972356432061e+00 9.802874554720759193e+00
2.430000000000000160e+00 -4.427909226809224386e+00 9.803190060431131059e+00
2.439999999999999947e+00 -4.427977326204913133e+00 9.803491600692405328e+00
2.450000000000000178e+00 -4.428042410197988943e+00 9.803779793256007125e+00
2.459999999999999964e+00 -4.428104612265428841e+00 9.804055228583182569e+00
2.470000000000000195e+00 -4.428164059979597056e+00 9.804318471047494654e+00
2.479999999999999982e+00 -4.428220875269122558e+00 9.804570060084616401e+00
2.490000000000000213e+00 -4.428275174668276470e+00 9.804810511291677244e+00
2.500000000000000000e+00 -4.428327069555360040e+00 9.805040317478381340e+00
2.510000000000000231e+00 -4.428376666380576587e+00 9.805259949671974340e+00
2.520000000000000018e+00 -4.428424066883857257e+00 9.805469858078080136e+00
2.530000000000000249e+00 -4.428469368303076692e+00 9.805670472999326037e+00
2.540000000000000036e+00 -4.428512663573083152e+00 9.805862205713582469e+00
2.550000000000000266e+00 -4.428554041515947226e+00 9.806045449313614881e+00
2.560000000000000053e+00 -4.428593587022811029e+00 9.806220579509783875e+00
2.569999999999999840e+00 -4.428631381227713604e+00 9.806387955397443790e+00
2.580000000000000071e+00 -4.428667501673738904e+00 9.806547920190558543e+00
2.589999999999999858e+00 -4.428702022471833644e+00 9.806700801923055266e+00
2.600000000000000089e+00 -4.428735014452603203e+00 9.806846914119249803e+00
2.609999999999999876e+00 -4.428766545311410674e+00 9.806986556434782898e+00
2.620000000000000107e+00 -4.428796679747063259e+00 9.807120015269305213e+00
2.629999999999999893e+00 -4.428825479594370229e+00 9.807247564352151059e+00
2.640000000000000124e+00 -4.428853003950848688e+00 9.807369465302228306e+00
2.649999999999999911e+00 -4.428879309297826694e+00 9.807485968163197398e+00
2.660000000000000142e+00 -4.428904449616195116e+00 9.807597311915065674e+00
2.669999999999999929e+00 -4.428928476497044464e+00 9.807703724963214853e+00
2.680000000000000160e+00 -4.428951439247412303e+00 9.807805425605861771e+00
2.689999999999999947e+00 -4.428973384991353512e+00 9.807902622480883181e+00
2.700000000000000178e+00 -4.428994358766544792e+00 9.807995514992938979e+00
2.709999999999999964e+00 -4.429014403616615247e+00 9.808084293721721636e+00
2.720000000000000195e+00 -4.429033560679398462e+00 9.808169140812214692e+00
2.729999999999999982e+00 -4.429051869271276587e+00 9.808250230347693943e+00
2.740000000000000213e+00 -4.429069366967799404e+00 9.808327728706272453e+00
2.750000000000000000e+00 -4.429086089680736471e+00 9.808401794901698167e+00
2.760000000000000231e+00 -4.429102071731719548e+00 9.808472580909105787e+00
2.770000000000000018e+00 -4.429117345922628068e+00 9.808540231976351720e+00
2.780000000000000249e+00 -4.429131943602864219e+00 9.808604886921642674e+00
2.790000000000000036e+00 -4.429145894733648170e+00 9.808666678417964135e+00
2.800000000000000266e+00 -4.429159227949468480e+00 9.808725733264965996e+00
2.810000000000000053e+00 -4.429171970616819110e+00 9.808782172648838227e+00
2.819999999999999840e+00 -4.429184148890330519e+00 9.808836112390681095e+00
2.830000000000000071e+00 -4.429195787766423642e+00 9.808887663183915251e+00
2.839999999999999858e+00 -4.429206911134584423e+00 9.808936930821182898e+00
2.850000000000000089e+00 -4.429217541826372617e+00 9.808984016411226747e+00
2.859999999999999876e+00 -4.429227701662260763e+00 9.809029016586176652e+00
2.870000000000000107e+00 -4.429237411496399268e+00 9.809072023699661358e+00
2.879999999999999893e+00 -4.429246691259402624e+00 9.809113126016182349e+00
2.890000000000000124e+00 -4.429255559999241143e+00 9.809152407892096193e+00
2.899999999999999911e+00 -4.429264035920319920e+00 9.809189949948580178e+00
2.910000000000000142e+00 -4.429272136420833839e+00 9.809225829236988048e+00
2.919999999999999929e+00 -4.429279878128464354e+00 9.809260119396851607e+00
2.930000000000000160e+00 -4.429287276934496198e+00 9.809292890806903031e+00
2.939999999999999947e+00 -4.429294348026426853e+00 9.809324210729425175e+00
2.950000000000000178e+00 -4.429301105919132731e+00 9.809354143448226537e+00
2.959999999999999964e+00 -4.429307564484650683e+00 9.809382750400473583e+00
2.970000000000000195e+00 -4.429313736980645899e+00 9.809410090302726815e+00
2.979999999999999982e+00 -4.429319636077618583e+00 9.809436219271383095e+00
2.990000000000000213e+00 -4.429325273884904490e+00 9.809461190937792452e+00
3.000000000000000000e+00 -4.429330661975526162e+00 9.809485056558276739e+00
3.010000000000000231e+00 -4.429335811409943702e+00 9.809507865119291736e+00
3.020000000000000018e+00 -4.429340732758750399e+00 9.809529663437912106e+00
3.030000000000000249e+00 -4.429345436124370927e+00 9.809550496257896768e+00
3.040000000000000036e+00 -4.429349931161792320e+00 9.809570406341487470e+00
3.050000000000000266e+00 -4.429354227098377450e+00 9.809589434557132392e+00
3.060000000000000053e+00 -4.429358332752806326e+00 9.809607619963360392e+00
3.070000000000000284e+00 -4.429362256553172728e+00 9.809624999888907126e+00
3.080000000000000071e+00 -4.429366006554283253e+00 9.809641610009318669e+00
3.089999999999999858e+00 -4.429369590454189876e+00 9.809657484420158724e+00
3.100000000000000089e+00 -4.429373015609987974e+00 9.809672655706959787e+00
3.109999999999999876e+00 -4.429376289052918025e+00 9.809687155012099424e+00
3.120000000000000107e+00 -4.429379417502796734e+00 9.809701012098708262e+00
3.129999999999999893e+00 -4.429382407381809550e+00 9.809714255411737582e+00
3.140000000000000124e+00 -4.429385264827692126e+00 9.809726912136342847e+00
3.149999999999999911e+00 -4.429387995706329129e+00 9.809739008253666626e+00
3.160000000000000142e+00 -4.429390605623792609e+00 9.809750568594154174e+00
3.169999999999999929e+00 -4.429393099937851019e+00 9.809761616888522440e+00
3.180000000000000160e+00 -4.429395483768965747e+00 9.809772175816455331e+00
3.189999999999999947e+00 -4.429397762010800932e+00 9.809782267053146043e+00
3.200000000000000178e+00 -4.429399939340269654e+00 9.809791911313793022e+00
3.209999999999999964e+00 -4.429402020227131587e+00 9.809801128396097525e+00
3.220000000000000195e+00 -4.429404008943170545e+00 9.809809937220915543e+00
3.229999999999999982e+00 -4.429405909570961697e+00 9.809818355871080087e+00
3.240000000000000213e+00 -4.429407726012250635e+00 9.809826401628509274e+00
3.250000000000000000e+00 -4.429409461995965636e+00 9.809834091009694390e+00
3.260000000000000231e+00 -4.429411121085868430e+00 9.809841439799585672e+00
3.270000000000000018e+00 -4.429412706687872792e+00 9.809848463083993053e+00
3.280000000000000249e+00 -4.429414222057032724e+00 9.809855175280553397e+00
3.290000000000000036e+00 -4.429415670304226893e+00 9.809861590168321044e+00
3.300000000000000266e+00 -4.429417054402543741e+00 9.809867720916052747e+00
3.310000000000000053e+00 -4.429418377193383272e+00 9.809873580109233160e+00
3.320000000000000284e+00 -4.429419641392290607e+00 9.809879179775904845e+00
3.330000000000000071e+00 -4.429420849594531973e+00 9.809884531411372066e+00
3.339999999999999858e+00 -4.429422004280418435e+00 9.809889646001780150e+00
3.350000000000000089e+00 -4.429423107820400496e+00 9.809894534046668113e+00
3.359999999999999876e+00 -4.429424162479933536e+00 9.809899205580530079e+00
3.370000000000000107e+00 -4.429425170424128311e+00 9.809903670193408587e+00
3.379999999999999893e+00 -4.429426133722194514e+00 9.809907937050574844e+00
3.390000000000000124e+00 -4.429427054351688930e+00 9.809912014911340350e+00
3.399999999999999911e+00 -4.429427934202575301e+00 9.809915912147046058e+00
3.410000000000000142e+00 -4.429428775081104774e+00 9.809919636758248629e+00
3.419999999999999929e+00 -4.429429578713522275e+00 9.809923196391125089e+00
3.430000000000000160e+00 -4.429430346749611225e+00 9.809926598353190030e+00
3.439999999999999947e+00 -4.429431080766079276e+00 9.809929849628279186e+00
3.450000000000000178e+00 -4.429431782269796614e+00 9.809932956890893507e+00
3.459999999999999964e+00 -4.429432452700887701e+00 9.809935926519900207e+00
3.470000000000000195e+00 -4.429433093435688917e+00 9.809938764611628059e+00
3.479999999999999982e+00 -4.429433705789572961e+00 9.809941476992374731e+00
3.490000000000000213e+00 -4.429434291019648917e+00 9.809944069230370545e+00
3.500000000000000000e+00 -4.429434850327345075e+00 9.809946546647214660e+00
3.510000000000000231e+00 -4.429435384860872738e+00 9.809948914328794345e+00
3.520000000000000018e+00 -4.429435895717585225e+00 9.809951177135722844e+00
3.530000000000000249e+00 -4.429436383946227629e+00 9.809953339713317177e+00
3.540000000000000036e+00 -4.429436850549094196e+00 9.809955406501138953e+00
3.550000000000000266e+00 -4.429437296484082687e+00 9.809957381742108851e+00
3.560000000000000053e+00 -4.429437722666661692e+00 9.809959269491210776e+00
3.570000000000000284e+00 -4.429438129971750016e+00 9.809961073623817640e+00
3.580000000000000071e+00 -4.429438519235511684e+00 9.809962797843640558e+00
3.589999999999999858e+00 -4.429438891257075461e+00 9.809964445690354751e+00
3.600000000000000089e+00 -4.429439246800171759e+00 9.809966020546836418e+00
3.609999999999999876e+00 -4.429439586594703826e+00 9.809967525646129616e+00
3.620000000000000107e+00 -4.429439911338242553e+00 9.809968964078068510e+00
3.629999999999999893e+00 -4.429440221697461766e+00 9.809970338795629630e+00
3.640000000000000124e+00 -4.429440518309505137e+00 9.809971652620989246e+00
3.649999999999999911e+00 -4.429440801783295356e+00 9.809972908251321400e+00
3.660000000000000142e+00 -4.429441072700782023e+00 9.809974108264327697e+00
3.669999999999999929e+00 -4.429441331618138911e+00 9.809975255123536186e+00
3.680000000000000160e+00 -4.429441579066903500e+00 9.809976351183351539e+00
3.689999999999999947e+00 -4.429441815555070328e+00 9.809977398693899175e+00
3.700000000000000178e+00 -4.429442041568131039e+00 9.809978399805626026e+00
3.709999999999999964e+00 -4.429442257570074482e+00 9.809979356573739651e+00
3.720000000000000195e+00 -4.429442464004337054e+00 9.809980270962405768e+00
3.729999999999999982e+00 -4.429442661294713091e+00 9.809981144848794798e+00
3.740000000000000213e+00 -4.429442849846225272e+00 9.809981980026924120e+00
3.750000000000000000e+00 -4.429443030045955965e+00 9.809982778211349341e+00
3.760000000000000231e+00 -4.429443202263842139e+00 9.809983541040679711e+00
3.770000000000000018e+00 -4.429443366853435649e+00 9.809984270080949642e+00
3.780000000000000249e+00 -4.429443524152626210e+00 9.809984966828817932e+00
3.790000000000000036e+00 -4.429443674484337734e+00 9.809985632714655068e+00
3.800000000000000266e+00 -4.429443818157190904e+00 9.809986269105475998e+00
3.810000000000000053e+00 -4.429443955466136451e+00 9.809986877307746767e+00
3.820000000000000284e+00 -4.429444086693059113e+00 9.809987458570054386e+00
3.830000000000000071e+00 -4.429444212107358503e+00 9.809988014085689656e+00
3.839999999999999858e+00 -4.429444331966501558e+00 9.809988544995084325e+00
3.850000000000000089e+00 -4.429444446516551004e+00 9.809989052388157660e+00
3.859999999999999876e+00 -4.429444555992669841e+00 9.809989537306549323e+00
3.870000000000000107e+00 -4.429444660619604512e+00 9.809990000745761662e+00
3.879999999999999893e+00 -4.429444760612146759e+00 9.809990443657198966e+00
3.890000000000000124e+00 -4.429444856175575040e+00 9.809990866950130339e+00
3.899999999999999911e+00 -4.429444947506073760e+00 9.809991271493542442e+00
3.910000000000000142e+00 -4.429445034791138269e+00 9.809991658117933611e+00
3.919999999999999929e+00 -4.429445118209958565e+00 9.809992027617017385e+00
3.930000000000000160e+00 -4.429445197933788769e+00 9.809992380749351426e+00
3.939999999999999947e+00 -4.429445274126295296e+00 9.809992718239886500e+00
3.950000000000000178e+00 -4.429445346943896133e+00 9.809993040781465723e+00
3.959999999999999964e+00 -4.429445416536081481e+00 9.809993349036250976e+00
3.970000000000000195e+00 -4.429445483045719278e+00 9.809993643637062277e+00
3.979999999999999982e+00 -4.429445546609348305e+00 9.809993925188694064e+00
3.990000000000000213e+00 -4.429445607357461512e+00 9.809994194269155088e+00
4.000000000000000000e+00 -4.429445665414769806e+00 9.809994451430846141e+00
4.009999999999999787e+00 -4.429445720900461403e+00 9.809994697201704028e+00
4.020000000000000462e+00 -4.429445773928444297e+00 9.809994932086278041e+00
4.030000000000000249e+00 -4.429445824607581628e+00 9.809995156566769126e+00
4.040000000000000036e+00 -4.429445873041913728e+00 9.809995371104021089e+00
4.049999999999999822e+00 -4.429445919330873949e+00 9.809995576138465623e+00
4.060000000000000497e+00 -4.429445963569489386e+00 9.809995772091021138e+00
4.070000000000000284e+00 -4.429446005848578949e+00 9.809995959363964957e+00
4.080000000000000071e+00 -4.429446046254938985e+00 9.809996138341755767e+00
4.089999999999999858e+00 -4.429446084871521805e+00 9.809996309391825875e+00
4.099999999999999645e+00 -4.429446121777603551e+00 9.809996472865325501e+00
4.110000000000000320e+00 -4.429446157048950283e+00 9.809996629097856413e+00
4.120000000000000107e+00 -4.429446190757971635e+00 9.809996778410152274e+00
4.129999999999999893e+00 -4.429446222973870029e+00 9.809996921108741219e+00
4.139999999999999680e+00 -4.429446253762782781e+00 9.809997057486574690e+00
4.150000000000000355e+00 -4.429446283187917111e+00 9.809997187823626064e+00
4.160000000000000142e+00 -4.429446311309680695e+00 9.809997312387467971e+00
4.169999999999999929e+00 -4.429446338185806020e+00 9.809997431433822968e+00
4.179999999999999716e+00 -4.429446363871467618e+00 9.809997545207082226e+00
4.190000000000000391e+00 -4.429446388419396641e+00 9.809997653940818907e+00
4.200000000000000178e+00 -4.429446411879988332e+00 9.809997757858251788e+00
4.209999999999999964e+00 -4.429446434301405944e+00 9.809997857172719549e+00
4.219999999999999751e+00 -4.429446455729678433e+00 9.809997952088105322e+00
4.230000000000000426e+00 -4.429446476208797279e+00 9.809998042799264795e+00
4.240000000000000213e+00 -4.429446495780804405e+00 9.809998129492424113e+00
4.250000000000000000e+00 -4.429446514485880115e+00 9.809998212345556468e+00
4.259999999999999787e+00 -4.429446532362424804e+00 9.809998291528755132e+00
4.270000000000000462e+00 -4.429446549447137116e+00 9.809998367204574521e+00
4.280000000000000249e+00 -4.429446565775091216e+00 9.809998439528374803e+00
4.290000000000000036e+00 -4.429446581379807846e+00 9.809998508648632765e+00
4.299999999999999822e+00 -4.429446596293321825e+00 9.809998574707247343e+00
4.310000000000000497e+00 -4.429446610546249552e+00 9.809998637839829172e+00
4.320000000000000284e+00 -4.429446624167851176e+00 9.809998698175986576e+00
4.330000000000000071e+00 -4.429446637186090996e+00 9.809998755839584916e+00
4.339999999999999858e+00 -4.429446649627695187e+00 9.809998810949007719e+00
4.350000000000000533e+00 -4.429446661518205097e+00 9.809998863617385823e+00
4.360000000000000320e+00 -4.429446672882031422e+00 9.809998913952849620e+00
4.370000000000000107e+00 -4.429446683742503055e+00 9.809998962058729788e+00
4.379999999999999893e+00 -4.429446694121915939e+00 9.809999008033784662e+00
4.389999999999999680e+00 -4.429446704041578364e+00 9.809999051972400963e+00
4.400000000000000355e+00 -4.429446713521854484e+00 9.809999093964778538e+00
4.410000000000000142e+00 -4.429446722582206952e+00 9.809999134097127538e+00
4.419999999999999929e+00 -4.429446731241236002e+00 9.809999172451835392e+00
4.429999999999999716e+00 -4.429446739516717635e+00 9.809999209107640894e+00
4.440000000000000391e+00 -4.429446747425640929e+00 9.809999244139794072e+00
4.450000000000000178e+00 -4.429446754984242673e+00 9.809999277620219615e+00
4.459999999999999964e+00 -4.429446762208040234e+00 9.809999309617644769e+00
4.469999999999999751e+00 -4.429446769111863524e+00 9.809999340197762763e+00
4.480000000000000426e+00 -4.429446775709886097e+00 9.809999369423353599e+00
4.490000000000000213e+00 -4.429446782015652673e+00 9.809999397354410178e+00
4.500000000000000000e+00 -4.429446788042108452e+00 9.809999424048275074e+00
4.509999999999999787e+00 -4.429446793801625759e+00 9.809999449559750673e+00
4.520000000000000462e+00 -4.429446799306028026e+00 9.809999473941207526e+00
4.530000000000000249e+00 -4.429446804566615548e+00 9.809999497242699817e+00
4.540000000000000036e+00 -4.429446809594188572e+00 9.809999519512068389e+00
4.549999999999999822e+00 -4.429446814399067733e+00 9.809999540795024231e+00
4.560000000000000497e+00 -4.429446818991117141e+00 9.809999561135263946e+00
4.570000000000000284e+00 -4.429446823379764808e+00 9.809999580574544353e+00
4.580000000000000071e+00 -4.429446827574019530e+00 9.809999599152773087e+00
4.589999999999999858e+00 -4.429446831582492194e+00 9.809999616908090303e+00
4.600000000000000533e+00 -4.429446835413410888e+00 9.809999633876939740e+00
4.610000000000000320e+00 -4.429446839074641318e+00 9.809999650094166412e+00
4.620000000000000107e+00 -4.429446842573699250e+00 9.809999665593057472e+00
4.629999999999999893e+00 -4.429446845917768272e+00 9.809999680405432798e+00
4.639999999999999680e+00 -4.429446849113714002e+00 9.809999694561705397e+00
4.650000000000000355e+00 -4.429446852168096527e+00 9.809999708090929360e+00
4.660000000000000142e+00 -4.429446855087187274e+00 9.809999721020886909e+00
4.669999999999999929e+00 -4.429446857876978783e+00 9.809999733378120368e+00
4.679999999999999716e+00 -4.429446860543198028e+00 9.809999745187996112e+00
4.690000000000000391e+00 -4.429446863091317965e+00 9.809999756474757859e+00
4.700000000000000178e+00 -4.429446865526569965e+00 9.809999767261578185e+00
4.709999999999999964e+00 -4.429446867853954473e+00 9.809999777570602930e+00
4.719999999999999751e+00 -4.429446870078248111e+00 9.809999787422993833e+00
4.730000000000000426e+00 -4.429446872204017893e+00 9.809999796838978270e+00
4.740000000000000213e+00 -4.429446874235628329e+00 9.809999805837888331e+00
4.750000000000000000e+00 -4.429446876177249415e+00 9.809999814438196353e+00
4.759999999999999787e+00 -4.429446878032867296e+00 9.809999822657557544e+00
4.770000000000000462e+00 -4.429446879806291371e+00 9.809999830512845520e+00
4.780000000000000249e+00 -4.429446881501163169e+00 9.809999838020189600e+00
4.790000000000000036e+00 -4.429446883120961687e+00 9.809999845195001456e+00
4.799999999999999822e+00 -4.429446884669011375e+00 9.809999852052005309e+00
4.810000000000000497e+00 -4.429446886148491025e+00 9.809999858605282341e+00
4.820000000000000284e+00 -4.429446887562438206e+00 9.809999864868284902e+00
4.830000000000000071e+00 -4.429446888913755487e+00 9.809999870853873816e+00
4.839999999999999858e+00 -4.429446890205216647e+00 9.809999876574332589e+00
4.850000000000000533e+00 -4.429446891439472900e+00 9.809999882041404717e+00
4.860000000000000320e+00 -4.429446892619059106e+00 9.809999887266318552e+00
4.870000000000000107e+00 -4.429446893746395553e+00 9.809999892259796184e+00
4.879999999999999893e+00 -4.429446894823797720e+00 9.809999897032092520e+00
4.889999999999999680e+00 -4.429446895853477173e+00 9.809999901593002392e+00
4.900000000000000355e+00 -4.429446896837546888e+00 9.809999905951887200e+00
4.910000000000000142e+00 -4.429446897778028358e+00 9.809999910117699784e+00
4.919999999999999929e+00 -4.429446898676851596e+00 9.809999914098989748e+00
4.929999999999999716e+00 -4.429446899535861348e+00 9.809999917903928335e+00
4.940000000000000391e+00 -4.429446900356822425e+00 9.809999921540331513e+00
4.950000000000000178e+00 -4.429446901141418813e+00 9.809999925015658206e+00
4.959999999999999964e+00 -4.429446901891262556e+00 9.809999928337052921e+00
4.969999999999999751e+00 -4.429446902607891978e+00 9.809999931511324434e+00
4.980000000000000426e+00 -4.429446903292778792e+00 9.809999934544993749e+00
4.990000000000000213e+00 -4.429446903947328984e+00 9.809999937444288776e+00
5.000000000000000000e+00 -4.429446904572886368e+00 9.809999940215162084e+00
5.009999999999999787e+00 -4.429446905170734361e+00 9.809999942863298017e+00
5.020000000000000462e+00 -4.429446905742101315e+00 9.809999945394137555e+00
5.030000000000000249e+00 -4.429446906288159624e+00 9.809999947812874765e+00
5.040000000000000036e+00 -4.429446906810031059e+00 9.809999950124476342e+00
5.049999999999999822e+00 -4.429446907308785875e+00 9.809999952333683382e+00
5.060000000000000497e+00 -4.429446907785449028e+00 9.809999954445038028e+00
5.070000000000000284e+00 -4.429446908240998404e+00 9.809999956462869264e+00
5.080000000000000071e+00 -4.429446908676370143e+00 9.809999958391326658e+00
5.089999999999999858e+00 -4.429446909092456863e+00 9.809999960234359051e+00
5.100000000000000533e+00 -4.429446909490112994e+00 9.809999961995757189e+00
5.110000000000000320e+00 -4.429446909870155658e+00 9.809999963679135959e+00
5.120000000000000107e+00 -4.429446910233364676e+00 9.809999965287950374e+00
5.129999999999999893e+00 -4.429446910580485230e+00 9.809999966825502682e+00
5.139999999999999680e+00 -4.429446910912230528e+00 9.809999968294951245e+00
5.150000000000000355e+00 -4.429446911229280914e+00 9.809999969699308764e+00
5.160000000000000142e+00 -4.429446911532287423e+00 9.809999971041460043e+00
5.169999999999999929e+00 -4.429446911821872668e+00 9.809999972324161988e+00
5.179999999999999716e+00 -4.429446912098630840e+00 9.809999973550047159e+00
5.190000000000000391e+00 -4.429446912363130373e+00 9.809999974721634430e+00
5.200000000000000178e+00 -4.429446912615913945e+00 9.809999975841325437e+00
5.209999999999999964e+00 -4.429446912857500251e+00 9.809999976911420561e+00
5.219999999999999751e+00 -4.429446913088385784e+00 9.809999977934115378e+00
5.230000000000000426e+00 -4.429446913309044831e+00 9.809999978911513097e+00
5.240000000000000213e+00 -4.429446913519929474e+00 9.809999979845615670e+00
5.250000000000000000e+00 -4.429446913721473145e+00 9.809999980738341563e+00
5.259999999999999787e+00 -4.429446913914089734e+00 9.809999981591527529e+00
5.270000000000000462e+00 -4.429446914098174481e+00 9.809999982406919727e+00
5.280000000000000249e+00 -4.429446914274104863e+00 9.809999983186195038e+00
5.290000000000000036e+00 -4.429446914442243255e+00 9.809999983930953960e+00
5.299999999999999822e+00 -4.429446914602933383e+00 9.809999984642722382e+00
5.310000000000000497e+00 -4.429446914756506537e+00 9.809999985322967575e+00
5.320000000000000284e+00 -4.429446914903277133e+00 9.809999985973080427e+00
5.330000000000000071e+00 -4.429446915043546262e+00 9.809999986594394983e+00
5.339999999999999858e+00 -4.429446915177602584e+00 9.809999987188190218e+00
5.350000000000000533e+00 -4.429446915305720545e+00 9.809999987755681161e+00
5.360000000000000320e+00 -4.429446915428163933e+00 9.809999988298038431e+00
5.370000000000000107e+00 -4.429446915545183217e+00 9.809999988816368699e+00
5.379999999999999893e+00 -4.429446915657019090e+00 9.809999989311739554e+00
5.389999999999999680e+00 -4.429446915763901593e+00 9.809999989785170627e+00
5.400000000000000355e+00 -4.429446915866050105e+00 9.809999990237631806e+00
5.410000000000000142e+00 -4.429446915963673348e+00 9.809999990670048575e+00
5.419999999999999929e+00 -4.429446916056972938e+00 9.809999991083314441e+00
5.429999999999999716e+00 -4.429446916146139834e+00 9.809999991478274950e+00
5.440000000000000391e+00 -4.429446916231357001e+00 9.809999991855738344e+00
5.450000000000000178e+00 -4.429446916312799409e+00 9.809999992216484443e+00
5.459999999999999964e+00 -4.429446916390634925e+00 9.809999992561252213e+00
5.469999999999999751e+00 -4.429446916465022532e+00 9.809999992890748644e+00
5.480000000000000426e+00 -4.429446916536114998e+00 9.809999993205648749e+00
5.490000000000000213e+00 -4.429446916604058870e+00 9.809999993506602678e+00
5.500000000000000000e+00 -4.429446916668992706e+00 9.809999993794223272e+00
5.509999999999999787e+00 -4.429446916731050621e+00 9.809999994069105611e+00
5.520000000000000462e+00 -4.429446916790359623e+00 9.809999994331811024e+00
5.530000000000000249e+00 -4.429446916847041393e+00 9.809999994582881300e+00
5.540000000000000036e+00 -4.429446916901212283e+00 9.809999994822828029e+00
5.549999999999999822e+00 -4.429446916952984203e+00 9.809999995052148591e+00
5.560000000000000497e+00 -4.429446917002462847e+00 9.809999995271311946e+00
5.570000000000000284e+00 -4.429446917049749466e+00 9.809999995480765733e+00
5.580000000000000071e+00 -4.429446917094941760e+00 9.809999995680941609e+00
5.589999999999999858e+00 -4.429446917138132100e+00 9.809999995872251688e+00
5.600000000000000533e+00 -4.429446917179409304e+00 9.809999996055086768e+00
5.610000000000000320e+00 -4.429446917218858637e+00 9.809999996229825214e+00
5.620000000000000107e+00 -4.429446917256560035e+00 9.809999996396822297e+00
5.629999999999999893e+00 -4.429446917292591657e+00 9.809999996556420854e+00
5.639999999999999680e+00 -4.429446917327027222e+00 9.809999996708951286e+00
5.650000000000000355e+00 -4.429446917359937785e+00 9.809999996854728010e+00
5.660000000000000142e+00 -4.429446917391390848e+00 9.809999996994047677e+00
5.669999999999999929e+00 -4.429446917421450358e+00 9.809999997127194504e+00
5.679999999999999716e+00 -4.429446917450178489e+00 9.809999997254443826e+00
5.690000000000000391e+00 -4.429446917477633860e+00 9.809999997376056768e+00
5.700000000000000178e+00 -4.429446917503873316e+00 9.809999997492282020e+00
5.709999999999999964e+00 -4.429446917528950145e+00 9.809999997603359390e+00
5.719999999999999751e+00 -4.429446917552916752e+00 9.809999997709518027e+00
5.730000000000000426e+00 -4.429446917575821985e+00 9.809999997810974648e+00
5.740000000000000213e+00 -4.429446917597712030e+00 9.809999997907935310e+00
5.750000000000000000e+00 -4.429446917618633073e+00 9.809999998000604293e+00
5.759999999999999787e+00 -4.429446917638626857e+00 9.809999998089166340e+00
5.770000000000000462e+00 -4.429446917657735128e+00 9.809999998173804414e+00
5.780000000000000249e+00 -4.429446917675996964e+00 9.809999998254694376e+00
5.790000000000000036e+00 -4.429446917693449670e+00 9.809999998332001425e+00
5.799999999999999822e+00 -4.429446917710129661e+00 9.809999998405883659e+00
5.810000000000000497e+00 -4.429446917726070687e+00 9.809999998476493843e+00
5.820000000000000284e+00 -4.429446917741305612e+00 9.809999998543975863e+00
5.830000000000000071e+00 -4.429446917755865520e+00 9.809999998608468275e+00
5.839999999999999858e+00 -4.429446917769780612e+00 9.809999998670104304e+00
5.850000000000000533e+00 -4.429446917783079307e+00 9.809999998729010073e+00
5.860000000000000320e+00 -4.429446917795789140e+00 9.809999998785308151e+00
5.870000000000000107e+00 -4.429446917807935868e+00 9.809999998839112223e+00
5.879999999999999893e+00 -4.429446917819544360e+00 9.809999998890530648e+00
5.889999999999999680e+00 -4.429446917830639485e+00 9.809999998939675336e+00
5.900000000000000355e+00 -4.429446917841242559e+00 9.809999998986642211e+00
5.910000000000000142e+00 -4.429446917851375787e+00 9.809999999031525419e+00
5.919999999999999929e+00 -4.429446917861060484e+00 9.809999999074424437e+00
5.929999999999999716e+00 -4.429446917870316192e+00 9.809999999115420977e+00
5.940000000000000391e+00 -4.429446917879161560e+00 9.809999999154602079e+00
5.950000000000000178e+00 -4.429446917887615243e+00 9.809999999192047682e+00
5.959999999999999964e+00 -4.429446917895695002e+00 9.809999999227835943e+00
5.969999999999999751e+00 -4.429446917903416825e+00 9.809999999262039694e+00
5.980000000000000426e+00 -4.429446917910796699e+00 9.809999999294728212e+00
5.990000000000000213e+00 -4.429446917917849724e+00 9.809999999325969000e+00
6.000000000000000000e+00 -4.429446917924590110e+00 9.809999999355826006e+00
6.009999999999999787e+00 -4.429446917931032068e+00 9.809999999384359626e+00
6.020000000000000462e+00 -4.429446917937188033e+00 9.809999999411626703e+00
6.030000000000000249e+00 -4.429446917943071327e+00 9.809999999437687634e+00
6.040000000000000036e+00 -4.429446917948694384e+00 9.809999999462593934e+00
6.049999999999999822e+00 -4.429446917954068752e+00 9.809999999486398892e+00
6.060000000000000497e+00 -4.429446917959205088e+00 9.809999999509150470e+00
6.070000000000000284e+00 -4.429446917964113162e+00 9.809999999530891301e+00
6.080000000000000071e+00 -4.429446917968804520e+00 9.809999999551671124e+00
6.089999999999999858e+00 -4.429446917973288045e+00 9.809999999571530793e+00
6.100000000000000533e+00 -4.429446917977572618e+00 9.809999999590507613e+00
6.110000000000000320e+00 -4.429446917981667120e+00 9.809999999608644217e+00
6.120000000000000107e+00 -4.429446917985580434e+00 9.809999999625977907e+00
6.129999999999999893e+00 -4.429446917989320553e+00 9.809999999642545987e+00
6.140000000000000568e+00 -4.429446917992895472e+00 9.809999999658380432e+00
6.150000000000000355e+00 -4.429446917996311406e+00 9.809999999673511439e+00
6.160000000000000142e+00 -4.429446917999576350e+00 9.809999999687972760e+00
6.169999999999999929e+00 -4.429446918002696520e+00 9.809999999701792817e+00
6.179999999999999716e+00 -4.429446918005679024e+00 9.809999999715003582e+00
6.190000000000000391e+00 -4.429446918008529188e+00 9.809999999727628150e+00
6.200000000000000178e+00 -4.429446918011253231e+00 9.809999999739694942e+00
6.209999999999999964e+00 -4.429446918013856482e+00 9.809999999751225275e+00
6.219999999999999751e+00 -4.429446918016344270e+00 9.809999999762245793e+00
6.230000000000000426e+00 -4.429446918018721924e+00 9.809999999772777812e+00
6.240000000000000213e+00 -4.429446918020993884e+00 9.809999999782840874e+00
6.250000000000000000e+00 -4.429446918023165480e+00 9.809999999792459846e+00
6.259999999999999787e+00 -4.429446918025241153e+00 9.809999999801654269e+00
6.270000000000000462e+00 -4.429446918027224456e+00 9.809999999810438354e+00
6.280000000000000249e+00 -4.429446918029119828e+00 9.809999999818833416e+00
6.290000000000000036e+00 -4.429446918030931712e+00 9.809999999826858996e+00
6.299999999999999822e+00 -4.429446918032662772e+00 9.809999999834527529e+00
6.310000000000000497e+00 -4.429446918034317449e+00 9.809999999841856777e+00
6.320000000000000284e+00 -4.429446918035899294e+00 9.809999999848862728e+00
6.330000000000000071e+00 -4.429446918037410974e+00 9.809999999855559594e+00
6.339999999999999858e+00 -4.429446918038855152e+00 9.809999999861956255e+00
6.350000000000000533e+00 -4.429446918040235381e+00 9.809999999868070475e+00
6.360000000000000320e+00 -4.429446918041554326e+00 9.809999999873912913e+00
6.370000000000000107e+00 -4.429446918042815540e+00 9.809999999879497778e+00
6.379999999999999893e+00 -4.429446918044020798e+00 9.809999999884837507e+00
6.390000000000000568e+00 -4.429446918045172765e+00 9.809999999889939204e+00
6.400000000000000355e+00 -4.429446918046273218e+00 9.809999999894813527e+00
6.410000000000000142e+00 -4.429446918047324822e+00 9.809999999899472911e+00
6.419999999999999929e+00 -4.429446918048330240e+00 9.809999999903926238e+00
6.429999999999999716e+00 -4.429446918049291249e+00 9.809999999908182389e+00
6.440000000000000391e+00 -4.429446918050209625e+00 9.809999999912250246e+00
6.450000000000000178e+00 -4.429446918051087145e+00 9.809999999916136915e+00
6.459999999999999964e+00 -4.429446918051925586e+00 9.809999999919851277e+00
6.469999999999999751e+00 -4.429446918052726723e+00 9.809999999923400438e+00
6.480000000000000426e+00 -4.429446918053492332e+00 9.809999999926791503e+00
6.490000000000000213e+00 -4.429446918054224192e+00 9.809999999930033354e+00
6.500000000000000000e+00 -4.429446918054924076e+00 9.809999999933133097e+00
6.509999999999999787e+00 -4.429446918055592874e+00 9.809999999936094284e+00
6.520000000000000462e+00 -4.429446918056232363e+00 9.809999999938927573e+00
6.530000000000000249e+00 -4.429446918056843430e+00 9.809999999941634741e+00
6.540000000000000036e+00 -4.429446918057426963e+00 9.809999999944219340e+00
6.549999999999999822e+00 -4.429446918057984739e+00 9.809999999946690252e+00
6.560000000000000497e+00 -4.429446918058517646e+00 9.809999999949051031e+00
6.570000000000000284e+00 -4.429446918059027460e+00 9.809999999951308780e+00
6.580000000000000071e+00 -4.429446918059514182e+00 9.809999999953463501e+00
6.589999999999999858e+00 -4.429446918059979588e+00 9.809999999955525851e+00
6.600000000000000533e+00 -4.429446918060424565e+00 9.809999999957497607e+00
6.610000000000000320e+00 -4.429446918060850003e+00 9.809999999959380546e+00
6.620000000000000107e+00 -4.429446918061255900e+00 9.809999999961179995e+00
6.629999999999999893e+00 -4.429446918061644034e+00 9.809999999962897732e+00
6.640000000000000568e+00 -4.429446918062015293e+00 9.809999999964542639e+00
6.650000000000000355e+00 -4.429446918062369676e+00 9.809999999966112938e+00
6.660000000000000142e+00 -4.429446918062708960e+00 9.809999999967615736e+00
6.669999999999999929e+00 -4.429446918063033145e+00 9.809999999969051032e+00
6.679999999999999716e+00 -4.429446918063342231e+00 9.809999999970420603e+00
6.690000000000000391e+00 -4.429446918063637995e+00 9.809999999971729778e+00
6.700000000000000178e+00 -4.429446918063920435e+00 9.809999999972982110e+00
6.709999999999999964e+00 -4.429446918064190442e+00 9.809999999974177598e+00
6.719999999999999751e+00 -4.429446918064448901e+00 9.809999999975321572e+00
6.730000000000000426e+00 -4.429446918064695815e+00 9.809999999976415808e+00
6.740000000000000213e+00 -4.429446918064932071e+00 9.809999999977462082e+00
6.750000000000000000e+00 -4.429446918065157668e+00 9.809999999978462171e+00
6.759999999999999787e+00 -4.429446918065373495e+00 9.809999999979417851e+00
6.770000000000000462e+00 -4.429446918065579553e+00 9.809999999980330898e+00
6.780000000000000249e+00 -4.429446918065775840e+00 9.809999999981199537e+00
6.790000000000000036e+00 -4.429446918065964134e+00 9.809999999982034424e+00
6.799999999999999822e+00 -4.429446918066143546e+00 9.809999999982828456e+00
6.810000000000000497e+00 -4.429446918066314964e+00 9.809999999983588737e+00
6.820000000000000284e+00 -4.429446918066479277e+00 9.809999999984315266e+00
6.830000000000000071e+00 -4.429446918066636485e+00 9.809999999985011598e+00
6.839999999999999858e+00 -4.429446918066786587e+00 9.809999999985677732e+00
6.850000000000000533e+00 -4.429446918066929584e+00 9.809999999986310115e+00
6.860000000000000320e+00 -4.429446918067066363e+00 9.809999999986915853e+00
6.870000000000000107e+00 -4.429446918067196926e+00 9.809999999987494945e+00
6.879999999999999893e+00 -4.429446918067322159e+00 9.809999999988049169e+00
6.890000000000000568e+00 -4.429446918067442063e+00 9.809999999988580299e+00
6.900000000000000355e+00 -4.429446918067556638e+00 9.809999999989088337e+00
6.910000000000000142e+00 -4.429446918067665884e+00 9.809999999989571506e+00
6.919999999999999929e+00 -4.429446918067769801e+00 9.809999999990031583e+00
6.929999999999999716e+00 -4.429446918067869277e+00 9.809999999990472119e+00
6.940000000000000391e+00 -4.429446918067964312e+00 9.809999999990893116e+00
6.950000000000000178e+00 -4.429446918068055794e+00 9.809999999991298125e+00
6.959999999999999964e+00 -4.429446918068142836e+00 9.809999999991683595e+00
6.969999999999999751e+00 -4.429446918068226324e+00 9.809999999992054853e+00
6.980000000000000426e+00 -4.429446918068305372e+00 9.809999999992404796e+00
6.990000000000000213e+00 -4.429446918068381756e+00 9.809999999992742303e+00
7.000000000000000000e+00 -4.429446918068454586e+00 9.809999999993065600e+00
7.009999999999999787e+00 -4.429446918068523864e+00 9.809999999993372910e+00
7.020000000000000462e+00 -4.429446918068590477e+00 9.809999999993667785e+00
7.030000000000000249e+00 -4.429446918068653538e+00 9.809999999993946673e+00
7.040000000000000036e+00 -4.429446918068713934e+00 9.809999999994214903e+00
7.049999999999999822e+00 -4.429446918068771666e+00 9.809999999994468922e+00
7.060000000000000497e+00 -4.429446918068826733e+00 9.809999999994714059e+00
7.070000000000000284e+00 -4.429446918068880024e+00 9.809999999994950315e+00
7.080000000000000071e+00 -4.429446918068930650e+00 9.809999999995174136e+00
7.089999999999999858e+00 -4.429446918068978611e+00 9.809999999995387299e+00
7.100000000000000533e+00 -4.429446918069024797e+00 9.809999999995591580e+00
7.110000000000000320e+00 -4.429446918069069206e+00 9.809999999995786979e+00
7.120000000000000107e+00 -4.429446918069110950e+00 9.809999999995973496e+00
7.129999999999999893e+00 -4.429446918069150918e+00 9.809999999996149356e+00
7.140000000000000568e+00 -4.429446918069189110e+00 9.809999999996318110e+00
7.150000000000000355e+00 -4.429446918069225525e+00 9.809999999996479758e+00
7.160000000000000142e+00 -4.429446918069261052e+00 9.809999999996637854e+00
7.169999999999999929e+00 -4.429446918069294803e+00 9.809999999996787068e+00
7.179999999999999716e+00 -4.429446918069326777e+00 9.809999999996929176e+00
7.190000000000000391e+00 -4.429446918069357864e+00 9.809999999997065956e+00
7.200000000000000178e+00 -4.429446918069387173e+00 9.809999999997195630e+00
7.209999999999999964e+00 -4.429446918069415595e+00 9.809999999997321751e+00
7.219999999999999751e+00 -4.429446918069442241e+00 9.809999999997440767e+00
7.230000000000000426e+00 -4.429446918069467998e+00 9.809999999997554454e+00
7.240000000000000213e+00 -4.429446918069492867e+00 9.809999999997664588e+00
7.250000000000000000e+00 -4.429446918069515959e+00 9.809999999997765840e+00
7.259999999999999787e+00 -4.429446918069538164e+00 9.809999999997865316e+00
7.270000000000000462e+00 -4.429446918069559480e+00 9.809999999997959463e+00
7.280000000000000249e+00 -4.429446918069579908e+00 9.809999999998050058e+00
7.290000000000000036e+00 -4.429446918069599448e+00 9.809999999998137099e+00
7.299999999999999822e+00 -4.429446918069618100e+00 9.809999999998218811e+00
7.310000000000000497e+00 -4.429446918069635863e+00 9.809999999998296971e+00
7.320000000000000284e+00 -4.429446918069652739e+00 9.809999999998373355e+00
7.330000000000000071e+00 -4.429446918069668726e+00 9.809999999998442632e+00
7.339999999999999858e+00 -4.429446918069684713e+00 9.809999999998513687e+00
7.350000000000000533e+00 -4.429446918069699812e+00 9.809999999998581188e+00
7.360000000000000320e+00 -4.429446918069714023e+00 9.809999999998643361e+00
7.370000000000000107e+00 -4.429446918069727346e+00 9.809999999998703757e+00
7.379999999999999893e+00 -4.429446918069740668e+00 9.809999999998762377e+00
7.390000000000000568e+00 -4.429446918069753103e+00 9.809999999998817444e+00
7.400000000000000355e+00 -4.429446918069764649e+00 9.809999999998868958e+00
7.410000000000000142e+00 -4.429446918069776196e+00 9.809999999998918696e+00
7.419999999999999929e+00 -4.429446918069786854e+00 9.809999999998966658e+00
7.429999999999999716e+00 -4.429446918069797512e+00 9.809999999999014619e+00
7.440000000000000391e+00 -4.429446918069807282e+00 9.809999999999057252e+00
7.450000000000000178e+00 -4.429446918069817052e+00 9.809999999999099884e+00
7.459999999999999964e+00 -4.429446918069825934e+00 9.809999999999138964e+00
7.469999999999999751e+00 -4.429446918069834815e+00 9.809999999999179821e+00
7.480000000000000426e+00 -4.429446918069842809e+00 9.809999999999213571e+00
7.490000000000000213e+00 -4.429446918069850803e+00 9.809999999999249098e+00
7.500000000000000000e+00 -4.429446918069857908e+00 9.809999999999281073e+00
7.509999999999999787e+00 -4.429446918069865013e+00 9.809999999999313047e+00
7.520000000000000462e+00 -4.429446918069872119e+00 9.809999999999345022e+00
7.530000000000000249e+00 -4.429446918069878336e+00 9.809999999999371667e+00
7.540000000000000036e+00 -4.429446918069884553e+00 9.809999999999400089e+00
7.549999999999999822e+00 -4.429446918069890771e+00 9.809999999999426734e+00
7.560000000000000497e+00 -4.429446918069896100e+00 9.809999999999449827e+00
7.570000000000000284e+00 -4.429446918069901429e+00 9.809999999999474696e+00
7.580000000000000071e+00 -4.429446918069906758e+00 9.809999999999497788e+00
7.589999999999999858e+00 -4.429446918069912087e+00 9.809999999999520881e+00
7.600000000000000533e+00 -4.429446918069916528e+00 9.809999999999540421e+00
7.610000000000000320e+00 -4.429446918069920969e+00 9.809999999999559961e+00
7.620000000000000107e+00 -4.429446918069925410e+00 9.809999999999579501e+00
7.629999999999999893e+00 -4.429446918069929851e+00 9.809999999999599041e+00
7.640000000000000568e+00 -4.429446918069934291e+00 9.809999999999620357e+00
7.650000000000000355e+00 -4.429446918069937844e+00 9.809999999999634568e+00
7.660000000000000142e+00 -4.429446918069941397e+00 9.809999999999650555e+00
7.669999999999999929e+00 -4.429446918069944950e+00 9.809999999999666542e+00
7.679999999999999716e+00 -4.429446918069948502e+00 9.809999999999682530e+00
7.690000000000000391e+00 -4.429446918069952055e+00 9.809999999999698517e+00
7.700000000000000178e+00 -4.429446918069954719e+00 9.809999999999710951e+00
7.709999999999999964e+00 -4.429446918069957384e+00 9.809999999999721609e+00
7.719999999999999751e+00 -4.429446918069960049e+00 9.809999999999734044e+00
7.730000000000000426e+00 -4.429446918069962713e+00 9.809999999999744702e+00
7.740000000000000213e+00 -4.429446918069965378e+00 9.809999999999757136e+00
7.750000000000000000e+00 -4.429446918069968042e+00 9.809999999999769571e+00
7.759999999999999787e+00 -4.429446918069970707e+00 9.809999999999780229e+00
7.770000000000000462e+00 -4.429446918069972483e+00 9.809999999999789111e+00
7.780000000000000249e+00 -4.429446918069974259e+00 9.809999999999796216e+00
7.790000000000000036e+00 -4.429446918069976036e+00 9.809999999999805098e+00
7.799999999999999822e+00 -4.429446918069977812e+00 9.809999999999812204e+00
7.810000000000000497e+00 -4.429446918069979588e+00 9.809999999999821085e+00
7.820000000000000284e+00 -4.429446918069981365e+00 9.809999999999828191e+00
7.830000000000000071e+00 -4.429446918069983141e+00 9.809999999999835296e+00
7.839999999999999858e+00 -4.429446918069984918e+00 9.809999999999844178e+00
7.850000000000000533e+00 -4.429446918069986694e+00 9.809999999999851283e+00
7.860000000000000320e+00 -4.429446918069988470e+00 9.809999999999860165e+00
7.870000000000000107e+00 -4.429446918069990247e+00 9.809999999999867271e+00
7.879999999999999893e+00 -4.429446918069992023e+00 9.809999999999876152e+00
7.890000000000000568e+00 -4.429446918069992911e+00 9.809999999999879705e+00
7.900000000000000355e+00 -4.429446918069993799e+00 9.809999999999883258e+00
7.910000000000000142e+00 -4.429446918069994688e+00 9.809999999999886811e+00
7.919999999999999929e+00 -4.429446918069995576e+00 9.809999999999890363e+00
7.930000000000000604e+00 -4.429446918069996464e+00 9.809999999999895692e+00
7.940000000000000391e+00 -4.429446918069997352e+00 9.809999999999899245e+00
7.950000000000000178e+00 -4.429446918069998240e+00 9.809999999999902798e+00
7.959999999999999964e+00 -4.429446918069999128e+00 9.809999999999906350e+00
7.969999999999999751e+00 -4.429446918070000017e+00 9.809999999999909903e+00
7.980000000000000426e+00 -4.429446918070000905e+00 9.809999999999915232e+00
7.990000000000000213e+00 -4.429446918070001793e+00 9.809999999999918785e+00
8.000000000000000000e+00 -4.429446918070002681e+00 9.809999999999922338e+00
8.009999999999999787e+00 -4.429446918070003569e+00 9.809999999999925890e+00
8.019999999999999574e+00 -4.429446918070004457e+00 9.809999999999931219e+00
8.029999999999999361e+00 -4.429446918070005346e+00 9.809999999999934772e+00
8.040000000000000924e+00 -4.429446918070006234e+00 9.809999999999938325e+00
8.050000000000000711e+00 -4.429446918070007122e+00 9.809999999999941878e+00
8.060000000000000497e+00 -4.429446918070008010e+00 9.809999999999945430e+00
8.070000000000000284e+00 -4.429446918070008898e+00 9.809999999999950759e+00
8.080000000000000071e+00 -4.429446918070009787e+00 9.809999999999954312e+00
8.089999999999999858e+00 -4.429446918070010675e+00 9.809999999999957865e+00
8.099999999999999645e+00 -4.429446918070010675e+00 9.809999999999957865e+00
8.109999999999999432e+00 -4.429446918070010675e+00 9.809999999999957865e+00
8.120000000000000995e+00 -4.429446918070010675e+00 9.809999999999957865e+00
8.130000000000000782e+00 -4.429446918070010675e+00 9.809999999999957865e+00
8.140000000000000568e+00 -4.429446918070010675e+00 9.809999999999957865e+00
8.150000000000000355e+00 -4.429446918070010675e+00 9.809999999999957865e+00
8.160000000000000142e+00 -4.429446918070010675e+00 9.809999999999957865e+00
8.169999999999999929e+00 -4.429446918070010675e+00 9.809999999999957865e+00
8.179999999999999716e+00 -4.429446918070010675e+00 9.809999999999957865e+00
8.189999999999999503e+00 -4.429446918070010675e+00 9.809999999999957865e+00
8.199999999999999289e+00 -4.429446918070010675e+00 9.809999999999957865e+00
8.210000000000000853e+00 -4.429446918070010675e+00 9.809999999999957865e+00
8.220000000000000639e+00 -4.429446918070010675e+00 9.809999999999957865e+00
8.230000000000000426e+00 -4.429446918070010675e+00 9.809999999999957865e+00
8.240000000000000213e+00 -4.429446918070010675e+00 9.809999999999957865e+00
8.250000000000000000e+00 -4.429446918070010675e+00 9.809999999999957865e+00
8.259999999999999787e+00 -4.429446918070010675e+00 9.809999999999957865e+00
8.269999999999999574e+00 -4.429446918070010675e+00 9.809999999999957865e+00
8.279999999999999361e+00 -4.429446918070010675e+00 9.809999999999957865e+00
8.290000000000000924e+00 -4.429446918070010675e+00 9.809999999999957865e+00
8.300000000000000711e+00 -4.429446918070010675e+00 9.809999999999957865e+00
8.310000000000000497e+00 -4.429446918070010675e+00 9.809999999999957865e+00
8.320000000000000284e+00 -4.429446918070010675e+00 9.809999999999957865e+00
8.330000000000000071e+00 -4.429446918070010675e+00 9.809999999999957865e+00
8.339999999999999858e+00 -4.429446918070010675e+00 9.809999999999957865e+00
8.349999999999999645e+00 -4.429446918070010675e+00 9.809999999999957865e+00
8.359999999999999432e+00 -4.429446918070010675e+00 9.809999999999957865e+00
8.370000000000000995e+00 -4.429446918070010675e+00 9.809999999999957865e+00
8.380000000000000782e+00 -4.429446918070010675e+00 9.809999999999957865e+00
8.390000000000000568e+00 -4.429446918070010675e+00 9.809999999999957865e+00
8.400000000000000355e+00 -4.429446918070010675e+00 9.809999999999957865e+00
8.410000000000000142e+00 -4.429446918070010675e+00 9.809999999999957865e+00
8.419999999999999929e+00 -4.429446918070010675e+00 9.809999999999957865e+00
8.429999999999999716e+00 -4.429446918070010675e+00 9.809999999999957865e+00
8.439999999999999503e+00 -4.429446918070010675e+00 9.809999999999957865e+00
8.449999999999999289e+00 -4.429446918070010675e+00 9.809999999999957865e+00
8.460000000000000853e+00 -4.429446918070010675e+00 9.809999999999957865e+00
8.470000000000000639e+00 -4.429446918070010675e+00 9.809999999999957865e+00
8.480000000000000426e+00 -4.429446918070010675e+00 9.809999999999957865e+00
8.490000000000000213e+00 -4.429446918070010675e+00 9.809999999999957865e+00
8.500000000000000000e+00 -4.429446918070010675e+00 9.809999999999957865e+00
8.509999999999999787e+00 -4.429446918070010675e+00 9.809999999999957865e+00
8.519999999999999574e+00 -4.429446918070010675e+00 9.809999999999957865e+00
8.529999999999999361e+00 -4.429446918070010675e+00 9.809999999999957865e+00
8.540000000000000924e+00 -4.429446918070010675e+00 9.809999999999957865e+00
8.550000000000000711e+00 -4.429446918070010675e+00 9.809999999999957865e+00
8.560000000000000497e+00 -4.429446918070010675e+00 9.809999999999957865e+00
8.570000000000000284e+00 -4.429446918070010675e+00 9.809999999999957865e+00
8.580000000000000071e+00 -4.429446918070010675e+00 9.809999999999957865e+00
8.589999999999999858e+00 -4.429446918070010675e+00 9.809999999999957865e+00
8.599999999999999645e+00 -4.429446918070010675e+00 9.809999999999957865e+00
8.609999999999999432e+00 -4.429446918070010675e+00 9.809999999999957865e+00
8.620000000000000995e+00 -4.429446918070010675e+00 9.809999999999957865e+00
8.630000000000000782e+00 -4.429446918070010675e+00 9.809999999999957865e+00
8.640000000000000568e+00 -4.429446918070010675e+00 9.809999999999957865e+00
8.650000000000000355e+00 -4.429446918070010675e+00 9.809999999999957865e+00
8.660000000000000142e+00 -4.429446918070010675e+00 9.809999999999957865e+00
8.669999999999999929e+00 -4.429446918070010675e+00 9.809999999999957865e+00
8.679999999999999716e+00 -4.429446918070010675e+00 9.809999999999957865e+00
8.689999999999999503e+00 -4.429446918070010675e+00 9.809999999999957865e+00
8.700000000000001066e+00 -4.429446918070010675e+00 9.809999999999957865e+00
8.710000000000000853e+00 -4.429446918070010675e+00 9.809999999999957865e+00
8.720000000000000639e+00 -4.429446918070010675e+00 9.809999999999957865e+00
8.730000000000000426e+00 -4.429446918070010675e+00 9.809999999999957865e+00
8.740000000000000213e+00 -4.429446918070010675e+00 9.809999999999957865e+00
8.750000000000000000e+00 -4.429446918070010675e+00 9.809999999999957865e+00
8.759999999999999787e+00 -4.429446918070010675e+00 9.809999999999957865e+00
8.769999999999999574e+00 -4.429446918070010675e+00 9.809999999999957865e+00
8.779999999999999361e+00 -4.429446918070010675e+00 9.809999999999957865e+00
8.790000000000000924e+00 -4.429446918070010675e+00 9.809999999999957865e+00
8.800000000000000711e+00 -4.429446918070010675e+00 9.809999999999957865e+00
8.810000000000000497e+00 -4.429446918070010675e+00 9.809999999999957865e+00
8.820000000000000284e+00 -4.429446918070010675e+00 9.809999999999957865e+00
8.830000000000000071e+00 -4.429446918070010675e+00 9.809999999999957865e+00
8.839999999999999858e+00 -4.429446918070010675e+00 9.809999999999957865e+00
8.849999999999999645e+00 -4.429446918070010675e+00 9.809999999999957865e+00
8.859999999999999432e+00 -4.429446918070010675e+00 9.809999999999957865e+00
8.870000000000000995e+00 -4.429446918070010675e+00 9.809999999999957865e+00
8.880000000000000782e+00 -4.429446918070010675e+00 9.809999999999957865e+00
8.890000000000000568e+00 -4.429446918070010675e+00 9.809999999999957865e+00
8.900000000000000355e+00 -4.429446918070010675e+00 9.809999999999957865e+00
8.910000000000000142e+00 -4.429446918070010675e+00 9.809999999999957865e+00
8.919999999999999929e+00 -4.429446918070010675e+00 9.809999999999957865e+00
8.929999999999999716e+00 -4.429446918070010675e+00 9.809999999999957865e+00
8.939999999999999503e+00 -4.429446918070010675e+00 9.809999999999957865e+00
8.950000000000001066e+00 -4.429446918070010675e+00 9.809999999999957865e+00
8.960000000000000853e+00 -4.429446918070010675e+00 9.809999999999957865e+00
8.970000000000000639e+00 -4.429446918070010675e+00 9.809999999999957865e+00
8.980000000000000426e+00 -4.429446918070010675e+00 9.809999999999957865e+00
8.990000000000000213e+00 -4.429446918070010675e+00 9.809999999999957865e+00
9.000000000000000000e+00 -4.429446918070010675e+00 9.809999999999957865e+00
9.009999999999999787e+00 -4.429446918070010675e+00 9.809999999999957865e+00
9.019999999999999574e+00 -4.429446918070010675e+00 9.809999999999957865e+00
9.029999999999999361e+00 -4.429446918070010675e+00 9.809999999999957865e+00
9.040000000000000924e+00 -4.429446918070010675e+00 9.809999999999957865e+00
9.050000000000000711e+00 -4.429446918070010675e+00 9.809999999999957865e+00
9.060000000000000497e+00 -4.429446918070010675e+00 9.809999999999957865e+00
9.070000000000000284e+00 -4.429446918070010675e+00 9.809999999999957865e+00
9.080000000000000071e+00 -4.429446918070010675e+00 9.809999999999957865e+00
9.089999999999999858e+00 -4.429446918070010675e+00 9.809999999999957865e+00
9.099999999999999645e+00 -4.429446918070010675e+00 9.809999999999957865e+00
9.109999999999999432e+00 -4.429446918070010675e+00 9.809999999999957865e+00
9.120000000000000995e+00 -4.429446918070010675e+00 9.809999999999957865e+00
9.130000000000000782e+00 -4.429446918070010675e+00 9.809999999999957865e+00
9.140000000000000568e+00 -4.429446918070010675e+00 9.809999999999957865e+00
9.150000000000000355e+00 -4.429446918070010675e+00 9.809999999999957865e+00
9.160000000000000142e+00 -4.429446918070010675e+00 9.809999999999957865e+00
9.169999999999999929e+00 -4.429446918070010675e+00 9.809999999999957865e+00
9.179999999999999716e+00 -4.429446918070010675e+00 9.809999999999957865e+00
9.189999999999999503e+00 -4.429446918070010675e+00 9.809999999999957865e+00
9.200000000000001066e+00 -4.429446918070010675e+00 9.809999999999957865e+00
9.210000000000000853e+00 -4.429446918070010675e+00 9.809999999999957865e+00
9.220000000000000639e+00 -4.429446918070010675e+00 9.809999999999957865e+00
9.230000000000000426e+00 -4.429446918070010675e+00 9.809999999999957865e+00
9.240000000000000213e+00 -4.429446918070010675e+00 9.809999999999957865e+00
9.250000000000000000e+00 -4.429446918070010675e+00 9.809999999999957865e+00
9.259999999999999787e+00 -4.429446918070010675e+00 9.809999999999957865e+00
9.269999999999999574e+00 -4.429446918070010675e+00 9.809999999999957865e+00
9.279999999999999361e+00 -4.429446918070010675e+00 9.809999999999957865e+00
9.290000000000000924e+00 -4.429446918070010675e+00 9.809999999999957865e+00
9.300000000000000711e+00 -4.429446918070010675e+00 9.809999999999957865e+00
9.310000000000000497e+00 -4.429446918070010675e+00 9.809999999999957865e+00
9.320000000000000284e+00 -4.429446918070010675e+00 9.809999999999957865e+00
9.330000000000000071e+00 -4.429446918070010675e+00 9.809999999999957865e+00
9.339999999999999858e+00 -4.429446918070010675e+00 9.809999999999957865e+00
9.349999999999999645e+00 -4.429446918070010675e+00 9.809999999999957865e+00
9.359999999999999432e+00 -4.429446918070010675e+00 9.809999999999957865e+00
9.370000000000000995e+00 -4.429446918070010675e+00 9.809999999999957865e+00
9.380000000000000782e+00 -4.429446918070010675e+00 9.809999999999957865e+00
9.390000000000000568e+00 -4.429446918070010675e+00 9.809999999999957865e+00
9.400000000000000355e+00 -4.429446918070010675e+00 9.809999999999957865e+00
9.410000000000000142e+00 -4.429446918070010675e+00 9.809999999999957865e+00
9.419999999999999929e+00 -4.429446918070010675e+00 9.809999999999957865e+00
9.429999999999999716e+00 -4.429446918070010675e+00 9.809999999999957865e+00
9.439999999999999503e+00 -4.429446918070010675e+00 9.809999999999957865e+00
9.450000000000001066e+00 -4.429446918070010675e+00 9.809999999999957865e+00
9.460000000000000853e+00 -4.429446918070010675e+00 9.809999999999957865e+00
9.470000000000000639e+00 -4.429446918070010675e+00 9.809999999999957865e+00
9.480000000000000426e+00 -4.429446918070010675e+00 9.809999999999957865e+00
9.490000000000000213e+00 -4.429446918070010675e+00 9.809999999999957865e+00
9.500000000000000000e+00 -4.429446918070010675e+00 9.809999999999957865e+00
9.509999999999999787e+00 -4.429446918070010675e+00 9.809999999999957865e+00
9.519999999999999574e+00 -4.429446918070010675e+00 9.809999999999957865e+00
9.529999999999999361e+00 -4.429446918070010675e+00 9.809999999999957865e+00
9.540000000000000924e+00 -4.429446918070010675e+00 9.809999999999957865e+00
9.550000000000000711e+00 -4.429446918070010675e+00 9.809999999999957865e+00
9.560000000000000497e+00 -4.429446918070010675e+00 9.809999999999957865e+00
9.570000000000000284e+00 -4.429446918070010675e+00 9.809999999999957865e+00
9.580000000000000071e+00 -4.429446918070010675e+00 9.809999999999957865e+00
9.589999999999999858e+00 -4.429446918070010675e+00 9.809999999999957865e+00
9.599999999999999645e+00 -4.429446918070010675e+00 9.809999999999957865e+00
9.609999999999999432e+00 -4.429446918070010675e+00 9.809999999999957865e+00
9.620000000000000995e+00 -4.429446918070010675e+00 9.809999999999957865e+00
9.630000000000000782e+00 -4.429446918070010675e+00 9.809999999999957865e+00
9.640000000000000568e+00 -4.429446918070010675e+00 9.809999999999957865e+00
9.650000000000000355e+00 -4.429446918070010675e+00 9.809999999999957865e+00
9.660000000000000142e+00 -4.429446918070010675e+00 9.809999999999957865e+00
9.669999999999999929e+00 -4.429446918070010675e+00 9.809999999999957865e+00
9.679999999999999716e+00 -4.429446918070010675e+00 9.809999999999957865e+00
9.689999999999999503e+00 -4.429446918070010675e+00 9.809999999999957865e+00
9.700000000000001066e+00 -4.429446918070010675e+00 9.809999999999957865e+00
9.710000000000000853e+00 -4.429446918070010675e+00 9.809999999999957865e+00
9.720000000000000639e+00 -4.429446918070010675e+00 9.809999999999957865e+00
9.730000000000000426e+00 -4.429446918070010675e+00 9.809999999999957865e+00
9.740000000000000213e+00 -4.429446918070010675e+00 9.809999999999957865e+00
9.750000000000000000e+00 -4.429446918070010675e+00 9.809999999999957865e+00
9.759999999999999787e+00 -4.429446918070010675e+00 9.809999999999957865e+00
9.769999999999999574e+00 -4.429446918070010675e+00 9.809999999999957865e+00
9.779999999999999361e+00 -4.429446918070010675e+00 9.809999999999957865e+00
9.790000000000000924e+00 -4.429446918070010675e+00 9.809999999999957865e+00
9.800000000000000711e+00 -4.429446918070010675e+00 9.809999999999957865e+00
9.810000000000000497e+00 -4.429446918070010675e+00 9.809999999999957865e+00
9.820000000000000284e+00 -4.429446918070010675e+00 9.809999999999957865e+00
9.830000000000000071e+00 -4.429446918070010675e+00 9.809999999999957865e+00
9.839999999999999858e+00 -4.429446918070010675e+00 9.809999999999957865e+00
9.849999999999999645e+00 -4.429446918070010675e+00 9.809999999999957865e+00
9.859999999999999432e+00 -4.429446918070010675e+00 9.809999999999957865e+00
9.870000000000000995e+00 -4.429446918070010675e+00 9.809999999999957865e+00
9.880000000000000782e+00 -4.429446918070010675e+00 9.809999999999957865e+00
9.890000000000000568e+00 -4.429446918070010675e+00 9.809999999999957865e+00
9.900000000000000355e+00 -4.429446918070010675e+00 9.809999999999957865e+00
9.910000000000000142e+00 -4.429446918070010675e+00 9.809999999999957865e+00
9.919999999999999929e+00 -4.429446918070010675e+00 9.809999999999957865e+00
9.929999999999999716e+00 -4.429446918070010675e+00 9.809999999999957865e+00
9.939999999999999503e+00 -4.429446918070010675e+00 9.809999999999957865e+00
9.950000000000001066e+00 -4.429446918070010675e+00 9.809999999999957865e+00
9.960000000000000853e+00 -4.429446918070010675e+00 9.809999999999957865e+00
9.970000000000000639e+00 -4.429446918070010675e+00 9.809999999999957865e+00
9.980000000000000426e+00 -4.429446918070010675e+00 9.809999999999957865e+00
9.990000000000000213e+00 -4.429446918070010675e+00 9.809999999999957865e+00
