Amp, Phaseshift, Time, Vd, Vr, VL, VC
-0.169106,372.342,0,0,0,0,0
-0.169106,372.342,3.38983e-007,0.188372,0.00319274,0.188372,0
-0.169106,372.342,6.77966e-007,0.376,0.0095115,0.372807,0.00216457
-0.169106,372.342,1.01695e-006,0.562144,0.0188415,0.550468,0.00861304
-0.169106,372.342,1.35593e-006,0.74607,0.0310214,0.718615,0.0213869
-0.169106,372.342,1.69492e-006,0.927051,0.0458458,0.874643,0.0424184
-0.169106,372.342,2.0339e-006,1.10437,0.063068,1.01611,0.0735003
-0.169106,372.342,2.37288e-006,1.27734,0.0824031,1.14077,0.116258
-0.169106,372.342,2.71186e-006,1.44526,0.103532,1.2466,0.172125
-0.169106,372.342,3.05085e-006,1.60748,0.126105,1.33182,0.242316
-0.169106,372.342,3.38983e-006,1.76336,0.149748,1.39493,0.327811
-0.169106,372.342,3.72881e-006,1.91227,0.174065,1.43471,0.429335
-0.169106,372.342,4.0678e-006,2.05364,0.198646,1.45024,0.547346
-0.169106,372.342,4.40678e-006,2.18691,0.223068,1.44091,0.682021
-0.169106,372.342,4.74576e-006,2.31154,0.246906,1.40645,0.833253
-0.169106,372.342,5.08475e-006,2.42705,0.269735,1.34689,1.00065
-0.169106,372.342,5.42373e-006,2.53298,0.291135,1.2626,1.18352
-0.169106,372.342,5.76271e-006,2.62892,0.310699,1.15427,1.3809
-0.169106,372.342,6.10169e-006,2.71448,0.328036,1.02288,1.59154
-0.169106,372.342,6.44068e-006,2.78933,0.342777,0.869753,1.81394
-0.169106,372.342,6.77966e-006,2.85317,0.354582,0.696454,2.04633
-0.169106,372.342,7.11864e-006,2.90575,0.363138,0.504839,2.28672
-0.169106,372.342,7.45763e-006,2.94686,0.368172,0.297,2.53292
-0.169106,372.342,7.79661e-006,2.97634,0.369448,0.0752531,2.78253
-0.169106,372.342,8.13559e-006,2.99408,0.366771,-0.157894,3.033
-0.169106,372.342,8.47458e-006,3,0.359996,-0.399771,3.28166
-0.169106,372.342,8.81356e-006,2.99408,0.34902,-0.647574,3.52572
-0.169106,372.342,9.15254e-006,2.97634,0.333793,-0.898399,3.76235
-0.169106,372.342,9.49153e-006,2.94686,0.314313,-1.14928,3.98865
-0.169106,372.342,9.83051e-006,2.90575,0.290632,-1.39721,4.20174
-0.169106,372.342,1.01695e-005,2.85317,0.262849,-1.6392,4.39878
-0.169106,372.342,1.05085e-005,2.78933,0.231115,-1.8723,4.57698
-0.169106,372.342,1.08475e-005,2.71448,0.19563,-2.09362,4.73367
-0.169106,372.342,1.11864e-005,2.62892,0.15664,-2.30038,4.8663
-0.169106,372.342,1.15254e-005,2.53298,0.114438,-2.48996,4.9725
-0.169106,372.342,1.18644e-005,2.42705,0.0693549,-2.65988,5.05008
-0.169106,372.342,1.22034e-005,2.31154,0.0217634,-2.8079,5.0971
-0.169106,372.342,1.25424e-005,2.18691,-0.0279308,-2.93196,5.11186
-0.169106,372.342,1.28814e-005,2.05364,-0.0792916,-3.03029,5.09292
-0.169106,372.342,1.32203e-005,1.91227,-0.131857,-3.10136,5.03916
-0.169106,372.342,1.35593e-005,1.76336,-0.185144,-3.14395,4.94977
-0.169106,372.342,1.38983e-005,1.60748,-0.238655,-3.15714,4.82425
-0.169106,372.342,1.42373e-005,1.44526,-0.291881,-3.14033,4.66245
-0.169106,372.342,1.45763e-005,1.27734,-0.344309,-3.09323,4.46456
-0.169106,372.342,1.49153e-005,1.10437,-0.395425,-3.01588,4.23113
-0.169106,372.342,1.52542e-005,0.927051,-0.444725,-2.90866,3.96305
-0.169106,372.342,1.55932e-005,0.74607,-0.491712,-2.77225,3.66154
-0.169106,372.342,1.59322e-005,0.562144,-0.53591,-2.60768,3.32818
-0.169106,372.342,1.62712e-005,0.376,-0.576864,-2.41627,2.96485
-0.169106,372.342,1.66102e-005,0.188372,-0.614145,-2.19961,2.57375
-0.169106,372.342,1.69492e-005,3.67382e-016,-0.647359,-1.95961,2.15738
-0.169106,372.342,1.72881e-005,-0.188372,-0.676145,-1.6984,1.7185
-0.169106,372.342,1.76271e-005,-0.376,-0.700185,-1.41835,1.26009
-0.169106,372.342,1.79661e-005,-0.562144,-0.719203,-1.12205,0.78539
-0.169106,372.342,1.83051e-005,-0.74607,-0.73297,-0.812257,0.297795
-0.169106,372.342,1.86441e-005,-0.927051,-0.741307,-0.491876,-0.199134
-0.169106,372.342,1.89831e-005,-1.10437,-0.744085,-0.163933,-0.701715
-0.169106,372.342,1.9322e-005,-1.27734,-0.74123,0.168462,-1.20618
-0.169106,372.342,1.9661e-005,-1.44526,-0.732719,0.502148,-1.70871
-0.169106,372.342,2e-005,-1.60748,-0.718584,0.833947,-2.20547
-0.169106,372.342,2.0339e-005,-1.76336,-0.698912,1.1607,-2.69264
-0.169106,372.342,2.0678e-005,-1.91227,-0.673839,1.47928,-3.16648
-0.169106,372.342,2.10169e-005,-2.05364,-0.643556,1.78668,-3.62332
-0.169106,372.342,2.13559e-005,-2.18691,-0.608303,2.07997,-4.05963
-0.169106,372.342,2.16949e-005,-2.31154,-0.568364,2.35639,-4.47204
-0.169106,372.342,2.20339e-005,-2.42705,-0.52407,2.61335,-4.85737
-0.169106,372.342,2.23729e-005,-2.53298,-0.475791,2.84846,-5.21267
-0.169106,372.342,2.27119e-005,-2.62892,-0.423934,3.05954,-5.53524
-0.169106,372.342,2.30508e-005,-2.71448,-0.368939,3.24469,-5.82265
-0.169106,372.342,2.33898e-005,-2.78933,-0.311274,3.40226,-6.07278
-0.169106,372.342,2.37288e-005,-2.85317,-0.251428,3.53089,-6.28382
-0.169106,372.342,2.40678e-005,-2.90575,-0.189911,3.62949,-6.45428
-0.169106,372.342,2.44068e-005,-2.94686,-0.127245,3.69733,-6.58303
-0.169106,372.342,2.47458e-005,-2.97634,-0.0639578,3.73393,-6.6693
-0.169106,372.342,2.50847e-005,-2.99408,-0.000581992,3.73917,-6.71266
-0.169106,372.342,2.54237e-005,-3,0.0623543,3.71324,-6.71305
-0.169106,372.342,2.57627e-005,-2.99408,0.124331,3.65662,-6.67078
-0.169106,372.342,2.61017e-005,-2.97634,0.184841,3.5701,-6.58649
-0.169106,372.342,2.64407e-005,-2.94686,0.243397,3.45478,-6.46117
-0.169106,372.342,2.67797e-005,-2.90575,0.299533,3.31202,-6.29616
-0.169106,372.342,2.71186e-005,-2.85317,0.352812,3.14345,-6.09308
-0.169106,372.342,2.74576e-005,-2.78933,0.402828,2.95094,-5.85389
-0.169106,372.342,2.77966e-005,-2.71448,0.44921,2.73658,-5.58078
-0.169106,372.342,2.81356e-005,-2.62892,0.491628,2.50265,-5.27624
-0.169106,372.342,2.84746e-005,-2.53298,0.529791,2.25162,-4.94293
-0.169106,372.342,2.88136e-005,-2.42705,0.563454,1.98609,-4.58375
-0.169106,372.342,2.91525e-005,-2.31154,0.592416,1.70875,-4.20175
-0.169106,372.342,2.94915e-005,-2.18691,0.616525,1.42242,-3.80011
-0.169106,372.342,2.98305e-005,-2.05364,0.635676,1.12994,-3.38212
-0.169106,372.342,3.01695e-005,-1.91227,0.649815,0.834177,-2.95116
-0.169106,372.342,3.05085e-005,-1.76336,0.658933,0.537987,-2.51061
-0.169106,372.342,3.08475e-005,-1.60748,0.663072,0.244192,-2.06387
-0.169106,372.342,3.11864e-005,-1.44526,0.662318,-0.0444617,-1.61433
-0.169106,372.342,3.15254e-005,-1.27734,0.656804,-0.325325,-1.1653
-0.169106,372.342,3.18644e-005,-1.10437,0.646705,-0.595877,-0.72001
-0.169106,372.342,3.22034e-005,-0.927051,0.632235,-0.853745,-0.281566
-0.169106,372.342,3.25424e-005,-0.74607,0.613646,-1.09674,0.147067
-0.169106,372.342,3.28814e-005,-0.562144,0.591224,-1.32286,0.563098
-0.169106,372.342,3.32203e-005,-0.376,0.565287,-1.53032,0.963928
-0.169106,372.342,3.35593e-005,-0.188372,0.536175,-1.71759,1.34717
-0.169106,372.342,3.38983e-005,-7.34764e-016,0.504254,-1.88335,1.71068
-0.169106,372.342,3.42373e-005,0.188372,0.469905,-2.02656,2.05255
-0.169106,372.342,3.45763e-005,0.376,0.433525,-2.14645,2.37113
-0.169106,372.342,3.49153e-005,0.562144,0.395516,-2.24251,2.66504
-0.169106,372.342,3.52542e-005,0.74607,0.356288,-2.31449,2.93319
-0.169106,372.342,3.55932e-005,0.927051,0.316246,-2.36243,3.17474
-0.169106,372.342,3.59322e-005,1.10437,0.275795,-2.38661,3.38915
-0.169106,372.342,3.62712e-005,1.27734,0.235327,-2.3876,3.57613
-0.169106,372.342,3.66102e-005,1.44526,0.195222,-2.36619,3.73567
-0.169106,372.342,3.69492e-005,1.60748,0.155843,-2.32341,3.86802
-0.169106,372.342,3.72881e-005,1.76336,0.117529,-2.26051,3.97368
-0.169106,372.342,3.76271e-005,1.91227,0.0805977,-2.17894,4.05336
-0.169106,372.342,3.79661e-005,2.05364,0.0453381,-2.08032,4.108
-0.169106,372.342,3.83051e-005,2.18691,0.0120087,-1.96644,4.13874
-0.169106,372.342,3.86441e-005,2.31154,-0.0191644,-1.83921,4.14688
-0.169106,372.342,3.89831e-005,2.42705,-0.0479892,-1.70067,4.13389
-0.169106,372.342,3.9322e-005,2.53298,-0.0743098,-1.55292,4.10135
-0.169106,372.342,3.9661e-005,2.62892,-0.0980069,-1.39812,4.05098
-0.169106,372.342,4e-005,2.71448,-0.118998,-1.23849,3.98453
-0.169106,372.342,4.0339e-005,2.78933,-0.137239,-1.0762,3.90385
-0.169106,372.342,4.0678e-005,2.85317,-0.152721,-0.913445,3.81081
-0.169106,372.342,4.10169e-005,2.90575,-0.165473,-0.752339,3.70727
-0.169106,372.342,4.13559e-005,2.94686,-0.175556,-0.594936,3.59509
-0.169106,372.342,4.16949e-005,2.97634,-0.183068,-0.443185,3.47606
-0.169106,372.342,4.20339e-005,2.99408,-0.188134,-0.298916,3.35195
-0.169106,372.342,4.23729e-005,3,-0.190911,-0.163816,3.2244
-0.169106,372.342,4.27119e-005,2.99408,-0.191579,-0.039411,3.09497
-0.169106,372.342,4.30508e-005,2.97634,-0.190342,0.0729519,2.96509
-0.169106,372.342,4.33898e-005,2.94686,-0.187425,0.172117,2.83604
-0.169106,372.342,4.37288e-005,2.90575,-0.183067,0.257133,2.70897
-0.169106,372.342,4.40678e-005,2.85317,-0.17752,0.327263,2.58486
-0.169106,372.342,4.44068e-005,2.78933,-0.171046,0.381989,2.46451
-0.169106,372.342,4.47458e-005,2.71448,-0.16391,0.421019,2.34854
-0.169106,372.342,4.50847e-005,2.62892,-0.156379,0.444285,2.23742
-0.169106,372.342,4.54237e-005,2.53298,-0.148719,0.451943,2.1314
-0.169106,372.342,4.57627e-005,2.42705,-0.141188,0.444371,2.03057
-0.169106,372.342,4.61017e-005,2.31154,-0.134033,0.422154,1.93485
-0.169106,372.342,4.64407e-005,2.18691,-0.127489,0.386086,1.84398
-0.169106,372.342,4.67797e-005,2.05364,-0.121774,0.337147,1.75755
-0.169106,372.342,4.71186e-005,1.91227,-0.117088,0.276496,1.67499
-0.169106,372.342,4.74576e-005,1.76336,-0.113606,0.205452,1.59561
-0.169106,372.342,4.77966e-005,1.60748,-0.111479,0.125477,1.51859
-0.169106,372.342,4.81356e-005,1.44526,-0.110832,0.0381512,1.44301
-0.169106,372.342,4.84746e-005,1.27734,-0.111762,-0.0548396,1.36787
-0.169106,372.342,4.88136e-005,1.10437,-0.114334,-0.151734,1.2921
-0.169106,372.342,4.91525e-005,0.927051,-0.118583,-0.250714,1.21458
-0.169106,372.342,4.94915e-005,0.74607,-0.124514,-0.349932,1.13419
-0.169106,372.342,4.98305e-005,0.562144,-0.132099,-0.447531,1.04977
-0.169106,372.342,5.01695e-005,0.376,-0.14128,-0.541674,0.960214
-0.169106,372.342,5.05085e-005,0.188372,-0.151968,-0.630562,0.864431
-0.169106,372.342,5.08475e-005,1.10215e-015,-0.164043,-0.712463,0.761402
-0.169106,372.342,5.11864e-005,-0.188372,-0.177361,-0.78573,0.650186
-0.169106,372.342,5.15254e-005,-0.376,-0.191748,-0.848825,0.529941
-0.169106,372.342,5.18644e-005,-0.562144,-0.207008,-0.900338,0.399943
-0.169106,372.342,5.22034e-005,-0.74607,-0.222923,-0.939005,0.259599
-0.169106,372.342,5.25424e-005,-0.927051,-0.239257,-0.963727,0.108464
-0.169106,372.342,5.28814e-005,-1.10437,-0.255759,-0.973581,-0.0537439
-0.169106,372.342,5.32203e-005,-1.27734,-0.272163,-0.967835,-0.22714
-0.169106,372.342,5.35593e-005,-1.44526,-0.288196,-0.945959,-0.411657
-0.169106,372.342,5.38983e-005,-1.60748,-0.303579,-0.907628,-0.607044
-0.169106,372.342,5.42373e-005,-1.76336,-0.318032,-0.852733,-0.81286
-0.169106,372.342,5.45763e-005,-1.91227,-0.331276,-0.781379,-1.02848
-0.169106,372.342,5.49153e-005,-2.05364,-0.343037,-0.69389,-1.25307
-0.169106,372.342,5.52542e-005,-2.18691,-0.353051,-0.590799,-1.48564
-0.169106,372.342,5.55932e-005,-2.31154,-0.361065,-0.472852,-1.72499
-0.169106,372.342,5.59322e-005,-2.42705,-0.366845,-0.340993,-1.96978
-0.169106,372.342,5.62712e-005,-2.53298,-0.370173,-0.196356,-2.21849
-0.169106,372.342,5.66102e-005,-2.62892,-0.370855,-0.0402561,-2.46946
-0.169106,372.342,5.69492e-005,-2.71448,-0.368722,0.12583,-2.72088
-0.169106,372.342,5.72881e-005,-2.78933,-0.363633,0.300276,-2.97086
-0.169106,372.342,5.76271e-005,-2.85317,-0.355475,0.481327,-3.21739
-0.169106,372.342,5.79661e-005,-2.90575,-0.344168,0.66712,-3.45839
-0.169106,372.342,5.83051e-005,-2.94686,-0.329664,0.8557,-3.69173
-0.169106,372.342,5.86441e-005,-2.97634,-0.311952,1.04505,-3.91523
-0.169106,372.342,5.89831e-005,-2.99408,-0.291052,1.2331,-4.12672
-0.169106,372.342,5.9322e-005,-3,-0.267021,1.41777,-4.32405
-0.169106,372.342,5.9661e-005,-2.99408,-0.239954,1.59699,-4.50508
-0.169106,372.342,6e-005,-2.97634,-0.209976,1.76869,-4.66776
-0.169106,372.342,6.0339e-005,-2.94686,-0.177249,1.93087,-4.81011
-0.169106,372.342,6.0678e-005,-2.90575,-0.141968,2.08161,-4.93028
-0.169106,372.342,6.10169e-005,-2.85317,-0.104356,2.21908,-5.02653
-0.169106,372.342,6.13559e-005,-2.78933,-0.0646689,2.34156,-5.09728
-0.169106,372.342,6.16949e-005,-2.71448,-0.0231863,2.44747,-5.14113
-0.169106,372.342,6.20339e-005,-2.62892,0.0197864,2.53539,-5.15685
-0.169106,372.342,6.23729e-005,-2.53298,0.0639233,2.60408,-5.14343
-0.169106,372.342,6.27119e-005,-2.42705,0.10888,2.65246,-5.10009
-0.169106,372.342,6.30508e-005,-2.31154,0.154298,2.67967,-5.02628
-0.169106,372.342,6.33898e-005,-2.18691,0.199808,2.68507,-4.92167
-0.169106,372.342,6.37288e-005,-2.05364,0.245032,2.66822,-4.7862
-0.169106,372.342,6.40678e-005,-1.91227,0.28959,2.6289,-4.62008
-0.169106,372.342,6.44068e-005,-1.76336,0.3331,2.56714,-4.42375
-0.169106,372.342,6.47458e-005,-1.60748,0.375188,2.48317,-4.19792
-0.169106,372.342,6.50847e-005,-1.44526,0.415484,2.37747,-3.94355
-0.169106,372.342,6.54237e-005,-1.27734,0.453632,2.25073,-3.66187
-0.169106,372.342,6.57627e-005,-1.10437,0.489291,2.10386,-3.35432
-0.169106,372.342,6.61017e-005,-0.927051,0.522138,1.93798,-3.0226
-0.169106,372.342,6.64407e-005,-0.74607,0.551873,1.75439,-2.66861
-0.169106,372.342,6.67797e-005,-0.562144,0.578222,1.55459,-2.29446
-0.169106,372.342,6.71186e-005,-0.376,0.600938,1.34023,-1.90244
-0.169106,372.342,6.74576e-005,-0.188372,0.619805,1.11313,-1.49502
-0.169106,372.342,6.77966e-005,-1.46953e-015,0.634639,0.87522,-1.07482
-0.169106,372.342,6.81356e-005,0.188372,0.645292,0.628551,-0.644554
-0.169106,372.342,6.84746e-005,0.376,0.651653,0.375262,-0.207068
-0.169106,372.342,6.88136e-005,0.562144,0.653645,0.117559,0.234731
-0.169106,372.342,6.91525e-005,0.74607,0.651233,-0.142306,0.67788
-0.169106,372.342,6.94915e-005,0.927051,0.644419,-0.402062,1.11939
-0.169106,372.342,6.98305e-005,1.10437,0.633242,-0.659439,1.55629
-0.169106,372.342,7.01695e-005,1.27734,0.617781,-0.912192,1.9856
-0.169106,372.342,7.05085e-005,1.44526,0.598152,-1.15812,2.40444
-0.169106,372.342,7.08475e-005,1.60748,0.574506,-1.39511,2.80997
-0.169106,372.342,7.11864e-005,1.76336,0.547029,-1.62112,3.19946
-0.169106,372.342,7.15254e-005,1.91227,0.515941,-1.83422,3.57033
-0.169106,372.342,7.18644e-005,2.05364,0.481489,-2.03263,3.92012
-0.169106,372.342,7.22034e-005,2.18691,0.443952,-2.2147,4.24655
-0.169106,372.342,7.25424e-005,2.31154,0.403631,-2.37896,4.54754
-0.169106,372.342,7.28814e-005,2.42705,0.360849,-2.52412,4.82118
-0.169106,372.342,7.32203e-005,2.53298,0.31595,-2.64905,5.06583
-0.169106,372.342,7.35593e-005,2.62892,0.269291,-2.75286,5.28003
-0.169106,372.342,7.38983e-005,2.71448,0.221243,-2.83484,5.4626
-0.169106,372.342,7.42373e-005,2.78933,0.172184,-2.89452,5.6126
-0.169106,372.342,7.45763e-005,2.85317,0.122495,-2.93161,5.72933
-0.169106,372.342,7.49153e-005,2.90575,0.0725617,-2.94608,5.81238
-0.169106,372.342,7.52542e-005,2.94686,0.0227637,-2.93808,5.86157
-0.169106,372.342,7.55932e-005,2.97634,-0.0265243,-2.90799,5.87701
-0.169106,372.342,7.59322e-005,2.99408,-0.0749379,-2.8564,5.85902
-0.169106,372.342,7.62712e-005,3,-0.122126,-2.78409,5.80822
-0.169106,372.342,7.66102e-005,2.99408,-0.167753,-2.69201,5.72542
-0.169106,372.342,7.69492e-005,2.97634,-0.211504,-2.58132,5.61169
-0.169106,372.342,7.72881e-005,2.94686,-0.253086,-2.45332,5.4683
-0.169106,372.342,7.76271e-005,2.90575,-0.29223,-2.30946,5.29671
-0.169106,372.342,7.79661e-005,2.85317,-0.328693,-2.15132,5.09859
-0.169106,372.342,7.83051e-005,2.78933,-0.362262,-1.98057,4.87575
-0.169106,372.342,7.86441e-005,2.71448,-0.392753,-1.79901,4.63015
-0.169106,372.342,7.89831e-005,2.62892,-0.420016,-1.60848,4.36388
-0.169106,372.342,7.9322e-005,2.53298,-0.443929,-1.41088,4.07912
-0.169106,372.342,7.9661e-005,2.42705,-0.464406,-1.20814,3.77815
-0.169106,372.342,8e-005,2.31154,-0.481392,-1.00221,3.4633
-0.169106,372.342,8.0339e-005,2.18691,-0.494867,-0.795001,3.13693
-0.169106,372.342,8.0678e-005,2.05364,-0.50484,-0.588424,2.80143
-0.169106,372.342,8.10169e-005,1.91227,-0.511354,-0.384317,2.45916
-0.169106,372.342,8.13559e-005,1.76336,-0.51448,-0.184455,2.11248
-0.169106,372.342,8.16949e-005,1.60748,-0.51432,0.00947661,1.76368
-0.169106,372.342,8.20339e-005,1.44526,-0.510999,0.195897,1.41499
-0.169106,372.342,8.23729e-005,1.27734,-0.504671,0.373345,1.06855
-0.169106,372.342,8.27119e-005,1.10437,-0.495511,0.540493,0.726402
-0.169106,372.342,8.30508e-005,0.927051,-0.483711,0.696159,0.390463
-0.169106,372.342,8.33898e-005,0.74607,-0.469486,0.839318,0.062523
-0.169106,372.342,8.37288e-005,0.562144,-0.45306,0.969106,-0.255772
-0.169106,372.342,8.40678e-005,0.376,-0.434673,1.08483,-0.562932
-0.169106,372.342,8.44068e-005,0.188372,-0.414572,1.18598,-0.857625
-0.169106,372.342,8.47458e-005,7.16598e-015,-0.393009,1.2722,-1.13869
-0.169106,372.342,8.50847e-005,-0.188372,-0.370241,1.34333,-1.40514
-0.169106,372.342,8.54237e-005,-0.376,-0.346523,1.39938,-1.65615
-0.169106,372.342,8.57627e-005,-0.562144,-0.322107,1.44053,-1.89108
-0.169106,372.342,8.61017e-005,-0.74607,-0.29724,1.46712,-2.10946
-0.169106,372.342,8.64407e-005,-0.927051,-0.272162,1.47965,-2.31098
-0.169106,372.342,8.67797e-005,-1.10437,-0.247098,1.47876,-2.49549
-0.169106,372.342,8.71186e-005,-1.27734,-0.222263,1.46525,-2.66302
-0.169106,372.342,8.74576e-005,-1.44526,-0.197856,1.44002,-2.8137
-0.169106,372.342,8.77966e-005,-1.60748,-0.174058,1.40408,-2.94784
-0.169106,372.342,8.81356e-005,-1.76336,-0.151032,1.35854,-3.06585
-0.169106,372.342,8.84746e-005,-1.91227,-0.12892,1.30461,-3.16824
-0.169106,372.342,8.88136e-005,-2.05364,-0.107843,1.24352,-3.25565
-0.169106,372.342,8.91525e-005,-2.18691,-0.0879012,1.17658,-3.32876
-0.169106,372.342,8.94915e-005,-2.31154,-0.0691704,1.10512,-3.38835
-0.169106,372.342,8.98305e-005,-2.42705,-0.0517047,1.03047,-3.43525
-0.169106,372.342,9.01695e-005,-2.53298,-0.0355357,0.95397,-3.4703
-0.169106,372.342,9.05085e-005,-2.62892,-0.0206727,0.876919,-3.49439
-0.169106,372.342,9.08475e-005,-2.71448,-0.00710346,0.800586,-3.50841
-0.169106,372.342,9.11864e-005,-2.78933,0.00520475,0.726184,-3.51323
-0.169106,372.342,9.15254e-005,-2.85317,0.0163039,0.654852,-3.5097
-0.169106,372.342,9.18644e-005,-2.90575,0.026264,0.587644,-3.49864
-0.169106,372.342,9.22034e-005,-2.94686,0.0351711,0.525518,-3.48084
-0.169106,372.342,9.25424e-005,-2.97634,0.0431257,0.469323,-3.45699
-0.169106,372.342,9.28814e-005,-2.99408,0.0502408,0.419787,-3.42776
-0.169106,372.342,9.32203e-005,-3,0.0566393,0.377515,-3.39369
-0.169106,372.342,9.35593e-005,-2.99408,0.0624524,0.342974,-3.35529
-0.169106,372.342,9.38983e-005,-2.97634,0.0678168,0.316498,-3.31295
-0.169106,372.342,9.42373e-005,-2.94686,0.0728723,0.298275,-3.26698
-0.169106,372.342,9.45763e-005,-2.90575,0.0777597,0.288354,-3.21757
-0.169106,372.342,9.49153e-005,-2.85317,0.082618,0.286642,-3.16485
-0.169106,372.342,9.52542e-005,-2.78933,0.0875825,0.292905,-3.10884
-0.169106,372.342,9.55932e-005,-2.71448,0.0927821,0.306777,-3.04946
-0.169106,372.342,9.59322e-005,-2.62892,0.0983374,0.32776,-2.98656
-0.169106,372.342,9.62712e-005,-2.53298,0.104358,0.355238,-2.91989
-0.169106,372.342,9.66102e-005,-2.42705,0.110943,0.388481,-2.84914
-0.169106,372.342,9.69492e-005,-2.31154,0.118174,0.426656,-2.77392
-0.169106,372.342,9.72881e-005,-2.18691,0.126121,0.468843,-2.69381
-0.169106,372.342,9.76271e-005,-2.05364,0.134833,0.514043,-2.6083
-0.169106,372.342,9.79661e-005,-1.91227,0.144345,0.561194,-2.51689
-0.169106,372.342,9.83051e-005,-1.76336,0.15467,0.609186,-2.41903
-0.169106,372.342,9.86441e-005,-1.60748,0.165804,0.656875,-2.31416
-0.169106,372.342,9.89831e-005,-1.44526,0.177721,0.7031,-2.20176
-0.169106,372.342,9.9322e-005,-1.27734,0.190377,0.746697,-2.08127
-0.169106,372.342,9.9661e-005,-1.10437,0.203707,0.786516,-1.9522
-0.169106,372.342,0.0001,-0.927051,0.21763,0.82144,-1.81409
-0.169106,372.342,0.000100339,-0.74607,0.232044,0.850391,-1.66655
-0.169106,372.342,0.000100678,-0.562144,0.246829,0.872358,-1.50923
-0.169106,372.342,0.000101017,-0.376,0.261853,0.886399,-1.34189
-0.169106,372.342,0.000101356,-0.188372,0.276966,0.891661,-1.16436
-0.169106,372.342,0.000101695,-2.20429e-015,0.292006,0.887393,-0.976585
-0.169106,372.342,0.000102034,0.188372,0.306802,0.87295,-0.778615
-0.169106,372.342,0.000102373,0.376,0.321172,0.847812,-0.570613
-0.169106,372.342,0.000102712,0.562144,0.334928,0.811585,-0.352869
-0.169106,372.342,0.000103051,0.74607,0.347877,0.764012,-0.1258
-0.169106,372.342,0.00010339,0.927051,0.359826,0.704974,0.110049
-0.169106,372.342,0.000103729,1.10437,0.37058,0.634499,0.353998
-0.169106,372.342,0.000104068,1.27734,0.379949,0.55276,0.605239
-0.169106,372.342,0.000104407,1.44526,0.387746,0.460073,0.862831
-0.169106,372.342,0.000104746,1.60748,0.393796,0.356903,1.12571
-0.169106,372.342,0.000105085,1.76336,0.397929,0.24385,1.39269
-0.169106,372.342,0.000105424,1.91227,0.399991,0.121653,1.66247
-0.169106,372.342,0.000105763,2.05364,0.399841,-0.00882182,1.93365
-0.169106,372.342,0.000106102,2.18691,0.397357,-0.146588,2.20473
-0.169106,372.342,0.000106441,2.31154,0.392432,-0.290548,2.47413
-0.169106,372.342,0.00010678,2.42705,0.384983,-0.439507,2.74018
-0.169106,372.342,0.000107119,2.53298,0.374946,-0.59218,3.00119
-0.169106,372.342,0.000107458,2.62892,0.362281,-0.747212,3.25539
-0.169106,372.342,0.000107797,2.71448,0.346973,-0.903187,3.501
-0.169106,372.342,0.000108136,2.78933,0.32903,-1.05864,3.73624
-0.169106,372.342,0.000108475,2.85317,0.308486,-1.2121,3.95931
-0.169106,372.342,0.000108814,2.90575,0.2854,-1.36204,4.16845
-0.169106,372.342,0.000109153,2.94686,0.259858,-1.50699,4.36194
-0.169106,372.342,0.000109492,2.97634,0.231969,-1.64546,4.53812
-0.169106,372.342,0.000109831,2.99408,0.201867,-1.77601,4.69539
-0.169106,372.342,0.000110169,3,0.16971,-1.89725,4.83224
-0.169106,372.342,0.000110508,2.99408,0.135679,-2.00787,4.9473
-0.169106,372.342,0.000110847,2.97634,0.0999729,-2.10664,5.03929
-0.169106,372.342,0.000111186,2.94686,0.0628136,-2.1924,5.10707
-0.169106,372.342,0.000111525,2.90575,0.0244385,-2.26413,5.14965
-0.169106,372.342,0.000111864,2.85317,-0.0148991,-2.32092,5.16622
-0.169106,372.342,0.000112203,2.78933,-0.0549329,-2.36199,5.15612
-0.169106,372.342,0.000112542,2.71448,-0.0953855,-2.3867,5.11888
-0.169106,372.342,0.000112881,2.62892,-0.135971,-2.39457,5.05421
-0.169106,372.342,0.00011322,2.53298,-0.176399,-2.38525,4.96202
-0.169106,372.342,0.000113559,2.42705,-0.216375,-2.35857,4.84243
-0.169106,372.342,0.000113898,2.31154,-0.255604,-2.31452,4.69574
-0.169106,372.342,0.000114237,2.18691,-0.293795,-2.25323,4.52244
-0.169106,372.342,0.000114576,2.05364,-0.330659,-2.17501,4.32326
-0.169106,372.342,0.000114915,1.91227,-0.365919,-2.08033,4.09909
-0.169106,372.342,0.000115254,1.76336,-0.399306,-1.96981,3.85101
-0.169106,372.342,0.000115593,1.60748,-0.430564,-1.84422,3.58029
-0.169106,372.342,0.000115932,1.44526,-0.459453,-1.70447,3.28838
-0.169106,372.342,0.000116271,1.27734,-0.485751,-1.55159,2.97689
-0.169106,372.342,0.00011661,1.10437,-0.509256,-1.38676,2.64757
-0.169106,372.342,0.000116949,0.927051,-0.529785,-1.21126,2.30231
-0.169106,372.342,0.000117288,0.74607,-0.547183,-1.02645,1.94313
-0.169106,372.342,0.000117627,0.562144,-0.561315,-0.833805,1.57216
-0.169106,372.342,0.000117966,0.376,-0.572075,-0.634845,1.19161
-0.169106,372.342,0.000118305,0.188372,-0.579383,-0.431161,0.80376
-0.169106,372.342,0.000118644,2.57167e-015,-0.583186,-0.224377,0.410958
-0.169106,372.342,0.000118983,-0.188372,-0.58346,-0.0161435,0.0155776
-0.169106,372.342,0.000119322,-0.376,-0.580207,0.191882,-0.379988
-0.169106,372.342,0.000119661,-0.562144,-0.573461,0.398052,-0.773349
-0.169106,372.342,0.00012,-0.74607,-0.563279,0.60074,-1.16214
-0.169106,372.342,0.000120339,-0.927051,-0.549747,0.798364,-1.54402
-0.169106,372.342,0.000120678,-1.10437,-0.532978,0.989394,-1.91673
-0.169106,372.342,0.000121017,-1.27734,-0.513107,1.17237,-2.27807
-0.169106,372.342,0.000121356,-1.44526,-0.490295,1.34592,-2.62594
-0.169106,372.342,0.000121695,-1.60748,-0.464723,1.50875,-2.95834
-0.169106,372.342,0.000122034,-1.76336,-0.436592,1.65971,-3.27341
-0.169106,372.342,0.000122373,-1.91227,-0.406122,1.79773,-3.5694
-0.169106,372.342,0.000122712,-2.05364,-0.373548,1.92189,-3.84474
-0.169106,372.342,0.000123051,-2.18691,-0.339118,2.03138,-4.09799
-0.169106,372.342,0.00012339,-2.31154,-0.303091,2.12557,-4.3279
-0.169106,372.342,0.000123729,-2.42705,-0.265736,2.20394,-4.53339
-0.169106,372.342,0.000124068,-2.53298,-0.227327,2.26614,-4.71355
-0.169106,372.342,0.000124407,-2.62892,-0.188141,2.31196,-4.86767
-0.169106,372.342,0.000124746,-2.71448,-0.148458,2.34133,-4.99522
-0.169106,372.342,0.000125085,-2.78933,-0.108553,2.35435,-5.09587
-0.169106,372.342,0.000125424,-2.85317,-0.0687015,2.35126,-5.16947
-0.169106,372.342,0.000125763,-2.90575,-0.0291689,2.33242,-5.21604
-0.169106,372.342,0.000126102,-2.94686,0.00978618,2.29835,-5.23582
-0.169106,372.342,0.000126441,-2.97634,0.0479165,2.24969,-5.22919
-0.169106,372.342,0.00012678,-2.99408,0.0849875,2.18719,-5.1967
-0.169106,372.342,0.000127119,-3,0.120779,2.11171,-5.13908
-0.169106,372.342,0.000127458,-2.99408,0.155088,2.02422,-5.0572
-0.169106,372.342,0.000127797,-2.97634,0.187728,1.92576,-4.95205
-0.169106,372.342,0.000128136,-2.94686,0.218533,1.81746,-4.82478
-0.169106,372.342,0.000128475,-2.90575,0.247355,1.7005,-4.67662
-0.169106,372.342,0.000128814,-2.85317,0.274068,1.5761,-4.50892
-0.169106,372.342,0.000129153,-2.78933,0.298569,1.44553,-4.32311
-0.169106,372.342,0.000129492,-2.71448,0.320773,1.31006,-4.1207
-0.169106,372.342,0.000129831,-2.62892,0.340621,1.171,-3.90322
-0.169106,372.342,0.000130169,-2.53298,0.358072,1.02962,-3.67229
-0.169106,372.342,0.000130508,-2.42705,0.373108,0.88717,-3.42953
-0.169106,372.342,0.000130847,-2.31154,0.385734,0.744884,-3.17658
-0.169106,372.342,0.000131186,-2.18691,0.39597,0.603938,-2.91506
-0.169106,372.342,0.000131525,-2.05364,0.403859,0.465452,-2.64661
-0.169106,372.342,0.000131864,-1.91227,0.40946,0.330478,-2.37281
-0.169106,372.342,0.000132203,-1.76336,0.41285,0.19999,-2.09521
-0.169106,372.342,0.000132542,-1.60748,0.414119,0.0748759,-1.81531
-0.169106,372.342,0.000132881,-1.44526,0.413372,-0.044072,-1.53455
-0.169106,372.342,0.00013322,-1.27734,0.410725,-0.15616,-1.2543
-0.169106,372.342,0.000133559,-1.10437,0.406305,-0.260802,-0.975839
-0.169106,372.342,0.000133898,-0.927051,0.400245,-0.357516,-0.700379
-0.169106,372.342,0.000134237,-0.74607,0.392687,-0.445936,-0.429026
-0.169106,372.342,0.000134576,-0.562144,0.383775,-0.525805,-0.162797
-0.169106,372.342,0.000134915,-0.376,0.373657,-0.596977,0.097389
-0.169106,372.342,0.000135254,-0.188372,0.36248,-0.659417,0.350716
-0.169106,372.342,0.000135593,-2.93906e-015,0.350392,-0.713196,0.596465
-0.169106,372.342,0.000135932,0.188372,0.337536,-0.758485,0.834019
-0.169106,372.342,0.000136271,0.376,0.324052,-0.795556,1.06286
-0.169106,372.342,0.00013661,0.562144,0.310073,-0.824766,1.28255
-0.169106,372.342,0.000136949,0.74607,0.295725,-0.846557,1.49277
-0.169106,372.342,0.000137288,0.927051,0.281124,-0.861447,1.69326
-0.169106,372.342,0.000137627,1.10437,0.266378,-0.870015,1.88386
-0.169106,372.342,0.000137966,1.27734,0.251583,-0.872897,2.06445
-0.169106,372.342,0.000138305,1.44526,0.236824,-0.870775,2.23502
-0.169106,372.342,0.000138644,1.60748,0.222174,-0.864361,2.39558
-0.169106,372.342,0.000138983,1.76336,0.207693,-0.854395,2.5462
-0.169106,372.342,0.000139322,1.91227,0.193428,-0.841624,2.68701
-0.169106,372.342,0.000139661,2.05364,0.179415,-0.826798,2.81815
-0.169106,372.342,0.00014,2.18691,0.165675,-0.810658,2.93979
-0.169106,372.342,0.000140339,2.31154,0.152218,-0.793921,3.05211
-0.169106,372.342,0.000140678,2.42705,0.139044,-0.777275,3.15531
-0.169106,372.342,0.000141017,2.53298,0.12614,-0.761367,3.24957
-0.169106,372.342,0.000141356,2.62892,0.113482,-0.746794,3.33509
-0.169106,372.342,0.000141695,2.71448,0.10104,-0.734093,3.41203
-0.169106,372.342,0.000142034,2.78933,0.0887731,-0.72374,3.48053
-0.169106,372.342,0.000142373,2.85317,0.0766352,-0.716135,3.54072
-0.169106,372.342,0.000142712,2.90575,0.0645742,-0.711602,3.59267
-0.169106,372.342,0.000143051,2.94686,0.0525337,-0.710385,3.63645
-0.169106,372.342,0.00014339,2.97634,0.0404551,-0.712641,3.67207
-0.169106,372.342,0.000143729,2.99408,0.0282781,-0.718442,3.69949
-0.169106,372.342,0.000144068,3,0.015943,-0.727773,3.71867
-0.169106,372.342,0.000144407,2.99408,0.00339162,-0.740529,3.72947
-0.169106,372.342,0.000144746,2.97634,-0.0094308,-0.756522,3.73177
-0.169106,372.342,0.000145085,2.94686,-0.0225746,-0.775482,3.72538
-0.169106,372.342,0.000145424,2.90575,-0.036084,-0.797057,3.71008
-0.169106,372.342,0.000145763,2.85317,-0.0499962,-0.820822,3.68561
-0.169106,372.342,0.000146102,2.78933,-0.0643401,-0.846286,3.65172
-0.169106,372.342,0.000146441,2.71448,-0.0791349,-0.872895,3.6081
-0.169106,372.342,0.00014678,2.62892,-0.0943898,-0.900041,3.55445
-0.169106,372.342,0.000147119,2.53298,-0.110103,-0.927072,3.49045
-0.169106,372.342,0.000147458,2.42705,-0.126261,-0.953298,3.41581
-0.169106,372.342,0.000147797,2.31154,-0.142837,-0.978006,3.33021
-0.169106,372.342,0.000148136,2.18691,-0.159794,-1.00046,3.23337
-0.169106,372.342,0.000148475,2.05364,-0.177081,-1.01993,3.12503
-0.169106,372.342,0.000148814,1.91227,-0.194635,-1.03568,3.00498
-0.169106,372.342,0.000149153,1.76336,-0.21238,-1.04699,2.87302
-0.169106,372.342,0.000149492,1.60748,-0.23023,-1.05316,2.72904
-0.169106,372.342,0.000149831,1.44526,-0.248087,-1.05354,2.57295
-0.169106,372.342,0.000150169,1.27734,-0.265842,-1.04752,2.40475
-0.169106,372.342,0.000150508,1.10437,-0.283376,-1.03454,2.22452
-0.169106,372.342,0.000150847,0.927051,-0.300564,-1.01409,2.0324
-0.169106,372.342,0.000151186,0.74607,-0.317272,-0.985767,1.82863
-0.169106,372.342,0.000151525,0.562144,-0.333361,-0.949212,1.61353
-0.169106,372.342,0.000151864,0.376,-0.348685,-0.904168,1.38752
-0.169106,372.342,0.000152203,0.188372,-0.3631,-0.850464,1.15112
-0.169106,372.342,0.000152542,3.30644e-015,-0.376456,-0.788024,0.904955
-0.169106,372.342,0.000152881,-0.188372,-0.388607,-0.71687,0.64973
-0.169106,372.342,0.00015322,-0.376,-0.399405,-0.637123,0.386268
-0.169106,372.342,0.000153559,-0.562144,-0.408711,-0.549007,0.115485
-0.169106,372.342,0.000153898,-0.74607,-0.416386,-0.452844,-0.161607
-0.169106,372.342,0.000154237,-0.927051,-0.422302,-0.349058,-0.443903
-0.169106,372.342,0.000154576,-1.10437,-0.426339,-0.238169,-0.730209
-0.169106,372.342,0.000154915,-1.27734,-0.428386,-0.120789,-1.01925
-0.169106,372.342,0.000155254,-1.44526,-0.428346,0.00237803,-1.30968
-0.169106,372.342,0.000155593,-1.60748,-0.426133,0.13055,-1.60009
-0.169106,372.342,0.000155932,-1.76336,-0.421678,0.262866,-1.88899
-0.169106,372.342,0.000156271,-1.91227,-0.414925,0.398398,-2.17488
-0.169106,372.342,0.00015661,-2.05364,-0.405838,0.536159,-2.45618
-0.169106,372.342,0.000156949,-2.18691,-0.394395,0.675113,-2.73133
-0.169106,372.342,0.000157288,-2.31154,-0.380596,0.814181,-2.99871
-0.169106,372.342,0.000157627,-2.42705,-0.364456,0.952256,-3.25674
-0.169106,372.342,0.000157966,-2.53298,-0.346011,1.08821,-3.50383
-0.169106,372.342,0.000158305,-2.62892,-0.325318,1.22092,-3.73842
-0.169106,372.342,0.000158644,-2.71448,-0.302449,1.34925,-3.95897
-0.169106,372.342,0.000158983,-2.78933,-0.277498,1.47209,-4.16402
-0.169106,372.342,0.000159322,-2.85317,-0.250577,1.58835,-4.35215
-0.169106,372.342,0.000159661,-2.90575,-0.221815,1.69698,-4.52204
-0.169106,372.342,0.00016,-2.94686,-0.191357,1.79699,-4.67242
-0.169106,372.342,0.000160339,-2.97634,-0.159367,1.88743,-4.80215
-0.169106,372.342,0.000160678,-2.99408,-0.126021,1.96744,-4.9102
-0.169106,372.342,0.000161017,-3,-0.0915083,2.03622,-4.99564
-0.169106,372.342,0.000161356,-2.99408,-0.0560327,2.09307,-5.05768
-0.169106,372.342,0.000161695,-2.97634,-0.0198061,2.13737,-5.09567
-0.169106,372.342,0.000162034,-2.94686,0.01695,2.16861,-5.10909
-0.169106,372.342,0.000162373,-2.90575,0.0540075,2.18639,-5.0976
-0.169106,372.342,0.000162712,-2.85317,0.0911333,2.19042,-5.06099
-0.169106,372.342,0.000163051,-2.78933,0.128091,2.18052,-4.9992
-0.169106,372.342,0.00016339,-2.71448,0.164644,2.15663,-4.91236
-0.169106,372.342,0.000163729,-2.62892,0.200556,2.11879,-4.80074
-0.169106,372.342,0.000164068,-2.53298,0.235593,2.0672,-4.66477
-0.169106,372.342,0.000164407,-2.42705,0.269528,2.00212,-4.50504
-0.169106,372.342,0.000164746,-2.31154,0.302137,1.92397,-4.32231
-0.169106,372.342,0.000165085,-2.18691,0.33321,1.83327,-4.11747
-0.169106,372.342,0.000165424,-2.05364,0.362542,1.73062,-3.89157
-0.169106,372.342,0.000165763,-1.91227,0.389945,1.61675,-3.64578
-0.169106,372.342,0.000166102,-1.76336,0.415241,1.49248,-3.38141
-0.169106,372.342,0.000166441,-1.60748,0.43827,1.35868,-3.09989
-0.169106,372.342,0.00016678,-1.44526,0.458886,1.21636,-2.80276
-0.169106,372.342,0.000167119,-1.27734,0.476963,1.06653,-2.49165
-0.169106,372.342,0.000167458,-1.10437,0.492392,0.91031,-2.16828
-0.169106,372.342,0.000167797,-0.927051,0.505084,0.748839,-1.83446
-0.169106,372.342,0.000168136,-0.74607,0.51497,0.583303,-1.49203
-0.169106,372.342,0.000168475,-0.562144,0.522003,0.414913,-1.14289
-0.169106,372.342,0.000168814,-0.376,0.526153,0.244892,-0.788995
-0.169106,372.342,0.000169153,-0.188372,0.527416,0.0744695,-0.43228
-0.169106,372.342,0.000169492,-1.4332e-014,0.525803,-0.0951353,-0.0747104
-0.169106,372.342,0.000169831,0.188372,0.52135,-0.262721,0.281766
-0.169106,372.342,0.000170169,0.376,0.514111,-0.427117,0.635224
-0.169106,372.342,0.000170508,0.562144,0.504159,-0.587191,0.983774
-0.169106,372.342,0.000170847,0.74607,0.491585,-0.741863,1.32558
-0.169106,372.342,0.000171186,0.927051,0.476498,-0.89011,1.65885
-0.169106,372.342,0.000171525,1.10437,0.459024,-1.03098,1.9819
-0.169106,372.342,0.000171864,1.27734,0.439302,-1.16359,2.29311
-0.169106,372.342,0.000172203,1.44526,0.417486,-1.28715,2.59094
-0.169106,372.342,0.000172542,1.60748,0.393741,-1.40094,2.87398
-0.169106,372.342,0.000172881,1.76336,0.368243,-1.50436,3.14092
-0.169106,372.342,0.00017322,1.91227,0.341177,-1.59689,3.39058
-0.169106,372.342,0.000173559,2.05364,0.312735,-1.67811,3.62189
-0.169106,372.342,0.000173898,2.18691,0.283112,-1.74771,3.83391
-0.169106,372.342,0.000174237,2.31154,0.252511,-1.80548,4.02585
-0.169106,372.342,0.000174576,2.42705,0.221133,-1.85131,4.19704
-0.169106,372.342,0.000174915,2.53298,0.189181,-1.88519,4.34696
-0.169106,372.342,0.000175254,2.62892,0.156855,-1.90723,4.47522
-0.169106,372.342,0.000175593,2.71448,0.124353,-1.9176,4.58156
-0.169106,372.342,0.000175932,2.78933,0.0918685,-1.91659,4.66587
-0.169106,372.342,0.000176271,2.85317,0.0595877,-1.90457,4.72816
-0.169106,372.342,0.00017661,2.90575,0.0276895,-1.88199,4.76855
-0.169106,372.342,0.000176949,2.94686,-0.00365599,-1.84938,4.78733
-0.169106,372.342,0.000177288,2.97634,-0.0342886,-1.80733,4.78485
-0.169106,372.342,0.000177627,2.99408,-0.0640595,-1.75648,4.7616
-0.169106,372.342,0.000177966,3,-0.0928314,-1.69754,4.71817
-0.169106,372.342,0.000178305,2.99408,-0.12048,-1.63126,4.65523
-0.169106,372.342,0.000178644,2.97634,-0.146894,-1.55841,4.57355
-0.169106,372.342,0.000178983,2.94686,-0.171975,-1.4798,4.47396
-0.169106,372.342,0.000179322,2.90575,-0.19564,-1.39624,4.35737
-0.169106,372.342,0.000179661,2.85317,-0.217819,-1.30856,4.22473
-0.169106,372.342,0.00018,2.78933,-0.238456,-1.21759,4.07706
-0.169106,372.342,0.000180339,2.71448,-0.257509,-1.12412,3.9154
-0.169106,372.342,0.000180678,2.62892,-0.274949,-1.02897,3.74081
-0.169106,372.342,0.000181017,2.53298,-0.290761,-0.93288,3.55441
-0.169106,372.342,0.000181356,2.42705,-0.30494,-0.836595,3.35728
-0.169106,372.342,0.000181695,2.31154,-0.317496,-0.740801,3.15054
-0.169106,372.342,0.000182034,2.18691,-0.328448,-0.64614,2.93529
-0.169106,372.342,0.000182373,2.05364,-0.337824,-0.553201,2.71261
-0.169106,372.342,0.000182712,1.91227,-0.345663,-0.462518,2.48358
-0.169106,372.342,0.000183051,1.76336,-0.352012,-0.374561,2.24923
-0.169106,372.342,0.00018339,1.60748,-0.356923,-0.28974,2.01058
-0.169106,372.342,0.000183729,1.44526,-0.360455,-0.208397,1.7686
-0.169106,372.342,0.000184068,1.27734,-0.362672,-0.130807,1.52422
-0.169106,372.342,0.000184407,1.10437,-0.363641,-0.0571776,1.27834
-0.169106,372.342,0.000184746,0.927051,-0.363432,0.012348,1.03181
-0.169106,372.342,0.000185085,0.74607,-0.362115,0.0776936,0.785413
-0.169106,372.342,0.000185424,0.562144,-0.359761,0.138845,0.539912
-0.169106,372.342,0.000185763,0.376,-0.356442,0.195849,0.296006
-0.169106,372.342,0.000186102,0.188372,-0.352225,0.248808,0.0543501
-0.169106,372.342,0.000186441,1.46993e-014,-0.347176,0.297875,-0.184446
-0.169106,372.342,0.00018678,-0.188372,-0.341358,0.343251,-0.41982
-0.169106,372.342,0.000187119,-0.376,-0.33483,0.385179,-0.651249
-0.169106,372.342,0.000187458,-0.562144,-0.327645,0.423935,-0.878253
-0.169106,372.342,0.000187797,-0.74607,-0.319851,0.459828,-1.10038
-0.169106,372.342,0.000188136,-0.927051,-0.311492,0.493185,-1.31723
-0.169106,372.342,0.000188475,-1.10437,-0.302605,0.524351,-1.52841
-0.169106,372.342,0.000188814,-1.27734,-0.29322,0.55368,-1.73357
-0.169106,372.342,0.000189153,-1.44526,-0.283364,0.581528,-1.93236
-0.169106,372.342,0.000189492,-1.60748,-0.273054,0.608246,-2.12447
-0.169106,372.342,0.000189831,-1.76336,-0.262306,0.634172,-2.3096
-0.169106,372.342,0.000190169,-1.91227,-0.251126,0.659629,-2.48743
-0.169106,372.342,0.000190508,-2.05364,-0.239517,0.684914,-2.65768
-0.169106,372.342,0.000190847,-2.18691,-0.227478,0.710295,-2.82007
-0.169106,372.342,0.000191186,-2.31154,-0.215003,0.736007,-2.97429
-0.169106,372.342,0.000191525,-2.42705,-0.202084,0.762243,-3.12006
-0.169106,372.342,0.000191864,-2.53298,-0.188708,0.789156,-3.25706
-0.169106,372.342,0.000192203,-2.62892,-0.174863,0.81685,-3.385
-0.169106,372.342,0.000192542,-2.71448,-0.160535,0.845382,-3.50355
-0.169106,372.342,0.000192881,-2.78933,-0.145709,0.874757,-3.61239
-0.169106,372.342,0.00019322,-2.85317,-0.130371,0.904928,-3.71117
-0.169106,372.342,0.000193559,-2.90575,-0.11451,0.935795,-3.79956
-0.169106,372.342,0.000193898,-2.94686,-0.0981165,0.967209,-3.87719
-0.169106,372.342,0.000194237,-2.97634,-0.0811849,0.998967,-3.94371
-0.169106,372.342,0.000194576,-2.99408,-0.0637134,1.03082,-3.99876
-0.169106,372.342,0.000194915,-3,-0.0457054,1.06247,-4.04195
-0.169106,372.342,0.000195254,-2.99408,-0.0271702,1.09358,-4.07294
-0.169106,372.342,0.000195593,-2.97634,-0.00812339,1.12376,-4.09136
-0.169106,372.342,0.000195932,-2.94686,0.0114125,1.15262,-4.09687
-0.169106,372.342,0.000196271,-2.90575,0.0314075,1.1797,-4.08913
-0.169106,372.342,0.00019661,-2.85317,0.0518236,1.20455,-4.06783
-0.169106,372.342,0.000196949,-2.78933,0.0726148,1.22668,-4.0327
-0.169106,372.342,0.000197288,-2.71448,0.0937268,1.2456,-3.98347
-0.169106,372.342,0.000197627,-2.62892,0.115097,1.26082,-3.91993
-0.169106,372.342,0.000197966,-2.53298,0.136653,1.27185,-3.84189
-0.169106,372.342,0.000198305,-2.42705,0.158318,1.27819,-3.74925
-0.169106,372.342,0.000198644,-2.31154,0.180002,1.27939,-3.64191
-0.169106,372.342,0.000198983,-2.18691,0.201612,1.27501,-3.51988
-0.169106,372.342,0.000199322,-2.05364,0.223047,1.26462,-3.38319
-0.169106,372.342,0.000199661,-1.91227,0.244197,1.24787,-3.23197
-0.169106,372.342,0.0002,-1.76336,0.26495,1.22442,-3.06642
-0.169106,372.342,0.000200339,-1.60748,0.285187,1.19399,-2.88679
-0.169106,372.342,0.000200678,-1.44526,0.304786,1.15634,-2.69344
-0.169106,372.342,0.000201017,-1.27734,0.323622,1.11132,-2.48681
-0.169106,372.342,0.000201356,-1.10437,0.341568,1.05881,-2.2674
-0.169106,372.342,0.000201695,-0.927051,0.358497,0.998784,-2.03583
-0.169106,372.342,0.000202034,-0.74607,0.374281,0.931265,-1.79278
-0.169106,372.342,0.000202373,-0.562144,0.388795,0.856358,-1.53903
-0.169106,372.342,0.000202712,-0.376,0.401918,0.774238,-1.27544
-0.169106,372.342,0.000203051,-0.188372,0.413531,0.685154,-1.00296
-0.169106,372.342,0.00020339,-4.40858e-015,0.423521,0.589426,-0.722597
-0.169106,372.342,0.00186475,0.188372,0.421858,-0.0273949,0.0797642
-0.169106,372.342,0.00186508,0.376,0.419729,-0.125623,0.36577
-0.169106,372.342,0.00186542,0.562144,0.415943,-0.223355,0.650332
-0.169106,372.342,0.00186576,0.74607,0.410516,-0.320206,0.932328
-0.169106,372.342,0.0018661,0.927051,0.403469,-0.415793,1.21064
-0.169106,372.342,0.00186644,1.10437,0.394829,-0.509739,1.48418
-0.169106,372.342,0.00186678,1.27734,0.384631,-0.601673,1.75186
-0.169106,372.342,0.00186712,1.44526,0.372916,-0.691233,2.01263
-0.169106,372.342,0.00186746,1.60748,0.359728,-0.778065,2.26545
-0.169106,372.342,0.0018678,1.76336,0.345121,-0.861826,2.50934
-0.169106,372.342,0.00186814,1.91227,0.329152,-0.942186,2.74332
-0.169106,372.342,0.00186847,2.05364,0.311883,-1.01883,2.96647
-0.169106,372.342,0.00186881,2.18691,0.293384,-1.09145,3.17792
-0.169106,372.342,0.00186915,2.31154,0.273727,-1.15976,3.37682
-0.169106,372.342,0.00186949,2.42705,0.25299,-1.2235,3.5624
-0.169106,372.342,0.00186983,2.53298,0.231254,-1.28241,3.73392
-0.169106,372.342,0.00187017,2.62892,0.208606,-1.33625,3.8907
-0.169106,372.342,0.00187051,2.71448,0.185134,-1.38483,4.03213
-0.169106,372.342,0.00187085,2.78933,0.160932,-1.42793,4.15764
-0.169106,372.342,0.00187119,2.85317,0.136095,-1.46541,4.26675
-0.169106,372.342,0.00187153,2.90575,0.11072,-1.4971,4.35902
-0.169106,372.342,0.00187186,2.94686,0.0849087,-1.52288,4.43408
-0.169106,372.342,0.0018722,2.97634,0.0587621,-1.54265,4.49165
-0.169106,372.342,0.00187254,2.99408,0.0323837,-1.55633,4.53149
-0.169106,372.342,0.00187288,3,0.00587739,-1.56387,4.55344
-0.169106,372.342,0.00187322,2.99408,-0.0206521,-1.56524,4.55743
-0.169106,372.342,0.00187356,2.97634,-0.0471,-1.56043,4.54342
-0.169106,372.342,0.0018739,2.94686,-0.0733621,-1.54946,4.51149
-0.169106,372.342,0.00187424,2.90575,-0.0993346,-1.53238,4.46175
-0.169106,372.342,0.00187458,2.85317,-0.124915,-1.50925,4.39441
-0.169106,372.342,0.00187492,2.78933,-0.150003,-1.48016,4.30972
-0.169106,372.342,0.00187525,2.71448,-0.174498,-1.44524,4.20802
-0.169106,372.342,0.00187559,2.62892,-0.198305,-1.40461,4.08972
-0.169106,372.342,0.00187593,2.53298,-0.221329,-1.35843,3.95528
-0.169106,372.342,0.00187627,2.42705,-0.24348,-1.3069,3.80522
-0.169106,372.342,0.00187661,2.31154,-0.26467,-1.2502,3.64015
-0.169106,372.342,0.00187695,2.18691,-0.284815,-1.18858,3.46071
-0.169106,372.342,0.00187729,2.05364,-0.303837,-1.12226,3.26762
-0.169106,372.342,0.00187763,1.91227,-0.321659,-1.05151,3.06163
-0.169106,372.342,0.00187797,1.76336,-0.338212,-0.976613,2.84355
-0.169106,372.342,0.00187831,1.60748,-0.35343,-0.897862,2.61426
-0.169106,372.342,0.00187864,1.44526,-0.367253,-0.815567,2.37464
-0.169106,372.342,0.00187898,1.27734,-0.379627,-0.730054,2.12566
-0.169106,372.342,0.00187932,1.10437,-0.390502,-0.641659,1.86829
-0.169106,372.342,0.00187966,0.927051,-0.399837,-0.550732,1.60354
-0.169106,372.342,0.00188,0.74607,-0.407593,-0.457632,1.33246
-0.169106,372.342,0.00188034,0.562144,-0.413741,-0.362725,1.05613
-0.169106,372.342,0.00188068,0.376,-0.418256,-0.266388,0.775626
-0.169106,372.342,0.00188102,0.188372,-0.42112,-0.168998,0.492062
-0.169106,372.342,0.00188136,1.79335e-013,-0.422323,-0.070942,0.206557
-0.169106,372.342,0.00188169,-0.188372,-0.421859,0.0273943,-0.0797635
-0.169106,372.342,0.00188203,-0.376,-0.419729,0.125622,-0.365769
-0.169106,372.342,0.00188237,-0.562144,-0.415944,0.223355,-0.650332
-0.169106,372.342,0.00188271,-0.74607,-0.410516,0.320206,-0.932327
-0.169106,372.342,0.00188305,-0.927051,-0.403469,0.415793,-1.21064
-0.169106,372.342,0.00188339,-1.10437,-0.394829,0.509739,-1.48418
-0.169106,372.342,0.00188373,-1.27734,-0.384632,0.601674,-1.75186
-0.169106,372.342,0.00188407,-1.44526,-0.372916,0.691234,-2.01263
-0.169106,372.342,0.00188441,-1.60748,-0.359728,0.778066,-2.26545
-0.169106,372.342,0.00188475,-1.76336,-0.345121,0.861827,-2.50934
-0.169106,372.342,0.00188508,-1.91227,-0.329152,0.942187,-2.74332
-0.169106,372.342,0.00188542,-2.05364,-0.311883,1.01883,-2.96647
-0.169106,372.342,0.00188576,-2.18691,-0.293384,1.09145,-3.17792
-0.169106,372.342,0.0018861,-2.31154,-0.273727,1.15976,-3.37682
-0.169106,372.342,0.00188644,-2.42705,-0.25299,1.2235,-3.5624
-0.169106,372.342,0.00188678,-2.53298,-0.231254,1.28241,-3.73392
-0.169106,372.342,0.00188712,-2.62892,-0.208606,1.33625,-3.8907
-0.169106,372.342,0.00188746,-2.71448,-0.185134,1.38483,-4.03213
-0.169106,372.342,0.0018878,-2.78933,-0.160932,1.42793,-4.15764
-0.169106,372.342,0.00188814,-2.85317,-0.136095,1.46541,-4.26675
-0.169106,372.342,0.00188847,-2.90575,-0.11072,1.4971,-4.35902
-0.169106,372.342,0.00188881,-2.94686,-0.0849086,1.52288,-4.43408
-0.169106,372.342,0.00188915,-2.97634,-0.0587621,1.54265,-4.49165
-0.169106,372.342,0.00188949,-2.99408,-0.0323836,1.55633,-4.53149
-0.169106,372.342,0.00188983,-3,-0.00587729,1.56387,-4.55344
-0.169106,372.342,0.00189017,-2.99408,0.0206522,1.56524,-4.55743
-0.169106,372.342,0.00189051,-2.97634,0.0471002,1.56043,-4.54343
-0.169106,372.342,0.00189085,-2.94686,0.0733622,1.54946,-4.51149
-0.169106,372.342,0.00189119,-2.90575,0.0993348,1.53238,-4.46176
-0.169106,372.342,0.00189153,-2.85317,0.124915,1.50925,-4.39441
-0.169106,372.342,0.00189186,-2.78933,0.150003,1.48017,-4.30972
-0.169106,372.342,0.0018922,-2.71448,0.174498,1.44524,-4.20802
-0.169106,372.342,0.00189254,-2.62892,0.198305,1.40461,-4.08972
-0.169106,372.342,0.00189288,-2.53298,0.22133,1.35843,-3.95528
-0.169106,372.342,0.00189322,-2.42705,0.24348,1.3069,-3.80522
-0.169106,372.342,0.00189356,-2.31154,0.26467,1.2502,-3.64015
-0.169106,372.342,0.0018939,-2.18691,0.284816,1.18857,-3.46071
-0.169106,372.342,0.00189424,-2.05364,0.303837,1.12226,-3.26762
-0.169106,372.342,0.00189458,-1.91227,0.321659,1.05151,-3.06163
-0.169106,372.342,0.00189492,-1.76336,0.338212,0.976612,-2.84355
-0.169106,372.342,0.00189525,-1.60748,0.35343,0.897861,-2.61426
-0.169106,372.342,0.00189559,-1.44526,0.367253,0.815566,-2.37464
-0.169106,372.342,0.00189593,-1.27734,0.379627,0.730053,-2.12566
-0.169106,372.342,0.00189627,-1.10437,0.390502,0.641658,-1.86828
-0.169106,372.342,0.00189661,-0.927051,0.399837,0.550731,-1.60354
-0.169106,372.342,0.00189695,-0.74607,0.407593,0.457631,-1.33246
-0.169106,372.342,0.00189729,-0.562144,0.413741,0.362724,-1.05613
-0.169106,372.342,0.00189763,-0.376,0.418256,0.266386,-0.775625
-0.169106,372.342,0.00189797,-0.188372,0.42112,0.168997,-0.492061
-0.169106,372.342,0.00189831,-4.11468e-014,0.422323,0.0709408,-0.206556
-0.169106,372.342,0.00189864,0.188372,0.421859,-0.0273954,0.0797647
-0.169106,372.342,0.00189898,0.376,0.419729,-0.125623,0.36577
-0.169106,372.342,0.00189932,0.562144,0.415944,-0.223356,0.650333
-0.169106,372.342,0.00189966,0.74607,0.410516,-0.320207,0.932328
-0.169106,372.342,0.0019,0.927051,0.403469,-0.415794,1.21064
-0.169106,372.342,0.00190034,1.10437,0.394829,-0.50974,1.48418
-0.169106,372.342,0.00190068,1.27734,0.384631,-0.601674,1.75186
-0.169106,372.342,0.00190102,1.44526,0.372916,-0.691234,2.01263
-0.169106,372.342,0.00190136,1.60748,0.359728,-0.778066,2.26546
-0.169106,372.342,0.00190169,1.76336,0.345121,-0.861827,2.50934
-0.169106,372.342,0.00190203,1.91227,0.329152,-0.942187,2.74332
-0.169106,372.342,0.00190237,2.05364,0.311883,-1.01883,2.96647
-0.169106,372.342,0.00190271,2.18691,0.293384,-1.09145,3.17792
-0.169106,372.342,0.00190305,2.31154,0.273727,-1.15976,3.37682
-0.169106,372.342,0.00190339,2.42705,0.25299,-1.2235,3.5624
-0.169106,372.342,0.00190373,2.53298,0.231254,-1.28241,3.73392
-0.169106,372.342,0.00190407,2.62892,0.208606,-1.33625,3.8907
-0.169106,372.342,0.00190441,2.71448,0.185134,-1.38483,4.03213
-0.169106,372.342,0.00190475,2.78933,0.160932,-1.42793,4.15764
-0.169106,372.342,0.00190508,2.85317,0.136094,-1.46541,4.26675
-0.169106,372.342,0.00190542,2.90575,0.11072,-1.4971,4.35902
-0.169106,372.342,0.00190576,2.94686,0.0849085,-1.52288,4.43408
-0.169106,372.342,0.0019061,2.97634,0.058762,-1.54265,4.49165
-0.169106,372.342,0.00190644,2.99408,0.0323835,-1.55633,4.53149
-0.169106,372.342,0.00190678,3,0.00587723,-1.56387,4.55344
-0.169106,372.342,0.00190712,2.99408,-0.0206522,-1.56524,4.55743
-0.169106,372.342,0.00190746,2.97634,-0.0471002,-1.56043,4.54342
-0.169106,372.342,0.0019078,2.94686,-0.0733623,-1.54946,4.51149
-0.169106,372.342,0.00190814,2.90575,-0.0993348,-1.53238,4.46175
-0.169106,372.342,0.00190847,2.85317,-0.124915,-1.50925,4.39441
-0.169106,372.342,0.00190881,2.78933,-0.150003,-1.48016,4.30972
-0.169106,372.342,0.00190915,2.71448,-0.174498,-1.44524,4.20802
-0.169106,372.342,0.00190949,2.62892,-0.198305,-1.40461,4.08972
-0.169106,372.342,0.00190983,2.53298,-0.221329,-1.35843,3.95528
-0.169106,372.342,0.00191017,2.42705,-0.24348,-1.3069,3.80522
-0.169106,372.342,0.00191051,2.31154,-0.26467,-1.2502,3.64015
-0.169106,372.342,0.00191085,2.18691,-0.284815,-1.18857,3.46071
-0.169106,372.342,0.00191119,2.05364,-0.303837,-1.12226,3.26762
-0.169106,372.342,0.00191153,1.91227,-0.321659,-1.05151,3.06163
-0.169106,372.342,0.00191186,1.76336,-0.338212,-0.976612,2.84355
-0.169106,372.342,0.0019122,1.60748,-0.35343,-0.897861,2.61426
-0.169106,372.342,0.00191254,1.44526,-0.367253,-0.815566,2.37464
-0.169106,372.342,0.00191288,1.27734,-0.379627,-0.730053,2.12566
-0.169106,372.342,0.00191322,1.10437,-0.390502,-0.641658,1.86828
-0.169106,372.342,0.00191356,0.927051,-0.399837,-0.550731,1.60354
-0.169106,372.342,0.0019139,0.74607,-0.407593,-0.457631,1.33246
-0.169106,372.342,0.00191424,0.562144,-0.413741,-0.362725,1.05613
-0.169106,372.342,0.00191458,0.376,-0.418256,-0.266387,0.775625
-0.169106,372.342,0.00191492,0.188372,-0.42112,-0.168998,0.492062
-0.169106,372.342,0.00191525,7.34886e-014,-0.422323,-0.0709415,0.206557
-0.169106,372.342,0.00191559,-0.188372,-0.421858,0.0273947,-0.079764
-0.169106,372.342,0.00191593,-0.376,-0.419729,0.125623,-0.36577
-0.169106,372.342,0.00191627,-0.562144,-0.415944,0.223355,-0.650332
-0.169106,372.342,0.00191661,-0.74607,-0.410516,0.320206,-0.932327
-0.169106,372.342,0.00191695,-0.927051,-0.403469,0.415793,-1.21064
-0.169106,372.342,0.00191729,-1.10437,-0.394829,0.509739,-1.48418
-0.169106,372.342,0.00191763,-1.27734,-0.384631,0.601673,-1.75186
-0.169106,372.342,0.00191797,-1.44526,-0.372916,0.691233,-2.01263
-0.169106,372.342,0.00191831,-1.60748,-0.359728,0.778065,-2.26545
-0.169106,372.342,0.00191864,-1.76336,-0.345121,0.861826,-2.50934
-0.169106,372.342,0.00191898,-1.91227,-0.329152,0.942186,-2.74332
-0.169106,372.342,0.00191932,-2.05364,-0.311883,1.01883,-2.96647
-0.169106,372.342,0.00191966,-2.18691,-0.293384,1.09145,-3.17792
-0.169106,372.342,0.00192,-2.31154,-0.273727,1.15976,-3.37682
-0.169106,372.342,0.00192034,-2.42705,-0.25299,1.2235,-3.5624
-0.169106,372.342,0.00192068,-2.53298,-0.231254,1.28241,-3.73392
-0.169106,372.342,0.00192102,-2.62892,-0.208606,1.33625,-3.8907
-0.169106,372.342,0.00192136,-2.71448,-0.185134,1.38483,-4.03213
-0.169106,372.342,0.00192169,-2.78933,-0.160932,1.42793,-4.15764
-0.169106,372.342,0.00192203,-2.85317,-0.136095,1.46541,-4.26675
-0.169106,372.342,0.00192237,-2.90575,-0.11072,1.4971,-4.35902
-0.169106,372.342,0.00192271,-2.94686,-0.0849087,1.52288,-4.43408
-0.169106,372.342,0.00192305,-2.97634,-0.0587621,1.54265,-4.49165
-0.169106,372.342,0.00192339,-2.99408,-0.0323836,1.55633,-4.53149
-0.169106,372.342,0.00192373,-3,-0.00587737,1.56387,-4.55344
-0.169106,372.342,0.00192407,-2.99408,0.0206521,1.56524,-4.55743
-0.169106,372.342,0.00192441,-2.97634,0.0471001,1.56043,-4.54342
-0.169106,372.342,0.00192475,-2.94686,0.0733621,1.54946,-4.51149
-0.169106,372.342,0.00192508,-2.90575,0.0993347,1.53238,-4.46176
-0.169106,372.342,0.00192542,-2.85317,0.124915,1.50925,-4.39441
-0.169106,372.342,0.00192576,-2.78933,0.150003,1.48016,-4.30972
-0.169106,372.342,0.0019261,-2.71448,0.174498,1.44524,-4.20802
-0.169106,372.342,0.00192644,-2.62892,0.198305,1.40461,-4.08972
-0.169106,372.342,0.00192678,-2.53298,0.221329,1.35843,-3.95528
-0.169106,372.342,0.00192712,-2.42705,0.24348,1.3069,-3.80522
-0.169106,372.342,0.00192746,-2.31154,0.26467,1.2502,-3.64015
-0.169106,372.342,0.0019278,-2.18691,0.284815,1.18858,-3.46071
-0.169106,372.342,0.00192814,-2.05364,0.303837,1.12226,-3.26762
-0.169106,372.342,0.00192847,-1.91227,0.321659,1.05151,-3.06163
-0.169106,372.342,0.00192881,-1.76336,0.338212,0.976613,-2.84355
-0.169106,372.342,0.00192915,-1.60748,0.35343,0.897862,-2.61426
-0.169106,372.342,0.00192949,-1.44526,0.367253,0.815567,-2.37464
-0.169106,372.342,0.00192983,-1.27734,0.379627,0.730054,-2.12566
-0.169106,372.342,0.00193017,-1.10437,0.390502,0.641659,-1.86829
-0.169106,372.342,0.00193051,-0.927051,0.399837,0.550732,-1.60354
-0.169106,372.342,0.00193085,-0.74607,0.407593,0.457632,-1.33246
-0.169106,372.342,0.00193119,-0.562144,0.413741,0.362725,-1.05613
-0.169106,372.342,0.00193153,-0.376,0.418256,0.266387,-0.775626
-0.169106,372.342,0.00193186,-0.188372,0.42112,0.168998,-0.492062
-0.169106,372.342,0.0019322,-1.0583e-013,0.422323,0.0709417,-0.206557
-0.169106,372.342,0.00193254,0.188372,0.421859,-0.0273946,0.0797639
-0.169106,372.342,0.00193288,0.376,0.419729,-0.125623,0.36577
-0.169106,372.342,0.00193322,0.562144,0.415944,-0.223355,0.650332
-0.169106,372.342,0.00193356,0.74607,0.410516,-0.320206,0.932328
-0.169106,372.342,0.0019339,0.927051,0.403469,-0.415793,1.21064
-0.169106,372.342,0.00193424,1.10437,0.394829,-0.509739,1.48418
-0.169106,372.342,0.00193458,1.27734,0.384632,-0.601674,1.75186
-0.169106,372.342,0.00193492,1.44526,0.372916,-0.691234,2.01263
-0.169106,372.342,0.00193525,1.60748,0.359728,-0.778066,2.26545
-0.169106,372.342,0.00193559,1.76336,0.345121,-0.861827,2.50934
-0.169106,372.342,0.00193593,1.91227,0.329152,-0.942187,2.74332
-0.169106,372.342,0.00193627,2.05364,0.311883,-1.01883,2.96647
-0.169106,372.342,0.00193661,2.18691,0.293384,-1.09145,3.17792
-0.169106,372.342,0.00193695,2.31154,0.273727,-1.15976,3.37682
-0.169106,372.342,0.00193729,2.42705,0.25299,-1.2235,3.5624
-0.169106,372.342,0.00193763,2.53298,0.231254,-1.28241,3.73392
-0.169106,372.342,0.00193797,2.62892,0.208606,-1.33625,3.8907
-0.169106,372.342,0.00193831,2.71448,0.185134,-1.38483,4.03213
-0.169106,372.342,0.00193864,2.78933,0.160932,-1.42793,4.15764
-0.169106,372.342,0.00193898,2.85317,0.136095,-1.46541,4.26675
-0.169106,372.342,0.00193932,2.90575,0.11072,-1.4971,4.35902
-0.169106,372.342,0.00193966,2.94686,0.0849086,-1.52288,4.43408
-0.169106,372.342,0.00194,2.97634,0.058762,-1.54265,4.49165
-0.169106,372.342,0.00194034,2.99408,0.0323835,-1.55633,4.53149
-0.169106,372.342,0.00194068,3,0.00587727,-1.56387,4.55344
-0.169106,372.342,0.00194102,2.99408,-0.0206522,-1.56524,4.55743
-0.169106,372.342,0.00194136,2.97634,-0.0471002,-1.56043,4.54342
-0.169106,372.342,0.00194169,2.94686,-0.0733623,-1.54946,4.51149
-0.169106,372.342,0.00194203,2.90575,-0.0993348,-1.53238,4.46176
-0.169106,372.342,0.00194237,2.85317,-0.124915,-1.50925,4.39441
-0.169106,372.342,0.00194271,2.78933,-0.150003,-1.48016,4.30972
-0.169106,372.342,0.00194305,2.71448,-0.174498,-1.44524,4.20802
-0.169106,372.342,0.00194339,2.62892,-0.198305,-1.40461,4.08972
-0.169106,372.342,0.00194373,2.53298,-0.22133,-1.35843,3.95528
-0.169106,372.342,0.00194407,2.42705,-0.24348,-1.3069,3.80522
-0.169106,372.342,0.00194441,2.31154,-0.26467,-1.2502,3.64015
-0.169106,372.342,0.00194475,2.18691,-0.284816,-1.18857,3.46071
-0.169106,372.342,0.00194508,2.05364,-0.303837,-1.12226,3.26762
-0.169106,372.342,0.00194542,1.91227,-0.321659,-1.05151,3.06163
-0.169106,372.342,0.00194576,1.76336,-0.338212,-0.976612,2.84355
-0.169106,372.342,0.0019461,1.60748,-0.35343,-0.897861,2.61426
-0.169106,372.342,0.00194644,1.44526,-0.367253,-0.815566,2.37464
-0.169106,372.342,0.00194678,1.27734,-0.379627,-0.730053,2.12566
-0.169106,372.342,0.00194712,1.10437,-0.390502,-0.641658,1.86828
-0.169106,372.342,0.00194746,0.927051,-0.399837,-0.550731,1.60354
-0.169106,372.342,0.0019478,0.74607,-0.407593,-0.457631,1.33246
-0.169106,372.342,0.00194814,0.562144,-0.413741,-0.362724,1.05613
-0.169106,372.342,0.00194847,0.376,-0.418256,-0.266386,0.775625
-0.169106,372.342,0.00194881,0.188372,-0.42112,-0.168997,0.492061
-0.169106,372.342,0.00194915,1.38172e-013,-0.422323,-0.070941,0.206556
-0.169106,372.342,0.00194949,-0.188372,-0.421858,0.0273952,-0.0797645
-0.169106,372.342,0.00194983,-0.376,-0.419729,0.125623,-0.36577
-0.169106,372.342,0.00195017,-0.562144,-0.415944,0.223356,-0.650332
-0.169106,372.342,0.00195051,-0.74607,-0.410516,0.320206,-0.932328
-0.169106,372.342,0.00195085,-0.927051,-0.403469,0.415793,-1.21064
-0.169106,372.342,0.00195119,-1.10437,-0.394829,0.50974,-1.48418
-0.169106,372.342,0.00195153,-1.27734,-0.384631,0.601674,-1.75186
-0.169106,372.342,0.00195186,-1.44526,-0.372916,0.691234,-2.01263
-0.169106,372.342,0.0019522,-1.60748,-0.359728,0.778066,-2.26545
-0.169106,372.342,0.00195254,-1.76336,-0.345121,0.861827,-2.50934
-0.169106,372.342,0.00195288,-1.91227,-0.329152,0.942187,-2.74332
-0.169106,372.342,0.00195322,-2.05364,-0.311883,1.01883,-2.96647
-0.169106,372.342,0.00195356,-2.18691,-0.293384,1.09145,-3.17792
-0.169106,372.342,0.0019539,-2.31154,-0.273727,1.15976,-3.37682
-0.169106,372.342,0.00195424,-2.42705,-0.25299,1.2235,-3.5624
-0.169106,372.342,0.00195458,-2.53298,-0.231254,1.28241,-3.73392
-0.169106,372.342,0.00195492,-2.62892,-0.208606,1.33625,-3.8907
-0.169106,372.342,0.00195525,-2.71448,-0.185134,1.38483,-4.03213
-0.169106,372.342,0.00195559,-2.78933,-0.160932,1.42793,-4.15764
-0.169106,372.342,0.00195593,-2.85317,-0.136095,1.46541,-4.26675
-0.169106,372.342,0.00195627,-2.90575,-0.11072,1.4971,-4.35902
-0.169106,372.342,0.00195661,-2.94686,-0.0849086,1.52288,-4.43408
-0.169106,372.342,0.00195695,-2.97634,-0.058762,1.54265,-4.49165
-0.169106,372.342,0.00195729,-2.99408,-0.0323835,1.55633,-4.53149
-0.169106,372.342,0.00195763,-3,-0.00587727,1.56387,-4.55344
-0.169106,372.342,0.00195797,-2.99408,0.0206522,1.56524,-4.55743
-0.169106,372.342,0.00195831,-2.97634,0.0471001,1.56043,-4.54342
-0.169106,372.342,0.00195864,-2.94686,0.0733622,1.54946,-4.51149
-0.169106,372.342,0.00195898,-2.90575,0.0993348,1.53238,-4.46175
-0.169106,372.342,0.00195932,-2.85317,0.124915,1.50925,-4.39441
-0.169106,372.342,0.00195966,-2.78933,0.150003,1.48016,-4.30972
-0.169106,372.342,0.00196,-2.71448,0.174498,1.44524,-4.20802
-0.169106,372.342,0.00196034,-2.62892,0.198305,1.40461,-4.08972
-0.169106,372.342,0.00196068,-2.53298,0.221329,1.35843,-3.95528
-0.169106,372.342,0.00196102,-2.42705,0.24348,1.3069,-3.80522
-0.169106,372.342,0.00196136,-2.31154,0.26467,1.2502,-3.64015
-0.169106,372.342,0.00196169,-2.18691,0.284815,1.18857,-3.46071
-0.169106,372.342,0.00196203,-2.05364,0.303837,1.12226,-3.26762
-0.169106,372.342,0.00196237,-1.91227,0.321659,1.05151,-3.06163
-0.169106,372.342,0.00196271,-1.76336,0.338212,0.976612,-2.84355
-0.169106,372.342,0.00196305,-1.60748,0.35343,0.897861,-2.61426
-0.169106,372.342,0.00196339,-1.44526,0.367253,0.815566,-2.37464
-0.169106,372.342,0.00196373,-1.27734,0.379627,0.730053,-2.12566
-0.169106,372.342,0.00196407,-1.10437,0.390502,0.641659,-1.86828
-0.169106,372.342,0.00196441,-0.927051,0.399837,0.550732,-1.60354
-0.169106,372.342,0.00196475,-0.74607,0.407593,0.457631,-1.33246
-0.169106,372.342,0.00196508,-0.562144,0.413741,0.362725,-1.05613
-0.169106,372.342,0.00196542,-0.376,0.418256,0.266387,-0.775625
-0.169106,372.342,0.00196576,-0.188372,0.42112,0.168998,-0.492062
-0.169106,372.342,0.0019661,1.6263e-017,0.422323,0.0709416,-0.206557
-0.169106,372.342,0.00196644,0.188372,0.421858,-0.0273946,0.0797639
-0.169106,372.342,0.00196678,0.376,0.419729,-0.125623,0.36577
-0.169106,372.342,0.00196712,0.562144,0.415944,-0.223355,0.650332
-0.169106,372.342,0.00196746,0.74607,0.410516,-0.320206,0.932327
-0.169106,372.342,0.0019678,0.927051,0.403469,-0.415793,1.21064
-0.169106,372.342,0.00196814,1.10437,0.394829,-0.509739,1.48418
-0.169106,372.342,0.00196847,1.27734,0.384632,-0.601673,1.75186
-0.169106,372.342,0.00196881,1.44526,0.372916,-0.691233,2.01263
-0.169106,372.342,0.00196915,1.60748,0.359728,-0.778065,2.26545
-0.169106,372.342,0.00196949,1.76336,0.345121,-0.861827,2.50934
-0.169106,372.342,0.00196983,1.91227,0.329152,-0.942187,2.74332
-0.169106,372.342,0.00197017,2.05364,0.311883,-1.01883,2.96647
-0.169106,372.342,0.00197051,2.18691,0.293384,-1.09145,3.17792
-0.169106,372.342,0.00197085,2.31154,0.273727,-1.15976,3.37682
-0.169106,372.342,0.00197119,2.42705,0.25299,-1.2235,3.5624
-0.169106,372.342,0.00197153,2.53298,0.231254,-1.28241,3.73392
-0.169106,372.342,0.00197186,2.62892,0.208606,-1.33625,3.8907
-0.169106,372.342,0.0019722,2.71448,0.185134,-1.38483,4.03213
-0.169106,372.342,0.00197254,2.78933,0.160932,-1.42793,4.15764
-0.169106,372.342,0.00197288,2.85317,0.136095,-1.46541,4.26675
-0.169106,372.342,0.00197322,2.90575,0.11072,-1.4971,4.35902
-0.169106,372.342,0.00197356,2.94686,0.0849086,-1.52288,4.43408
-0.169106,372.342,0.0019739,2.97634,0.0587621,-1.54265,4.49165
-0.169106,372.342,0.00197424,2.99408,0.0323836,-1.55633,4.53149
-0.169106,372.342,0.00197458,3,0.00587735,-1.56387,4.55344
-0.169106,372.342,0.00197492,2.99408,-0.0206521,-1.56524,4.55743
-0.169106,372.342,0.00197525,2.97634,-0.0471001,-1.56043,4.54342
-0.169106,372.342,0.00197559,2.94686,-0.0733622,-1.54946,4.51149
-0.169106,372.342,0.00197593,2.90575,-0.0993347,-1.53238,4.46176
-0.169106,372.342,0.00197627,2.85317,-0.124915,-1.50925,4.39441
-0.169106,372.342,0.00197661,2.78933,-0.150003,-1.48016,4.30972
-0.169106,372.342,0.00197695,2.71448,-0.174498,-1.44524,4.20802
-0.169106,372.342,0.00197729,2.62892,-0.198305,-1.40461,4.08972
-0.169106,372.342,0.00197763,2.53298,-0.221329,-1.35843,3.95528
-0.169106,372.342,0.00197797,2.42705,-0.24348,-1.3069,3.80522
-0.169106,372.342,0.00197831,2.31154,-0.26467,-1.2502,3.64015
-0.169106,372.342,0.00197864,2.18691,-0.284815,-1.18858,3.46071
-0.169106,372.342,0.00197898,2.05364,-0.303837,-1.12226,3.26762
-0.169106,372.342,0.00197932,1.91227,-0.321659,-1.05151,3.06163
-0.169106,372.342,0.00197966,1.76336,-0.338212,-0.976613,2.84355
-0.169106,372.342,0.00198,1.60748,-0.35343,-0.897861,2.61426
-0.169106,372.342,0.00198034,1.44526,-0.367253,-0.815567,2.37464
-0.169106,372.342,0.00198068,1.27734,-0.379627,-0.730053,2.12566
-0.169106,372.342,0.00198102,1.10437,-0.390502,-0.641659,1.86829
-0.169106,372.342,0.00198136,0.927051,-0.399837,-0.550732,1.60354
-0.169106,372.342,0.00198169,0.74607,-0.407593,-0.457631,1.33246
-0.169106,372.342,0.00198203,0.562144,-0.413741,-0.362725,1.05613
-0.169106,372.342,0.00198237,0.376,-0.418256,-0.266387,0.775625
-0.169106,372.342,0.00198271,0.188372,-0.42112,-0.168998,0.492062
-0.169106,372.342,0.00198305,3.23255e-014,-0.422323,-0.0709415,0.206557
-0.169106,372.342,0.00198339,-0.188372,-0.421859,0.0273948,-0.0797641
-0.169106,372.342,0.00198373,-0.376,-0.419729,0.125623,-0.36577
-0.169106,372.342,0.00198407,-0.562144,-0.415944,0.223355,-0.650332
-0.169106,372.342,0.00198441,-0.74607,-0.410516,0.320206,-0.932328
-0.169106,372.342,0.00198475,-0.927051,-0.403469,0.415793,-1.21064
-0.169106,372.342,0.00198508,-1.10437,-0.394829,0.509739,-1.48418
-0.169106,372.342,0.00198542,-1.27734,-0.384632,0.601674,-1.75186
-0.169106,372.342,0.00198576,-1.44526,-0.372916,0.691234,-2.01263
-0.169106,372.342,0.0019861,-1.60748,-0.359728,0.778066,-2.26545
-0.169106,372.342,0.00198644,-1.76336,-0.345121,0.861827,-2.50934
-0.169106,372.342,0.00198678,-1.91227,-0.329152,0.942187,-2.74332
-0.169106,372.342,0.00198712,-2.05364,-0.311883,1.01883,-2.96647
-0.169106,372.342,0.00198746,-2.18691,-0.293384,1.09145,-3.17792
-0.169106,372.342,0.0019878,-2.31154,-0.273727,1.15976,-3.37682
-0.169106,372.342,0.00198814,-2.42705,-0.25299,1.2235,-3.5624
-0.169106,372.342,0.00198847,-2.53298,-0.231254,1.28241,-3.73392
-0.169106,372.342,0.00198881,-2.62892,-0.208606,1.33625,-3.8907
-0.169106,372.342,0.00198915,-2.71448,-0.185134,1.38483,-4.03213
-0.169106,372.342,0.00198949,-2.78933,-0.160932,1.42793,-4.15764
-0.169106,372.342,0.00198983,-2.85317,-0.136095,1.46541,-4.26675
-0.169106,372.342,0.00199017,-2.90575,-0.11072,1.4971,-4.35902
-0.169106,372.342,0.00199051,-2.94686,-0.0849086,1.52288,-4.43408
-0.169106,372.342,0.00199085,-2.97634,-0.058762,1.54265,-4.49165
-0.169106,372.342,0.00199119,-2.99408,-0.0323835,1.55633,-4.53149
-0.169106,372.342,0.00199153,-3,-0.00587726,1.56387,-4.55344
-0.169106,372.342,0.00199186,-2.99408,0.0206522,1.56524,-4.55743
-0.169106,372.342,0.0019922,-2.97634,0.0471002,1.56043,-4.54342
-0.169106,372.342,0.00199254,-2.94686,0.0733622,1.54946,-4.51149
-0.169106,372.342,0.00199288,-2.90575,0.0993348,1.53238,-4.46176
-0.169106,372.342,0.00199322,-2.85317,0.124915,1.50925,-4.39441
-0.169106,372.342,0.00199356,-2.78933,0.150003,1.48016,-4.30972
-0.169106,372.342,0.0019939,-2.71448,0.174498,1.44524,-4.20802
-0.169106,372.342,0.00199424,-2.62892,0.198305,1.40461,-4.08972
-0.169106,372.342,0.00199458,-2.53298,0.22133,1.35843,-3.95528
-0.169106,372.342,0.00199492,-2.42705,0.24348,1.3069,-3.80522
-0.169106,372.342,0.00199525,-2.31154,0.26467,1.2502,-3.64015
-0.169106,372.342,0.00199559,-2.18691,0.284816,1.18857,-3.46071
-0.169106,372.342,0.00199593,-2.05364,0.303837,1.12226,-3.26762
-0.169106,372.342,0.00199627,-1.91227,0.321659,1.05151,-3.06163
-0.169106,372.342,0.00199661,-1.76336,0.338212,0.976612,-2.84355
-0.169106,372.342,0.00199695,-1.60748,0.35343,0.897861,-2.61426
-0.169106,372.342,0.00199729,-1.44526,0.367253,0.815566,-2.37464
-0.169106,372.342,0.00199763,-1.27734,0.379627,0.730053,-2.12566
-0.169106,372.342,0.00199797,-1.10437,0.390502,0.641658,-1.86828
-0.169106,372.342,0.00199831,-0.927051,0.399837,0.550731,-1.60354
-0.169106,372.342,0.00199864,-0.74607,0.407593,0.457631,-1.33246
-0.169106,372.342,0.00199898,-0.562144,0.413741,0.362725,-1.05613
-0.169106,372.342,0.00199932,-0.376,0.418256,0.266387,-0.775625
-0.169106,372.342,0.00199966,-0.188372,0.42112,0.168997,-0.492062
-0.169106,372.342,0.002,-6.46673e-014,0.422323,0.0709411,-0.206556
-0.169106,372.342,0.00200034,0.188372,0.421858,-0.0273951,0.0797644
-0.169106,372.342,0.00200068,0.376,0.419729,-0.125623,0.36577
-0.169106,372.342,0.00200102,0.562144,0.415944,-0.223355,0.650332
-0.169106,372.342,0.00200136,0.74607,0.410516,-0.320206,0.932328
-0.169106,372.342,0.00200169,0.927051,0.403469,-0.415793,1.21064
-0.169106,372.342,0.00200203,1.10437,0.394829,-0.509739,1.48418
-0.169106,372.342,0.00200237,1.27734,0.384631,-0.601674,1.75186
-0.169106,372.342,0.00200271,1.44526,0.372916,-0.691234,2.01263
-0.169106,372.342,0.00200305,1.60748,0.359728,-0.778066,2.26545
-0.169106,372.342,0.00200339,1.76336,0.345121,-0.861827,2.50934
-0.169106,372.342,0.00200373,1.91227,0.329152,-0.942187,2.74332
-0.169106,372.342,0.00200407,2.05364,0.311883,-1.01883,2.96647
-0.169106,372.342,0.00200441,2.18691,0.293384,-1.09145,3.17792
-0.169106,372.342,0.00200475,2.31154,0.273727,-1.15976,3.37682
-0.169106,372.342,0.00200508,2.42705,0.25299,-1.2235,3.5624
-0.169106,372.342,0.00200542,2.53298,0.231254,-1.28241,3.73392
-0.169106,372.342,0.00200576,2.62892,0.208606,-1.33625,3.8907
-0.169106,372.342,0.0020061,2.71448,0.185134,-1.38483,4.03213
-0.169106,372.342,0.00200644,2.78933,0.160932,-1.42793,4.15764
-0.169106,372.342,0.00200678,2.85317,0.136095,-1.46541,4.26675
-0.169106,372.342,0.00200712,2.90575,0.11072,-1.4971,4.35902
-0.169106,372.342,0.00200746,2.94686,0.0849086,-1.52288,4.43408
-0.169106,372.342,0.0020078,2.97634,0.058762,-1.54265,4.49165
-0.169106,372.342,0.00200814,2.99408,0.0323836,-1.55633,4.53149
-0.169106,372.342,0.00200847,3,0.00587729,-1.56387,4.55344
-0.169106,372.342,0.00200881,2.99408,-0.0206522,-1.56524,4.55743
-0.169106,372.342,0.00200915,2.97634,-0.0471001,-1.56043,4.54342
-0.169106,372.342,0.00200949,2.94686,-0.0733622,-1.54946,4.51149
-0.169106,372.342,0.00200983,2.90575,-0.0993347,-1.53238,4.46175
-0.169106,372.342,0.00201017,2.85317,-0.124915,-1.50925,4.39441
-0.169106,372.342,0.00201051,2.78933,-0.150003,-1.48016,4.30972
-0.169106,372.342,0.00201085,2.71448,-0.174498,-1.44524,4.20802
-0.169106,372.342,0.00201119,2.62892,-0.198305,-1.40461,4.08972
-0.169106,372.342,0.00201153,2.53298,-0.221329,-1.35843,3.95528
-0.169106,372.342,0.00201186,2.42705,-0.24348,-1.3069,3.80522
-0.169106,372.342,0.0020122,2.31154,-0.26467,-1.2502,3.64015
-0.169106,372.342,0.00201254,2.18691,-0.284815,-1.18857,3.46071
-0.169106,372.342,0.00201288,2.05364,-0.303837,-1.12226,3.26762
-0.169106,372.342,0.00201322,1.91227,-0.321659,-1.05151,3.06163
-0.169106,372.342,0.00201356,1.76336,-0.338212,-0.976612,2.84355
-0.169106,372.342,0.0020139,1.60748,-0.35343,-0.897861,2.61426
-0.169106,372.342,0.00201424,1.44526,-0.367253,-0.815567,2.37464
-0.169106,372.342,0.00201458,1.27734,-0.379627,-0.730053,2.12566
-0.169106,372.342,0.00201492,1.10437,-0.390502,-0.641659,1.86828
-0.169106,372.342,0.00201525,0.927051,-0.399837,-0.550732,1.60354
-0.169106,372.342,0.00201559,0.74607,-0.407593,-0.457631,1.33246
-0.169106,372.342,0.00201593,0.562144,-0.413741,-0.362725,1.05613
-0.169106,372.342,0.00201627,0.376,-0.418256,-0.266387,0.775625
-0.169106,372.342,0.00201661,0.188372,-0.42112,-0.168998,0.492062
-0.169106,372.342,0.00201695,9.70092e-014,-0.422323,-0.0709416,0.206557
-0.169106,372.342,0.00201729,-0.188372,-0.421858,0.0273946,-0.0797639
-0.169106,372.342,0.00201763,-0.376,-0.419729,0.125623,-0.36577
-0.169106,372.342,0.00201797,-0.562144,-0.415944,0.223355,-0.650332
-0.169106,372.342,0.00201831,-0.74607,-0.410516,0.320206,-0.932328
-0.169106,372.342,0.00201864,-0.927051,-0.403469,0.415793,-1.21064
-0.169106,372.342,0.00201898,-1.10437,-0.394829,0.509739,-1.48418
-0.169106,372.342,0.00201932,-1.27734,-0.384632,0.601674,-1.75186
-0.169106,372.342,0.00201966,-1.44526,-0.372916,0.691233,-2.01263
-0.169106,372.342,0.00202,-1.60748,-0.359728,0.778065,-2.26545
-0.169106,372.342,0.00202034,-1.76336,-0.345121,0.861827,-2.50934
-0.169106,372.342,0.00202068,-1.91227,-0.329152,0.942187,-2.74332
-0.169106,372.342,0.00202102,-2.05364,-0.311883,1.01883,-2.96647
-0.169106,372.342,0.00202136,-2.18691,-0.293384,1.09145,-3.17792
-0.169106,372.342,0.00202169,-2.31154,-0.273727,1.15976,-3.37682
-0.169106,372.342,0.00202203,-2.42705,-0.25299,1.2235,-3.5624
-0.169106,372.342,0.00202237,-2.53298,-0.231254,1.28241,-3.73392
-0.169106,372.342,0.00202271,-2.62892,-0.208606,1.33625,-3.8907
-0.169106,372.342,0.00202305,-2.71448,-0.185134,1.38483,-4.03213
-0.169106,372.342,0.00202339,-2.78933,-0.160932,1.42793,-4.15764
-0.169106,372.342,0.00202373,-2.85317,-0.136095,1.46541,-4.26675
-0.169106,372.342,0.00202407,-2.90575,-0.11072,1.4971,-4.35902
-0.169106,372.342,0.00202441,-2.94686,-0.0849086,1.52288,-4.43408
-0.169106,372.342,0.00202475,-2.97634,-0.0587621,1.54265,-4.49165
-0.169106,372.342,0.00202508,-2.99408,-0.0323836,1.55633,-4.53149
-0.169106,372.342,0.00202542,-3,-0.00587732,1.56387,-4.55344
-0.169106,372.342,0.00202576,-2.99408,0.0206521,1.56524,-4.55743
-0.169106,372.342,0.0020261,-2.97634,0.0471001,1.56043,-4.54342
-0.169106,372.342,0.00202644,-2.94686,0.0733622,1.54946,-4.51149
-0.169106,372.342,0.00202678,-2.90575,0.0993347,1.53238,-4.46176
-0.169106,372.342,0.00202712,-2.85317,0.124915,1.50925,-4.39441
-0.169106,372.342,0.00202746,-2.78933,0.150003,1.48016,-4.30972
-0.169106,372.342,0.0020278,-2.71448,0.174498,1.44524,-4.20802
-0.169106,372.342,0.00202814,-2.62892,0.198305,1.40461,-4.08972
-0.169106,372.342,0.00202847,-2.53298,0.22133,1.35843,-3.95528
-0.169106,372.342,0.00202881,-2.42705,0.24348,1.3069,-3.80522
-0.169106,372.342,0.00202915,-2.31154,0.26467,1.2502,-3.64015
-0.169106,372.342,0.00202949,-2.18691,0.284815,1.18858,-3.46071
-0.169106,372.342,0.00202983,-2.05364,0.303837,1.12226,-3.26762
-0.169106,372.342,0.00203017,-1.91227,0.321659,1.05151,-3.06163
-0.169106,372.342,0.00203051,-1.76336,0.338212,0.976613,-2.84355
-0.169106,372.342,0.00203085,-1.60748,0.35343,0.897861,-2.61426
-0.169106,372.342,0.00203119,-1.44526,0.367253,0.815567,-2.37464
-0.169106,372.342,0.00203153,-1.27734,0.379627,0.730053,-2.12566
-0.169106,372.342,0.00203186,-1.10437,0.390502,0.641659,-1.86828
-0.169106,372.342,0.0020322,-0.927051,0.399837,0.550732,-1.60354
-0.169106,372.342,0.00203254,-0.74607,0.407593,0.457631,-1.33246
-0.169106,372.342,0.00203288,-0.562144,0.413741,0.362725,-1.05613
-0.169106,372.342,0.00203322,-0.376,0.418256,0.266387,-0.775625
-0.169106,372.342,0.00203356,-0.188372,0.42112,0.168998,-0.492062
