Amp, Phaseshift, Time, Vd, Vr, VL, VC
0.27387,372.153,0,0,0,0,0
0.27387,372.153,1.36054e-007,0.188372,0.00128144,0.188372,0
0.27387,372.153,2.72109e-007,0.376,0.00383054,0.374718,0.000348691
0.27387,372.153,4.08163e-007,0.562144,0.00762622,0.557965,0.00139102
0.27387,372.153,5.44218e-007,0.74607,0.0126402,0.737052,0.00346618
0.27387,372.153,6.80272e-007,0.927051,0.0188371,0.910945,0.00690568
0.27387,372.153,8.16327e-007,1.10437,0.0261747,1.07863,0.0120314
0.27387,372.153,9.52381e-007,1.27734,0.0346042,1.23913,0.0191538
0.27387,372.153,1.08844e-006,1.44526,0.0440702,1.3915,0.0285699
0.27387,372.153,1.22449e-006,1.60748,0.0545113,1.53484,0.0405618
0.27387,372.153,1.36054e-006,1.76336,0.0658601,1.66828,0.0553948
0.27387,372.153,1.4966e-006,1.91227,0.0780439,1.79102,0.0733159
0.27387,372.153,1.63265e-006,2.05364,0.0909846,1.90228,0.0945524
0.27387,372.153,1.76871e-006,2.18691,0.104599,2.00137,0.11931
0.27387,372.153,1.90476e-006,2.31154,0.118801,2.08763,0.147772
0.27387,372.153,2.04082e-006,2.42705,0.133498,2.16048,0.180099
0.27387,372.153,2.17687e-006,2.53298,0.148596,2.21939,0.216425
0.27387,372.153,2.31293e-006,2.62892,0.163997,2.2639,0.25686
0.27387,372.153,2.44898e-006,2.71448,0.179599,2.29363,0.301484
0.27387,372.153,2.58503e-006,2.78933,0.195302,2.30825,0.350355
0.27387,372.153,2.72109e-006,2.85317,0.210999,2.30751,0.403498
0.27387,372.153,2.85714e-006,2.90575,0.226586,2.29125,0.460913
0.27387,372.153,2.9932e-006,2.94686,0.241956,2.25936,0.522569
0.27387,372.153,3.12925e-006,2.97634,0.257002,2.21182,0.588408
0.27387,372.153,3.26531e-006,2.99408,0.271619,2.14867,0.65834
0.27387,372.153,3.40136e-006,3,0.285701,2.07004,0.73225
0.27387,372.153,3.53741e-006,2.99408,0.299144,1.97613,0.809992
0.27387,372.153,3.67347e-006,2.97634,0.311846,1.86721,0.891391
0.27387,372.153,3.80952e-006,2.94686,0.323707,1.74362,0.976248
0.27387,372.153,3.94558e-006,2.90575,0.334631,1.60579,1.06433
0.27387,372.153,4.08163e-006,2.85317,0.344524,1.45421,1.15539
0.27387,372.153,4.21769e-006,2.78933,0.353295,1.28942,1.24914
0.27387,372.153,4.35374e-006,2.71448,0.36086,1.11205,1.34527
0.27387,372.153,4.4898e-006,2.62892,0.367138,0.92279,1.44346
0.27387,372.153,4.62585e-006,2.53298,0.372052,0.722383,1.54336
0.27387,372.153,4.7619e-006,2.42705,0.375532,0.511634,1.6446
0.27387,372.153,4.89796e-006,2.31154,0.377515,0.291404,1.74679
0.27387,372.153,5.03401e-006,2.18691,0.377941,0.0626021,1.84951
0.27387,372.153,5.17007e-006,2.05364,0.376758,-0.173813,1.95236
0.27387,372.153,5.30612e-006,1.91227,0.373923,-0.416841,2.05487
0.27387,372.153,5.44218e-006,1.76336,0.369396,-0.665441,2.15662
0.27387,372.153,5.57823e-006,1.60748,0.363147,-0.918537,2.25714
0.27387,372.153,5.71429e-006,1.44526,0.355154,-1.17502,2.35595
0.27387,372.153,5.85034e-006,1.27734,0.3454,-1.43377,2.45259
0.27387,372.153,5.98639e-006,1.10437,0.333879,-1.69362,2.54658
0.27387,372.153,6.12245e-006,0.927051,0.320591,-1.95341,2.63743
0.27387,372.153,6.2585e-006,0.74607,0.305543,-2.21195,2.72467
0.27387,372.153,6.39456e-006,0.562144,0.288754,-2.46807,2.80781
0.27387,372.153,6.53061e-006,0.376,0.270247,-2.72056,2.88638
0.27387,372.153,6.66667e-006,0.188372,0.250054,-2.96826,2.95992
0.27387,372.153,6.80272e-006,3.67382e-016,0.228218,-3.20997,3.02796
0.27387,372.153,6.93878e-006,-0.188372,0.204785,-3.44455,3.09006
0.27387,372.153,7.07483e-006,-0.376,0.179814,-3.67084,3.14578
0.27387,372.153,7.21088e-006,-0.562144,0.153366,-3.88774,3.19471
0.27387,372.153,7.34694e-006,-0.74607,0.125515,-4.09415,3.23644
0.27387,372.153,7.48299e-006,-0.927051,0.0963382,-4.28901,3.2706
0.27387,372.153,7.61905e-006,-1.10437,0.0659211,-4.47131,3.29681
0.27387,372.153,7.7551e-006,-1.27734,0.034356,-4.64007,3.31475
0.27387,372.153,7.89116e-006,-1.44526,0.00174126,-4.79437,3.3241
0.27387,372.153,8.02721e-006,-1.60748,-0.0318187,-4.93332,3.32457
0.27387,372.153,8.16327e-006,-1.76336,-0.0662141,-5.05611,3.31591
0.27387,372.153,8.29932e-006,-1.91227,-0.10133,-5.16197,3.2979
0.27387,372.153,8.43537e-006,-2.05364,-0.137045,-5.25021,3.27032
0.27387,372.153,8.57143e-006,-2.18691,-0.173237,-5.32019,3.23303
0.27387,372.153,8.70748e-006,-2.31154,-0.209777,-5.37134,3.18589
0.27387,372.153,8.84354e-006,-2.42705,-0.246533,-5.40317,3.12881
0.27387,372.153,8.97959e-006,-2.53298,-0.283371,-5.41526,3.06173
0.27387,372.153,9.11565e-006,-2.62892,-0.320156,-5.40728,2.98462
0.27387,372.153,9.2517e-006,-2.71448,-0.356747,-5.37895,2.8975
0.27387,372.153,9.38776e-006,-2.78933,-0.393006,-5.33009,2.80043
0.27387,372.153,9.52381e-006,-2.85317,-0.428793,-5.26059,2.69349
0.27387,372.153,9.65986e-006,-2.90575,-0.463966,-5.17045,2.57681
0.27387,372.153,9.79592e-006,-2.94686,-0.498385,-5.05971,2.45056
0.27387,372.153,9.93197e-006,-2.97634,-0.531913,-4.92852,2.31495
0.27387,372.153,1.0068e-005,-2.99408,-0.56441,-4.77711,2.17021
0.27387,372.153,1.02041e-005,-3,-0.595742,-4.6058,2.01663
0.27387,372.153,1.03401e-005,-2.99408,-0.625776,-4.41497,1.85452
0.27387,372.153,1.04762e-005,-2.97634,-0.654382,-4.20509,1.68424
0.27387,372.153,1.06122e-005,-2.94686,-0.681434,-3.97672,1.50618
0.27387,372.153,1.07483e-005,-2.90575,-0.706812,-3.73049,1.32075
0.27387,372.153,1.08844e-005,-2.85317,-0.730398,-3.46711,1.12842
0.27387,372.153,1.10204e-005,-2.78933,-0.75208,-3.18736,0.929676
0.27387,372.153,1.11565e-005,-2.71448,-0.771754,-2.89208,0.725029
0.27387,372.153,1.12925e-005,-2.62892,-0.78932,-2.58219,0.515028
0.27387,372.153,1.14286e-005,-2.53298,-0.804686,-2.25869,0.300246
0.27387,372.153,1.15646e-005,-2.42705,-0.817765,-1.92261,0.0812844
0.27387,372.153,1.17007e-005,-2.31154,-0.828479,-1.57506,-0.141237
0.27387,372.153,1.18367e-005,-2.18691,-0.836759,-1.21719,-0.366673
0.27387,372.153,1.19728e-005,-2.05364,-0.842543,-0.850209,-0.594363
0.27387,372.153,1.21088e-005,-1.91227,-0.845777,-0.475366,-0.823626
0.27387,372.153,1.22449e-005,-1.76336,-0.846416,-0.0939525,-1.05377
0.27387,372.153,1.2381e-005,-1.60748,-0.844425,0.292705,-1.28409
0.27387,372.153,1.2517e-005,-1.44526,-0.839777,0.683251,-1.51386
0.27387,372.153,1.26531e-005,-1.27734,-0.832455,1.0763,-1.74237
0.27387,372.153,1.27891e-005,-1.10437,-0.822452,1.47045,-1.96889
0.27387,372.153,1.29252e-005,-0.927051,-0.80977,1.86429,-2.19269
0.27387,372.153,1.30612e-005,-0.74607,-0.79442,2.25639,-2.41303
0.27387,372.153,1.31973e-005,-0.562144,-0.776425,2.64531,-2.6292
0.27387,372.153,1.33333e-005,-0.376,-0.755815,3.02963,-2.84047
0.27387,372.153,1.34694e-005,-0.188372,-0.732632,3.40792,-3.04614
0.27387,372.153,1.36054e-005,-7.34764e-016,-0.706926,3.77877,-3.24549
0.27387,372.153,1.37415e-005,0.188372,-0.678758,4.14079,-3.43786
0.27387,372.153,1.38776e-005,0.376,-0.648196,4.49261,-3.62255
0.27387,372.153,1.40136e-005,0.562144,-0.615319,4.83289,-3.79893
0.27387,372.153,1.41497e-005,0.74607,-0.580215,5.16032,-3.96636
0.27387,372.153,1.42857e-005,0.927051,-0.542979,5.47363,-4.12425
0.27387,372.153,1.44218e-005,1.10437,-0.503716,5.7716,-4.272
0.27387,372.153,1.45578e-005,1.27734,-0.462539,6.05305,-4.40906
0.27387,372.153,1.46939e-005,1.44526,-0.419567,6.31686,-4.53492
0.27387,372.153,1.48299e-005,1.60748,-0.374928,6.56197,-4.64909
0.27387,372.153,1.4966e-005,1.76336,-0.328755,6.78737,-4.75111
0.27387,372.153,1.5102e-005,1.91227,-0.28119,6.99214,-4.84057
0.27387,372.153,1.52381e-005,2.05364,-0.232378,7.1754,-4.91708
0.27387,372.153,1.53741e-005,2.18691,-0.18247,7.33637,-4.98031
0.27387,372.153,1.55102e-005,2.31154,-0.131625,7.47432,-5.02997
0.27387,372.153,1.56463e-005,2.42705,-0.0800012,7.58864,-5.06578
0.27387,372.153,1.57823e-005,2.53298,-0.0277647,7.67877,-5.08755
0.27387,372.153,1.59184e-005,2.62892,0.0249172,7.74424,-5.09511
0.27387,372.153,1.60544e-005,2.71448,0.0778741,7.78467,-5.08833
0.27387,372.153,1.61905e-005,2.78933,0.130934,7.79978,-5.06714
0.27387,372.153,1.63265e-005,2.85317,0.183923,7.78937,-5.03151
0.27387,372.153,1.64626e-005,2.90575,0.236667,7.75334,-4.98146
0.27387,372.153,1.65986e-005,2.94686,0.288991,7.69166,-4.91706
0.27387,372.153,1.67347e-005,2.97634,0.340721,7.60442,-4.83843
0.27387,372.153,1.68707e-005,2.99408,0.391686,7.49178,-4.74571
0.27387,372.153,1.70068e-005,3,0.441713,7.35403,-4.63913
0.27387,372.153,1.71429e-005,2.99408,0.490635,7.1915,-4.51894
0.27387,372.153,1.72789e-005,2.97634,0.538286,7.00465,-4.38543
0.27387,372.153,1.7415e-005,2.94686,0.584503,6.79401,-4.23896
0.27387,372.153,1.7551e-005,2.90575,0.629131,6.5602,-4.07991
0.27387,372.153,1.76871e-005,2.85317,0.672015,6.30395,-3.90872
0.27387,372.153,1.78231e-005,2.78933,0.713008,6.02603,-3.72586
0.27387,372.153,1.79592e-005,2.71448,0.75197,5.72733,-3.53184
0.27387,372.153,1.80952e-005,2.62892,0.788764,5.40879,-3.32722
0.27387,372.153,1.82313e-005,2.53298,0.823264,5.07144,-3.11259
0.27387,372.153,1.83673e-005,2.42705,0.855348,4.71638,-2.88858
0.27387,372.153,1.85034e-005,2.31154,0.884904,4.34477,-2.65583
0.27387,372.153,1.86395e-005,2.18691,0.911828,3.95783,-2.41504
0.27387,372.153,1.87755e-005,2.05364,0.936024,3.55685,-2.16692
0.27387,372.153,1.89116e-005,1.91227,0.957407,3.14317,-1.91222
0.27387,372.153,1.90476e-005,1.76336,0.975897,2.71817,-1.6517
0.27387,372.153,1.91837e-005,1.60748,0.99143,2.28329,-1.38615
0.27387,372.153,1.93197e-005,1.44526,1.00395,1.83998,-1.11638
0.27387,372.153,1.94558e-005,1.27734,1.0134,1.38977,-0.843192
0.27387,372.153,1.95918e-005,1.10437,1.01976,0.934165,-0.567437
0.27387,372.153,1.97279e-005,0.927051,1.02299,0.474732,-0.289952
0.27387,372.153,1.98639e-005,0.74607,1.02307,0.0130363,-0.0115887
0.27387,372.153,2e-005,0.562144,1.02002,-0.449341,0.266799
0.27387,372.153,2.01361e-005,0.376,1.01382,-0.910816,0.544355
0.27387,372.153,2.02721e-005,0.188372,1.0045,-1.3698,0.820224
0.27387,372.153,2.04082e-005,1.10215e-015,0.99209,-1.82473,1.09356
0.27387,372.153,2.05442e-005,-0.188372,0.97662,-2.27402,1.36351
0.27387,372.153,2.06803e-005,-0.376,0.958143,-2.71613,1.62926
0.27387,372.153,2.08163e-005,-0.562144,0.936718,-3.14955,1.88998
0.27387,372.153,2.09524e-005,-0.74607,0.912413,-3.57277,2.14487
0.27387,372.153,2.10884e-005,-0.927051,0.885309,-3.98433,2.39315
0.27387,372.153,2.12245e-005,-1.10437,0.855494,-4.38283,2.63405
0.27387,372.153,2.13605e-005,-1.27734,0.823066,-4.76688,2.86683
0.27387,372.153,2.14966e-005,-1.44526,0.788133,-5.13516,3.0908
0.27387,372.153,2.16327e-005,-1.60748,0.75081,-5.48641,3.30526
0.27387,372.153,2.17687e-005,-1.76336,0.711222,-5.81942,3.50956
0.27387,372.153,2.19048e-005,-1.91227,0.669501,-6.13305,3.70309
0.27387,372.153,2.20408e-005,-2.05364,0.625785,-6.42623,3.88526
0.27387,372.153,2.21769e-005,-2.18691,0.580221,-6.69796,4.05555
0.27387,372.153,2.23129e-005,-2.31154,0.53296,-6.94731,4.21343
0.27387,372.153,2.2449e-005,-2.42705,0.484161,-7.17344,4.35845
0.27387,372.153,2.2585e-005,-2.53298,0.433987,-7.3756,4.4902
0.27387,372.153,2.27211e-005,-2.62892,0.382606,-7.5531,4.60829
0.27387,372.153,2.28571e-005,-2.71448,0.330188,-7.70538,4.7124
0.27387,372.153,2.29932e-005,-2.78933,0.27691,-7.83192,4.80225
0.27387,372.153,2.31293e-005,-2.85317,0.222948,-7.93233,4.8776
0.27387,372.153,2.32653e-005,-2.90575,0.168484,-8.00629,4.93826
0.27387,372.153,2.34014e-005,-2.94686,0.113697,-8.05361,4.98411
0.27387,372.153,2.35374e-005,-2.97634,0.0587711,-8.07415,5.01505
0.27387,372.153,2.36735e-005,-2.99408,0.00388742,-8.0679,5.03104
0.27387,372.153,2.38095e-005,-3,-0.0507719,-8.03493,5.0321
0.27387,372.153,2.39456e-005,-2.99408,-0.105026,-7.9754,5.01828
0.27387,372.153,2.40816e-005,-2.97634,-0.158697,-7.8896,4.9897
0.27387,372.153,2.42177e-005,-2.94686,-0.211608,-7.77787,4.94652
0.27387,372.153,2.43537e-005,-2.90575,-0.263585,-7.64066,4.88894
0.27387,372.153,2.44898e-005,-2.85317,-0.314459,-7.47852,4.81721
0.27387,372.153,2.46259e-005,-2.78933,-0.364065,-7.29208,4.73165
0.27387,372.153,2.47619e-005,-2.71448,-0.412243,-7.08206,4.63258
0.27387,372.153,2.4898e-005,-2.62892,-0.458836,-6.84926,4.52041
0.27387,372.153,2.5034e-005,-2.53298,-0.503697,-6.59455,4.39555
0.27387,372.153,2.51701e-005,-2.42705,-0.546683,-6.31891,4.25849
0.27387,372.153,2.53061e-005,-2.31154,-0.587658,-6.02335,4.10974
0.27387,372.153,2.54422e-005,-2.18691,-0.626495,-5.70898,3.94983
0.27387,372.153,2.55782e-005,-2.05364,-0.663073,-5.37698,3.77935
0.27387,372.153,2.57143e-005,-1.91227,-0.697281,-5.02855,3.59893
0.27387,372.153,2.58503e-005,-1.76336,-0.729015,-4.665,3.40919
0.27387,372.153,2.59864e-005,-1.60748,-0.758183,-4.28766,3.21082
0.27387,372.153,2.61224e-005,-1.44526,-0.784699,-3.8979,3.00451
0.27387,372.153,2.62585e-005,-1.27734,-0.80849,-3.49715,2.79099
0.27387,372.153,2.63946e-005,-1.10437,-0.829489,-3.08687,2.57099
0.27387,372.153,2.65306e-005,-0.927051,-0.847642,-2.66855,2.34528
0.27387,372.153,2.66667e-005,-0.74607,-0.862905,-2.24371,2.11463
0.27387,372.153,2.68027e-005,-0.562144,-0.875245,-1.81387,1.87982
0.27387,372.153,2.69388e-005,-0.376,-0.884636,-1.38058,1.64166
0.27387,372.153,2.70748e-005,-0.188372,-0.891068,-0.945397,1.40094
0.27387,372.153,2.72109e-005,-1.46953e-015,-0.894536,-0.509876,1.15848
0.27387,372.153,2.73469e-005,0.188372,-0.89505,-0.075569,0.915066
0.27387,372.153,2.7483e-005,0.376,-0.892629,0.355984,0.671514
0.27387,372.153,2.7619e-005,0.562144,-0.8873,0.783258,0.428622
0.27387,372.153,2.77551e-005,0.74607,-0.879105,1.20475,0.18718
0.27387,372.153,2.78912e-005,0.927051,-0.868091,1.61898,-0.0520321
0.27387,372.153,2.80272e-005,1.10437,-0.854319,2.0245,-0.288247
0.27387,372.153,2.81633e-005,1.27734,-0.837857,2.4199,-0.520715
0.27387,372.153,2.82993e-005,1.44526,-0.818784,2.80383,-0.748704
0.27387,372.153,2.84354e-005,1.60748,-0.797185,3.17497,-0.971502
0.27387,372.153,2.85714e-005,1.76336,-0.773158,3.53204,-1.18842
0.27387,372.153,2.87075e-005,1.91227,-0.746805,3.87385,-1.39881
0.27387,372.153,2.88435e-005,2.05364,-0.718239,4.19925,-1.60202
0.27387,372.153,2.89796e-005,2.18691,-0.687578,4.50716,-1.79746
0.27387,372.153,2.91156e-005,2.31154,-0.654948,4.79657,-1.98455
0.27387,372.153,2.92517e-005,2.42705,-0.620481,5.06655,-2.16277
0.27387,372.153,2.93878e-005,2.53298,-0.584317,5.31624,-2.33161
0.27387,372.153,2.95238e-005,2.62892,-0.546597,5.54485,-2.49061
0.27387,372.153,2.96599e-005,2.71448,-0.507469,5.75168,-2.63934
0.27387,372.153,2.97959e-005,2.78933,-0.467088,5.93614,-2.77743
0.27387,372.153,2.9932e-005,2.85317,-0.425607,6.09768,-2.90453
0.27387,372.153,3.0068e-005,2.90575,-0.383186,6.23588,-3.02034
0.27387,372.153,3.02041e-005,2.94686,-0.339986,6.35038,-3.12461
0.27387,372.153,3.03401e-005,2.97634,-0.29617,6.44094,-3.21712
0.27387,372.153,3.04762e-005,2.99408,-0.251902,6.50737,-3.29771
0.27387,372.153,3.06122e-005,3,-0.207347,6.54961,-3.36625
0.27387,372.153,3.07483e-005,2.99408,-0.162669,6.56768,-3.42267
0.27387,372.153,3.08844e-005,2.97634,-0.118032,6.56169,-3.46694
0.27387,372.153,3.10204e-005,2.94686,-0.0735973,6.53183,-3.49906
0.27387,372.153,3.11565e-005,2.90575,-0.0295265,6.4784,-3.51908
0.27387,372.153,3.12925e-005,2.85317,0.014023,6.40178,-3.52712
0.27387,372.153,3.14286e-005,2.78933,0.0568966,6.30242,-3.5233
0.27387,372.153,3.15646e-005,2.71448,0.0989434,6.18089,-3.50782
0.27387,372.153,3.17007e-005,2.62892,0.140017,6.0378,-3.4809
0.27387,372.153,3.18367e-005,2.53298,0.179975,5.87386,-3.4428
0.27387,372.153,3.19728e-005,2.42705,0.218682,5.68987,-3.39382
0.27387,372.153,3.21088e-005,2.31154,0.256006,5.48668,-3.33432
0.27387,372.153,3.22449e-005,2.18691,0.291824,5.26522,-3.26466
0.27387,372.153,3.2381e-005,2.05364,0.326018,5.02647,-3.18525
0.27387,372.153,3.2517e-005,1.91227,0.358477,4.7715,-3.09654
0.27387,372.153,3.26531e-005,1.76336,0.389099,4.50141,-2.99899
0.27387,372.153,3.27891e-005,1.60748,0.417788,4.21737,-2.89311
0.27387,372.153,3.29252e-005,1.44526,0.444459,3.92059,-2.77943
0.27387,372.153,3.30612e-005,1.27734,0.469032,3.61231,-2.65849
0.27387,372.153,3.31973e-005,1.10437,0.491439,3.29383,-2.53086
0.27387,372.153,3.33333e-005,0.927051,0.51162,2.96647,-2.39714
0.27387,372.153,3.34694e-005,0.74607,0.529522,2.63159,-2.25792
0.27387,372.153,3.36054e-005,0.562144,0.545103,2.29054,-2.11383
0.27387,372.153,3.37415e-005,0.376,0.558333,1.94473,-1.9655
0.27387,372.153,3.38776e-005,0.188372,0.569187,1.59554,-1.81358
0.27387,372.153,3.40136e-005,-8.82123e-015,0.577652,1.24439,-1.6587
0.27387,372.153,3.41497e-005,-0.188372,0.583725,0.892673,-1.50151
0.27387,372.153,3.42857e-005,-0.376,0.58741,0.541788,-1.34268
0.27387,372.153,3.44218e-005,-0.562144,0.588724,0.193121,-1.18284
0.27387,372.153,3.45578e-005,-0.74607,0.58769,-0.151958,-1.02264
0.27387,372.153,3.46939e-005,-0.927051,0.584343,-0.492102,-0.862723
0.27387,372.153,3.48299e-005,-1.10437,0.578724,-0.825993,-0.703719
0.27387,372.153,3.4966e-005,-1.27734,0.570885,-1.15234,-0.546243
0.27387,372.153,3.5102e-005,-1.44526,0.560885,-1.4699,-0.3909
0.27387,372.153,3.52381e-005,-1.60748,0.548794,-1.77747,-0.238278
0.27387,372.153,3.53741e-005,-1.76336,0.534686,-2.07387,-0.0889465
0.27387,372.153,3.55102e-005,-1.91227,0.518645,-2.35801,0.0565463
0.27387,372.153,3.56463e-005,-2.05364,0.500762,-2.62883,0.197674
0.27387,372.153,3.57823e-005,-2.18691,0.481134,-2.88534,0.333936
0.27387,372.153,3.59184e-005,-2.31154,0.459864,-3.12661,0.464856
0.27387,372.153,3.60544e-005,-2.42705,0.437063,-3.35177,0.58999
0.27387,372.153,3.61905e-005,-2.53298,0.412845,-3.56004,0.708918
0.27387,372.153,3.63265e-005,-2.62892,0.38733,-3.75068,0.821257
0.27387,372.153,3.64626e-005,-2.71448,0.360643,-3.92307,0.926653
0.27387,372.153,3.65986e-005,-2.78933,0.33291,-4.07663,1.02479
0.27387,372.153,3.67347e-005,-2.85317,0.304265,-4.21087,1.11537
0.27387,372.153,3.68707e-005,-2.90575,0.274841,-4.32539,1.19817
0.27387,372.153,3.70068e-005,-2.94686,0.244774,-4.41987,1.27295
0.27387,372.153,3.71429e-005,-2.97634,0.214202,-4.49407,1.33956
0.27387,372.153,3.72789e-005,-2.99408,0.183264,-4.54784,1.39785
0.27387,372.153,3.7415e-005,-3,0.1521,-4.58111,1.44771
0.27387,372.153,3.7551e-005,-2.99408,0.120849,-4.59389,1.4891
0.27387,372.153,3.76871e-005,-2.97634,0.0896496,-4.58629,1.52199
0.27387,372.153,3.78231e-005,-2.94686,0.0586394,-4.5585,1.54638
0.27387,372.153,3.79592e-005,-2.90575,0.0279539,-4.51077,1.56234
0.27387,372.153,3.80952e-005,-2.85317,-0.00227367,-4.44346,1.56994
0.27387,372.153,3.82313e-005,-2.78933,-0.0319131,-4.357,1.56932
0.27387,372.153,3.83673e-005,-2.71448,-0.0608376,-4.25189,1.56064
0.27387,372.153,3.85034e-005,-2.62892,-0.0889241,-4.12872,1.54409
0.27387,372.153,3.86395e-005,-2.53298,-0.116054,-3.98815,1.51989
0.27387,372.153,3.87755e-005,-2.42705,-0.142115,-3.83089,1.48831
0.27387,372.153,3.89116e-005,-2.31154,-0.166997,-3.65773,1.44964
0.27387,372.153,3.90476e-005,-2.18691,-0.1906,-3.46955,1.4042
0.27387,372.153,3.91837e-005,-2.05364,-0.212826,-3.26724,1.35233
0.27387,372.153,3.93197e-005,-1.91227,-0.233586,-3.05178,1.29442
0.27387,372.153,3.94558e-005,-1.76336,-0.252798,-2.82419,1.23086
0.27387,372.153,3.95918e-005,-1.60748,-0.270387,-2.58554,1.16207
0.27387,372.153,3.97279e-005,-1.44526,-0.286285,-2.33695,1.0885
0.27387,372.153,3.98639e-005,-1.27734,-0.300431,-2.07955,1.0106
0.27387,372.153,4e-005,-1.10437,-0.312775,-1.81454,0.928847
0.27387,372.153,4.01361e-005,-0.927051,-0.323273,-1.54312,0.843738
0.27387,372.153,4.02721e-005,-0.74607,-0.331888,-1.26653,0.755772
0.27387,372.153,4.04082e-005,-0.562144,-0.338596,-0.986028,0.665463
0.27387,372.153,4.05442e-005,-0.376,-0.343378,-0.702866,0.573328
0.27387,372.153,4.06803e-005,-0.188372,-0.346223,-0.418322,0.479892
0.27387,372.153,4.08163e-005,-2.20429e-015,-0.347133,-0.133668,0.385681
0.27387,372.153,4.09524e-005,0.188372,-0.346113,0.149823,0.291223
0.27387,372.153,4.10884e-005,0.376,-0.343182,0.43089,0.197043
0.27387,372.153,4.12245e-005,0.562144,-0.338364,0.708283,0.10366
0.27387,372.153,4.13605e-005,0.74607,-0.331692,0.980774,0.0115881
0.27387,372.153,4.14966e-005,0.927051,-0.323208,1.24715,-0.0786682
0.27387,372.153,4.16327e-005,1.10437,-0.312961,1.50625,-0.166616
0.27387,372.153,4.17687e-005,1.27734,-0.301009,1.75692,-0.251775
0.27387,372.153,4.19048e-005,1.44526,-0.287417,1.99805,-0.333683
0.27387,372.153,4.20408e-005,1.60748,-0.272257,2.22858,-0.411892
0.27387,372.153,4.21769e-005,1.76336,-0.255607,2.4475,-0.485975
0.27387,372.153,4.23129e-005,1.91227,-0.237554,2.65385,-0.555528
0.27387,372.153,4.2449e-005,2.05364,-0.218188,2.84672,-0.620169
0.27387,372.153,4.2585e-005,2.18691,-0.197608,3.02526,-0.67954
0.27387,372.153,4.27211e-005,2.31154,-0.175917,3.18869,-0.733311
0.27387,372.153,4.28571e-005,2.42705,-0.153221,3.33628,-0.781179
0.27387,372.153,4.29932e-005,2.53298,-0.129633,3.46738,-0.822872
0.27387,372.153,4.31293e-005,2.62892,-0.10527,3.58142,-0.858146
0.27387,372.153,4.32653e-005,2.71448,-0.08025,3.6779,-0.886791
0.27387,372.153,4.34014e-005,2.78933,-0.0546965,3.75637,-0.908628
0.27387,372.153,4.35374e-005,2.85317,-0.0287339,3.81649,-0.923511
0.27387,372.153,4.36735e-005,2.90575,-0.00248907,3.85799,-0.93133
0.27387,372.153,4.38095e-005,2.94686,0.0239101,3.88068,-0.932007
0.27387,372.153,4.39456e-005,2.97634,0.0503349,3.88444,-0.925501
0.27387,372.153,4.40816e-005,2.99408,0.0766563,3.86925,-0.911804
0.27387,372.153,4.42177e-005,3,0.102746,3.83515,-0.890945
0.27387,372.153,4.43537e-005,2.99408,0.128476,3.78228,-0.862987
0.27387,372.153,4.44898e-005,2.97634,0.153719,3.71086,-0.828028
0.27387,372.153,4.46259e-005,2.94686,0.178353,3.62117,-0.7862
0.27387,372.153,4.47619e-005,2.90575,0.202255,3.5136,-0.737668
0.27387,372.153,4.4898e-005,2.85317,0.225307,3.38858,-0.682633
0.27387,372.153,4.5034e-005,2.78933,0.247393,3.24666,-0.621325
0.27387,372.153,4.51701e-005,2.71448,0.268403,3.08841,-0.554007
0.27387,372.153,4.53061e-005,2.62892,0.288229,2.91452,-0.480972
0.27387,372.153,4.54422e-005,2.53298,0.306772,2.72573,-0.402543
0.27387,372.153,4.55782e-005,2.42705,0.323934,2.52282,-0.319067
0.27387,372.153,4.57143e-005,2.31154,0.339625,2.30667,-0.230922
0.27387,372.153,4.58503e-005,2.18691,0.353763,2.0782,-0.138507
0.27387,372.153,4.59864e-005,2.05364,0.366269,1.83839,-0.042245
0.27387,372.153,4.61224e-005,1.91227,0.377073,1.58825,0.05742
0.27387,372.153,4.62585e-005,1.76336,0.386113,1.32886,0.160025
0.27387,372.153,4.63946e-005,1.60748,0.393333,1.06134,0.26509
0.27387,372.153,4.65306e-005,1.44526,0.398686,0.786838,0.372119
0.27387,372.153,4.66667e-005,1.27734,0.402132,0.506533,0.480605
0.27387,372.153,4.68027e-005,1.10437,0.403639,0.221637,0.590029
0.27387,372.153,4.69388e-005,0.927051,0.403186,-0.0666168,0.699862
0.27387,372.153,4.70748e-005,0.74607,0.400758,-0.356979,0.809573
0.27387,372.153,4.72109e-005,0.562144,0.396348,-0.648187,0.918623
0.27387,372.153,4.73469e-005,0.376,0.389961,-0.938971,1.02647
0.27387,372.153,4.7483e-005,0.188372,0.381607,-1.22806,1.13258
0.27387,372.153,4.7619e-005,2.57167e-015,0.371306,-1.51419,1.23642
0.27387,372.153,4.77551e-005,-0.188372,0.359088,-1.7961,1.33746
0.27387,372.153,4.78912e-005,-0.376,0.344989,-2.07255,1.43517
0.27387,372.153,4.80272e-005,-0.562144,0.329055,-2.3423,1.52904
0.27387,372.153,4.81633e-005,-0.74607,0.311339,-2.60417,1.61858
0.27387,372.153,4.82993e-005,-0.927051,0.291904,-2.85697,1.7033
0.27387,372.153,4.84354e-005,-1.10437,0.270818,-3.09958,1.78273
0.27387,372.153,4.85714e-005,-1.27734,0.248159,-3.33089,1.85642
0.27387,372.153,4.87075e-005,-1.44526,0.224011,-3.54984,1.92395
0.27387,372.153,4.88435e-005,-1.60748,0.198463,-3.75544,1.9849
0.27387,372.153,4.89796e-005,-1.76336,0.171615,-3.94672,2.03891
0.27387,372.153,4.91156e-005,-1.91227,0.143569,-4.12279,2.08561
0.27387,372.153,4.92517e-005,-2.05364,0.114434,-4.28282,2.12467
0.27387,372.153,4.93878e-005,-2.18691,0.0843251,-4.42601,2.15581
0.27387,372.153,4.95238e-005,-2.31154,0.0533613,-4.55168,2.17876
0.27387,372.153,4.96599e-005,-2.42705,0.0216663,-4.65917,2.19328
0.27387,372.153,4.97959e-005,-2.53298,-0.0106325,-4.74793,2.19917
0.27387,372.153,4.9932e-005,-2.62892,-0.0434044,-4.81746,2.19628
0.27387,372.153,5.0068e-005,-2.71448,-0.0765156,-4.86736,2.18447
0.27387,372.153,5.02041e-005,-2.78933,-0.10983,-4.89728,2.16365
0.27387,372.153,5.03401e-005,-2.85317,-0.143211,-4.90699,2.13376
0.27387,372.153,5.04762e-005,-2.90575,-0.176519,-4.8963,2.09479
0.27387,372.153,5.06122e-005,-2.94686,-0.209616,-4.86513,2.04676
0.27387,372.153,5.07483e-005,-2.97634,-0.24236,-4.81349,1.98972
0.27387,372.153,5.08844e-005,-2.99408,-0.274615,-4.74144,1.92377
0.27387,372.153,5.10204e-005,-3,-0.306242,-4.64916,1.84905
0.27387,372.153,5.11565e-005,-2.99408,-0.337105,-4.53689,1.76572
0.27387,372.153,5.12925e-005,-2.97634,-0.367071,-4.40496,1.67399
0.27387,372.153,5.14286e-005,-2.94686,-0.396008,-4.25378,1.5741
0.27387,372.153,5.15646e-005,-2.90575,-0.423789,-4.08385,1.46635
0.27387,372.153,5.17007e-005,-2.85317,-0.450291,-3.89573,1.35103
0.27387,372.153,5.18367e-005,-2.78933,-0.475393,-3.69007,1.2285
0.27387,372.153,5.19728e-005,-2.71448,-0.498983,-3.46759,1.09914
0.27387,372.153,5.21088e-005,-2.62892,-0.520949,-3.22908,0.963365
0.27387,372.153,5.22449e-005,-2.53298,-0.54119,-2.9754,0.82161
0.27387,372.153,5.2381e-005,-2.42705,-0.559608,-2.70747,0.674348
0.27387,372.153,5.2517e-005,-2.31154,-0.576113,-2.42628,0.522074
0.27387,372.153,5.26531e-005,-2.18691,-0.590623,-2.13287,0.365308
0.27387,372.153,5.27891e-005,-2.05364,-0.60306,-1.82833,0.204594
0.27387,372.153,5.29252e-005,-1.91227,-0.613358,-1.51381,0.0404964
0.27387,372.153,5.30612e-005,-1.76336,-0.621457,-1.19049,-0.126404
0.27387,372.153,5.31973e-005,-1.60748,-0.627305,-0.85962,-0.295508
0.27387,372.153,5.33333e-005,-1.44526,-0.630859,-0.522449,-0.466203
0.27387,372.153,5.34694e-005,-1.27734,-0.632085,-0.180276,-0.637865
0.27387,372.153,5.36054e-005,-1.10437,-0.630959,0.165576,-0.809861
0.27387,372.153,5.37415e-005,-0.927051,-0.627464,0.513769,-0.98155
0.27387,372.153,5.38776e-005,-0.74607,-0.621593,0.862944,-1.15229
0.27387,372.153,5.40136e-005,-0.562144,-0.61335,1.21174,-1.32143
0.27387,372.153,5.41497e-005,-0.376,-0.602746,1.55878,-1.48833
0.27387,372.153,5.42857e-005,-0.188372,-0.589803,1.9027,-1.65234
0.27387,372.153,5.44218e-005,-2.93906e-015,-0.57455,2.24214,-1.81283
0.27387,372.153,5.45578e-005,0.188372,-0.557028,2.57575,-1.96917
0.27387,372.153,5.46939e-005,0.376,-0.537285,2.9022,-2.12074
0.27387,372.153,5.48299e-005,0.562144,-0.515379,3.22017,-2.26694
0.27387,372.153,5.4966e-005,0.74607,-0.491376,3.52839,-2.40718
0.27387,372.153,5.5102e-005,0.927051,-0.465352,3.82561,-2.54089
0.27387,372.153,5.52381e-005,1.10437,-0.437388,4.11062,-2.66752
0.27387,372.153,5.53741e-005,1.27734,-0.407577,4.38224,-2.78653
0.27387,372.153,5.55102e-005,1.44526,-0.376017,4.63937,-2.89744
0.27387,372.153,5.56463e-005,1.60748,-0.342813,4.88094,-2.99976
0.27387,372.153,5.57823e-005,1.76336,-0.308079,5.10593,-3.09304
0.27387,372.153,5.59184e-005,1.91227,-0.271934,5.31339,-3.17687
0.27387,372.153,5.60544e-005,2.05364,-0.234502,5.50245,-3.25087
0.27387,372.153,5.61905e-005,2.18691,-0.195915,5.67227,-3.31468
0.27387,372.153,5.63265e-005,2.31154,-0.156309,5.82213,-3.36799
0.27387,372.153,5.64626e-005,2.42705,-0.115823,5.95135,-3.41052
0.27387,372.153,5.65986e-005,2.53298,-0.0746035,6.05933,-3.44204
0.27387,372.153,5.67347e-005,2.62892,-0.032797,6.14556,-3.46234
0.27387,372.153,5.68707e-005,2.71448,0.0094453,6.20961,-3.47126
0.27387,372.153,5.70068e-005,2.78933,0.0519701,6.25114,-3.46869
0.27387,372.153,5.71429e-005,2.85317,0.0946224,6.26989,-3.45455
0.27387,372.153,5.72789e-005,2.90575,0.137246,6.26568,-3.4288
0.27387,372.153,5.7415e-005,2.94686,0.179684,6.23842,-3.39146
0.27387,372.153,5.7551e-005,2.97634,0.22178,6.18812,-3.34256
0.27387,372.153,5.76871e-005,2.99408,0.263378,6.11486,-3.28221
0.27387,372.153,5.78231e-005,3,0.304322,6.01884,-3.21055
0.27387,372.153,5.79592e-005,2.99408,0.344461,5.9003,-3.12774
0.27387,372.153,5.80952e-005,2.97634,0.383642,5.75962,-3.03401
0.27387,372.153,5.82313e-005,2.94686,0.421718,5.59723,-2.92961
0.27387,372.153,5.83673e-005,2.90575,0.458546,5.41365,-2.81486
0.27387,372.153,5.85034e-005,2.85317,0.493984,5.20948,-2.69009
0.27387,372.153,5.86395e-005,2.78933,0.527899,4.98543,-2.55567
0.27387,372.153,5.87755e-005,2.71448,0.560159,4.74225,-2.41202
0.27387,372.153,5.89116e-005,2.62892,0.59064,4.48078,-2.2596
0.27387,372.153,5.90476e-005,2.53298,0.619225,4.20194,-2.09888
0.27387,372.153,5.91837e-005,2.42705,0.645801,3.90671,-1.93038
0.27387,372.153,5.93197e-005,2.31154,0.670265,3.59612,-1.75466
0.27387,372.153,5.94558e-005,2.18691,0.692518,3.2713,-1.57227
0.27387,372.153,5.95918e-005,2.05364,0.712474,2.93339,-1.38383
0.27387,372.153,5.97279e-005,1.91227,0.730049,2.58363,-1.18996
0.27387,372.153,5.98639e-005,1.76336,0.745173,2.22327,-0.991307
0.27387,372.153,6e-005,1.60748,0.757783,1.85361,-0.788539
0.27387,372.153,6.01361e-005,1.44526,0.767824,1.47602,-0.582339
0.27387,372.153,6.02721e-005,1.27734,0.775252,1.09185,-0.373408
0.27387,372.153,6.04082e-005,1.10437,0.780031,0.70253,-0.162455
0.27387,372.153,6.05442e-005,0.927051,0.782136,0.309475,0.0497986
0.27387,372.153,6.06803e-005,0.74607,0.781552,-0.0858649,0.262625
0.27387,372.153,6.08163e-005,0.562144,0.778273,-0.482033,0.475292
0.27387,372.153,6.09524e-005,0.376,0.772303,-0.877565,0.687067
0.27387,372.153,6.10884e-005,0.188372,0.763657,-1.271,0.897217
0.27387,372.153,6.12245e-005,-7.3517e-015,0.752358,-1.66087,1.10501
0.27387,372.153,6.13605e-005,-0.188372,0.738442,-2.04574,1.30974
0.27387,372.153,6.14966e-005,-0.376,0.721951,-2.42418,1.51067
0.27387,372.153,6.16327e-005,-0.562144,0.702939,-2.79477,1.70712
0.27387,372.153,6.17687e-005,-0.74607,0.681468,-3.15613,1.8984
0.27387,372.153,6.19048e-005,-0.927051,0.657612,-3.50692,2.08383
0.27387,372.153,6.20408e-005,-1.10437,0.63145,-3.84582,2.26278
0.27387,372.153,6.21769e-005,-1.27734,0.603072,-4.17156,2.4346
0.27387,372.153,6.23129e-005,-1.44526,0.572576,-4.48293,2.5987
0.27387,372.153,6.2449e-005,-1.60748,0.540067,-4.77876,2.7545
0.27387,372.153,6.2585e-005,-1.76336,0.505659,-5.05792,2.90146
0.27387,372.153,6.27211e-005,-1.91227,0.469473,-5.31939,3.03905
0.27387,372.153,6.28571e-005,-2.05364,0.431635,-5.56217,3.1668
0.27387,372.153,6.29932e-005,-2.18691,0.392279,-5.78534,3.28425
0.27387,372.153,6.31293e-005,-2.31154,0.351544,-5.98807,3.391
0.27387,372.153,6.32653e-005,-2.42705,0.309574,-6.16959,3.48665
0.27387,372.153,6.34014e-005,-2.53298,0.266518,-6.32921,3.57089
0.27387,372.153,6.35374e-005,-2.62892,0.222529,-6.46633,3.64341
0.27387,372.153,6.36735e-005,-2.71448,0.177765,-6.58042,3.70397
0.27387,372.153,6.38095e-005,-2.78933,0.132383,-6.67106,3.75234
0.27387,372.153,6.39456e-005,-2.85317,0.0865472,-6.73789,3.78836
0.27387,372.153,6.40816e-005,-2.90575,0.0404203,-6.78066,3.81191
0.27387,372.153,6.42177e-005,-2.94686,-0.00583269,-6.79919,3.82291
0.27387,372.153,6.43537e-005,-2.97634,-0.0520464,-6.79342,3.82132
0.27387,372.153,6.44898e-005,-2.99408,-0.0980557,-6.76336,3.80716
0.27387,372.153,6.46259e-005,-3,-0.143696,-6.7091,3.78048
0.27387,372.153,6.47619e-005,-2.99408,-0.188804,-6.63086,3.74138
0.27387,372.153,6.4898e-005,-2.97634,-0.233218,-6.52892,3.69
0.27387,372.153,6.5034e-005,-2.94686,-0.27678,-6.40365,3.62654
0.27387,372.153,6.51701e-005,-2.90575,-0.319335,-6.25551,3.55123
0.27387,372.153,6.53061e-005,-2.85317,-0.36073,-6.08506,3.46433
0.27387,372.153,6.54422e-005,-2.78933,-0.400818,-5.89293,3.36617
0.27387,372.153,6.55782e-005,-2.71448,-0.439456,-5.67984,3.25711
0.27387,372.153,6.57143e-005,-2.62892,-0.476508,-5.44657,3.13753
0.27387,372.153,6.58503e-005,-2.53298,-0.511841,-5.194,3.00787
0.27387,372.153,6.59864e-005,-2.42705,-0.545331,-4.92308,2.86859
0.27387,372.153,6.61224e-005,-2.31154,-0.576861,-4.6348,2.7202
0.27387,372.153,6.62585e-005,-2.18691,-0.606318,-4.33025,2.56323
0.27387,372.153,6.63946e-005,-2.05364,-0.633601,-4.01056,2.39825
0.27387,372.153,6.65306e-005,-1.91227,-0.658614,-3.67692,2.22584
0.27387,372.153,6.66667e-005,-1.76336,-0.681271,-3.33058,2.04662
0.27387,372.153,6.68027e-005,-1.60748,-0.701494,-2.97283,1.86124
0.27387,372.153,6.69388e-005,-1.44526,-0.719215,-2.60501,1.67036
0.27387,372.153,6.70748e-005,-1.27734,-0.734375,-2.22848,1.47466
0.27387,372.153,6.72109e-005,-1.10437,-0.746924,-1.84466,1.27483
0.27387,372.153,6.73469e-005,-0.927051,-0.756821,-1.45495,1.07158
0.27387,372.153,6.7483e-005,-0.74607,-0.764038,-1.06083,0.865645
0.27387,372.153,6.7619e-005,-0.562144,-0.768553,-0.663751,0.657743
0.27387,372.153,6.77551e-005,-0.376,-0.770357,-0.26519,0.448613
0.27387,372.153,6.78912e-005,-0.188372,-0.76945,0.133372,0.238992
0.27387,372.153,6.80272e-005,1.76425e-014,-0.765841,0.530458,0.029618
0.27387,372.153,6.81633e-005,0.188372,-0.759552,0.924595,-0.178774
0.27387,372.153,6.82993e-005,0.376,-0.750611,1.31433,-0.385455
0.27387,372.153,6.84354e-005,0.562144,-0.739058,1.69821,-0.589703
0.27387,372.153,6.85714e-005,0.74607,-0.724944,2.07483,-0.790807
0.27387,372.153,6.87075e-005,0.927051,-0.708326,2.4428,-0.988071
0.27387,372.153,6.88435e-005,1.10437,-0.689273,2.80077,-1.18081
0.27387,372.153,6.89796e-005,1.27734,-0.667862,3.14742,-1.36837
0.27387,372.153,6.91156e-005,1.44526,-0.644178,3.48149,-1.5501
0.27387,372.153,6.92517e-005,1.60748,-0.618316,3.80176,-1.72539
0.27387,372.153,6.93878e-005,1.76336,-0.590377,4.10706,-1.89364
0.27387,372.153,6.95238e-005,1.91227,-0.56047,4.39629,-2.05428
0.27387,372.153,6.96599e-005,2.05364,-0.528712,4.6684,-2.20679
0.27387,372.153,6.97959e-005,2.18691,-0.495227,4.92241,-2.35066
0.27387,372.153,6.9932e-005,2.31154,-0.460142,5.15743,-2.48542
0.27387,372.153,7.0068e-005,2.42705,-0.423594,5.37261,-2.61062
0.27387,372.153,7.02041e-005,2.53298,-0.385722,5.5672,-2.72589
0.27387,372.153,7.03401e-005,2.62892,-0.34667,5.74053,-2.83085
0.27387,372.153,7.04762e-005,2.71448,-0.306589,5.892,-2.92518
0.27387,372.153,7.06122e-005,2.78933,-0.265629,6.0211,-3.0086
0.27387,372.153,7.07483e-005,2.85317,-0.223946,6.1274,-3.08088
0.27387,372.153,7.08844e-005,2.90575,-0.181697,6.21058,-3.14182
0.27387,372.153,7.10204e-005,2.94686,-0.139042,6.27038,-3.19126
0.27387,372.153,7.11565e-005,2.97634,-0.0961392,6.30665,-3.2291
0.27387,372.153,7.12925e-005,2.99408,-0.0531506,6.31932,-3.25526
0.27387,372.153,7.14286e-005,3,-0.0102363,6.30841,-3.26972
0.27387,372.153,7.15646e-005,2.99408,0.0324443,6.27404,-3.27251
0.27387,372.153,7.17007e-005,2.97634,0.0747327,6.21641,-3.26368
0.27387,372.153,7.18367e-005,2.94686,0.116473,6.13581,-3.24334
0.27387,372.153,7.19728e-005,2.90575,0.157511,6.03262,-3.21165
0.27387,372.153,7.21088e-005,2.85317,0.197697,5.90731,-3.16879
0.27387,372.153,7.22449e-005,2.78933,0.236883,5.76042,-3.11499
0.27387,372.153,7.2381e-005,2.71448,0.274928,5.59259,-3.05054
0.27387,372.153,7.2517e-005,2.62892,0.311694,5.40453,-2.97572
0.27387,372.153,7.26531e-005,2.53298,0.347048,5.19701,-2.89091
0.27387,372.153,7.27891e-005,2.42705,0.380863,4.97091,-2.79648
0.27387,372.153,7.29252e-005,2.31154,0.413021,4.72715,-2.69284
0.27387,372.153,7.30612e-005,2.18691,0.443407,4.46672,-2.58045
0.27387,372.153,7.31973e-005,2.05364,0.471915,4.19069,-2.4598
0.27387,372.153,7.33333e-005,1.91227,0.498446,3.90015,-2.33139
0.27387,372.153,7.34694e-005,1.76336,0.522911,3.59629,-2.19575
0.27387,372.153,7.36054e-005,1.60748,0.545226,3.28032,-2.05347
0.27387,372.153,7.37415e-005,1.44526,0.565318,2.9535,-1.9051
0.27387,372.153,7.38776e-005,1.27734,0.583122,2.61712,-1.75128
0.27387,372.153,7.40136e-005,1.10437,0.598581,2.27253,-1.5926
0.27387,372.153,7.41497e-005,0.927051,0.611649,1.92107,-1.42972
0.27387,372.153,7.42857e-005,0.74607,0.62229,1.56414,-1.26329
0.27387,372.153,7.44218e-005,0.562144,0.630475,1.20314,-1.09396
0.27387,372.153,7.45578e-005,0.376,0.636185,0.839484,-0.922401
0.27387,372.153,7.46939e-005,0.188372,0.639414,0.474587,-0.749289
0.27387,372.153,7.48299e-005,1.46993e-014,0.640161,0.109875,-0.575299
0.27387,372.153,7.4966e-005,-0.188372,0.638439,-0.253234,-0.401106
0.27387,372.153,7.5102e-005,-0.376,0.634266,-0.613333,-0.227381
0.27387,372.153,7.52381e-005,-0.562144,0.627674,-0.969029,-0.0547914
0.27387,372.153,7.53741e-005,-0.74607,0.618702,-1.31895,0.116004
0.27387,372.153,7.55102e-005,-0.927051,0.607397,-1.66176,0.284359
0.27387,372.153,7.56463e-005,-1.10437,0.593818,-1.99613,0.449637
0.27387,372.153,7.57823e-005,-1.27734,0.57803,-2.32079,0.61122
0.27387,372.153,7.59184e-005,-1.44526,0.560109,-2.63451,0.768507
0.27387,372.153,7.60544e-005,-1.60748,0.540135,-2.9361,0.920918
0.27387,372.153,7.61905e-005,-1.76336,0.5182,-3.22441,1.06789
0.27387,372.153,7.63265e-005,-1.91227,0.494402,-3.49837,1.2089
0.27387,372.153,7.64626e-005,-2.05364,0.468845,-3.75694,1.34343
0.27387,372.153,7.65986e-005,-2.18691,0.441639,-3.99918,1.47101
0.27387,372.153,7.67347e-005,-2.31154,0.412903,-4.22419,1.59118
0.27387,372.153,7.68707e-005,-2.42705,0.38276,-4.43114,1.70354
0.27387,372.153,7.70068e-005,-2.53298,0.351336,-4.61928,1.80769
0.27387,372.153,7.71429e-005,-2.62892,0.318765,-4.78794,1.90329
0.27387,372.153,7.72789e-005,-2.71448,0.285183,-4.93654,1.99003
0.27387,372.153,7.7415e-005,-2.78933,0.25073,-5.06454,2.06763
0.27387,372.153,7.7551e-005,-2.85317,0.21555,-5.17153,2.13586
0.27387,372.153,7.76871e-005,-2.90575,0.179787,-5.25716,2.19451
0.27387,372.153,7.78231e-005,-2.94686,0.143588,-5.32116,2.24343
0.27387,372.153,7.79592e-005,-2.97634,0.107103,-5.36336,2.2825
0.27387,372.153,7.80952e-005,-2.99408,0.0704793,-5.38369,2.31165
0.27387,372.153,7.82313e-005,-3,0.0338662,-5.38213,2.33082
0.27387,372.153,7.83673e-005,-2.99408,-0.00258802,-5.35877,2.34004
0.27387,372.153,7.85034e-005,-2.97634,-0.0387363,-5.3138,2.33933
0.27387,372.153,7.86395e-005,-2.94686,-0.0744333,-5.24746,2.32879
0.27387,372.153,7.87755e-005,-2.90575,-0.109536,-5.16011,2.30854
0.27387,372.153,7.89116e-005,-2.85317,-0.143905,-5.05217,2.27873
0.27387,372.153,7.90476e-005,-2.78933,-0.177402,-4.92416,2.23958
0.27387,372.153,7.91837e-005,-2.71448,-0.209897,-4.77666,2.1913
0.27387,372.153,7.93197e-005,-2.62892,-0.241259,-4.61033,2.13419
0.27387,372.153,7.94558e-005,-2.53298,-0.271368,-4.42591,2.06854
0.27387,372.153,7.95918e-005,-2.42705,-0.300104,-4.22422,1.9947
0.27387,372.153,7.97279e-005,-2.31154,-0.327356,-4.00614,1.91304
0.27387,372.153,7.98639e-005,-2.18691,-0.35302,-3.77259,1.82396
0.27387,372.153,8e-005,-2.05364,-0.376997,-3.52458,1.7279
0.27387,372.153,8.01361e-005,-1.91227,-0.399196,-3.26318,1.62532
0.27387,372.153,8.02721e-005,-1.76336,-0.419532,-2.98948,1.51669
0.27387,372.153,8.04082e-005,-1.60748,-0.437931,-2.70464,1.40253
0.27387,372.153,8.05442e-005,-1.44526,-0.454325,-2.40986,1.28337
0.27387,372.153,8.06803e-005,-1.27734,-0.468654,-2.10638,1.15974
0.27387,372.153,8.08163e-005,-1.10437,-0.480868,-1.79546,1.03222
0.27387,372.153,8.09524e-005,-0.927051,-0.490925,-1.4784,0.901371
0.27387,372.153,8.10884e-005,-0.74607,-0.498792,-1.15652,0.767786
0.27387,372.153,8.12245e-005,-0.562144,-0.504446,-0.831137,0.63206
0.27387,372.153,8.13605e-005,-0.376,-0.507872,-0.503613,0.494795
0.27387,372.153,8.14966e-005,-0.188372,-0.509065,-0.175295,0.356599
0.27387,372.153,8.16327e-005,-4.40858e-015,-0.508028,0.152466,0.218078
0.27387,372.153,0.000748299,2.35368e-014,-0.598224,0.827824,-0.388283
0.27387,372.153,0.000748435,0.188372,-0.590231,1.17488,-0.551065
0.27387,372.153,0.000748571,0.376,-0.579909,1.5173,-0.711672
0.27387,372.153,0.000748707,0.562144,-0.567299,1.85373,-0.869471
0.27387,372.153,0.000748844,0.74607,-0.55245,2.18284,-1.02384
0.27387,372.153,0.00074898,0.927051,-0.53542,2.50334,-1.17416
0.27387,372.153,0.000749116,1.10437,-0.516278,2.81396,-1.31986
0.27387,372.153,0.000749252,1.27734,-0.495098,3.11347,-1.46034
0.27387,372.153,0.000749388,1.44526,-0.471964,3.4007,-1.59506
0.27387,372.153,0.000749524,1.60748,-0.446967,3.67451,-1.72349
0.27387,372.153,0.00074966,1.76336,-0.420206,3.93381,-1.84511
0.27387,372.153,0.000749796,1.91227,-0.391787,4.17759,-1.95945
0.27387,372.153,0.000749932,2.05364,-0.361822,4.40488,-2.06606
0.27387,372.153,0.000750068,2.18691,-0.330429,4.61479,-2.16452
0.27387,372.153,0.000750204,2.31154,-0.297732,4.80648,-2.25443
0.27387,372.153,0.00075034,2.42705,-0.26386,4.97921,-2.33544
0.27387,372.153,0.000750476,2.53298,-0.228946,5.13229,-2.40724
0.27387,372.153,0.000750612,2.62892,-0.193129,5.26511,-2.46954
0.27387,372.153,0.000750748,2.71448,-0.15655,5.37715,-2.52209
0.27387,372.153,0.000750884,2.78933,-0.119353,5.46797,-2.56469
0.27387,372.153,0.00075102,2.85317,-0.0816847,5.53721,-2.59717
0.27387,372.153,0.000751156,2.90575,-0.0436942,5.5846,-2.6194
0.27387,372.153,0.000751293,2.94686,-0.00553125,5.60995,-2.63129
0.27387,372.153,0.000751429,2.97634,0.0326535,5.61316,-2.63279
0.27387,372.153,0.000751565,2.99408,0.0707094,5.59422,-2.62391
0.27387,372.153,0.000751701,3,0.108486,5.5532,-2.60466
0.27387,372.153,0.000751837,2.99408,0.145835,5.49026,-2.57514
0.27387,372.153,0.000751973,2.97634,0.182608,5.40565,-2.53546
0.27387,372.153,0.000752109,2.94686,0.218661,5.29972,-2.48577
0.27387,372.153,0.000752245,2.90575,0.25385,5.17286,-2.42627
0.27387,372.153,0.000752381,2.85317,0.288038,5.02559,-2.3572
0.27387,372.153,0.000752517,2.78933,0.321089,4.85849,-2.27882
0.27387,372.153,0.000752653,2.71448,0.352873,4.67221,-2.19145
0.27387,372.153,0.000752789,2.62892,0.383264,4.4675,-2.09543
0.27387,372.153,0.000752925,2.53298,0.412142,4.24515,-1.99114
0.27387,372.153,0.000753061,2.42705,0.439394,4.00605,-1.87899
0.27387,372.153,0.000753197,2.31154,0.464912,3.75114,-1.75943
0.27387,372.153,0.000753333,2.18691,0.488595,3.48142,-1.63292
0.27387,372.153,0.000753469,2.05364,0.51035,3.19797,-1.49997
0.27387,372.153,0.000753605,1.91227,0.530091,2.90189,-1.3611
0.27387,372.153,0.000753741,1.76336,0.54774,2.59437,-1.21686
0.27387,372.153,0.000753878,1.60748,0.563227,2.2766,-1.06781
0.27387,372.153,0.000754014,1.44526,0.576491,1.94985,-0.914554
0.27387,372.153,0.00075415,1.27734,0.58748,1.6154,-0.757686
0.27387,372.153,0.000754286,1.10437,0.596151,1.27458,-0.597828
0.27387,372.153,0.000754422,0.927051,0.602469,0.928728,-0.43561
0.27387,372.153,0.000754558,0.74607,0.606409,0.579211,-0.271673
0.27387,372.153,0.000754694,0.562144,0.607956,0.227408,-0.106663
0.27387,372.153,0.00075483,0.376,0.607104,-0.125293,0.0587669
0.27387,372.153,0.000754966,0.188372,0.603855,-0.477499,0.223965
0.27387,372.153,0.000755102,8.80497e-015,0.598224,-0.82782,0.388279
0.27387,372.153,0.000755238,-0.188372,0.590232,-1.17487,0.551061
0.27387,372.153,0.000755374,-0.376,0.57991,-1.51729,0.711669
0.27387,372.153,0.00075551,-0.562144,0.567299,-1.85372,0.869467
0.27387,372.153,0.000755646,-0.74607,0.55245,-2.18284,1.02383
0.27387,372.153,0.000755782,-0.927051,0.535421,-2.50334,1.17416
0.27387,372.153,0.000755918,-1.10437,0.516278,-2.81396,1.31985
0.27387,372.153,0.000756054,-1.27734,0.495098,-3.11347,1.46034
0.27387,372.153,0.00075619,-1.44526,0.471964,-3.4007,1.59506
0.27387,372.153,0.000756327,-1.60748,0.446967,-3.6745,1.72348
0.27387,372.153,0.000756463,-1.76336,0.420207,-3.93381,1.84511
0.27387,372.153,0.000756599,-1.91227,0.391788,-4.17759,1.95945
0.27387,372.153,0.000756735,-2.05364,0.361823,-4.40488,2.06606
0.27387,372.153,0.000756871,-2.18691,0.33043,-4.61479,2.16451
0.27387,372.153,0.000757007,-2.31154,0.297732,-4.80648,2.25443
0.27387,372.153,0.000757143,-2.42705,0.26386,-4.97921,2.33544
0.27387,372.153,0.000757279,-2.53298,0.228947,-5.13229,2.40724
0.27387,372.153,0.000757415,-2.62892,0.19313,-5.26511,2.46954
0.27387,372.153,0.000757551,-2.71448,0.15655,-5.37715,2.52209
0.27387,372.153,0.000757687,-2.78933,0.119353,-5.46797,2.56469
0.27387,372.153,0.000757823,-2.85317,0.0816853,-5.53721,2.59717
0.27387,372.153,0.000757959,-2.90575,0.0436948,-5.5846,2.61939
0.27387,372.153,0.000758095,-2.94686,0.00553186,-5.60995,2.63128
0.27387,372.153,0.000758231,-2.97634,-0.0326529,-5.61316,2.63279
0.27387,372.153,0.000758367,-2.99408,-0.0707088,-5.59422,2.6239
0.27387,372.153,0.000758503,-3,-0.108486,-5.5532,2.60466
0.27387,372.153,0.000758639,-2.99408,-0.145834,-5.49026,2.57514
0.27387,372.153,0.000758776,-2.97634,-0.182608,-5.40565,2.53546
0.27387,372.153,0.000758912,-2.94686,-0.21866,-5.29972,2.48577
0.27387,372.153,0.000759048,-2.90575,-0.25385,-5.17286,2.42627
0.27387,372.153,0.000759184,-2.85317,-0.288037,-5.02559,2.3572
0.27387,372.153,0.00075932,-2.78933,-0.321088,-4.85849,2.27882
0.27387,372.153,0.000759456,-2.71448,-0.352872,-4.67221,2.19145
0.27387,372.153,0.000759592,-2.62892,-0.383263,-4.4675,2.09543
0.27387,372.153,0.000759728,-2.53298,-0.412142,-4.24515,1.99114
0.27387,372.153,0.000759864,-2.42705,-0.439394,-4.00605,1.87899
0.27387,372.153,0.00076,-2.31154,-0.464912,-3.75114,1.75943
0.27387,372.153,0.000760136,-2.18691,-0.488595,-3.48142,1.63292
0.27387,372.153,0.000760272,-2.05364,-0.51035,-3.19797,1.49997
0.27387,372.153,0.000760408,-1.91227,-0.530091,-2.9019,1.3611
0.27387,372.153,0.000760544,-1.76336,-0.547739,-2.59437,1.21686
0.27387,372.153,0.00076068,-1.60748,-0.563226,-2.2766,1.06782
0.27387,372.153,0.000760816,-1.44526,-0.576491,-1.94985,0.914557
0.27387,372.153,0.000760952,-1.27734,-0.58748,-1.6154,0.757688
0.27387,372.153,0.000761088,-1.10437,-0.59615,-1.27458,0.59783
0.27387,372.153,0.000761224,-0.927051,-0.602468,-0.928731,0.435612
0.27387,372.153,0.000761361,-0.74607,-0.606409,-0.579214,0.271675
0.27387,372.153,0.000761497,-0.562144,-0.607956,-0.227411,0.106666
0.27387,372.153,0.000761633,-0.376,-0.607103,0.12529,-0.058764
0.27387,372.153,0.000761769,-0.188372,-0.603855,0.477496,-0.223962
0.27387,372.153,0.000761905,-4.11468e-014,-0.598224,0.827817,-0.388276
0.27387,372.153,0.000762041,0.188372,-0.590231,1.17487,-0.551058
0.27387,372.153,0.000762177,0.376,-0.57991,1.51729,-0.711666
0.27387,372.153,0.000762313,0.562144,-0.567299,1.85372,-0.869464
0.27387,372.153,0.000762449,0.74607,-0.55245,2.18283,-1.02383
0.27387,372.153,0.000762585,0.927051,-0.535421,2.50333,-1.17416
0.27387,372.153,0.000762721,1.10437,-0.516278,2.81395,-1.31985
0.27387,372.153,0.000762857,1.27734,-0.495098,3.11347,-1.46033
0.27387,372.153,0.000762993,1.44526,-0.471964,3.40069,-1.59505
0.27387,372.153,0.000763129,1.60748,-0.446967,3.6745,-1.72348
0.27387,372.153,0.000763265,1.76336,-0.420207,3.9338,-1.8451
0.27387,372.153,0.000763401,1.91227,-0.391788,4.17758,-1.95945
0.27387,372.153,0.000763537,2.05364,-0.361823,4.40488,-2.06606
0.27387,372.153,0.000763673,2.18691,-0.33043,4.61478,-2.16451
0.27387,372.153,0.00076381,2.31154,-0.297733,4.80648,-2.25442
0.27387,372.153,0.000763946,2.42705,-0.26386,4.97921,-2.33544
0.27387,372.153,0.000764082,2.53298,-0.228947,5.13228,-2.40724
0.27387,372.153,0.000764218,2.62892,-0.19313,5.2651,-2.46954
0.27387,372.153,0.000764354,2.71448,-0.156551,5.37715,-2.52209
0.27387,372.153,0.00076449,2.78933,-0.119354,5.46797,-2.56469
0.27387,372.153,0.000764626,2.85317,-0.0816855,5.53721,-2.59716
0.27387,372.153,0.000764762,2.90575,-0.043695,5.5846,-2.61939
0.27387,372.153,0.000764898,2.94686,-0.0055321,5.60995,-2.63128
0.27387,372.153,0.000765034,2.97634,0.0326526,5.61316,-2.63279
0.27387,372.153,0.00076517,2.99408,0.0707085,5.59421,-2.6239
0.27387,372.153,0.000765306,3,0.108485,5.55319,-2.60466
0.27387,372.153,0.000765442,2.99408,0.145834,5.49026,-2.57514
0.27387,372.153,0.000765578,2.97634,0.182607,5.40565,-2.53546
0.27387,372.153,0.000765714,2.94686,0.21866,5.29971,-2.48577
0.27387,372.153,0.00076585,2.90575,0.253849,5.17286,-2.42627
0.27387,372.153,0.000765986,2.85317,0.288037,5.02559,-2.3572
0.27387,372.153,0.000766122,2.78933,0.321088,4.85849,-2.27882
0.27387,372.153,0.000766259,2.71448,0.352872,4.67221,-2.19145
0.27387,372.153,0.000766395,2.62892,0.383263,4.4675,-2.09543
0.27387,372.153,0.000766531,2.53298,0.412141,4.24515,-1.99114
0.27387,372.153,0.000766667,2.42705,0.439393,4.00605,-1.87899
0.27387,372.153,0.000766803,2.31154,0.464911,3.75114,-1.75943
0.27387,372.153,0.000766939,2.18691,0.488594,3.48142,-1.63292
0.27387,372.153,0.000767075,2.05364,0.510349,3.19797,-1.49997
0.27387,372.153,0.000767211,1.91227,0.53009,2.90189,-1.3611
0.27387,372.153,0.000767347,1.76336,0.547739,2.59437,-1.21686
0.27387,372.153,0.000767483,1.60748,0.563226,2.2766,-1.06781
0.27387,372.153,0.000767619,1.44526,0.57649,1.94985,-0.914556
0.27387,372.153,0.000767755,1.27734,0.587479,1.6154,-0.757688
0.27387,372.153,0.000767891,1.10437,0.59615,1.27458,-0.597829
0.27387,372.153,0.000768027,0.927051,0.602468,0.92873,-0.435612
0.27387,372.153,0.000768163,0.74607,0.606408,0.579213,-0.271675
0.27387,372.153,0.000768299,0.562144,0.607955,0.227411,-0.106666
0.27387,372.153,0.000768435,0.376,0.607103,-0.12529,0.0587642
0.27387,372.153,0.000768571,0.188372,0.603854,-0.477495,0.223962
0.27387,372.153,0.000768707,7.34886e-014,0.598223,-0.827817,0.388276
0.27387,372.153,0.000768844,-0.188372,0.590231,-1.17487,0.551058
0.27387,372.153,0.00076898,-0.376,0.579909,-1.51729,0.711665
0.27387,372.153,0.000769116,-0.562144,0.567299,-1.85372,0.869464
0.27387,372.153,0.000769252,-0.74607,0.55245,-2.18283,1.02383
0.27387,372.153,0.000769388,-0.927051,0.53542,-2.50333,1.17416
0.27387,372.153,0.000769524,-1.10437,0.516278,-2.81395,1.31985
0.27387,372.153,0.00076966,-1.27734,0.495098,-3.11346,1.46033
0.27387,372.153,0.000769796,-1.44526,0.471964,-3.40069,1.59505
0.27387,372.153,0.000769932,-1.60748,0.446967,-3.6745,1.72348
0.27387,372.153,0.000770068,-1.76336,0.420206,-3.9338,1.8451
0.27387,372.153,0.000770204,-1.91227,0.391788,-4.17758,1.95944
0.27387,372.153,0.00077034,-2.05364,0.361822,-4.40487,2.06605
0.27387,372.153,0.000770476,-2.18691,0.330429,-4.61478,2.16451
0.27387,372.153,0.000770612,-2.31154,0.297732,-4.80648,2.25442
0.27387,372.153,0.000770748,-2.42705,0.26386,-4.9792,2.33544
0.27387,372.153,0.000770884,-2.53298,0.228947,-5.13228,2.40724
0.27387,372.153,0.00077102,-2.62892,0.19313,-5.2651,2.46953
0.27387,372.153,0.000771156,-2.71448,0.15655,-5.37714,2.52209
0.27387,372.153,0.000771293,-2.78933,0.119353,-5.46797,2.56468
0.27387,372.153,0.000771429,-2.85317,0.0816852,-5.53721,2.59716
0.27387,372.153,0.000771565,-2.90575,0.0436948,-5.5846,2.61939
0.27387,372.153,0.000771701,-2.94686,0.00553185,-5.60995,2.63128
0.27387,372.153,0.000771837,-2.97634,-0.0326529,-5.61315,2.63278
0.27387,372.153,0.000771973,-2.99408,-0.0707087,-5.59421,2.6239
0.27387,372.153,0.000772109,-3,-0.108486,-5.55319,2.60466
0.27387,372.153,0.000772245,-2.99408,-0.145834,-5.49025,2.57514
0.27387,372.153,0.000772381,-2.97634,-0.182607,-5.40565,2.53546
0.27387,372.153,0.000772517,-2.94686,-0.21866,-5.29971,2.48577
0.27387,372.153,0.000772653,-2.90575,-0.253849,-5.17286,2.42627
0.27387,372.153,0.000772789,-2.85317,-0.288037,-5.02559,2.35719
0.27387,372.153,0.000772925,-2.78933,-0.321088,-4.85849,2.27882
0.27387,372.153,0.000773061,-2.71448,-0.352872,-4.67221,2.19144
0.27387,372.153,0.000773197,-2.62892,-0.383263,-4.46749,2.09543
0.27387,372.153,0.000773333,-2.53298,-0.412141,-4.24515,1.99114
0.27387,372.153,0.000773469,-2.42705,-0.439393,-4.00605,1.87899
0.27387,372.153,0.000773605,-2.31154,-0.464911,-3.75114,1.75943
0.27387,372.153,0.000773741,-2.18691,-0.488594,-3.48142,1.63292
0.27387,372.153,0.000773878,-2.05364,-0.510349,-3.19797,1.49997
0.27387,372.153,0.000774014,-1.91227,-0.53009,-2.90189,1.3611
0.27387,372.153,0.00077415,-1.76336,-0.547739,-2.59436,1.21686
0.27387,372.153,0.000774286,-1.60748,-0.563226,-2.2766,1.06781
0.27387,372.153,0.000774422,-1.44526,-0.57649,-1.94985,0.914553
0.27387,372.153,0.000774558,-1.27734,-0.587479,-1.6154,0.757685
0.27387,372.153,0.000774694,-1.10437,-0.59615,-1.27458,0.597826
0.27387,372.153,0.00077483,-0.927051,-0.602468,-0.928728,0.435609
0.27387,372.153,0.000774966,-0.74607,-0.606408,-0.579211,0.271672
0.27387,372.153,0.000775102,-0.562144,-0.607955,-0.227408,0.106663
0.27387,372.153,0.000775238,-0.376,-0.607103,0.125292,-0.0587667
0.27387,372.153,0.000775374,-0.188372,-0.603854,0.477498,-0.223965
0.27387,372.153,0.00077551,6.46999e-014,-0.598223,0.827819,-0.388279
0.27387,372.153,0.000775646,0.188372,-0.59023,1.17487,-0.55106
0.27387,372.153,0.000775782,0.376,-0.579909,1.51729,-0.711667
0.27387,372.153,0.000775918,0.562144,-0.567298,1.85372,-0.869466
0.27387,372.153,0.000776054,0.74607,-0.552449,2.18283,-1.02383
0.27387,372.153,0.00077619,0.927051,-0.53542,2.50333,-1.17416
0.27387,372.153,0.000776327,1.10437,-0.516277,2.81395,-1.31985
0.27387,372.153,0.000776463,1.27734,-0.495097,3.11347,-1.46033
0.27387,372.153,0.000776599,1.44526,-0.471963,3.40069,-1.59506
0.27387,372.153,0.000776735,1.60748,-0.446967,3.6745,-1.72348
0.27387,372.153,0.000776871,1.76336,-0.420206,3.9338,-1.8451
0.27387,372.153,0.000777007,1.91227,-0.391787,4.17758,-1.95945
0.27387,372.153,0.000777143,2.05364,-0.361822,4.40487,-2.06605
0.27387,372.153,0.000777279,2.18691,-0.330429,4.61478,-2.16451
0.27387,372.153,0.000777415,2.31154,-0.297732,4.80648,-2.25442
0.27387,372.153,0.000777551,2.42705,-0.26386,4.97921,-2.33544
0.27387,372.153,0.000777687,2.53298,-0.228946,5.13228,-2.40724
0.27387,372.153,0.000777823,2.62892,-0.193129,5.2651,-2.46953
0.27387,372.153,0.000777959,2.71448,-0.15655,5.37714,-2.52209
0.27387,372.153,0.000778095,2.78933,-0.119353,5.46797,-2.56469
0.27387,372.153,0.000778231,2.85317,-0.0816848,5.53721,-2.59716
0.27387,372.153,0.000778367,2.90575,-0.0436943,5.5846,-2.61939
0.27387,372.153,0.000778503,2.94686,-0.00553143,5.60995,-2.63128
0.27387,372.153,0.000778639,2.97634,0.0326533,5.61315,-2.63278
0.27387,372.153,0.000778776,2.99408,0.0707092,5.59421,-2.6239
0.27387,372.153,0.000778912,3,0.108486,5.55319,-2.60466
0.27387,372.153,0.000779048,2.99408,0.145835,5.49025,-2.57514
0.27387,372.153,0.000779184,2.97634,0.182608,5.40565,-2.53546
0.27387,372.153,0.00077932,2.94686,0.21866,5.29971,-2.48577
0.27387,372.153,0.000779456,2.90575,0.25385,5.17286,-2.42627
0.27387,372.153,0.000779592,2.85317,0.288037,5.02559,-2.35719
0.27387,372.153,0.000779728,2.78933,0.321088,4.85848,-2.27881
0.27387,372.153,0.000779864,2.71448,0.352872,4.67221,-2.19144
0.27387,372.153,0.00078,2.62892,0.383263,4.46749,-2.09542
0.27387,372.153,0.000780136,2.53298,0.412142,4.24514,-1.99113
0.27387,372.153,0.000780272,2.42705,0.439394,4.00604,-1.87899
0.27387,372.153,0.000780408,2.31154,0.464912,3.75113,-1.75942
0.27387,372.153,0.000780544,2.18691,0.488595,3.48142,-1.63292
0.27387,372.153,0.00078068,2.05364,0.51035,3.19796,-1.49997
0.27387,372.153,0.000780816,1.91227,0.53009,2.90189,-1.3611
0.27387,372.153,0.000780952,1.76336,0.547739,2.59436,-1.21685
0.27387,372.153,0.000781088,1.60748,0.563226,2.2766,-1.06781
0.27387,372.153,0.000781224,1.44526,0.57649,1.94984,-0.914551
0.27387,372.153,0.000781361,1.27734,0.587479,1.6154,-0.757683
0.27387,372.153,0.000781497,1.10437,0.59615,1.27458,-0.597824
0.27387,372.153,0.000781633,0.927051,0.602468,0.928726,-0.435607
0.27387,372.153,0.000781769,0.74607,0.606408,0.579209,-0.27167
0.27387,372.153,0.000781905,0.562144,0.607955,0.227406,-0.106661
0.27387,372.153,0.000782041,0.376,0.607103,-0.125294,0.0587689
0.27387,372.153,0.000782177,0.188372,0.603854,-0.4775,0.223967
0.27387,372.153,0.000782313,-3.23581e-014,0.598223,-0.827821,0.388281
0.27387,372.153,0.000782449,-0.188372,0.590231,-1.17488,0.551063
0.27387,372.153,0.000782585,-0.376,0.579909,-1.51729,0.71167
0.27387,372.153,0.000782721,-0.562144,0.567298,-1.85372,0.869468
0.27387,372.153,0.000782857,-0.74607,0.552449,-2.18284,1.02384
0.27387,372.153,0.000782993,-0.927051,0.53542,-2.50334,1.17416
0.27387,372.153,0.000783129,-1.10437,0.516277,-2.81395,1.31985
0.27387,372.153,0.000783265,-1.27734,0.495097,-3.11347,1.46034
0.27387,372.153,0.000783401,-1.44526,0.471963,-3.4007,1.59506
0.27387,372.153,0.000783537,-1.60748,0.446967,-3.6745,1.72348
0.27387,372.153,0.000783673,-1.76336,0.420206,-3.93381,1.84511
0.27387,372.153,0.00078381,-1.91227,0.391787,-4.17758,1.95945
0.27387,372.153,0.000783946,-2.05364,0.361822,-4.40488,2.06606
0.27387,372.153,0.000784082,-2.18691,0.330429,-4.61478,2.16451
0.27387,372.153,0.000784218,-2.31154,0.297732,-4.80648,2.25442
0.27387,372.153,0.000784354,-2.42705,0.26386,-4.97921,2.33544
0.27387,372.153,0.00078449,-2.53298,0.228946,-5.13228,2.40724
0.27387,372.153,0.000784626,-2.62892,0.193129,-5.2651,2.46954
0.27387,372.153,0.000784762,-2.71448,0.15655,-5.37715,2.52209
0.27387,372.153,0.000784898,-2.78933,0.119353,-5.46797,2.56469
0.27387,372.153,0.000785034,-2.85317,0.0816846,-5.53721,2.59716
0.27387,372.153,0.00078517,-2.90575,0.0436941,-5.5846,2.61939
0.27387,372.153,0.000785306,-2.94686,0.00553121,-5.60995,2.63128
0.27387,372.153,0.000785442,-2.97634,-0.0326535,-5.61316,2.63279
0.27387,372.153,0.000785578,-2.99408,-0.0707094,-5.59421,2.6239
0.27387,372.153,0.000785714,-3,-0.108486,-5.55319,2.60466
0.27387,372.153,0.00078585,-2.99408,-0.145835,-5.49025,2.57514
0.27387,372.153,0.000785986,-2.97634,-0.182608,-5.40565,2.53546
0.27387,372.153,0.000786122,-2.94686,-0.21866,-5.29971,2.48577
0.27387,372.153,0.000786259,-2.90575,-0.25385,-5.17286,2.42627
0.27387,372.153,0.000786395,-2.85317,-0.288038,-5.02559,2.35719
0.27387,372.153,0.000786531,-2.78933,-0.321089,-4.85849,2.27882
0.27387,372.153,0.000786667,-2.71448,-0.352872,-4.67221,2.19145
0.27387,372.153,0.000786803,-2.62892,-0.383263,-4.46749,2.09543
0.27387,372.153,0.000786939,-2.53298,-0.412142,-4.24515,1.99114
0.27387,372.153,0.000787075,-2.42705,-0.439394,-4.00605,1.87899
0.27387,372.153,0.000787211,-2.31154,-0.464912,-3.75113,1.75943
0.27387,372.153,0.000787347,-2.18691,-0.488595,-3.48142,1.63292
0.27387,372.153,0.000787483,-2.05364,-0.51035,-3.19797,1.49997
0.27387,372.153,0.000787619,-1.91227,-0.530091,-2.90189,1.3611
0.27387,372.153,0.000787755,-1.76336,-0.547739,-2.59436,1.21685
0.27387,372.153,0.000787891,-1.60748,-0.563226,-2.2766,1.06781
0.27387,372.153,0.000788027,-1.44526,-0.576491,-1.94984,0.914551
0.27387,372.153,0.000788163,-1.27734,-0.58748,-1.6154,0.757683
0.27387,372.153,0.000788299,-1.10437,-0.59615,-1.27458,0.597825
0.27387,372.153,0.000788435,-0.927051,-0.602468,-0.928725,0.435607
0.27387,372.153,0.000788571,-0.74607,-0.606408,-0.579208,0.27167
0.27387,372.153,0.000788707,-0.562144,-0.607955,-0.227406,0.106661
0.27387,372.153,0.000788844,-0.376,-0.607103,0.125295,-0.0587691
0.27387,372.153,0.00078898,-0.188372,-0.603855,0.477501,-0.223967
0.27387,372.153,0.000789116,1.6263e-017,-0.598223,0.827822,-0.388281
0.27387,372.153,0.000789252,0.188372,-0.590231,1.17488,-0.551063
0.27387,372.153,0.000789388,0.376,-0.579909,1.51729,-0.71167
0.27387,372.153,0.000789524,0.562144,-0.567299,1.85372,-0.869469
0.27387,372.153,0.00078966,0.74607,-0.55245,2.18284,-1.02384
0.27387,372.153,0.000789796,0.927051,-0.53542,2.50334,-1.17416
0.27387,372.153,0.000789932,1.10437,-0.516278,2.81396,-1.31985
0.27387,372.153,0.000790068,1.27734,-0.495097,3.11347,-1.46034
0.27387,372.153,0.000790204,1.44526,-0.471963,3.4007,-1.59506
0.27387,372.153,0.00079034,1.60748,-0.446967,3.6745,-1.72348
0.27387,372.153,0.000790476,1.76336,-0.420206,3.93381,-1.84511
0.27387,372.153,0.000790612,1.91227,-0.391787,4.17759,-1.95945
0.27387,372.153,0.000790748,2.05364,-0.361822,4.40488,-2.06606
0.27387,372.153,0.000790884,2.18691,-0.330429,4.61479,-2.16451
0.27387,372.153,0.00079102,2.31154,-0.297732,4.80648,-2.25443
0.27387,372.153,0.000791156,2.42705,-0.26386,4.97921,-2.33544
0.27387,372.153,0.000791293,2.53298,-0.228946,5.13229,-2.40724
0.27387,372.153,0.000791429,2.62892,-0.193129,5.26511,-2.46954
0.27387,372.153,0.000791565,2.71448,-0.15655,5.37715,-2.52209
0.27387,372.153,0.000791701,2.78933,-0.119353,5.46797,-2.56469
0.27387,372.153,0.000791837,2.85317,-0.0816847,5.53721,-2.59717
0.27387,372.153,0.000791973,2.90575,-0.0436943,5.5846,-2.61939
0.27387,372.153,0.000792109,2.94686,-0.00553133,5.60995,-2.63128
0.27387,372.153,0.000792245,2.97634,0.0326534,5.61316,-2.63279
0.27387,372.153,0.000792381,2.99408,0.0707093,5.59421,-2.6239
0.27387,372.153,0.000792517,3,0.108486,5.55319,-2.60466
0.27387,372.153,0.000792653,2.99408,0.145835,5.49026,-2.57514
0.27387,372.153,0.000792789,2.97634,0.182608,5.40565,-2.53546
0.27387,372.153,0.000792925,2.94686,0.21866,5.29971,-2.48577
0.27387,372.153,0.000793061,2.90575,0.25385,5.17286,-2.42627
0.27387,372.153,0.000793197,2.85317,0.288038,5.02559,-2.3572
0.27387,372.153,0.000793333,2.78933,0.321089,4.85849,-2.27882
0.27387,372.153,0.000793469,2.71448,0.352872,4.67221,-2.19145
0.27387,372.153,0.000793605,2.62892,0.383263,4.46749,-2.09543
0.27387,372.153,0.000793741,2.53298,0.412142,4.24515,-1.99114
0.27387,372.153,0.000793878,2.42705,0.439394,4.00605,-1.87899
0.27387,372.153,0.000794014,2.31154,0.464912,3.75114,-1.75943
0.27387,372.153,0.00079415,2.18691,0.488595,3.48142,-1.63292
0.27387,372.153,0.000794286,2.05364,0.51035,3.19797,-1.49997
0.27387,372.153,0.000794422,1.91227,0.530091,2.90189,-1.3611
0.27387,372.153,0.000794558,1.76336,0.547739,2.59436,-1.21686
0.27387,372.153,0.000794694,1.60748,0.563227,2.2766,-1.06781
0.27387,372.153,0.00079483,1.44526,0.576491,1.94985,-0.914553
0.27387,372.153,0.000794966,1.27734,0.58748,1.6154,-0.757685
0.27387,372.153,0.000795102,1.10437,0.59615,1.27458,-0.597826
0.27387,372.153,0.000795238,0.927051,0.602468,0.928727,-0.435609
0.27387,372.153,0.000795374,0.74607,0.606409,0.57921,-0.271672
0.27387,372.153,0.00079551,0.562144,0.607956,0.227407,-0.106662
0.27387,372.153,0.000795646,0.376,0.607103,-0.125293,0.0587676
0.27387,372.153,0.000795782,0.188372,0.603855,-0.477499,0.223966
0.27387,372.153,0.000795918,3.23255e-014,0.598223,-0.827821,0.38828
0.27387,372.153,0.000796054,-0.188372,0.590231,-1.17488,0.551062
0.27387,372.153,0.00079619,-0.376,0.579909,-1.51729,0.711669
0.27387,372.153,0.000796327,-0.562144,0.567299,-1.85372,0.869468
0.27387,372.153,0.000796463,-0.74607,0.55245,-2.18284,1.02383
0.27387,372.153,0.000796599,-0.927051,0.53542,-2.50334,1.17416
0.27387,372.153,0.000796735,-1.10437,0.516278,-2.81396,1.31985
0.27387,372.153,0.000796871,-1.27734,0.495098,-3.11347,1.46034
0.27387,372.153,0.000797007,-1.44526,0.471964,-3.4007,1.59506
0.27387,372.153,0.000797143,-1.60748,0.446967,-3.6745,1.72348
0.27387,372.153,0.000797279,-1.76336,0.420207,-3.93381,1.84511
0.27387,372.153,0.000797415,-1.91227,0.391788,-4.17759,1.95945
0.27387,372.153,0.000797551,-2.05364,0.361822,-4.40488,2.06606
0.27387,372.153,0.000797687,-2.18691,0.330429,-4.61479,2.16451
0.27387,372.153,0.000797823,-2.31154,0.297732,-4.80648,2.25443
0.27387,372.153,0.000797959,-2.42705,0.26386,-4.97921,2.33544
0.27387,372.153,0.000798095,-2.53298,0.228947,-5.13229,2.40724
0.27387,372.153,0.000798231,-2.62892,0.193129,-5.26511,2.46954
0.27387,372.153,0.000798367,-2.71448,0.15655,-5.37715,2.52209
0.27387,372.153,0.000798503,-2.78933,0.119353,-5.46797,2.56469
0.27387,372.153,0.000798639,-2.85317,0.081685,-5.53721,2.59717
0.27387,372.153,0.000798776,-2.90575,0.0436945,-5.5846,2.61939
0.27387,372.153,0.000798912,-2.94686,0.00553162,-5.60995,2.63128
0.27387,372.153,0.000799048,-2.97634,-0.0326531,-5.61316,2.63279
0.27387,372.153,0.000799184,-2.99408,-0.070709,-5.59422,2.6239
0.27387,372.153,0.00079932,-3,-0.108486,-5.55319,2.60466
0.27387,372.153,0.000799456,-2.99408,-0.145835,-5.49026,2.57514
0.27387,372.153,0.000799592,-2.97634,-0.182608,-5.40565,2.53546
0.27387,372.153,0.000799728,-2.94686,-0.21866,-5.29971,2.48577
0.27387,372.153,0.000799864,-2.90575,-0.25385,-5.17286,2.42627
0.27387,372.153,0.0008,-2.85317,-0.288037,-5.02559,2.3572
0.27387,372.153,0.000800136,-2.78933,-0.321088,-4.85849,2.27882
0.27387,372.153,0.000800272,-2.71448,-0.352872,-4.67221,2.19145
0.27387,372.153,0.000800408,-2.62892,-0.383263,-4.4675,2.09543
0.27387,372.153,0.000800544,-2.53298,-0.412142,-4.24515,1.99114
0.27387,372.153,0.00080068,-2.42705,-0.439394,-4.00605,1.87899
0.27387,372.153,0.000800816,-2.31154,-0.464912,-3.75114,1.75943
0.27387,372.153,0.000800952,-2.18691,-0.488595,-3.48142,1.63292
0.27387,372.153,0.000801088,-2.05364,-0.51035,-3.19797,1.49997
0.27387,372.153,0.000801224,-1.91227,-0.530091,-2.90189,1.3611
0.27387,372.153,0.000801361,-1.76336,-0.547739,-2.59437,1.21686
0.27387,372.153,0.000801497,-1.60748,-0.563226,-2.2766,1.06781
0.27387,372.153,0.000801633,-1.44526,-0.576491,-1.94985,0.914555
0.27387,372.153,0.000801769,-1.27734,-0.58748,-1.6154,0.757686
0.27387,372.153,0.000801905,-1.10437,-0.59615,-1.27458,0.597828
0.27387,372.153,0.000802041,-0.927051,-0.602468,-0.928729,0.43561
0.27387,372.153,0.000802177,-0.74607,-0.606408,-0.579212,0.271673
0.27387,372.153,0.000802313,-0.562144,-0.607955,-0.227409,0.106664
0.27387,372.153,0.000802449,-0.376,-0.607103,0.125292,-0.058766
0.27387,372.153,0.000802585,-0.188372,-0.603855,0.477498,-0.223964
0.27387,372.153,0.000802721,1.05863e-013,-0.598223,0.827819,-0.388278
0.27387,372.153,0.000802857,0.188372,-0.590231,1.17487,-0.55106
0.27387,372.153,0.000802993,0.376,-0.579909,1.51729,-0.711667
0.27387,372.153,0.000803129,0.562144,-0.567299,1.85372,-0.869466
0.27387,372.153,0.000803265,0.74607,-0.55245,2.18283,-1.02383
0.27387,372.153,0.000803401,0.927051,-0.53542,2.50333,-1.17416
0.27387,372.153,0.000803537,1.10437,-0.516278,2.81395,-1.31985
0.27387,372.153,0.000803673,1.27734,-0.495098,3.11347,-1.46034
0.27387,372.153,0.00080381,1.44526,-0.471964,3.40069,-1.59506
0.27387,372.153,0.000803946,1.60748,-0.446967,3.6745,-1.72348
0.27387,372.153,0.000804082,1.76336,-0.420207,3.9338,-1.84511
0.27387,372.153,0.000804218,1.91227,-0.391788,4.17758,-1.95945
0.27387,372.153,0.000804354,2.05364,-0.361823,4.40488,-2.06606
0.27387,372.153,0.00080449,2.18691,-0.330429,4.61478,-2.16451
0.27387,372.153,0.000804626,2.31154,-0.297732,4.80648,-2.25442
0.27387,372.153,0.000804762,2.42705,-0.26386,4.97921,-2.33544
0.27387,372.153,0.000804898,2.53298,-0.228947,5.13228,-2.40724
0.27387,372.153,0.000805034,2.62892,-0.19313,5.26511,-2.46954
0.27387,372.153,0.00080517,2.71448,-0.15655,5.37715,-2.52209
0.27387,372.153,0.000805306,2.78933,-0.119353,5.46797,-2.56469
0.27387,372.153,0.000805442,2.85317,-0.0816852,5.53721,-2.59716
0.27387,372.153,0.000805578,2.90575,-0.0436947,5.5846,-2.61939
0.27387,372.153,0.000805714,2.94686,-0.0055318,5.60995,-2.63128
0.27387,372.153,0.00080585,2.97634,0.0326529,5.61316,-2.63279
0.27387,372.153,0.000805986,2.99408,0.0707088,5.59421,-2.6239
0.27387,372.153,0.000806122,3,0.108486,5.55319,-2.60466
0.27387,372.153,0.000806259,2.99408,0.145834,5.49026,-2.57514
0.27387,372.153,0.000806395,2.97634,0.182607,5.40565,-2.53546
0.27387,372.153,0.000806531,2.94686,0.21866,5.29971,-2.48577
0.27387,372.153,0.000806667,2.90575,0.253849,5.17286,-2.42627
0.27387,372.153,0.000806803,2.85317,0.288037,5.02559,-2.3572
0.27387,372.153,0.000806939,2.78933,0.321088,4.85849,-2.27882
0.27387,372.153,0.000807075,2.71448,0.352872,4.67221,-2.19145
0.27387,372.153,0.000807211,2.62892,0.383263,4.4675,-2.09543
0.27387,372.153,0.000807347,2.53298,0.412142,4.24515,-1.99114
0.27387,372.153,0.000807483,2.42705,0.439394,4.00605,-1.87899
0.27387,372.153,0.000807619,2.31154,0.464912,3.75114,-1.75943
0.27387,372.153,0.000807755,2.18691,0.488595,3.48142,-1.63292
0.27387,372.153,0.000807891,2.05364,0.51035,3.19797,-1.49997
0.27387,372.153,0.000808027,1.91227,0.53009,2.90189,-1.3611
0.27387,372.153,0.000808163,1.76336,0.547739,2.59437,-1.21686
0.27387,372.153,0.000808299,1.60748,0.563226,2.2766,-1.06781
0.27387,372.153,0.000808435,1.44526,0.57649,1.94985,-0.914555
0.27387,372.153,0.000808571,1.27734,0.58748,1.6154,-0.757686
0.27387,372.153,0.000808707,1.10437,0.59615,1.27458,-0.597828
0.27387,372.153,0.000808844,0.927051,0.602468,0.928729,-0.43561
0.27387,372.153,0.00080898,0.74607,0.606408,0.579212,-0.271673
0.27387,372.153,0.000809116,0.562144,0.607955,0.227409,-0.106664
0.27387,372.153,0.000809252,0.376,0.607103,-0.125291,0.0587656
0.27387,372.153,0.000809388,0.188372,0.603855,-0.477497,0.223964
0.27387,372.153,0.000809524,-7.35211e-014,0.598223,-0.827818,0.388278
0.27387,372.153,0.00080966,-0.188372,0.590231,-1.17487,0.55106
0.27387,372.153,0.000809796,-0.376,0.579909,-1.51729,0.711667
0.27387,372.153,0.000809932,-0.562144,0.567299,-1.85372,0.869465
0.27387,372.153,0.000810068,-0.74607,0.55245,-2.18283,1.02383
0.27387,372.153,0.000810204,-0.927051,0.53542,-2.50333,1.17416
0.27387,372.153,0.00081034,-1.10437,0.516278,-2.81395,1.31985
0.27387,372.153,0.000810476,-1.27734,0.495098,-3.11347,1.46033
0.27387,372.153,0.000810612,-1.44526,0.471964,-3.40069,1.59506
0.27387,372.153,0.000810748,-1.60748,0.446967,-3.6745,1.72348
0.27387,372.153,0.000810884,-1.76336,0.420206,-3.9338,1.8451
0.27387,372.153,0.00081102,-1.91227,0.391788,-4.17758,1.95945
0.27387,372.153,0.000811156,-2.05364,0.361822,-4.40488,2.06606
0.27387,372.153,0.000811293,-2.18691,0.330429,-4.61478,2.16451
0.27387,372.153,0.000811429,-2.31154,0.297732,-4.80648,2.25442
0.27387,372.153,0.000811565,-2.42705,0.26386,-4.97921,2.33544
0.27387,372.153,0.000811701,-2.53298,0.228947,-5.13228,2.40724
0.27387,372.153,0.000811837,-2.62892,0.19313,-5.2651,2.46954
0.27387,372.153,0.000811973,-2.71448,0.15655,-5.37715,2.52209
0.27387,372.153,0.000812109,-2.78933,0.119353,-5.46797,2.56469
0.27387,372.153,0.000812245,-2.85317,0.0816851,-5.53721,2.59716
0.27387,372.153,0.000812381,-2.90575,0.0436947,-5.5846,2.61939
0.27387,372.153,0.000812517,-2.94686,0.00553175,-5.60995,2.63128
0.27387,372.153,0.000812653,-2.97634,-0.032653,-5.61316,2.63279
0.27387,372.153,0.000812789,-2.99408,-0.0707089,-5.59421,2.6239
0.27387,372.153,0.000812925,-3,-0.108486,-5.55319,2.60466
0.27387,372.153,0.000813061,-2.99408,-0.145834,-5.49025,2.57514
0.27387,372.153,0.000813197,-2.97634,-0.182607,-5.40565,2.53546
0.27387,372.153,0.000813333,-2.94686,-0.21866,-5.29971,2.48577
0.27387,372.153,0.000813469,-2.90575,-0.253849,-5.17286,2.42627
0.27387,372.153,0.000813605,-2.85317,-0.288037,-5.02559,2.35719
0.27387,372.153,0.000813741,-2.78933,-0.321088,-4.85849,2.27882
0.27387,372.153,0.000813878,-2.71448,-0.352872,-4.67221,2.19145
0.27387,372.153,0.000814014,-2.62892,-0.383263,-4.46749,2.09543
0.27387,372.153,0.00081415,-2.53298,-0.412141,-4.24515,1.99114
0.27387,372.153,0.000814286,-2.42705,-0.439393,-4.00605,1.87899
0.27387,372.153,0.000814422,-2.31154,-0.464911,-3.75114,1.75943
0.27387,372.153,0.000814558,-2.18691,-0.488595,-3.48142,1.63292
0.27387,372.153,0.000814694,-2.05364,-0.510349,-3.19797,1.49997
0.27387,372.153,0.00081483,-1.91227,-0.53009,-2.90189,1.3611
0.27387,372.153,0.000814966,-1.76336,-0.547739,-2.59436,1.21686
0.27387,372.153,0.000815102,-1.60748,-0.563226,-2.2766,1.06781
0.27387,372.153,0.000815238,-1.44526,-0.57649,-1.94985,0.914553
0.27387,372.153,0.000815374,-1.27734,-0.587479,-1.6154,0.757685
0.27387,372.153,0.00081551,-1.10437,-0.59615,-1.27458,0.597827
0.27387,372.153,0.000815646,-0.927051,-0.602468,-0.928728,0.435609
0.27387,372.153,0.000815782,-0.74607,-0.606408,-0.579211,0.271672
0.27387,372.153,0.000815918,-0.562144,-0.607955,-0.227408,0.106663
0.27387,372.153,0.000816054,-0.376,-0.607103,0.125292,-0.0587665
0.27387,372.153,0.00081619,-0.188372,-0.603854,0.477498,-0.223965
0.27387,372.153,0.000816327,4.11793e-014,-0.598223,0.827819,-0.388279
