Amp, Phaseshift, Time, Vd, Vr, VL, VC
-0.103761,372.279,0,0,0,0,0
-0.103761,372.279,4.44444e-007,0.188372,0.00418603,0.188372,0
-0.103761,372.279,8.88889e-007,0.376,0.0124486,0.371814,0.00372092
-0.103761,372.279,1.33333e-006,0.562144,0.0245813,0.545974,0.0147863
-0.103761,372.279,1.77778e-006,0.74607,0.0402858,0.706702,0.0366364
-0.103761,372.279,2.22222e-006,0.927051,0.0591776,0.850129,0.072446
-0.103761,372.279,2.66667e-006,1.10437,0.0807942,0.97275,0.125048
-0.103761,372.279,3.11111e-006,1.27734,0.104605,1.0715,0.196865
-0.103761,372.279,3.55556e-006,1.44526,0.130023,1.14379,0.289848
-0.103761,372.279,4e-006,1.60748,0.156414,1.18761,0.405424
-0.103761,372.279,4.44444e-006,1.76336,0.183115,1.20152,0.544458
-0.103761,372.279,4.88889e-006,1.91227,0.209441,1.1847,0.707227
-0.103761,372.279,5.33333e-006,2.05364,0.234707,1.13697,0.893397
-0.103761,372.279,5.77778e-006,2.18691,0.258236,1.0588,1.10203
-0.103761,372.279,6.22222e-006,2.31154,0.279376,0.951278,1.33157
-0.103761,372.279,6.66667e-006,2.42705,0.297511,0.816107,1.5799
-0.103761,372.279,7.11111e-006,2.53298,0.31208,0.65557,1.84436
-0.103761,372.279,7.55556e-006,2.62892,0.322579,0.472483,2.12176
-0.103761,372.279,8e-006,2.71448,0.328582,0.270141,2.4085
-0.103761,372.279,8.44444e-006,2.78933,0.329743,0.0522486,2.70057
-0.103761,372.279,8.88889e-006,2.85317,0.325807,-0.177146,2.99368
-0.103761,372.279,9.33333e-006,2.90575,0.316613,-0.413734,3.28328
-0.103761,372.279,9.77778e-006,2.94686,0.302101,-0.653034,3.56472
-0.103761,372.279,1.02222e-005,2.97634,0.282313,-0.890473,3.83325
-0.103761,372.279,1.06667e-005,2.99408,0.257391,-1.12148,4.0842
-0.103761,372.279,1.11111e-005,3,0.227578,-1.34159,4.31299
-0.103761,372.279,1.15556e-005,2.99408,0.193211,-1.54648,4.51528
-0.103761,372.279,1.2e-005,2.97634,0.154719,-1.73215,4.68702
-0.103761,372.279,1.24444e-005,2.94686,0.112611,-1.89488,4.82455
-0.103761,372.279,1.28889e-005,2.90575,0.0674684,-2.03141,4.92465
-0.103761,372.279,1.33333e-005,2.85317,0.0199362,-2.13895,4.98462
-0.103761,372.279,1.37778e-005,2.78933,-0.0292911,-2.21523,5.00234
-0.103761,372.279,1.42222e-005,2.71448,-0.0794815,-2.25857,4.97631
-0.103761,372.279,1.46667e-005,2.62892,-0.129879,-2.2679,4.90565
-0.103761,372.279,1.51111e-005,2.53298,-0.179719,-2.24279,4.79021
-0.103761,372.279,1.55556e-005,2.42705,-0.22824,-2.18344,4.63046
-0.103761,372.279,1.6e-005,2.31154,-0.274699,-2.09068,4.42758
-0.103761,372.279,1.64444e-005,2.18691,-0.318388,-1.96597,4.1834
-0.103761,372.279,1.68889e-005,2.05364,-0.35864,-1.81137,3.90039
-0.103761,372.279,1.73333e-005,1.91227,-0.394851,-1.62948,3.5816
-0.103761,372.279,1.77778e-005,1.76336,-0.426482,-1.42339,3.23062
-0.103761,372.279,1.82222e-005,1.60748,-0.453074,-1.19666,2.85152
-0.103761,372.279,1.86667e-005,1.44526,-0.474256,-0.953187,2.44879
-0.103761,372.279,1.91111e-005,1.27734,-0.489749,-0.697196,2.02723
-0.103761,372.279,1.95556e-005,1.10437,-0.499374,-0.433106,1.5919
-0.103761,372.279,2e-005,0.927051,-0.503051,-0.165471,1.14801
-0.103761,372.279,2.04444e-005,0.74607,-0.500804,0.101112,0.700852
-0.103761,372.279,2.08889e-005,0.562144,-0.492758,0.362096,0.255693
-0.103761,372.279,2.13333e-005,0.376,-0.479134,0.613065,-0.182314
-0.103761,372.279,2.17778e-005,0.188372,-0.460249,0.849819,-0.608211
-0.103761,372.279,2.22222e-005,3.67382e-016,-0.436505,1.06846,-1.01732
-0.103761,372.279,2.26667e-005,-0.188372,-0.408384,1.26545,-1.40533
-0.103761,372.279,2.31111e-005,-0.376,-0.376435,1.43771,-1.76833
-0.103761,372.279,2.35556e-005,-0.562144,-0.341266,1.58263,-2.10294
-0.103761,372.279,2.4e-005,-0.74607,-0.303529,1.69814,-2.40629
-0.103761,372.279,2.44444e-005,-0.927051,-0.263912,1.78277,-2.67609
-0.103761,372.279,2.48889e-005,-1.10437,-0.22312,1.83563,-2.91068
-0.103761,372.279,2.53333e-005,-1.27734,-0.181866,1.85647,-3.10901
-0.103761,372.279,2.57778e-005,-1.44526,-0.140852,1.84562,-3.27067
-0.103761,372.279,2.62222e-005,-1.60748,-0.100762,1.80404,-3.39587
-0.103761,372.279,2.66667e-005,-1.76336,-0.0622447,1.73328,-3.48544
-0.103761,372.279,2.71111e-005,-1.91227,-0.0259023,1.63541,-3.54077
-0.103761,372.279,2.75556e-005,-2.05364,0.00772055,1.51303,-3.56379
-0.103761,372.279,2.8e-005,-2.18691,0.0381464,1.36916,-3.55693
-0.103761,372.279,2.84444e-005,-2.31154,0.064974,1.20724,-3.52302
-0.103761,372.279,2.88889e-005,-2.42705,0.087885,1.031,-3.46527
-0.103761,372.279,2.93333e-005,-2.53298,0.106649,0.844397,-3.38715
-0.103761,372.279,2.97778e-005,-2.62892,0.121129,0.651576,-3.29235
-0.103761,372.279,3.02222e-005,-2.71448,0.131279,0.456736,-3.18468
-0.103761,372.279,3.06667e-005,-2.78933,0.137147,0.264068,-3.06798
-0.103761,372.279,3.11111e-005,-2.85317,0.138873,0.0776676,-2.94608
-0.103761,372.279,3.15556e-005,-2.90575,0.136683,-0.0985465,-2.82263
-0.103761,372.279,3.2e-005,-2.94686,0.130885,-0.260911,-2.70114
-0.103761,372.279,3.24444e-005,-2.97634,0.12186,-0.406091,-2.5848
-0.103761,372.279,3.28889e-005,-2.99408,0.110057,-0.531145,-2.47648
-0.103761,372.279,3.33333e-005,-3,0.0959777,-0.633582,-2.37865
-0.103761,372.279,3.37778e-005,-2.99408,0.0801685,-0.711411,-2.29333
-0.103761,372.279,3.42222e-005,-2.97634,0.063209,-0.76318,-2.22207
-0.103761,372.279,3.46667e-005,-2.94686,0.0456979,-0.787999,-2.16589
-0.103761,372.279,3.51111e-005,-2.90575,0.028241,-0.785561,-2.12527
-0.103761,372.279,3.55556e-005,-2.85317,0.0114378,-0.756145,-2.10016
-0.103761,372.279,3.6e-005,-2.78933,-0.00413123,-0.700604,-2.09
-0.103761,372.279,3.64444e-005,-2.71448,-0.0179169,-0.620354,-2.09367
-0.103761,372.279,3.68889e-005,-2.62892,-0.0294132,-0.517335,-2.10959
-0.103761,372.279,3.73333e-005,-2.53298,-0.0381682,-0.393976,-2.13574
-0.103761,372.279,3.77778e-005,-2.42705,-0.0437936,-0.253143,-2.16967
-0.103761,372.279,3.82222e-005,-2.31154,-0.0459732,-0.0980794,-2.20859
-0.103761,372.279,3.86667e-005,-2.18691,-0.0444696,0.0676616,-2.24946
-0.103761,372.279,3.91111e-005,-2.05364,-0.0391299,0.240288,-2.28899
-0.103761,372.279,3.95556e-005,-1.91227,-0.0298889,0.415846,-2.32377
-0.103761,372.279,4e-005,-1.76336,-0.016771,0.590303,-2.35034
-0.103761,372.279,4.04444e-005,-1.60748,0.000109627,0.759629,-2.36525
-0.103761,372.279,4.08889e-005,-1.44526,0.0205513,0.919875,-2.36515
-0.103761,372.279,4.13333e-005,-1.27734,0.0442682,1.06726,-2.34688
-0.103761,372.279,4.17778e-005,-1.10437,0.0708957,1.19824,-2.30753
-0.103761,372.279,4.22222e-005,-0.927051,0.0999975,1.30958,-2.24451
-0.103761,372.279,4.26667e-005,-0.74607,0.131074,1.39845,-2.15563
-0.103761,372.279,4.31111e-005,-0.562144,0.163572,1.46241,-2.03912
-0.103761,372.279,4.35556e-005,-0.376,0.196895,1.49954,-1.89372
-0.103761,372.279,4.4e-005,-0.188372,0.230416,1.50845,-1.7187
-0.103761,372.279,4.44444e-005,-7.34764e-016,0.263489,1.48828,-1.51389
-0.103761,372.279,4.48889e-005,0.188372,0.295462,1.43877,-1.27967
-0.103761,372.279,4.53333e-005,0.376,0.325689,1.36021,-1.01704
-0.103761,372.279,4.57778e-005,0.562144,0.353544,1.25349,-0.727539
-0.103761,372.279,4.62222e-005,0.74607,0.378435,1.12006,-0.413277
-0.103761,372.279,4.66667e-005,0.927051,0.39981,0.961893,-0.0768907
-0.103761,372.279,4.71111e-005,1.10437,0.417176,0.781454,0.278496
-0.103761,372.279,4.75556e-005,1.27734,0.430102,0.581666,0.649319
-0.103761,372.279,4.8e-005,1.44526,0.438231,0.365841,1.03163
-0.103761,372.279,4.84444e-005,1.60748,0.44129,0.137618,1.42117
-0.103761,372.279,4.88889e-005,1.76336,0.439087,-0.0991041,1.81343
-0.103761,372.279,4.93333e-005,1.91227,0.431526,-0.340243,2.20373
-0.103761,372.279,4.97778e-005,2.05364,0.418602,-0.581612,2.58731
-0.103761,372.279,5.02222e-005,2.18691,0.400402,-0.819002,2.9594
-0.103761,372.279,5.06667e-005,2.31154,0.377107,-1.04826,3.31531
-0.103761,372.279,5.11111e-005,2.42705,0.348988,-1.26537,3.65052
-0.103761,372.279,5.15556e-005,2.53298,0.316398,-1.46652,3.96073
-0.103761,372.279,5.2e-005,2.62892,0.279772,-1.6482,4.24197
-0.103761,372.279,5.24444e-005,2.71448,0.23961,-1.80726,4.49066
-0.103761,372.279,5.28889e-005,2.78933,0.196478,-1.94094,4.70364
-0.103761,372.279,5.33333e-005,2.85317,0.150991,-2.04695,4.87829
-0.103761,372.279,5.37778e-005,2.90575,0.103801,-2.12353,5.0125
-0.103761,372.279,5.42222e-005,2.94686,0.0555911,-2.16944,5.10477
-0.103761,372.279,5.46667e-005,2.97634,0.00705739,-2.18402,5.15419
-0.103761,372.279,5.51111e-005,2.99408,-0.0411018,-2.16716,5.16046
-0.103761,372.279,5.55556e-005,3,-0.0881986,-2.11936,5.12392
-0.103761,372.279,5.6e-005,2.99408,-0.133568,-2.04164,5.04552
-0.103761,372.279,5.64444e-005,2.97634,-0.176582,-1.93561,4.9268
-0.103761,372.279,5.68889e-005,2.94686,-0.216657,-1.80335,4.76984
-0.103761,372.279,5.73333e-005,2.90575,-0.253266,-1.64743,4.57725
-0.103761,372.279,5.77778e-005,2.85317,-0.285951,-1.47082,4.35213
-0.103761,372.279,5.82222e-005,2.78933,-0.314325,-1.27685,4.09795
-0.103761,372.279,5.86667e-005,2.71448,-0.338084,-1.06914,3.81855
-0.103761,372.279,5.91111e-005,2.62892,-0.357007,-0.851543,3.51803
-0.103761,372.279,5.95556e-005,2.53298,-0.370964,-0.628037,3.20069
-0.103761,372.279,6e-005,2.42705,-0.379912,-0.402674,2.87094
-0.103761,372.279,6.04444e-005,2.31154,-0.383901,-0.179492,2.53324
-0.103761,372.279,6.08889e-005,2.18691,-0.383066,0.0375627,2.192
-0.103761,372.279,6.13333e-005,2.05364,-0.377628,0.244708,1.8515
-0.103761,372.279,6.17778e-005,1.91227,-0.367886,0.438404,1.51583
-0.103761,372.279,6.22222e-005,1.76336,-0.35421,0.615415,1.18882
-0.103761,372.279,6.26667e-005,1.60748,-0.337035,0.772873,0.873964
-0.103761,372.279,6.31111e-005,1.44526,-0.31685,0.908332,0.574378
-0.103761,372.279,6.35556e-005,1.27734,-0.294187,1.01981,0.292734
-0.103761,372.279,6.4e-005,1.10437,-0.269613,1.10583,0.0312339
-0.103761,372.279,6.44444e-005,0.927051,-0.243715,1.16543,-0.208422
-0.103761,372.279,6.48889e-005,0.74607,-0.217088,1.19821,-0.425058
-0.103761,372.279,6.53333e-005,0.562144,-0.190326,1.20429,-0.618025
-0.103761,372.279,6.57778e-005,0.376,-0.164007,1.18435,-0.787203
-0.103761,372.279,6.62222e-005,0.188372,-0.138683,1.13958,-0.932987
-0.103761,372.279,6.66667e-005,1.10215e-015,-0.114868,1.07167,-1.05626
-0.103761,372.279,6.71111e-005,-0.188372,-0.0930291,0.982758,-1.15837
-0.103761,372.279,6.75556e-005,-0.376,-0.0735758,0.875396,-1.24106
-0.103761,372.279,6.8e-005,-0.562144,-0.0568538,0.752491,-1.30646
-0.103761,372.279,6.84444e-005,-0.74607,-0.0431373,0.617244,-1.357
-0.103761,372.279,6.88889e-005,-0.927051,-0.0326243,0.473082,-1.39534
-0.103761,372.279,6.93333e-005,-1.10437,-0.0254334,0.323591,-1.42434
-0.103761,372.279,6.97778e-005,-1.27734,-0.0216015,0.172435,-1.44695
-0.103761,372.279,7.02222e-005,-1.44526,-0.021084,0.0232879,-1.46615
-0.103761,372.279,7.06667e-005,-1.60748,-0.0237562,-0.120248,-1.48489
-0.103761,372.279,7.11111e-005,-1.76336,-0.0294164,-0.254709,-1.50601
-0.103761,372.279,7.15556e-005,-1.91227,-0.0377908,-0.376849,-1.53215
-0.103761,372.279,7.2e-005,-2.05364,-0.0485396,-0.483696,-1.56575
-0.103761,372.279,7.24444e-005,-2.18691,-0.0612645,-0.57262,-1.60889
-0.103761,372.279,7.28889e-005,-2.31154,-0.0755175,-0.641382,-1.66335
-0.103761,372.279,7.33333e-005,-2.42705,-0.0908104,-0.688183,-1.73048
-0.103761,372.279,7.37778e-005,-2.53298,-0.106626,-0.711697,-1.8112
-0.103761,372.279,7.42222e-005,-2.62892,-0.122428,-0.711097,-1.90598
-0.103761,372.279,7.46667e-005,-2.71448,-0.137674,-0.686077,-2.0148
-0.103761,372.279,7.51111e-005,-2.78933,-0.151827,-0.636855,-2.13718
-0.103761,372.279,7.55556e-005,-2.85317,-0.164364,-0.564165,-2.27213
-0.103761,372.279,7.6e-005,-2.90575,-0.174791,-0.469251,-2.41824
-0.103761,372.279,7.64444e-005,-2.94686,-0.182654,-0.353835,-2.57361
-0.103761,372.279,7.68889e-005,-2.97634,-0.187545,-0.220084,-2.73597
-0.103761,372.279,7.73333e-005,-2.99408,-0.189113,-0.07057,-2.90267
-0.103761,372.279,7.77778e-005,-3,-0.187074,0.0917852,-3.07077
-0.103761,372.279,7.82222e-005,-2.99408,-0.181212,0.263766,-3.23706
-0.103761,372.279,7.86667e-005,-2.97634,-0.171392,0.441928,-3.39814
-0.103761,372.279,7.91111e-005,-2.94686,-0.157555,0.622668,-3.55049
-0.103761,372.279,7.95556e-005,-2.90575,-0.139726,0.802291,-3.69053
-0.103761,372.279,8e-005,-2.85317,-0.118013,0.977091,-3.81474
-0.103761,372.279,8.04444e-005,-2.78933,-0.0926034,1.14342,-3.91964
-0.103761,372.279,8.08889e-005,-2.71448,-0.0637643,1.29776,-4.00195
-0.103761,372.279,8.13333e-005,-2.62892,-0.0318356,1.43679,-4.05863
-0.103761,372.279,8.17778e-005,-2.53298,0.00277508,1.55748,-4.08693
-0.103761,372.279,8.22222e-005,-2.42705,0.0395995,1.6571,-4.08446
-0.103761,372.279,8.26667e-005,-2.31154,0.0781178,1.73332,-4.04926
-0.103761,372.279,8.31111e-005,-2.18691,0.117768,1.78424,-3.97982
-0.103761,372.279,8.35556e-005,-2.05364,0.157954,1.80841,-3.87514
-0.103761,372.279,8.4e-005,-1.91227,0.198064,1.80491,-3.73474
-0.103761,372.279,8.44444e-005,-1.76336,0.237471,1.77332,-3.55868
-0.103761,372.279,8.48889e-005,-1.60748,0.275554,1.71373,-3.34759
-0.103761,372.279,8.53333e-005,-1.44526,0.311704,1.62678,-3.10266
-0.103761,372.279,8.57778e-005,-1.27734,0.34534,1.51362,-2.82559
-0.103761,372.279,8.62222e-005,-1.10437,0.375915,1.37587,-2.51862
-0.103761,372.279,8.66667e-005,-0.927051,0.40293,1.21565,-2.18447
-0.103761,372.279,8.71111e-005,-0.74607,0.42594,1.03547,-1.82631
-0.103761,372.279,8.75556e-005,-0.562144,0.444567,0.838228,-1.4477
-0.103761,372.279,8.8e-005,-0.376,0.458504,0.627132,-1.05253
-0.103761,372.279,8.84444e-005,-0.188372,0.467518,0.405652,-0.644969
-0.103761,372.279,8.88889e-005,-1.46953e-015,0.471462,0.177451,-0.229397
-0.103761,372.279,8.93333e-005,0.188372,0.470268,-0.0536928,0.18968
-0.103761,372.279,8.97778e-005,0.376,0.463958,-0.283948,0.607696
-0.103761,372.279,9.02222e-005,0.562144,0.452636,-0.509511,1.0201
-0.103761,372.279,9.06667e-005,0.74607,0.436488,-0.72667,1.42245
-0.103761,372.279,9.11111e-005,0.927051,0.415779,-0.931883,1.81044
-0.103761,372.279,9.15556e-005,1.10437,0.390849,-1.12184,2.18002
-0.103761,372.279,9.2e-005,1.27734,0.362104,-1.29353,2.52744
-0.103761,372.279,9.24444e-005,1.44526,0.330009,-1.44428,2.84931
-0.103761,372.279,9.28889e-005,1.60748,0.295079,-1.57184,3.14265
-0.103761,372.279,9.33333e-005,1.76336,0.257871,-1.67437,3.40494
-0.103761,372.279,9.37778e-005,1.91227,0.21897,-1.75054,3.63416
-0.103761,372.279,9.42222e-005,2.05364,0.178981,-1.79949,3.8288
-0.103761,372.279,9.46667e-005,2.18691,0.138517,-1.82088,3.9879
-0.103761,372.279,9.51111e-005,2.31154,0.0981869,-1.81488,4.11102
-0.103761,372.279,9.55556e-005,2.42705,0.0585834,-1.78216,4.1983
-0.103761,372.279,9.6e-005,2.53298,0.0202745,-1.7239,4.25038
-0.103761,372.279,9.64444e-005,2.62892,-0.0162084,-1.64173,4.2684
-0.103761,372.279,9.68889e-005,2.71448,-0.0503797,-1.53771,4.25399
-0.103761,372.279,9.73333e-005,2.78933,-0.0818081,-1.41428,4.20921
-0.103761,372.279,9.77778e-005,2.85317,-0.110124,-1.27423,4.13649
-0.103761,372.279,9.82222e-005,2.90575,-0.135027,-1.12062,4.0386
-0.103761,372.279,9.86667e-005,2.94686,-0.156287,-0.956712,3.91858
-0.103761,372.279,9.91111e-005,2.97634,-0.173753,-0.785946,3.77966
-0.103761,372.279,9.95556e-005,2.99408,-0.187349,-0.611822,3.62521
-0.103761,372.279,0.0001,3,-0.197079,-0.43786,3.45868
-0.103761,372.279,0.000100444,2.99408,-0.203024,-0.267517,3.28349
-0.103761,372.279,0.000100889,2.97634,-0.205338,-0.104127,3.10303
-0.103761,372.279,0.000101333,2.94686,-0.204245,0.0491702,2.92051
-0.103761,372.279,0.000101778,2.90575,-0.200034,0.189488,2.73896
-0.103761,372.279,0.000102222,2.85317,-0.193051,0.314248,2.56115
-0.103761,372.279,0.000102667,2.78933,-0.18369,0.421233,2.38955
-0.103761,372.279,0.000103111,2.71448,-0.172387,0.508625,2.22627
-0.103761,372.279,0.000103556,2.62892,-0.159609,0.575041,2.07303
-0.103761,372.279,0.000104,2.53298,-0.145841,0.619559,1.93116
-0.103761,372.279,0.000104444,2.42705,-0.13158,0.641733,1.80152
-0.103761,372.279,0.000104889,2.31154,-0.117322,0.641597,1.68456
-0.103761,372.279,0.000105333,2.18691,-0.103552,0.619665,1.58028
-0.103761,372.279,0.000105778,2.05364,-0.0907316,0.576917,1.48823
-0.103761,372.279,0.000106222,1.91227,-0.0792922,0.514773,1.40758
-0.103761,372.279,0.000106667,1.76336,-0.069624,0.435068,1.3371
-0.103761,372.279,0.000107111,1.60748,-0.0620683,0.340006,1.27521
-0.103761,372.279,0.000107556,1.44526,-0.0569101,0.232119,1.22004
-0.103761,372.279,0.000108,1.27734,-0.0543721,0.11421,1.16945
-0.103761,372.279,0.000108444,1.10437,-0.05461,-0.0107057,1.12112
-0.103761,372.279,0.000108889,0.927051,-0.0577091,-0.13946,1.07258
-0.103761,372.279,0.000109333,0.74607,-0.0636824,-0.2688,1.02128
-0.103761,372.279,0.000109778,0.562144,-0.0724703,-0.395455,0.964675
-0.103761,372.279,0.000110222,0.376,-0.0839415,-0.516205,0.900257
-0.103761,372.279,0.000110667,0.188372,-0.0978958,-0.627944,0.825642
-0.103761,372.279,0.000111111,1.83691e-015,-0.114068,-0.727746,0.738624
-0.103761,372.279,0.000111556,-0.188372,-0.132133,-0.812927,0.63723
-0.103761,372.279,0.000112,-0.376,-0.151713,-0.881097,0.519778
-0.103761,372.279,0.000112444,-0.562144,-0.172384,-0.930209,0.384922
-0.103761,372.279,0.000112889,-0.74607,-0.193687,-0.958608,0.231692
-0.103761,372.279,0.000113333,-0.927051,-0.215132,-0.965056,0.059526
-0.103761,372.279,0.000113778,-1.10437,-0.236216,-0.948767,-0.131703
-0.103761,372.279,0.000114222,-1.27734,-0.256425,-0.909419,-0.341673
-0.103761,372.279,0.000114667,-1.44526,-0.275251,-0.847163,-0.569606
-0.103761,372.279,0.000115111,-1.60748,-0.292198,-0.762623,-0.814274
-0.103761,372.279,0.000115556,-1.76336,-0.306796,-0.656883,-1.07401
-0.103761,372.279,0.000116,-1.91227,-0.318606,-0.53147,-1.34671
-0.103761,372.279,0.000116444,-2.05364,-0.327236,-0.388322,-1.62992
-0.103761,372.279,0.000116889,-2.18691,-0.332341,-0.229751,-1.9208
-0.103761,372.279,0.000117333,-2.31154,-0.333639,-0.0584035,-2.21621
-0.103761,372.279,0.000117778,-2.42705,-0.33091,0.122798,-2.51278
-0.103761,372.279,0.000118222,-2.53298,-0.324006,0.310704,-2.80692
-0.103761,372.279,0.000118667,-2.62892,-0.31285,0.502006,-3.09493
-0.103761,372.279,0.000119111,-2.71448,-0.297443,0.693294,-3.37301
-0.103761,372.279,0.000119556,-2.78933,-0.277863,0.881128,-3.63741
-0.103761,372.279,0.00012,-2.85317,-0.254261,1.0621,-3.8844
-0.103761,372.279,0.000120444,-2.90575,-0.226863,1.23291,-4.11041
-0.103761,372.279,0.000120889,-2.94686,-0.195965,1.39041,-4.31206
-0.103761,372.279,0.000121333,-2.97634,-0.161927,1.53168,-4.48625
-0.103761,372.279,0.000121778,-2.99408,-0.12517,1.6541,-4.63019
-0.103761,372.279,0.000122222,-3,-0.0861616,1.75536,-4.74145
-0.103761,372.279,0.000122667,-2.99408,-0.0454164,1.83353,-4.81804
-0.103761,372.279,0.000123111,-2.97634,-0.0034806,1.88711,-4.85841
-0.103761,372.279,0.000123556,-2.94686,0.0390756,1.91503,-4.8615
-0.103761,372.279,0.000124,-2.90575,0.0816684,1.91668,-4.82677
-0.103761,372.279,0.000124444,-2.85317,0.123711,1.89193,-4.75417
-0.103761,372.279,0.000124889,-2.78933,0.164625,1.84113,-4.64421
-0.103761,372.279,0.000125333,-2.71448,0.20385,1.7651,-4.49788
-0.103761,372.279,0.000125778,-2.62892,0.240852,1.66511,-4.31668
-0.103761,372.279,0.000126222,-2.53298,0.275138,1.54284,-4.10258
-0.103761,372.279,0.000126667,-2.42705,0.306257,1.4004,-3.85802
-0.103761,372.279,0.000127111,-2.31154,0.333818,1.24022,-3.58579
-0.103761,372.279,0.000127556,-2.18691,0.357486,1.06507,-3.28906
-0.103761,372.279,0.000128,-2.05364,0.376996,0.877935,-2.9713
-0.103761,372.279,0.000128444,-1.91227,0.392152,0.682029,-2.63619
-0.103761,372.279,0.000128889,-1.76336,0.402834,0.480682,-2.28761
-0.103761,372.279,0.000129333,-1.60748,0.408996,0.277296,-1.92954
-0.103761,372.279,0.000129778,-1.44526,0.410669,0.0752786,-1.56598
-0.103761,372.279,0.000130222,-1.27734,0.407957,-0.122023,-1.20094
-0.103761,372.279,0.000130667,-1.10437,0.401037,-0.311386,-0.838316
-0.103761,372.279,0.000131111,-0.927051,0.390154,-0.489772,-0.481839
-0.103761,372.279,0.000131556,-0.74607,0.375612,-0.654385,-0.135035
-0.103761,372.279,0.000132,-0.562144,0.357773,-0.80272,0.198842
-0.103761,372.279,0.000132444,-0.376,0.337049,-0.932615,0.516862
-0.103761,372.279,0.000132889,-0.188372,0.313887,-1.04228,0.816461
-0.103761,372.279,0.000133333,-2.20429e-015,0.288768,-1.13035,1.09547
-0.103761,372.279,0.000133778,0.188372,0.262193,-1.19587,1.35215
-0.103761,372.279,0.000134222,0.376,0.234674,-1.23835,1.58522
-0.103761,372.279,0.000134667,0.562144,0.206724,-1.25775,1.79381
-0.103761,372.279,0.000135111,0.74607,0.178847,-1.25447,1.97757
-0.103761,372.279,0.000135556,0.927051,0.151528,-1.22937,2.13654
-0.103761,372.279,0.000136,1.10437,0.125224,-1.1837,2.27124
-0.103761,372.279,0.000136444,1.27734,0.100354,-1.11912,2.38255
-0.103761,372.279,0.000136889,1.44526,0.0772956,-1.03764,2.47175
-0.103761,372.279,0.000137333,1.60748,0.0563719,-0.941565,2.54046
-0.103761,372.279,0.000137778,1.76336,0.0378503,-0.833473,2.59057
-0.103761,372.279,0.000138222,1.91227,0.021936,-0.716144,2.62421
-0.103761,372.279,0.000138667,2.05364,0.00876921,-0.592505,2.64371
-0.103761,372.279,0.000139111,2.18691,-0.00157685,-0.465572,2.6515
-0.103761,372.279,0.000139556,2.31154,-0.00909656,-0.338387,2.6501
-0.103761,372.279,0.00014,2.42705,-0.0138511,-0.213955,2.64202
-0.103761,372.279,0.000140444,2.53298,-0.0159663,-0.0951815,2.6297
-0.103761,372.279,0.000140889,2.62892,-0.0156289,0.015182,2.61551
-0.103761,372.279,0.000141333,2.71448,-0.0130823,0.114598,2.60162
-0.103761,372.279,0.000141778,2.78933,-0.00862022,0.200792,2.58999
-0.103761,372.279,0.000142222,2.85317,-0.00258025,0.271799,2.58233
-0.103761,372.279,0.000142667,2.90575,0.00466422,0.326001,2.58004
-0.103761,372.279,0.000143111,2.94686,0.0127123,0.362162,2.58418
-0.103761,372.279,0.000143556,2.97634,0.0211445,0.379451,2.59548
-0.103761,372.279,0.000144,2.99408,0.0295324,0.377455,2.61428
-0.103761,372.279,0.000144444,3,0.0374478,0.356192,2.64053
-0.103761,372.279,0.000144889,2.99408,0.0444723,0.316105,2.67381
-0.103761,372.279,0.000145333,2.97634,0.0502069,0.258058,2.71334
-0.103761,372.279,0.000145778,2.94686,0.0542805,0.18331,2.75797
-0.103761,372.279,0.000146222,2.90575,0.0563582,0.0934957,2.80622
-0.103761,372.279,0.000146667,2.85317,0.056149,-0.00941127,2.85632
-0.103761,372.279,0.000147111,2.78933,0.0534126,-0.123138,2.90623
-0.103761,372.279,0.000147556,2.71448,0.0479646,-0.245161,2.95371
-0.103761,372.279,0.000148,2.62892,0.0396813,-0.372752,2.99634
-0.103761,372.279,0.000148444,2.53298,0.0285026,-0.50304,3.03161
-0.103761,372.279,0.000148889,2.42705,0.0144345,-0.633066,3.05695
-0.103761,372.279,0.000149333,2.31154,-0.00245098,-0.759845,3.06978
-0.103761,372.279,0.000149778,2.18691,-0.022016,-0.880424,3.0676
-0.103761,372.279,0.000150222,2.05364,-0.0440592,-0.991945,3.04803
-0.103761,372.279,0.000150667,1.91227,-0.0683192,-1.0917,3.00887
-0.103761,372.279,0.000151111,1.76336,-0.0944791,-1.17719,2.94814
-0.103761,372.279,0.000151556,1.60748,-0.122172,-1.24618,2.86416
-0.103761,372.279,0.000152,1.44526,-0.150988,-1.29673,2.75556
-0.103761,372.279,0.000152444,1.27734,-0.180482,-1.32724,2.62135
-0.103761,372.279,0.000152889,1.10437,-0.210182,-1.33649,2.46092
-0.103761,372.279,0.000153333,0.927051,-0.239597,-1.32369,2.27409
-0.103761,372.279,0.000153778,0.74607,-0.268229,-1.28843,2.06112
-0.103761,372.279,0.000154222,0.562144,-0.295579,-1.23074,1.82269
-0.103761,372.279,0.000154667,0.376,-0.321159,-1.15111,1.55995
-0.103761,372.279,0.000155111,0.188372,-0.344502,-1.05042,1.27448
-0.103761,372.279,0.000155556,2.57167e-015,-0.365168,-0.929978,0.968256
-0.103761,372.279,0.000156,-0.188372,-0.382756,-0.791459,0.643662
-0.103761,372.279,0.000156444,-0.376,-0.39691,-0.636905,0.303434
-0.103761,372.279,0.000156889,-0.562144,-0.407324,-0.468669,-0.0493743
-0.103761,372.279,0.000157333,-0.74607,-0.413755,-0.289371,-0.41144
-0.103761,372.279,0.000157778,-0.927051,-0.416018,-0.101856,-0.779223
-0.103761,372.279,0.000158222,-1.10437,-0.413999,0.0908674,-1.14902
-0.103761,372.279,0.000158667,-1.27734,-0.407651,0.285678,-1.51702
-0.103761,372.279,0.000159111,-1.44526,-0.396997,0.479406,-1.87937
-0.103761,372.279,0.000159556,-1.60748,-0.382133,0.668889,-2.23226
-0.103761,372.279,0.00016,-1.76336,-0.363221,0.851036,-2.57193
-0.103761,372.279,0.000160444,-1.91227,-0.34049,1.02288,-2.8948
-0.103761,372.279,0.000160889,-2.05364,-0.314232,1.18164,-3.19745
-0.103761,372.279,0.000161333,-2.18691,-0.284792,1.32478,-3.47677
-0.103761,372.279,0.000161778,-2.31154,-0.252569,1.45002,-3.72992
-0.103761,372.279,0.000162222,-2.42705,-0.218004,1.55544,-3.95443
-0.103761,372.279,0.000162667,-2.53298,-0.181572,1.63945,-4.14821
-0.103761,372.279,0.000163111,-2.62892,-0.143775,1.70086,-4.3096
-0.103761,372.279,0.000163556,-2.71448,-0.105133,1.7389,-4.4374
-0.103761,372.279,0.000164,-2.78933,-0.0661727,1.75321,-4.53086
-0.103761,372.279,0.000164444,-2.85317,-0.0274203,1.74386,-4.58968
-0.103761,372.279,0.000164889,-2.90575,0.0106096,1.71135,-4.61405
-0.103761,372.279,0.000165333,-2.94686,0.0474225,1.65658,-4.60462
-0.103761,372.279,0.000165778,-2.97634,0.0825525,1.58085,-4.56247
-0.103761,372.279,0.000166222,-2.99408,0.115571,1.48583,-4.48909
-0.103761,372.279,0.000166667,-3,0.146094,1.37351,-4.38636
-0.103761,372.279,0.000167111,-2.99408,0.173787,1.24618,-4.25649
-0.103761,372.279,0.000167556,-2.97634,0.198372,1.10636,-4.10202
-0.103761,372.279,0.000168,-2.94686,0.219634,0.956784,-3.92569
-0.103761,372.279,0.000168444,-2.90575,0.237419,0.800303,-3.73046
-0.103761,372.279,0.000168889,-2.85317,0.251638,0.639868,-3.51942
-0.103761,372.279,0.000169333,-2.78933,0.26227,0.47845,-3.29574
-0.103761,372.279,0.000169778,-2.71448,0.269359,0.318988,-3.06261
-0.103761,372.279,0.000170222,-2.62892,0.273011,0.164331,-2.82318
-0.103761,372.279,0.000170667,-2.53298,0.273393,0.0171856,-2.5805
-0.103761,372.279,0.000171111,-2.42705,0.270727,-0.11994,-2.33749
-0.103761,372.279,0.000171556,-2.31154,0.265288,-0.244779,-2.09684
-0.103761,372.279,0.000172,-2.18691,0.257391,-0.355352,-1.86103
-0.103761,372.279,0.000172444,-2.05364,0.247391,-0.450002,-1.63224
-0.103761,372.279,0.000172889,-1.91227,0.23567,-0.527425,-1.41234
-0.103761,372.279,0.000173333,-1.76336,0.222633,-0.586691,-1.20285
-0.103761,372.279,0.000173778,-1.60748,0.208694,-0.627263,-1.00495
-0.103761,372.279,0.000174222,-1.44526,0.194271,-0.649,-0.819449
-0.103761,372.279,0.000174667,-1.27734,0.179779,-0.65216,-0.646763
-0.103761,372.279,0.000175111,-1.10437,0.165615,-0.637389,-0.48696
-0.103761,372.279,0.000175556,-0.927051,0.152155,-0.605706,-0.339747
-0.103761,372.279,0.000176,-0.74607,0.139744,-0.558478,-0.204498
-0.103761,372.279,0.000176444,-0.562144,0.128691,-0.49739,-0.080281
-0.103761,372.279,0.000176889,-0.376,0.11926,-0.42441,0.034111
-0.103761,372.279,0.000177333,-0.188372,0.111665,-0.341742,0.14012
-0.103761,372.279,0.000177778,-2.93906e-015,0.10607,-0.251785,0.239378
-0.103761,372.279,0.000178222,0.188372,0.10258,-0.157076,0.333662
-0.103761,372.279,0.000178667,0.376,0.101241,-0.060242,0.424844
-0.103761,372.279,0.000179111,0.562144,0.102042,0.0360591,0.514836
-0.103761,372.279,0.000179556,0.74607,0.104913,0.129192,0.60554
-0.103761,372.279,0.00018,0.927051,0.109726,0.216598,0.698796
-0.103761,372.279,0.000180444,1.10437,0.116301,0.295851,0.796331
-0.103761,372.279,0.000180889,1.27734,0.124405,0.364706,0.899709
-0.103761,372.279,0.000181333,1.44526,0.133764,0.421146,1.01029
-0.103761,372.279,0.000181778,1.60748,0.144063,0.463424,1.12919
-0.103761,372.279,0.000182222,1.76336,0.154954,0.4901,1.25725
-0.103761,372.279,0.000182667,1.91227,0.166066,0.500069,1.39499
-0.103761,372.279,0.000183111,2.05364,0.177013,0.49259,1.5426
-0.103761,372.279,0.000183556,2.18691,0.187397,0.467293,1.69994
-0.103761,372.279,0.000184,2.31154,0.196824,0.424198,1.86652
-0.103761,372.279,0.000184444,2.42705,0.204906,0.363708,2.04147
-0.103761,372.279,0.000184889,2.53298,0.211275,0.286604,2.22361
-0.103761,372.279,0.000185333,2.62892,0.215587,0.194032,2.41141
-0.103761,372.279,0.000185778,2.71448,0.217531,0.0874814,2.60305
-0.103761,372.279,0.000186222,2.78933,0.216836,-0.0312471,2.79641
-0.103761,372.279,0.000186667,2.85317,0.213279,-0.160073,2.98915
-0.103761,372.279,0.000187111,2.90575,0.206686,-0.29668,3.17873
-0.103761,372.279,0.000187556,2.94686,0.196941,-0.438556,3.36245
-0.103761,372.279,0.000188,2.97634,0.183984,-0.58305,3.53751
-0.103761,372.279,0.000188444,2.99408,0.167819,-0.727415,3.70105
-0.103761,372.279,0.000188889,3,0.148511,-0.868872,3.85023
-0.103761,372.279,0.000189333,2.99408,0.126185,-1.00466,3.98224
-0.103761,372.279,0.000189778,2.97634,0.101028,-1.13208,4.0944
-0.103761,372.279,0.000190222,2.94686,0.0732822,-1.24857,4.1842
-0.103761,372.279,0.000190667,2.90575,0.0432436,-1.35174,4.24934
-0.103761,372.279,0.000191111,2.85317,0.0112566,-1.43942,4.28778
-0.103761,372.279,0.000191556,2.78933,-0.0222925,-1.50971,4.29779
-0.103761,372.279,0.000192,2.71448,-0.0569817,-1.56101,4.27797
-0.103761,372.279,0.000192444,2.62892,-0.092361,-1.59207,4.22732
-0.103761,372.279,0.000192889,2.53298,-0.12796,-1.60198,4.14522
-0.103761,372.279,0.000193333,2.42705,-0.163299,-1.59021,4.03148
-0.103761,372.279,0.000193778,2.31154,-0.197891,-1.55664,3.88633
-0.103761,372.279,0.000194222,2.18691,-0.231258,-1.50153,3.71042
-0.103761,372.279,0.000194667,2.05364,-0.262936,-1.42552,3.50486
-0.103761,372.279,0.000195111,1.91227,-0.292484,-1.32965,3.27114
-0.103761,372.279,0.000195556,1.76336,-0.319491,-1.2153,3.01115
-0.103761,372.279,0.000196,1.60748,-0.343584,-1.08418,2.72716
-0.103761,372.279,0.000196444,1.44526,-0.364435,-0.938317,2.42175
-0.103761,372.279,0.000196889,1.27734,-0.381768,-0.779981,2.09781
-0.103761,372.279,0.000197333,1.10437,-0.395361,-0.61167,1.75846
-0.103761,372.279,0.000197778,0.927051,-0.405051,-0.436051,1.40703
-0.103761,372.279,0.000198222,0.74607,-0.410738,-0.255911,1.04699
-0.103761,372.279,0.000198667,0.562144,-0.412384,-0.0741043,0.681886
-0.103761,372.279,0.000199111,0.376,-0.410018,0.106498,0.315322
-0.103761,372.279,0.000199556,0.188372,-0.403727,0.283067,-0.0491383
-0.103761,372.279,0.0002,3.30644e-015,-0.393664,0.452866,-0.408007
-0.103761,372.279,0.000200444,-0.188372,-0.380035,0.613299,-0.75793
-0.103761,372.279,0.000200889,-0.376,-0.363102,0.761965,-1.09574
-0.103761,372.279,0.000201333,-0.562144,-0.343176,0.896697,-1.4185
-0.103761,372.279,0.000201778,-0.74607,-0.320607,1.0156,-1.72354
-0.103761,372.279,0.000202222,-0.927051,-0.295782,1.1171,-2.00853
-0.103761,372.279,0.000202667,-1.10437,-0.269117,1.19993,-2.27144
-0.103761,372.279,0.000203111,-1.27734,-0.241045,1.26322,-2.51066
-0.103761,372.279,0.000203556,-1.44526,-0.212013,1.30644,-2.72492
-0.103761,372.279,0.000204,-1.60748,-0.18247,1.32945,-2.91338
-0.103761,372.279,0.000204444,-1.76336,-0.152859,1.33249,-3.07557
-0.103761,372.279,0.000204889,-1.91227,-0.123611,1.31616,-3.21145
-0.103761,372.279,0.000205333,-2.05364,-0.0951352,1.28142,-3.32132
-0.103761,372.279,0.000205778,-2.18691,-0.0678118,1.22955,-3.40589
-0.103761,372.279,0.000206222,-2.31154,-0.041986,1.16216,-3.46617
-0.103761,372.279,0.000206667,-2.42705,-0.0179615,1.0811,-3.50349
-0.103761,372.279,0.000207111,-2.53298,0.00400435,0.988464,-3.51945
-0.103761,372.279,0.000207556,-2.62892,0.023705,0.886528,-3.51589
-0.103761,372.279,0.000208,-2.71448,0.0409873,0.777707,-3.49482
-0.103761,372.279,0.000208444,-2.78933,0.0557541,0.664505,-3.45839
-0.103761,372.279,0.000208889,-2.85317,0.0679644,0.549465,-3.40883
-0.103761,372.279,0.000209333,-2.90575,0.0776337,0.435115,-3.34842
-0.103761,372.279,0.000209778,-2.94686,0.0848319,0.323921,-3.27941
-0.103761,372.279,0.000210222,-2.97634,0.0896815,0.218233,-3.204
-0.103761,372.279,0.000210667,-2.99408,0.0923536,0.120241,-3.12429
-0.103761,372.279,0.000211111,-3,0.0930632,0.0319322,-3.04219
-0.103761,372.279,0.000211556,-2.99408,0.0920643,-0.0449497,-2.95947
-0.103761,372.279,0.000212,-2.97634,0.0896434,-0.108938,-2.87764
-0.103761,372.279,0.000212444,-2.94686,0.086113,-0.158869,-2.79795
-0.103761,372.279,0.000212889,-2.90575,0.0818039,-0.19391,-2.72141
-0.103761,372.279,0.000213333,-2.85317,0.077058,-0.213565,-2.64869
-0.103761,372.279,0.000213778,-2.78933,0.0722204,-0.217694,-2.5802
-0.103761,372.279,0.000214222,-2.71448,0.0676314,-0.206504,-2.516
-0.103761,372.279,0.000214667,-2.62892,0.0636192,-0.18055,-2.45588
-0.103761,372.279,0.000215111,-2.53298,0.0604921,-0.140718,-2.39933
-0.103761,372.279,0.000215556,-2.42705,0.0585319,-0.0882088,-2.34556
-0.103761,372.279,0.000216,-2.31154,0.0579873,-0.0245081,-2.29354
-0.103761,372.279,0.000216444,-2.18691,0.0590682,0.0486421,-2.24199
-0.103761,372.279,0.000216889,-2.05364,0.0619411,0.129281,-2.18949
-0.103761,372.279,0.000217333,-1.91227,0.066725,0.215273,-2.13443
-0.103761,372.279,0.000217778,-1.76336,0.0734882,0.304346,-2.07512
-0.103761,372.279,0.000218222,-1.60748,0.0822471,0.394147,-2.00979
-0.103761,372.279,0.000218667,-1.44526,0.0929645,0.482285,-1.93668
-0.103761,372.279,0.000219111,-1.27734,0.105551,0.566382,-1.85405
-0.103761,372.279,0.000219556,-1.10437,0.119865,0.644125,-1.76023
-0.103761,372.279,0.00022,-0.927051,0.135716,0.713311,-1.65368
-0.103761,372.279,0.000220444,-0.74607,0.152869,0.771895,-1.53304
-0.103761,372.279,0.000220889,-0.562144,0.171048,0.818031,-1.39716
-0.103761,372.279,0.000221333,-0.376,0.189939,0.850113,-1.24512
-0.103761,372.279,0.000221778,-0.188372,0.209201,0.866807,-1.07628
-0.103761,372.279,0.000222222,-3.67382e-015,0.22847,0.867081,-0.890326
-0.103761,372.279,0.000222667,0.188372,0.247364,0.850228,-0.687242
-0.103761,372.279,0.000223111,0.376,0.265494,0.815877,-0.467363
-0.103761,372.279,0.000223556,0.562144,0.282473,0.764012,-0.231368
-0.103761,372.279,0.000224,0.74607,0.297916,0.694965,0.0197192
-0.103761,372.279,0.000224444,0.927051,0.311459,0.609416,0.284534
-0.103761,372.279,0.000224889,1.10437,0.322756,0.508381,0.561386
-0.103761,372.279,0.000225333,1.27734,0.331494,0.393196,0.84828
-0.103761,372.279,0.000225778,1.44526,0.337394,0.265487,1.14294
-0.103761,372.279,0.000226222,1.60748,0.340219,0.127146,1.44285
-0.103761,372.279,0.000226667,1.76336,0.339781,-0.0197099,1.74526
-0.103761,372.279,0.000227111,1.91227,0.335942,-0.172773,2.04729
-0.103761,372.279,0.000227556,2.05364,0.328617,-0.329591,2.34591
-0.103761,372.279,0.000228,2.18691,0.317781,-0.487617,2.63801
-0.103761,372.279,0.000228444,2.31154,0.303465,-0.644252,2.92048
-0.103761,372.279,0.000228889,2.42705,0.285756,-0.796896,3.19023
-0.103761,372.279,0.000229333,2.53298,0.2648,-0.943001,3.44423
-0.103761,372.279,0.000229778,2.62892,0.240798,-1.08011,3.67961
-0.103761,372.279,0.000230222,2.71448,0.213999,-1.20593,3.89365
-0.103761,372.279,0.000230667,2.78933,0.184703,-1.31832,4.08388
-0.103761,372.279,0.000231111,2.85317,0.15325,-1.41541,4.24806
-0.103761,372.279,0.000231556,2.90575,0.120015,-1.49556,4.38428
-0.103761,372.279,0.000232,2.94686,0.0854055,-1.55743,4.49096
-0.103761,372.279,0.000232444,2.97634,0.0498495,-1.60002,4.56688
-0.103761,372.279,0.000232889,2.99408,0.0137907,-1.62264,4.61119
-0.103761,372.279,0.000233333,3,-0.0223199,-1.62498,4.62344
-0.103761,372.279,0.000233778,2.99408,-0.058032,-1.60704,4.6036
-0.103761,372.279,0.000234222,2.97634,-0.0929037,-1.56923,4.55202
-0.103761,372.279,0.000234667,2.94686,-0.126509,-1.51225,4.46944
-0.103761,372.279,0.000235111,2.90575,-0.158447,-1.43718,4.35699
-0.103761,372.279,0.000235556,2.85317,-0.188344,-1.34537,4.21614
-0.103761,372.279,0.000236,2.78933,-0.215865,-1.23847,4.04873
-0.103761,372.279,0.000236444,2.71448,-0.240718,-1.11838,3.85685
-0.103761,372.279,0.000236889,2.62892,-0.262656,-0.987209,3.64288
-0.103761,372.279,0.000237333,2.53298,-0.281484,-0.847236,3.4094
-0.103761,372.279,0.000237778,2.42705,-0.297059,-0.700869,3.1592
-0.103761,372.279,0.000238222,2.31154,-0.309294,-0.550597,2.89514
-0.103761,372.279,0.000238667,2.18691,-0.31816,-0.398944,2.62022
-0.103761,372.279,0.000239111,2.05364,-0.32368,-0.248415,2.33741
-0.103761,372.279,0.000239556,1.91227,-0.325934,-0.101455,2.04969
-0.103761,372.279,0.00024,1.76336,-0.325054,0.0395986,1.75997
-0.103761,372.279,0.000240444,1.60748,-0.32122,0.172563,1.47103
-0.103761,372.279,0.000240889,1.44526,-0.314654,0.295446,1.18551
-0.103761,372.279,0.000241333,1.27734,-0.305621,0.406486,0.905813
-0.103761,372.279,0.000241778,1.10437,-0.294417,0.504181,0.63415
-0.103761,372.279,0.000242222,0.927051,-0.281366,0.587318,0.372446
-0.103761,372.279,0.000242667,0.74607,-0.26681,0.654989,0.122343
-0.103761,372.279,0.000243111,0.562144,-0.251108,0.706611,-0.114822
-0.103761,372.279,0.000243556,0.376,-0.234621,0.741929,-0.338029
-0.103761,372.279,0.000244,0.188372,-0.217709,0.761021,-0.54658
-0.103761,372.279,0.000244444,-6.61694e-015,-0.200725,0.764289,-0.7401
-0.103761,372.279,0.000244889,-0.188372,-0.184004,0.752453,-0.918522
-0.103761,372.279,0.000245333,-0.376,-0.167859,0.726526,-1.08208
-0.103761,372.279,0.000245778,-0.562144,-0.152574,0.687795,-1.23129
-0.103761,372.279,0.000246222,-0.74607,-0.138401,0.637793,-1.36691
-0.103761,372.279,0.000246667,-0.927051,-0.125551,0.57826,-1.48993
-0.103761,372.279,0.000247111,-1.10437,-0.114193,0.51111,-1.60153
-0.103761,372.279,0.000247556,-1.27734,-0.104451,0.438389,-1.70304
-0.103761,372.279,0.000248,-1.44526,-0.0964014,0.362228,-1.79588
-0.103761,372.279,0.000248444,-1.60748,-0.0900724,0.284805,-1.88157
-0.103761,372.279,0.000248889,-1.76336,-0.0854437,0.208291,-1.96164
-0.103761,372.279,0.000249333,-1.91227,-0.082448,0.13481,-2.03759
-0.103761,372.279,0.000249778,-2.05364,-0.0809725,0.0663949,-2.11088
-0.103761,372.279,0.000250222,-2.18691,-0.0808627,0.00494195,-2.18285
-0.103761,372.279,0.000250667,-2.31154,-0.0819255,-0.0478261,-2.25473
-0.103761,372.279,0.000251111,-2.42705,-0.0839343,-0.0903967,-2.32755
-0.103761,372.279,0.000251556,-2.53298,-0.0866343,-0.121498,-2.40216
-0.103761,372.279,0.000252,-2.62892,-0.0897482,-0.140126,-2.47917
-0.103761,372.279,0.000252444,-2.71448,-0.092983,-0.145565,-2.55894
-0.103761,372.279,0.000252889,-2.78933,-0.0960363,-0.137402,-2.6416
-0.103761,372.279,0.000253333,-2.85317,-0.0986038,-0.115538,-2.72696
-0.103761,372.279,0.000253778,-2.90575,-0.100386,-0.0801843,-2.81461
-0.103761,372.279,0.000254222,-2.94686,-0.101094,-0.0318669,-2.90384
-0.103761,372.279,0.000254667,-2.97634,-0.100459,0.0285907,-2.9937
-0.103761,372.279,0.000255111,-2.99408,-0.0982345,0.10008,-3.083
-0.103761,372.279,0.000255556,-3,-0.0942071,0.181233,-3.17032
-0.103761,372.279,0.000256,-2.99408,-0.0881972,0.270445,-3.25406
-0.103761,372.279,0.000256444,-2.97634,-0.0800659,0.365911,-3.33246
-0.103761,372.279,0.000256889,-2.94686,-0.0697179,0.465659,-3.40362
-0.103761,372.279,0.000257333,-2.90575,-0.0571047,0.567593,-3.4656
-0.103761,372.279,0.000257778,-2.85317,-0.0422262,0.669532,-3.51636
-0.103761,372.279,0.000258222,-2.78933,-0.0251317,0.769253,-3.55389
-0.103761,372.279,0.000258667,-2.71448,-0.00591968,0.864541,-3.57623
-0.103761,372.279,0.000259111,-2.62892,0.0152632,0.953229,-3.58149
-0.103761,372.279,0.000259556,-2.53298,0.0382242,1.03324,-3.56792
-0.103761,372.279,0.00026,-2.42705,0.0627275,1.10265,-3.53395
-0.103761,372.279,0.000260444,-2.31154,0.0884982,1.15968,-3.47819
-0.103761,372.279,0.000260889,-2.18691,0.115227,1.20279,-3.39952
-0.103761,372.279,0.000261333,-2.05364,0.142575,1.23066,-3.2971
-0.103761,372.279,0.000261778,-1.91227,0.17018,1.24225,-3.17037
-0.103761,372.279,0.000262222,-1.76336,0.197665,1.23683,-3.0191
-0.103761,372.279,0.000262667,-1.60748,0.224642,1.21395,-2.84339
-0.103761,372.279,0.000263111,-1.44526,0.25072,1.17349,-2.64371
-0.103761,372.279,0.000263556,-1.27734,0.275512,1.11565,-2.42085
-0.103761,372.279,0.000264,-1.10437,0.298645,1.04096,-2.17595
-0.103761,372.279,0.000264444,-0.927051,0.319761,0.950255,-1.91049
-0.103761,372.279,0.000264889,-0.74607,0.338532,0.844657,-1.62626
-0.103761,372.279,0.000265333,-0.562144,0.354656,0.725581,-1.32534
-0.103761,372.279,0.000265778,-0.376,0.367871,0.594684,-1.01009
-0.103761,372.279,0.000266222,-0.188372,0.377956,0.453848,-0.683094
-0.103761,372.279,0.000266667,-4.40858e-015,0.384737,0.305137,-0.347133
-0.103761,372.279,0.00244444,1.94067e-013,0.264728,0.0091206,-0.0385123
-0.103761,372.279,0.00244489,0.188372,0.263887,-0.0378445,0.196802
-0.103761,372.279,0.00244533,0.376,0.262005,-0.0846896,0.431368
-0.103761,372.279,0.00244578,0.562144,0.259089,-0.13123,0.664262
-0.103761,372.279,0.00244622,0.74607,0.25515,-0.177282,0.894564
-0.103761,372.279,0.00244667,0.927051,0.250202,-0.222662,1.12136
-0.103761,372.279,0.00244711,1.10437,0.244264,-0.267191,1.34376
-0.103761,372.279,0.00244756,1.27734,0.23736,-0.310691,1.56089
-0.103761,372.279,0.002448,1.44526,0.229516,-0.352987,1.77187
-0.103761,372.279,0.00244844,1.60748,0.220762,-0.39391,1.97589
-0.103761,372.279,0.00244889,1.76336,0.211133,-0.433295,2.17212
-0.103761,372.279,0.00244933,1.91227,0.200667,-0.470983,2.3598
-0.103761,372.279,0.00244978,2.05364,0.189404,-0.506821,2.53817
-0.103761,372.279,0.00245022,2.18691,0.17739,-0.540665,2.70653
-0.103761,372.279,0.00245067,2.31154,0.16467,-0.572375,2.86421
-0.103761,372.279,0.00245111,2.42705,0.151296,-0.601824,3.01058
-0.103761,372.279,0.00245156,2.53298,0.137321,-0.628891,3.14506
-0.103761,372.279,0.002452,2.62892,0.122799,-0.653465,3.26713
-0.103761,372.279,0.00245244,2.71448,0.107789,-0.675445,3.37628
-0.103761,372.279,0.00245289,2.78933,0.0923508,-0.694742,3.47209
-0.103761,372.279,0.00245333,2.85317,0.0765446,-0.711276,3.55418
-0.103761,372.279,0.00245378,2.90575,0.060434,-0.72498,3.62222
-0.103761,372.279,0.00245422,2.94686,0.044083,-0.735796,3.67594
-0.103761,372.279,0.00245467,2.97634,0.0275567,-0.743682,3.71513
-0.103761,372.279,0.00245511,2.99408,0.010921,-0.748605,3.73962
-0.103761,372.279,0.00245556,3,-0.00575773,-0.750544,3.74933
-0.103761,372.279,0.002456,2.99408,-0.0224131,-0.749493,3.74421
-0.103761,372.279,0.00245644,2.97634,-0.0389788,-0.745455,3.72429
-0.103761,372.279,0.00245689,2.94686,-0.0553888,-0.738449,3.68964
-0.103761,372.279,0.00245733,2.90575,-0.0715778,-0.728504,3.64041
-0.103761,372.279,0.00245778,2.85317,-0.0874813,-0.71566,3.57678
-0.103761,372.279,0.00245822,2.78933,-0.103036,-0.699972,3.49902
-0.103761,372.279,0.00245867,2.71448,-0.118181,-0.681504,3.40743
-0.103761,372.279,0.00245911,2.62892,-0.132855,-0.660333,3.30238
-0.103761,372.279,0.00245956,2.53298,-0.147,-0.636546,3.18429
-0.103761,372.279,0.00246,2.42705,-0.160561,-0.61024,3.05362
-0.103761,372.279,0.00246044,2.31154,-0.173484,-0.581523,2.9109
-0.103761,372.279,0.00246089,2.18691,-0.185718,-0.550513,2.7567
-0.103761,372.279,0.00246133,2.05364,-0.197214,-0.517336,2.59161
-0.103761,372.279,0.00246178,1.91227,-0.207928,-0.482127,2.41631
-0.103761,372.279,0.00246222,1.76336,-0.217817,-0.445028,2.23149
-0.103761,372.279,0.00246267,1.60748,-0.226844,-0.406189,2.03787
-0.103761,372.279,0.00246311,1.44526,-0.234972,-0.365767,1.83623
-0.103761,372.279,0.00246356,1.27734,-0.24217,-0.323923,1.62737
-0.103761,372.279,0.002464,1.10437,-0.248411,-0.280825,1.41211
-0.103761,372.279,0.00246444,0.927051,-0.25367,-0.236644,1.1913
-0.103761,372.279,0.00246489,0.74607,-0.257926,-0.191557,0.965812
-0.103761,372.279,0.00246533,0.562144,-0.261165,-0.145742,0.736545
-0.103761,372.279,0.00246578,0.376,-0.263374,-0.0993798,0.504398
-0.103761,372.279,0.00246622,0.188372,-0.264544,-0.0526528,0.270288
-0.103761,372.279,0.00246667,8.80497e-015,-0.264671,-0.00574449,0.0351382
-0.103761,372.279,0.00246711,-0.188372,-0.263757,0.0411615,-0.200125
-0.103761,372.279,0.00246756,-0.376,-0.261804,0.0878819,-0.434575
-0.103761,372.279,0.002468,-0.562144,-0.258821,0.134235,-0.66729
-0.103761,372.279,0.00246844,-0.74607,-0.25482,0.180041,-0.897352
-0.103761,372.279,0.00246889,-0.927051,-0.249817,0.225121,-1.12386
-0.103761,372.279,0.00246933,-1.10437,-0.243833,0.269302,-1.34592
-0.103761,372.279,0.00246978,-1.27734,-0.23689,0.312413,-1.56266
-0.103761,372.279,0.00247022,-1.44526,-0.229017,0.354287,-1.77323
-0.103761,372.279,0.00247067,-1.60748,-0.220244,0.394764,-1.9768
-0.103761,372.279,0.00247111,-1.76336,-0.210607,0.433687,-2.17257
-0.103761,372.279,0.00247156,-1.91227,-0.200142,0.470906,-2.35978
-0.103761,372.279,0.002472,-2.05364,-0.188892,0.506278,-2.53768
-0.103761,372.279,0.00247244,-2.18691,-0.176899,0.539667,-2.70559
-0.103761,372.279,0.00247289,-2.31154,-0.164211,0.570944,-2.86283
-0.103761,372.279,0.00247333,-2.42705,-0.150878,0.599989,-3.00879
-0.103761,372.279,0.00247378,-2.53298,-0.136952,0.626689,-3.14291
-0.103761,372.279,0.00247422,-2.62892,-0.122487,0.650941,-3.26464
-0.103761,372.279,0.00247467,-2.71448,-0.107539,0.672649,-3.37352
-0.103761,372.279,0.00247511,-2.78933,-0.0921671,0.69173,-3.46911
-0.103761,372.279,0.00247556,-2.85317,-0.0764313,0.708108,-3.55104
-0.103761,372.279,0.002476,-2.90575,-0.0603931,0.721719,-3.61898
-0.103761,372.279,0.00247644,-2.94686,-0.0441152,0.732507,-3.67266
-0.103761,372.279,0.00247689,-2.97634,-0.0276612,0.74043,-3.71187
-0.103761,372.279,0.00247733,-2.99408,-0.0110956,0.745453,-3.73646
-0.103761,372.279,0.00247778,-3,0.00551678,0.747556,-3.74632
-0.103761,372.279,0.00247822,-2.99408,0.0221107,0.746726,-3.74142
-0.103761,372.279,0.00247867,-2.97634,0.038621,0.742964,-3.72177
-0.103761,372.279,0.00247911,-2.94686,0.0549828,0.736282,-3.68744
-0.103761,372.279,0.00247956,-2.90575,0.0711318,0.726703,-3.63856
-0.103761,372.279,0.00248,-2.85317,0.0870042,0.71426,-3.57533
-0.103761,372.279,0.00248044,-2.78933,0.102538,0.699,-3.498
-0.103761,372.279,0.00248089,-2.71448,0.11767,0.680978,-3.40685
-0.103761,372.279,0.00248133,-2.62892,0.132343,0.660261,-3.30226
-0.103761,372.279,0.00248178,-2.53298,0.146497,0.636929,-3.18462
-0.103761,372.279,0.00248222,-2.42705,0.160076,0.61107,-3.0544
-0.103761,372.279,0.00248267,-2.31154,0.173027,0.582782,-2.91211
-0.103761,372.279,0.00248311,-2.18691,0.185297,0.552176,-2.75831
-0.103761,372.279,0.00248356,-2.05364,0.196839,0.519368,-2.5936
-0.103761,372.279,0.002484,-1.91227,0.207605,0.484487,-2.41863
-0.103761,372.279,0.00248444,-1.76336,0.217554,0.447669,-2.23409
-0.103761,372.279,0.00248489,-1.60748,0.226644,0.409058,-2.04071
-0.103761,372.279,0.00248533,-1.44526,0.234839,0.368806,-1.83925
-0.103761,372.279,0.00248578,-1.27734,0.242108,0.327072,-1.6305
-0.103761,372.279,0.00248622,-1.10437,0.248419,0.284022,-1.4153
-0.103761,372.279,0.00248667,-0.927051,0.253749,0.239826,-1.19448
-0.103761,372.279,0.00248711,-0.74607,0.258075,0.194661,-0.968925
-0.103761,372.279,0.00248756,-0.562144,0.261379,0.148707,-0.739525
-0.103761,372.279,0.002488,-0.376,0.263649,0.102147,-0.507188
-0.103761,372.279,0.00248844,-0.188372,0.264875,0.0551677,-0.272834
-0.103761,372.279,0.00248889,-4.11468e-014,0.265052,0.00795857,-0.0373891
-0.103761,372.279,0.00248933,0.188372,0.264179,-0.0392912,0.198213
-0.103761,372.279,0.00248978,0.376,0.262259,-0.0863916,0.433038
-0.103761,372.279,0.00249022,0.562144,0.2593,-0.133153,0.666157
-0.103761,372.279,0.00249067,0.74607,0.255314,-0.179388,0.896646
-0.103761,372.279,0.00249111,0.927051,0.250316,-0.224909,1.12359
-0.103761,372.279,0.00249156,1.10437,0.244326,-0.269533,1.34609
-0.103761,372.279,0.002492,1.27734,0.237369,-0.313082,1.56327
-0.103761,372.279,0.00249244,1.44526,0.229471,-0.355381,1.77427
-0.103761,372.279,0.00249289,1.60748,0.220666,-0.396258,1.97824
-0.103761,372.279,0.00249333,1.76336,0.210987,-0.435552,2.17439
-0.103761,372.279,0.00249378,1.91227,0.200473,-0.473104,2.36193
-0.103761,372.279,0.00249422,2.05364,0.189167,-0.508764,2.54013
-0.103761,372.279,0.00249467,2.18691,0.177114,-0.542392,2.70828
-0.103761,372.279,0.00249511,2.31154,0.164362,-0.573854,2.86571
-0.103761,372.279,0.00249556,2.42705,0.150961,-0.603025,3.01181
-0.103761,372.279,0.002496,2.53298,0.136966,-0.629791,3.146
-0.103761,372.279,0.00249644,2.62892,0.122432,-0.654048,3.26775
-0.103761,372.279,0.00249689,2.71448,0.107416,-0.6757,3.37658
-0.103761,372.279,0.00249733,2.78933,0.091979,-0.694664,3.47206
-0.103761,372.279,0.00249778,2.85317,0.076182,-0.710868,3.55382
-0.103761,372.279,0.00249822,2.90575,0.0600875,-0.72425,3.62153
-0.103761,372.279,0.00249867,2.94686,0.0437595,-0.73476,3.67495
-0.103761,372.279,0.00249911,2.97634,0.0272626,-0.742361,3.71384
-0.103761,372.279,0.00249956,2.99408,0.010662,-0.747025,3.73808
-0.103761,372.279,0.0025,3,-0.00597659,-0.748738,3.74755
-0.103761,372.279,0.00250044,2.99408,-0.0225876,-0.747497,3.74224
-0.103761,372.279,0.00250089,2.97634,-0.0391056,-0.743309,3.72216
-0.103761,372.279,0.00250133,2.94686,-0.0554655,-0.736196,3.6874
-0.103761,372.279,0.00250178,2.90575,-0.071603,-0.726188,3.6381
-0.103761,372.279,0.00250222,2.85317,-0.0874548,-0.713327,3.57445
-0.103761,372.279,0.00250267,2.78933,-0.102959,-0.697669,3.49672
-0.103761,372.279,0.00250311,2.71448,-0.118054,-0.679276,3.4052
-0.103761,372.279,0.00250356,2.62892,-0.132681,-0.658223,3.30026
-0.103761,372.279,0.002504,2.53298,-0.146783,-0.634596,3.18232
-0.103761,372.279,0.00250444,2.42705,-0.160305,-0.608488,3.05185
-0.103761,372.279,0.00250489,2.31154,-0.173194,-0.580004,2.90936
-0.103761,372.279,0.00250533,2.18691,-0.185399,-0.549255,2.75541
-0.103761,372.279,0.00250578,2.05364,-0.196874,-0.516364,2.59061
-0.103761,372.279,0.00250622,1.91227,-0.207573,-0.481459,2.41561
-0.103761,372.279,0.00250667,1.76336,-0.217455,-0.444677,2.2311
-0.103761,372.279,0.00250711,1.60748,-0.226481,-0.406161,2.0378
-0.103761,372.279,0.00250756,1.44526,-0.234616,-0.366061,1.83649
-0.103761,372.279,0.002508,1.27734,-0.241827,-0.324534,1.62794
-0.103761,372.279,0.00250844,1.10437,-0.248088,-0.281739,1.41298
-0.103761,372.279,0.00250889,0.927051,-0.253374,-0.237843,1.19246
-0.103761,372.279,0.00250933,0.74607,-0.257663,-0.193016,0.967238
-0.103761,372.279,0.00250978,0.562144,-0.260939,-0.147432,0.738205
-0.103761,372.279,0.00251022,0.376,-0.263189,-0.101266,0.506259
-0.103761,372.279,0.00251067,0.188372,-0.264405,-0.0546977,0.272313
-0.103761,372.279,0.00251111,-9.70417e-014,-0.264581,-0.00790758,0.0372859
-0.103761,372.279,0.00251156,-0.188372,-0.263716,0.0389232,-0.197897
-0.103761,372.279,0.002512,-0.376,-0.261813,0.085613,-0.432311
-0.103761,372.279,0.00251244,-0.562144,-0.25888,0.13198,-0.665034
-0.103761,372.279,0.00251289,-0.74607,-0.254928,0.177845,-0.89515
-0.103761,372.279,0.00251333,-0.927051,-0.249972,0.223027,-1.12175
-0.103761,372.279,0.00251378,-1.10437,-0.244031,0.267351,-1.34395
-0.103761,372.279,0.00251422,-1.27734,-0.237128,0.310643,-1.56087
-0.103761,372.279,0.00251467,-1.44526,-0.229289,0.352733,-1.77165
-0.103761,372.279,0.00251511,-1.60748,-0.220546,0.393456,-1.97546
-0.103761,372.279,0.00251556,-1.76336,-0.210931,0.432649,-2.1715
-0.103761,372.279,0.002516,-1.91227,-0.200483,0.470159,-2.35899
-0.103761,372.279,0.00251644,-2.05364,-0.189243,0.505837,-2.5372
-0.103761,372.279,0.00251689,-2.18691,-0.177253,0.539539,-2.70542
-0.103761,372.279,0.00251733,-2.31154,-0.164561,0.571131,-2.86298
-0.103761,372.279,0.00251778,-2.42705,-0.151217,0.600486,-3.00925
-0.103761,372.279,0.00251822,-2.53298,-0.137273,0.627485,-3.14367
-0.103761,372.279,0.00251867,-2.62892,-0.122783,0.65202,-3.26569
-0.103761,372.279,0.00251911,-2.71448,-0.107806,0.67399,-3.37483
-0.103761,372.279,0.00251956,-2.78933,-0.0923991,0.693305,-3.47066
-0.103761,372.279,0.00252,-2.85317,-0.0766239,0.709885,-3.55279
-0.103761,372.279,0.00252044,-2.90575,-0.0605425,0.723663,-3.6209
-0.103761,372.279,0.00252089,-2.94686,-0.0442185,0.734579,-3.67471
-0.103761,372.279,0.00252133,-2.97634,-0.0277165,0.742588,-3.71402
-0.103761,372.279,0.00252178,-2.99408,-0.011102,0.747656,-3.73866
-0.103761,372.279,0.00252222,-3,0.00555932,0.749758,-3.74852
-0.103761,372.279,0.00252267,-2.99408,0.0222012,0.748885,-3.74358
-0.103761,372.279,0.00252311,-2.97634,0.0387576,0.745038,-3.72385
-0.103761,372.279,0.00252356,-2.94686,0.0551627,0.738229,-3.6894
-0.103761,372.279,0.002524,-2.90575,0.0713513,0.728485,-3.64036
-0.103761,372.279,0.00252444,-2.85317,0.0872589,0.715843,-3.57694
-0.103761,372.279,0.00252489,-2.78933,0.102822,0.700352,-3.49938
-0.103761,372.279,0.00252533,-2.71448,0.117979,0.682074,-3.40798
-0.103761,372.279,0.00252578,-2.62892,0.13267,0.66108,-3.30311
-0.103761,372.279,0.00252622,-2.53298,0.146836,0.637455,-3.18518
-0.103761,372.279,0.00252667,-2.42705,0.16042,0.611293,-3.05466
-0.103761,372.279,0.00252711,-2.31154,0.173369,0.582699,-2.91206
-0.103761,372.279,0.00252756,-2.18691,0.185631,0.551789,-2.75796
-0.103761,372.279,0.002528,-2.05364,0.197157,0.518686,-2.59295
-0.103761,372.279,0.00252844,-1.91227,0.207902,0.483523,-2.4177
-0.103761,372.279,0.00252889,-1.76336,0.217823,0.446444,-2.2329
-0.103761,372.279,0.00252933,-1.60748,0.226881,0.407596,-2.03928
-0.103761,372.279,0.00252978,-1.44526,0.23504,0.367137,-1.83761
-0.103761,372.279,0.00253022,-1.27734,0.242267,0.32523,-1.62868
-0.103761,372.279,0.00253067,-1.10437,0.248534,0.282043,-1.41333
-0.103761,372.279,0.00253111,-0.927051,0.253818,0.237749,-1.19242
-0.103761,372.279,0.00253156,-0.74607,0.258096,0.192528,-0.966799
-0.103761,372.279,0.002532,-0.562144,0.261353,0.146559,-0.737381
-0.103761,372.279,0.00253244,-0.376,0.263576,0.100028,-0.505067
-0.103761,372.279,0.00253289,-0.188372,0.264756,0.0531194,-0.270777
-0.103761,372.279,0.00253333,6.46999e-014,0.26489,0.00602083,-0.0354382
-0.103761,372.279,0.00253378,0.188372,0.263977,-0.0410803,0.20002
-0.103761,372.279,0.00253422,0.376,0.262022,-0.0879972,0.434666
-0.103761,372.279,0.00253467,0.562144,0.259032,-0.134544,0.667574
-0.103761,372.279,0.00253511,0.74607,0.25502,-0.180536,0.897825
-0.103761,372.279,0.00253556,0.927051,0.250002,-0.225794,1.12451
-0.103761,372.279,0.002536,1.10437,0.243999,-0.270138,1.34673
-0.103761,372.279,0.00253644,1.27734,0.237035,-0.313395,1.56362
-0.103761,372.279,0.00253689,1.44526,0.229137,-0.355396,1.77432
-0.103761,372.279,0.00253733,1.60748,0.220338,-0.395976,1.978
-0.103761,372.279,0.00253778,1.76336,0.210672,-0.434979,2.17385
-0.103761,372.279,0.00253822,1.91227,0.200177,-0.472252,2.36112
-0.103761,372.279,0.00253867,2.05364,0.188896,-0.507652,2.53905
-0.103761,372.279,0.00253911,2.18691,0.176873,-0.541041,2.70696
-0.103761,372.279,0.00253956,2.31154,0.164155,-0.572292,2.86418
-0.103761,372.279,0.00254,2.42705,0.150793,-0.601283,3.01009
-0.103761,372.279,0.00254044,2.53298,0.13684,-0.627904,3.14413
-0.103761,372.279,0.00254089,2.62892,0.12235,-0.652053,3.26577
-0.103761,372.279,0.00254133,2.71448,0.10738,-0.673637,3.37452
-0.103761,372.279,0.00254178,2.78933,0.0919895,-0.692575,3.46997
-0.103761,372.279,0.00254222,2.85317,0.0762386,-0.708793,3.55174
-0.103761,372.279,0.00254267,2.90575,0.060189,-0.722231,3.61951
-0.103761,372.279,0.00254311,2.94686,0.0439038,-0.732836,3.67301
-0.103761,372.279,0.00254356,2.97634,0.0274466,-0.74057,3.71204
-0.103761,372.279,0.002544,2.99408,0.0108821,-0.745403,3.73643
-0.103761,372.279,0.00254444,3,-0.00572487,-0.747315,3.74611
-0.103761,372.279,0.00254489,2.99408,-0.0223093,-0.746301,3.74102
-0.103761,372.279,0.00254533,2.97634,-0.0388063,-0.742364,3.72119
-0.103761,372.279,0.00254578,2.94686,-0.0551512,-0.735519,3.68669
-0.103761,372.279,0.00254622,2.90575,-0.0712799,-0.725792,3.63767
-0.103761,372.279,0.00254667,2.85317,-0.0871292,-0.71322,3.57431
-0.103761,372.279,0.00254711,2.78933,-0.102637,-0.697851,3.49686
-0.103761,372.279,0.00254756,2.71448,-0.117742,-0.679743,3.40563
-0.103761,372.279,0.002548,2.62892,-0.132386,-0.658966,3.30097
-0.103761,372.279,0.00254844,2.53298,-0.14651,-0.635598,3.18329
-0.103761,372.279,0.00254889,2.42705,-0.16006,-0.60973,3.05306
-0.103761,372.279,0.00254933,2.31154,-0.172981,-0.58146,2.91078
-0.103761,372.279,0.00254978,2.18691,-0.185224,-0.550897,2.75702
-0.103761,372.279,0.00255022,2.05364,-0.196738,-0.518158,2.59238
-0.103761,372.279,0.00255067,1.91227,-0.20748,-0.48337,2.4175
-0.103761,372.279,0.00255111,1.76336,-0.217406,-0.446666,2.23308
-0.103761,372.279,0.00255156,1.60748,-0.226477,-0.408189,2.03983
-0.103761,372.279,0.002552,1.44526,-0.234656,-0.368088,1.83851
-0.103761,372.279,0.00255244,1.27734,-0.241912,-0.326519,1.62993
-0.103761,372.279,0.00255289,1.10437,-0.248215,-0.283644,1.4149
-0.103761,372.279,0.00255333,0.927051,-0.253541,-0.239631,1.19426
-0.103761,372.279,0.00255378,0.74607,-0.257866,-0.194651,0.968892
-0.103761,372.279,0.00255422,0.562144,-0.261175,-0.148881,0.739677
-0.103761,372.279,0.00255467,0.376,-0.263452,-0.102503,0.507522
-0.103761,372.279,0.00255511,0.188372,-0.26469,-0.055698,0.273342
-0.103761,372.279,0.00255556,-3.23581e-014,-0.264882,-0.0086518,0.0380618
-0.103761,372.279,0.002556,-0.188372,-0.264028,0.0384491,-0.197389
-0.103761,372.279,0.00255644,-0.376,-0.26213,0.0854176,-0.432081
-0.103761,372.279,0.00255689,-0.562144,-0.259195,0.132067,-0.665085
-0.103761,372.279,0.00255733,-0.74607,-0.255235,0.178211,-0.895481
-0.103761,372.279,0.00255778,-0.927051,-0.250264,0.223665,-1.12236
-0.103761,372.279,0.00255822,-1.10437,-0.244303,0.268247,-1.34481
-0.103761,372.279,0.00255867,-1.27734,-0.237375,0.311779,-1.56197
-0.103761,372.279,0.00255911,-1.44526,-0.229506,0.354086,-1.77297
-0.103761,372.279,0.00255956,-1.60748,-0.220729,0.394998,-1.97698
-0.103761,372.279,0.00256,-1.76336,-0.211076,0.434351,-2.17318
-0.103761,372.279,0.00256044,-1.91227,-0.200588,0.471986,-2.3608
-0.103761,372.279,0.00256089,-2.05364,-0.189305,0.507751,-2.53911
-0.103761,372.279,0.00256133,-2.18691,-0.177271,0.541504,-2.70738
-0.103761,372.279,0.00256178,-2.31154,-0.164535,0.573107,-2.86495
-0.103761,372.279,0.00256222,-2.42705,-0.151148,0.602435,-3.0112
-0.103761,372.279,0.00256267,-2.53298,-0.137162,0.629368,-3.14556
-0.103761,372.279,0.00256311,-2.62892,-0.122633,0.6538,-3.26748
-0.103761,372.279,0.00256356,-2.71448,-0.107619,0.675631,-3.37649
-0.103761,372.279,0.002564,-2.78933,-0.0921796,0.694776,-3.47215
-0.103761,372.279,0.00256444,-2.85317,-0.0763761,0.711158,-3.55409
-0.103761,372.279,0.00256489,-2.90575,-0.0602714,0.724712,-3.62198
-0.103761,372.279,0.00256533,-2.94686,-0.0439295,0.735385,-3.67555
-0.103761,372.279,0.00256578,-2.97634,-0.0274154,0.743135,-3.7146
-0.103761,372.279,0.00256622,-2.99408,-0.0107947,0.747934,-3.73897
-0.103761,372.279,0.00256667,-3,0.00586673,0.749762,-3.74856
-0.103761,372.279,0.00256711,-2.99408,0.0225026,0.748616,-3.74335
-0.103761,372.279,0.00256756,-2.97634,0.0390471,0.744501,-3.72335
-0.103761,372.279,0.002568,-2.94686,0.0554346,0.737437,-3.68864
-0.103761,372.279,0.00256844,-2.90575,0.0716002,0.727453,-3.63936
-0.103761,372.279,0.00256889,-2.85317,0.08748,0.714592,-3.57572
-0.103761,372.279,0.00256933,-2.78933,0.103011,0.698908,-3.49796
-0.103761,372.279,0.00256978,-2.71448,0.118133,0.680465,-3.40639
-0.103761,372.279,0.00257022,-2.62892,0.132785,0.659339,-3.30138
-0.103761,372.279,0.00257067,-2.53298,0.14691,0.635616,-3.18335
-0.103761,372.279,0.00257111,-2.42705,0.160452,0.609393,-3.05277
-0.103761,372.279,0.00257156,-2.31154,0.173358,0.580776,-2.91014
-0.103761,372.279,0.002572,-2.18691,0.185577,0.54988,-2.75605
-0.103761,372.279,0.00257244,-2.05364,0.197062,0.516829,-2.59109
-0.103761,372.279,0.00257289,-1.91227,0.207768,0.481756,-2.41592
-0.103761,372.279,0.00257333,-1.76336,0.217653,0.4448,-2.23124
-0.103761,372.279,0.00257378,-1.60748,0.226677,0.406108,-2.03777
-0.103761,372.279,0.00257422,-1.44526,0.234807,0.365834,-1.83628
-0.103761,372.279,0.00257467,-1.27734,0.24201,0.324137,-1.62756
-0.103761,372.279,0.00257511,-1.10437,0.248258,0.281181,-1.41244
-0.103761,372.279,0.00257556,-0.927051,0.253528,0.237135,-1.19177
-0.103761,372.279,0.002576,-0.74607,0.257798,0.192173,-0.966412
-0.103761,372.279,0.00257644,-0.562144,0.261053,0.14647,-0.737258
-0.103761,372.279,0.00257689,-0.376,0.26328,0.100205,-0.50521
-0.103761,372.279,0.00257733,-0.188372,0.26447,0.0535587,-0.271184
-0.103761,372.279,0.00257778,1.70547e-013,0.26462,0.00671326,-0.0360989
-0.103761,372.279,0.00257822,0.188372,0.263727,-0.0401491,0.199119
-0.103761,372.279,0.00257867,0.376,0.261797,-0.0868461,0.433543
-0.103761,372.279,0.00257911,0.562144,0.258837,-0.133196,0.666252
-0.103761,372.279,0.00257956,0.74607,0.254859,-0.179019,0.896329
-0.103761,372.279,0.00258,0.927051,0.249878,-0.224138,1.12287
-0.103761,372.279,0.00258044,1.10437,0.243915,-0.268376,1.34499
-0.103761,372.279,0.00258089,1.27734,0.236991,-0.311562,1.5618
-0.103761,372.279,0.00258133,1.44526,0.229135,-0.353528,1.77246
-0.103761,372.279,0.00258178,1.60748,0.220377,-0.394111,1.97613
-0.103761,372.279,0.00258222,1.76336,0.210751,-0.433153,2.17202
-0.103761,372.279,0.00258267,1.91227,0.200296,-0.470502,2.35936
-0.103761,372.279,0.00258311,2.05364,0.189051,-0.506011,2.5374
-0.103761,372.279,0.00258356,2.18691,0.177061,-0.539542,2.70544
-0.103761,372.279,0.002584,2.31154,0.164373,-0.570964,2.86283
-0.103761,372.279,0.00258444,2.42705,0.151036,-0.600152,3.00894
-0.103761,372.279,0.00258489,2.53298,0.137103,-0.626992,3.14319
-0.103761,372.279,0.00258533,2.62892,0.122628,-0.651377,3.26506
-0.103761,372.279,0.00258578,2.71448,0.107668,-0.67321,3.37407
-0.103761,372.279,0.00258622,2.78933,0.0922811,-0.692404,3.46977
-0.103761,372.279,0.00258667,2.85317,0.0765281,-0.708882,3.5518
-0.103761,372.279,0.00258711,2.90575,0.0604709,-0.722577,3.61982
-0.103761,372.279,0.00258756,2.94686,0.0441724,-0.733432,3.67357
-0.103761,372.279,0.002588,2.97634,0.0276967,-0.741403,3.71284
-0.103761,372.279,0.00258844,2.99408,0.0111088,-0.746456,3.73746
-0.103761,372.279,0.00258889,3,-0.005526,-0.748567,3.74733
-0.103761,372.279,0.00258933,2.99408,-0.0221422,-0.747727,3.74242
-0.103761,372.279,0.00258978,2.97634,-0.038674,-0.743935,3.72274
-0.103761,372.279,0.00259022,2.94686,-0.0550563,-0.737203,3.68836
-0.103761,372.279,0.00259067,2.90575,-0.0712243,-0.727556,3.63942
-0.103761,372.279,0.00259111,2.85317,-0.0871138,-0.71503,3.57611
-0.103761,372.279,0.00259156,2.78933,-0.102662,-0.69967,3.49868
-0.103761,372.279,0.002592,2.71448,-0.117807,-0.681535,3.40742
-0.103761,372.279,0.00259244,2.62892,-0.132489,-0.660696,3.30271
-0.103761,372.279,0.00259289,2.53298,-0.14665,-0.637233,3.18494
-0.103761,372.279,0.00259333,2.42705,-0.160233,-0.611236,3.05458
-0.103761,372.279,0.00259378,2.31154,-0.173184,-0.582809,2.91215
-0.103761,372.279,0.00259422,2.18691,-0.185452,-0.552062,2.75821
-0.103761,372.279,0.00259467,2.05364,-0.196988,-0.519117,2.59336
-0.103761,372.279,0.00259511,1.91227,-0.207746,-0.484104,2.41826
-0.103761,372.279,0.00259556,1.76336,-0.217683,-0.447161,2.2336
-0.103761,372.279,0.002596,1.60748,-0.22676,-0.408436,2.0401
-0.103761,372.279,0.00259644,1.44526,-0.234939,-0.368083,1.83854
-0.103761,372.279,0.00259689,1.27734,-0.242189,-0.326262,1.6297
-0.103761,372.279,0.00259733,1.10437,-0.248481,-0.283142,1.41443
-0.103761,372.279,0.00259778,0.927051,-0.25379,-0.238893,1.19355
-0.103761,372.279,0.00259822,0.74607,-0.258094,-0.193693,0.967962
-0.103761,372.279,0.00259867,0.562144,-0.261377,-0.147723,0.738544
-0.103761,372.279,0.00259911,0.376,-0.263625,-0.101167,0.506209
-0.103761,372.279,0.00259956,0.188372,-0.26483,-0.0542119,0.271875
-0.103761,372.279,0.0026,-1.38205e-013,-0.264987,-0.0070451,0.0364707
-0.103761,372.279,0.00260044,-0.188372,-0.264095,0.0401444,-0.199073
-0.103761,372.279,0.00260089,-0.376,-0.262157,0.0871679,-0.433824
-0.103761,372.279,0.00260133,-0.562144,-0.259183,0.133837,-0.666853
-0.103761,372.279,0.00260178,-0.74607,-0.255184,0.179966,-0.897238
-0.103761,372.279,0.00260222,-0.927051,-0.250176,0.225371,-1.12407
-0.103761,372.279,0.00260267,-1.10437,-0.244179,0.26987,-1.34645
-0.103761,372.279,0.00260311,-1.27734,-0.237217,0.313287,-1.56349
-0.103761,372.279,0.00260356,-1.44526,-0.229318,0.35545,-1.77435
-0.103761,372.279,0.002604,-1.60748,-0.220514,0.396191,-1.97819
-0.103761,372.279,0.00260444,-1.76336,-0.210839,0.43535,-2.1742
-0.103761,372.279,0.00260489,-1.91227,-0.200333,0.472771,-2.36162
-0.103761,372.279,0.00260533,-2.05364,-0.189037,0.508308,-2.53969
-0.103761,372.279,0.00260578,-2.18691,-0.176997,0.541822,-2.70772
-0.103761,372.279,0.00260622,-2.31154,-0.16426,0.573181,-2.86505
-0.103761,372.279,0.00260667,-2.42705,-0.150876,0.602263,-3.01106
-0.103761,372.279,0.00260711,-2.53298,-0.136899,0.628955,-3.14517
-0.103761,372.279,0.00260756,-2.62892,-0.122385,0.653154,-3.26686
-0.103761,372.279,0.002608,-2.71448,-0.10739,0.674767,-3.37565
-0.103761,372.279,0.00260844,-2.78933,-0.0919741,0.69371,-3.47111
-0.103761,372.279,0.00260889,-2.85317,-0.0761983,0.709912,-3.55286
-0.103761,372.279,0.00260933,-2.90575,-0.0601247,0.72331,-3.62059
-0.103761,372.279,0.00260978,-2.94686,-0.0438168,0.733856,-3.67404
-0.103761,372.279,0.00261022,-2.97634,-0.0273388,0.74151,-3.71299
-0.103761,372.279,0.00261067,-2.99408,-0.0107555,0.746244,-3.73729
-0.103761,372.279,0.00261111,-3,0.00586762,0.748043,-3.74685
-0.103761,372.279,0.00261156,-2.99408,0.0224654,0.7469,-3.74163
-0.103761,372.279,0.002612,-2.97634,0.0389726,0.742822,-3.72166
-0.103761,372.279,0.00261244,-2.94686,0.0553243,0.735828,-3.68702
-0.103761,372.279,0.00261289,-2.90575,0.0714564,0.725947,-3.63784
-0.103761,372.279,0.00261333,-2.85317,0.0873057,0.713217,-3.57433
-0.103761,372.279,0.00261378,-2.78933,0.10281,0.697691,-3.49672
-0.103761,372.279,0.00261422,-2.71448,0.117908,0.67943,-3.40533
-0.103761,372.279,0.00261467,-2.62892,0.132542,0.658506,-3.30053
-0.103761,372.279,0.00261511,-2.53298,0.146653,0.635001,-3.18271
-0.103761,372.279,0.00261556,-2.42705,0.160187,0.609008,-3.05235
-0.103761,372.279,0.002616,-2.31154,0.173089,0.580628,-2.90997
-0.103761,372.279,0.00261644,-2.18691,0.185311,0.549971,-2.75611
-0.103761,372.279,0.00261689,-2.05364,0.196803,0.517156,-2.59139
-0.103761,372.279,0.00261733,-1.91227,0.207521,0.482313,-2.41645
-0.103761,372.279,0.00261778,-1.76336,0.217423,0.445574,-2.23199
-0.103761,372.279,0.00261822,-1.60748,0.226469,0.407085,-2.03872
-0.103761,372.279,0.00261867,-1.44526,0.234625,0.366993,-1.83742
-0.103761,372.279,0.00261911,-1.27734,0.241857,0.325454,-1.62886
-0.103761,372.279,0.00261956,-1.10437,0.248138,0.282631,-1.41388
-0.103761,372.279,0.00262,-0.927051,0.253442,0.238689,-1.19331
-0.103761,372.279,0.00262044,-0.74607,0.257749,0.193799,-0.968029
-0.103761,372.279,0.00262089,-0.562144,0.261041,0.148137,-0.738919
-0.103761,372.279,0.00262133,-0.376,0.263305,0.101879,-0.506883
-0.103761,372.279,0.00262178,-0.188372,0.264531,0.0552071,-0.272835
-0.103761,372.279,0.00262222,1.05863e-013,0.264716,0.00830343,-0.0376958
-0.103761,372.279,0.00262267,0.188372,0.263857,-0.0386485,0.197607
-0.103761,372.279,0.00262311,0.376,0.261958,-0.0854645,0.432147
-0.103761,372.279,0.00262356,0.562144,0.259025,-0.131961,0.664998
-0.103761,372.279,0.002624,0.74607,0.255071,-0.177954,0.895243
-0.103761,372.279,0.00262444,0.927051,0.250109,-0.223263,1.12197
-0.103761,372.279,0.00262489,1.10437,0.24416,-0.267708,1.34429
-0.103761,372.279,0.00262533,1.27734,0.237247,-0.311114,1.56132
-0.103761,372.279,0.00262578,1.44526,0.229395,-0.353309,1.77221
-0.103761,372.279,0.00262622,1.60748,0.220637,-0.394124,1.97612
-0.103761,372.279,0.00262667,1.76336,0.211006,-0.433398,2.17224
-0.103761,372.279,0.00262711,1.91227,0.20054,-0.470972,2.3598
-0.103761,372.279,0.00262756,2.05364,0.18928,-0.506698,2.53806
-0.103761,372.279,0.002628,2.18691,0.17727,-0.540431,2.70631
-0.103761,372.279,0.00262844,2.31154,0.164559,-0.572036,2.86388
-0.103761,372.279,0.00262889,2.42705,0.151194,-0.601387,3.01015
-0.103761,372.279,0.00262933,2.53298,0.137231,-0.628364,3.14455
-0.103761,372.279,0.00262978,2.62892,0.122723,-0.652859,3.26653
-0.103761,372.279,0.00263022,2.71448,0.107728,-0.674773,3.37562
-0.103761,372.279,0.00263067,2.78933,0.0923052,-0.694017,3.47138
-0.103761,372.279,0.00263111,2.85317,0.076516,-0.710512,3.55343
-0.103761,372.279,0.00263156,2.90575,0.0604229,-0.724192,3.62144
-0.103761,372.279,0.002632,2.94686,0.0440895,-0.735001,3.67515
-0.103761,372.279,0.00263244,2.97634,0.0275808,-0.742894,3.71434
-0.103761,372.279,0.00263289,2.99408,0.0109621,-0.74784,3.73886
-0.103761,372.279,0.00263333,3,-0.00570052,-0.749818,3.7486
-0.103761,372.279,0.00263378,2.99408,-0.0223409,-0.748819,3.74353
-0.103761,372.279,0.00263422,2.97634,-0.0388931,-0.744848,3.72367
-0.103761,372.279,0.00263467,2.94686,-0.0552913,-0.737919,3.6891
-0.103761,372.279,0.00263511,2.90575,-0.0714705,-0.728062,3.63995
-0.103761,372.279,0.00263556,2.85317,-0.0873663,-0.715315,3.57643
-0.103761,372.279,0.002636,2.78933,-0.102916,-0.699729,3.49877
-0.103761,372.279,0.00263644,2.71448,-0.118057,-0.681369,3.40729
-0.103761,372.279,0.00263689,2.62892,-0.132731,-0.660308,3.30235
-0.103761,372.279,0.00263733,2.53298,-0.146878,-0.636631,3.18436
-0.103761,372.279,0.00263778,2.42705,-0.160443,-0.610433,3.0538
-0.103761,372.279,0.00263822,2.31154,-0.173373,-0.581821,2.91119
-0.103761,372.279,0.00263867,2.18691,-0.185615,-0.550909,2.75708
-0.103761,372.279,0.00263911,2.05364,-0.197122,-0.517822,2.59209
-0.103761,372.279,0.00263956,1.91227,-0.207849,-0.482693,2.41687
-0.103761,372.279,0.00264,1.76336,-0.217753,-0.445663,2.23211
-0.103761,372.279,0.00264044,1.60748,-0.226794,-0.40688,2.03855
-0.103761,372.279,0.00264089,1.44526,-0.234939,-0.366499,1.83696
-0.103761,372.279,0.00264133,1.27734,-0.242154,-0.324683,1.62813
-0.103761,372.279,0.00264178,1.10437,-0.248412,-0.281598,1.41288
-0.103761,372.279,0.00264222,0.927051,-0.253688,-0.237415,1.19207
-0.103761,372.279,0.00264267,0.74607,-0.257961,-0.19231,0.966567
-0.103761,372.279,0.00264311,0.562144,-0.261216,-0.146462,0.737268
-0.103761,372.279,0.00264356,0.376,-0.263439,-0.100053,0.505077
-0.103761,372.279,0.002644,0.188372,-0.264623,-0.0532659,0.270908
-0.103761,372.279,0.00264444,-2.44051e-013,-0.264763,-0.00628555,0.0356881
-0.103761,372.279,0.00264489,-0.188372,-0.263858,0.0407029,-0.199656
-0.103761,372.279,0.00264533,-0.376,-0.261913,0.0875148,-0.434197
-0.103761,372.279,0.00264578,-0.562144,-0.258936,0.133966,-0.667009
-0.103761,372.279,0.00264622,-0.74607,-0.254939,0.179875,-0.897174
-0.103761,372.279,0.00264667,-0.927051,-0.249938,0.225062,-1.12379
-0.103761,372.279,0.00264711,-1.10437,-0.243952,0.269351,-1.34595
-0.103761,372.279,0.00264756,-1.27734,-0.237006,0.312568,-1.5628
-0.103761,372.279,0.002648,-1.44526,-0.229127,0.354545,-1.77347
-0.103761,372.279,0.00264844,-1.60748,-0.220347,0.395119,-1.97714
-0.103761,372.279,0.00264889,-1.76336,-0.2107,0.434132,-2.173
-0.103761,372.279,0.00264933,-1.91227,-0.200223,0.471432,-2.36029
-0.103761,372.279,0.00264978,-2.05364,-0.188959,0.506875,-2.53827
-0.103761,372.279,0.00265022,-2.18691,-0.176952,0.540323,-2.70623
-0.103761,372.279,0.00265067,-2.31154,-0.164249,0.571646,-2.86352
-0.103761,372.279,0.00265111,-2.42705,-0.1509,0.600722,-3.00952
-0.103761,372.279,0.00265156,-2.53298,-0.136957,0.627439,-3.14366
-0.103761,372.279,0.002652,-2.62892,-0.122474,0.651693,-3.2654
-0.103761,372.279,0.00265244,-2.71448,-0.10751,0.673389,-3.37426
-0.103761,372.279,0.00265289,-2.78933,-0.0921227,0.692442,-3.46983
-0.103761,372.279,0.00265333,-2.85317,-0.076372,0.708779,-3.55171
-0.103761,372.279,0.00265378,-2.90575,-0.0603201,0.722335,-3.6196
-0.103761,372.279,0.00265422,-2.94686,-0.0440299,0.733058,-3.67322
-0.103761,372.279,0.00265467,-2.97634,-0.0275654,0.740903,-3.71235
-0.103761,372.279,0.00265511,-2.99408,-0.0109912,0.74584,-3.73686
-0.103761,372.279,0.00265556,-3,0.00562765,0.747849,-3.74663
-0.103761,372.279,0.002656,-2.99408,0.0222259,0.74692,-3.74162
-0.103761,372.279,0.00265644,-2.97634,0.0387382,0.743055,-3.72187
-0.103761,372.279,0.00265689,-2.94686,0.0550997,0.736269,-3.68743
-0.103761,372.279,0.00265733,-2.90575,0.0712461,0.726586,-3.63846
-0.103761,372.279,0.00265778,-2.85317,0.0871137,0.714042,-3.57513
-0.103761,372.279,0.00265822,-2.78933,0.10264,0.698684,-3.49769
-0.103761,372.279,0.00265867,-2.71448,0.117764,0.680572,-3.40646
-0.103761,372.279,0.00265911,-2.62892,0.132425,0.659774,-3.30178
-0.103761,372.279,0.00265956,-2.53298,0.146567,0.636369,-3.18407
-0.103761,372.279,0.00266,-2.42705,0.160133,0.610449,-3.05379
-0.103761,372.279,0.00266044,-2.31154,0.173068,0.582113,-2.91145
-0.103761,372.279,0.00266089,-2.18691,0.185323,0.551471,-2.75761
-0.103761,372.279,0.00266133,-2.05364,0.196849,0.518642,-2.59287
-0.103761,372.279,0.00266178,-1.91227,0.207599,0.483754,-2.4179
-0.103761,372.279,0.00266222,-1.76336,0.217531,0.446944,-2.23337
-0.103761,372.279,0.00266267,-1.60748,0.226605,0.408355,-2.04001
-0.103761,372.279,0.00266311,-1.44526,0.234786,0.368139,-1.83858
-0.103761,372.279,0.00266356,-1.27734,0.242041,0.326454,-1.62988
-0.103761,372.279,0.002664,-1.10437,0.24834,0.283465,-1.41473
-0.103761,372.279,0.00266444,-0.927051,0.253659,0.239341,-1.19399
-0.103761,372.279,0.00266489,-0.74607,0.257976,0.194257,-0.968511
-0.103761,372.279,0.00266533,-0.562144,0.261273,0.148392,-0.7392
-0.103761,372.279,0.00266578,-0.376,0.263538,0.101927,-0.506957
-0.103761,372.279,0.00266622,-0.188372,0.264761,0.055047,-0.272701
