Amp, Phaseshift, Time, Vd, Vr, VL, VC
-0.180381,372.342,0,0,0,0,0
-0.180381,372.342,3.27869e-007,0.188372,0.00308806,0.188372,0
-0.180381,372.342,6.55738e-007,0.376,0.00920136,0.372912,0.00202496
-0.180381,372.342,9.83607e-007,0.562144,0.0182328,0.550918,0.00805864
-0.180381,372.342,1.31148e-006,0.74607,0.0300324,0.719778,0.0200146
-0.180381,372.342,1.63934e-006,0.927051,0.0444096,0.877004,0.039708
-0.180381,372.342,1.96721e-006,1.10437,0.0611351,1.02026,0.068829
-0.180381,372.342,2.29508e-006,1.27734,0.0799445,1.14737,0.108918
-0.180381,372.342,2.62295e-006,1.44526,0.100541,1.2564,0.16134
-0.180381,372.342,2.95082e-006,1.60748,0.1226,1.3456,0.227269
-0.180381,372.342,3.27869e-006,1.76336,0.145772,1.41349,0.307662
-0.180381,372.342,3.60656e-006,1.91227,0.169687,1.45884,0.403251
-0.180381,372.342,3.93443e-006,2.05364,0.193961,1.4807,0.514521
-0.180381,372.342,4.2623e-006,2.18691,0.218198,1.47842,0.641709
-0.180381,372.342,4.59016e-006,2.31154,0.241995,1.45163,0.784789
-0.180381,372.342,4.91803e-006,2.42705,0.26495,1.40027,0.943475
-0.180381,372.342,5.2459e-006,2.53298,0.286664,1.32456,1.11721
-0.180381,372.342,5.57377e-006,2.62892,0.306747,1.22504,1.30519
-0.180381,372.342,5.90164e-006,2.71448,0.324821,1.10255,1.50633
-0.180381,372.342,6.22951e-006,2.78933,0.340529,0.958173,1.71933
-0.180381,372.342,6.55738e-006,2.85317,0.353534,0.793308,1.94263
-0.180381,372.342,6.88525e-006,2.90575,0.363527,0.609585,2.17446
-0.180381,372.342,7.21311e-006,2.94686,0.37023,0.408878,2.41283
-0.180381,372.342,7.54098e-006,2.97634,0.373399,0.193279,2.65561
-0.180381,372.342,7.86885e-006,2.99408,0.372826,-0.0349272,2.90046
-0.180381,372.342,8.19672e-006,3,0.368346,-0.273287,3.14494
-0.180381,372.342,8.52459e-006,2.99408,0.359835,-0.519203,3.38648
-0.180381,372.342,8.85246e-006,2.97634,0.347212,-0.769966,3.62243
-0.180381,372.342,9.18033e-006,2.94686,0.330445,-1.02278,3.85011
-0.180381,372.342,9.5082e-006,2.90575,0.309547,-1.27481,4.0668
-0.180381,372.342,9.83607e-006,2.85317,0.284577,-1.52318,4.26978
-0.180381,372.342,1.01639e-005,2.78933,0.255642,-1.76503,4.45639
-0.180381,372.342,1.04918e-005,2.71448,0.222895,-1.99755,4.62402
-0.180381,372.342,1.08197e-005,2.62892,0.186535,-2.218,4.77018
-0.180381,372.342,1.11475e-005,2.53298,0.146801,-2.42373,4.8925
-0.180381,372.342,1.14754e-005,2.42705,0.103978,-2.61225,4.98876
-0.180381,372.342,1.18033e-005,2.31154,0.0583841,-2.7812,5.05695
-0.180381,372.342,1.21311e-005,2.18691,0.0103772,-2.92842,5.09523
-0.180381,372.342,1.2459e-005,2.05364,-0.0396551,-3.05197,5.10203
-0.180381,372.342,1.27869e-005,1.91227,-0.0912962,-3.15011,5.07603
-0.180381,372.342,1.31148e-005,1.76336,-0.144106,-3.22138,5.01616
-0.180381,372.342,1.34426e-005,1.60748,-0.197623,-3.26458,4.92167
-0.180381,372.342,1.37705e-005,1.44526,-0.251374,-3.27878,4.79208
-0.180381,372.342,1.40984e-005,1.27734,-0.304872,-3.26337,4.62724
-0.180381,372.342,1.44262e-005,1.10437,-0.357626,-3.218,4.42733
-0.180381,372.342,1.47541e-005,0.927051,-0.409145,-3.14265,4.19282
-0.180381,372.342,1.5082e-005,0.74607,-0.458942,-3.03761,3.92453
-0.180381,372.342,1.54098e-005,0.562144,-0.506539,-2.90344,3.62358
-0.180381,372.342,1.57377e-005,0.376,-0.551474,-2.74104,3.29143
-0.180381,372.342,1.60656e-005,0.188372,-0.593303,-2.55158,2.9298
-0.180381,372.342,1.63934e-005,-9.64886e-016,-0.631607,-2.3365,2.54075
-0.180381,372.342,1.67213e-005,-0.188372,-0.665992,-2.09752,2.12658
-0.180381,372.342,1.70492e-005,-0.376,-0.6961,-1.83659,1.68987
-0.180381,372.342,1.7377e-005,-0.562144,-0.721607,-1.55591,1.23341
-0.180381,372.342,1.77049e-005,-0.74607,-0.742228,-1.25787,0.760224
-0.180381,372.342,1.80328e-005,-0.927051,-0.75772,-0.945047,0.273517
-0.180381,372.342,1.83607e-005,-1.10437,-0.767887,-0.620171,-0.223348
-0.180381,372.342,1.86885e-005,-1.27734,-0.772577,-0.286102,-0.726881
-0.180381,372.342,1.90164e-005,-1.44526,-0.771689,0.0541973,-1.23349
-0.180381,372.342,1.93443e-005,-1.60748,-0.765169,0.397698,-1.73951
-0.180381,372.342,1.96721e-005,-1.76336,-0.753016,0.741328,-2.24126
-0.180381,372.342,2e-005,-1.91227,-0.735278,1.08201,-2.73505
-0.180381,372.342,2.03279e-005,-2.05364,-0.712054,1.41668,-3.2172
-0.180381,372.342,2.06557e-005,-2.18691,-0.683491,1.74234,-3.68412
-0.180381,372.342,2.09836e-005,-2.31154,-0.649785,2.05607,-4.13231
-0.180381,372.342,2.13115e-005,-2.42705,-0.611178,2.35504,-4.5584
-0.180381,372.342,2.16393e-005,-2.53298,-0.567955,2.63659,-4.95917
-0.180381,372.342,2.19672e-005,-2.62892,-0.520444,2.8982,-5.3316
-0.180381,372.342,2.22951e-005,-2.71448,-0.469008,3.13756,-5.67287
-0.180381,372.342,2.2623e-005,-2.78933,-0.414048,3.35255,-5.98042
-0.180381,372.342,2.29508e-005,-2.85317,-0.355994,3.5413,-6.25193
-0.180381,372.342,2.32787e-005,-2.90575,-0.295303,3.70217,-6.48536
-0.180381,372.342,2.36066e-005,-2.94686,-0.232454,3.83381,-6.67901
-0.180381,372.342,2.39344e-005,-2.97634,-0.167944,3.93512,-6.83143
-0.180381,372.342,2.42623e-005,-2.99408,-0.102283,4.0053,-6.94156
-0.180381,372.342,2.45902e-005,-3,-0.0359904,4.04384,-7.00863
-0.180381,372.342,2.4918e-005,-2.99408,0.030412,4.05054,-7.03223
-0.180381,372.342,2.52459e-005,-2.97634,0.0964034,4.02548,-7.01229
-0.180381,372.342,2.55738e-005,-2.94686,0.161469,3.96902,-6.94907
-0.180381,372.342,2.59016e-005,-2.90575,0.225106,3.88186,-6.84319
-0.180381,372.342,2.62295e-005,-2.85317,0.286826,3.76492,-6.69558
-0.180381,372.342,2.65574e-005,-2.78933,0.346161,3.61943,-6.5075
-0.180381,372.342,2.68852e-005,-2.71448,0.402667,3.44686,-6.28051
-0.180381,372.342,2.72131e-005,-2.62892,0.455928,3.24892,-6.01646
-0.180381,372.342,2.7541e-005,-2.53298,0.50556,3.02755,-5.7175
-0.180381,372.342,2.78689e-005,-2.42705,0.551214,2.78488,-5.38598
-0.180381,372.342,2.81967e-005,-2.31154,0.592578,2.52323,-5.02453
-0.180381,372.342,2.85246e-005,-2.18691,0.629382,2.24504,-4.63595
-0.180381,372.342,2.88525e-005,-2.05364,0.661398,1.95293,-4.22324
-0.180381,372.342,2.91803e-005,-1.91227,0.68844,1.64957,-3.78954
-0.180381,372.342,2.95082e-005,-1.76336,0.71037,1.33774,-3.3381
-0.180381,372.342,2.98361e-005,-1.60748,0.727095,1.02025,-2.87229
-0.180381,372.342,3.01639e-005,-1.44526,0.73857,0.699931,-2.3955
-0.180381,372.342,3.04918e-005,-1.27734,0.744793,0.379596,-1.9112
-0.180381,372.342,3.08197e-005,-1.10437,0.74581,0.0620297,-1.42281
-0.180381,372.342,3.11475e-005,-0.927051,0.74171,-0.250053,-0.933752
-0.180381,372.342,3.14754e-005,-0.74607,0.732628,-0.554028,-0.447385
-0.180381,372.342,3.18033e-005,-0.562144,0.718736,-0.847387,0.0330271
-0.180381,372.342,3.21311e-005,-0.376,0.700248,-1.12776,0.50433
-0.180381,372.342,3.2459e-005,-0.188372,0.677413,-1.39295,0.963509
-0.180381,372.342,3.27869e-005,1.92977e-015,0.650513,-1.64092,1.40771
-0.180381,372.342,3.31148e-005,0.188372,0.619859,-1.86986,1.83428
-0.180381,372.342,3.34426e-005,0.376,0.585792,-2.07814,2.24075
-0.180381,372.342,3.37705e-005,0.562144,0.54867,-2.26439,2.62487
-0.180381,372.342,3.40984e-005,0.74607,0.508876,-2.42747,2.98465
-0.180381,372.342,3.44262e-005,0.927051,0.466802,-2.56648,3.31834
-0.180381,372.342,3.47541e-005,1.10437,0.422855,-2.68077,3.62444
-0.180381,372.342,3.5082e-005,1.27734,0.377446,-2.76996,3.90173
-0.180381,372.342,3.54098e-005,1.44526,0.330988,-2.83391,4.14923
-0.180381,372.342,3.57377e-005,1.60748,0.283894,-2.87274,4.36627
-0.180381,372.342,3.60656e-005,1.76336,0.23657,-2.88681,4.55243
-0.180381,372.342,3.63934e-005,1.91227,0.18941,-2.87673,4.70756
-0.180381,372.342,3.67213e-005,2.05364,0.142798,-2.84333,4.83176
-0.180381,372.342,3.70492e-005,2.18691,0.0970989,-2.78766,4.9254
-0.180381,372.342,3.7377e-005,2.31154,0.0526569,-2.71096,4.98907
-0.180381,372.342,3.77049e-005,2.42705,0.00979328,-2.61468,5.0236
-0.180381,372.342,3.80328e-005,2.53298,-0.0311971,-2.50041,5.03002
-0.180381,372.342,3.83607e-005,2.62892,-0.070048,-2.36991,5.00957
-0.180381,372.342,3.86885e-005,2.71448,-0.106524,-2.22504,4.96363
-0.180381,372.342,3.90164e-005,2.78933,-0.140422,-2.06778,4.89378
-0.180381,372.342,3.93443e-005,2.85317,-0.171573,-1.90019,4.8017
-0.180381,372.342,3.96721e-005,2.90575,-0.199841,-1.72438,4.6892
-0.180381,372.342,4e-005,2.94686,-0.225128,-1.54249,4.55815
-0.180381,372.342,4.03279e-005,2.97634,-0.247369,-1.35668,4.41053
-0.180381,372.342,4.06557e-005,2.99408,-0.266534,-1.16908,4.24832
-0.180381,372.342,4.09836e-005,3,-0.282629,-0.981784,4.07354
-0.180381,372.342,4.13115e-005,2.99408,-0.295692,-0.796833,3.88821
-0.180381,372.342,4.16393e-005,2.97634,-0.305793,-0.616176,3.69432
-0.180381,372.342,4.19672e-005,2.94686,-0.313033,-0.441661,3.4938
-0.180381,372.342,4.22951e-005,2.90575,-0.317542,-0.275013,3.28853
-0.180381,372.342,4.2623e-005,2.85317,-0.319473,-0.117817,3.0803
-0.180381,372.342,4.29508e-005,2.78933,-0.319006,0.0284986,2.87081
-0.180381,372.342,4.32787e-005,2.71448,-0.316339,0.162674,2.66163
-0.180381,372.342,4.36066e-005,2.62892,-0.311689,0.28363,2.45419
-0.180381,372.342,4.39344e-005,2.53298,-0.305288,0.390479,2.24981
-0.180381,372.342,4.42623e-005,2.42705,-0.297378,0.482532,2.04962
-0.180381,372.342,4.45902e-005,2.31154,-0.288209,0.559299,1.85462
-0.180381,372.342,4.4918e-005,2.18691,-0.278037,0.620498,1.66563
-0.180381,372.342,4.52459e-005,2.05364,-0.267118,0.666051,1.48331
-0.180381,372.342,4.55738e-005,1.91227,-0.255707,0.696082,1.30815
-0.180381,372.342,4.59016e-005,1.76336,-0.244052,0.710913,1.14047
-0.180381,372.342,4.62295e-005,1.60748,-0.232396,0.71106,0.980438
-0.180381,372.342,4.65574e-005,1.44526,-0.220966,0.697219,0.828048
-0.180381,372.342,4.68852e-005,1.27734,-0.209978,0.670256,0.683152
-0.180381,372.342,4.72131e-005,1.10437,-0.19963,0.6312,0.545461
-0.180381,372.342,4.7541e-005,0.927051,-0.190102,0.58122,0.414556
-0.180381,372.342,4.78689e-005,0.74607,-0.181551,0.521616,0.289899
-0.180381,372.342,4.81967e-005,0.562144,-0.174112,0.453796,0.170849
-0.180381,372.342,4.85246e-005,0.376,-0.167895,0.379263,0.0566771
-0.180381,372.342,4.88525e-005,0.188372,-0.162983,0.299589,-0.0534176
-0.180381,372.342,4.91803e-005,1.10215e-015,-0.159436,0.216401,-0.160292
-0.180381,372.342,4.95082e-005,-0.188372,-0.157282,0.131356,-0.26484
-0.180381,372.342,4.98361e-005,-0.376,-0.156526,0.0461224,-0.367976
-0.180381,372.342,5.01639e-005,-0.562144,-0.157143,-0.037642,-0.470616
-0.180381,372.342,5.04918e-005,-0.74607,-0.159083,-0.118311,-0.573661
-0.180381,372.342,5.08197e-005,-0.927051,-0.162268,-0.194308,-0.677977
-0.180381,372.342,5.11475e-005,-1.10437,-0.166598,-0.264128,-0.784383
-0.180381,372.342,5.14754e-005,-1.27734,-0.171948,-0.326357,-0.893627
-0.180381,372.342,5.18033e-005,-1.44526,-0.178173,-0.379686,-1.00638
-0.180381,372.342,5.21311e-005,-1.60748,-0.185106,-0.422928,-1.12321
-0.180381,372.342,5.2459e-005,-1.76336,-0.192565,-0.455035,-1.2446
-0.180381,372.342,5.27869e-005,-1.91227,-0.200354,-0.475111,-1.37087
-0.180381,372.342,5.31148e-005,-2.05364,-0.208263,-0.482419,-1.50225
-0.180381,372.342,5.34426e-005,-2.18691,-0.216072,-0.476396,-1.63881
-0.180381,372.342,5.37705e-005,-2.31154,-0.223559,-0.456654,-1.7805
-0.180381,372.342,5.40984e-005,-2.42705,-0.230493,-0.422992,-1.9271
-0.180381,372.342,5.44262e-005,-2.53298,-0.236647,-0.375395,-2.07824
-0.180381,372.342,5.47541e-005,-2.62892,-0.241795,-0.314034,-2.23342
-0.180381,372.342,5.5082e-005,-2.71448,-0.245717,-0.239269,-2.39197
-0.180381,372.342,5.54098e-005,-2.78933,-0.248203,-0.151641,-2.5531
-0.180381,372.342,5.57377e-005,-2.85317,-0.249054,-0.0518689,-2.71585
-0.180381,372.342,5.60656e-005,-2.90575,-0.248084,0.0591577,-2.87917
-0.180381,372.342,5.63934e-005,-2.94686,-0.245127,0.18039,-3.04185
-0.180381,372.342,5.67213e-005,-2.97634,-0.240034,0.310628,-3.20258
-0.180381,372.342,5.70492e-005,-2.99408,-0.232681,0.448538,-3.35998
-0.180381,372.342,5.7377e-005,-3,-0.222965,0.592665,-3.51256
-0.180381,372.342,5.77049e-005,-2.99408,-0.210811,0.741447,-3.65877
-0.180381,372.342,5.80328e-005,-2.97634,-0.196167,0.893235,-3.797
-0.180381,372.342,5.83607e-005,-2.94686,-0.179015,1.04631,-3.92564
-0.180381,372.342,5.86885e-005,-2.90575,-0.159361,1.1989,-4.04303
-0.180381,372.342,5.90164e-005,-2.85317,-0.137242,1.34922,-4.14752
-0.180381,372.342,5.93443e-005,-2.78933,-0.112727,1.49544,-4.23752
-0.180381,372.342,5.96721e-005,-2.71448,-0.0859111,1.63577,-4.31144
-0.180381,372.342,6e-005,-2.62892,-0.0569204,1.76843,-4.36777
-0.180381,372.342,6.03279e-005,-2.53298,-0.0259088,1.89171,-4.4051
-0.180381,372.342,6.06557e-005,-2.42705,0.00694298,2.00396,-4.42209
-0.180381,372.342,6.09836e-005,-2.31154,0.0414283,2.10361,-4.41754
-0.180381,372.342,6.13115e-005,-2.18691,0.0773169,2.1892,-4.39037
-0.180381,372.342,6.16393e-005,-2.05364,0.114356,2.25941,-4.33967
-0.180381,372.342,6.19672e-005,-1.91227,0.152275,2.31304,-4.26468
-0.180381,372.342,6.22951e-005,-1.76336,0.190784,2.34905,-4.16483
-0.180381,372.342,6.2623e-005,-1.60748,0.22958,2.36657,-4.03973
-0.180381,372.342,6.29508e-005,-1.44526,0.268349,2.36488,-3.88918
-0.180381,372.342,6.32787e-005,-1.27734,0.306767,2.34349,-3.71321
-0.180381,372.342,6.36066e-005,-1.10437,0.344506,2.30207,-3.51206
-0.180381,372.342,6.39344e-005,-0.927051,0.381235,2.2405,-3.28615
-0.180381,372.342,6.42623e-005,-0.74607,0.416626,2.15885,-3.03616
-0.180381,372.342,6.45902e-005,-0.562144,0.450354,2.05739,-2.76296
-0.180381,372.342,6.4918e-005,-0.376,0.482102,1.93661,-2.46765
-0.180381,372.342,6.52459e-005,-0.188372,0.511563,1.79718,-2.15152
-0.180381,372.342,6.55738e-005,3.85954e-015,0.538448,1.63995,-1.81607
-0.180381,372.342,6.59016e-005,0.188372,0.56248,1.46599,-1.46298
-0.180381,372.342,6.62295e-005,0.376,0.583407,1.2765,-1.09414
-0.180381,372.342,6.65574e-005,0.562144,0.600995,1.07288,-0.711583
-0.180381,372.342,6.68852e-005,0.74607,0.615039,0.856658,-0.317488
-0.180381,372.342,6.72131e-005,0.927051,0.625358,0.6295,0.0858161
-0.180381,372.342,6.7541e-005,1.10437,0.631804,0.393199,0.495887
-0.180381,372.342,6.78689e-005,1.27734,0.634257,0.149647,0.910185
-0.180381,372.342,6.81967e-005,1.44526,0.632631,-0.0991812,1.32609
-0.180381,372.342,6.85246e-005,1.60748,0.626873,-0.351242,1.74093
-0.180381,372.342,6.88525e-005,1.76336,0.616964,-0.604449,2.152
-0.180381,372.342,6.91803e-005,1.91227,0.60292,-0.856689,2.55656
-0.180381,372.342,6.95082e-005,2.05364,0.584792,-1.10584,2.95192
-0.180381,372.342,6.98361e-005,2.18691,0.562664,-1.34981,3.33539
-0.180381,372.342,7.01639e-005,2.31154,0.536655,-1.58651,3.70435
-0.180381,372.342,7.04918e-005,2.42705,0.506918,-1.81395,4.05626
-0.180381,372.342,7.08197e-005,2.53298,0.473637,-2.03019,4.38866
-0.180381,372.342,7.11475e-005,2.62892,0.437024,-2.23338,4.69924
-0.180381,372.342,7.14754e-005,2.71448,0.397322,-2.42178,4.98582
-0.180381,372.342,7.18033e-005,2.78933,0.354801,-2.59381,5.24635
-0.180381,372.342,7.21311e-005,2.85317,0.309752,-2.74799,5.47901
-0.180381,372.342,7.2459e-005,2.90575,0.26249,-2.88301,5.68213
-0.180381,372.342,7.27869e-005,2.94686,0.213346,-2.99775,5.85425
-0.180381,372.342,7.31148e-005,2.97634,0.16267,-3.09125,5.99415
-0.180381,372.342,7.34426e-005,2.99408,0.110822,-3.16274,6.10082
-0.180381,372.342,7.37705e-005,3,0.0581717,-3.21164,6.17349
-0.180381,372.342,7.40984e-005,2.99408,0.00509658,-3.23758,6.21163
-0.180381,372.342,7.44262e-005,2.97634,-0.0480245,-3.24039,6.21498
-0.180381,372.342,7.47541e-005,2.94686,-0.100813,-3.22009,6.18348
-0.180381,372.342,7.5082e-005,2.90575,-0.152894,-3.17692,6.11738
-0.180381,372.342,7.54098e-005,2.85317,-0.203899,-3.11131,6.01712
-0.180381,372.342,7.57377e-005,2.78933,-0.253471,-3.02389,5.88342
-0.180381,372.342,7.60656e-005,2.71448,-0.301265,-2.91546,5.71721
-0.180381,372.342,7.63934e-005,2.62892,-0.346954,-2.78702,5.51965
-0.180381,372.342,7.67213e-005,2.53298,-0.390228,-2.63972,5.29214
-0.180381,372.342,7.70492e-005,2.42705,-0.4308,-2.47486,5.03626
-0.180381,372.342,7.7377e-005,2.31154,-0.468405,-2.29392,4.75376
-0.180381,372.342,7.77049e-005,2.18691,-0.502806,-2.09845,4.44661
-0.180381,372.342,7.80328e-005,2.05364,-0.533792,-1.89017,4.11691
-0.180381,372.342,7.83607e-005,1.91227,-0.561183,-1.67084,3.76688
-0.180381,372.342,7.86885e-005,1.76336,-0.584828,-1.44234,3.39889
-0.180381,372.342,7.90164e-005,1.60748,-0.604608,-1.20658,3.0154
-0.180381,372.342,7.93443e-005,1.44526,-0.620436,-0.965526,2.61893
-0.180381,372.342,7.96721e-005,1.27734,-0.632258,-0.721157,2.21209
-0.180381,372.342,8e-005,1.10437,-0.640053,-0.475456,1.79749
-0.180381,372.342,8.03279e-005,0.927051,-0.64383,-0.230388,1.37779
-0.180381,372.342,8.06557e-005,0.74607,-0.643631,0.0121139,0.955602
-0.180381,372.342,8.09836e-005,0.562144,-0.63953,0.250173,0.533549
-0.180381,372.342,8.13115e-005,0.376,-0.631628,0.481981,0.114185
-0.180381,372.342,8.16393e-005,0.188372,-0.620058,0.705815,-0.299998
-0.180381,372.342,8.19672e-005,1.83691e-015,-0.604975,0.920055,-0.706593
-0.180381,372.342,8.22951e-005,-0.188372,-0.586562,1.1232,-1.1033
-0.180381,372.342,8.2623e-005,-0.376,-0.565023,1.31386,-1.48793
-0.180381,372.342,8.29508e-005,-0.562144,-0.540584,1.49081,-1.85844
-0.180381,372.342,8.32787e-005,-0.74607,-0.513486,1.65295,-2.21292
-0.180381,372.342,8.36066e-005,-0.927051,-0.483989,1.79935,-2.54963
-0.180381,372.342,8.39344e-005,-1.10437,-0.452362,1.92924,-2.867
-0.180381,372.342,8.42623e-005,-1.27734,-0.418886,2.04202,-3.16363
-0.180381,372.342,8.45902e-005,-1.44526,-0.383849,2.13725,-3.43831
-0.180381,372.342,8.4918e-005,-1.60748,-0.347543,2.21468,-3.69001
-0.180381,372.342,8.52459e-005,-1.76336,-0.310261,2.2742,-3.91791
-0.180381,372.342,8.55738e-005,-1.91227,-0.272295,2.3159,-4.12136
-0.180381,372.342,8.59016e-005,-2.05364,-0.233934,2.34001,-4.29991
-0.180381,372.342,8.62295e-005,-2.18691,-0.19546,2.34694,-4.45331
-0.180381,372.342,8.65574e-005,-2.31154,-0.157145,2.33723,-4.58148
-0.180381,372.342,8.68852e-005,-2.42705,-0.11925,2.31158,-4.68453
-0.180381,372.342,8.72131e-005,-2.53298,-0.0820238,2.2708,-4.76273
-0.180381,372.342,8.7541e-005,-2.62892,-0.0456987,2.21583,-4.81651
-0.180381,372.342,8.78689e-005,-2.71448,-0.01049,2.14773,-4.84648
-0.180381,372.342,8.81967e-005,-2.78933,0.0234057,2.06764,-4.85336
-0.180381,372.342,8.85246e-005,-2.85317,0.0558119,1.97678,-4.83801
-0.180381,372.342,8.88525e-005,-2.90575,0.0865734,1.87645,-4.80141
-0.180381,372.342,8.91803e-005,-2.94686,0.115557,1.76798,-4.74464
-0.180381,372.342,8.95082e-005,-2.97634,0.142651,1.65274,-4.66887
-0.180381,372.342,8.98361e-005,-2.99408,0.167768,1.53214,-4.57533
-0.180381,372.342,9.01639e-005,-3,0.190842,1.40756,-4.46531
-0.180381,372.342,9.04918e-005,-2.99408,0.211832,1.28039,-4.34017
-0.180381,372.342,9.08197e-005,-2.97634,0.230718,1.15199,-4.20126
-0.180381,372.342,9.11475e-005,-2.94686,0.247499,1.02369,-4.04997
-0.180381,372.342,9.14754e-005,-2.90575,0.2622,0.896726,-3.88768
-0.180381,372.342,9.18033e-005,-2.85317,0.274861,0.772311,-3.71575
-0.180381,372.342,9.21311e-005,-2.78933,0.285542,0.651556,-3.53551
-0.180381,372.342,9.2459e-005,-2.71448,0.29432,0.535486,-3.34827
-0.180381,372.342,9.27869e-005,-2.62892,0.301288,0.425028,-3.15527
-0.180381,372.342,9.31148e-005,-2.53298,0.30655,0.321,-2.95771
-0.180381,372.342,9.34426e-005,-2.42705,0.310224,0.224105,-2.75669
-0.180381,372.342,9.37705e-005,-2.31154,0.312436,0.134926,-2.55326
-0.180381,372.342,9.40984e-005,-2.18691,0.31332,0.053922,-2.34839
-0.180381,372.342,9.44262e-005,-2.05364,0.313015,-0.0185734,-2.14293
-0.180381,372.342,9.47541e-005,-1.91227,0.311665,-0.0823552,-1.93768
-0.180381,372.342,9.5082e-005,-1.76336,0.309414,-0.137345,-1.73331
-0.180381,372.342,9.54098e-005,-1.60748,0.306404,-0.183589,-1.53041
-0.180381,372.342,9.57377e-005,-1.44526,0.302777,-0.221254,-1.32949
-0.180381,372.342,9.60656e-005,-1.27734,0.298668,-0.250624,-1.13095
-0.180381,372.342,9.63934e-005,-1.10437,0.294208,-0.272094,-0.9351
-0.180381,372.342,9.67213e-005,-0.927051,0.289517,-0.286159,-0.742177
-0.180381,372.342,9.70492e-005,-0.74607,0.284707,-0.29341,-0.55233
-0.180381,372.342,9.7377e-005,-0.562144,0.279879,-0.294521,-0.365637
-0.180381,372.342,9.77049e-005,-0.376,0.27512,-0.290241,-0.18211
-0.180381,372.342,9.80328e-005,-0.188372,0.270508,-0.281382,-0.00170307
-0.180381,372.342,9.83607e-005,-2.20429e-015,0.266101,-0.268805,0.175679
-0.180381,372.342,9.86885e-005,0.188372,0.261947,-0.253408,0.350171
-0.180381,372.342,9.90164e-005,0.376,0.258076,-0.236119,0.52194
-0.180381,372.342,9.93443e-005,0.562144,0.254504,-0.217872,0.69117
-0.180381,372.342,9.96721e-005,0.74607,0.251232,-0.199605,0.858058
-0.180381,372.342,0.0001,0.927051,0.248245,-0.182239,1.0228
-0.180381,372.342,0.000100328,1.10437,0.245512,-0.166671,1.18558
-0.180381,372.342,0.000100656,1.27734,0.242992,-0.153758,1.34658
-0.180381,372.342,0.000100984,1.44526,0.240626,-0.144306,1.50591
-0.180381,372.342,0.000101311,1.60748,0.238346,-0.13906,1.6637
-0.180381,372.342,0.000101639,1.76336,0.236073,-0.138692,1.81999
-0.180381,372.342,0.000101967,1.91227,0.233715,-0.143795,1.9748
-0.180381,372.342,0.000102295,2.05364,0.231177,-0.15487,2.12805
-0.180381,372.342,0.000102623,2.18691,0.228352,-0.172323,2.27964
-0.180381,372.342,0.000102951,2.31154,0.225131,-0.196455,2.42938
-0.180381,372.342,0.000103279,2.42705,0.221402,-0.227462,2.57701
-0.180381,372.342,0.000103607,2.53298,0.217051,-0.265427,2.72219
-0.180381,372.342,0.000103934,2.62892,0.211964,-0.310321,2.86452
-0.180381,372.342,0.000104262,2.71448,0.206029,-0.362001,3.00351
-0.180381,372.342,0.00010459,2.78933,0.19914,-0.420211,3.13861
-0.180381,372.342,0.000104918,2.85317,0.191196,-0.484583,3.2692
-0.180381,372.342,0.000105246,2.90575,0.182104,-0.554643,3.39457
-0.180381,372.342,0.000105574,2.94686,0.171779,-0.629813,3.51398
-0.180381,372.342,0.000105902,2.97634,0.160149,-0.709418,3.62663
-0.180381,372.342,0.00010623,2.99408,0.147154,-0.792695,3.73164
-0.180381,372.342,0.000106557,3,0.132748,-0.878796,3.82814
-0.180381,372.342,0.000106885,2.99408,0.116899,-0.966804,3.91518
-0.180381,372.342,0.000107213,2.97634,0.0995914,-1.05574,3.99184
-0.180381,372.342,0.000107541,2.94686,0.080828,-1.14457,4.05714
-0.180381,372.342,0.000107869,2.90575,0.0606276,-1.23222,4.11015
-0.180381,372.342,0.000108197,2.85317,0.0390275,-1.3176,4.1499
-0.180381,372.342,0.000108525,2.78933,0.0160833,-1.3996,4.17549
-0.180381,372.342,0.000108852,2.71448,-0.00813142,-1.4771,4.18604
-0.180381,372.342,0.00010918,2.62892,-0.0335247,-1.54899,4.18071
-0.180381,372.342,0.000109508,2.53298,-0.059987,-1.6142,4.15873
-0.180381,372.342,0.000109836,2.42705,-0.0873917,-1.67169,4.11939
-0.180381,372.342,0.000110164,2.31154,-0.115596,-1.72046,4.06208
-0.180381,372.342,0.000110492,2.18691,-0.144442,-1.75958,3.98628
-0.180381,372.342,0.00011082,2.05364,-0.173756,-1.7882,3.89157
-0.180381,372.342,0.000111148,1.91227,-0.203355,-1.80554,3.77763
-0.180381,372.342,0.000111475,1.76336,-0.233042,-1.81092,3.64428
-0.180381,372.342,0.000111803,1.60748,-0.262612,-1.80376,3.49147
-0.180381,372.342,0.000112131,1.44526,-0.291851,-1.78359,3.31926
-0.180381,372.342,0.000112459,1.27734,-0.320541,-1.75007,3.12788
-0.180381,372.342,0.000112787,1.10437,-0.348459,-1.70297,2.91769
-0.180381,372.342,0.000113115,0.927051,-0.37538,-1.64218,2.68919
-0.180381,372.342,0.000113443,0.74607,-0.40108,-1.56775,2.44304
-0.180381,372.342,0.00011377,0.562144,-0.42534,-1.47982,2.18004
-0.180381,372.342,0.000114098,0.376,-0.447941,-1.3787,1.90113
-0.180381,372.342,0.000114426,0.188372,-0.468676,-1.26482,1.6074
-0.180381,372.342,0.000114754,-8.08647e-015,-0.487344,-1.13872,1.30007
-0.180381,372.342,0.000115082,-0.188372,-0.503755,-1.0011,0.980499
-0.180381,372.342,0.00011541,-0.376,-0.517735,-0.852744,0.650168
-0.180381,372.342,0.000115738,-0.562144,-0.529121,-0.694577,0.31067
-0.180381,372.342,0.000116066,-0.74607,-0.537771,-0.527618,-0.0362949
-0.180381,372.342,0.000116393,-0.927051,-0.543557,-0.352986,-0.388931
-0.180381,372.342,0.000116721,-1.10437,-0.546375,-0.171885,-0.745362
-0.180381,372.342,0.000117049,-1.27734,-0.546139,0.0143993,-1.10364
-0.180381,372.342,0.000117377,-1.44526,-0.542786,0.204519,-1.46176
-0.180381,372.342,0.000117705,-1.60748,-0.536277,0.39707,-1.81769
-0.180381,372.342,0.000118033,-1.76336,-0.526595,0.590611,-2.16935
-0.180381,372.342,0.000118361,-1.91227,-0.513748,0.78367,-2.51465
-0.180381,372.342,0.000118689,-2.05364,-0.497768,0.974761,-2.85154
-0.180381,372.342,0.000119016,-2.18691,-0.478712,1.1624,-3.17794
-0.180381,372.342,0.000119344,-2.31154,-0.456661,1.34512,-3.49185
-0.180381,372.342,0.000119672,-2.42705,-0.431719,1.52146,-3.7913
-0.180381,372.342,0.00012,-2.53298,-0.404013,1.69004,-4.0744
-0.180381,372.342,0.000120328,-2.62892,-0.373694,1.84949,-4.33932
-0.180381,372.342,0.000120656,-2.71448,-0.340931,1.99854,-4.58437
-0.180381,372.342,0.000120984,-2.78933,-0.305915,2.13597,-4.80793
-0.180381,372.342,0.000121311,-2.85317,-0.268855,2.26068,-5.00853
-0.180381,372.342,0.000121639,-2.90575,-0.229976,2.37164,-5.18483
-0.180381,372.342,0.000121967,-2.94686,-0.189517,2.46794,-5.33563
-0.180381,372.342,0.000122295,-2.97634,-0.147734,2.54881,-5.45991
-0.180381,372.342,0.000122623,-2.99408,-0.104889,2.61356,-5.55678
-0.180381,372.342,0.000122951,-3,-0.0612546,2.66167,-5.62556
-0.180381,372.342,0.000123279,-2.99408,-0.0171114,2.69274,-5.66573
-0.180381,372.342,0.000123607,-2.97634,0.0272574,2.7065,-5.67695
-0.180381,372.342,0.000123934,-2.94686,0.0715661,2.70283,-5.65907
-0.180381,372.342,0.000124262,-2.90575,0.115529,2.68176,-5.61215
-0.180381,372.342,0.00012459,-2.85317,0.158865,2.64345,-5.53639
-0.180381,372.342,0.000124918,-2.78933,0.201294,2.5882,-5.43222
-0.180381,372.342,0.000125246,-2.71448,0.242547,2.51644,-5.30022
-0.180381,372.342,0.000125574,-2.62892,0.282363,2.42875,-5.14117
-0.180381,372.342,0.000125902,-2.53298,0.320491,2.32583,-4.95602
-0.180381,372.342,0.00012623,-2.42705,0.356695,2.20847,-4.74586
-0.180381,372.342,0.000126557,-2.31154,0.390755,2.07762,-4.51196
-0.180381,372.342,0.000126885,-2.18691,0.422465,1.9343,-4.25573
-0.180381,372.342,0.000127213,-2.05364,0.451639,1.77962,-3.9787
-0.180381,372.342,0.000127541,-1.91227,0.478111,1.61479,-3.68254
-0.180381,372.342,0.000127869,-1.76336,0.501735,1.44108,-3.36903
-0.180381,372.342,0.000128197,-1.60748,0.522388,1.25981,-3.04002
-0.180381,372.342,0.000128525,-1.44526,0.539968,1.07237,-2.69747
-0.180381,372.342,0.000128852,-1.27734,0.554397,0.880168,-2.3434
-0.180381,372.342,0.00012918,-1.10437,0.56562,0.684626,-1.97986
-0.180381,372.342,0.000129508,-0.927051,0.573607,0.487186,-1.60896
-0.180381,372.342,0.000129836,-0.74607,0.578349,0.289283,-1.23282
-0.180381,372.342,0.000130164,-0.562144,0.579863,0.0923307,-0.853578
-0.180381,372.342,0.000130492,-0.376,0.578186,-0.102284,-0.473341
-0.180381,372.342,0.00013082,-0.188372,0.573379,-0.293217,-0.0942024
-0.180381,372.342,0.000131148,7.71909e-015,0.565524,-0.479177,0.281784
-0.180381,372.342,0.000131475,0.188372,0.554721,-0.658936,0.652619
-0.180381,372.342,0.000131803,0.376,0.541093,-0.831341,1.01637
-0.180381,372.342,0.000132131,0.562144,0.524776,-0.99532,1.37119
-0.180381,372.342,0.000132459,0.74607,0.505925,-1.14989,1.7153
-0.180381,372.342,0.000132787,0.927051,0.484709,-1.29418,2.04706
-0.180381,372.342,0.000133115,1.10437,0.46131,-1.42739,2.3649
-0.180381,372.342,0.000133443,1.27734,0.435918,-1.54887,2.6674
-0.180381,372.342,0.00013377,1.44526,0.408737,-1.65805,2.95324
-0.180381,372.342,0.000134098,1.60748,0.379975,-1.7545,3.22127
-0.180381,372.342,0.000134426,1.76336,0.349845,-1.83789,3.47043
-0.180381,372.342,0.000134754,1.91227,0.318567,-1.90801,3.69984
-0.180381,372.342,0.000135082,2.05364,0.286357,-1.96476,3.90874
-0.180381,372.342,0.00013541,2.18691,0.253436,-2.00819,4.09651
-0.180381,372.342,0.000135738,2.31154,0.22002,-2.03841,4.2627
-0.180381,372.342,0.000136066,2.42705,0.18632,-2.05567,4.40697
-0.180381,372.342,0.000136393,2.53298,0.152545,-2.06031,4.52915
-0.180381,372.342,0.000136721,2.62892,0.118893,-2.05278,4.62918
-0.180381,372.342,0.000137049,2.71448,0.0855552,-2.03359,4.70714
-0.180381,372.342,0.000137377,2.78933,0.0527131,-2.00337,4.76324
-0.180381,372.342,0.000137705,2.85317,0.0205362,-1.96279,4.79781
-0.180381,372.342,0.000138033,2.90575,-0.0108178,-1.9126,4.81128
-0.180381,372.342,0.000138361,2.94686,-0.0412047,-1.8536,4.80418
-0.180381,372.342,0.000138689,2.97634,-0.0704938,-1.78663,4.77716
-0.180381,372.342,0.000139016,2.99408,-0.098569,-1.71259,4.73094
-0.180381,372.342,0.000139344,3,-0.125329,-1.63237,4.6663
-0.180381,372.342,0.000139672,2.99408,-0.150688,-1.54689,4.58412
-0.180381,372.342,0.00014,2.97634,-0.174575,-1.45709,4.48531
-0.180381,372.342,0.000140328,2.94686,-0.196933,-1.36387,4.37083
-0.180381,372.342,0.000140656,2.90575,-0.217723,-1.26815,4.2417
-0.180381,372.342,0.000140984,2.85317,-0.236916,-1.1708,4.09893
-0.180381,372.342,0.000141311,2.78933,-0.254501,-1.07268,3.94357
-0.180381,372.342,0.000141639,2.71448,-0.270478,-0.97459,3.77669
-0.180381,372.342,0.000141967,2.62892,-0.28486,-0.877288,3.59932
-0.180381,372.342,0.000142295,2.53298,-0.297671,-0.78148,3.41253
-0.180381,372.342,0.000142623,2.42705,-0.308946,-0.687809,3.21734
-0.180381,372.342,0.000142951,2.31154,-0.318731,-0.59685,3.01475
-0.180381,372.342,0.000143279,2.18691,-0.327077,-0.509112,2.80574
-0.180381,372.342,0.000143607,2.05364,-0.334045,-0.425026,2.59127
-0.180381,372.342,0.000143934,1.91227,-0.3397,-0.344951,2.37222
-0.180381,372.342,0.000144262,1.76336,-0.344112,-0.269167,2.14947
-0.180381,372.342,0.00014459,1.60748,-0.347356,-0.197876,1.92382
-0.180381,372.342,0.000144918,1.44526,-0.349507,-0.131204,1.69605
-0.180381,372.342,0.000145246,1.27734,-0.350641,-0.069202,1.46686
-0.180381,372.342,0.000145574,1.10437,-0.350836,-0.0118469,1.23693
-0.180381,372.342,0.000145902,0.927051,-0.350164,0.0409533,1.00688
-0.180381,372.342,0.00014623,0.74607,-0.348699,0.0893568,0.777261
-0.180381,372.342,0.000146557,0.562144,-0.346509,0.133582,0.548606
-0.180381,372.342,0.000146885,0.376,-0.343659,0.173903,0.321387
-0.180381,372.342,0.000147213,0.188372,-0.340205,0.210644,0.0960367
-0.180381,372.342,0.000147541,3.30644e-015,-0.336203,0.244169,-0.127049
-0.180381,372.342,0.000147869,-0.188372,-0.331696,0.27488,-0.34751
-0.180381,372.342,0.000148197,-0.376,-0.326726,0.303206,-0.565015
-0.180381,372.342,0.000148525,-0.562144,-0.321323,0.329597,-0.779262
-0.180381,372.342,0.000148852,-0.74607,-0.315511,0.354515,-0.989965
-0.180381,372.342,0.00014918,-0.927051,-0.309307,0.378425,-1.19686
-0.180381,372.342,0.000149508,-1.10437,-0.30272,0.401791,-1.39968
-0.180381,372.342,0.000149836,-1.27734,-0.295752,0.425065,-1.59819
-0.180381,372.342,0.000150164,-1.44526,-0.288397,0.448678,-1.79212
-0.180381,372.342,0.000150492,-1.60748,-0.280642,0.473039,-1.98124
-0.180381,372.342,0.00015082,-1.76336,-0.27247,0.498522,-2.16526
-0.180381,372.342,0.000151148,-1.91227,-0.263855,0.525461,-2.34393
-0.180381,372.342,0.000151475,-2.05364,-0.254771,0.554146,-2.51695
-0.180381,372.342,0.000151803,-2.18691,-0.245184,0.584817,-2.68401
-0.180381,372.342,0.000152131,-2.31154,-0.235058,0.617659,-2.84479
-0.180381,372.342,0.000152459,-2.42705,-0.224357,0.652799,-2.99893
-0.180381,372.342,0.000152787,-2.53298,-0.21304,0.690301,-3.14605
-0.180381,372.342,0.000153115,-2.62892,-0.20107,0.730167,-3.28575
-0.180381,372.342,0.000153443,-2.71448,-0.188409,0.772335,-3.41759
-0.180381,372.342,0.00015377,-2.78933,-0.175021,0.816675,-3.54114
-0.180381,372.342,0.000154098,-2.85317,-0.160874,0.862993,-3.65591
-0.180381,372.342,0.000154426,-2.90575,-0.145939,0.911034,-3.7614
-0.180381,372.342,0.000154754,-2.94686,-0.130193,0.960478,-3.8571
-0.180381,372.342,0.000155082,-2.97634,-0.11362,1.01095,-3.94247
-0.180381,372.342,0.00015541,-2.99408,-0.0962102,1.06201,-4.01698
-0.180381,372.342,0.000155738,-3,-0.0779612,1.11319,-4.08006
-0.180381,372.342,0.000156066,-2.99408,-0.0588802,1.16395,-4.13119
-0.180381,372.342,0.000156393,-2.97634,-0.0389831,1.21372,-4.1698
-0.180381,372.342,0.000156721,-2.94686,-0.0182959,1.26192,-4.19536
-0.180381,372.342,0.000157049,-2.90575,0.00314519,1.30791,-4.20736
-0.180381,372.342,0.000157377,-2.85317,0.0252934,1.35104,-4.20529
-0.180381,372.342,0.000157705,-2.78933,0.0480913,1.39067,-4.18871
-0.180381,372.342,0.000158033,-2.71448,0.0714706,1.42614,-4.15717
-0.180381,372.342,0.000158361,-2.62892,0.0953523,1.45678,-4.11031
-0.180381,372.342,0.000158689,-2.53298,0.119647,1.48197,-4.04778
-0.180381,372.342,0.000159016,-2.42705,0.144255,1.50108,-3.96932
-0.180381,372.342,0.000159344,-2.31154,0.169067,1.51353,-3.87473
-0.180381,372.342,0.000159672,-2.18691,0.193964,1.51876,-3.76387
-0.180381,372.342,0.00016,-2.05364,0.218821,1.51626,-3.63668
-0.180381,372.342,0.000160328,-1.91227,0.243503,1.50558,-3.49319
-0.180381,372.342,0.000160656,-1.76336,0.267869,1.48633,-3.33351
-0.180381,372.342,0.000160984,-1.60748,0.291773,1.45816,-3.15786
-0.180381,372.342,0.000161311,-1.44526,0.315066,1.42083,-2.96654
-0.180381,372.342,0.000161639,-1.27734,0.337592,1.37413,-2.75994
-0.180381,372.342,0.000161967,-1.10437,0.359198,1.31797,-2.53856
-0.180381,372.342,0.000162295,-0.927051,0.379728,1.25231,-2.30302
-0.180381,372.342,0.000162623,-0.74607,0.399027,1.17723,-2.05402
-0.180381,372.342,0.000162951,-0.562144,0.416942,1.09285,-1.79236
-0.180381,372.342,0.000163279,-0.376,0.433326,0.999422,-1.51896
-0.180381,372.342,0.000163607,-0.188372,0.448036,0.897262,-1.23481
-0.180381,372.342,0.000163934,-3.67382e-015,0.460934,0.786775,-0.941017
-0.180381,372.342,0.000164262,0.188372,0.471892,0.668455,-0.638766
-0.180381,372.342,0.00016459,0.376,0.480791,0.542874,-0.329328
-0.180381,372.342,0.000164918,0.562144,0.487524,0.410681,-0.0140554
-0.180381,372.342,0.000165246,0.74607,0.491993,0.272601,0.305632
-0.180381,372.342,0.000165574,0.927051,0.494115,0.129426,0.628251
-0.180381,372.342,0.000165902,1.10437,0.49382,-0.0179915,0.95226
-0.180381,372.342,0.00016623,1.27734,0.491053,-0.168742,1.27608
-0.180381,372.342,0.000166557,1.44526,0.485777,-0.321869,1.59808
-0.180381,372.342,0.000166885,1.60748,0.477967,-0.476375,1.91662
-0.180381,372.342,0.000167213,1.76336,0.467619,-0.631232,2.23004
-0.180381,372.342,0.000167541,1.91227,0.454744,-0.785389,2.53668
-0.180381,372.342,0.000167869,2.05364,0.439371,-0.93778,2.83487
-0.180381,372.342,0.000168197,2.18691,0.421545,-1.08733,3.12298
-0.180381,372.342,0.000168525,2.31154,0.401333,-1.23299,3.39941
-0.180381,372.342,0.000168852,2.42705,0.378813,-1.37369,3.66257
-0.180381,372.342,0.00016918,2.53298,0.354085,-1.5084,3.91098
-0.180381,372.342,0.000169508,2.62892,0.327263,-1.63614,4.14316
-0.180381,372.342,0.000169836,2.71448,0.298477,-1.75595,4.35776
-0.180381,372.342,0.000170164,2.78933,0.267872,-1.86691,4.55348
-0.180381,372.342,0.000170492,2.85317,0.235607,-1.96819,4.72914
-0.180381,372.342,0.00017082,2.90575,0.201853,-2.059,4.88363
-0.180381,372.342,0.000171148,2.94686,0.166793,-2.13863,5.016
-0.180381,372.342,0.000171475,2.97634,0.130622,-2.20645,5.12537
-0.180381,372.342,0.000171803,2.99408,0.0935415,-2.26191,5.21102
-0.180381,372.342,0.000172131,3,0.0557617,-2.30457,5.27236
-0.180381,372.342,0.000172459,2.99408,0.0174987,-2.33404,5.30893
-0.180381,372.342,0.000172787,2.97634,-0.0210272,-2.35008,5.3204
-0.180381,372.342,0.000173115,2.94686,-0.059593,-2.35251,5.30661
-0.180381,372.342,0.000173443,2.90575,-0.0979745,-2.34127,5.26754
-0.180381,372.342,0.00017377,2.85317,-0.135948,-2.31639,5.20329
-0.180381,372.342,0.000174098,2.78933,-0.173293,-2.27801,5.11414
-0.180381,372.342,0.000174426,2.71448,-0.20979,-2.22637,5.00051
-0.180381,372.342,0.000174754,2.62892,-0.24523,-2.1618,4.86294
-0.180381,372.342,0.000175082,2.53298,-0.279406,-2.08473,4.70214
-0.180381,372.342,0.00017541,2.42705,-0.312122,-1.99568,4.51892
-0.180381,372.342,0.000175738,2.31154,-0.343192,-1.89526,4.31425
-0.180381,372.342,0.000176066,2.18691,-0.37244,-1.78415,4.08921
-0.180381,372.342,0.000176393,2.05364,-0.399704,-1.66312,3.84498
-0.180381,372.342,0.000176721,1.91227,-0.424836,-1.53301,3.58288
-0.180381,372.342,0.000177049,1.76336,-0.447699,-1.39469,3.3043
-0.180381,372.342,0.000177377,1.60748,-0.468177,-1.24912,3.01073
-0.180381,372.342,0.000177705,1.44526,-0.486165,-1.09729,2.70373
-0.180381,372.342,0.000178033,1.27734,-0.501579,-0.940223,2.38493
-0.180381,372.342,0.000178361,1.10437,-0.514349,-0.778977,2.05603
-0.180381,372.342,0.000178689,0.927051,-0.524424,-0.614626,1.71875
-0.180381,372.342,0.000179016,0.74607,-0.531773,-0.448254,1.37486
-0.180381,372.342,0.000179344,0.562144,-0.536379,-0.280946,1.02616
-0.180381,372.342,0.000179672,0.376,-0.538244,-0.113781,0.674436
-0.180381,372.342,0.00018,0.188372,-0.537388,0.0521798,0.321489
-0.180381,372.342,0.000180328,-6.61694e-015,-0.533849,0.2159,-0.030897
-0.180381,372.342,0.000180656,-0.188372,-0.527679,0.376375,-0.380962
-0.180381,372.342,0.000180984,-0.376,-0.518947,0.532641,-0.726981
-0.180381,372.342,0.000181311,-0.562144,-0.507738,0.683784,-1.06727
-0.180381,372.342,0.000181639,-0.74607,-0.494148,0.828942,-1.40022
-0.180381,372.342,0.000181967,-0.927051,-0.478291,0.967314,-1.72425
-0.180381,372.342,0.000182295,-1.10437,-0.460288,1.09817,-2.03788
-0.180381,372.342,0.000182623,-1.27734,-0.440274,1.22083,-2.33971
-0.180381,372.342,0.000182951,-1.44526,-0.418394,1.33472,-2.62841
-0.180381,372.342,0.000183279,-1.60748,-0.394798,1.43933,-2.90277
-0.180381,372.342,0.000183607,-1.76336,-0.369647,1.53421,-3.16166
-0.180381,372.342,0.000183934,-1.91227,-0.343106,1.61903,-3.40405
-0.180381,372.342,0.000184262,-2.05364,-0.315343,1.69351,-3.62903
-0.180381,372.342,0.00018459,-2.18691,-0.286532,1.75747,-3.83582
-0.180381,372.342,0.000184918,-2.31154,-0.256847,1.81081,-4.02371
-0.180381,372.342,0.000185246,-2.42705,-0.226461,1.8535,-4.19213
-0.180381,372.342,0.000185574,-2.53298,-0.19555,1.88561,-4.34063
-0.180381,372.342,0.000185902,-2.62892,-0.164283,1.90726,-4.46886
-0.180381,372.342,0.00018623,-2.71448,-0.13283,1.91866,-4.57659
-0.180381,372.342,0.000186557,-2.78933,-0.101353,1.92009,-4.66369
-0.180381,372.342,0.000186885,-2.85317,-0.0700109,1.91187,-4.73015
-0.180381,372.342,0.000187213,-2.90575,-0.038955,1.89441,-4.77606
-0.180381,372.342,0.000187541,-2.94686,-0.00832954,1.86815,-4.8016
-0.180381,372.342,0.000187869,-2.97634,0.0217293,1.83359,-4.80706
-0.180381,372.342,0.000188197,-2.99408,0.0510941,1.79125,-4.79281
-0.180381,372.342,0.000188525,-3,0.0796469,1.74172,-4.75931
-0.180381,372.342,0.000188852,-2.99408,0.107279,1.68558,-4.70708
-0.180381,372.342,0.00018918,-2.97634,0.133894,1.62346,-4.63674
-0.180381,372.342,0.000189508,-2.94686,0.159401,1.55598,-4.54894
-0.180381,372.342,0.000189836,-2.90575,0.183726,1.48379,-4.44441
-0.180381,372.342,0.000190164,-2.85317,0.2068,1.40752,-4.32394
-0.180381,372.342,0.000190492,-2.78933,0.228567,1.32781,-4.18833
-0.180381,372.342,0.00019082,-2.71448,0.248982,1.24528,-4.03845
-0.180381,372.342,0.000191148,-2.62892,0.268007,1.16055,-3.87518
-0.180381,372.342,0.000191475,-2.53298,0.285617,1.07419,-3.69944
-0.180381,372.342,0.000191803,-2.42705,0.301793,0.986773,-3.51215
-0.180381,372.342,0.000192131,-2.31154,0.316528,0.898818,-3.31425
-0.180381,372.342,0.000192459,-2.18691,0.32982,0.81082,-3.10669
-0.180381,372.342,0.000192787,-2.05364,0.341676,0.723233,-2.89042
-0.180381,372.342,0.000193115,-1.91227,0.35211,0.63647,-2.66637
-0.180381,372.342,0.000193443,-1.76336,0.361141,0.550903,-2.43548
-0.180381,372.342,0.00019377,-1.60748,0.368795,0.466855,-2.19866
-0.180381,372.342,0.000194098,-1.44526,0.3751,0.384607,-1.95683
-0.180381,372.342,0.000194426,-1.27734,0.38009,0.304392,-1.71086
-0.180381,372.342,0.000194754,-1.10437,0.383801,0.226399,-1.46162
-0.180381,372.342,0.000195082,-0.927051,0.386273,0.150771,-1.20995
-0.180381,372.342,0.00019541,-0.74607,0.387545,0.0776079,-0.956657
-0.180381,372.342,0.000195738,-0.562144,0.38766,0.00696757,-0.702529
-0.180381,372.342,0.000196066,-0.376,0.386657,-0.0611305,-0.448326
-0.180381,372.342,0.000196393,-0.188372,0.38458,-0.126703,-0.19478
-0.180381,372.342,0.000196721,-4.40858e-015,0.381469,-0.1898,0.0574038
-0.180381,372.342,0.00180328,2.35368e-014,0.452683,0.090108,-0.245441
-0.180381,372.342,0.00180361,0.188372,0.452374,-0.0188706,0.0514003
-0.180381,372.342,0.00180393,0.376,0.450279,-0.127775,0.348039
-0.180381,372.342,0.00180426,0.562144,0.446408,-0.236175,0.643304
-0.180381,372.342,0.00180459,0.74607,0.440774,-0.343642,0.936031
-0.180381,372.342,0.00180492,0.927051,0.433401,-0.449754,1.22506
-0.180381,372.342,0.00180525,1.10437,0.424318,-0.554091,1.50926
-0.180381,372.342,0.00180557,1.27734,0.41356,-0.65624,1.7875
-0.180381,372.342,0.0018059,1.44526,0.40117,-0.7558,2.05869
-0.180381,372.342,0.00180623,1.60748,0.387196,-0.852378,2.32175
-0.180381,372.342,0.00180656,1.76336,0.371695,-0.945591,2.57565
-0.180381,372.342,0.00180689,1.91227,0.354726,-1.03507,2.81938
-0.180381,372.342,0.00180721,2.05364,0.336358,-1.12047,3.05199
-0.180381,372.342,0.00180754,2.18691,0.316662,-1.20144,3.27255
-0.180381,372.342,0.00180787,2.31154,0.295717,-1.27768,3.4802
-0.180381,372.342,0.0018082,2.42705,0.273604,-1.34887,3.67411
-0.180381,372.342,0.00180852,2.53298,0.250412,-1.41473,3.85353
-0.180381,372.342,0.00180885,2.62892,0.226231,-1.47502,4.01773
-0.180381,372.342,0.00180918,2.71448,0.201158,-1.52948,4.16608
-0.180381,372.342,0.00180951,2.78933,0.17529,-1.57791,4.29799
-0.180381,372.342,0.00180984,2.85317,0.148731,-1.62011,4.41293
-0.180381,372.342,0.00181016,2.90575,0.121585,-1.65591,4.51046
-0.180381,372.342,0.00181049,2.94686,0.0939592,-1.68518,4.59019
-0.180381,372.342,0.00181082,2.97634,0.0659624,-1.7078,4.6518
-0.180381,372.342,0.00181115,2.99408,0.0377054,-1.72368,4.69505
-0.180381,372.342,0.00181148,3,0.00929948,-1.73276,4.71978
-0.180381,372.342,0.0018118,2.99408,-0.0191431,-1.735,4.72588
-0.180381,372.342,0.00181213,2.97634,-0.0475101,-1.73039,4.71332
-0.180381,372.342,0.00181246,2.94686,-0.0756897,-1.71895,4.68217
-0.180381,372.342,0.00181279,2.90575,-0.10357,-1.70073,4.63254
-0.180381,372.342,0.00181311,2.85317,-0.131043,-1.6758,4.56462
-0.180381,372.342,0.00181344,2.78933,-0.157997,-1.64425,4.47869
-0.180381,372.342,0.00181377,2.71448,-0.184329,-1.60621,4.37509
-0.180381,372.342,0.0018141,2.62892,-0.209933,-1.56184,4.25422
-0.180381,372.342,0.00181443,2.53298,-0.234708,-1.5113,4.11655
-0.180381,372.342,0.00181475,2.42705,-0.258557,-1.4548,3.96265
-0.180381,372.342,0.00181508,2.31154,-0.281386,-1.39255,3.7931
-0.180381,372.342,0.00181541,2.18691,-0.303104,-1.32481,3.60859
-0.180381,372.342,0.00181574,2.05364,-0.323626,-1.25184,3.40983
-0.180381,372.342,0.00181607,1.91227,-0.342871,-1.17393,3.19762
-0.180381,372.342,0.00181639,1.76336,-0.360763,-1.09139,2.97278
-0.180381,372.342,0.00181672,1.60748,-0.37723,-1.00454,2.73622
-0.180381,372.342,0.00181705,1.44526,-0.392209,-0.913726,2.48885
-0.180381,372.342,0.00181738,1.27734,-0.405641,-0.819306,2.23167
-0.180381,372.342,0.0018177,1.10437,-0.417471,-0.721652,1.96567
-0.180381,372.342,0.00181803,0.927051,-0.427654,-0.62115,1.69192
-0.180381,372.342,0.00181836,0.74607,-0.436149,-0.518197,1.41149
-0.180381,372.342,0.00181869,0.562144,-0.442923,-0.413199,1.12549
-0.180381,372.342,0.00181902,0.376,-0.447948,-0.30657,0.835052
-0.180381,372.342,0.00181934,0.188372,-0.451206,-0.198732,0.541315
-0.180381,372.342,0.00181967,-1.61725e-013,-0.452684,-0.0901087,0.245442
-0.180381,372.342,0.00182,-0.188372,-0.452374,0.0188699,-0.0513996
-0.180381,372.342,0.00182033,-0.376,-0.45028,0.127774,-0.348038
-0.180381,372.342,0.00182066,-0.562144,-0.446408,0.236174,-0.643304
-0.180381,372.342,0.00182098,-0.74607,-0.440774,0.343642,-0.93603
-0.180381,372.342,0.00182131,-0.927051,-0.433401,0.449753,-1.22506
-0.180381,372.342,0.00182164,-1.10437,-0.424318,0.55409,-1.50926
-0.180381,372.342,0.00182197,-1.27734,-0.41356,0.65624,-1.7875
-0.180381,372.342,0.0018223,-1.44526,-0.40117,0.7558,-2.05869
-0.180381,372.342,0.00182262,-1.60748,-0.387196,0.852377,-2.32175
-0.180381,372.342,0.00182295,-1.76336,-0.371695,0.945591,-2.57565
-0.180381,372.342,0.00182328,-1.91227,-0.354726,1.03507,-2.81938
-0.180381,372.342,0.00182361,-2.05364,-0.336358,1.12047,-3.05199
-0.180381,372.342,0.00182393,-2.18691,-0.316662,1.20144,-3.27255
-0.180381,372.342,0.00182426,-2.31154,-0.295717,1.27768,-3.4802
-0.180381,372.342,0.00182459,-2.42705,-0.273604,1.34887,-3.67411
-0.180381,372.342,0.00182492,-2.53298,-0.250412,1.41473,-3.85353
-0.180381,372.342,0.00182525,-2.62892,-0.226231,1.47502,-4.01773
-0.180381,372.342,0.00182557,-2.71448,-0.201158,1.52948,-4.16608
-0.180381,372.342,0.0018259,-2.78933,-0.17529,1.57791,-4.29799
-0.180381,372.342,0.00182623,-2.85317,-0.148731,1.62011,-4.41293
-0.180381,372.342,0.00182656,-2.90575,-0.121585,1.65591,-4.51046
-0.180381,372.342,0.00182689,-2.94686,-0.0939592,1.68518,-4.59019
-0.180381,372.342,0.00182721,-2.97634,-0.0659625,1.7078,-4.6518
-0.180381,372.342,0.00182754,-2.99408,-0.0377054,1.72368,-4.69505
-0.180381,372.342,0.00182787,-3,-0.0092995,1.73276,-4.71978
-0.180381,372.342,0.0018282,-2.99408,0.0191431,1.735,-4.72588
-0.180381,372.342,0.00182852,-2.97634,0.0475101,1.73039,-4.71332
-0.180381,372.342,0.00182885,-2.94686,0.0756897,1.71895,-4.68217
-0.180381,372.342,0.00182918,-2.90575,0.103571,1.70073,-4.63254
-0.180381,372.342,0.00182951,-2.85317,0.131043,1.6758,-4.56462
-0.180381,372.342,0.00182984,-2.78933,0.157998,1.64425,-4.47869
-0.180381,372.342,0.00183016,-2.71448,0.184329,1.60621,-4.37509
-0.180381,372.342,0.00183049,-2.62892,0.209933,1.56184,-4.25422
-0.180381,372.342,0.00183082,-2.53298,0.234708,1.5113,-4.11656
-0.180381,372.342,0.00183115,-2.42705,0.258557,1.4548,-3.96265
-0.180381,372.342,0.00183148,-2.31154,0.281386,1.39255,-3.7931
-0.180381,372.342,0.0018318,-2.18691,0.303104,1.32481,-3.60859
-0.180381,372.342,0.00183213,-2.05364,0.323626,1.25184,-3.40983
-0.180381,372.342,0.00183246,-1.91227,0.342871,1.17393,-3.19762
-0.180381,372.342,0.00183279,-1.76336,0.360763,1.09139,-2.97278
-0.180381,372.342,0.00183311,-1.60748,0.37723,1.00454,-2.73622
-0.180381,372.342,0.00183344,-1.44526,0.39221,0.913726,-2.48885
-0.180381,372.342,0.00183377,-1.27734,0.405641,0.819305,-2.23167
-0.180381,372.342,0.0018341,-1.10437,0.417471,0.721652,-1.96567
-0.180381,372.342,0.00183443,-0.927051,0.427654,0.62115,-1.69192
-0.180381,372.342,0.00183475,-0.74607,0.436149,0.518197,-1.41149
-0.180381,372.342,0.00183508,-0.562144,0.442923,0.413199,-1.12549
-0.180381,372.342,0.00183541,-0.376,0.447949,0.30657,-0.835051
-0.180381,372.342,0.00183574,-0.188372,0.451206,0.198731,-0.541315
-0.180381,372.342,0.00183607,1.29383e-013,0.452684,0.0901082,-0.245442
-0.180381,372.342,0.00183639,0.188372,0.452374,-0.0188705,0.0514002
-0.180381,372.342,0.00183672,0.376,0.45028,-0.127775,0.348039
-0.180381,372.342,0.00183705,0.562144,0.446408,-0.236175,0.643304
-0.180381,372.342,0.00183738,0.74607,0.440774,-0.343642,0.936031
-0.180381,372.342,0.0018377,0.927051,0.433401,-0.449754,1.22506
-0.180381,372.342,0.00183803,1.10437,0.424318,-0.554091,1.50926
-0.180381,372.342,0.00183836,1.27734,0.41356,-0.656241,1.7875
-0.180381,372.342,0.00183869,1.44526,0.40117,-0.755801,2.05869
-0.180381,372.342,0.00183902,1.60748,0.387196,-0.852378,2.32175
-0.180381,372.342,0.00183934,1.76336,0.371695,-0.945591,2.57565
-0.180381,372.342,0.00183967,1.91227,0.354726,-1.03507,2.81938
-0.180381,372.342,0.00184,2.05364,0.336358,-1.12047,3.05199
-0.180381,372.342,0.00184033,2.18691,0.316662,-1.20144,3.27255
-0.180381,372.342,0.00184066,2.31154,0.295717,-1.27768,3.4802
-0.180381,372.342,0.00184098,2.42705,0.273604,-1.34887,3.67411
-0.180381,372.342,0.00184131,2.53298,0.250412,-1.41473,3.85353
-0.180381,372.342,0.00184164,2.62892,0.226231,-1.47502,4.01773
-0.180381,372.342,0.00184197,2.71448,0.201158,-1.52948,4.16608
-0.180381,372.342,0.0018423,2.78933,0.17529,-1.57791,4.29799
-0.180381,372.342,0.00184262,2.85317,0.148731,-1.62011,4.41293
-0.180381,372.342,0.00184295,2.90575,0.121585,-1.65591,4.51046
-0.180381,372.342,0.00184328,2.94686,0.0939591,-1.68518,4.59019
-0.180381,372.342,0.00184361,2.97634,0.0659624,-1.7078,4.6518
-0.180381,372.342,0.00184393,2.99408,0.0377053,-1.72368,4.69505
-0.180381,372.342,0.00184426,3,0.0092994,-1.73276,4.71978
-0.180381,372.342,0.00184459,2.99408,-0.0191432,-1.735,4.72588
-0.180381,372.342,0.00184492,2.97634,-0.0475102,-1.73039,4.71332
-0.180381,372.342,0.00184525,2.94686,-0.0756898,-1.71895,4.68217
-0.180381,372.342,0.00184557,2.90575,-0.103571,-1.70073,4.63254
-0.180381,372.342,0.0018459,2.85317,-0.131043,-1.6758,4.56462
-0.180381,372.342,0.00184623,2.78933,-0.157998,-1.64425,4.47869
-0.180381,372.342,0.00184656,2.71448,-0.184329,-1.60621,4.37509
-0.180381,372.342,0.00184689,2.62892,-0.209933,-1.56184,4.25422
-0.180381,372.342,0.00184721,2.53298,-0.234708,-1.5113,4.11655
-0.180381,372.342,0.00184754,2.42705,-0.258557,-1.4548,3.96265
-0.180381,372.342,0.00184787,2.31154,-0.281386,-1.39255,3.7931
-0.180381,372.342,0.0018482,2.18691,-0.303104,-1.32481,3.60859
-0.180381,372.342,0.00184852,2.05364,-0.323626,-1.25184,3.40983
-0.180381,372.342,0.00184885,1.91227,-0.342871,-1.17393,3.19762
-0.180381,372.342,0.00184918,1.76336,-0.360763,-1.09139,2.97278
-0.180381,372.342,0.00184951,1.60748,-0.37723,-1.00454,2.73622
-0.180381,372.342,0.00184984,1.44526,-0.39221,-0.913725,2.48885
-0.180381,372.342,0.00185016,1.27734,-0.405641,-0.819305,2.23167
-0.180381,372.342,0.00185049,1.10437,-0.417471,-0.721651,1.96567
-0.180381,372.342,0.00185082,0.927051,-0.427654,-0.62115,1.69192
-0.180381,372.342,0.00185115,0.74607,-0.436149,-0.518197,1.41149
-0.180381,372.342,0.00185148,0.562144,-0.442923,-0.413199,1.12549
-0.180381,372.342,0.0018518,0.376,-0.447948,-0.30657,0.835051
-0.180381,372.342,0.00185213,0.188372,-0.451206,-0.198731,0.541314
-0.180381,372.342,0.00185246,7.34886e-014,-0.452683,-0.090108,0.245441
-0.180381,372.342,0.00185279,-0.188372,-0.452374,0.0188706,-0.0514003
-0.180381,372.342,0.00185311,-0.376,-0.450279,0.127775,-0.348039
-0.180381,372.342,0.00185344,-0.562144,-0.446408,0.236175,-0.643304
-0.180381,372.342,0.00185377,-0.74607,-0.440774,0.343642,-0.936031
-0.180381,372.342,0.0018541,-0.927051,-0.433401,0.449754,-1.22506
-0.180381,372.342,0.00185443,-1.10437,-0.424318,0.554091,-1.50926
-0.180381,372.342,0.00185475,-1.27734,-0.41356,0.65624,-1.7875
-0.180381,372.342,0.00185508,-1.44526,-0.40117,0.7558,-2.05869
-0.180381,372.342,0.00185541,-1.60748,-0.387196,0.852378,-2.32175
-0.180381,372.342,0.00185574,-1.76336,-0.371695,0.945591,-2.57565
-0.180381,372.342,0.00185607,-1.91227,-0.354726,1.03507,-2.81938
-0.180381,372.342,0.00185639,-2.05364,-0.336358,1.12047,-3.05199
-0.180381,372.342,0.00185672,-2.18691,-0.316662,1.20144,-3.27255
-0.180381,372.342,0.00185705,-2.31154,-0.295717,1.27768,-3.4802
-0.180381,372.342,0.00185738,-2.42705,-0.273604,1.34887,-3.67411
-0.180381,372.342,0.0018577,-2.53298,-0.250412,1.41473,-3.85353
-0.180381,372.342,0.00185803,-2.62892,-0.226231,1.47502,-4.01773
-0.180381,372.342,0.00185836,-2.71448,-0.201158,1.52948,-4.16608
-0.180381,372.342,0.00185869,-2.78933,-0.17529,1.57791,-4.29799
-0.180381,372.342,0.00185902,-2.85317,-0.148731,1.62011,-4.41293
-0.180381,372.342,0.00185934,-2.90575,-0.121585,1.65591,-4.51046
-0.180381,372.342,0.00185967,-2.94686,-0.0939592,1.68518,-4.59019
-0.180381,372.342,0.00186,-2.97634,-0.0659624,1.7078,-4.6518
-0.180381,372.342,0.00186033,-2.99408,-0.0377053,1.72368,-4.69505
-0.180381,372.342,0.00186066,-3,-0.00929946,1.73276,-4.71978
-0.180381,372.342,0.00186098,-2.99408,0.0191431,1.735,-4.72588
-0.180381,372.342,0.00186131,-2.97634,0.0475101,1.73039,-4.71332
-0.180381,372.342,0.00186164,-2.94686,0.0756897,1.71895,-4.68217
-0.180381,372.342,0.00186197,-2.90575,0.10357,1.70073,-4.63254
-0.180381,372.342,0.0018623,-2.85317,0.131043,1.6758,-4.56462
-0.180381,372.342,0.00186262,-2.78933,0.157997,1.64425,-4.47869
-0.180381,372.342,0.00186295,-2.71448,0.184329,1.60621,-4.37509
-0.180381,372.342,0.00186328,-2.62892,0.209933,1.56184,-4.25422
-0.180381,372.342,0.00186361,-2.53298,0.234708,1.5113,-4.11655
-0.180381,372.342,0.00186393,-2.42705,0.258557,1.4548,-3.96265
-0.180381,372.342,0.00186426,-2.31154,0.281386,1.39255,-3.7931
-0.180381,372.342,0.00186459,-2.18691,0.303104,1.32481,-3.60859
-0.180381,372.342,0.00186492,-2.05364,0.323626,1.25184,-3.40983
-0.180381,372.342,0.00186525,-1.91227,0.342871,1.17393,-3.19762
-0.180381,372.342,0.00186557,-1.76336,0.360763,1.09139,-2.97278
-0.180381,372.342,0.0018659,-1.60748,0.37723,1.00454,-2.73622
-0.180381,372.342,0.00186623,-1.44526,0.39221,0.913726,-2.48885
-0.180381,372.342,0.00186656,-1.27734,0.405641,0.819305,-2.23167
-0.180381,372.342,0.00186689,-1.10437,0.417471,0.721652,-1.96567
-0.180381,372.342,0.00186721,-0.927051,0.427654,0.62115,-1.69192
-0.180381,372.342,0.00186754,-0.74607,0.436149,0.518197,-1.41149
-0.180381,372.342,0.00186787,-0.562144,0.442923,0.413199,-1.12549
-0.180381,372.342,0.0018682,-0.376,0.447948,0.30657,-0.835052
-0.180381,372.342,0.00186852,-0.188372,0.451206,0.198732,-0.541315
-0.180381,372.342,0.00186885,6.46999e-014,0.452684,0.0901086,-0.245442
-0.180381,372.342,0.00186918,0.188372,0.452374,-0.0188701,0.0513998
-0.180381,372.342,0.00186951,0.376,0.45028,-0.127774,0.348039
-0.180381,372.342,0.00186984,0.562144,0.446408,-0.236174,0.643304
-0.180381,372.342,0.00187016,0.74607,0.440774,-0.343642,0.93603
-0.180381,372.342,0.00187049,0.927051,0.433401,-0.449754,1.22506
-0.180381,372.342,0.00187082,1.10437,0.424318,-0.55409,1.50926
-0.180381,372.342,0.00187115,1.27734,0.41356,-0.65624,1.7875
-0.180381,372.342,0.00187148,1.44526,0.40117,-0.7558,2.05869
-0.180381,372.342,0.0018718,1.60748,0.387196,-0.852377,2.32175
-0.180381,372.342,0.00187213,1.76336,0.371695,-0.945591,2.57565
-0.180381,372.342,0.00187246,1.91227,0.354726,-1.03507,2.81938
-0.180381,372.342,0.00187279,2.05364,0.336358,-1.12047,3.05199
-0.180381,372.342,0.00187311,2.18691,0.316662,-1.20144,3.27255
-0.180381,372.342,0.00187344,2.31154,0.295717,-1.27768,3.4802
-0.180381,372.342,0.00187377,2.42705,0.273604,-1.34887,3.67411
-0.180381,372.342,0.0018741,2.53298,0.250412,-1.41473,3.85353
-0.180381,372.342,0.00187443,2.62892,0.226231,-1.47502,4.01773
-0.180381,372.342,0.00187475,2.71448,0.201158,-1.52948,4.16608
-0.180381,372.342,0.00187508,2.78933,0.17529,-1.57791,4.29799
-0.180381,372.342,0.00187541,2.85317,0.148731,-1.62011,4.41293
-0.180381,372.342,0.00187574,2.90575,0.121585,-1.65591,4.51046
-0.180381,372.342,0.00187607,2.94686,0.0939592,-1.68518,4.59019
-0.180381,372.342,0.00187639,2.97634,0.0659625,-1.7078,4.6518
-0.180381,372.342,0.00187672,2.99408,0.0377054,-1.72368,4.69505
-0.180381,372.342,0.00187705,3,0.00929949,-1.73276,4.71978
-0.180381,372.342,0.00187738,2.99408,-0.0191431,-1.735,4.72588
-0.180381,372.342,0.0018777,2.97634,-0.0475101,-1.73039,4.71332
-0.180381,372.342,0.00187803,2.94686,-0.0756897,-1.71895,4.68217
-0.180381,372.342,0.00187836,2.90575,-0.103571,-1.70073,4.63254
-0.180381,372.342,0.00187869,2.85317,-0.131043,-1.6758,4.56462
-0.180381,372.342,0.00187902,2.78933,-0.157997,-1.64425,4.47869
-0.180381,372.342,0.00187934,2.71448,-0.184329,-1.60621,4.37509
-0.180381,372.342,0.00187967,2.62892,-0.209933,-1.56184,4.25422
-0.180381,372.342,0.00188,2.53298,-0.234708,-1.5113,4.11656
-0.180381,372.342,0.00188033,2.42705,-0.258557,-1.4548,3.96265
-0.180381,372.342,0.00188066,2.31154,-0.281386,-1.39255,3.7931
-0.180381,372.342,0.00188098,2.18691,-0.303104,-1.32481,3.60859
-0.180381,372.342,0.00188131,2.05364,-0.323626,-1.25184,3.40983
-0.180381,372.342,0.00188164,1.91227,-0.342871,-1.17393,3.19762
-0.180381,372.342,0.00188197,1.76336,-0.360763,-1.09139,2.97278
-0.180381,372.342,0.0018823,1.60748,-0.37723,-1.00454,2.73622
-0.180381,372.342,0.00188262,1.44526,-0.39221,-0.913726,2.48885
-0.180381,372.342,0.00188295,1.27734,-0.405641,-0.819305,2.23167
-0.180381,372.342,0.00188328,1.10437,-0.417471,-0.721652,1.96567
-0.180381,372.342,0.00188361,0.927051,-0.427654,-0.62115,1.69192
-0.180381,372.342,0.00188393,0.74607,-0.436149,-0.518197,1.41149
-0.180381,372.342,0.00188426,0.562144,-0.442923,-0.413199,1.12549
-0.180381,372.342,0.00188459,0.376,-0.447948,-0.30657,0.835051
-0.180381,372.342,0.00188492,0.188372,-0.451206,-0.198731,0.541315
-0.180381,372.342,0.00188525,-3.23581e-014,-0.452684,-0.0901083,0.245442
-0.180381,372.342,0.00188557,-0.188372,-0.452374,0.0188704,-0.0514001
-0.180381,372.342,0.0018859,-0.376,-0.45028,0.127775,-0.348039
-0.180381,372.342,0.00188623,-0.562144,-0.446408,0.236175,-0.643304
-0.180381,372.342,0.00188656,-0.74607,-0.440774,0.343642,-0.936031
-0.180381,372.342,0.00188689,-0.927051,-0.433401,0.449754,-1.22506
-0.180381,372.342,0.00188721,-1.10437,-0.424318,0.554091,-1.50926
-0.180381,372.342,0.00188754,-1.27734,-0.41356,0.656241,-1.7875
-0.180381,372.342,0.00188787,-1.44526,-0.40117,0.755801,-2.05869
-0.180381,372.342,0.0018882,-1.60748,-0.387196,0.852378,-2.32175
-0.180381,372.342,0.00188852,-1.76336,-0.371695,0.945591,-2.57565
-0.180381,372.342,0.00188885,-1.91227,-0.354726,1.03507,-2.81938
-0.180381,372.342,0.00188918,-2.05364,-0.336358,1.12047,-3.05199
-0.180381,372.342,0.00188951,-2.18691,-0.316662,1.20144,-3.27255
-0.180381,372.342,0.00188984,-2.31154,-0.295717,1.27768,-3.4802
-0.180381,372.342,0.00189016,-2.42705,-0.273604,1.34887,-3.67411
-0.180381,372.342,0.00189049,-2.53298,-0.250412,1.41473,-3.85353
-0.180381,372.342,0.00189082,-2.62892,-0.226231,1.47502,-4.01773
-0.180381,372.342,0.00189115,-2.71448,-0.201158,1.52948,-4.16608
-0.180381,372.342,0.00189148,-2.78933,-0.17529,1.57791,-4.29799
-0.180381,372.342,0.0018918,-2.85317,-0.148731,1.62011,-4.41293
-0.180381,372.342,0.00189213,-2.90575,-0.121585,1.65591,-4.51046
-0.180381,372.342,0.00189246,-2.94686,-0.0939591,1.68518,-4.59019
-0.180381,372.342,0.00189279,-2.97634,-0.0659624,1.7078,-4.6518
-0.180381,372.342,0.00189311,-2.99408,-0.0377053,1.72368,-4.69505
-0.180381,372.342,0.00189344,-3,-0.00929942,1.73276,-4.71978
-0.180381,372.342,0.00189377,-2.99408,0.0191432,1.735,-4.72588
-0.180381,372.342,0.0018941,-2.97634,0.0475102,1.73039,-4.71332
-0.180381,372.342,0.00189443,-2.94686,0.0756897,1.71895,-4.68217
-0.180381,372.342,0.00189475,-2.90575,0.103571,1.70073,-4.63254
-0.180381,372.342,0.00189508,-2.85317,0.131043,1.6758,-4.56462
-0.180381,372.342,0.00189541,-2.78933,0.157998,1.64425,-4.47869
-0.180381,372.342,0.00189574,-2.71448,0.184329,1.60621,-4.37509
-0.180381,372.342,0.00189607,-2.62892,0.209933,1.56184,-4.25422
-0.180381,372.342,0.00189639,-2.53298,0.234708,1.5113,-4.11655
-0.180381,372.342,0.00189672,-2.42705,0.258557,1.4548,-3.96265
-0.180381,372.342,0.00189705,-2.31154,0.281386,1.39255,-3.7931
-0.180381,372.342,0.00189738,-2.18691,0.303104,1.32481,-3.60859
-0.180381,372.342,0.0018977,-2.05364,0.323626,1.25184,-3.40983
-0.180381,372.342,0.00189803,-1.91227,0.342871,1.17393,-3.19762
-0.180381,372.342,0.00189836,-1.76336,0.360763,1.09139,-2.97278
-0.180381,372.342,0.00189869,-1.60748,0.37723,1.00454,-2.73622
-0.180381,372.342,0.00189902,-1.44526,0.39221,0.913725,-2.48885
-0.180381,372.342,0.00189934,-1.27734,0.405641,0.819305,-2.23167
-0.180381,372.342,0.00189967,-1.10437,0.417471,0.721651,-1.96567
-0.180381,372.342,0.0019,-0.927051,0.427654,0.62115,-1.69192
-0.180381,372.342,0.00190033,-0.74607,0.436149,0.518197,-1.41149
-0.180381,372.342,0.00190066,-0.562144,0.442923,0.413199,-1.12549
-0.180381,372.342,0.00190098,-0.376,0.447948,0.30657,-0.835051
-0.180381,372.342,0.00190131,-0.188372,0.451206,0.198731,-0.541314
-0.180381,372.342,0.00190164,1.6263e-017,0.452684,0.0901081,-0.245441
-0.180381,372.342,0.00190197,0.188372,0.452374,-0.0188705,0.0514002
-0.180381,372.342,0.0019023,0.376,0.450279,-0.127775,0.348039
-0.180381,372.342,0.00190262,0.562144,0.446408,-0.236175,0.643304
-0.180381,372.342,0.00190295,0.74607,0.440774,-0.343642,0.936031
-0.180381,372.342,0.00190328,0.927051,0.433401,-0.449754,1.22506
-0.180381,372.342,0.00190361,1.10437,0.424318,-0.554091,1.50926
-0.180381,372.342,0.00190393,1.27734,0.41356,-0.65624,1.7875
-0.180381,372.342,0.00190426,1.44526,0.40117,-0.755801,2.05869
-0.180381,372.342,0.00190459,1.60748,0.387196,-0.852378,2.32175
-0.180381,372.342,0.00190492,1.76336,0.371695,-0.945591,2.57565
-0.180381,372.342,0.00190525,1.91227,0.354726,-1.03507,2.81938
-0.180381,372.342,0.00190557,2.05364,0.336358,-1.12047,3.05199
-0.180381,372.342,0.0019059,2.18691,0.316662,-1.20144,3.27255
-0.180381,372.342,0.00190623,2.31154,0.295717,-1.27768,3.4802
-0.180381,372.342,0.00190656,2.42705,0.273604,-1.34887,3.67411
-0.180381,372.342,0.00190689,2.53298,0.250412,-1.41473,3.85353
-0.180381,372.342,0.00190721,2.62892,0.226231,-1.47502,4.01773
-0.180381,372.342,0.00190754,2.71448,0.201158,-1.52948,4.16608
-0.180381,372.342,0.00190787,2.78933,0.17529,-1.57791,4.29799
-0.180381,372.342,0.0019082,2.85317,0.148731,-1.62011,4.41293
-0.180381,372.342,0.00190852,2.90575,0.121585,-1.65591,4.51046
-0.180381,372.342,0.00190885,2.94686,0.0939592,-1.68518,4.59019
-0.180381,372.342,0.00190918,2.97634,0.0659624,-1.7078,4.6518
-0.180381,372.342,0.00190951,2.99408,0.0377053,-1.72368,4.69505
-0.180381,372.342,0.00190984,3,0.00929946,-1.73276,4.71978
-0.180381,372.342,0.00191016,2.99408,-0.0191431,-1.735,4.72588
-0.180381,372.342,0.00191049,2.97634,-0.0475102,-1.73039,4.71332
-0.180381,372.342,0.00191082,2.94686,-0.0756897,-1.71895,4.68217
-0.180381,372.342,0.00191115,2.90575,-0.103571,-1.70073,4.63254
-0.180381,372.342,0.00191148,2.85317,-0.131043,-1.6758,4.56462
-0.180381,372.342,0.0019118,2.78933,-0.157997,-1.64425,4.47869
-0.180381,372.342,0.00191213,2.71448,-0.184329,-1.60621,4.37509
-0.180381,372.342,0.00191246,2.62892,-0.209933,-1.56184,4.25422
-0.180381,372.342,0.00191279,2.53298,-0.234708,-1.5113,4.11655
-0.180381,372.342,0.00191311,2.42705,-0.258557,-1.4548,3.96265
-0.180381,372.342,0.00191344,2.31154,-0.281386,-1.39255,3.7931
-0.180381,372.342,0.00191377,2.18691,-0.303104,-1.32481,3.60859
-0.180381,372.342,0.0019141,2.05364,-0.323626,-1.25184,3.40983
-0.180381,372.342,0.00191443,1.91227,-0.342871,-1.17393,3.19762
-0.180381,372.342,0.00191475,1.76336,-0.360763,-1.09139,2.97278
-0.180381,372.342,0.00191508,1.60748,-0.37723,-1.00454,2.73622
-0.180381,372.342,0.00191541,1.44526,-0.39221,-0.913726,2.48885
-0.180381,372.342,0.00191574,1.27734,-0.405641,-0.819305,2.23167
-0.180381,372.342,0.00191607,1.10437,-0.417471,-0.721652,1.96567
-0.180381,372.342,0.00191639,0.927051,-0.427654,-0.62115,1.69192
-0.180381,372.342,0.00191672,0.74607,-0.436149,-0.518197,1.41149
-0.180381,372.342,0.00191705,0.562144,-0.442923,-0.413199,1.12549
-0.180381,372.342,0.00191738,0.376,-0.447948,-0.30657,0.835051
-0.180381,372.342,0.0019177,0.188372,-0.451206,-0.198731,0.541315
-0.180381,372.342,0.00191803,3.23255e-014,-0.452684,-0.0901085,0.245442
-0.180381,372.342,0.00191836,-0.188372,-0.452374,0.0188702,-0.0513999
-0.180381,372.342,0.00191869,-0.376,-0.45028,0.127774,-0.348039
-0.180381,372.342,0.00191902,-0.562144,-0.446408,0.236174,-0.643304
-0.180381,372.342,0.00191934,-0.74607,-0.440774,0.343642,-0.93603
-0.180381,372.342,0.00191967,-0.927051,-0.433401,0.449754,-1.22506
-0.180381,372.342,0.00192,-1.10437,-0.424318,0.55409,-1.50926
-0.180381,372.342,0.00192033,-1.27734,-0.41356,0.65624,-1.7875
-0.180381,372.342,0.00192066,-1.44526,-0.40117,0.7558,-2.05869
-0.180381,372.342,0.00192098,-1.60748,-0.387196,0.852378,-2.32175
-0.180381,372.342,0.00192131,-1.76336,-0.371695,0.945591,-2.57565
-0.180381,372.342,0.00192164,-1.91227,-0.354726,1.03507,-2.81938
-0.180381,372.342,0.00192197,-2.05364,-0.336358,1.12047,-3.05199
-0.180381,372.342,0.0019223,-2.18691,-0.316662,1.20144,-3.27255
-0.180381,372.342,0.00192262,-2.31154,-0.295717,1.27768,-3.4802
-0.180381,372.342,0.00192295,-2.42705,-0.273604,1.34887,-3.67411
-0.180381,372.342,0.00192328,-2.53298,-0.250412,1.41473,-3.85353
-0.180381,372.342,0.00192361,-2.62892,-0.226231,1.47502,-4.01773
-0.180381,372.342,0.00192393,-2.71448,-0.201158,1.52948,-4.16608
-0.180381,372.342,0.00192426,-2.78933,-0.17529,1.57791,-4.29799
-0.180381,372.342,0.00192459,-2.85317,-0.148731,1.62011,-4.41293
-0.180381,372.342,0.00192492,-2.90575,-0.121585,1.65591,-4.51046
-0.180381,372.342,0.00192525,-2.94686,-0.0939592,1.68518,-4.59019
-0.180381,372.342,0.00192557,-2.97634,-0.0659624,1.7078,-4.6518
-0.180381,372.342,0.0019259,-2.99408,-0.0377054,1.72368,-4.69505
-0.180381,372.342,0.00192623,-3,-0.00929948,1.73276,-4.71978
-0.180381,372.342,0.00192656,-2.99408,0.0191431,1.735,-4.72588
-0.180381,372.342,0.00192689,-2.97634,0.0475101,1.73039,-4.71332
-0.180381,372.342,0.00192721,-2.94686,0.0756897,1.71895,-4.68217
-0.180381,372.342,0.00192754,-2.90575,0.103571,1.70073,-4.63254
-0.180381,372.342,0.00192787,-2.85317,0.131043,1.6758,-4.56462
-0.180381,372.342,0.0019282,-2.78933,0.157997,1.64425,-4.47869
-0.180381,372.342,0.00192852,-2.71448,0.184329,1.60621,-4.37509
-0.180381,372.342,0.00192885,-2.62892,0.209933,1.56184,-4.25422
-0.180381,372.342,0.00192918,-2.53298,0.234708,1.5113,-4.11656
-0.180381,372.342,0.00192951,-2.42705,0.258557,1.4548,-3.96265
-0.180381,372.342,0.00192984,-2.31154,0.281386,1.39255,-3.7931
-0.180381,372.342,0.00193016,-2.18691,0.303104,1.32481,-3.60859
-0.180381,372.342,0.00193049,-2.05364,0.323626,1.25184,-3.40983
-0.180381,372.342,0.00193082,-1.91227,0.342871,1.17393,-3.19762
-0.180381,372.342,0.00193115,-1.76336,0.360763,1.09139,-2.97278
-0.180381,372.342,0.00193148,-1.60748,0.37723,1.00454,-2.73622
-0.180381,372.342,0.0019318,-1.44526,0.39221,0.913726,-2.48885
-0.180381,372.342,0.00193213,-1.27734,0.405641,0.819305,-2.23167
-0.180381,372.342,0.00193246,-1.10437,0.417471,0.721652,-1.96567
-0.180381,372.342,0.00193279,-0.927051,0.427654,0.62115,-1.69192
-0.180381,372.342,0.00193311,-0.74607,0.436149,0.518197,-1.41149
-0.180381,372.342,0.00193344,-0.562144,0.442923,0.413199,-1.12549
-0.180381,372.342,0.00193377,-0.376,0.447948,0.30657,-0.835051
-0.180381,372.342,0.0019341,-0.188372,0.451206,0.198731,-0.541315
-0.180381,372.342,0.00193443,1.05863e-013,0.452684,0.0901083,-0.245442
-0.180381,372.342,0.00193475,0.188372,0.452374,-0.0188704,0.0514
-0.180381,372.342,0.00193508,0.376,0.45028,-0.127775,0.348039
-0.180381,372.342,0.00193541,0.562144,0.446408,-0.236174,0.643304
-0.180381,372.342,0.00193574,0.74607,0.440774,-0.343642,0.936031
-0.180381,372.342,0.00193607,0.927051,0.433401,-0.449754,1.22506
-0.180381,372.342,0.00193639,1.10437,0.424318,-0.554091,1.50926
-0.180381,372.342,0.00193672,1.27734,0.41356,-0.656241,1.7875
-0.180381,372.342,0.00193705,1.44526,0.40117,-0.755801,2.05869
-0.180381,372.342,0.00193738,1.60748,0.387196,-0.852378,2.32175
-0.180381,372.342,0.0019377,1.76336,0.371695,-0.945591,2.57565
-0.180381,372.342,0.00193803,1.91227,0.354726,-1.03507,2.81938
-0.180381,372.342,0.00193836,2.05364,0.336358,-1.12047,3.05199
-0.180381,372.342,0.00193869,2.18691,0.316662,-1.20144,3.27255
-0.180381,372.342,0.00193902,2.31154,0.295717,-1.27768,3.4802
-0.180381,372.342,0.00193934,2.42705,0.273604,-1.34887,3.67411
-0.180381,372.342,0.00193967,2.53298,0.250412,-1.41473,3.85353
-0.180381,372.342,0.00194,2.62892,0.226231,-1.47502,4.01773
-0.180381,372.342,0.00194033,2.71448,0.201158,-1.52948,4.16608
-0.180381,372.342,0.00194066,2.78933,0.17529,-1.57791,4.29799
-0.180381,372.342,0.00194098,2.85317,0.148731,-1.62011,4.41293
-0.180381,372.342,0.00194131,2.90575,0.121585,-1.65591,4.51046
-0.180381,372.342,0.00194164,2.94686,0.0939592,-1.68518,4.59019
-0.180381,372.342,0.00194197,2.97634,0.0659624,-1.7078,4.6518
-0.180381,372.342,0.0019423,2.99408,0.0377053,-1.72368,4.69505
-0.180381,372.342,0.00194262,3,0.00929943,-1.73276,4.71978
-0.180381,372.342,0.00194295,2.99408,-0.0191432,-1.735,4.72588
-0.180381,372.342,0.00194328,2.97634,-0.0475102,-1.73039,4.71332
-0.180381,372.342,0.00194361,2.94686,-0.0756897,-1.71895,4.68217
-0.180381,372.342,0.00194393,2.90575,-0.103571,-1.70073,4.63254
-0.180381,372.342,0.00194426,2.85317,-0.131043,-1.6758,4.56462
-0.180381,372.342,0.00194459,2.78933,-0.157998,-1.64425,4.47869
-0.180381,372.342,0.00194492,2.71448,-0.184329,-1.60621,4.37509
-0.180381,372.342,0.00194525,2.62892,-0.209933,-1.56184,4.25422
-0.180381,372.342,0.00194557,2.53298,-0.234708,-1.5113,4.11655
-0.180381,372.342,0.0019459,2.42705,-0.258557,-1.4548,3.96265
-0.180381,372.342,0.00194623,2.31154,-0.281386,-1.39255,3.7931
-0.180381,372.342,0.00194656,2.18691,-0.303104,-1.32481,3.60859
-0.180381,372.342,0.00194689,2.05364,-0.323626,-1.25184,3.40983
-0.180381,372.342,0.00194721,1.91227,-0.342871,-1.17393,3.19762
-0.180381,372.342,0.00194754,1.76336,-0.360763,-1.09139,2.97278
-0.180381,372.342,0.00194787,1.60748,-0.37723,-1.00454,2.73622
-0.180381,372.342,0.0019482,1.44526,-0.39221,-0.913725,2.48885
-0.180381,372.342,0.00194852,1.27734,-0.405641,-0.819305,2.23167
-0.180381,372.342,0.00194885,1.10437,-0.417471,-0.721652,1.96567
-0.180381,372.342,0.00194918,0.927051,-0.427654,-0.62115,1.69192
-0.180381,372.342,0.00194951,0.74607,-0.436149,-0.518197,1.41149
-0.180381,372.342,0.00194984,0.562144,-0.442923,-0.413199,1.12549
-0.180381,372.342,0.00195016,0.376,-0.447948,-0.30657,0.835051
-0.180381,372.342,0.00195049,0.188372,-0.451206,-0.198731,0.541315
-0.180381,372.342,0.00195082,-7.35211e-014,-0.452684,-0.0901082,0.245441
-0.180381,372.342,0.00195115,-0.188372,-0.452374,0.0188705,-0.0514002
-0.180381,372.342,0.00195148,-0.376,-0.45028,0.127775,-0.348039
-0.180381,372.342,0.0019518,-0.562144,-0.446408,0.236175,-0.643304
-0.180381,372.342,0.00195213,-0.74607,-0.440774,0.343642,-0.936031
-0.180381,372.342,0.00195246,-0.927051,-0.433401,0.449754,-1.22506
-0.180381,372.342,0.00195279,-1.10437,-0.424318,0.554091,-1.50926
-0.180381,372.342,0.00195311,-1.27734,-0.41356,0.65624,-1.7875
-0.180381,372.342,0.00195344,-1.44526,-0.40117,0.755801,-2.05869
-0.180381,372.342,0.00195377,-1.60748,-0.387196,0.852378,-2.32175
-0.180381,372.342,0.0019541,-1.76336,-0.371695,0.945591,-2.57565
-0.180381,372.342,0.00195443,-1.91227,-0.354726,1.03507,-2.81938
-0.180381,372.342,0.00195475,-2.05364,-0.336358,1.12047,-3.05199
-0.180381,372.342,0.00195508,-2.18691,-0.316662,1.20144,-3.27255
-0.180381,372.342,0.00195541,-2.31154,-0.295717,1.27768,-3.4802
-0.180381,372.342,0.00195574,-2.42705,-0.273604,1.34887,-3.67411
-0.180381,372.342,0.00195607,-2.53298,-0.250412,1.41473,-3.85353
-0.180381,372.342,0.00195639,-2.62892,-0.226231,1.47502,-4.01773
-0.180381,372.342,0.00195672,-2.71448,-0.201158,1.52948,-4.16608
-0.180381,372.342,0.00195705,-2.78933,-0.17529,1.57791,-4.29799
-0.180381,372.342,0.00195738,-2.85317,-0.148731,1.62011,-4.41293
-0.180381,372.342,0.0019577,-2.90575,-0.121585,1.65591,-4.51046
-0.180381,372.342,0.00195803,-2.94686,-0.0939592,1.68518,-4.59019
-0.180381,372.342,0.00195836,-2.97634,-0.0659624,1.7078,-4.6518
-0.180381,372.342,0.00195869,-2.99408,-0.0377053,1.72368,-4.69505
-0.180381,372.342,0.00195902,-3,-0.00929945,1.73276,-4.71978
-0.180381,372.342,0.00195934,-2.99408,0.0191431,1.735,-4.72588
-0.180381,372.342,0.00195967,-2.97634,0.0475102,1.73039,-4.71332
-0.180381,372.342,0.00196,-2.94686,0.0756897,1.71895,-4.68217
-0.180381,372.342,0.00196033,-2.90575,0.103571,1.70073,-4.63254
-0.180381,372.342,0.00196066,-2.85317,0.131043,1.6758,-4.56462
-0.180381,372.342,0.00196098,-2.78933,0.157997,1.64425,-4.47869
-0.180381,372.342,0.00196131,-2.71448,0.184329,1.60621,-4.37509
-0.180381,372.342,0.00196164,-2.62892,0.209933,1.56184,-4.25422
-0.180381,372.342,0.00196197,-2.53298,0.234708,1.5113,-4.11655
-0.180381,372.342,0.0019623,-2.42705,0.258557,1.4548,-3.96265
-0.180381,372.342,0.00196262,-2.31154,0.281386,1.39255,-3.7931
-0.180381,372.342,0.00196295,-2.18691,0.303104,1.32481,-3.60859
-0.180381,372.342,0.00196328,-2.05364,0.323626,1.25184,-3.40983
-0.180381,372.342,0.00196361,-1.91227,0.342871,1.17393,-3.19762
-0.180381,372.342,0.00196393,-1.76336,0.360763,1.09139,-2.97278
-0.180381,372.342,0.00196426,-1.60748,0.37723,1.00454,-2.73622
-0.180381,372.342,0.00196459,-1.44526,0.39221,0.913725,-2.48885
-0.180381,372.342,0.00196492,-1.27734,0.405641,0.819305,-2.23167
-0.180381,372.342,0.00196525,-1.10437,0.417471,0.721652,-1.96567
-0.180381,372.342,0.00196557,-0.927051,0.427654,0.62115,-1.69192
-0.180381,372.342,0.0019659,-0.74607,0.436149,0.518197,-1.41149
-0.180381,372.342,0.00196623,-0.562144,0.442923,0.413199,-1.12549
-0.180381,372.342,0.00196656,-0.376,0.447948,0.30657,-0.835051
-0.180381,372.342,0.00196689,-0.188372,0.451206,0.198731,-0.541315
-0.180381,372.342,0.00196721,-1.29351e-013,0.452684,0.0901084,-0.245442
