Amp, Phaseshift, Time, Vd, Vr, VL, VC
1.79293,371.399,0,0,0,0,0
1.79293,371.399,1.90476e-007,0.188372,0.00179401,0.188372,0
1.79293,371.399,3.80952e-007,0.376,0.00535788,0.374206,0.000683434
1.79293,371.399,5.71429e-007,0.562144,0.0106541,0.556103,0.00272453
1.79293,371.399,7.61905e-007,0.74607,0.0176321,0.732691,0.00678323
1.79293,371.399,9.52381e-007,0.927051,0.0262286,0.902636,0.0135002
1.79293,371.399,1.14286e-006,1.10437,0.0363681,1.06464,0.0234921
1.79293,371.399,1.33333e-006,1.27734,0.0479631,1.21748,0.0373466
1.79293,371.399,1.52381e-006,1.44526,0.0609151,1.35995,0.0556183
1.79293,371.399,1.71429e-006,1.60748,0.0751145,1.49095,0.078824
1.79293,371.399,1.90476e-006,1.76336,0.0904423,1.60942,0.107439
1.79293,371.399,2.09524e-006,1.91227,0.10677,1.71439,0.141893
1.79293,371.399,2.28571e-006,2.05364,0.12396,1.80498,0.182568
1.79293,371.399,2.47619e-006,2.18691,0.141868,1.88038,0.22979
1.79293,371.399,2.66667e-006,2.31154,0.160344,1.93988,0.283836
1.79293,371.399,2.85714e-006,2.42705,0.179228,1.98287,0.344919
1.79293,371.399,3.04762e-006,2.53298,0.19836,2.00884,0.413196
1.79293,371.399,3.2381e-006,2.62892,0.217573,2.01736,0.488762
1.79293,371.399,3.42857e-006,2.71448,0.236698,2.00815,0.571647
1.79293,371.399,3.61905e-006,2.78933,0.255565,1.98098,0.661817
1.79293,371.399,3.80952e-006,2.85317,0.274001,1.93579,0.759175
1.79293,371.399,4e-006,2.90575,0.291835,1.87257,0.863556
1.79293,371.399,4.19048e-006,2.94686,0.308896,1.79147,0.974732
1.79293,371.399,4.38095e-006,2.97634,0.325017,1.69272,1.09241
1.79293,371.399,4.57143e-006,2.99408,0.340033,1.57666,1.21622
1.79293,371.399,4.7619e-006,3,0.353783,1.44374,1.34576
1.79293,371.399,4.95238e-006,2.99408,0.366112,1.29454,1.48053
1.79293,371.399,5.14286e-006,2.97634,0.376871,1.1297,1.62
1.79293,371.399,5.33333e-006,2.94686,0.385919,0.949986,1.76357
1.79293,371.399,5.52381e-006,2.90575,0.393121,0.756256,1.91059
1.79293,371.399,5.71429e-006,2.85317,0.398354,0.549457,2.06035
1.79293,371.399,5.90476e-006,2.78933,0.401503,0.330624,2.21211
1.79293,371.399,6.09524e-006,2.71448,0.402463,0.100873,2.36506
1.79293,371.399,6.28571e-006,2.62892,0.401143,-0.138602,2.51838
1.79293,371.399,6.47619e-006,2.53298,0.397462,-0.386538,2.67119
1.79293,371.399,6.66667e-006,2.42705,0.391352,-0.641606,2.82261
1.79293,371.399,6.85714e-006,2.31154,0.382757,-0.902421,2.9717
1.79293,371.399,7.04762e-006,2.18691,0.371638,-1.16755,3.11751
1.79293,371.399,7.2381e-006,2.05364,0.357966,-1.4355,3.25908
1.79293,371.399,7.42857e-006,1.91227,0.34173,-1.70478,3.39545
1.79293,371.399,7.61905e-006,1.76336,0.322932,-1.97383,3.52563
1.79293,371.399,7.80952e-006,1.60748,0.301588,-2.24109,3.64866
1.79293,371.399,8e-006,1.44526,0.277731,-2.50498,3.76355
1.79293,371.399,8.19048e-006,1.27734,0.251408,-2.76394,3.86935
1.79293,371.399,8.38095e-006,1.10437,0.22268,-3.01638,3.96512
1.79293,371.399,8.57143e-006,0.927051,0.191626,-3.26075,4.04995
1.79293,371.399,8.7619e-006,0.74607,0.158335,-3.49551,4.12295
1.79293,371.399,8.95238e-006,0.562144,0.122915,-3.71915,4.18327
1.79293,371.399,9.14286e-006,0.376,0.0854843,-3.93019,4.2301
1.79293,371.399,9.33333e-006,0.188372,0.0461775,-4.12721,4.26266
1.79293,371.399,9.52381e-006,1.69965e-015,0.00514093,-4.30884,4.28025
1.79293,371.399,9.71429e-006,-0.188372,-0.0374664,-4.47377,4.28221
1.79293,371.399,9.90476e-006,-0.376,-0.0814735,-4.62075,4.26794
1.79293,371.399,1.00952e-005,-0.562144,-0.126698,-4.74861,4.2369
1.79293,371.399,1.02857e-005,-0.74607,-0.172949,-4.85627,4.18864
1.79293,371.399,1.04762e-005,-0.927051,-0.220022,-4.94274,4.12275
1.79293,371.399,1.06667e-005,-1.10437,-0.267709,-5.0071,4.03893
1.79293,371.399,1.08571e-005,-1.27734,-0.31579,-5.04856,3.93695
1.79293,371.399,1.10476e-005,-1.44526,-0.364042,-5.06642,3.81665
1.79293,371.399,1.12381e-005,-1.60748,-0.412233,-5.06009,3.67796
1.79293,371.399,1.14286e-005,-1.76336,-0.460129,-5.02909,3.52092
1.79293,371.399,1.1619e-005,-1.91227,-0.507492,-4.97307,3.34564
1.79293,371.399,1.18095e-005,-2.05364,-0.55408,-4.89179,3.15231
1.79293,371.399,1.2e-005,-2.18691,-0.599653,-4.78513,2.94123
1.79293,371.399,1.21905e-005,-2.31154,-0.643968,-4.65311,2.71279
1.79293,371.399,1.2381e-005,-2.42705,-0.686786,-4.49587,2.46747
1.79293,371.399,1.25714e-005,-2.53298,-0.727869,-4.31366,2.20583
1.79293,371.399,1.27619e-005,-2.62892,-0.766982,-4.10689,1.92855
1.79293,371.399,1.29524e-005,-2.71448,-0.803897,-3.87605,1.63637
1.79293,371.399,1.31429e-005,-2.78933,-0.83839,-3.6218,1.33012
1.79293,371.399,1.33333e-005,-2.85317,-0.870246,-3.3449,1.01073
1.79293,371.399,1.35238e-005,-2.90575,-0.899258,-3.04624,0.679212
1.79293,371.399,1.37143e-005,-2.94686,-0.925228,-2.72682,0.336637
1.79293,371.399,1.39048e-005,-2.97634,-0.947968,-2.38775,-0.0158306
1.79293,371.399,1.40952e-005,-2.99408,-0.967304,-2.03028,-0.376961
1.79293,371.399,1.42857e-005,-3,-0.983073,-1.65573,-0.745458
1.79293,371.399,1.44762e-005,-2.99408,-0.995126,-1.26555,-1.11996
1.79293,371.399,1.46667e-005,-2.97634,-1.00333,-0.861256,-1.49906
1.79293,371.399,1.48571e-005,-2.94686,-1.00756,-0.444475,-1.88128
1.79293,371.399,1.50476e-005,-2.90575,-1.00772,-0.0169096,-2.26511
1.79293,371.399,1.52381e-005,-2.85317,-1.00373,0.419664,-2.64901
1.79293,371.399,1.54286e-005,-2.78933,-0.995503,0.863402,-3.03138
1.79293,371.399,1.5619e-005,-2.71448,-0.983004,1.3124,-3.41062
1.79293,371.399,1.58095e-005,-2.62892,-0.966197,1.7647,-3.78509
1.79293,371.399,1.6e-005,-2.53298,-0.94507,2.21831,-4.15317
1.79293,371.399,1.61905e-005,-2.42705,-0.919631,2.67119,-4.5132
1.79293,371.399,1.6381e-005,-2.31154,-0.889904,3.12129,-4.86353
1.79293,371.399,1.65714e-005,-2.18691,-0.855937,3.56653,-5.20254
1.79293,371.399,1.67619e-005,-2.05364,-0.817796,4.00484,-5.52861
1.79293,371.399,1.69524e-005,-1.91227,-0.775566,4.43414,-5.84016
1.79293,371.399,1.71429e-005,-1.76336,-0.729353,4.85237,-6.13561
1.79293,371.399,1.73333e-005,-1.60748,-0.679282,5.25748,-6.41346
1.79293,371.399,1.75238e-005,-1.44526,-0.625496,5.64748,-6.67223
1.79293,371.399,1.77143e-005,-1.27734,-0.568159,6.02039,-6.91052
1.79293,371.399,1.79048e-005,-1.10437,-0.507451,6.3743,-7.12696
1.79293,371.399,1.80952e-005,-0.927051,-0.443572,6.70736,-7.32027
1.79293,371.399,1.82857e-005,-0.74607,-0.376736,7.01777,-7.48925
1.79293,371.399,1.84762e-005,-0.562144,-0.307175,7.30384,-7.63277
1.79293,371.399,1.86667e-005,-0.376,-0.235138,7.56395,-7.74979
1.79293,371.399,1.88571e-005,-0.188372,-0.160885,7.79656,-7.83937
1.79293,371.399,1.90476e-005,-3.3993e-015,-0.0846921,8.00025,-7.90066
1.79293,371.399,1.92381e-005,0.188372,-0.00684717,8.17372,-7.93292
1.79293,371.399,1.94286e-005,0.376,0.0723506,8.31577,-7.93553
1.79293,371.399,1.9619e-005,0.562144,0.152592,8.42532,-7.90797
1.79293,371.399,1.98095e-005,0.74607,0.233558,8.50144,-7.84984
1.79293,371.399,2e-005,0.927051,0.314923,8.54333,-7.76086
1.79293,371.399,2.01905e-005,1.10437,0.396354,8.55031,-7.64089
1.79293,371.399,2.0381e-005,1.27734,0.477515,8.52187,-7.4899
1.79293,371.399,2.05714e-005,1.44526,0.558064,8.45764,-7.30799
1.79293,371.399,2.07619e-005,1.60748,0.637658,8.3574,-7.09539
1.79293,371.399,2.09524e-005,1.76336,0.715955,8.22109,-6.85247
1.79293,371.399,2.11429e-005,1.91227,0.79261,8.04879,-6.57973
1.79293,371.399,2.13333e-005,2.05364,0.867284,7.84076,-6.27778
1.79293,371.399,2.15238e-005,2.18691,0.93964,7.59741,-5.94739
1.79293,371.399,2.17143e-005,2.31154,1.00935,7.31929,-5.58943
1.79293,371.399,2.19048e-005,2.42705,1.07608,7.00713,-5.20492
1.79293,371.399,2.20952e-005,2.53298,1.13953,6.66182,-4.79498
1.79293,371.399,2.22857e-005,2.62892,1.19938,6.28437,-4.36088
1.79293,371.399,2.24762e-005,2.71448,1.25534,5.87598,-3.90397
1.79293,371.399,2.26667e-005,2.78933,1.30713,5.43796,-3.42574
1.79293,371.399,2.28571e-005,2.85317,1.35448,4.97178,-2.92779
1.79293,371.399,2.30476e-005,2.90575,1.39714,4.47906,-2.4118
1.79293,371.399,2.32381e-005,2.94686,1.43487,3.96152,-1.87955
1.79293,371.399,2.34286e-005,2.97634,1.46745,3.42103,-1.33294
1.79293,371.399,2.3619e-005,2.99408,1.49468,2.85957,-0.773909
1.79293,371.399,2.38095e-005,3,1.51639,2.27923,-0.204506
1.79293,371.399,2.4e-005,2.99408,1.53241,1.6822,0.373166
1.79293,371.399,2.41905e-005,2.97634,1.54261,1.07077,0.956941
1.79293,371.399,2.4381e-005,2.94686,1.54687,0.447312,1.5446
1.79293,371.399,2.45714e-005,2.90575,1.5451,-0.185721,2.13388
1.79293,371.399,2.47619e-005,2.85317,1.53723,-0.825815,2.72249
1.79293,371.399,2.49524e-005,2.78933,1.52323,-1.4704,3.30811
1.79293,371.399,2.51429e-005,2.71448,1.50307,-2.11686,3.88839
1.79293,371.399,2.53333e-005,2.62892,1.47676,-2.76254,4.46098
1.79293,371.399,2.55238e-005,2.53298,1.44433,-3.40476,5.02356
1.79293,371.399,2.57143e-005,2.42705,1.40585,-4.04084,5.57378
1.79293,371.399,2.59048e-005,2.31154,1.36139,-4.66809,6.10934
1.79293,371.399,2.60952e-005,2.18691,1.31107,-5.28383,6.62797
1.79293,371.399,2.62857e-005,2.05364,1.25502,-5.8854,7.12743
1.79293,371.399,2.64762e-005,1.91227,1.1934,-6.47017,7.60553
1.79293,371.399,2.66667e-005,1.76336,1.12639,-7.03557,8.06016
1.79293,371.399,2.68571e-005,1.60748,1.05421,-7.57907,8.48926
1.79293,371.399,2.70476e-005,1.44526,0.977085,-8.09821,8.89086
1.79293,371.399,2.72381e-005,1.27734,0.89527,-8.59061,9.26308
1.79293,371.399,2.74286e-005,1.10437,0.809041,-9.05398,9.60414
1.79293,371.399,2.7619e-005,0.927051,0.718697,-9.48613,9.91235
1.79293,371.399,2.78095e-005,0.74607,0.624555,-9.88497,10.1861
1.79293,371.399,2.8e-005,0.562144,0.526949,-10.2485,10.4241
1.79293,371.399,2.81905e-005,0.376,0.426235,-10.575,10.6248
1.79293,371.399,2.8381e-005,0.188372,0.322781,-10.8627,10.7872
1.79293,371.399,2.85714e-005,6.43122e-015,0.216972,-11.11,10.9101
1.79293,371.399,2.87619e-005,-0.188372,0.109205,-11.3155,10.9928
1.79293,371.399,2.89524e-005,-0.376,-0.000108924,-11.478,11.0344
1.79293,371.399,2.91429e-005,-0.562144,-0.110551,-11.5964,11.0344
1.79293,371.399,2.93333e-005,-0.74607,-0.221693,-11.6699,10.9922
1.79293,371.399,2.95238e-005,-0.927051,-0.333099,-11.6976,10.9078
1.79293,371.399,2.97143e-005,-1.10437,-0.444328,-11.6791,10.7809
1.79293,371.399,2.99048e-005,-1.27734,-0.554936,-11.6139,10.6116
1.79293,371.399,3.00952e-005,-1.44526,-0.664479,-11.502,10.4002
1.79293,371.399,3.02857e-005,-1.60748,-0.77251,-11.3432,10.1471
1.79293,371.399,3.04762e-005,-1.76336,-0.878585,-11.1379,9.8528
1.79293,371.399,3.06667e-005,-1.91227,-0.982266,-10.8865,9.5181
1.79293,371.399,3.08571e-005,-2.05364,-1.08312,-10.5895,9.1439
1.79293,371.399,3.10476e-005,-2.18691,-1.18072,-10.2477,8.73129
1.79293,371.399,3.12381e-005,-2.31154,-1.27464,-9.86211,8.28149
1.79293,371.399,3.14286e-005,-2.42705,-1.36449,-9.4339,7.79591
1.79293,371.399,3.1619e-005,-2.53298,-1.44986,-8.96441,7.27611
1.79293,371.399,3.18095e-005,-2.62892,-1.53039,-8.45517,6.72378
1.79293,371.399,3.2e-005,-2.71448,-1.6057,-7.90787,6.14078
1.79293,371.399,3.21905e-005,-2.78933,-1.67546,-7.32441,5.52908
1.79293,371.399,3.2381e-005,-2.85317,-1.73933,-6.70679,4.89081
1.79293,371.399,3.25714e-005,-2.90575,-1.79702,-6.05723,4.22821
1.79293,371.399,3.27619e-005,-2.94686,-1.84824,-5.37805,3.54363
1.79293,371.399,3.29524e-005,-2.97634,-1.89273,-4.67174,2.83954
1.79293,371.399,3.31429e-005,-2.99408,-1.93026,-3.94089,2.1185
1.79293,371.399,3.33333e-005,-3,-1.96063,-3.18824,1.38316
1.79293,371.399,3.35238e-005,-2.99408,-1.98364,-2.41661,0.636255
1.79293,371.399,3.37143e-005,-2.97634,-1.99916,-1.62896,-0.119418
1.79293,371.399,3.39048e-005,-2.94686,-2.00705,-0.828287,-0.881002
1.79293,371.399,3.40952e-005,-2.90575,-2.00721,-0.0177023,-1.64559
1.79293,371.399,3.42857e-005,-2.85317,-1.9996,0.799635,-2.41024
1.79293,371.399,3.44762e-005,-2.78933,-1.98416,1.62051,-3.172
1.79293,371.399,3.46667e-005,-2.71448,-1.96091,2.44168,-3.92787
1.79293,371.399,3.48571e-005,-2.62892,-1.92986,3.25986,-4.67488
1.79293,371.399,3.50476e-005,-2.53298,-1.89109,4.07176,-5.41007
1.79293,371.399,3.52381e-005,-2.42705,-1.84467,4.8741,-6.13048
1.79293,371.399,3.54286e-005,-2.31154,-1.79073,5.66361,-6.83321
1.79293,371.399,3.5619e-005,-2.18691,-1.72942,6.43703,-7.51539
1.79293,371.399,3.58095e-005,-2.05364,-1.66093,7.19117,-8.17422
1.79293,371.399,3.6e-005,-1.91227,-1.58548,7.92288,-8.80696
1.79293,371.399,3.61905e-005,-1.76336,-1.5033,8.62908,-9.41095
1.79293,371.399,3.6381e-005,-1.60748,-1.41466,9.30676,-9.98363
1.79293,371.399,3.65714e-005,-1.44526,-1.31987,9.95303,-10.5226
1.79293,371.399,3.67619e-005,-1.27734,-1.21925,10.5651,-11.0254
1.79293,371.399,3.69524e-005,-1.10437,-1.11315,11.1402,-11.4898
1.79293,371.399,3.71429e-005,-0.927051,-1.00195,11.6759,-11.9139
1.79293,371.399,3.73333e-005,-0.74607,-0.886051,12.1698,-12.2956
1.79293,371.399,3.75238e-005,-0.562144,-0.765865,12.6195,-12.6331
1.79293,371.399,3.77143e-005,-0.376,-0.641836,13.023,-12.9249
1.79293,371.399,3.79048e-005,-0.188372,-0.514423,13.3784,-13.1694
1.79293,371.399,3.80952e-005,-6.7986e-015,-0.384101,13.6838,-13.3654
1.79293,371.399,3.82857e-005,0.188372,-0.25136,13.9378,-13.5117
1.79293,371.399,3.84762e-005,0.376,-0.116702,14.1391,-13.6075
1.79293,371.399,3.86667e-005,0.562144,0.0193577,14.2863,-13.6519
1.79293,371.399,3.88571e-005,0.74607,0.156297,14.3786,-13.6445
1.79293,371.399,3.90476e-005,0.927051,0.293585,14.4153,-13.585
1.79293,371.399,3.92381e-005,1.10437,0.430688,14.3958,-13.4732
1.79293,371.399,3.94286e-005,1.27734,0.567067,14.3198,-13.3091
1.79293,371.399,3.9619e-005,1.44526,0.702184,14.1873,-13.0931
1.79293,371.399,3.98095e-005,1.60748,0.835502,13.9983,-12.8256
1.79293,371.399,4e-005,1.76336,0.966487,13.7534,-12.5073
1.79293,371.399,4.01905e-005,1.91227,1.09461,13.4531,-12.1391
1.79293,371.399,4.0381e-005,2.05364,1.21935,13.0981,-11.7221
1.79293,371.399,4.05714e-005,2.18691,1.34021,12.6896,-11.2576
1.79293,371.399,4.07619e-005,2.31154,1.45667,12.2289,-10.747
1.79293,371.399,4.09524e-005,2.42705,1.56827,11.7174,-10.1921
1.79293,371.399,4.11429e-005,2.53298,1.67452,11.1568,-9.59466
1.79293,371.399,4.13333e-005,2.62892,1.77499,10.5491,-8.95674
1.79293,371.399,4.15238e-005,2.71448,1.86924,9.89623,-8.28056
1.79293,371.399,4.17143e-005,2.78933,1.95687,9.20065,-7.56847
1.79293,371.399,4.19048e-005,2.85317,2.03748,8.46477,-6.82299
1.79293,371.399,4.20952e-005,2.90575,2.11073,7.69126,-6.04681
1.79293,371.399,4.22857e-005,2.94686,2.17628,6.88294,-5.24272
1.79293,371.399,4.24762e-005,2.97634,2.23384,6.04278,-4.41366
1.79293,371.399,4.26667e-005,2.99408,2.28311,5.1739,-3.56267
1.79293,371.399,4.28571e-005,3,2.32387,4.27956,-2.69292
1.79293,371.399,4.30476e-005,2.99408,2.3559,3.36313,-1.80763
1.79293,371.399,4.32381e-005,2.97634,2.37902,2.42808,-0.91015
1.79293,371.399,4.34286e-005,2.94686,2.3931,1.47799,-0.00385548
1.79293,371.399,4.3619e-005,2.90575,2.39802,0.516506,0.907801
1.79293,371.399,4.38095e-005,2.85317,2.39371,-0.452649,1.82133
1.79293,371.399,4.4e-005,2.78933,2.38013,-1.42571,2.73322
1.79293,371.399,4.41905e-005,2.71448,2.35728,-2.39887,3.63994
1.79293,371.399,4.4381e-005,2.62892,2.3252,-3.3683,4.53795
1.79293,371.399,4.45714e-005,2.53298,2.28396,-4.33017,5.42374
1.79293,371.399,4.47619e-005,2.42705,2.23367,-5.28065,6.29382
1.79293,371.399,4.49524e-005,2.31154,2.17447,-6.21595,7.14474
1.79293,371.399,4.51429e-005,2.18691,2.10655,-7.13231,7.97311
1.79293,371.399,4.53333e-005,2.05364,2.03011,-8.02602,8.77561
1.79293,371.399,4.55238e-005,1.91227,1.94541,-8.89344,9.54898
1.79293,371.399,4.57143e-005,1.76336,1.85273,-9.73103,10.2901
1.79293,371.399,4.59048e-005,1.60748,1.75239,-10.5353,10.9959
1.79293,371.399,4.60952e-005,1.44526,1.64475,-11.303,11.6635
1.79293,371.399,4.62857e-005,1.27734,1.53017,-12.0309,12.29
1.79293,371.399,4.64762e-005,1.10437,1.40906,-12.7158,12.873
1.79293,371.399,4.66667e-005,0.927051,1.28187,-13.355,13.4097
1.79293,371.399,4.68571e-005,0.74607,1.14906,-13.9456,13.8981
1.79293,371.399,4.70476e-005,0.562144,1.01111,-14.485,14.3358
1.79293,371.399,4.72381e-005,0.376,0.868526,-14.9709,14.721
1.79293,371.399,4.74286e-005,0.188372,0.721848,-15.4012,15.0519
1.79293,371.399,4.7619e-005,7.16598e-015,0.571623,-15.7737,15.3269
1.79293,371.399,4.78095e-005,-0.188372,0.418414,-16.0869,15.5446
1.79293,371.399,4.8e-005,-0.376,0.262805,-16.339,15.704
1.79293,371.399,4.81905e-005,-0.562144,0.105386,-16.529,15.8041
1.79293,371.399,4.8381e-005,-0.74607,-0.0532386,-16.6556,15.8443
1.79293,371.399,4.85714e-005,-0.927051,-0.212459,-16.7181,15.824
1.79293,371.399,4.87619e-005,-1.10437,-0.371658,-16.7159,15.7431
1.79293,371.399,4.89524e-005,-1.27734,-0.530217,-16.6487,15.6015
1.79293,371.399,4.91429e-005,-1.44526,-0.687517,-16.5165,15.3995
1.79293,371.399,4.93333e-005,-1.60748,-0.842941,-16.3195,15.1376
1.79293,371.399,4.95238e-005,-1.76336,-0.995874,-16.058,14.8165
1.79293,371.399,4.97143e-005,-1.91227,-1.14571,-15.7329,14.4371
1.79293,371.399,4.99048e-005,-2.05364,-1.29185,-15.345,14.0006
1.79293,371.399,5.00952e-005,-2.18691,-1.43372,-14.8957,13.5085
1.79293,371.399,5.02857e-005,-2.31154,-1.57073,-14.3863,12.9623
1.79293,371.399,5.04762e-005,-2.42705,-1.70234,-13.8186,12.3639
1.79293,371.399,5.06667e-005,-2.53298,-1.828,-13.1946,11.7154
1.79293,371.399,5.08571e-005,-2.62892,-1.9472,-12.5163,11.019
1.79293,371.399,5.10476e-005,-2.71448,-2.05945,-11.7863,10.2772
1.79293,371.399,5.12381e-005,-2.78933,-2.16428,-11.0071,9.4927
1.79293,371.399,5.14286e-005,-2.85317,-2.26125,-10.1816,8.66821
1.79293,371.399,5.1619e-005,-2.90575,-2.34994,-9.31271,7.80678
1.79293,371.399,5.18095e-005,-2.94686,-2.42998,-8.4037,6.91156
1.79293,371.399,5.2e-005,-2.97634,-2.501,-7.45793,5.98586
1.79293,371.399,5.21905e-005,-2.99408,-2.56271,-6.47893,5.03309
1.79293,371.399,5.2381e-005,-3,-2.61481,-5.47039,4.05682
1.79293,371.399,5.25714e-005,-2.99408,-2.65706,-4.4361,3.06071
1.79293,371.399,5.27619e-005,-2.97634,-2.68925,-3.37999,2.04849
1.79293,371.399,5.29524e-005,-2.94686,-2.71121,-2.30611,1.02402
1.79293,371.399,5.31429e-005,-2.90575,-2.72281,-1.21856,-0.00882182
1.79293,371.399,5.33333e-005,-2.85317,-2.72397,-0.121533,-1.04608
1.79293,371.399,5.35238e-005,-2.78933,-2.71463,0.980728,-2.08379
1.79293,371.399,5.37143e-005,-2.71448,-2.69479,2.08394,-3.11793
1.79293,371.399,5.39048e-005,-2.62892,-2.66446,3.1838,-4.14452
1.79293,371.399,5.40952e-005,-2.53298,-2.62374,4.276,-5.15955
1.79293,371.399,5.42857e-005,-2.42705,-2.57273,5.35624,-6.15907
1.79293,371.399,5.44762e-005,-2.31154,-2.51158,6.42026,-7.13916
1.79293,371.399,5.46667e-005,-2.18691,-2.4405,7.46384,-8.09595
1.79293,371.399,5.48571e-005,-2.05364,-2.35971,8.48281,-9.02567
1.79293,371.399,5.50476e-005,-1.91227,-2.26949,9.4731,-9.9246
1.79293,371.399,5.52381e-005,-1.76336,-2.17015,10.4307,-10.7892
1.79293,371.399,5.54286e-005,-1.60748,-2.06204,11.3518,-11.6159
1.79293,371.399,5.5619e-005,-1.44526,-1.94553,12.2327,-12.4014
1.79293,371.399,5.58095e-005,-1.27734,-1.82106,13.0696,-13.1426
1.79293,371.399,5.6e-005,-1.10437,-1.68907,13.8593,-13.8363
1.79293,371.399,5.61905e-005,-0.927051,-1.55004,14.5983,-14.4798
1.79293,371.399,5.6381e-005,-0.74607,-1.40448,15.2837,-15.0703
1.79293,371.399,5.65714e-005,-0.562144,-1.25293,15.9126,-15.6053
1.79293,371.399,5.67619e-005,-0.376,-1.09596,16.4822,-16.0826
1.79293,371.399,5.69524e-005,-0.188372,-0.934144,16.9902,-16.5001
1.79293,371.399,5.71429e-005,-1.28624e-014,-0.768103,17.4343,-16.856
1.79293,371.399,5.73333e-005,0.188372,-0.598461,17.8125,-17.1486
1.79293,371.399,5.75238e-005,0.376,-0.42586,18.1231,-17.3766
1.79293,371.399,5.77143e-005,0.562144,-0.250959,18.3646,-17.5388
1.79293,371.399,5.79048e-005,0.74607,-0.0744275,18.5358,-17.6344
1.79293,371.399,5.80952e-005,0.927051,0.103057,18.6359,-17.6628
1.79293,371.399,5.82857e-005,1.10437,0.28081,18.6641,-17.6235
1.79293,371.399,5.84762e-005,1.27734,0.458144,18.62,-17.5165
1.79293,371.399,5.86667e-005,1.44526,0.634369,18.5037,-17.342
1.79293,371.399,5.88571e-005,1.60748,0.808799,18.3151,-17.1003
1.79293,371.399,5.90476e-005,1.76336,0.98075,18.0549,-16.7922
1.79293,371.399,5.92381e-005,1.91227,1.14955,17.7237,-16.4186
1.79293,371.399,5.94286e-005,2.05364,1.31453,17.3227,-15.9807
1.79293,371.399,5.9619e-005,2.18691,1.47503,16.8531,-15.4799
1.79293,371.399,5.98095e-005,2.31154,1.63043,16.3164,-14.918
1.79293,371.399,6e-005,2.42705,1.78009,15.7146,-14.2969
1.79293,371.399,6.01905e-005,2.53298,1.92342,15.0498,-13.6188
1.79293,371.399,6.0381e-005,2.62892,2.05984,14.3243,-12.886
1.79293,371.399,6.05714e-005,2.71448,2.1888,13.5407,-12.1013
1.79293,371.399,6.07619e-005,2.78933,2.30977,12.7018,-11.2675
1.79293,371.399,6.09524e-005,2.85317,2.42226,11.8109,-10.3876
1.79293,371.399,6.11429e-005,2.90575,2.52579,10.8711,-9.46481
1.79293,371.399,6.13333e-005,2.94686,2.61994,9.88589,-8.50261
1.79293,371.399,6.15238e-005,2.97634,2.70431,8.85901,-7.50454
1.79293,371.399,6.17143e-005,2.99408,2.77854,7.7943,-6.47432
1.79293,371.399,6.19048e-005,3,2.84231,6.69578,-5.41583
1.79293,371.399,6.20952e-005,2.99408,2.89534,5.5676,-4.33304
1.79293,371.399,6.22857e-005,2.97634,2.93738,4.41405,-3.23006
1.79293,371.399,6.24762e-005,2.94686,2.96823,3.23954,-2.11106
1.79293,371.399,6.26667e-005,2.90575,2.98774,2.04858,-0.980304
1.79293,371.399,6.28571e-005,2.85317,2.99579,0.845734,0.157883
1.79293,371.399,6.30476e-005,2.78933,2.99232,-0.364347,1.29914
1.79293,371.399,6.32381e-005,2.71448,2.9773,-1.57698,2.43907
1.79293,371.399,6.34286e-005,2.62892,2.95076,-2.78746,3.57328
1.79293,371.399,6.3619e-005,2.53298,2.91275,-3.99106,4.69738
1.79293,371.399,6.38095e-005,2.42705,2.86339,-5.18308,5.807
1.79293,371.399,6.4e-005,2.31154,2.80282,-6.35884,6.89781
1.79293,371.399,6.41905e-005,2.18691,2.73127,-7.51373,7.96555
1.79293,371.399,6.4381e-005,2.05364,2.64895,-8.64318,9.00604
1.79293,371.399,6.45714e-005,1.91227,2.55616,-9.74271,10.0152
1.79293,371.399,6.47619e-005,1.76336,2.45323,-10.808,10.9889
1.79293,371.399,6.49524e-005,1.60748,2.34052,-11.8347,11.9235
1.79293,371.399,6.51429e-005,1.44526,2.21843,-12.8188,12.8151
1.79293,371.399,6.53333e-005,1.27734,2.08742,-13.7562,13.6602
1.79293,371.399,6.55238e-005,1.10437,1.94796,-14.6433,14.4555
1.79293,371.399,6.57143e-005,0.927051,1.80057,-15.4764,15.1975
1.79293,371.399,6.59048e-005,0.74607,1.64579,-16.252,15.8835
1.79293,371.399,6.60952e-005,0.562144,1.4842,-16.9671,16.5104
1.79293,371.399,6.62857e-005,0.376,1.3164,-17.6186,17.0758
1.79293,371.399,6.64762e-005,0.188372,1.14303,-18.2039,17.5773
1.79293,371.399,6.66667e-005,1.32298e-014,0.96474,-18.7204,18.0128
1.79293,371.399,6.68571e-005,-0.188372,0.782208,-19.1659,18.3803
1.79293,371.399,6.70476e-005,-0.376,0.596127,-19.5385,18.6783
1.79293,371.399,6.72381e-005,-0.562144,0.407208,-19.8365,18.9054
1.79293,371.399,6.74286e-005,-0.74607,0.216173,-20.0586,19.0605
1.79293,371.399,6.7619e-005,-0.927051,0.0237567,-20.2037,19.1428
1.79293,371.399,6.78095e-005,-1.10437,-0.1693,-20.271,19.1519
1.79293,371.399,6.8e-005,-1.27734,-0.362252,-20.2599,19.0874
1.79293,371.399,6.81905e-005,-1.44526,-0.554351,-20.1704,18.9494
1.79293,371.399,6.8381e-005,-1.60748,-0.744851,-20.0025,18.7382
1.79293,371.399,6.85714e-005,-1.76336,-0.93301,-19.7567,18.4545
1.79293,371.399,6.87619e-005,-1.91227,-1.11809,-19.4337,18.099
1.79293,371.399,6.89524e-005,-2.05364,-1.29938,-19.0346,17.6731
1.79293,371.399,6.91429e-005,-2.18691,-1.47614,-18.5606,17.1781
1.79293,371.399,6.93333e-005,-2.31154,-1.6477,-18.0135,16.6157
1.79293,371.399,6.95238e-005,-2.42705,-1.81337,-17.3951,15.9881
1.79293,371.399,6.97143e-005,-2.53298,-1.97249,-16.7077,15.2972
1.79293,371.399,6.99048e-005,-2.62892,-2.12443,-15.9537,14.5458
1.79293,371.399,7.00952e-005,-2.71448,-2.26858,-15.1359,13.7365
1.79293,371.399,7.02857e-005,-2.78933,-2.40436,-14.2573,12.8723
1.79293,371.399,7.04762e-005,-2.85317,-2.53123,-13.3211,11.9563
1.79293,371.399,7.06667e-005,-2.90575,-2.64867,-12.3309,10.9921
1.79293,371.399,7.08571e-005,-2.94686,-2.75619,-11.2903,9.98305
1.79293,371.399,7.10476e-005,-2.97634,-2.85337,-10.2032,8.93307
1.79293,371.399,7.12381e-005,-2.99408,-2.93978,-9.07379,7.84608
1.79293,371.399,7.14286e-005,-3,-3.01508,-7.90629,6.72616
1.79293,371.399,7.1619e-005,-2.99408,-3.07894,-6.70516,5.57756
1.79293,371.399,7.18095e-005,-2.97634,-3.13108,-5.47496,4.40463
1.79293,371.399,7.2e-005,-2.94686,-3.17128,-4.22041,3.21183
1.79293,371.399,7.21905e-005,-2.90575,-3.19934,-2.94631,2.00373
1.79293,371.399,7.2381e-005,-2.85317,-3.21512,-1.65756,0.784933
1.79293,371.399,7.25714e-005,-2.78933,-3.21854,-0.359139,-0.439876
1.79293,371.399,7.27619e-005,-2.71448,-3.20955,0.943938,-1.66599
1.79293,371.399,7.29524e-005,-2.62892,-3.18816,2.24662,-2.88867
1.79293,371.399,7.31429e-005,-2.53298,-3.15441,3.54385,-4.10321
1.79293,371.399,7.33333e-005,-2.42705,-3.1084,4.83057,-5.30489
1.79293,371.399,7.35238e-005,-2.31154,-3.05029,6.10175,-6.48904
1.79293,371.399,7.37143e-005,-2.18691,-2.98027,7.35243,-7.65106
1.79293,371.399,7.39048e-005,-2.05364,-2.89857,8.57768,-8.7864
1.79293,371.399,7.40952e-005,-1.91227,-2.8055,9.7727,-9.89062
1.79293,371.399,7.42857e-005,-1.76336,-2.70138,10.9328,-10.9594
1.79293,371.399,7.44762e-005,-1.60748,-2.58659,12.0533,-11.9885
1.79293,371.399,7.46667e-005,-1.44526,-2.46154,13.1298,-12.9738
1.79293,371.399,7.48571e-005,-1.27734,-2.3267,14.158,-13.9116
1.79293,371.399,7.50476e-005,-1.10437,-2.18257,15.1339,-14.7979
1.79293,371.399,7.52381e-005,-0.927051,-2.02968,16.0535,-15.6294
1.79293,371.399,7.54286e-005,-0.74607,-1.8686,16.913,-16.4026
1.79293,371.399,7.5619e-005,-0.562144,-1.69995,17.7091,-17.1144
1.79293,371.399,7.58095e-005,-0.376,-1.52434,18.4384,-17.762
1.79293,371.399,7.6e-005,-0.188372,-1.34246,19.098,-18.3427
1.79293,371.399,7.61905e-005,-1.35972e-014,-1.15498,19.6852,-18.8542
1.79293,371.399,7.6381e-005,0.188372,-0.962621,20.1975,-19.2942
1.79293,371.399,7.65714e-005,0.376,-0.766118,20.6328,-19.6609
1.79293,371.399,7.67619e-005,0.562144,-0.566222,20.9891,-19.9527
1.79293,371.399,7.69524e-005,0.74607,-0.363698,21.265,-20.1684
1.79293,371.399,7.71429e-005,0.927051,-0.159325,21.4592,-20.307
1.79293,371.399,7.73333e-005,1.10437,0.0461104,21.5707,-20.3677
1.79293,371.399,7.75238e-005,1.27734,0.251814,21.5989,-20.3501
1.79293,371.399,7.77143e-005,1.44526,0.456991,21.5436,-20.2542
1.79293,371.399,7.79048e-005,1.60748,0.660845,21.4047,-20.0801
1.79293,371.399,7.80952e-005,1.76336,0.862584,21.1826,-19.8283
1.79293,371.399,7.82857e-005,1.91227,1.06142,20.878,-19.4997
1.79293,371.399,7.84762e-005,2.05364,1.25658,20.4919,-19.0954
1.79293,371.399,7.86667e-005,2.18691,1.4473,20.0257,-18.6167
1.79293,371.399,7.88571e-005,2.31154,1.63284,19.4809,-18.0653
1.79293,371.399,7.90476e-005,2.42705,1.81245,18.8595,-17.4433
1.79293,371.399,7.92381e-005,2.53298,1.98544,18.1638,-16.7528
1.79293,371.399,7.94286e-005,2.62892,2.15112,17.3963,-15.9965
1.79293,371.399,7.9619e-005,2.71448,2.30883,16.5598,-15.177
1.79293,371.399,7.98095e-005,2.78933,2.45795,15.6575,-14.2974
1.79293,371.399,8e-005,2.85317,2.59788,14.6927,-13.3611
1.79293,371.399,8.01905e-005,2.90575,2.72806,13.669,-12.3714
1.79293,371.399,8.0381e-005,2.94686,2.84797,12.5902,-11.3322
1.79293,371.399,8.05714e-005,2.97634,2.95712,11.4605,-10.2472
1.79293,371.399,8.07619e-005,2.99408,3.05506,10.2842,-9.12069
1.79293,371.399,8.09524e-005,3,3.1414,9.06563,-7.95686
1.79293,371.399,8.11429e-005,2.99408,3.21578,7.80954,-6.76014
1.79293,371.399,8.13333e-005,2.97634,3.27788,6.5207,-5.53508
1.79293,371.399,8.15238e-005,2.94686,3.32744,5.20406,-4.28636
1.79293,371.399,8.17143e-005,2.90575,3.36425,3.86467,-3.01876
1.79293,371.399,8.19048e-005,2.85317,3.38813,2.50769,-1.73715
1.79293,371.399,8.20952e-005,2.78933,3.39897,1.13835,-0.44643
1.79293,371.399,8.22857e-005,2.71448,3.3967,-0.238061,0.848416
1.79293,371.399,8.24762e-005,2.62892,3.38131,-1.6162,2.1424
1.79293,371.399,8.26667e-005,2.53298,3.35283,-2.99073,3.43052
1.79293,371.399,8.28571e-005,2.42705,3.31134,-4.3563,4.70779
1.79293,371.399,8.30476e-005,2.31154,3.25698,-5.70759,5.96925
1.79293,371.399,8.32381e-005,2.18691,3.18994,-7.03933,7.21
1.79293,371.399,8.34286e-005,2.05364,3.11045,-8.34631,8.42522
1.79293,371.399,8.3619e-005,1.91227,3.0188,-9.6234,9.61016
1.79293,371.399,8.38095e-005,1.76336,2.91532,-10.8656,10.7602
1.79293,371.399,8.4e-005,1.60748,2.80039,-12.068,11.8708
1.79293,371.399,8.41905e-005,1.44526,2.67443,-13.2259,12.9376
1.79293,371.399,8.4381e-005,1.27734,2.5379,-14.3347,13.9564
1.79293,371.399,8.45714e-005,1.10437,2.39133,-15.3899,14.9232
1.79293,371.399,8.47619e-005,0.927051,2.23526,-16.3875,15.8342
1.79293,371.399,8.49524e-005,0.74607,2.07028,-17.3234,16.6857
1.79293,371.399,8.51429e-005,0.562144,1.897,-18.1939,17.4744
1.79293,371.399,8.53333e-005,0.376,1.71609,-18.9954,18.1971
1.79293,371.399,8.55238e-005,0.188372,1.52824,-19.7248,18.8508
1.79293,371.399,8.57143e-005,1.39646e-014,1.33415,-20.3791,19.433
1.79293,371.399,8.59048e-005,-0.188372,1.13457,-20.9556,19.9413
1.79293,371.399,8.60952e-005,-0.376,0.930271,-21.4519,20.3735
1.79293,371.399,8.62857e-005,-0.562144,0.722025,-21.8659,20.7279
1.79293,371.399,8.64762e-005,-0.74607,0.510634,-22.196,21.0029
1.79293,371.399,8.66667e-005,-0.927051,0.296914,-22.4406,21.1975
1.79293,371.399,8.68571e-005,-1.10437,0.0816878,-22.5988,21.3106
1.79293,371.399,8.70476e-005,-1.27734,-0.134213,-22.6696,21.3417
1.79293,371.399,8.72381e-005,-1.44526,-0.349954,-22.6527,21.2906
1.79293,371.399,8.74286e-005,-1.60748,-0.564697,-22.5481,21.1573
1.79293,371.399,8.7619e-005,-1.76336,-0.777611,-22.3559,20.9421
1.79293,371.399,8.78095e-005,-1.91227,-0.987866,-22.0768,20.6459
1.79293,371.399,8.8e-005,-2.05364,-1.19464,-21.7117,20.2696
1.79293,371.399,8.81905e-005,-2.18691,-1.39714,-21.2618,19.8145
1.79293,371.399,8.8381e-005,-2.31154,-1.59456,-20.7289,19.2822
1.79293,371.399,8.85714e-005,-2.42705,-1.78612,-20.1147,18.6748
1.79293,371.399,8.87619e-005,-2.53298,-1.97109,-19.4216,17.9943
1.79293,371.399,8.89524e-005,-2.62892,-2.14873,-18.6522,17.2435
1.79293,371.399,8.91429e-005,-2.71448,-2.31834,-17.8092,16.4249
1.79293,371.399,8.93333e-005,-2.78933,-2.47926,-16.8959,15.5417
1.79293,371.399,8.95238e-005,-2.85317,-2.63083,-15.9156,14.5972
1.79293,371.399,8.97143e-005,-2.90575,-2.77247,-14.8721,13.595
1.79293,371.399,8.99048e-005,-2.94686,-2.90361,-13.7694,12.5388
1.79293,371.399,9.00952e-005,-2.97634,-3.02372,-12.6116,11.4327
1.79293,371.399,9.02857e-005,-2.99408,-3.13232,-11.4031,10.2808
1.79293,371.399,9.04762e-005,-3,-3.22897,-10.1485,9.08753
1.79293,371.399,9.06667e-005,-2.99408,-3.31328,-8.85264,7.85745
1.79293,371.399,9.08571e-005,-2.97634,-3.38491,-7.52051,6.59524
1.79293,371.399,9.10476e-005,-2.94686,-3.44355,-6.1572,5.30576
1.79293,371.399,9.12381e-005,-2.90575,-3.48896,-4.76796,3.99393
1.79293,371.399,9.14286e-005,-2.85317,-3.52094,-3.35814,2.6648
1.79293,371.399,9.1619e-005,-2.78933,-3.53935,-1.93319,1.32349
1.79293,371.399,9.18095e-005,-2.71448,-3.5441,-0.498622,-0.0248323
1.79293,371.399,9.2e-005,-2.62892,-3.53515,0.940012,-1.37497
1.79293,371.399,9.21905e-005,-2.53298,-3.51251,2.37713,-2.72169
1.79293,371.399,9.2381e-005,-2.42705,-3.47625,3.80714,-4.05979
1.79293,371.399,9.25714e-005,-2.31154,-3.42649,5.2245,-5.38407
1.79293,371.399,9.27619e-005,-2.18691,-3.36341,6.62366,-6.6894
1.79293,371.399,9.29524e-005,-2.05364,-3.28723,7.99917,-7.9707
1.79293,371.399,9.31429e-005,-1.91227,-3.19822,9.34566,-9.22298
1.79293,371.399,9.33333e-005,-1.76336,-3.09672,10.6578,-10.4413
1.79293,371.399,9.35238e-005,-1.60748,-2.98309,11.9306,-11.621
1.79293,371.399,9.37143e-005,-1.44526,-2.85777,13.1589,-12.7575
1.79293,371.399,9.39048e-005,-1.27734,-2.72122,14.3379,-13.8461
1.79293,371.399,9.40952e-005,-1.10437,-2.57395,15.463,-14.8828
1.79293,371.399,9.42857e-005,-0.927051,-2.41653,16.5297,-15.8633
1.79293,371.399,9.44762e-005,-0.74607,-2.24954,17.5338,-16.7839
1.79293,371.399,9.46667e-005,-0.562144,-2.07362,18.4713,-17.6409
1.79293,371.399,9.48571e-005,-0.376,-1.88944,19.3385,-18.4308
1.79293,371.399,9.50476e-005,-0.188372,-1.69771,20.1319,-19.1506
1.79293,371.399,9.52381e-005,-1.4332e-014,-1.49916,20.8483,-19.7974
1.79293,371.399,9.54286e-005,0.188372,-1.29454,21.4849,-20.3685
1.79293,371.399,9.5619e-005,0.376,-1.08464,22.039,-20.8616
1.79293,371.399,9.58095e-005,0.562144,-0.870276,22.5084,-21.2748
1.79293,371.399,9.6e-005,0.74607,-0.652265,22.8912,-21.6064
1.79293,371.399,9.61905e-005,0.927051,-0.431449,23.1857,-21.8549
1.79293,371.399,9.6381e-005,1.10437,-0.20868,23.3907,-22.0192
1.79293,371.399,9.65714e-005,1.27734,0.015179,23.5052,-22.0987
1.79293,371.399,9.67619e-005,1.44526,0.239263,23.5288,-22.0929
1.79293,371.399,9.69524e-005,1.60748,0.462702,23.4612,-22.0018
1.79293,371.399,9.71429e-005,1.76336,0.68463,23.3024,-21.8255
1.79293,371.399,9.73333e-005,1.91227,0.904184,23.0532,-21.5647
1.79293,371.399,9.75238e-005,2.05364,1.12051,22.7142,-21.2203
1.79293,371.399,9.77143e-005,2.18691,1.33276,22.2867,-20.7934
1.79293,371.399,9.79048e-005,2.31154,1.54012,21.7722,-20.2857
1.79293,371.399,9.80952e-005,2.42705,1.74176,21.1726,-19.699
1.79293,371.399,9.82857e-005,2.53298,1.93691,20.4902,-19.0354
1.79293,371.399,9.84762e-005,2.62892,2.12479,19.7275,-18.2976
1.79293,371.399,9.86667e-005,2.71448,2.30467,18.8873,-17.4881
1.79293,371.399,9.88571e-005,2.78933,2.47583,17.9728,-16.6102
1.79293,371.399,9.90476e-005,2.85317,2.63762,16.9875,-15.667
1.79293,371.399,9.92381e-005,2.90575,2.78938,15.9351,-14.6622
1.79293,371.399,9.94286e-005,2.94686,2.93052,14.8197,-13.5996
1.79293,371.399,9.9619e-005,2.97634,3.06048,13.6454,-12.4832
1.79293,371.399,9.98095e-005,2.99408,3.17873,12.4168,-11.3173
1.79293,371.399,0.0001,3,3.28482,11.1385,-10.1063
1.79293,371.399,0.00010019,2.99408,3.3783,9.81559,-8.85496
1.79293,371.399,0.000100381,2.97634,3.4588,8.45301,-7.56799
1.79293,371.399,0.000100571,2.94686,3.526,7.05605,-6.25035
1.79293,371.399,0.000100762,2.90575,3.57962,5.6301,-4.90711
1.79293,371.399,0.000100952,2.85317,3.61944,4.18066,-3.54345
1.79293,371.399,0.000101143,2.78933,3.64528,2.71334,-2.16462
1.79293,371.399,0.000101333,2.71448,3.65703,1.23382,-0.775937
1.79293,371.399,0.000101524,2.62892,3.65463,-0.252172,0.617217
1.79293,371.399,0.000101714,2.53298,3.63807,-1.73886,2.00946
1.79293,371.399,0.000101905,2.42705,3.6074,-3.22047,3.39539
1.79293,371.399,0.000102095,2.31154,3.56272,-4.69124,4.76963
1.79293,371.399,0.000102286,2.18691,3.50419,-6.14545,6.12686
1.79293,371.399,0.000102476,2.05364,3.43202,-7.57741,7.46179
1.79293,371.399,0.000102667,1.91227,3.34649,-8.98154,8.76923
1.79293,371.399,0.000102857,1.76336,3.24789,-10.3524,10.0441
1.79293,371.399,0.000103048,1.60748,3.13661,-11.6845,11.2814
1.79293,371.399,0.000103238,1.44526,3.01306,-12.9727,12.4763
1.79293,371.399,0.000103429,1.27734,2.87771,-14.212,13.6241
1.79293,371.399,0.000103619,1.10437,2.73107,-15.3974,14.7204
1.79293,371.399,0.00010381,0.927051,2.57369,-16.5244,15.7608
1.79293,371.399,0.000104,0.74607,2.40618,-17.5884,16.7412
1.79293,371.399,0.00010419,0.562144,2.22918,-18.5853,17.6579
1.79293,371.399,0.000104381,0.376,2.04336,-19.5111,18.5071
1.79293,371.399,0.000104571,0.188372,1.84944,-20.3621,19.2855
1.79293,371.399,0.000104762,1.46993e-014,1.64815,-21.1349,19.9901
1.79293,371.399,0.000104952,-0.188372,1.44028,-21.8266,20.6179
1.79293,371.399,0.000105143,-0.376,1.22662,-22.4342,21.1666
1.79293,371.399,0.000105333,-0.562144,1.008,-22.9554,21.6339
1.79293,371.399,0.000105524,-0.74607,0.785255,-23.388,22.0179
1.79293,371.399,0.000105714,-0.927051,0.559253,-23.7302,22.317
1.79293,371.399,0.000105905,-1.10437,0.330866,-23.9807,22.5301
1.79293,371.399,0.000106095,-1.27734,0.100978,-24.1383,22.6561
1.79293,371.399,0.000106286,-1.44526,-0.129521,-24.2024,22.6946
1.79293,371.399,0.000106476,-1.60748,-0.359736,-24.1725,22.6452
1.79293,371.399,0.000106667,-1.76336,-0.588773,-24.0489,22.5082
1.79293,371.399,0.000106857,-1.91227,-0.815741,-23.8317,22.2839
1.79293,371.399,0.000107048,-2.05364,-1.03976,-23.5218,21.9732
1.79293,371.399,0.000107238,-2.18691,-1.25995,-23.1203,21.5771
1.79293,371.399,0.000107429,-2.31154,-1.47546,-22.6286,21.0971
1.79293,371.399,0.000107619,-2.42705,-1.68545,-22.0487,20.535
1.79293,371.399,0.00010781,-2.53298,-1.88909,-21.3825,19.8929
1.79293,371.399,0.000108,-2.62892,-2.0856,-20.6327,19.1733
1.79293,371.399,0.00010819,-2.71448,-2.27419,-19.8021,18.3787
1.79293,371.399,0.000108381,-2.78933,-2.45413,-18.8939,17.5124
1.79293,371.399,0.000108571,-2.85317,-2.62471,-17.9114,16.5775
1.79293,371.399,0.000108762,-2.90575,-2.78527,-16.8585,15.5776
1.79293,371.399,0.000108952,-2.94686,-2.93517,-15.7392,14.5165
1.79293,371.399,0.000109143,-2.97634,-3.07381,-14.5577,13.3984
1.79293,371.399,0.000109333,-2.99408,-3.20066,-13.3186,12.2274
1.79293,371.399,0.000109524,-3,-3.3152,-12.0267,11.0081
1.79293,371.399,0.000109714,-2.99408,-3.41698,-10.687,9.74517
1.79293,371.399,0.000109905,-2.97634,-3.50559,-9.30454,8.44346
1.79293,371.399,0.000110095,-2.94686,-3.58069,-7.88473,7.108
1.79293,371.399,0.000110286,-2.90575,-3.64195,-6.43306,5.74393
1.79293,371.399,0.000110476,-2.85317,-3.68915,-4.95515,4.35652
1.79293,371.399,0.000110667,-2.78933,-3.72207,-3.4567,2.95113
1.79293,371.399,0.000110857,-2.71448,-3.74058,-1.94355,1.5332
1.79293,371.399,0.000111048,-2.62892,-3.74459,-0.421544,0.108219
1.79293,371.399,0.000111238,-2.53298,-3.73408,1.10339,-1.31829
1.79293,371.399,0.000111429,-2.42705,-3.70908,2.62532,-2.7408
1.79293,371.399,0.000111619,-2.31154,-3.66967,4.13834,-4.15378
1.79293,371.399,0.00011181,-2.18691,-3.61599,5.63654,-5.55175
1.79293,371.399,0.000112,-2.05364,-3.54823,7.11409,-6.92927
1.79293,371.399,0.00011219,-1.91227,-3.46666,8.56523,-8.28098
1.79293,371.399,0.000112381,-1.76336,-3.37157,9.98428,-9.60161
1.79293,371.399,0.000112571,-1.60748,-3.26333,11.3657,-10.886
1.79293,371.399,0.000112762,-1.44526,-3.14233,12.7041,-12.1292
1.79293,371.399,0.000112952,-1.27734,-3.00906,13.9942,-13.3263
1.79293,371.399,0.000113143,-1.10437,-2.864,15.2309,-14.4726
1.79293,371.399,0.000113333,-0.927051,-2.70772,16.4095,-15.5636
1.79293,371.399,0.000113524,-0.74607,-2.54081,17.5253,-16.5951
1.79293,371.399,0.000113714,-0.562144,-2.36392,18.5738,-17.5631
1.79293,371.399,0.000113905,-0.376,-2.17772,19.551,-18.4636
1.79293,371.399,0.000114095,-0.188372,-1.98293,20.4529,-19.2932
1.79293,371.399,0.000114286,-2.57249e-014,-1.7803,21.2761,-20.0486
1.79293,371.399,0.00104781,0.188372,-2.10104,19.9096,-18.3032
1.79293,371.399,0.001048,0.376,-1.90313,20.7802,-19.1036
1.79293,371.399,0.00104819,0.562144,-1.69771,21.5688,-19.8286
1.79293,371.399,0.00104838,0.74607,-1.4856,22.2724,-20.4753
1.79293,371.399,0.00104857,0.927051,-1.26762,22.888,-21.0413
1.79293,371.399,0.00104876,1.10437,-1.04463,23.4132,-21.5242
1.79293,371.399,0.00104895,1.27734,-0.817526,23.8461,-21.9221
1.79293,371.399,0.00104914,1.44526,-0.587194,24.1849,-22.2336
1.79293,371.399,0.00104933,1.60748,-0.354544,24.4282,-22.4572
1.79293,371.399,0.00104952,1.76336,-0.120495,24.5751,-22.5923
1.79293,371.399,0.00104971,1.91227,0.114029,24.6251,-22.6382
1.79293,371.399,0.0010499,2.05364,0.348104,24.5778,-22.5948
1.79293,371.399,0.0010501,2.18691,0.580805,24.4336,-22.4622
1.79293,371.399,0.00105029,2.31154,0.811213,24.1929,-22.2409
1.79293,371.399,0.00105048,2.42705,1.03842,23.8567,-21.9319
1.79293,371.399,0.00105067,2.53298,1.26153,23.4264,-21.5363
1.79293,371.399,0.00105086,2.62892,1.47966,22.9037,-21.0557
1.79293,371.399,0.00105105,2.71448,1.69195,22.2905,-20.492
1.79293,371.399,0.00105124,2.78933,1.89756,21.5894,-19.8475
1.79293,371.399,0.00105143,2.85317,2.09569,20.8031,-19.1246
1.79293,371.399,0.00105162,2.90575,2.28554,19.9346,-18.3262
1.79293,371.399,0.00105181,2.94686,2.46638,18.9875,-17.4555
1.79293,371.399,0.001052,2.97634,2.63748,17.9655,-16.516
1.79293,371.399,0.00105219,2.99408,2.79817,16.8726,-15.5112
1.79293,371.399,0.00105238,3,2.94781,15.7131,-14.4453
1.79293,371.399,0.00105257,2.99408,3.08583,14.4915,-13.3223
1.79293,371.399,0.00105276,2.97634,3.21167,13.2128,-12.1467
1.79293,371.399,0.00105295,2.94686,3.32483,11.8819,-10.9232
1.79293,371.399,0.00105314,2.90575,3.42487,10.5042,-9.65663
1.79293,371.399,0.00105333,2.85317,3.51139,9.08493,-8.35192
1.79293,371.399,0.00105352,2.78933,3.58405,7.62986,-7.01425
1.79293,371.399,0.00105371,2.71448,3.64258,6.14467,-5.64889
1.79293,371.399,0.0010539,2.62892,3.68672,4.63524,-4.26125
1.79293,371.399,0.0010541,2.53298,3.71632,3.10751,-2.85678
1.79293,371.399,0.00105429,2.42705,3.73124,1.56752,-1.44104
1.79293,371.399,0.00105448,2.31154,3.73145,0.0213361,-0.0196145
1.79293,371.399,0.00105467,2.18691,3.71692,-1.52493,1.40189
1.79293,371.399,0.00105486,2.05364,3.68773,-3.06517,2.81786
1.79293,371.399,0.00105505,1.91227,3.64399,-4.59332,4.22271
1.79293,371.399,0.00105524,1.76336,3.58586,-6.10334,5.6109
1.79293,371.399,0.00105543,1.60748,3.51358,-7.58928,6.97694
1.79293,371.399,0.00105562,1.44526,3.42744,-9.04526,8.31545
1.79293,371.399,0.00105581,1.27734,3.32776,-10.4655,9.62114
1.79293,371.399,0.001056,1.10437,3.21496,-11.8445,10.8889
1.79293,371.399,0.00105619,0.927051,3.08947,-13.1768,12.1136
1.79293,371.399,0.00105638,0.74607,2.95178,-14.457,13.2905
1.79293,371.399,0.00105657,0.562144,2.80244,-15.6802,14.415
1.79293,371.399,0.00105676,0.376,2.64205,-16.8415,15.4826
1.79293,371.399,0.00105695,0.188372,2.47123,-17.9363,16.4891
1.79293,371.399,0.00105714,1.79335e-013,2.29065,-18.9603,17.4305
1.79293,371.399,0.00105733,-0.188372,2.10104,-19.9096,18.3032
1.79293,371.399,0.00105752,-0.376,1.90313,-20.7802,19.1036
1.79293,371.399,0.00105771,-0.562144,1.69771,-21.5688,19.8286
1.79293,371.399,0.0010579,-0.74607,1.4856,-22.2724,20.4753
1.79293,371.399,0.0010581,-0.927051,1.26762,-22.888,21.0413
1.79293,371.399,0.00105829,-1.10437,1.04463,-23.4132,21.5242
1.79293,371.399,0.00105848,-1.27734,0.817526,-23.8461,21.9221
1.79293,371.399,0.00105867,-1.44526,0.587194,-24.1849,22.2336
1.79293,371.399,0.00105886,-1.60748,0.354544,-24.4282,22.4572
1.79293,371.399,0.00105905,-1.76336,0.120495,-24.5751,22.5923
1.79293,371.399,0.00105924,-1.91227,-0.114029,-24.6251,22.6382
1.79293,371.399,0.00105943,-2.05364,-0.348104,-24.5778,22.5948
1.79293,371.399,0.00105962,-2.18691,-0.580805,-24.4336,22.4622
1.79293,371.399,0.00105981,-2.31154,-0.811213,-24.1929,22.2409
1.79293,371.399,0.00106,-2.42705,-1.03842,-23.8567,21.9319
1.79293,371.399,0.00106019,-2.53298,-1.26153,-23.4264,21.5363
1.79293,371.399,0.00106038,-2.62892,-1.47966,-22.9037,21.0557
1.79293,371.399,0.00106057,-2.71448,-1.69195,-22.2905,20.492
1.79293,371.399,0.00106076,-2.78933,-1.89756,-21.5894,19.8475
1.79293,371.399,0.00106095,-2.85317,-2.09569,-20.8031,19.1246
1.79293,371.399,0.00106114,-2.90575,-2.28554,-19.9346,18.3262
1.79293,371.399,0.00106133,-2.94686,-2.46638,-18.9875,17.4555
1.79293,371.399,0.00106152,-2.97634,-2.63748,-17.9655,16.516
1.79293,371.399,0.00106171,-2.99408,-2.79817,-16.8726,15.5112
1.79293,371.399,0.0010619,-3,-2.94781,-15.7131,14.4453
1.79293,371.399,0.0010621,-2.99408,-3.08583,-14.4915,13.3223
1.79293,371.399,0.00106229,-2.97634,-3.21167,-13.2128,12.1467
1.79293,371.399,0.00106248,-2.94686,-3.32483,-11.8819,10.9232
1.79293,371.399,0.00106267,-2.90575,-3.42487,-10.5042,9.65663
1.79293,371.399,0.00106286,-2.85317,-3.51139,-9.08493,8.35192
1.79293,371.399,0.00106305,-2.78933,-3.58405,-7.62986,7.01425
1.79293,371.399,0.00106324,-2.71448,-3.64258,-6.14467,5.64889
1.79293,371.399,0.00106343,-2.62892,-3.68672,-4.63524,4.26125
1.79293,371.399,0.00106362,-2.53298,-3.71632,-3.10751,2.85678
1.79293,371.399,0.00106381,-2.42705,-3.73124,-1.56752,1.44104
1.79293,371.399,0.001064,-2.31154,-3.73145,-0.0213364,0.0196148
1.79293,371.399,0.00106419,-2.18691,-3.71692,1.52493,-1.40189
1.79293,371.399,0.00106438,-2.05364,-3.68773,3.06517,-2.81786
1.79293,371.399,0.00106457,-1.91227,-3.64399,4.59332,-4.22271
1.79293,371.399,0.00106476,-1.76336,-3.58586,6.10334,-5.6109
1.79293,371.399,0.00106495,-1.60748,-3.51358,7.58928,-6.97694
1.79293,371.399,0.00106514,-1.44526,-3.42744,9.04526,-8.31545
1.79293,371.399,0.00106533,-1.27734,-3.32776,10.4655,-9.62113
1.79293,371.399,0.00106552,-1.10437,-3.21496,11.8445,-10.8889
1.79293,371.399,0.00106571,-0.927051,-3.08947,13.1768,-12.1136
1.79293,371.399,0.0010659,-0.74607,-2.95178,14.457,-13.2905
1.79293,371.399,0.0010661,-0.562144,-2.80245,15.6802,-14.415
1.79293,371.399,0.00106629,-0.376,-2.64205,16.8415,-15.4826
1.79293,371.399,0.00106648,-0.188372,-2.47123,17.9363,-16.4891
1.79293,371.399,0.00106667,-2.11677e-013,-2.29065,18.9603,-17.4305
1.79293,371.399,0.00106686,0.188372,-2.10104,19.9096,-18.3032
1.79293,371.399,0.00106705,0.376,-1.90313,20.7802,-19.1036
1.79293,371.399,0.00106724,0.562144,-1.69771,21.5688,-19.8286
1.79293,371.399,0.00106743,0.74607,-1.4856,22.2724,-20.4753
1.79293,371.399,0.00106762,0.927051,-1.26762,22.888,-21.0413
1.79293,371.399,0.00106781,1.10437,-1.04463,23.4132,-21.5242
1.79293,371.399,0.001068,1.27734,-0.817527,23.8461,-21.9221
1.79293,371.399,0.00106819,1.44526,-0.587194,24.1849,-22.2336
1.79293,371.399,0.00106838,1.60748,-0.354544,24.4282,-22.4572
1.79293,371.399,0.00106857,1.76336,-0.120495,24.5751,-22.5923
1.79293,371.399,0.00106876,1.91227,0.114029,24.6251,-22.6382
1.79293,371.399,0.00106895,2.05364,0.348104,24.5778,-22.5948
1.79293,371.399,0.00106914,2.18691,0.580805,24.4336,-22.4622
1.79293,371.399,0.00106933,2.31154,0.811213,24.1929,-22.2409
1.79293,371.399,0.00106952,2.42705,1.03842,23.8567,-21.9319
1.79293,371.399,0.00106971,2.53298,1.26153,23.4264,-21.5363
1.79293,371.399,0.0010699,2.62892,1.47966,22.9037,-21.0557
1.79293,371.399,0.0010701,2.71448,1.69195,22.2905,-20.492
1.79293,371.399,0.00107029,2.78933,1.89756,21.5894,-19.8475
1.79293,371.399,0.00107048,2.85317,2.09569,20.8031,-19.1246
1.79293,371.399,0.00107067,2.90575,2.28554,19.9346,-18.3262
1.79293,371.399,0.00107086,2.94686,2.46638,18.9875,-17.4555
1.79293,371.399,0.00107105,2.97634,2.63748,17.9655,-16.516
1.79293,371.399,0.00107124,2.99408,2.79817,16.8726,-15.5112
1.79293,371.399,0.00107143,3,2.94781,15.7131,-14.4453
1.79293,371.399,0.00107162,2.99408,3.08583,14.4915,-13.3223
1.79293,371.399,0.00107181,2.97634,3.21167,13.2128,-12.1467
1.79293,371.399,0.001072,2.94686,3.32483,11.8819,-10.9232
1.79293,371.399,0.00107219,2.90575,3.42487,10.5042,-9.65663
1.79293,371.399,0.00107238,2.85317,3.51139,9.08493,-8.35192
1.79293,371.399,0.00107257,2.78933,3.58405,7.62986,-7.01425
1.79293,371.399,0.00107276,2.71448,3.64258,6.14467,-5.64889
1.79293,371.399,0.00107295,2.62892,3.68672,4.63524,-4.26125
1.79293,371.399,0.00107314,2.53298,3.71632,3.10751,-2.85678
1.79293,371.399,0.00107333,2.42705,3.73124,1.56752,-1.44104
1.79293,371.399,0.00107352,2.31154,3.73145,0.0213367,-0.0196151
1.79293,371.399,0.00107371,2.18691,3.71692,-1.52493,1.40189
1.79293,371.399,0.0010739,2.05364,3.68773,-3.06517,2.81786
1.79293,371.399,0.0010741,1.91227,3.64399,-4.59332,4.22271
1.79293,371.399,0.00107429,1.76336,3.58586,-6.10334,5.6109
1.79293,371.399,0.00107448,1.60748,3.51358,-7.58928,6.97694
1.79293,371.399,0.00107467,1.44526,3.42744,-9.04526,8.31544
1.79293,371.399,0.00107486,1.27734,3.32776,-10.4655,9.62113
1.79293,371.399,0.00107505,1.10437,3.21496,-11.8445,10.8889
1.79293,371.399,0.00107524,0.927051,3.08947,-13.1768,12.1136
1.79293,371.399,0.00107543,0.74607,2.95178,-14.457,13.2905
1.79293,371.399,0.00107562,0.562144,2.80245,-15.6802,14.415
1.79293,371.399,0.00107581,0.376,2.64205,-16.8415,15.4826
1.79293,371.399,0.001076,0.188372,2.47123,-17.9363,16.4891
1.79293,371.399,0.00107619,2.44019e-013,2.29065,-18.9603,17.4305
1.79293,371.399,0.00107638,-0.188372,2.10104,-19.9096,18.3032
1.79293,371.399,0.00107657,-0.376,1.90313,-20.7802,19.1036
1.79293,371.399,0.00107676,-0.562144,1.69771,-21.5688,19.8286
1.79293,371.399,0.00107695,-0.74607,1.4856,-22.2724,20.4753
1.79293,371.399,0.00107714,-0.927051,1.26762,-22.888,21.0413
1.79293,371.399,0.00107733,-1.10437,1.04463,-23.4132,21.5242
1.79293,371.399,0.00107752,-1.27734,0.817527,-23.8461,21.9221
1.79293,371.399,0.00107771,-1.44526,0.587194,-24.1849,22.2336
1.79293,371.399,0.0010779,-1.60748,0.354544,-24.4282,22.4572
1.79293,371.399,0.0010781,-1.76336,0.120495,-24.5751,22.5923
1.79293,371.399,0.00107829,-1.91227,-0.114029,-24.6251,22.6382
1.79293,371.399,0.00107848,-2.05364,-0.348104,-24.5778,22.5948
1.79293,371.399,0.00107867,-2.18691,-0.580804,-24.4336,22.4622
1.79293,371.399,0.00107886,-2.31154,-0.811213,-24.1929,22.2409
1.79293,371.399,0.00107905,-2.42705,-1.03842,-23.8567,21.9319
1.79293,371.399,0.00107924,-2.53298,-1.26153,-23.4264,21.5363
1.79293,371.399,0.00107943,-2.62892,-1.47966,-22.9037,21.0557
1.79293,371.399,0.00107962,-2.71448,-1.69195,-22.2905,20.492
1.79293,371.399,0.00107981,-2.78933,-1.89756,-21.5894,19.8475
1.79293,371.399,0.00108,-2.85317,-2.09569,-20.8031,19.1246
1.79293,371.399,0.00108019,-2.90575,-2.28554,-19.9346,18.3262
1.79293,371.399,0.00108038,-2.94686,-2.46638,-18.9876,17.4555
1.79293,371.399,0.00108057,-2.97634,-2.63748,-17.9655,16.516
1.79293,371.399,0.00108076,-2.99408,-2.79817,-16.8726,15.5112
1.79293,371.399,0.00108095,-3,-2.94781,-15.7131,14.4453
1.79293,371.399,0.00108114,-2.99408,-3.08583,-14.4915,13.3223
1.79293,371.399,0.00108133,-2.97634,-3.21167,-13.2128,12.1467
1.79293,371.399,0.00108152,-2.94686,-3.32483,-11.8819,10.9232
1.79293,371.399,0.00108171,-2.90575,-3.42487,-10.5042,9.65663
1.79293,371.399,0.0010819,-2.85317,-3.51139,-9.08493,8.35192
1.79293,371.399,0.0010821,-2.78933,-3.58405,-7.62986,7.01425
1.79293,371.399,0.00108229,-2.71448,-3.64258,-6.14467,5.64889
1.79293,371.399,0.00108248,-2.62892,-3.68672,-4.63524,4.26125
1.79293,371.399,0.00108267,-2.53298,-3.71632,-3.10751,2.85678
1.79293,371.399,0.00108286,-2.42705,-3.73124,-1.56752,1.44104
1.79293,371.399,0.00108305,-2.31154,-3.73145,-0.0213369,0.0196153
1.79293,371.399,0.00108324,-2.18691,-3.71692,1.52493,-1.40189
1.79293,371.399,0.00108343,-2.05364,-3.68773,3.06517,-2.81786
1.79293,371.399,0.00108362,-1.91227,-3.64399,4.59332,-4.22271
1.79293,371.399,0.00108381,-1.76336,-3.58586,6.10334,-5.6109
1.79293,371.399,0.001084,-1.60748,-3.51358,7.58928,-6.97694
1.79293,371.399,0.00108419,-1.44526,-3.42744,9.04526,-8.31544
1.79293,371.399,0.00108438,-1.27734,-3.32776,10.4655,-9.62113
1.79293,371.399,0.00108457,-1.10437,-3.21496,11.8445,-10.8889
1.79293,371.399,0.00108476,-0.927051,-3.08947,13.1768,-12.1136
1.79293,371.399,0.00108495,-0.74607,-2.95178,14.457,-13.2905
1.79293,371.399,0.00108514,-0.562144,-2.80245,15.6802,-14.415
1.79293,371.399,0.00108533,-0.376,-2.64205,16.8415,-15.4826
1.79293,371.399,0.00108552,-0.188372,-2.47123,17.9363,-16.4891
1.79293,371.399,0.00108571,-2.76361e-013,-2.29065,18.9603,-17.4305
1.79293,371.399,0.0010859,0.188372,-2.10104,19.9096,-18.3032
1.79293,371.399,0.0010861,0.376,-1.90313,20.7802,-19.1036
1.79293,371.399,0.00108629,0.562144,-1.69771,21.5688,-19.8286
1.79293,371.399,0.00108648,0.74607,-1.4856,22.2724,-20.4753
1.79293,371.399,0.00108667,0.927051,-1.26762,22.888,-21.0413
1.79293,371.399,0.00108686,1.10437,-1.04463,23.4132,-21.5242
1.79293,371.399,0.00108705,1.27734,-0.817527,23.8461,-21.9221
1.79293,371.399,0.00108724,1.44526,-0.587194,24.1849,-22.2336
1.79293,371.399,0.00108743,1.60748,-0.354544,24.4282,-22.4572
1.79293,371.399,0.00108762,1.76336,-0.120495,24.5751,-22.5923
1.79293,371.399,0.00108781,1.91227,0.114029,24.6251,-22.6382
1.79293,371.399,0.001088,2.05364,0.348104,24.5778,-22.5948
1.79293,371.399,0.00108819,2.18691,0.580804,24.4336,-22.4622
1.79293,371.399,0.00108838,2.31154,0.811213,24.1929,-22.2409
1.79293,371.399,0.00108857,2.42705,1.03842,23.8567,-21.9319
1.79293,371.399,0.00108876,2.53298,1.26153,23.4264,-21.5363
1.79293,371.399,0.00108895,2.62892,1.47966,22.9037,-21.0557
1.79293,371.399,0.00108914,2.71448,1.69195,22.2905,-20.492
1.79293,371.399,0.00108933,2.78933,1.89756,21.5894,-19.8475
1.79293,371.399,0.00108952,2.85317,2.09569,20.8031,-19.1246
1.79293,371.399,0.00108971,2.90575,2.28554,19.9346,-18.3262
1.79293,371.399,0.0010899,2.94686,2.46638,18.9876,-17.4555
1.79293,371.399,0.0010901,2.97634,2.63748,17.9655,-16.516
1.79293,371.399,0.00109029,2.99408,2.79817,16.8726,-15.5112
1.79293,371.399,0.00109048,3,2.94781,15.7131,-14.4453
1.79293,371.399,0.00109067,2.99408,3.08583,14.4915,-13.3223
1.79293,371.399,0.00109086,2.97634,3.21167,13.2128,-12.1467
1.79293,371.399,0.00109105,2.94686,3.32483,11.8819,-10.9232
1.79293,371.399,0.00109124,2.90575,3.42487,10.5042,-9.65663
1.79293,371.399,0.00109143,2.85317,3.51139,9.08493,-8.35192
1.79293,371.399,0.00109162,2.78933,3.58405,7.62986,-7.01425
1.79293,371.399,0.00109181,2.71448,3.64258,6.14467,-5.64889
1.79293,371.399,0.001092,2.62892,3.68672,4.63524,-4.26125
1.79293,371.399,0.00109219,2.53298,3.71632,3.10751,-2.85678
1.79293,371.399,0.00109238,2.42705,3.73124,1.56752,-1.44104
1.79293,371.399,0.00109257,2.31154,3.73145,0.0213371,-0.0196155
1.79293,371.399,0.00109276,2.18691,3.71692,-1.52493,1.40189
1.79293,371.399,0.00109295,2.05364,3.68773,-3.06517,2.81786
1.79293,371.399,0.00109314,1.91227,3.64399,-4.59332,4.22271
1.79293,371.399,0.00109333,1.76336,3.58586,-6.10334,5.6109
1.79293,371.399,0.00109352,1.60748,3.51358,-7.58928,6.97694
1.79293,371.399,0.00109371,1.44526,3.42744,-9.04526,8.31544
1.79293,371.399,0.0010939,1.27734,3.32776,-10.4655,9.62113
1.79293,371.399,0.0010941,1.10437,3.21496,-11.8445,10.8889
1.79293,371.399,0.00109429,0.927051,3.08947,-13.1768,12.1136
1.79293,371.399,0.00109448,0.74607,2.95178,-14.457,13.2905
1.79293,371.399,0.00109467,0.562144,2.80245,-15.6802,14.415
1.79293,371.399,0.00109486,0.376,2.64205,-16.8415,15.4826
1.79293,371.399,0.00109505,0.188372,2.47123,-17.9363,16.4891
1.79293,371.399,0.00109524,1.38172e-013,2.29065,-18.9603,17.4305
1.79293,371.399,0.00109543,-0.188372,2.10104,-19.9096,18.3032
1.79293,371.399,0.00109562,-0.376,1.90313,-20.7802,19.1036
1.79293,371.399,0.00109581,-0.562144,1.69771,-21.5688,19.8286
1.79293,371.399,0.001096,-0.74607,1.4856,-22.2724,20.4753
1.79293,371.399,0.00109619,-0.927051,1.26762,-22.888,21.0413
1.79293,371.399,0.00109638,-1.10437,1.04463,-23.4132,21.5242
1.79293,371.399,0.00109657,-1.27734,0.817527,-23.8461,21.9221
1.79293,371.399,0.00109676,-1.44526,0.587194,-24.1849,22.2336
1.79293,371.399,0.00109695,-1.60748,0.354544,-24.4282,22.4572
1.79293,371.399,0.00109714,-1.76336,0.120495,-24.5751,22.5923
1.79293,371.399,0.00109733,-1.91227,-0.114029,-24.6251,22.6382
1.79293,371.399,0.00109752,-2.05364,-0.348104,-24.5778,22.5948
1.79293,371.399,0.00109771,-2.18691,-0.580804,-24.4336,22.4622
1.79293,371.399,0.0010979,-2.31154,-0.811213,-24.1929,22.2409
1.79293,371.399,0.0010981,-2.42705,-1.03842,-23.8567,21.9319
1.79293,371.399,0.00109829,-2.53298,-1.26153,-23.4264,21.5363
1.79293,371.399,0.00109848,-2.62892,-1.47966,-22.9037,21.0557
1.79293,371.399,0.00109867,-2.71448,-1.69195,-22.2905,20.492
1.79293,371.399,0.00109886,-2.78933,-1.89756,-21.5894,19.8475
1.79293,371.399,0.00109905,-2.85317,-2.09569,-20.8031,19.1246
1.79293,371.399,0.00109924,-2.90575,-2.28554,-19.9346,18.3262
1.79293,371.399,0.00109943,-2.94686,-2.46638,-18.9876,17.4555
1.79293,371.399,0.00109962,-2.97634,-2.63748,-17.9655,16.516
1.79293,371.399,0.00109981,-2.99408,-2.79817,-16.8726,15.5112
1.79293,371.399,0.0011,-3,-2.94781,-15.7131,14.4453
1.79293,371.399,0.00110019,-2.99408,-3.08583,-14.4915,13.3223
1.79293,371.399,0.00110038,-2.97634,-3.21167,-13.2128,12.1467
1.79293,371.399,0.00110057,-2.94686,-3.32483,-11.8819,10.9232
1.79293,371.399,0.00110076,-2.90575,-3.42487,-10.5042,9.65663
1.79293,371.399,0.00110095,-2.85317,-3.51139,-9.08494,8.35192
1.79293,371.399,0.00110114,-2.78933,-3.58405,-7.62986,7.01425
1.79293,371.399,0.00110133,-2.71448,-3.64258,-6.14468,5.64889
1.79293,371.399,0.00110152,-2.62892,-3.68672,-4.63524,4.26125
1.79293,371.399,0.00110171,-2.53298,-3.71632,-3.10751,2.85678
1.79293,371.399,0.0011019,-2.42705,-3.73124,-1.56752,1.44104
1.79293,371.399,0.0011021,-2.31154,-3.73145,-0.0213373,0.0196157
1.79293,371.399,0.00110229,-2.18691,-3.71692,1.52493,-1.40189
1.79293,371.399,0.00110248,-2.05364,-3.68773,3.06517,-2.81786
1.79293,371.399,0.00110267,-1.91227,-3.64399,4.59332,-4.22271
1.79293,371.399,0.00110286,-1.76336,-3.58586,6.10334,-5.6109
1.79293,371.399,0.00110305,-1.60748,-3.51358,7.58927,-6.97694
1.79293,371.399,0.00110324,-1.44526,-3.42744,9.04526,-8.31544
1.79293,371.399,0.00110343,-1.27734,-3.32776,10.4655,-9.62113
1.79293,371.399,0.00110362,-1.10437,-3.21496,11.8445,-10.8889
1.79293,371.399,0.00110381,-0.927051,-3.08947,13.1768,-12.1136
1.79293,371.399,0.001104,-0.74607,-2.95178,14.457,-13.2905
1.79293,371.399,0.00110419,-0.562144,-2.80245,15.6802,-14.415
1.79293,371.399,0.00110438,-0.376,-2.64205,16.8415,-15.4826
1.79293,371.399,0.00110457,-0.188372,-2.47123,17.9363,-16.4891
1.79293,371.399,0.00110476,-1.70514e-013,-2.29065,18.9603,-17.4305
1.79293,371.399,0.00110495,0.188372,-2.10104,19.9096,-18.3032
1.79293,371.399,0.00110514,0.376,-1.90313,20.7802,-19.1036
1.79293,371.399,0.00110533,0.562144,-1.69771,21.5688,-19.8286
1.79293,371.399,0.00110552,0.74607,-1.4856,22.2724,-20.4753
1.79293,371.399,0.00110571,0.927051,-1.26762,22.888,-21.0413
1.79293,371.399,0.0011059,1.10437,-1.04463,23.4132,-21.5242
1.79293,371.399,0.0011061,1.27734,-0.817527,23.8461,-21.9221
1.79293,371.399,0.00110629,1.44526,-0.587194,24.1849,-22.2336
1.79293,371.399,0.00110648,1.60748,-0.354544,24.4282,-22.4572
1.79293,371.399,0.00110667,1.76336,-0.120495,24.5751,-22.5923
1.79293,371.399,0.00110686,1.91227,0.114029,24.6251,-22.6382
1.79293,371.399,0.00110705,2.05364,0.348104,24.5778,-22.5948
1.79293,371.399,0.00110724,2.18691,0.580804,24.4336,-22.4622
1.79293,371.399,0.00110743,2.31154,0.811213,24.1929,-22.2409
1.79293,371.399,0.00110762,2.42705,1.03842,23.8567,-21.9319
1.79293,371.399,0.00110781,2.53298,1.26153,23.4264,-21.5363
1.79293,371.399,0.001108,2.62892,1.47966,22.9037,-21.0557
1.79293,371.399,0.00110819,2.71448,1.69195,22.2905,-20.492
1.79293,371.399,0.00110838,2.78933,1.89756,21.5894,-19.8475
1.79293,371.399,0.00110857,2.85317,2.09569,20.8031,-19.1246
1.79293,371.399,0.00110876,2.90575,2.28554,19.9346,-18.3262
1.79293,371.399,0.00110895,2.94686,2.46638,18.9876,-17.4555
1.79293,371.399,0.00110914,2.97634,2.63748,17.9655,-16.516
1.79293,371.399,0.00110933,2.99408,2.79817,16.8726,-15.5112
1.79293,371.399,0.00110952,3,2.94781,15.7131,-14.4453
1.79293,371.399,0.00110971,2.99408,3.08583,14.4915,-13.3223
1.79293,371.399,0.0011099,2.97634,3.21167,13.2128,-12.1467
1.79293,371.399,0.0011101,2.94686,3.32483,11.8819,-10.9232
1.79293,371.399,0.00111029,2.90575,3.42487,10.5042,-9.65663
1.79293,371.399,0.00111048,2.85317,3.51139,9.08494,-8.35192
1.79293,371.399,0.00111067,2.78933,3.58405,7.62986,-7.01425
1.79293,371.399,0.00111086,2.71448,3.64258,6.14468,-5.64889
1.79293,371.399,0.00111105,2.62892,3.68672,4.63524,-4.26125
1.79293,371.399,0.00111124,2.53298,3.71632,3.10751,-2.85678
1.79293,371.399,0.00111143,2.42705,3.73124,1.56752,-1.44104
1.79293,371.399,0.00111162,2.31154,3.73145,0.0213375,-0.0196159
1.79293,371.399,0.00111181,2.18691,3.71692,-1.52493,1.40189
1.79293,371.399,0.001112,2.05364,3.68773,-3.06517,2.81786
1.79293,371.399,0.00111219,1.91227,3.64399,-4.59332,4.22271
1.79293,371.399,0.00111238,1.76336,3.58586,-6.10334,5.6109
1.79293,371.399,0.00111257,1.60748,3.51358,-7.58927,6.97694
1.79293,371.399,0.00111276,1.44526,3.42744,-9.04526,8.31544
1.79293,371.399,0.00111295,1.27734,3.32776,-10.4655,9.62113
1.79293,371.399,0.00111314,1.10437,3.21496,-11.8445,10.8889
1.79293,371.399,0.00111333,0.927051,3.08947,-13.1768,12.1136
1.79293,371.399,0.00111352,0.74607,2.95178,-14.457,13.2905
1.79293,371.399,0.00111371,0.562144,2.80245,-15.6802,14.415
1.79293,371.399,0.0011139,0.376,2.64205,-16.8415,15.4826
1.79293,371.399,0.0011141,0.188372,2.47123,-17.9363,16.4891
1.79293,371.399,0.00111429,2.02856e-013,2.29065,-18.9603,17.4305
1.79293,371.399,0.00111448,-0.188372,2.10104,-19.9096,18.3032
1.79293,371.399,0.00111467,-0.376,1.90313,-20.7802,19.1036
1.79293,371.399,0.00111486,-0.562144,1.69771,-21.5688,19.8286
1.79293,371.399,0.00111505,-0.74607,1.4856,-22.2724,20.4753
1.79293,371.399,0.00111524,-0.927051,1.26762,-22.888,21.0413
1.79293,371.399,0.00111543,-1.10437,1.04463,-23.4132,21.5242
1.79293,371.399,0.00111562,-1.27734,0.817527,-23.8461,21.9221
1.79293,371.399,0.00111581,-1.44526,0.587194,-24.1849,22.2336
1.79293,371.399,0.001116,-1.60748,0.354545,-24.4282,22.4572
1.79293,371.399,0.00111619,-1.76336,0.120495,-24.5751,22.5923
1.79293,371.399,0.00111638,-1.91227,-0.114029,-24.6251,22.6382
1.79293,371.399,0.00111657,-2.05364,-0.348104,-24.5778,22.5948
1.79293,371.399,0.00111676,-2.18691,-0.580804,-24.4336,22.4622
1.79293,371.399,0.00111695,-2.31154,-0.811213,-24.1929,22.2409
1.79293,371.399,0.00111714,-2.42705,-1.03842,-23.8567,21.9319
1.79293,371.399,0.00111733,-2.53298,-1.26153,-23.4264,21.5363
1.79293,371.399,0.00111752,-2.62892,-1.47966,-22.9037,21.0557
1.79293,371.399,0.00111771,-2.71448,-1.69195,-22.2905,20.492
1.79293,371.399,0.0011179,-2.78933,-1.89756,-21.5894,19.8475
1.79293,371.399,0.0011181,-2.85317,-2.09569,-20.8031,19.1246
1.79293,371.399,0.00111829,-2.90575,-2.28554,-19.9346,18.3262
1.79293,371.399,0.00111848,-2.94686,-2.46638,-18.9876,17.4555
1.79293,371.399,0.00111867,-2.97634,-2.63748,-17.9655,16.516
1.79293,371.399,0.00111886,-2.99408,-2.79817,-16.8726,15.5112
1.79293,371.399,0.00111905,-3,-2.94781,-15.7131,14.4453
1.79293,371.399,0.00111924,-2.99408,-3.08583,-14.4915,13.3223
1.79293,371.399,0.00111943,-2.97634,-3.21167,-13.2128,12.1467
1.79293,371.399,0.00111962,-2.94686,-3.32483,-11.8819,10.9232
1.79293,371.399,0.00111981,-2.90575,-3.42487,-10.5042,9.65663
1.79293,371.399,0.00112,-2.85317,-3.51139,-9.08494,8.35192
1.79293,371.399,0.00112019,-2.78933,-3.58405,-7.62986,7.01425
1.79293,371.399,0.00112038,-2.71448,-3.64258,-6.14468,5.64889
1.79293,371.399,0.00112057,-2.62892,-3.68672,-4.63524,4.26125
1.79293,371.399,0.00112076,-2.53298,-3.71632,-3.10751,2.85678
1.79293,371.399,0.00112095,-2.42705,-3.73124,-1.56752,1.44104
1.79293,371.399,0.00112114,-2.31154,-3.73145,-0.0213376,0.019616
1.79293,371.399,0.00112133,-2.18691,-3.71692,1.52493,-1.40189
1.79293,371.399,0.00112152,-2.05364,-3.68773,3.06517,-2.81786
1.79293,371.399,0.00112171,-1.91227,-3.64399,4.59332,-4.22271
1.79293,371.399,0.0011219,-1.76336,-3.58586,6.10334,-5.6109
1.79293,371.399,0.0011221,-1.60748,-3.51358,7.58927,-6.97694
1.79293,371.399,0.00112229,-1.44526,-3.42744,9.04526,-8.31544
1.79293,371.399,0.00112248,-1.27734,-3.32776,10.4655,-9.62113
1.79293,371.399,0.00112267,-1.10437,-3.21496,11.8445,-10.8889
1.79293,371.399,0.00112286,-0.927051,-3.08947,13.1768,-12.1136
1.79293,371.399,0.00112305,-0.74607,-2.95178,14.457,-13.2905
1.79293,371.399,0.00112324,-0.562144,-2.80245,15.6802,-14.415
1.79293,371.399,0.00112343,-0.376,-2.64205,16.8415,-15.4826
1.79293,371.399,0.00112362,-0.188372,-2.47123,17.9363,-16.4891
1.79293,371.399,0.00112381,-2.35198e-013,-2.29065,18.9603,-17.4305
1.79293,371.399,0.001124,0.188372,-2.10104,19.9096,-18.3032
1.79293,371.399,0.00112419,0.376,-1.90313,20.7802,-19.1036
1.79293,371.399,0.00112438,0.562144,-1.69771,21.5688,-19.8286
1.79293,371.399,0.00112457,0.74607,-1.4856,22.2724,-20.4753
1.79293,371.399,0.00112476,0.927051,-1.26762,22.888,-21.0413
1.79293,371.399,0.00112495,1.10437,-1.04463,23.4132,-21.5242
1.79293,371.399,0.00112514,1.27734,-0.817527,23.8461,-21.9221
1.79293,371.399,0.00112533,1.44526,-0.587194,24.1849,-22.2336
1.79293,371.399,0.00112552,1.60748,-0.354545,24.4282,-22.4572
1.79293,371.399,0.00112571,1.76336,-0.120496,24.5751,-22.5923
1.79293,371.399,0.0011259,1.91227,0.114029,24.6251,-22.6382
1.79293,371.399,0.0011261,2.05364,0.348104,24.5778,-22.5948
1.79293,371.399,0.00112629,2.18691,0.580804,24.4336,-22.4622
1.79293,371.399,0.00112648,2.31154,0.811213,24.1929,-22.2409
1.79293,371.399,0.00112667,2.42705,1.03842,23.8567,-21.9319
1.79293,371.399,0.00112686,2.53298,1.26153,23.4264,-21.5363
1.79293,371.399,0.00112705,2.62892,1.47966,22.9037,-21.0557
1.79293,371.399,0.00112724,2.71448,1.69195,22.2905,-20.492
1.79293,371.399,0.00112743,2.78933,1.89756,21.5894,-19.8475
1.79293,371.399,0.00112762,2.85317,2.09569,20.8031,-19.1246
1.79293,371.399,0.00112781,2.90575,2.28554,19.9346,-18.3262
1.79293,371.399,0.001128,2.94686,2.46638,18.9876,-17.4555
1.79293,371.399,0.00112819,2.97634,2.63748,17.9655,-16.516
1.79293,371.399,0.00112838,2.99408,2.79817,16.8726,-15.5112
1.79293,371.399,0.00112857,3,2.94781,15.7131,-14.4453
1.79293,371.399,0.00112876,2.99408,3.08583,14.4915,-13.3223
1.79293,371.399,0.00112895,2.97634,3.21167,13.2128,-12.1467
1.79293,371.399,0.00112914,2.94686,3.32483,11.8819,-10.9232
1.79293,371.399,0.00112933,2.90575,3.42487,10.5042,-9.65663
1.79293,371.399,0.00112952,2.85317,3.51139,9.08494,-8.35192
1.79293,371.399,0.00112971,2.78933,3.58405,7.62986,-7.01425
1.79293,371.399,0.0011299,2.71448,3.64258,6.14468,-5.64889
1.79293,371.399,0.0011301,2.62892,3.68672,4.63524,-4.26125
1.79293,371.399,0.00113029,2.53298,3.71632,3.10751,-2.85678
1.79293,371.399,0.00113048,2.42705,3.73124,1.56752,-1.44104
1.79293,371.399,0.00113067,2.31154,3.73145,0.0213377,-0.0196161
1.79293,371.399,0.00113086,2.18691,3.71692,-1.52493,1.40189
1.79293,371.399,0.00113105,2.05364,3.68773,-3.06517,2.81786
1.79293,371.399,0.00113124,1.91227,3.64399,-4.59332,4.22271
1.79293,371.399,0.00113143,1.76336,3.58586,-6.10334,5.6109
1.79293,371.399,0.00113162,1.60748,3.51358,-7.58927,6.97694
1.79293,371.399,0.00113181,1.44526,3.42744,-9.04526,8.31544
1.79293,371.399,0.001132,1.27734,3.32776,-10.4655,9.62113
1.79293,371.399,0.00113219,1.10437,3.21496,-11.8445,10.8889
1.79293,371.399,0.00113238,0.927051,3.08947,-13.1768,12.1136
1.79293,371.399,0.00113257,0.74607,2.95178,-14.457,13.2905
1.79293,371.399,0.00113276,0.562144,2.80245,-15.6802,14.415
1.79293,371.399,0.00113295,0.376,2.64205,-16.8415,15.4826
1.79293,371.399,0.00113314,0.188372,2.47123,-17.9363,16.4891
1.79293,371.399,0.00113333,9.70092e-014,2.29065,-18.9603,17.4305
1.79293,371.399,0.00113352,-0.188372,2.10104,-19.9096,18.3032
1.79293,371.399,0.00113371,-0.376,1.90313,-20.7802,19.1036
1.79293,371.399,0.0011339,-0.562144,1.69771,-21.5688,19.8286
1.79293,371.399,0.0011341,-0.74607,1.4856,-22.2724,20.4753
1.79293,371.399,0.00113429,-0.927051,1.26762,-22.888,21.0413
1.79293,371.399,0.00113448,-1.10437,1.04463,-23.4132,21.5242
1.79293,371.399,0.00113467,-1.27734,0.817527,-23.8461,21.9221
1.79293,371.399,0.00113486,-1.44526,0.587194,-24.1849,22.2336
1.79293,371.399,0.00113505,-1.60748,0.354545,-24.4282,22.4572
1.79293,371.399,0.00113524,-1.76336,0.120496,-24.5751,22.5923
1.79293,371.399,0.00113543,-1.91227,-0.114029,-24.6251,22.6382
1.79293,371.399,0.00113562,-2.05364,-0.348104,-24.5778,22.5948
1.79293,371.399,0.00113581,-2.18691,-0.580804,-24.4336,22.4622
1.79293,371.399,0.001136,-2.31154,-0.811213,-24.1929,22.2409
1.79293,371.399,0.00113619,-2.42705,-1.03842,-23.8567,21.9319
1.79293,371.399,0.00113638,-2.53298,-1.26153,-23.4264,21.5363
1.79293,371.399,0.00113657,-2.62892,-1.47966,-22.9037,21.0557
1.79293,371.399,0.00113676,-2.71448,-1.69195,-22.2905,20.492
1.79293,371.399,0.00113695,-2.78933,-1.89756,-21.5894,19.8475
1.79293,371.399,0.00113714,-2.85317,-2.09569,-20.8031,19.1246
1.79293,371.399,0.00113733,-2.90575,-2.28554,-19.9346,18.3262
1.79293,371.399,0.00113752,-2.94686,-2.46638,-18.9876,17.4555
1.79293,371.399,0.00113771,-2.97634,-2.63748,-17.9655,16.516
1.79293,371.399,0.0011379,-2.99408,-2.79817,-16.8726,15.5112
1.79293,371.399,0.0011381,-3,-2.94781,-15.7131,14.4453
1.79293,371.399,0.00113829,-2.99408,-3.08583,-14.4915,13.3223
1.79293,371.399,0.00113848,-2.97634,-3.21167,-13.2128,12.1467
1.79293,371.399,0.00113867,-2.94686,-3.32483,-11.8819,10.9232
1.79293,371.399,0.00113886,-2.90575,-3.42487,-10.5042,9.65663
1.79293,371.399,0.00113905,-2.85317,-3.51139,-9.08494,8.35192
1.79293,371.399,0.00113924,-2.78933,-3.58405,-7.62986,7.01425
1.79293,371.399,0.00113943,-2.71448,-3.64258,-6.14468,5.64889
1.79293,371.399,0.00113962,-2.62892,-3.68672,-4.63524,4.26125
1.79293,371.399,0.00113981,-2.53298,-3.71632,-3.10751,2.85678
1.79293,371.399,0.00114,-2.42705,-3.73124,-1.56752,1.44104
1.79293,371.399,0.00114019,-2.31154,-3.73145,-0.0213378,0.0196162
1.79293,371.399,0.00114038,-2.18691,-3.71692,1.52493,-1.40189
1.79293,371.399,0.00114057,-2.05364,-3.68773,3.06517,-2.81786
1.79293,371.399,0.00114076,-1.91227,-3.64399,4.59332,-4.22271
1.79293,371.399,0.00114095,-1.76336,-3.58586,6.10334,-5.6109
1.79293,371.399,0.00114114,-1.60748,-3.51358,7.58927,-6.97694
1.79293,371.399,0.00114133,-1.44526,-3.42744,9.04526,-8.31544
1.79293,371.399,0.00114152,-1.27734,-3.32776,10.4655,-9.62113
1.79293,371.399,0.00114171,-1.10437,-3.21496,11.8445,-10.8889
1.79293,371.399,0.0011419,-0.927051,-3.08947,13.1768,-12.1136
1.79293,371.399,0.0011421,-0.74607,-2.95178,14.457,-13.2905
1.79293,371.399,0.00114229,-0.562144,-2.80245,15.6802,-14.415
1.79293,371.399,0.00114248,-0.376,-2.64205,16.8415,-15.4826
1.79293,371.399,0.00114267,-0.188372,-2.47123,17.9363,-16.4891
1.79293,371.399,0.00114286,-1.29351e-013,-2.29065,18.9603,-17.4305
