Amp, Phaseshift, Time, Vd, Vr, VL, VC
0.651166,371.965,0,0,0,0,0
0.651166,371.965,1.68067e-007,0.188372,0.00158295,0.188372,0
0.651166,371.965,3.36134e-007,0.376,0.00472931,0.374417,0.000532085
0.651166,371.965,5.04202e-007,0.562144,0.009409,0.556883,0.00212177
0.651166,371.965,6.72269e-007,0.74607,0.0155816,0.734539,0.00528446
0.651166,371.965,8.40336e-007,0.927051,0.0231966,0.906185,0.010522
0.651166,371.965,1.0084e-006,1.10437,0.0321937,1.07066,0.0183191
0.651166,371.965,1.17647e-006,1.27734,0.0425031,1.22683,0.0291406
0.651166,371.965,1.34454e-006,1.44526,0.0540462,1.37362,0.0434273
0.651166,371.965,1.51261e-006,1.60748,0.0667353,1.51001,0.0615941
0.651166,371.965,1.68067e-006,1.76336,0.080475,1.63503,0.0840261
0.651166,371.965,1.84874e-006,1.91227,0.0951622,1.74777,0.111077
0.651166,371.965,2.01681e-006,2.05364,0.110687,1.8474,0.143064
0.651166,371.965,2.18487e-006,2.18691,0.126932,1.93316,0.180269
0.651166,371.965,2.35294e-006,2.31154,0.143775,2.00434,0.222935
0.651166,371.965,2.52101e-006,2.42705,0.161089,2.06034,0.271263
0.651166,371.965,2.68908e-006,2.53298,0.178741,2.10063,0.325411
0.651166,371.965,2.85714e-006,2.62892,0.196596,2.12477,0.385491
0.651166,371.965,3.02521e-006,2.71448,0.214515,2.13239,0.451574
0.651166,371.965,3.19328e-006,2.78933,0.232358,2.12324,0.52368
0.651166,371.965,3.36134e-006,2.85317,0.249981,2.09713,0.601784
0.651166,371.965,3.52941e-006,2.90575,0.267241,2.05399,0.685811
0.651166,371.965,3.69748e-006,2.94686,0.283996,1.99381,0.77564
0.651166,371.965,3.86555e-006,2.97634,0.300103,1.91671,0.8711
0.651166,371.965,4.03361e-006,2.99408,0.315421,1.82288,0.971975
0.651166,371.965,4.20168e-006,3,0.329812,1.7126,1.078
0.651166,371.965,4.36975e-006,2.99408,0.343142,1.58627,1.18886
0.651166,371.965,4.53782e-006,2.97634,0.35528,1.44434,1.3042
0.651166,371.965,4.70588e-006,2.94686,0.366098,1.28738,1.42362
0.651166,371.965,4.87395e-006,2.90575,0.375476,1.11603,1.54668
0.651166,371.965,5.04202e-006,2.85317,0.3833,0.931011,1.67289
0.651166,371.965,5.21008e-006,2.78933,0.389461,0.733136,1.80173
0.651166,371.965,5.37815e-006,2.71448,0.393858,0.523287,1.93264
0.651166,371.965,5.54622e-006,2.62892,0.3964,0.302417,2.06503
0.651166,371.965,5.71429e-006,2.53298,0.397001,0.0715503,2.19828
0.651166,371.965,5.88235e-006,2.42705,0.395587,-0.168227,2.33172
0.651166,371.965,6.05042e-006,2.31154,0.392093,-0.415771,2.46469
0.651166,371.965,6.21849e-006,2.18691,0.386464,-0.669881,2.59649
0.651166,371.965,6.38655e-006,2.05364,0.378655,-0.929312,2.72639
0.651166,371.965,6.55462e-006,1.91227,0.368631,-1.19278,2.85367
0.651166,371.965,6.72269e-006,1.76336,0.356371,-1.45895,2.97758
0.651166,371.965,6.89076e-006,1.60748,0.341863,-1.72647,3.09737
0.651166,371.965,7.05882e-006,1.44526,0.325107,-1.99397,3.21228
0.651166,371.965,7.22689e-006,1.27734,0.306115,-2.26005,3.32156
0.651166,371.965,7.39496e-006,1.10437,0.284911,-2.5233,3.42446
0.651166,371.965,7.56303e-006,0.927051,0.26153,-2.78232,3.52023
0.651166,371.965,7.73109e-006,0.74607,0.23602,-3.03569,3.60814
0.651166,371.965,7.89916e-006,0.562144,0.20844,-3.28201,3.68747
0.651166,371.965,8.06723e-006,0.376,0.178861,-3.51991,3.75753
0.651166,371.965,8.23529e-006,0.188372,0.147365,-3.74802,3.81766
0.651166,371.965,8.40336e-006,3.67382e-016,0.114045,-3.96502,3.86719
0.651166,371.965,8.57143e-006,-0.188372,0.0790068,-4.16961,3.90552
0.651166,371.965,8.7395e-006,-0.376,0.0423637,-4.36053,3.93208
0.651166,371.965,8.90756e-006,-0.562144,0.00424106,-4.53659,3.94632
0.651166,371.965,9.07563e-006,-0.74607,-0.0352264,-4.69663,3.94775
0.651166,371.965,9.2437e-006,-0.927051,-0.0758951,-4.83957,3.93591
0.651166,371.965,9.41176e-006,-1.10437,-0.117613,-4.96438,3.9104
0.651166,371.965,9.57983e-006,-1.27734,-0.160219,-5.07012,3.87086
0.651166,371.965,9.7479e-006,-1.44526,-0.203546,-5.1559,3.81701
0.651166,371.965,9.91597e-006,-1.60748,-0.247419,-5.22094,3.74859
0.651166,371.965,1.0084e-005,-1.76336,-0.291659,-5.26452,3.66542
0.651166,371.965,1.02521e-005,-1.91227,-0.336079,-5.28603,3.56739
0.651166,371.965,1.04202e-005,-2.05364,-0.380491,-5.28495,3.45442
0.651166,371.965,1.05882e-005,-2.18691,-0.424699,-5.26083,3.32652
0.651166,371.965,1.07563e-005,-2.31154,-0.468509,-5.21336,3.18377
0.651166,371.965,1.09244e-005,-2.42705,-0.511722,-5.14231,3.02628
0.651166,371.965,1.10924e-005,-2.53298,-0.554138,-5.04755,2.85428
0.651166,371.965,1.12605e-005,-2.62892,-0.595559,-4.92906,2.66801
0.651166,371.965,1.14286e-005,-2.71448,-0.635785,-4.78693,2.46782
0.651166,371.965,1.15966e-005,-2.78933,-0.67462,-4.62137,2.25411
0.651166,371.965,1.17647e-005,-2.85317,-0.711869,-4.43266,2.02735
0.651166,371.965,1.19328e-005,-2.90575,-0.747342,-4.22123,1.78807
0.651166,371.965,1.21008e-005,-2.94686,-0.780851,-3.98759,1.53686
0.651166,371.965,1.22689e-005,-2.97634,-0.812215,-3.73235,1.27439
0.651166,371.965,1.2437e-005,-2.99408,-0.841259,-3.45625,1.00138
0.651166,371.965,1.2605e-005,-3,-0.867815,-3.16012,0.718599
0.651166,371.965,1.27731e-005,-2.99408,-0.891721,-2.84486,0.426897
0.651166,371.965,1.29412e-005,-2.97634,-0.912827,-2.51152,0.127158
0.651166,371.965,1.31092e-005,-2.94686,-0.930988,-2.16119,-0.179674
0.651166,371.965,1.32773e-005,-2.90575,-0.946073,-1.79509,-0.492611
0.651166,371.965,1.34454e-005,-2.85317,-0.957959,-1.41449,-0.810619
0.651166,371.965,1.36134e-005,-2.78933,-0.966537,-1.02075,-1.13262
0.651166,371.965,1.37815e-005,-2.71448,-0.971708,-0.615322,-1.45751
0.651166,371.965,1.39496e-005,-2.62892,-0.973386,-0.199704,-1.78413
0.651166,371.965,1.41176e-005,-2.53298,-0.971499,0.224535,-2.11132
0.651166,371.965,1.42857e-005,-2.42705,-0.965988,0.655769,-2.43788
0.651166,371.965,1.44538e-005,-2.31154,-0.956809,1.09232,-2.76258
0.651166,371.965,1.46218e-005,-2.18691,-0.943931,1.53248,-3.08419
0.651166,371.965,1.47899e-005,-2.05364,-0.927339,1.97448,-3.40148
0.651166,371.965,1.4958e-005,-1.91227,-0.907032,2.41655,-3.71319
0.651166,371.965,1.51261e-005,-1.76336,-0.883024,2.85687,-4.01808
0.651166,371.965,1.52941e-005,-1.60748,-0.855347,3.29362,-4.31489
0.651166,371.965,1.54622e-005,-1.44526,-0.824045,3.72498,-4.6024
0.651166,371.965,1.56303e-005,-1.27734,-0.789178,4.14911,-4.87939
0.651166,371.965,1.57983e-005,-1.10437,-0.750824,4.5642,-5.14466
0.651166,371.965,1.59664e-005,-0.927051,-0.709072,4.96844,-5.39704
0.651166,371.965,1.61345e-005,-0.74607,-0.66403,5.36004,-5.63538
0.651166,371.965,1.63025e-005,-0.562144,-0.615817,5.73727,-5.85859
0.651166,371.965,1.64706e-005,-0.376,-0.56457,6.09841,-6.06558
0.651166,371.965,1.66387e-005,-0.188372,-0.510438,6.44178,-6.25536
0.651166,371.965,1.68067e-005,-7.34764e-016,-0.453582,6.76579,-6.42693
0.651166,371.965,1.69748e-005,0.188372,-0.39418,7.06889,-6.5794
0.651166,371.965,1.71429e-005,0.376,-0.332419,7.34958,-6.71189
0.651166,371.965,1.73109e-005,0.562144,-0.268499,7.60646,-6.82363
0.651166,371.965,1.7479e-005,0.74607,-0.202632,7.8382,-6.91388
0.651166,371.965,1.76471e-005,0.927051,-0.135039,8.04357,-6.98199
0.651166,371.965,1.78151e-005,1.10437,-0.0659511,8.22141,-7.02739
0.651166,371.965,1.79832e-005,1.27734,0.00439071,8.37067,-7.04955
0.651166,371.965,1.81513e-005,1.44526,0.0757388,8.49042,-7.04808
0.651166,371.965,1.83193e-005,1.60748,0.147838,8.57982,-7.02262
0.651166,371.965,1.84874e-005,1.76336,0.220428,8.63814,-6.97293
0.651166,371.965,1.86555e-005,1.91227,0.293241,8.66477,-6.89883
0.651166,371.965,1.88235e-005,2.05364,0.366007,8.65923,-6.80026
0.651166,371.965,1.89916e-005,2.18691,0.438454,8.62116,-6.67724
0.651166,371.965,1.91597e-005,2.31154,0.510306,8.55032,-6.52986
0.651166,371.965,1.93277e-005,2.42705,0.581285,8.4466,-6.35833
0.651166,371.965,1.94958e-005,2.53298,0.651118,8.31002,-6.16294
0.651166,371.965,1.96639e-005,2.62892,0.719527,8.14074,-5.94407
0.651166,371.965,1.98319e-005,2.71448,0.786242,7.93903,-5.70222
0.651166,371.965,2e-005,2.78933,0.850992,7.7053,-5.43793
0.651166,371.965,2.01681e-005,2.85317,0.913514,7.44011,-5.15188
0.651166,371.965,2.03361e-005,2.90575,0.973549,7.14412,-4.84482
0.651166,371.965,2.05042e-005,2.94686,1.03084,6.81813,-4.51758
0.651166,371.965,2.06723e-005,2.97634,1.08516,6.46308,-4.17108
0.651166,371.965,2.08403e-005,2.99408,1.13625,6.08,-3.80632
0.651166,371.965,2.10084e-005,3,1.1839,5.67007,-3.42439
0.651166,371.965,2.11765e-005,2.99408,1.22788,5.23457,-3.02644
0.651166,371.965,2.13445e-005,2.97634,1.26801,4.7749,-2.6137
0.651166,371.965,2.15126e-005,2.94686,1.30408,4.29256,-2.18748
0.651166,371.965,2.16807e-005,2.90575,1.33592,3.78915,-1.74914
0.651166,371.965,2.18487e-005,2.85317,1.36337,3.26638,-1.30009
0.651166,371.965,2.20168e-005,2.78933,1.38628,2.72604,-0.84181
0.651166,371.965,2.21849e-005,2.71448,1.40451,2.17001,-0.375834
0.651166,371.965,2.23529e-005,2.62892,1.41796,1.60024,0.0962717
0.651166,371.965,2.2521e-005,2.53298,1.42652,1.01875,0.572897
0.651166,371.965,2.26891e-005,2.42705,1.43012,0.427631,1.0524
0.651166,371.965,2.28571e-005,2.31154,1.42868,-0.170977,1.53311
0.651166,371.965,2.30252e-005,2.18691,1.42217,-0.774885,2.01334
0.651166,371.965,2.31933e-005,2.05364,1.41056,-1.38187,2.49138
0.651166,371.965,2.33613e-005,1.91227,1.39384,-1.98966,2.96552
0.651166,371.965,2.35294e-005,1.76336,1.37202,-2.596,3.43403
0.651166,371.965,2.36975e-005,1.60748,1.34514,-3.19857,3.89522
0.651166,371.965,2.38655e-005,1.44526,1.31325,-3.7951,4.34736
0.651166,371.965,2.40336e-005,1.27734,1.27642,-4.38328,4.78879
0.651166,371.965,2.42017e-005,1.10437,1.23473,-4.96083,5.21784
0.651166,371.965,2.43697e-005,0.927051,1.1883,-5.52552,5.63287
0.651166,371.965,2.45378e-005,0.74607,1.13724,-6.0751,6.0323
0.651166,371.965,2.47059e-005,0.562144,1.08172,-6.6074,6.41457
0.651166,371.965,2.48739e-005,0.376,1.02189,-7.12029,6.77817
0.651166,371.965,2.5042e-005,0.188372,0.957921,-7.61169,7.12166
0.651166,371.965,2.52101e-005,1.10215e-015,0.890026,-8.07958,7.44365
0.651166,371.965,2.53782e-005,-0.188372,0.818412,-8.52205,7.74282
0.651166,371.965,2.55462e-005,-0.376,0.743309,-8.93723,8.01792
0.651166,371.965,2.57143e-005,-0.562144,0.664961,-9.32337,8.26777
0.651166,371.965,2.58824e-005,-0.74607,0.583627,-9.6788,8.49129
0.651166,371.965,2.60504e-005,-0.927051,0.499577,-10.002,8.68746
0.651166,371.965,2.62185e-005,-1.10437,0.413094,-10.2914,8.85539
0.651166,371.965,2.63866e-005,-1.27734,0.324474,-10.5458,8.99424
0.651166,371.965,2.65546e-005,-1.44526,0.23402,-10.764,9.10331
0.651166,371.965,2.67227e-005,-1.60748,0.142047,-10.9448,9.18197
0.651166,371.965,2.68908e-005,-1.76336,0.048876,-11.0874,9.22972
0.651166,371.965,2.70588e-005,-1.91227,-0.0451649,-11.1909,9.24615
0.651166,371.965,2.72269e-005,-2.05364,-0.139742,-11.2546,9.23097
0.651166,371.965,2.7395e-005,-2.18691,-0.234516,-11.2781,9.18399
0.651166,371.965,2.7563e-005,-2.31154,-0.329146,-11.261,9.10517
0.651166,371.965,2.77311e-005,-2.42705,-0.42329,-11.2031,8.99453
0.651166,371.965,2.78992e-005,-2.53298,-0.516602,-11.1042,8.85225
0.651166,371.965,2.80672e-005,-2.62892,-0.608742,-10.9646,8.6786
0.651166,371.965,2.82353e-005,-2.71448,-0.699366,-10.7843,8.47398
0.651166,371.965,2.84034e-005,-2.78933,-0.788139,-10.5639,8.2389
0.651166,371.965,2.85714e-005,-2.85317,-0.874727,-10.3039,7.97398
0.651166,371.965,2.87395e-005,-2.90575,-0.958802,-10.005,7.67995
0.651166,371.965,2.89076e-005,-2.94686,-1.04005,-9.66801,7.35767
0.651166,371.965,2.90756e-005,-2.97634,-1.11815,-9.29396,7.00807
0.651166,371.965,2.92437e-005,-2.99408,-1.1928,-8.884,6.63222
0.651166,371.965,2.94118e-005,-3,-1.26372,-8.43942,6.23128
0.651166,371.965,2.95798e-005,-2.99408,-1.33063,-7.96164,5.8065
0.651166,371.965,2.97479e-005,-2.97634,-1.39325,-7.45222,5.35923
0.651166,371.965,2.9916e-005,-2.94686,-1.45134,-6.91284,4.89091
0.651166,371.965,3.0084e-005,-2.90575,-1.50466,-6.34532,4.40307
0.651166,371.965,3.02521e-005,-2.85317,-1.553,-5.75157,3.8973
0.651166,371.965,3.04202e-005,-2.78933,-1.59614,-5.13363,3.37528
0.651166,371.965,3.05882e-005,-2.71448,-1.6339,-4.49363,2.83877
0.651166,371.965,3.07563e-005,-2.62892,-1.66611,-3.83379,2.28956
0.651166,371.965,3.09244e-005,-2.53298,-1.69264,-3.15643,1.72952
0.651166,371.965,3.10924e-005,-2.42705,-1.71334,-2.46393,1.16056
0.651166,371.965,3.12605e-005,-2.31154,-1.72812,-1.75876,0.584651
0.651166,371.965,3.14286e-005,-2.18691,-1.73689,-1.04343,0.00376951
0.651166,371.965,3.15966e-005,-2.05364,-1.73958,-0.32052,-0.580059
0.651166,371.965,3.17647e-005,-1.91227,-1.73616,0.407372,-1.16479
0.651166,371.965,3.19328e-005,-1.76336,-1.7266,1.1376,-1.74838
0.651166,371.965,3.21008e-005,-1.60748,-1.71091,1.8675,-2.32875
0.651166,371.965,3.22689e-005,-1.44526,-1.68911,2.5944,-2.90384
0.651166,371.965,3.2437e-005,-1.27734,-1.66124,3.31561,-3.47161
0.651166,371.965,3.2605e-005,-1.10437,-1.62739,4.02848,-4.03001
0.651166,371.965,3.27731e-005,-0.927051,-1.58764,4.73035,-4.57703
0.651166,371.965,3.29412e-005,-0.74607,-1.54211,5.41861,-5.11069
0.651166,371.965,3.31092e-005,-0.562144,-1.49092,6.09066,-5.62905
0.651166,371.965,3.32773e-005,-0.376,-1.43425,6.74397,-6.1302
0.651166,371.965,3.34454e-005,-0.188372,-1.37227,7.37608,-6.6123
0.651166,371.965,3.36134e-005,-1.46953e-015,-1.30517,7.98457,-7.07357
0.651166,371.965,3.37815e-005,0.188372,-1.23318,8.56711,-7.51228
0.651166,371.965,3.39496e-005,0.376,-1.15653,9.12146,-7.9268
0.651166,371.965,3.41176e-005,0.562144,-1.07547,9.64547,-8.31555
0.651166,371.965,3.42857e-005,0.74607,-0.990288,10.1371,-8.67705
0.651166,371.965,3.44538e-005,0.927051,-0.901259,10.5944,-9.00992
0.651166,371.965,3.46218e-005,1.10437,-0.808692,11.0156,-9.31286
0.651166,371.965,3.47899e-005,1.27734,-0.712903,11.3989,-9.58469
0.651166,371.965,3.4958e-005,1.44526,-0.614223,11.7429,-9.82432
0.651166,371.965,3.51261e-005,1.60748,-0.512996,12.046,-10.0308
0.651166,371.965,3.52941e-005,1.76336,-0.409575,12.3071,-10.2032
0.651166,371.965,3.54622e-005,1.91227,-0.304322,12.5251,-10.3409
0.651166,371.965,3.56303e-005,2.05364,-0.197609,12.6989,-10.4432
0.651166,371.965,3.57983e-005,2.18691,-0.0898132,12.8277,-10.5096
0.651166,371.965,3.59664e-005,2.31154,0.0186823,12.911,-10.5398
0.651166,371.965,3.61345e-005,2.42705,0.12749,12.9482,-10.5335
0.651166,371.965,3.63025e-005,2.53298,0.236222,12.939,-10.4907
0.651166,371.965,3.64706e-005,2.62892,0.344485,12.8834,-10.4113
0.651166,371.965,3.66387e-005,2.71448,0.451891,12.7813,-10.2955
0.651166,371.965,3.68067e-005,2.78933,0.55805,12.6329,-10.1436
0.651166,371.965,3.69748e-005,2.85317,0.662576,12.4387,-9.95599
0.651166,371.965,3.71429e-005,2.90575,0.76509,12.1992,-9.73328
0.651166,371.965,3.73109e-005,2.94686,0.865217,11.9151,-9.47611
0.651166,371.965,3.7479e-005,2.97634,0.962589,11.5872,-9.18528
0.651166,371.965,3.76471e-005,2.99408,1.05685,11.2168,-8.86172
0.651166,371.965,3.78151e-005,3,1.14764,10.8049,-8.50647
0.651166,371.965,3.79832e-005,2.99408,1.23464,10.3529,-8.12071
0.651166,371.965,3.81513e-005,2.97634,1.31752,9.86241,-7.70571
0.651166,371.965,3.83193e-005,2.94686,1.39597,9.33505,-7.26284
0.651166,371.965,3.84874e-005,2.90575,1.46969,8.77262,-6.79361
0.651166,371.965,3.86555e-005,2.85317,1.5384,8.17709,-6.2996
0.651166,371.965,3.88235e-005,2.78933,1.60185,7.55052,-5.78249
0.651166,371.965,3.89916e-005,2.71448,1.65979,6.89512,-5.24405
0.651166,371.965,3.91597e-005,2.62892,1.712,6.21318,-4.68614
0.651166,371.965,3.93277e-005,2.53298,1.75828,5.50711,-4.11067
0.651166,371.965,3.94958e-005,2.42705,1.79845,4.77944,-3.51965
0.651166,371.965,3.96639e-005,2.31154,1.83234,4.03275,-2.91513
0.651166,371.965,3.98319e-005,2.18691,1.85981,3.2697,-2.29922
0.651166,371.965,4e-005,2.05364,1.88076,2.49305,-1.67407
0.651166,371.965,4.01681e-005,1.91227,1.89509,1.70559,-1.04189
0.651166,371.965,4.03361e-005,1.76336,1.90274,0.910147,-0.404879
0.651166,371.965,4.05042e-005,1.60748,1.90366,0.109617,0.234698
0.651166,371.965,4.06723e-005,1.44526,1.89784,-0.693101,0.874585
0.651166,371.965,4.08403e-005,1.27734,1.88528,-1.49509,1.51251
0.651166,371.965,4.10084e-005,1.10437,1.866,-2.29342,2.14622
0.651166,371.965,4.11765e-005,0.927051,1.84008,-3.08517,2.77345
0.651166,371.965,4.13445e-005,0.74607,1.80758,-3.86746,3.39196
0.651166,371.965,4.15126e-005,0.562144,1.76861,-4.6374,3.99955
0.651166,371.965,4.16807e-005,0.376,1.7233,-5.39216,4.59404
0.651166,371.965,4.18487e-005,0.188372,1.67179,-6.12896,5.1733
0.651166,371.965,4.20168e-005,1.83691e-015,1.61427,-6.84509,5.73525
0.651166,371.965,4.21849e-005,-0.188372,1.55093,-7.53789,6.27786
0.651166,371.965,4.23529e-005,-0.376,1.48198,-8.20478,6.79918
0.651166,371.965,4.2521e-005,-0.562144,1.40767,-8.8433,7.29732
0.651166,371.965,4.26891e-005,-0.74607,1.32824,-9.45106,7.77049
0.651166,371.965,4.28571e-005,-0.927051,1.24399,-10.0258,8.21696
0.651166,371.965,4.30252e-005,-1.10437,1.15521,-10.5653,8.63511
0.651166,371.965,4.31933e-005,-1.27734,1.0622,-11.0677,9.02341
0.651166,371.965,4.33613e-005,-1.44526,0.965306,-11.5309,9.38045
0.651166,371.965,4.35294e-005,-1.60748,0.864859,-11.9532,9.70493
0.651166,371.965,4.36975e-005,-1.76336,0.761219,-12.3331,9.99564
0.651166,371.965,4.38655e-005,-1.91227,0.654756,-12.6691,10.2515
0.651166,371.965,4.40336e-005,-2.05364,0.545849,-12.9599,10.4716
0.651166,371.965,4.42017e-005,-2.18691,0.434888,-13.2043,10.6551
0.651166,371.965,4.43697e-005,-2.31154,0.322271,-13.4015,10.8013
0.651166,371.965,4.45378e-005,-2.42705,0.2084,-13.5506,10.9096
0.651166,371.965,4.47059e-005,-2.53298,0.0936862,-13.651,10.9796
0.651166,371.965,4.48739e-005,-2.62892,-0.0214586,-13.7022,11.0111
0.651166,371.965,4.5042e-005,-2.71448,-0.136619,-13.7041,11.0039
0.651166,371.965,4.52101e-005,-2.78933,-0.251381,-13.6566,10.958
0.651166,371.965,4.53782e-005,-2.85317,-0.365329,-13.5598,10.8735
0.651166,371.965,4.55462e-005,-2.90575,-0.478051,-13.4139,10.7507
0.651166,371.965,4.57143e-005,-2.94686,-0.589139,-13.2195,10.59
0.651166,371.965,4.58824e-005,-2.97634,-0.698191,-12.9772,10.392
0.651166,371.965,4.60504e-005,-2.99408,-0.804812,-12.6879,10.1573
0.651166,371.965,4.62185e-005,-3,-0.908614,-12.3525,9.88676
0.651166,371.965,4.63866e-005,-2.99408,-1.00922,-11.9722,9.58134
0.651166,371.965,4.65546e-005,-2.97634,-1.10627,-11.5485,9.24211
0.651166,371.965,4.67227e-005,-2.94686,-1.1994,-11.0827,8.87025
0.651166,371.965,4.68908e-005,-2.90575,-1.28828,-10.5766,8.4671
0.651166,371.965,4.70588e-005,-2.85317,-1.37258,-10.032,8.03406
0.651166,371.965,4.72269e-005,-2.78933,-1.452,-9.45081,7.57269
0.651166,371.965,4.7395e-005,-2.71448,-1.52624,-8.83517,7.08462
0.651166,371.965,4.7563e-005,-2.62892,-1.59504,-8.1873,6.5716
0.651166,371.965,4.77311e-005,-2.53298,-1.65815,-7.50954,6.03545
0.651166,371.965,4.78992e-005,-2.42705,-1.71533,-6.80435,5.47809
0.651166,371.965,4.80672e-005,-2.31154,-1.76637,-6.0743,4.90151
0.651166,371.965,4.82353e-005,-2.18691,-1.8111,-5.32204,4.30777
0.651166,371.965,4.84034e-005,-2.05364,-1.84933,-4.55031,3.699
0.651166,371.965,4.85714e-005,-1.91227,-1.88095,-3.76193,3.07737
0.651166,371.965,4.87395e-005,-1.76336,-1.90582,-2.95978,2.44512
0.651166,371.965,4.89076e-005,-1.60748,-1.92386,-2.14678,1.80451
0.651166,371.965,4.90756e-005,-1.44526,-1.935,-1.32591,1.15783
0.651166,371.965,4.92437e-005,-1.27734,-1.93921,-0.500167,0.507411
0.651166,371.965,4.94118e-005,-1.10437,-1.93645,0.327421,-0.144423
0.651166,371.965,4.95798e-005,-0.927051,-1.92676,1.15383,-0.795332
0.651166,371.965,4.97479e-005,-0.74607,-1.91015,1.97602,-1.44298
0.651166,371.965,4.9916e-005,-0.562144,-1.8867,2.79099,-2.08505
0.651166,371.965,5.0084e-005,-0.376,-1.85648,3.59575,-2.71923
0.651166,371.965,5.02521e-005,-0.188372,-1.81961,4.38735,-3.34326
0.651166,371.965,5.04202e-005,-2.20429e-015,-1.77623,5.16288,-3.9549
0.651166,371.965,5.05882e-005,0.188372,-1.72648,5.9195,-4.55195
0.651166,371.965,5.07563e-005,0.376,-1.67057,6.65443,-5.13228
0.651166,371.965,5.09244e-005,0.562144,-1.60867,7.36499,-5.69381
0.651166,371.965,5.10924e-005,0.74607,-1.54104,8.04856,-6.23455
0.651166,371.965,5.12605e-005,0.927051,-1.46791,8.70264,-6.75254
0.651166,371.965,5.14286e-005,1.10437,-1.38955,9.32482,-7.24596
0.651166,371.965,5.15966e-005,1.27734,-1.30625,9.91284,-7.71303
0.651166,371.965,5.17647e-005,1.44526,-1.21831,10.4645,-8.15211
0.651166,371.965,5.19328e-005,1.60748,-1.12606,10.9779,-8.56162
0.651166,371.965,5.21008e-005,1.76336,-1.02983,11.451,-8.94013
0.651166,371.965,5.22689e-005,1.91227,-0.929981,11.8822,-9.28629
0.651166,371.965,5.2437e-005,2.05364,-0.826872,12.2699,-9.59889
0.651166,371.965,5.2605e-005,2.18691,-0.720883,12.6127,-9.87683
0.651166,371.965,5.27731e-005,2.31154,-0.612402,12.9093,-10.1191
0.651166,371.965,5.29412e-005,2.42705,-0.501826,13.1586,-10.325
0.651166,371.965,5.31092e-005,2.53298,-0.389559,13.3598,-10.4937
0.651166,371.965,5.32773e-005,2.62892,-0.276011,13.5122,-10.6246
0.651166,371.965,5.34454e-005,2.71448,-0.161598,13.6151,-10.7174
0.651166,371.965,5.36134e-005,2.78933,-0.0467386,13.6683,-10.7717
0.651166,371.965,5.37815e-005,2.85317,0.068149,13.6716,-10.7874
0.651166,371.965,5.39496e-005,2.90575,0.182645,13.625,-10.7645
0.651166,371.965,5.41176e-005,2.94686,0.296332,13.5287,-10.7031
0.651166,371.965,5.42857e-005,2.97634,0.408795,13.3831,-10.6035
0.651166,371.965,5.44538e-005,2.99408,0.519625,13.1888,-10.4661
0.651166,371.965,5.46218e-005,3,0.628419,12.9465,-10.2914
0.651166,371.965,5.47899e-005,2.99408,0.734782,12.6571,-10.0802
0.651166,371.965,5.4958e-005,2.97634,0.838326,12.3218,-9.83322
0.651166,371.965,5.51261e-005,2.94686,0.938677,11.9418,-9.55143
0.651166,371.965,5.52941e-005,2.90575,1.03547,11.5185,-9.23591
0.651166,371.965,5.54622e-005,2.85317,1.12836,11.0536,-8.88785
0.651166,371.965,5.56303e-005,2.78933,1.217,10.5488,-8.50857
0.651166,371.965,5.57983e-005,2.71448,1.30109,10.0061,-8.0995
0.651166,371.965,5.59664e-005,2.62892,1.38031,9.42733,-7.66216
0.651166,371.965,5.61345e-005,2.53298,1.45438,8.81483,-7.19819
0.651166,371.965,5.63025e-005,2.42705,1.52305,8.17085,-6.70932
0.651166,371.965,5.64706e-005,2.31154,1.58605,7.49781,-6.19737
0.651166,371.965,5.66387e-005,2.18691,1.64318,6.79822,-5.66424
0.651166,371.965,5.68067e-005,2.05364,1.69423,6.0747,-5.11191
0.651166,371.965,5.69748e-005,1.91227,1.73902,5.32996,-4.54242
0.651166,371.965,5.71429e-005,1.76336,1.77739,4.56676,-3.95788
0.651166,371.965,5.73109e-005,1.60748,1.80923,3.78797,-3.36044
0.651166,371.965,5.7479e-005,1.44526,1.83441,2.99647,-2.75229
0.651166,371.965,5.76471e-005,1.27734,1.85285,2.19522,-2.13569
0.651166,371.965,5.78151e-005,1.10437,1.86451,1.3872,-1.51288
0.651166,371.965,5.79832e-005,0.927051,1.86935,0.575417,-0.886151
0.651166,371.965,5.81513e-005,0.74607,1.86735,-0.237127,-0.257799
0.651166,371.965,5.83193e-005,0.562144,1.85855,-1.04741,0.369883
0.651166,371.965,5.84874e-005,0.376,1.84299,-1.85244,0.994607
0.651166,371.965,5.86555e-005,0.188372,1.82072,-2.64922,1.6141
0.651166,371.965,5.88235e-005,2.57167e-015,1.79186,-3.43482,2.22611
0.651166,371.965,5.89916e-005,-0.188372,1.75651,-4.20634,2.82841
0.651166,371.965,5.91597e-005,-0.376,1.71482,-4.96092,3.41884
0.651166,371.965,5.93277e-005,-0.562144,1.66696,-5.6958,3.99525
0.651166,371.965,5.94958e-005,-0.74607,1.61311,-6.40828,4.55557
0.651166,371.965,5.96639e-005,-0.927051,1.55348,-7.09573,5.09779
0.651166,371.965,5.98319e-005,-1.10437,1.48831,-7.75565,5.61997
0.651166,371.965,6e-005,-1.27734,1.41784,-8.38561,6.12024
0.651166,371.965,6.01681e-005,-1.44526,1.34235,-8.98334,6.59683
0.651166,371.965,6.03361e-005,-1.60748,1.26213,-9.54666,7.04804
0.651166,371.965,6.05042e-005,-1.76336,1.17747,-10.0735,7.47228
0.651166,371.965,6.06723e-005,-1.91227,1.08872,-10.562,7.86807
0.651166,371.965,6.08403e-005,-2.05364,0.996193,-11.0104,8.23402
0.651166,371.965,6.10084e-005,-2.18691,0.900251,-11.4171,8.56888
0.651166,371.965,6.11765e-005,-2.31154,0.801254,-11.7807,8.87148
0.651166,371.965,6.13445e-005,-2.42705,0.699575,-12.0998,9.14081
0.651166,371.965,6.15126e-005,-2.53298,0.595597,-12.3734,9.37596
0.651166,371.965,6.16807e-005,-2.62892,0.48971,-12.6005,9.57617
0.651166,371.965,6.18487e-005,-2.71448,0.382312,-12.7804,9.74077
0.651166,371.965,6.20168e-005,-2.78933,0.273805,-12.9124,9.86928
0.651166,371.965,6.21849e-005,-2.85317,0.164592,-12.9963,9.96132
0.651166,371.965,6.23529e-005,-2.90575,0.0550828,-13.0317,10.0166
0.651166,371.965,6.2521e-005,-2.94686,-0.0543171,-13.0186,10.0352
0.651166,371.965,6.26891e-005,-2.97634,-0.163201,-12.9572,10.0169
0.651166,371.965,6.28571e-005,-2.99408,-0.271166,-12.8478,9.96204
0.651166,371.965,6.30252e-005,-3,-0.377812,-12.6909,9.87089
0.651166,371.965,6.31933e-005,-2.99408,-0.482746,-12.4872,9.7439
0.651166,371.965,6.33613e-005,-2.97634,-0.585582,-12.2375,9.58163
0.651166,371.965,6.35294e-005,-2.94686,-0.685942,-11.9429,9.3848
0.651166,371.965,6.36975e-005,-2.90575,-0.78346,-11.6046,9.15423
0.651166,371.965,6.38655e-005,-2.85317,-0.877779,-11.2239,8.89088
0.651166,371.965,6.40336e-005,-2.78933,-0.968556,-10.8024,8.59583
0.651166,371.965,6.42017e-005,-2.71448,-1.05546,-10.3418,8.27026
0.651166,371.965,6.43697e-005,-2.62892,-1.13818,-9.84372,7.91549
0.651166,371.965,6.45378e-005,-2.53298,-1.21642,-9.31029,7.5329
0.651166,371.965,6.47059e-005,-2.42705,-1.28989,-8.74354,7.12402
0.651166,371.965,6.48739e-005,-2.31154,-1.35835,-8.14567,6.69045
0.651166,371.965,6.5042e-005,-2.18691,-1.42153,-7.51901,6.23386
0.651166,371.965,6.52101e-005,-2.05364,-1.47923,-6.86597,5.75603
0.651166,371.965,6.53782e-005,-1.91227,-1.53124,-6.18908,5.25881
0.651166,371.965,6.55462e-005,-1.76336,-1.57738,-5.49093,4.74411
0.651166,371.965,6.57143e-005,-1.60748,-1.6175,-4.77422,4.2139
0.651166,371.965,6.58824e-005,-1.44526,-1.65146,-4.04166,3.67021
0.651166,371.965,6.60504e-005,-1.27734,-1.67916,-3.29608,3.11509
0.651166,371.965,6.62185e-005,-1.10437,-1.70051,-2.54031,2.55067
0.651166,371.965,6.63866e-005,-0.927051,-1.71544,-1.77721,1.97907
0.651166,371.965,6.65546e-005,-0.74607,-1.72393,-1.0097,1.40245
0.651166,371.965,6.67227e-005,-0.562144,-1.72595,-0.240668,0.822979
0.651166,371.965,6.68908e-005,-0.376,-1.72152,0.52697,0.242828
0.651166,371.965,6.70588e-005,-0.188372,-1.71068,1.29032,-0.335834
0.651166,371.965,6.72269e-005,-2.93906e-015,-1.69348,2.04651,-0.910852
0.651166,371.965,6.7395e-005,0.188372,-1.67001,2.7927,-1.48009
0.651166,371.965,6.7563e-005,0.376,-1.64038,3.5261,-2.04144
0.651166,371.965,6.77311e-005,0.562144,-1.60472,4.24396,-2.59283
0.651166,371.965,6.78992e-005,0.74607,-1.56317,4.94361,-3.13223
0.651166,371.965,6.80672e-005,0.927051,-1.51593,5.62245,-3.65766
0.651166,371.965,6.82353e-005,1.10437,-1.46317,6.27796,-4.16722
0.651166,371.965,6.84034e-005,1.27734,-1.40512,6.90773,-4.65904
0.651166,371.965,6.85714e-005,1.44526,-1.34202,7.50942,-5.13135
0.651166,371.965,6.87395e-005,1.60748,-1.27411,8.08085,-5.58245
0.651166,371.965,6.89076e-005,1.76336,-1.20168,8.61992,-6.01072
0.651166,371.965,6.90756e-005,1.91227,-1.125,9.12467,-6.41465
0.651166,371.965,6.92437e-005,2.05364,-1.04438,9.59329,-6.7928
0.651166,371.965,6.94118e-005,2.18691,-0.960146,10.0241,-7.14385
0.651166,371.965,6.95798e-005,2.31154,-0.87262,10.4155,-7.46659
0.651166,371.965,6.97479e-005,2.42705,-0.782148,10.7663,-7.75991
0.651166,371.965,6.9916e-005,2.53298,-0.68908,11.075,-8.02281
0.651166,371.965,7.0084e-005,2.62892,-0.593779,11.3408,-8.25444
0.651166,371.965,7.02521e-005,2.71448,-0.496614,11.5627,-8.45403
0.651166,371.965,7.04202e-005,2.78933,-0.397958,11.74,-8.62096
0.651166,371.965,7.05882e-005,2.85317,-0.298193,11.8721,-8.75472
0.651166,371.965,7.07563e-005,2.90575,-0.1977,11.9587,-8.85496
0.651166,371.965,7.09244e-005,2.94686,-0.0968638,11.9995,-8.92141
0.651166,371.965,7.10924e-005,2.97634,0.0039313,11.9946,-8.95397
0.651166,371.965,7.12605e-005,2.99408,0.104302,11.9441,-8.95265
0.651166,371.965,7.14286e-005,3,0.203868,11.8483,-8.91759
0.651166,371.965,7.15966e-005,2.99408,0.302253,11.7078,-8.84906
0.651166,371.965,7.17647e-005,2.97634,0.399086,11.5232,-8.74746
0.651166,371.965,7.19328e-005,2.94686,0.494004,11.2952,-8.61332
0.651166,371.965,7.21008e-005,2.90575,0.586652,11.0251,-8.44726
0.651166,371.965,7.22689e-005,2.85317,0.676683,10.7138,-8.25007
0.651166,371.965,7.2437e-005,2.78933,0.763765,10.3627,-8.02261
0.651166,371.965,7.2605e-005,2.71448,0.847575,9.97333,-7.76589
0.651166,371.965,7.27731e-005,2.62892,0.927803,9.54723,-7.48099
0.651166,371.965,7.29412e-005,2.53298,1.00416,9.08617,-7.16912
0.651166,371.965,7.31092e-005,2.42705,1.07636,8.59201,-6.83159
0.651166,371.965,7.32773e-005,2.31154,1.14415,8.06677,-6.46979
0.651166,371.965,7.34454e-005,2.18691,1.20728,7.51255,-6.0852
0.651166,371.965,7.36134e-005,2.05364,1.26553,6.93156,-5.67939
0.651166,371.965,7.37815e-005,1.91227,1.31869,6.32614,-5.25401
0.651166,371.965,7.39496e-005,1.76336,1.36658,5.69867,-4.81075
0.651166,371.965,7.41176e-005,1.60748,1.40903,5.05165,-4.3514
0.651166,371.965,7.42857e-005,1.44526,1.4459,4.38763,-3.87777
0.651166,371.965,7.44538e-005,1.27734,1.47707,3.70921,-3.39176
0.651166,371.965,7.46218e-005,1.10437,1.50244,3.01906,-2.89526
0.651166,371.965,7.47899e-005,0.927051,1.52193,2.31988,-2.39024
0.651166,371.965,7.4958e-005,0.74607,1.5355,1.61438,-1.87867
0.651166,371.965,7.51261e-005,0.562144,1.54311,0.905315,-1.36254
0.651166,371.965,7.52941e-005,0.376,1.54475,0.19543,-0.843845
0.651166,371.965,7.54622e-005,0.188372,1.54044,-0.512532,-0.324602
0.651166,371.965,7.56303e-005,3.30644e-015,1.53022,-1.21584,0.193194
0.651166,371.965,7.57983e-005,-0.188372,1.51416,-1.91179,0.707555
0.651166,371.965,7.59664e-005,-0.376,1.49233,-2.59771,1.21652
0.651166,371.965,7.61345e-005,-0.562144,1.46484,-3.27099,1.71814
0.651166,371.965,7.63025e-005,-0.74607,1.43182,-3.92905,2.21052
0.651166,371.965,7.64706e-005,-0.927051,1.39343,-4.5694,2.69181
0.651166,371.965,7.66387e-005,-1.10437,1.34982,-5.18961,3.16019
0.651166,371.965,7.68067e-005,-1.27734,1.30118,-5.78734,3.61391
0.651166,371.965,7.69748e-005,-1.44526,1.24773,-6.36035,4.05128
0.651166,371.965,7.71429e-005,-1.60748,1.1897,-6.90649,4.47069
0.651166,371.965,7.73109e-005,-1.76336,1.12731,-7.42374,4.87058
0.651166,371.965,7.7479e-005,-1.91227,1.06084,-7.91017,5.24951
0.651166,371.965,7.76471e-005,-2.05364,0.990555,-8.36399,5.6061
0.651166,371.965,7.78151e-005,-2.18691,0.916744,-8.78356,5.93906
0.651166,371.965,7.79832e-005,-2.31154,0.839707,-9.16734,6.24721
0.651166,371.965,7.81513e-005,-2.42705,0.759758,-9.51396,6.52946
0.651166,371.965,7.83193e-005,-2.53298,0.677218,-9.8222,6.78484
0.651166,371.965,7.84874e-005,-2.62892,0.59242,-10.091,7.01248
0.651166,371.965,7.86555e-005,-2.71448,0.505703,-10.3194,7.21161
0.651166,371.965,7.88235e-005,-2.78933,0.417412,-10.5066,7.38159
0.651166,371.965,7.89916e-005,-2.85317,0.327897,-10.6522,7.5219
0.651166,371.965,7.91597e-005,-2.90575,0.237515,-10.7555,7.63212
0.651166,371.965,7.93277e-005,-2.94686,0.14662,-10.8165,7.71196
0.651166,371.965,7.94958e-005,-2.97634,0.05557,-10.8349,7.76124
0.651166,371.965,7.96639e-005,-2.99408,-0.0352778,-10.8109,7.77992
0.651166,371.965,7.98319e-005,-3,-0.125569,-10.7446,7.76806
0.651166,371.965,8e-005,-2.99408,-0.214952,-10.6366,7.72585
0.651166,371.965,8.01681e-005,-2.97634,-0.30308,-10.4872,7.6536
0.651166,371.965,8.03361e-005,-2.94686,-0.389613,-10.2974,7.55172
0.651166,371.965,8.05042e-005,-2.90575,-0.474216,-10.0679,7.42076
0.651166,371.965,8.06723e-005,-2.85317,-0.556567,-9.79971,7.26136
0.651166,371.965,8.08403e-005,-2.78933,-0.63635,-9.49412,7.07428
0.651166,371.965,8.10084e-005,-2.71448,-0.713261,-9.15241,6.86038
0.651166,371.965,8.11765e-005,-2.62892,-0.787009,-8.77604,6.62063
0.651166,371.965,8.13445e-005,-2.53298,-0.857316,-8.3666,6.35609
0.651166,371.965,8.15126e-005,-2.42705,-0.92392,-7.92582,6.06792
0.651166,371.965,8.16807e-005,-2.31154,-0.986572,-7.45554,5.75735
0.651166,371.965,8.18487e-005,-2.18691,-1.04504,-6.95769,5.42573
0.651166,371.965,8.20168e-005,-2.05364,-1.09911,-6.43434,5.07446
0.651166,371.965,8.21849e-005,-1.91227,-1.14859,-5.88762,4.70501
0.651166,371.965,8.23529e-005,-1.76336,-1.19329,-5.31978,4.31893
0.651166,371.965,8.2521e-005,-1.60748,-1.23306,-4.73312,3.91783
0.651166,371.965,8.26891e-005,-1.44526,-1.26777,-4.13002,3.50335
0.651166,371.965,8.28571e-005,-1.27734,-1.29729,-3.51292,3.07721
0.651166,371.965,8.30252e-005,-1.10437,-1.32153,-2.88429,2.64115
0.651166,371.965,8.31933e-005,-0.927051,-1.34041,-2.24667,2.19694
0.651166,371.965,8.33613e-005,-0.74607,-1.35387,-1.6026,1.74638
0.651166,371.965,8.35294e-005,-0.562144,-1.3619,-0.954647,1.29129
0.651166,371.965,8.36975e-005,-0.376,-1.36446,-0.305397,0.833514
0.651166,371.965,8.38655e-005,-0.188372,-1.36158,0.342578,0.374871
0.651166,371.965,8.40336e-005,-3.67382e-015,-1.35329,0.986714,-0.0828047
0.651166,371.965,8.42017e-005,0.188372,-1.33964,1.62447,-0.537693
0.651166,371.965,8.43697e-005,0.376,-1.32071,2.25333,-0.987993
0.651166,371.965,8.45378e-005,0.562144,-1.29658,2.87084,-1.43193
0.651166,371.965,8.47059e-005,0.74607,-1.26738,3.47458,-1.86775
0.651166,371.965,8.48739e-005,0.927051,-1.23325,4.06219,-2.29376
0.651166,371.965,8.5042e-005,1.10437,-1.19433,4.63138,-2.7083
0.651166,371.965,8.52101e-005,1.27734,-1.1508,5.17997,-3.10976
0.651166,371.965,8.53782e-005,1.44526,-1.10285,5.70582,-3.49658
0.651166,371.965,8.55462e-005,1.60748,-1.05069,6.20691,-3.86729
0.651166,371.965,8.57143e-005,1.76336,-0.994546,6.68133,-4.22046
0.651166,371.965,8.58824e-005,1.91227,-0.934653,7.12728,-4.55476
0.651166,371.965,8.60504e-005,2.05364,-0.871266,7.54305,-4.86893
0.651166,371.965,8.62185e-005,2.18691,-0.804652,7.9271,-5.16179
0.651166,371.965,8.63866e-005,2.31154,-0.735089,8.27798,-5.43226
0.651166,371.965,8.65546e-005,2.42705,-0.662867,8.5944,-5.67935
0.651166,371.965,8.67227e-005,2.53298,-0.588285,8.8752,-5.90216
0.651166,371.965,8.68908e-005,2.62892,-0.511652,9.11937,-6.09991
0.651166,371.965,8.70588e-005,2.71448,-0.433282,9.32604,-6.27189
0.651166,371.965,8.72269e-005,2.78933,-0.353496,9.4945,-6.41753
0.651166,371.965,8.7395e-005,2.85317,-0.272621,9.6242,-6.53635
0.651166,371.965,8.7563e-005,2.90575,-0.190984,9.71472,-6.62799
0.651166,371.965,8.77311e-005,2.94686,-0.108919,9.76584,-6.69219
0.651166,371.965,8.78992e-005,2.97634,-0.0267551,9.77745,-6.7288
0.651166,371.965,8.80672e-005,2.99408,0.0551746,9.74963,-6.73779
0.651166,371.965,8.82353e-005,3,0.136541,9.68262,-6.71925
0.651166,371.965,8.84034e-005,2.99408,0.217018,9.57679,-6.67335
0.651166,371.965,8.85714e-005,2.97634,0.296285,9.43268,-6.6004
0.651166,371.965,8.87395e-005,2.94686,0.374024,9.25098,-6.50081
0.651166,371.965,8.89076e-005,2.90575,0.449928,9.03254,-6.37509
0.651166,371.965,8.90756e-005,2.85317,0.523695,8.77833,-6.22385
0.651166,371.965,8.92437e-005,2.78933,0.595035,8.48949,-6.04782
0.651166,371.965,8.94118e-005,2.71448,0.663668,8.16727,-5.84781
0.651166,371.965,8.95798e-005,2.62892,0.729324,7.81306,-5.62473
0.651166,371.965,8.97479e-005,2.53298,0.791747,7.42839,-5.37958
0.651166,371.965,8.9916e-005,2.42705,0.850696,7.01488,-5.11344
0.651166,371.965,9.0084e-005,2.31154,0.905942,6.57429,-4.8275
0.651166,371.965,9.02521e-005,2.18691,0.957273,6.10846,-4.52298
0.651166,371.965,9.04202e-005,2.05364,1.00449,5.61934,-4.2012
0.651166,371.965,9.05882e-005,1.91227,1.04743,5.10898,-3.86356
0.651166,371.965,9.07563e-005,1.76336,1.08591,4.57949,-3.51148
0.651166,371.965,9.09244e-005,1.60748,1.1198,4.03305,-3.14647
0.651166,371.965,9.10924e-005,1.44526,1.14898,3.47193,-2.77007
0.651166,371.965,9.12605e-005,1.27734,1.17333,2.89843,-2.38386
0.651166,371.965,9.14286e-005,1.10437,1.19279,2.3149,-1.98946
0.651166,371.965,9.15966e-005,0.927051,1.20727,1.72372,-1.58852
0.651166,371.965,9.17647e-005,0.74607,1.21675,1.12732,-1.18271
0.651166,371.965,9.19328e-005,0.562144,1.22118,0.528114,-0.773725
0.651166,371.965,9.21008e-005,0.376,1.22058,-0.0714587,-0.363243
0.651166,371.965,9.22689e-005,0.188372,1.21496,-0.668968,0.0470368
0.651166,371.965,9.2437e-005,1.46993e-014,1.20436,-1.262,0.455427
0.651166,371.965,9.2605e-005,-0.188372,1.18883,-1.84815,0.860253
0.651166,371.965,9.27731e-005,-0.376,1.16845,-2.42508,1.25986
0.651166,371.965,9.29412e-005,-0.562144,1.14332,-2.99045,1.65261
0.651166,371.965,9.31092e-005,-0.74607,1.11355,-3.542,2.03692
0.651166,371.965,9.32773e-005,-0.927051,1.07929,-4.07752,2.41122
0.651166,371.965,9.34454e-005,-1.10437,1.04067,-4.59489,2.77401
0.651166,371.965,9.36134e-005,-1.27734,0.997885,-5.09202,3.12382
0.651166,371.965,9.37815e-005,-1.44526,0.951103,-5.56696,3.45924
0.651166,371.965,9.39496e-005,-1.60748,0.900533,-6.01782,3.77894
0.651166,371.965,9.41176e-005,-1.76336,0.846392,-6.44283,4.08164
0.651166,371.965,9.42857e-005,-1.91227,0.788911,-6.8403,4.36614
0.651166,371.965,9.44538e-005,-2.05364,0.728333,-7.20869,4.63132
0.651166,371.965,9.46218e-005,-2.18691,0.664917,-7.54656,4.87614
0.651166,371.965,9.47899e-005,-2.31154,0.598929,-7.8526,5.09964
0.651166,371.965,9.4958e-005,-2.42705,0.530646,-8.12562,5.30096
0.651166,371.965,9.51261e-005,-2.53298,0.460355,-8.36459,5.47933
0.651166,371.965,9.52941e-005,-2.62892,0.38835,-8.5686,5.63407
0.651166,371.965,9.54622e-005,-2.71448,0.314931,-8.7369,5.76461
0.651166,371.965,9.56303e-005,-2.78933,0.240403,-8.86887,5.87047
0.651166,371.965,9.57983e-005,-2.85317,0.165075,-8.96404,5.95128
0.651166,371.965,9.59664e-005,-2.90575,0.0892587,-9.0221,6.00676
0.651166,371.965,9.61345e-005,-2.94686,0.0132681,-9.04288,6.03677
0.651166,371.965,9.63025e-005,-2.97634,-0.0625838,-9.02638,6.04123
0.651166,371.965,9.64706e-005,-2.99408,-0.137985,-8.97272,6.02019
0.651166,371.965,9.66387e-005,-3,-0.212625,-8.8822,5.97381
0.651166,371.965,9.68067e-005,-2.99408,-0.286199,-8.75526,5.90234
0.651166,371.965,9.69748e-005,-2.97634,-0.358405,-8.59248,5.80614
0.651166,371.965,9.71429e-005,-2.94686,-0.428947,-8.39459,5.68566
0.651166,371.965,9.73109e-005,-2.90575,-0.49754,-8.16247,5.54148
0.651166,371.965,9.7479e-005,-2.85317,-0.563902,-7.89711,5.37424
0.651166,371.965,9.76471e-005,-2.78933,-0.627765,-7.59967,5.18469
0.651166,371.965,9.78151e-005,-2.71448,-0.688869,-7.27141,4.97368
0.651166,371.965,9.79832e-005,-2.62892,-0.746967,-6.91373,4.74213
0.651166,371.965,9.81513e-005,-2.53298,-0.801826,-6.52814,4.49104
0.651166,371.965,9.83193e-005,-2.42705,-0.853223,-6.11627,4.22152
0.651166,371.965,9.84874e-005,-2.31154,-0.900953,-5.67984,3.93473
0.651166,371.965,9.86555e-005,-2.18691,-0.944824,-5.22068,3.63188
0.651166,371.965,9.88235e-005,-2.05364,-0.984662,-4.7407,3.3143
0.651166,371.965,9.89916e-005,-1.91227,-1.02031,-4.24191,2.98332
0.651166,371.965,9.91597e-005,-1.76336,-1.05162,-3.72637,2.64036
0.651166,371.965,9.93277e-005,-1.60748,-1.07848,-3.19622,2.28687
0.651166,371.965,9.94958e-005,-1.44526,-1.10078,-2.65365,1.92436
0.651166,371.965,9.96639e-005,-1.27734,-1.11844,-2.10091,1.55435
0.651166,371.965,9.98319e-005,-1.10437,-1.13138,-1.54028,1.1784
0.651166,371.965,0.0001,-0.927051,-1.13956,-0.974073,0.798106
0.651166,371.965,0.000100168,-0.74607,-1.14296,-0.404611,0.415059
0.651166,371.965,0.000100336,-0.562144,-1.14157,0.165762,0.0308693
0.651166,371.965,0.000100504,-0.376,-1.1354,0.734703,-0.352852
0.651166,371.965,0.000100672,-0.188372,-1.12447,1.29988,-0.734498
0.651166,371.965,0.00010084,-4.40858e-015,-1.10885,1.85897,-1.11247
0.651166,371.965,0.000924538,0.188372,-1.25249,3.65946,-2.61918
0.651166,371.965,0.000924706,0.376,-1.2168,4.24768,-3.04019
0.651166,371.965,0.000924874,0.562144,-1.1763,4.81913,-3.4492
0.651166,371.965,0.000925042,0.74607,-1.13116,5.37157,-3.84459
0.651166,371.965,0.00092521,0.927051,-1.08156,5.90281,-4.22482
0.651166,371.965,0.000925378,1.10437,-1.02769,6.41075,-4.58837
0.651166,371.965,0.000925546,1.27734,-0.96976,6.89339,-4.93381
0.651166,371.965,0.000925714,1.44526,-0.908005,7.34883,-5.25978
0.651166,371.965,0.000925882,1.60748,-0.842667,7.77526,-5.56499
0.651166,371.965,0.00092605,1.76336,-0.774003,8.17101,-5.84824
0.651166,371.965,0.000926218,1.91227,-0.702284,8.53451,-6.10841
0.651166,371.965,0.000926387,2.05364,-0.627794,8.86433,-6.34447
0.651166,371.965,0.000926555,2.18691,-0.550826,9.15917,-6.55549
0.651166,371.965,0.000926723,2.31154,-0.471684,9.41786,-6.74064
0.651166,371.965,0.000926891,2.42705,-0.390681,9.63938,-6.89919
0.651166,371.965,0.000927059,2.53298,-0.308136,9.82286,-7.03051
0.651166,371.965,0.000927227,2.62892,-0.224375,9.96757,-7.13409
0.651166,371.965,0.000927395,2.71448,-0.139729,10.0729,-7.20951
0.651166,371.965,0.000927563,2.78933,-0.0545305,10.1386,-7.25648
0.651166,371.965,0.000927731,2.85317,0.0308827,10.1642,-7.27481
0.651166,371.965,0.000927899,2.90575,0.116174,10.1497,-7.26443
0.651166,371.965,0.000928067,2.94686,0.201007,10.0951,-7.22538
0.651166,371.965,0.000928235,2.97634,0.285047,10.0007,-7.15781
0.651166,371.965,0.000928403,2.99408,0.367961,9.86684,-7.062
0.651166,371.965,0.000928571,3,0.449424,9.69404,-6.93831
0.651166,371.965,0.000928739,2.99408,0.529113,9.48297,-6.78725
0.651166,371.965,0.000928908,2.97634,0.606713,9.23448,-6.60939
0.651166,371.965,0.000929076,2.94686,0.681919,8.94954,-6.40546
0.651166,371.965,0.000929244,2.90575,0.754434,8.62929,-6.17624
0.651166,371.965,0.000929412,2.85317,0.823972,8.27497,-5.92265
0.651166,371.965,0.00092958,2.78933,0.890258,7.888,-5.64568
0.651166,371.965,0.000929748,2.71448,0.95303,7.46991,-5.34644
0.651166,371.965,0.000929916,2.62892,1.01204,7.02233,-5.02609
0.651166,371.965,0.000930084,2.53298,1.06706,6.54703,-4.68591
0.651166,371.965,0.000930252,2.42705,1.11786,6.0459,-4.32723
0.651166,371.965,0.00093042,2.31154,1.16426,5.52091,-3.95148
0.651166,371.965,0.000930588,2.18691,1.20606,4.97413,-3.56013
0.651166,371.965,0.000930756,2.05364,1.2431,4.40772,-3.15473
0.651166,371.965,0.000930924,1.91227,1.27523,3.82391,-2.73689
0.651166,371.965,0.000931092,1.76336,1.30233,3.22501,-2.30824
0.651166,371.965,0.000931261,1.60748,1.32429,2.61339,-1.87048
0.651166,371.965,0.000931429,1.44526,1.34103,1.99145,-1.42534
0.651166,371.965,0.000931597,1.27734,1.35247,1.36165,-0.974573
0.651166,371.965,0.000931765,1.10437,1.35858,0.726476,-0.519961
0.651166,371.965,0.000931933,0.927051,1.35932,0.0884364,-0.0632969
0.651166,371.965,0.000932101,0.74607,1.3547,-0.549952,0.393617
0.651166,371.965,0.000932269,0.562144,1.34473,-1.18617,0.848977
0.651166,371.965,0.000932437,0.376,1.32945,-1.81771,1.30099
0.651166,371.965,0.000932605,0.188372,1.30893,-2.44207,1.74786
0.651166,371.965,0.000932773,8.80497e-015,1.28325,-3.0568,2.18784
0.651166,371.965,0.000932941,-0.188372,1.25249,-3.65946,2.61918
0.651166,371.965,0.000933109,-0.376,1.2168,-4.24768,3.04019
0.651166,371.965,0.000933277,-0.562144,1.1763,-4.81913,3.4492
0.651166,371.965,0.000933445,-0.74607,1.13116,-5.37157,3.84459
0.651166,371.965,0.000933613,-0.927051,1.08156,-5.90281,4.22482
0.651166,371.965,0.000933782,-1.10437,1.02769,-6.41075,4.58837
0.651166,371.965,0.00093395,-1.27734,0.96976,-6.89339,4.93381
0.651166,371.965,0.000934118,-1.44526,0.908005,-7.34883,5.25978
0.651166,371.965,0.000934286,-1.60748,0.842667,-7.77526,5.56499
0.651166,371.965,0.000934454,-1.76336,0.774003,-8.17101,5.84824
0.651166,371.965,0.000934622,-1.91227,0.702284,-8.53451,6.10841
0.651166,371.965,0.00093479,-2.05364,0.627794,-8.86433,6.34447
0.651166,371.965,0.000934958,-2.18691,0.550826,-9.15917,6.55549
0.651166,371.965,0.000935126,-2.31154,0.471685,-9.41786,6.74064
0.651166,371.965,0.000935294,-2.42705,0.390681,-9.63938,6.89919
0.651166,371.965,0.000935462,-2.53298,0.308136,-9.82286,7.03051
0.651166,371.965,0.00093563,-2.62892,0.224375,-9.96757,7.13409
0.651166,371.965,0.000935798,-2.71448,0.139729,-10.0729,7.20951
0.651166,371.965,0.000935966,-2.78933,0.0545306,-10.1386,7.25648
0.651166,371.965,0.000936134,-2.85317,-0.0308826,-10.1642,7.27481
0.651166,371.965,0.000936303,-2.90575,-0.116174,-10.1497,7.26443
0.651166,371.965,0.000936471,-2.94686,-0.201007,-10.0951,7.22538
0.651166,371.965,0.000936639,-2.97634,-0.285047,-10.0007,7.15781
0.651166,371.965,0.000936807,-2.99408,-0.367961,-9.86684,7.062
0.651166,371.965,0.000936975,-3,-0.449424,-9.69404,6.93831
0.651166,371.965,0.000937143,-2.99408,-0.529112,-9.48297,6.78725
0.651166,371.965,0.000937311,-2.97634,-0.606713,-9.23448,6.60939
0.651166,371.965,0.000937479,-2.94686,-0.681919,-8.94954,6.40546
0.651166,371.965,0.000937647,-2.90575,-0.754434,-8.62929,6.17624
0.651166,371.965,0.000937815,-2.85317,-0.823972,-8.27497,5.92265
0.651166,371.965,0.000937983,-2.78933,-0.890258,-7.88801,5.64568
0.651166,371.965,0.000938151,-2.71448,-0.95303,-7.46991,5.34644
0.651166,371.965,0.000938319,-2.62892,-1.01204,-7.02233,5.02609
0.651166,371.965,0.000938487,-2.53298,-1.06706,-6.54703,4.68591
0.651166,371.965,0.000938655,-2.42705,-1.11786,-6.0459,4.32723
0.651166,371.965,0.000938824,-2.31154,-1.16426,-5.52091,3.95148
0.651166,371.965,0.000938992,-2.18691,-1.20606,-4.97413,3.56013
0.651166,371.965,0.00093916,-2.05364,-1.2431,-4.40772,3.15474
0.651166,371.965,0.000939328,-1.91227,-1.27523,-3.82391,2.73689
0.651166,371.965,0.000939496,-1.76336,-1.30233,-3.22501,2.30824
0.651166,371.965,0.000939664,-1.60748,-1.32429,-2.61339,1.87048
0.651166,371.965,0.000939832,-1.44526,-1.34103,-1.99145,1.42534
0.651166,371.965,0.00094,-1.27734,-1.35247,-1.36165,0.974573
0.651166,371.965,0.000940168,-1.10437,-1.35858,-0.726476,0.519961
0.651166,371.965,0.000940336,-0.927051,-1.35932,-0.088437,0.0632973
0.651166,371.965,0.000940504,-0.74607,-1.3547,0.549951,-0.393616
0.651166,371.965,0.000940672,-0.562144,-1.34473,1.18617,-0.848977
0.651166,371.965,0.00094084,-0.376,-1.32945,1.81771,-1.30099
0.651166,371.965,0.000941008,-0.188372,-1.30893,2.44207,-1.74786
0.651166,371.965,0.000941176,-4.11468e-014,-1.28325,3.05679,-2.18784
0.651166,371.965,0.000941345,0.188372,-1.25249,3.65946,-2.61918
0.651166,371.965,0.000941513,0.376,-1.2168,4.24768,-3.04019
0.651166,371.965,0.000941681,0.562144,-1.1763,4.81913,-3.4492
0.651166,371.965,0.000941849,0.74607,-1.13116,5.37157,-3.84459
0.651166,371.965,0.000942017,0.927051,-1.08156,5.90281,-4.22482
0.651166,371.965,0.000942185,1.10437,-1.02769,6.41075,-4.58836
0.651166,371.965,0.000942353,1.27734,-0.96976,6.89339,-4.93381
0.651166,371.965,0.000942521,1.44526,-0.908005,7.34883,-5.25978
0.651166,371.965,0.000942689,1.60748,-0.842667,7.77526,-5.56499
0.651166,371.965,0.000942857,1.76336,-0.774003,8.17101,-5.84824
0.651166,371.965,0.000943025,1.91227,-0.702284,8.53451,-6.10841
0.651166,371.965,0.000943193,2.05364,-0.627794,8.86433,-6.34447
0.651166,371.965,0.000943361,2.18691,-0.550826,9.15917,-6.55549
0.651166,371.965,0.000943529,2.31154,-0.471685,9.41786,-6.74064
0.651166,371.965,0.000943697,2.42705,-0.390681,9.63938,-6.89919
0.651166,371.965,0.000943866,2.53298,-0.308136,9.82286,-7.03051
0.651166,371.965,0.000944034,2.62892,-0.224375,9.96757,-7.13409
0.651166,371.965,0.000944202,2.71448,-0.139729,10.0729,-7.20951
0.651166,371.965,0.00094437,2.78933,-0.0545307,10.1386,-7.25648
0.651166,371.965,0.000944538,2.85317,0.0308826,10.1642,-7.27481
0.651166,371.965,0.000944706,2.90575,0.116174,10.1497,-7.26443
0.651166,371.965,0.000944874,2.94686,0.201007,10.0951,-7.22538
0.651166,371.965,0.000945042,2.97634,0.285046,10.0007,-7.15781
0.651166,371.965,0.00094521,2.99408,0.367961,9.86684,-7.062
0.651166,371.965,0.000945378,3,0.449424,9.69404,-6.93831
0.651166,371.965,0.000945546,2.99408,0.529112,9.48297,-6.78725
0.651166,371.965,0.000945714,2.97634,0.606713,9.23448,-6.60939
0.651166,371.965,0.000945882,2.94686,0.681919,8.94954,-6.40546
0.651166,371.965,0.00094605,2.90575,0.754434,8.62929,-6.17624
0.651166,371.965,0.000946218,2.85317,0.823972,8.27497,-5.92265
0.651166,371.965,0.000946387,2.78933,0.890258,7.888,-5.64568
0.651166,371.965,0.000946555,2.71448,0.95303,7.46991,-5.34644
0.651166,371.965,0.000946723,2.62892,1.01204,7.02233,-5.02609
0.651166,371.965,0.000946891,2.53298,1.06706,6.54703,-4.68591
0.651166,371.965,0.000947059,2.42705,1.11786,6.0459,-4.32723
0.651166,371.965,0.000947227,2.31154,1.16426,5.52091,-3.95148
0.651166,371.965,0.000947395,2.18691,1.20606,4.97413,-3.56013
0.651166,371.965,0.000947563,2.05364,1.2431,4.40772,-3.15474
0.651166,371.965,0.000947731,1.91227,1.27523,3.82391,-2.73689
0.651166,371.965,0.000947899,1.76336,1.30233,3.22501,-2.30824
0.651166,371.965,0.000948067,1.60748,1.32429,2.61339,-1.87048
0.651166,371.965,0.000948235,1.44526,1.34103,1.99145,-1.42534
0.651166,371.965,0.000948403,1.27734,1.35247,1.36165,-0.974573
0.651166,371.965,0.000948571,1.10437,1.35858,0.726477,-0.519961
0.651166,371.965,0.000948739,0.927051,1.35932,0.0884372,-0.0632975
0.651166,371.965,0.000948908,0.74607,1.3547,-0.549951,0.393616
0.651166,371.965,0.000949076,0.562144,1.34473,-1.18617,0.848977
0.651166,371.965,0.000949244,0.376,1.32945,-1.81771,1.30099
0.651166,371.965,0.000949412,0.188372,1.30893,-2.44207,1.74786
0.651166,371.965,0.00094958,7.34886e-014,1.28325,-3.05679,2.18784
0.651166,371.965,0.000949748,-0.188372,1.25249,-3.65946,2.61918
0.651166,371.965,0.000949916,-0.376,1.2168,-4.24768,3.04019
0.651166,371.965,0.000950084,-0.562144,1.1763,-4.81913,3.4492
0.651166,371.965,0.000950252,-0.74607,1.13116,-5.37157,3.84459
0.651166,371.965,0.00095042,-0.927051,1.08156,-5.90281,4.22481
0.651166,371.965,0.000950588,-1.10437,1.02769,-6.41075,4.58836
0.651166,371.965,0.000950756,-1.27734,0.96976,-6.89339,4.93381
0.651166,371.965,0.000950924,-1.44526,0.908005,-7.34883,5.25978
0.651166,371.965,0.000951092,-1.60748,0.842667,-7.77526,5.56499
0.651166,371.965,0.000951261,-1.76336,0.774003,-8.17101,5.84824
0.651166,371.965,0.000951429,-1.91227,0.702284,-8.53451,6.10841
0.651166,371.965,0.000951597,-2.05364,0.627794,-8.86433,6.34447
0.651166,371.965,0.000951765,-2.18691,0.550826,-9.15917,6.55549
0.651166,371.965,0.000951933,-2.31154,0.471685,-9.41786,6.74064
0.651166,371.965,0.000952101,-2.42705,0.390681,-9.63938,6.89919
0.651166,371.965,0.000952269,-2.53298,0.308136,-9.82286,7.03051
0.651166,371.965,0.000952437,-2.62892,0.224375,-9.96757,7.13409
0.651166,371.965,0.000952605,-2.71448,0.139729,-10.0729,7.20951
0.651166,371.965,0.000952773,-2.78933,0.0545307,-10.1386,7.25648
0.651166,371.965,0.000952941,-2.85317,-0.0308826,-10.1642,7.27481
0.651166,371.965,0.000953109,-2.90575,-0.116174,-10.1497,7.26443
0.651166,371.965,0.000953277,-2.94686,-0.201007,-10.0951,7.22537
0.651166,371.965,0.000953445,-2.97634,-0.285046,-10.0007,7.15781
0.651166,371.965,0.000953613,-2.99408,-0.367961,-9.86684,7.062
0.651166,371.965,0.000953782,-3,-0.449424,-9.69403,6.93831
0.651166,371.965,0.00095395,-2.99408,-0.529112,-9.48297,6.78724
0.651166,371.965,0.000954118,-2.97634,-0.606713,-9.23448,6.60939
0.651166,371.965,0.000954286,-2.94686,-0.681919,-8.94954,6.40545
0.651166,371.965,0.000954454,-2.90575,-0.754434,-8.62928,6.17624
0.651166,371.965,0.000954622,-2.85317,-0.823972,-8.27497,5.92265
0.651166,371.965,0.00095479,-2.78933,-0.890258,-7.888,5.64568
0.651166,371.965,0.000954958,-2.71448,-0.95303,-7.4699,5.34644
0.651166,371.965,0.000955126,-2.62892,-1.01204,-7.02233,5.02609
0.651166,371.965,0.000955294,-2.53298,-1.06706,-6.54703,4.68591
0.651166,371.965,0.000955462,-2.42705,-1.11786,-6.0459,4.32723
0.651166,371.965,0.00095563,-2.31154,-1.16426,-5.52091,3.95148
0.651166,371.965,0.000955798,-2.18691,-1.20606,-4.97413,3.56013
0.651166,371.965,0.000955966,-2.05364,-1.2431,-4.40772,3.15473
0.651166,371.965,0.000956134,-1.91227,-1.27523,-3.82391,2.73689
0.651166,371.965,0.000956303,-1.76336,-1.30233,-3.22501,2.30824
0.651166,371.965,0.000956471,-1.60748,-1.32429,-2.61339,1.87048
0.651166,371.965,0.000956639,-1.44526,-1.34103,-1.99145,1.42534
0.651166,371.965,0.000956807,-1.27734,-1.35247,-1.36165,0.974573
0.651166,371.965,0.000956975,-1.10437,-1.35858,-0.726477,0.519961
0.651166,371.965,0.000957143,-0.927051,-1.35932,-0.0884371,0.0632974
0.651166,371.965,0.000957311,-0.74607,-1.3547,0.549951,-0.393616
0.651166,371.965,0.000957479,-0.562144,-1.34473,1.18617,-0.848977
0.651166,371.965,0.000957647,-0.376,-1.32945,1.81771,-1.30099
0.651166,371.965,0.000957815,-0.188372,-1.30893,2.44207,-1.74786
0.651166,371.965,0.000957983,6.46999e-014,-1.28325,3.05679,-2.18784
0.651166,371.965,0.000958151,0.188372,-1.25249,3.65946,-2.61918
0.651166,371.965,0.000958319,0.376,-1.2168,4.24768,-3.04019
0.651166,371.965,0.000958487,0.562144,-1.1763,4.81913,-3.4492
0.651166,371.965,0.000958655,0.74607,-1.13116,5.37157,-3.84459
0.651166,371.965,0.000958824,0.927051,-1.08156,5.90281,-4.22481
0.651166,371.965,0.000958992,1.10437,-1.02769,6.41075,-4.58836
0.651166,371.965,0.00095916,1.27734,-0.96976,6.89339,-4.93381
0.651166,371.965,0.000959328,1.44526,-0.908005,7.34883,-5.25977
0.651166,371.965,0.000959496,1.60748,-0.842667,7.77526,-5.56499
0.651166,371.965,0.000959664,1.76336,-0.774003,8.17101,-5.84824
0.651166,371.965,0.000959832,1.91227,-0.702284,8.53451,-6.1084
0.651166,371.965,0.00096,2.05364,-0.627794,8.86433,-6.34447
0.651166,371.965,0.000960168,2.18691,-0.550826,9.15917,-6.55549
0.651166,371.965,0.000960336,2.31154,-0.471685,9.41786,-6.74064
0.651166,371.965,0.000960504,2.42705,-0.390681,9.63938,-6.89919
0.651166,371.965,0.000960672,2.53298,-0.308136,9.82286,-7.03051
0.651166,371.965,0.00096084,2.62892,-0.224375,9.96757,-7.13409
0.651166,371.965,0.000961008,2.71448,-0.139729,10.0729,-7.20951
0.651166,371.965,0.000961176,2.78933,-0.0545306,10.1386,-7.25648
0.651166,371.965,0.000961345,2.85317,0.0308826,10.1642,-7.27481
0.651166,371.965,0.000961513,2.90575,0.116174,10.1497,-7.26442
0.651166,371.965,0.000961681,2.94686,0.201007,10.0951,-7.22537
0.651166,371.965,0.000961849,2.97634,0.285046,10.0007,-7.15781
0.651166,371.965,0.000962017,2.99408,0.367961,9.86684,-7.062
0.651166,371.965,0.000962185,3,0.449424,9.69403,-6.93831
0.651166,371.965,0.000962353,2.99408,0.529112,9.48297,-6.78724
0.651166,371.965,0.000962521,2.97634,0.606713,9.23448,-6.60939
0.651166,371.965,0.000962689,2.94686,0.681919,8.94954,-6.40545
0.651166,371.965,0.000962857,2.90575,0.754434,8.62928,-6.17624
0.651166,371.965,0.000963025,2.85317,0.823972,8.27497,-5.92265
0.651166,371.965,0.000963193,2.78933,0.890258,7.888,-5.64568
0.651166,371.965,0.000963361,2.71448,0.95303,7.4699,-5.34643
0.651166,371.965,0.000963529,2.62892,1.01204,7.02232,-5.02609
0.651166,371.965,0.000963697,2.53298,1.06706,6.54703,-4.68591
0.651166,371.965,0.000963866,2.42705,1.11786,6.0459,-4.32723
0.651166,371.965,0.000964034,2.31154,1.16426,5.52091,-3.95148
0.651166,371.965,0.000964202,2.18691,1.20606,4.97413,-3.56013
0.651166,371.965,0.00096437,2.05364,1.2431,4.40772,-3.15473
0.651166,371.965,0.000964538,1.91227,1.27523,3.82391,-2.73689
0.651166,371.965,0.000964706,1.76336,1.30233,3.22501,-2.30824
0.651166,371.965,0.000964874,1.60748,1.32429,2.61339,-1.87048
0.651166,371.965,0.000965042,1.44526,1.34103,1.99145,-1.42534
0.651166,371.965,0.00096521,1.27734,1.35247,1.36165,-0.974573
0.651166,371.965,0.000965378,1.10437,1.35858,0.726476,-0.519961
0.651166,371.965,0.000965546,0.927051,1.35932,0.0884369,-0.0632971
0.651166,371.965,0.000965714,0.74607,1.3547,-0.549952,0.393617
0.651166,371.965,0.000965882,0.562144,1.34473,-1.18617,0.848977
0.651166,371.965,0.00096605,0.376,1.32945,-1.81771,1.30099
0.651166,371.965,0.000966218,0.188372,1.30893,-2.44207,1.74786
0.651166,371.965,0.000966387,-3.23581e-014,1.28325,-3.05679,2.18784
0.651166,371.965,0.000966555,-0.188372,1.25249,-3.65946,2.61918
0.651166,371.965,0.000966723,-0.376,1.2168,-4.24768,3.04019
0.651166,371.965,0.000966891,-0.562144,1.1763,-4.81913,3.4492
0.651166,371.965,0.000967059,-0.74607,1.13116,-5.37157,3.84459
0.651166,371.965,0.000967227,-0.927051,1.08156,-5.90281,4.22481
0.651166,371.965,0.000967395,-1.10437,1.02769,-6.41075,4.58836
0.651166,371.965,0.000967563,-1.27734,0.96976,-6.89339,4.93381
0.651166,371.965,0.000967731,-1.44526,0.908005,-7.34883,5.25977
0.651166,371.965,0.000967899,-1.60748,0.842667,-7.77526,5.56499
0.651166,371.965,0.000968067,-1.76336,0.774003,-8.17101,5.84824
0.651166,371.965,0.000968235,-1.91227,0.702284,-8.53451,6.1084
0.651166,371.965,0.000968403,-2.05364,0.627794,-8.86433,6.34447
0.651166,371.965,0.000968571,-2.18691,0.550826,-9.15917,6.55549
0.651166,371.965,0.000968739,-2.31154,0.471684,-9.41786,6.74064
0.651166,371.965,0.000968908,-2.42705,0.390681,-9.63938,6.89919
0.651166,371.965,0.000969076,-2.53298,0.308136,-9.82286,7.03051
0.651166,371.965,0.000969244,-2.62892,0.224375,-9.96757,7.13409
0.651166,371.965,0.000969412,-2.71448,0.139729,-10.0729,7.20951
0.651166,371.965,0.00096958,-2.78933,0.0545306,-10.1386,7.25648
0.651166,371.965,0.000969748,-2.85317,-0.0308827,-10.1642,7.2748
0.651166,371.965,0.000969916,-2.90575,-0.116174,-10.1497,7.26442
0.651166,371.965,0.000970084,-2.94686,-0.201007,-10.0951,7.22537
0.651166,371.965,0.000970252,-2.97634,-0.285046,-10.0007,7.15781
0.651166,371.965,0.00097042,-2.99408,-0.367961,-9.86684,7.06199
0.651166,371.965,0.000970588,-3,-0.449424,-9.69403,6.93831
0.651166,371.965,0.000970756,-2.99408,-0.529112,-9.48297,6.78724
0.651166,371.965,0.000970924,-2.97634,-0.606713,-9.23448,6.60939
0.651166,371.965,0.000971092,-2.94686,-0.681919,-8.94954,6.40545
0.651166,371.965,0.000971261,-2.90575,-0.754434,-8.62928,6.17624
0.651166,371.965,0.000971429,-2.85317,-0.823972,-8.27497,5.92265
0.651166,371.965,0.000971597,-2.78933,-0.890258,-7.888,5.64568
0.651166,371.965,0.000971765,-2.71448,-0.95303,-7.4699,5.34643
0.651166,371.965,0.000971933,-2.62892,-1.01204,-7.02232,5.02609
0.651166,371.965,0.000972101,-2.53298,-1.06706,-6.54703,4.68591
0.651166,371.965,0.000972269,-2.42705,-1.11786,-6.0459,4.32723
0.651166,371.965,0.000972437,-2.31154,-1.16426,-5.52091,3.95148
0.651166,371.965,0.000972605,-2.18691,-1.20606,-4.97413,3.56013
0.651166,371.965,0.000972773,-2.05364,-1.2431,-4.40772,3.15473
0.651166,371.965,0.000972941,-1.91227,-1.27523,-3.82391,2.73689
0.651166,371.965,0.000973109,-1.76336,-1.30233,-3.22501,2.30824
0.651166,371.965,0.000973277,-1.60748,-1.32429,-2.61339,1.87048
0.651166,371.965,0.000973445,-1.44526,-1.34103,-1.99145,1.42534
0.651166,371.965,0.000973613,-1.27734,-1.35247,-1.36165,0.974572
0.651166,371.965,0.000973782,-1.10437,-1.35858,-0.726476,0.519961
0.651166,371.965,0.00097395,-0.927051,-1.35932,-0.0884365,0.0632967
0.651166,371.965,0.000974118,-0.74607,-1.3547,0.549952,-0.393617
0.651166,371.965,0.000974286,-0.562144,-1.34473,1.18617,-0.848977
0.651166,371.965,0.000974454,-0.376,-1.32945,1.81771,-1.30099
0.651166,371.965,0.000974622,-0.188372,-1.30893,2.44207,-1.74786
0.651166,371.965,0.00097479,1.6263e-017,-1.28325,3.05679,-2.18784
0.651166,371.965,0.000974958,0.188372,-1.25249,3.65946,-2.61918
0.651166,371.965,0.000975126,0.376,-1.2168,4.24768,-3.04019
0.651166,371.965,0.000975294,0.562144,-1.1763,4.81913,-3.4492
0.651166,371.965,0.000975462,0.74607,-1.13116,5.37157,-3.84459
0.651166,371.965,0.00097563,0.927051,-1.08156,5.90281,-4.22482
0.651166,371.965,0.000975798,1.10437,-1.02769,6.41075,-4.58836
0.651166,371.965,0.000975966,1.27734,-0.96976,6.89339,-4.93381
0.651166,371.965,0.000976134,1.44526,-0.908005,7.34883,-5.25978
0.651166,371.965,0.000976303,1.60748,-0.842667,7.77526,-5.56499
0.651166,371.965,0.000976471,1.76336,-0.774003,8.17101,-5.84824
0.651166,371.965,0.000976639,1.91227,-0.702284,8.53451,-6.1084
0.651166,371.965,0.000976807,2.05364,-0.627794,8.86433,-6.34447
0.651166,371.965,0.000976975,2.18691,-0.550826,9.15917,-6.55549
0.651166,371.965,0.000977143,2.31154,-0.471684,9.41786,-6.74064
0.651166,371.965,0.000977311,2.42705,-0.390681,9.63938,-6.89919
0.651166,371.965,0.000977479,2.53298,-0.308136,9.82286,-7.03051
0.651166,371.965,0.000977647,2.62892,-0.224375,9.96757,-7.13409
0.651166,371.965,0.000977815,2.71448,-0.139729,10.0729,-7.20951
0.651166,371.965,0.000977983,2.78933,-0.0545305,10.1386,-7.25648
0.651166,371.965,0.000978151,2.85317,0.0308827,10.1642,-7.2748
0.651166,371.965,0.000978319,2.90575,0.116174,10.1497,-7.26442
0.651166,371.965,0.000978487,2.94686,0.201007,10.0951,-7.22537
0.651166,371.965,0.000978655,2.97634,0.285047,10.0007,-7.15781
0.651166,371.965,0.000978824,2.99408,0.367961,9.86684,-7.06199
0.651166,371.965,0.000978992,3,0.449424,9.69403,-6.93831
0.651166,371.965,0.00097916,2.99408,0.529112,9.48297,-6.78724
0.651166,371.965,0.000979328,2.97634,0.606713,9.23448,-6.60939
0.651166,371.965,0.000979496,2.94686,0.681919,8.94954,-6.40545
0.651166,371.965,0.000979664,2.90575,0.754434,8.62928,-6.17624
0.651166,371.965,0.000979832,2.85317,0.823972,8.27497,-5.92265
0.651166,371.965,0.00098,2.78933,0.890258,7.888,-5.64568
0.651166,371.965,0.000980168,2.71448,0.95303,7.4699,-5.34643
0.651166,371.965,0.000980336,2.62892,1.01204,7.02232,-5.02609
0.651166,371.965,0.000980504,2.53298,1.06706,6.54703,-4.68591
0.651166,371.965,0.000980672,2.42705,1.11786,6.0459,-4.32723
0.651166,371.965,0.00098084,2.31154,1.16426,5.52091,-3.95148
0.651166,371.965,0.000981008,2.18691,1.20606,4.97413,-3.56013
0.651166,371.965,0.000981176,2.05364,1.2431,4.40771,-3.15473
0.651166,371.965,0.000981345,1.91227,1.27523,3.82391,-2.73689
0.651166,371.965,0.000981513,1.76336,1.30233,3.22501,-2.30824
0.651166,371.965,0.000981681,1.60748,1.32429,2.61339,-1.87048
0.651166,371.965,0.000981849,1.44526,1.34103,1.99145,-1.42534
0.651166,371.965,0.000982017,1.27734,1.35247,1.36165,-0.974572
0.651166,371.965,0.000982185,1.10437,1.35858,0.726475,-0.51996
0.651166,371.965,0.000982353,0.927051,1.35932,0.0884361,-0.0632963
0.651166,371.965,0.000982521,0.74607,1.3547,-0.549952,0.393617
0.651166,371.965,0.000982689,0.562144,1.34473,-1.18617,0.848978
0.651166,371.965,0.000982857,0.376,1.32945,-1.81771,1.30099
0.651166,371.965,0.000983025,0.188372,1.30893,-2.44207,1.74786
0.651166,371.965,0.000983193,2.02856e-013,1.28325,-3.0568,2.18784
0.651166,371.965,0.000983361,-0.188372,1.25249,-3.65946,2.61918
0.651166,371.965,0.000983529,-0.376,1.2168,-4.24768,3.04019
0.651166,371.965,0.000983697,-0.562144,1.1763,-4.81913,3.4492
0.651166,371.965,0.000983866,-0.74607,1.13116,-5.37157,3.84459
0.651166,371.965,0.000984034,-0.927051,1.08156,-5.90281,4.22482
0.651166,371.965,0.000984202,-1.10437,1.02769,-6.41075,4.58836
0.651166,371.965,0.00098437,-1.27734,0.96976,-6.89339,4.93381
0.651166,371.965,0.000984538,-1.44526,0.908005,-7.34883,5.25978
0.651166,371.965,0.000984706,-1.60748,0.842666,-7.77526,5.56499
0.651166,371.965,0.000984874,-1.76336,0.774003,-8.17101,5.84824
0.651166,371.965,0.000985042,-1.91227,0.702284,-8.53451,6.10841
0.651166,371.965,0.00098521,-2.05364,0.627794,-8.86433,6.34447
0.651166,371.965,0.000985378,-2.18691,0.550826,-9.15917,6.55549
0.651166,371.965,0.000985546,-2.31154,0.471684,-9.41786,6.74064
0.651166,371.965,0.000985714,-2.42705,0.390681,-9.63938,6.89919
0.651166,371.965,0.000985882,-2.53298,0.308136,-9.82286,7.03051
0.651166,371.965,0.00098605,-2.62892,0.224375,-9.96757,7.13409
0.651166,371.965,0.000986218,-2.71448,0.139729,-10.0729,7.20951
0.651166,371.965,0.000986387,-2.78933,0.0545305,-10.1386,7.25648
0.651166,371.965,0.000986555,-2.85317,-0.0308828,-10.1642,7.27481
0.651166,371.965,0.000986723,-2.90575,-0.116174,-10.1497,7.26442
0.651166,371.965,0.000986891,-2.94686,-0.201007,-10.0951,7.22537
0.651166,371.965,0.000987059,-2.97634,-0.285047,-10.0007,7.15781
0.651166,371.965,0.000987227,-2.99408,-0.367961,-9.86684,7.06199
0.651166,371.965,0.000987395,-3,-0.449424,-9.69403,6.93831
0.651166,371.965,0.000987563,-2.99408,-0.529112,-9.48297,6.78724
0.651166,371.965,0.000987731,-2.97634,-0.606713,-9.23448,6.60939
0.651166,371.965,0.000987899,-2.94686,-0.681919,-8.94954,6.40545
0.651166,371.965,0.000988067,-2.90575,-0.754434,-8.62928,6.17624
0.651166,371.965,0.000988235,-2.85317,-0.823972,-8.27497,5.92265
0.651166,371.965,0.000988403,-2.78933,-0.890258,-7.888,5.64568
0.651166,371.965,0.000988571,-2.71448,-0.95303,-7.4699,5.34643
0.651166,371.965,0.000988739,-2.62892,-1.01204,-7.02232,5.02609
0.651166,371.965,0.000988908,-2.53298,-1.06706,-6.54703,4.68591
0.651166,371.965,0.000989076,-2.42705,-1.11786,-6.0459,4.32723
0.651166,371.965,0.000989244,-2.31154,-1.16426,-5.52091,3.95148
0.651166,371.965,0.000989412,-2.18691,-1.20606,-4.97413,3.56013
0.651166,371.965,0.00098958,-2.05364,-1.2431,-4.40771,3.15473
0.651166,371.965,0.000989748,-1.91227,-1.27523,-3.82391,2.73689
0.651166,371.965,0.000989916,-1.76336,-1.30233,-3.22501,2.30824
0.651166,371.965,0.000990084,-1.60748,-1.32429,-2.61339,1.87048
0.651166,371.965,0.000990252,-1.44526,-1.34103,-1.99145,1.42534
0.651166,371.965,0.00099042,-1.27734,-1.35247,-1.36165,0.974572
0.651166,371.965,0.000990588,-1.10437,-1.35858,-0.726475,0.51996
0.651166,371.965,0.000990756,-0.927051,-1.35932,-0.0884358,0.0632961
0.651166,371.965,0.000990924,-0.74607,-1.3547,0.549953,-0.393618
0.651166,371.965,0.000991092,-0.562144,-1.34473,1.18617,-0.848978
0.651166,371.965,0.000991261,-0.376,-1.32945,1.81771,-1.30099
0.651166,371.965,0.000991429,-0.188372,-1.30893,2.44207,-1.74786
0.651166,371.965,0.000991597,1.05863e-013,-1.28325,3.0568,-2.18784
0.651166,371.965,0.000991765,0.188372,-1.25249,3.65946,-2.61918
0.651166,371.965,0.000991933,0.376,-1.2168,4.24768,-3.04019
0.651166,371.965,0.000992101,0.562144,-1.1763,4.81913,-3.4492
0.651166,371.965,0.000992269,0.74607,-1.13116,5.37157,-3.84459
0.651166,371.965,0.000992437,0.927051,-1.08156,5.90281,-4.22482
0.651166,371.965,0.000992605,1.10437,-1.02769,6.41075,-4.58836
0.651166,371.965,0.000992773,1.27734,-0.96976,6.89339,-4.93381
0.651166,371.965,0.000992941,1.44526,-0.908005,7.34883,-5.25978
0.651166,371.965,0.000993109,1.60748,-0.842666,7.77526,-5.56499
0.651166,371.965,0.000993277,1.76336,-0.774003,8.17101,-5.84824
0.651166,371.965,0.000993445,1.91227,-0.702284,8.53451,-6.10841
0.651166,371.965,0.000993613,2.05364,-0.627794,8.86433,-6.34447
0.651166,371.965,0.000993782,2.18691,-0.550826,9.15917,-6.55549
0.651166,371.965,0.00099395,2.31154,-0.471684,9.41786,-6.74064
0.651166,371.965,0.000994118,2.42705,-0.390681,9.63938,-6.89919
0.651166,371.965,0.000994286,2.53298,-0.308136,9.82286,-7.03051
0.651166,371.965,0.000994454,2.62892,-0.224375,9.96757,-7.13409
0.651166,371.965,0.000994622,2.71448,-0.139728,10.0729,-7.20951
0.651166,371.965,0.00099479,2.78933,-0.0545304,10.1386,-7.25648
0.651166,371.965,0.000994958,2.85317,0.0308828,10.1642,-7.27481
0.651166,371.965,0.000995126,2.90575,0.116174,10.1497,-7.26442
0.651166,371.965,0.000995294,2.94686,0.201007,10.0951,-7.22537
0.651166,371.965,0.000995462,2.97634,0.285047,10.0007,-7.15781
0.651166,371.965,0.00099563,2.99408,0.367961,9.86684,-7.06199
0.651166,371.965,0.000995798,3,0.449424,9.69403,-6.93831
0.651166,371.965,0.000995966,2.99408,0.529113,9.48297,-6.78724
0.651166,371.965,0.000996134,2.97634,0.606713,9.23448,-6.60939
0.651166,371.965,0.000996303,2.94686,0.681919,8.94954,-6.40545
0.651166,371.965,0.000996471,2.90575,0.754434,8.62928,-6.17624
0.651166,371.965,0.000996639,2.85317,0.823972,8.27497,-5.92265
0.651166,371.965,0.000996807,2.78933,0.890258,7.888,-5.64568
0.651166,371.965,0.000996975,2.71448,0.95303,7.4699,-5.34643
0.651166,371.965,0.000997143,2.62892,1.01204,7.02232,-5.02609
0.651166,371.965,0.000997311,2.53298,1.06706,6.54703,-4.68591
0.651166,371.965,0.000997479,2.42705,1.11786,6.0459,-4.32723
0.651166,371.965,0.000997647,2.31154,1.16426,5.52091,-3.95148
0.651166,371.965,0.000997815,2.18691,1.20606,4.97413,-3.56013
0.651166,371.965,0.000997983,2.05364,1.2431,4.40771,-3.15473
0.651166,371.965,0.000998151,1.91227,1.27523,3.82391,-2.73689
0.651166,371.965,0.000998319,1.76336,1.30233,3.22501,-2.30824
0.651166,371.965,0.000998487,1.60748,1.32429,2.61339,-1.87048
0.651166,371.965,0.000998655,1.44526,1.34103,1.99145,-1.42534
0.651166,371.965,0.000998824,1.27734,1.35247,1.36165,-0.974572
0.651166,371.965,0.000998992,1.10437,1.35858,0.726475,-0.51996
0.651166,371.965,0.00099916,0.927051,1.35932,0.0884357,-0.0632959
0.651166,371.965,0.000999328,0.74607,1.3547,-0.549953,0.393618
0.651166,371.965,0.000999496,0.562144,1.34473,-1.18617,0.848978
0.651166,371.965,0.000999664,0.376,1.32945,-1.81771,1.30099
0.651166,371.965,0.000999832,0.188372,1.30893,-2.44207,1.74786
0.651166,371.965,0.001,9.70092e-014,1.28325,-3.0568,2.18784
0.651166,371.965,0.00100017,-0.188372,1.25249,-3.65946,2.61918
0.651166,371.965,0.00100034,-0.376,1.2168,-4.24768,3.04019
0.651166,371.965,0.0010005,-0.562144,1.1763,-4.81913,3.4492
0.651166,371.965,0.00100067,-0.74607,1.13116,-5.37157,3.84459
0.651166,371.965,0.00100084,-0.927051,1.08156,-5.90281,4.22482
0.651166,371.965,0.00100101,-1.10437,1.02769,-6.41075,4.58837
0.651166,371.965,0.00100118,-1.27734,0.96976,-6.89339,4.93381
0.651166,371.965,0.00100134,-1.44526,0.908005,-7.34883,5.25978
0.651166,371.965,0.00100151,-1.60748,0.842666,-7.77526,5.56499
0.651166,371.965,0.00100168,-1.76336,0.774003,-8.17101,5.84824
0.651166,371.965,0.00100185,-1.91227,0.702284,-8.53451,6.10841
0.651166,371.965,0.00100202,-2.05364,0.627794,-8.86433,6.34447
0.651166,371.965,0.00100218,-2.18691,0.550826,-9.15917,6.55549
0.651166,371.965,0.00100235,-2.31154,0.471684,-9.41786,6.74064
0.651166,371.965,0.00100252,-2.42705,0.390681,-9.63938,6.89919
0.651166,371.965,0.00100269,-2.53298,0.308136,-9.82286,7.03051
0.651166,371.965,0.00100286,-2.62892,0.224375,-9.96757,7.13409
0.651166,371.965,0.00100303,-2.71448,0.139728,-10.0729,7.20951
0.651166,371.965,0.00100319,-2.78933,0.0545304,-10.1386,7.25648
0.651166,371.965,0.00100336,-2.85317,-0.0308828,-10.1642,7.27481
0.651166,371.965,0.00100353,-2.90575,-0.116174,-10.1497,7.26442
0.651166,371.965,0.0010037,-2.94686,-0.201007,-10.0951,7.22537
0.651166,371.965,0.00100387,-2.97634,-0.285047,-10.0007,7.15781
0.651166,371.965,0.00100403,-2.99408,-0.367961,-9.86684,7.062
0.651166,371.965,0.0010042,-3,-0.449424,-9.69403,6.93831
0.651166,371.965,0.00100437,-2.99408,-0.529113,-9.48297,6.78724
0.651166,371.965,0.00100454,-2.97634,-0.606713,-9.23448,6.60939
0.651166,371.965,0.00100471,-2.94686,-0.681919,-8.94954,6.40545
0.651166,371.965,0.00100487,-2.90575,-0.754434,-8.62928,6.17624
0.651166,371.965,0.00100504,-2.85317,-0.823972,-8.27497,5.92265
0.651166,371.965,0.00100521,-2.78933,-0.890258,-7.888,5.64568
0.651166,371.965,0.00100538,-2.71448,-0.95303,-7.4699,5.34643
0.651166,371.965,0.00100555,-2.62892,-1.01204,-7.02232,5.02609
0.651166,371.965,0.00100571,-2.53298,-1.06706,-6.54703,4.68591
0.651166,371.965,0.00100588,-2.42705,-1.11786,-6.0459,4.32723
0.651166,371.965,0.00100605,-2.31154,-1.16426,-5.52091,3.95148
0.651166,371.965,0.00100622,-2.18691,-1.20606,-4.97413,3.56013
0.651166,371.965,0.00100639,-2.05364,-1.2431,-4.40771,3.15473
0.651166,371.965,0.00100655,-1.91227,-1.27523,-3.82391,2.73689
0.651166,371.965,0.00100672,-1.76336,-1.30233,-3.22501,2.30824
0.651166,371.965,0.00100689,-1.60748,-1.32429,-2.61339,1.87048
0.651166,371.965,0.00100706,-1.44526,-1.34103,-1.99145,1.42534
0.651166,371.965,0.00100723,-1.27734,-1.35247,-1.36165,0.974572
0.651166,371.965,0.00100739,-1.10437,-1.35858,-0.726475,0.51996
0.651166,371.965,0.00100756,-0.927051,-1.35932,-0.0884357,0.0632959
0.651166,371.965,0.00100773,-0.74607,-1.3547,0.549953,-0.393618
0.651166,371.965,0.0010079,-0.562144,-1.34473,1.18617,-0.848978
0.651166,371.965,0.00100807,-0.376,-1.32945,1.81771,-1.30099
0.651166,371.965,0.00100824,-0.188372,-1.30893,2.44207,-1.74786
0.651166,371.965,0.0010084,-1.29351e-013,-1.28325,3.0568,-2.18784
