Amp, Phaseshift, Time, Vd, Vr, VL, VC
-0.236411,372.342,0,0,0,0,0
-0.236411,372.342,2.89855e-007,0.188372,0.00273002,0.188372,0
-0.236411,372.342,5.7971e-007,0.376,0.00813973,0.37327,0.00158262
-0.236411,372.342,8.69565e-007,0.562144,0.0161458,0.552422,0.0063013
-0.236411,372.342,1.15942e-006,0.74607,0.0266331,0.723623,0.0156612
-0.236411,372.342,1.44928e-006,0.927051,0.0394557,0.884757,0.0311007
-0.236411,372.342,1.73913e-006,1.10437,0.0544385,1.03382,0.0539736
-0.236411,372.342,2.02899e-006,1.27734,0.0713795,1.16893,0.0855321
-0.236411,372.342,2.31884e-006,1.44526,0.0900512,1.28835,0.126912
-0.236411,372.342,2.6087e-006,1.60748,0.110204,1.39052,0.179115
-0.236411,372.342,2.89855e-006,1.76336,0.131567,1.47404,0.243001
-0.236411,372.342,3.18841e-006,1.91227,0.153852,1.5377,0.319272
-0.236411,372.342,3.47826e-006,2.05364,0.176758,1.58052,0.408461
-0.236411,372.342,3.76812e-006,2.18691,0.199971,1.60169,0.51093
-0.236411,372.342,4.05797e-006,2.31154,0.223169,1.60064,0.626855
-0.236411,372.342,4.34783e-006,2.42705,0.246024,1.57703,0.756228
-0.236411,372.342,4.63768e-006,2.53298,0.268209,1.53073,0.898851
-0.236411,372.342,4.92754e-006,2.62892,0.289395,1.46186,1.05433
-0.236411,372.342,5.21739e-006,2.71448,0.309261,1.37075,1.2221
-0.236411,372.342,5.50725e-006,2.78933,0.327492,1.25797,1.40138
-0.236411,372.342,5.7971e-006,2.85317,0.343787,1.1243,1.59123
-0.236411,372.342,6.08696e-006,2.90575,0.357855,0.970731,1.79053
-0.236411,372.342,6.37681e-006,2.94686,0.369427,0.798478,1.99798
-0.236411,372.342,6.66667e-006,2.97634,0.378252,0.608936,2.21214
-0.236411,372.342,6.95652e-006,2.99408,0.384103,0.403686,2.43142
-0.236411,372.342,7.24638e-006,3,0.386777,0.184479,2.65409
-0.236411,372.342,7.53623e-006,2.99408,0.386099,-0.0467828,2.8783
-0.236411,372.342,7.82609e-006,2.97634,0.381924,-0.288059,3.10213
-0.236411,372.342,8.11594e-006,2.94686,0.374138,-0.537192,3.32354
-0.236411,372.342,8.4058e-006,2.90575,0.362661,-0.791924,3.54043
-0.236411,372.342,8.69565e-006,2.85317,0.347445,-1.04992,3.75067
-0.236411,372.342,8.98551e-006,2.78933,0.328477,-1.30878,3.95208
-0.236411,372.342,9.27536e-006,2.71448,0.30578,-1.56608,4.1425
-0.236411,372.342,9.56522e-006,2.62892,0.279413,-1.81936,4.31977
-0.236411,372.342,9.85507e-006,2.53298,0.249468,-2.0662,4.48175
-0.236411,372.342,1.01449e-005,2.42705,0.216074,-2.30416,4.62637
-0.236411,372.342,1.04348e-005,2.31154,0.179395,-2.5309,4.75163
-0.236411,372.342,1.07246e-005,2.18691,0.139625,-2.74411,4.85562
-0.236411,372.342,1.10145e-005,2.05364,0.0969928,-2.94161,4.93656
-0.236411,372.342,1.13043e-005,1.91227,0.0517567,-3.12129,4.99279
-0.236411,372.342,1.15942e-005,1.76336,0.0042032,-3.28119,5.0228
-0.236411,372.342,1.18841e-005,1.60748,-0.045355,-3.41952,5.02523
-0.236411,372.342,1.21739e-005,1.44526,-0.0965814,-3.53462,4.99894
-0.236411,372.342,1.24638e-005,1.27734,-0.149118,-3.62502,4.94295
-0.236411,372.342,1.27536e-005,1.10437,-0.202588,-3.68946,4.85651
-0.236411,372.342,1.30435e-005,0.927051,-0.256601,-3.72687,4.73906
-0.236411,372.342,1.33333e-005,0.74607,-0.310752,-3.73639,4.59031
-0.236411,372.342,1.36232e-005,0.562144,-0.364627,-3.71741,4.41016
-0.236411,372.342,1.3913e-005,0.376,-0.417809,-3.66954,4.19879
-0.236411,372.342,1.42029e-005,0.188372,-0.469876,-3.59261,3.95658
-0.236411,372.342,1.44928e-005,3.67382e-016,-0.520407,-3.4867,3.68419
-0.236411,372.342,1.47826e-005,-0.188372,-0.568989,-3.35215,3.3825
-0.236411,372.342,1.50725e-005,-0.376,-0.615214,-3.18951,3.05265
-0.236411,372.342,1.53623e-005,-0.562144,-0.658686,-2.99958,2.69601
-0.236411,372.342,1.56522e-005,-0.74607,-0.699025,-2.78339,2.31416
-0.236411,372.342,1.5942e-005,-0.927051,-0.735869,-2.54218,1.90893
-0.236411,372.342,1.62319e-005,-1.10437,-0.768875,-2.27743,1.48234
-0.236411,372.342,1.65217e-005,-1.27734,-0.797727,-1.9908,1.03661
-0.236411,372.342,1.68116e-005,-1.44526,-0.822135,-1.68415,0.574161
-0.236411,372.342,1.71014e-005,-1.60748,-0.841838,-1.35951,0.0975612
-0.236411,372.342,1.73913e-005,-1.76336,-0.856607,-1.01908,-0.390461
-0.236411,372.342,1.76812e-005,-1.91227,-0.866248,-0.665204,-0.887045
-0.236411,372.342,1.7971e-005,-2.05364,-0.870601,-0.300349,-1.38922
-0.236411,372.342,1.82609e-005,-2.18691,-0.869544,0.0729119,-1.89391
-0.236411,372.342,1.85507e-005,-2.31154,-0.862994,0.451917,-2.398
-0.236411,372.342,1.88406e-005,-2.42705,-0.850908,0.83394,-2.89828
-0.236411,372.342,1.91304e-005,-2.53298,-0.833282,1.21621,-3.39156
-0.236411,372.342,1.94203e-005,-2.62892,-0.810153,1.59593,-3.87463
-0.236411,372.342,1.97101e-005,-2.71448,-0.781598,1.9703,-4.34428
-0.236411,372.342,2e-005,-2.78933,-0.747735,2.33655,-4.79738
-0.236411,372.342,2.02899e-005,-2.85317,-0.708721,2.69194,-5.23085
-0.236411,372.342,2.05797e-005,-2.90575,-0.664753,3.03382,-5.6417
-0.236411,372.342,2.08696e-005,-2.94686,-0.616063,3.35959,-6.02707
-0.236411,372.342,2.11594e-005,-2.97634,-0.562921,3.66678,-6.3842
-0.236411,372.342,2.14493e-005,-2.99408,-0.505631,3.95304,-6.71053
-0.236411,372.342,2.17391e-005,-3,-0.444527,4.21617,-7.00365
-0.236411,372.342,2.2029e-005,-2.99408,-0.379975,4.4541,-7.26135
-0.236411,372.342,2.23188e-005,-2.97634,-0.312366,4.66498,-7.48163
-0.236411,372.342,2.26087e-005,-2.94686,-0.242118,4.84713,-7.66271
-0.236411,372.342,2.28986e-005,-2.90575,-0.169668,4.99908,-7.80307
-0.236411,372.342,2.31884e-005,-2.85317,-0.0954709,5.11956,-7.90142
-0.236411,372.342,2.34783e-005,-2.78933,-0.019999,5.20756,-7.95677
-0.236411,372.342,2.37681e-005,-2.71448,0.056266,5.26229,-7.96836
-0.236411,372.342,2.4058e-005,-2.62892,0.132834,5.28318,-7.93574
-0.236411,372.342,2.43478e-005,-2.53298,0.20921,5.26993,-7.85874
-0.236411,372.342,2.46377e-005,-2.42705,0.284898,5.22248,-7.73746
-0.236411,372.342,2.49275e-005,-2.31154,0.359405,5.14102,-7.5723
-0.236411,372.342,2.52174e-005,-2.18691,0.432246,5.02599,-7.36395
-0.236411,372.342,2.55072e-005,-2.05364,0.502942,4.87806,-7.11337
-0.236411,372.342,2.57971e-005,-1.91227,0.571031,4.69816,-6.82181
-0.236411,372.342,2.6087e-005,-1.76336,0.636067,4.48742,-6.49078
-0.236411,372.342,2.63768e-005,-1.60748,0.697621,4.24723,-6.12204
-0.236411,372.342,2.66667e-005,-1.44526,0.75529,3.97916,-5.71763
-0.236411,372.342,2.69565e-005,-1.27734,0.808695,3.685,-5.27978
-0.236411,372.342,2.72464e-005,-1.10437,0.857488,3.36671,-4.81097
-0.236411,372.342,2.75362e-005,-0.927051,0.90135,3.02643,-4.31387
-0.236411,372.342,2.78261e-005,-0.74607,0.939994,2.66645,-3.79135
-0.236411,372.342,2.81159e-005,-0.562144,0.973171,2.28921,-3.24643
-0.236411,372.342,2.84058e-005,-0.376,1.00067,1.89726,-2.68227
-0.236411,372.342,2.86957e-005,-0.188372,1.02231,1.49323,-2.10217
-0.236411,372.342,2.89855e-005,-7.34764e-016,1.03796,1.07987,-1.50953
-0.236411,372.342,2.92754e-005,0.188372,1.04752,0.659945,-0.907817
-0.236411,372.342,2.95652e-005,0.376,1.05095,0.236293,-0.300557
-0.236411,372.342,2.98551e-005,0.562144,1.04822,-0.188247,0.308688
-0.236411,372.342,3.01449e-005,0.74607,1.03937,-0.610838,0.916352
-0.236411,372.342,3.04348e-005,0.927051,1.02446,-1.02867,1.51888
-0.236411,372.342,3.07246e-005,1.10437,1.0036,-1.43897,2.11277
-0.236411,372.342,3.10145e-005,1.27734,0.976951,-1.83904,2.69457
-0.236411,372.342,3.13043e-005,1.44526,0.944687,-2.22626,3.26092
-0.236411,372.342,3.15942e-005,1.60748,0.907033,-2.59813,3.80856
-0.236411,372.342,3.18841e-005,1.76336,0.864246,-2.95224,4.33438
-0.236411,372.342,3.21739e-005,1.91227,0.816618,-3.28635,4.83539
-0.236411,372.342,3.24638e-005,2.05364,0.764468,-3.59837,5.30879
-0.236411,372.342,3.27536e-005,2.18691,0.708144,-3.88636,5.75196
-0.236411,372.342,3.30435e-005,2.31154,0.64802,-4.14857,6.16248
-0.236411,372.342,3.33333e-005,2.42705,0.584491,-4.38345,6.53815
-0.236411,372.342,3.36232e-005,2.53298,0.517975,-4.58965,6.87698
-0.236411,372.342,3.3913e-005,2.62892,0.448902,-4.76604,7.17726
-0.236411,372.342,3.42029e-005,2.71448,0.377718,-4.91168,7.43749
-0.236411,372.342,3.44928e-005,2.78933,0.304879,-5.02588,7.65646
-0.236411,372.342,3.47826e-005,2.85317,0.230848,-5.10817,7.8332
-0.236411,372.342,3.50725e-005,2.90575,0.15609,-5.1583,7.96702
-0.236411,372.342,3.53623e-005,2.94686,0.0810717,-5.17625,8.05751
-0.236411,372.342,3.56522e-005,2.97634,0.00625664,-5.16224,8.10451
-0.236411,372.342,3.5942e-005,2.99408,-0.0678982,-5.11668,8.10813
-0.236411,372.342,3.62319e-005,3,-0.140945,-5.04024,8.06877
-0.236411,372.342,3.65217e-005,2.99408,-0.212449,-4.93375,7.98707
-0.236411,372.342,3.68116e-005,2.97634,-0.281989,-4.79827,7.86391
-0.236411,372.342,3.71014e-005,2.94686,-0.349164,-4.63506,7.70044
-0.236411,372.342,3.73913e-005,2.90575,-0.413591,-4.44552,7.49802
-0.236411,372.342,3.76812e-005,2.85317,-0.474914,-4.23126,7.25826
-0.236411,372.342,3.7971e-005,2.78933,-0.532798,-3.99402,6.98295
-0.236411,372.342,3.82609e-005,2.71448,-0.586938,-3.73567,6.67408
-0.236411,372.342,3.85507e-005,2.62892,-0.637058,-3.45822,6.33382
-0.236411,372.342,3.88406e-005,2.53298,-0.68291,-3.16378,5.96451
-0.236411,372.342,3.91304e-005,2.42705,-0.72428,-2.85455,5.56862
-0.236411,372.342,3.94203e-005,2.31154,-0.760987,-2.53281,5.14875
-0.236411,372.342,3.97101e-005,2.18691,-0.792884,-2.20086,4.7076
-0.236411,372.342,4e-005,2.05364,-0.819856,-1.86108,4.24796
-0.236411,372.342,4.02899e-005,1.91227,-0.841824,-1.51583,3.77268
-0.236411,372.342,4.05797e-005,1.76336,-0.858745,-1.1675,3.28467
-0.236411,372.342,4.08696e-005,1.60748,-0.870606,-0.81844,2.78684
-0.236411,372.342,4.11594e-005,1.44526,-0.877432,-0.470975,2.28214
-0.236411,372.342,4.14493e-005,1.27734,-0.879278,-0.127373,1.77349
-0.236411,372.342,4.17391e-005,1.10437,-0.876232,0.210165,1.26376
-0.236411,372.342,4.2029e-005,0.927051,-0.868413,0.539522,0.7558
-0.236411,372.342,4.23188e-005,0.74607,-0.855968,0.858682,0.252372
-0.236411,372.342,4.26087e-005,0.562144,-0.839073,1.16574,-0.243841
-0.236411,372.342,4.28986e-005,0.376,-0.81793,1.45891,-0.73026
-0.236411,372.342,4.31884e-005,0.188372,-0.792762,1.73656,-1.20442
-0.236411,372.342,4.34783e-005,1.10215e-015,-0.763817,1.99718,-1.66399
-0.236411,372.342,4.37681e-005,-0.188372,-0.731362,2.23944,-2.10679
-0.236411,372.342,4.4058e-005,-0.376,-0.695678,2.46215,-2.53077
-0.236411,372.342,4.43478e-005,-0.562144,-0.657065,2.6643,-2.93406
-0.236411,372.342,4.46377e-005,-0.74607,-0.615833,2.84505,-3.31496
-0.236411,372.342,4.49275e-005,-0.927051,-0.5723,3.00375,-3.67197
-0.236411,372.342,4.52174e-005,-1.10437,-0.526794,3.1399,-4.00374
-0.236411,372.342,4.55072e-005,-1.27734,-0.479647,3.25319,-4.30913
-0.236411,372.342,4.57971e-005,-1.44526,-0.43119,3.34351,-4.58718
-0.236411,372.342,4.6087e-005,-1.60748,-0.381757,3.41089,-4.83715
-0.236411,372.342,4.63768e-005,-1.76336,-0.331676,3.45555,-5.05845
-0.236411,372.342,4.66667e-005,-1.91227,-0.281273,3.47786,-5.25073
-0.236411,372.342,4.69565e-005,-2.05364,-0.230862,3.47836,-5.41379
-0.236411,372.342,4.72464e-005,-2.18691,-0.180749,3.45774,-5.54762
-0.236411,372.342,4.75362e-005,-2.31154,-0.13123,3.41683,-5.6524
-0.236411,372.342,4.78261e-005,-2.42705,-0.082584,3.35658,-5.72848
-0.236411,372.342,4.81159e-005,-2.53298,-0.0350756,3.27808,-5.77635
-0.236411,372.342,4.84058e-005,-2.62892,0.0110477,3.18251,-5.79669
-0.236411,372.342,4.86957e-005,-2.71448,0.0555572,3.07116,-5.79028
-0.236411,372.342,4.89855e-005,-2.78933,0.0982441,2.9454,-5.75807
-0.236411,372.342,4.92754e-005,-2.85317,0.13892,2.80666,-5.70112
-0.236411,372.342,4.95652e-005,-2.90575,0.17742,2.65645,-5.62059
-0.236411,372.342,4.98551e-005,-2.94686,0.213598,2.49631,-5.51774
-0.236411,372.342,5.01449e-005,-2.97634,0.247334,2.32779,-5.39391
-0.236411,372.342,5.04348e-005,-2.99408,0.27853,2.1525,-5.25053
-0.236411,372.342,5.07246e-005,-3,0.307109,1.972,-5.08906
-0.236411,372.342,5.10145e-005,-2.99408,0.333021,1.78787,-4.91103
-0.236411,372.342,5.13043e-005,-2.97634,0.356233,1.60166,-4.71797
-0.236411,372.342,5.15942e-005,-2.94686,0.376739,1.41488,-4.51146
-0.236411,372.342,5.18841e-005,-2.90575,0.39455,1.22897,-4.29306
-0.236411,372.342,5.21739e-005,-2.85317,0.4097,1.04534,-4.06434
-0.236411,372.342,5.24638e-005,-2.78933,0.42224,0.865308,-3.82683
-0.236411,372.342,5.27536e-005,-2.71448,0.432242,0.690108,-3.58205
-0.236411,372.342,5.30435e-005,-2.62892,0.439791,0.520891,-3.33148
-0.236411,372.342,5.33333e-005,-2.53298,0.44499,0.358703,-3.07653
-0.236411,372.342,5.36232e-005,-2.42705,0.447953,0.204485,-2.81856
-0.236411,372.342,5.3913e-005,-2.31154,0.448809,0.0590681,-2.55888
-0.236411,372.342,5.42029e-005,-2.18691,0.447696,-0.0768372,-2.2987
-0.236411,372.342,5.44928e-005,-2.05364,0.444759,-0.202638,-2.03916
-0.236411,372.342,5.47826e-005,-1.91227,0.440152,-0.317866,-1.78133
-0.236411,372.342,5.50725e-005,-1.76336,0.434034,-0.422174,-1.52617
-0.236411,372.342,5.53623e-005,-1.60748,0.426565,-0.515341,-1.27456
-0.236411,372.342,5.56522e-005,-1.44526,0.417909,-0.597267,-1.02728
-0.236411,372.342,5.5942e-005,-1.27734,0.408228,-0.667972,-0.785009
-0.236411,372.342,5.62319e-005,-1.10437,0.397683,-0.727593,-0.548355
-0.236411,372.342,5.65217e-005,-0.927051,0.386432,-0.77638,-0.317814
-0.236411,372.342,5.68116e-005,-0.74607,0.374624,-0.814687,-0.0937954
-0.236411,372.342,5.71014e-005,-0.562144,0.362407,-0.842973,0.123378
-0.236411,372.342,5.73913e-005,-0.376,0.349918,-0.861785,0.333469
-0.236411,372.342,5.76812e-005,-0.188372,0.337284,-0.871759,0.53632
-0.236411,372.342,5.7971e-005,-1.46953e-015,0.324623,-0.873604,0.731847
-0.236411,372.342,5.82609e-005,0.188372,0.312042,-0.868098,0.920034
-0.236411,372.342,5.85507e-005,0.376,0.299635,-0.856076,1.10093
-0.236411,372.342,5.88406e-005,0.562144,0.287484,-0.838419,1.27463
-0.236411,372.342,5.91304e-005,0.74607,0.275657,-0.816043,1.44129
-0.236411,372.342,5.94203e-005,0.927051,0.264209,-0.789892,1.60109
-0.236411,372.342,5.97101e-005,1.10437,0.253181,-0.760923,1.75425
-0.236411,372.342,6e-005,1.27734,0.2426,-0.730096,1.90102
-0.236411,372.342,6.02899e-005,1.44526,0.232479,-0.698363,2.04166
-0.236411,372.342,6.05797e-005,1.60748,0.222817,-0.666661,2.17643
-0.236411,372.342,6.08696e-005,1.76336,0.213601,-0.635894,2.3056
-0.236411,372.342,6.11594e-005,1.91227,0.204805,-0.606932,2.42943
-0.236411,372.342,6.14493e-005,2.05364,0.196391,-0.580593,2.54816
-0.236411,372.342,6.17391e-005,2.18691,0.188309,-0.557642,2.66201
-0.236411,372.342,6.2029e-005,2.31154,0.180501,-0.538776,2.77117
-0.236411,372.342,6.23188e-005,2.42705,0.172898,-0.524621,2.87581
-0.236411,372.342,6.26087e-005,2.53298,0.165423,-0.515723,2.97604
-0.236411,372.342,6.28986e-005,2.62892,0.157995,-0.512543,3.07194
-0.236411,372.342,6.31884e-005,2.71448,0.150525,-0.515452,3.16353
-0.236411,372.342,6.34783e-005,2.78933,0.14292,-0.524725,3.25079
-0.236411,372.342,6.37681e-005,2.85317,0.135086,-0.540541,3.33364
-0.236411,372.342,6.4058e-005,2.90575,0.126927,-0.562979,3.41195
-0.236411,372.342,6.43478e-005,2.94686,0.118347,-0.592019,3.48553
-0.236411,372.342,6.46377e-005,2.97634,0.109252,-0.627537,3.55414
-0.236411,372.342,6.49275e-005,2.99408,0.0995523,-0.669313,3.61748
-0.236411,372.342,6.52174e-005,3,0.0891606,-0.717028,3.67519
-0.236411,372.342,6.55072e-005,2.99408,0.0779973,-0.770268,3.72687
-0.236411,372.342,6.57971e-005,2.97634,0.0659896,-0.828528,3.77209
-0.236411,372.342,6.6087e-005,2.94686,0.0530734,-0.891218,3.81035
-0.236411,372.342,6.63768e-005,2.90575,0.0391941,-0.957669,3.84111
-0.236411,372.342,6.66667e-005,2.85317,0.0243081,-1.02714,3.86383
-0.236411,372.342,6.69565e-005,2.78933,0.00838327,-1.09881,3.87793
-0.236411,372.342,6.72464e-005,2.71448,-0.00859974,-1.17183,3.88279
-0.236411,372.342,6.75362e-005,2.62892,-0.0266471,-1.24527,3.8778
-0.236411,372.342,6.78261e-005,2.53298,-0.045751,-1.31817,3.86235
-0.236411,372.342,6.81159e-005,2.42705,-0.0658894,-1.38955,3.83583
-0.236411,372.342,6.84058e-005,2.31154,-0.0870256,-1.4584,3.79763
-0.236411,372.342,6.86957e-005,2.18691,-0.109108,-1.5237,3.74718
-0.236411,372.342,6.89855e-005,2.05364,-0.132071,-1.58443,3.68393
-0.236411,372.342,6.92754e-005,1.91227,-0.155833,-1.63959,3.60737
-0.236411,372.342,6.95652e-005,1.76336,-0.1803,-1.68818,3.51703
-0.236411,372.342,6.98551e-005,1.60748,-0.205361,-1.72925,3.41251
-0.236411,372.342,7.01449e-005,1.44526,-0.230896,-1.76189,3.29346
-0.236411,372.342,7.04348e-005,1.27734,-0.256769,-1.78523,3.15961
-0.236411,372.342,7.07246e-005,1.10437,-0.282833,-1.79846,3.01076
-0.236411,372.342,7.10145e-005,0.927051,-0.308933,-1.80087,2.84679
-0.236411,372.342,7.13043e-005,0.74607,-0.334901,-1.79179,2.6677
-0.236411,372.342,7.15942e-005,0.562144,-0.360563,-1.77066,2.47356
-0.236411,372.342,7.18841e-005,0.376,-0.385737,-1.737,2.26454
-0.236411,372.342,7.21739e-005,0.188372,-0.410235,-1.69043,2.04092
-0.236411,372.342,7.24638e-005,1.83691e-015,-0.433869,-1.63068,1.8031
-0.236411,372.342,7.27536e-005,-0.188372,-0.456443,-1.55761,1.55158
-0.236411,372.342,7.30435e-005,-0.376,-0.477763,-1.47114,1.28698
-0.236411,372.342,7.33333e-005,-0.562144,-0.497638,-1.37136,1.01002
-0.236411,372.342,7.36232e-005,-0.74607,-0.515877,-1.25845,0.72153
-0.236411,372.342,7.3913e-005,-0.927051,-0.532293,-1.1327,0.422471
-0.236411,372.342,7.42029e-005,-1.10437,-0.546706,-0.994552,0.113895
-0.236411,372.342,7.44928e-005,-1.27734,-0.558946,-0.844527,-0.203036
-0.236411,372.342,7.47826e-005,-1.44526,-0.568849,-0.683279,-0.527062
-0.236411,372.342,7.50725e-005,-1.60748,-0.576263,-0.511569,-0.85683
-0.236411,372.342,7.53623e-005,-1.76336,-0.581049,-0.330263,-1.19089
-0.236411,372.342,7.56522e-005,-1.91227,-0.583083,-0.140328,-1.52774
-0.236411,372.342,7.5942e-005,-2.05364,-0.582254,0.0571765,-1.86575
-0.236411,372.342,7.62319e-005,-2.18691,-0.57847,0.261102,-2.20329
-0.236411,372.342,7.65217e-005,-2.31154,-0.571655,0.470223,-2.53864
-0.236411,372.342,7.68116e-005,-2.42705,-0.561753,0.683242,-2.87003
-0.236411,372.342,7.71014e-005,-2.53298,-0.548727,0.898801,-3.19569
-0.236411,372.342,7.73913e-005,-2.62892,-0.53256,1.11549,-3.51379
-0.236411,372.342,7.76812e-005,-2.71448,-0.513258,1.33187,-3.82252
-0.236411,372.342,7.7971e-005,-2.78933,-0.490846,1.54645,-4.12006
-0.236411,372.342,7.82609e-005,-2.85317,-0.465371,1.75774,-4.40461
-0.236411,372.342,7.85507e-005,-2.90575,-0.436904,1.96423,-4.67439
-0.236411,372.342,7.88406e-005,-2.94686,-0.405536,2.16443,-4.92767
-0.236411,372.342,7.91304e-005,-2.97634,-0.371378,2.35686,-5.16276
-0.236411,372.342,7.94203e-005,-2.99408,-0.334566,2.54006,-5.37805
-0.236411,372.342,7.97101e-005,-3,-0.295253,2.71262,-5.572
-0.236411,372.342,8e-005,-2.99408,-0.253612,2.87318,-5.74316
-0.236411,372.342,8.02899e-005,-2.97634,-0.209838,3.02043,-5.89019
-0.236411,372.342,8.05797e-005,-2.94686,-0.16414,3.15316,-6.01183
-0.236411,372.342,8.08696e-005,-2.90575,-0.116745,3.27022,-6.10698
-0.236411,372.342,8.11594e-005,-2.85317,-0.0678968,3.37056,-6.17466
-0.236411,372.342,8.14493e-005,-2.78933,-0.0178499,3.45323,-6.21402
-0.236411,372.342,8.17391e-005,-2.71448,0.0331267,3.51739,-6.22437
-0.236411,372.342,8.2029e-005,-2.62892,0.0847546,3.56232,-6.20517
-0.236411,372.342,8.23188e-005,-2.53298,0.136746,3.58743,-6.15603
-0.236411,372.342,8.26087e-005,-2.42705,0.188808,3.59224,-6.07676
-0.236411,372.342,8.28986e-005,-2.31154,0.24064,3.57641,-5.96731
-0.236411,372.342,8.31884e-005,-2.18691,0.291941,3.53976,-5.82781
-0.236411,372.342,8.34783e-005,-2.05364,0.342408,3.48222,-5.65856
-0.236411,372.342,8.37681e-005,-1.91227,0.391739,3.40388,-5.46007
-0.236411,372.342,8.4058e-005,-1.76336,0.439638,3.30497,-5.23297
-0.236411,372.342,8.43478e-005,-1.60748,0.485809,3.18585,-4.97811
-0.236411,372.342,8.46377e-005,-1.44526,0.529969,3.04704,-4.69648
-0.236411,372.342,8.49275e-005,-1.27734,0.571841,2.88917,-4.38925
-0.236411,372.342,8.52174e-005,-1.10437,0.611161,2.71304,-4.05775
-0.236411,372.342,8.55072e-005,-0.927051,0.647676,2.51954,-3.70345
-0.236411,372.342,8.57971e-005,-0.74607,0.68115,2.30971,-3.32799
-0.236411,372.342,8.6087e-005,-0.562144,0.711363,2.0847,-2.93312
-0.236411,372.342,8.63768e-005,-0.376,0.738113,1.84576,-2.52074
-0.236411,372.342,8.66667e-005,-0.188372,0.761218,1.59425,-2.09284
-0.236411,372.342,8.69565e-005,-2.20429e-015,0.780517,1.33163,-1.65156
-0.236411,372.342,8.72464e-005,0.188372,0.795871,1.05941,-1.19909
-0.236411,372.342,8.75362e-005,0.376,0.807164,0.779214,-0.737711
-0.236411,372.342,8.78261e-005,0.562144,0.814304,0.492691,-0.26979
-0.236411,372.342,8.81159e-005,0.74607,0.817225,0.201555,0.202271
-0.236411,372.342,8.84058e-005,0.927051,0.815886,-0.0924451,0.676025
-0.236411,372.342,8.86957e-005,1.10437,0.810269,-0.387536,1.149
-0.236411,372.342,8.89855e-005,1.27734,0.800386,-0.681933,1.61872
-0.236411,372.342,8.92754e-005,1.44526,0.786272,-0.973848,2.08271
-0.236411,372.342,8.95652e-005,1.60748,0.76799,-1.26151,2.53852
-0.236411,372.342,8.98551e-005,1.76336,0.745625,-1.54316,2.98374
-0.236411,372.342,9.01449e-005,1.91227,0.71929,-1.81709,3.41598
-0.236411,372.342,9.04348e-005,2.05364,0.689122,-2.08163,3.83296
-0.236411,372.342,9.07246e-005,2.18691,0.655279,-2.33518,4.23245
-0.236411,372.342,9.10145e-005,2.31154,0.617942,-2.57619,4.61232
-0.236411,372.342,9.13043e-005,2.42705,0.577316,-2.80322,4.97055
-0.236411,372.342,9.15942e-005,2.53298,0.533622,-3.01488,5.30523
-0.236411,372.342,9.18841e-005,2.62892,0.487101,-3.20993,5.61457
-0.236411,372.342,9.21739e-005,2.71448,0.438012,-3.38719,5.89695
-0.236411,372.342,9.24638e-005,2.78933,0.386626,-3.54563,6.15087
-0.236411,372.342,9.27536e-005,2.85317,0.33323,-3.68433,6.375
-0.236411,372.342,9.30435e-005,2.90575,0.278121,-3.80248,6.56818
-0.236411,372.342,9.33333e-005,2.94686,0.221608,-3.89944,6.72941
-0.236411,372.342,9.36232e-005,2.97634,0.164004,-3.97467,6.85788
-0.236411,372.342,9.3913e-005,2.99408,0.10563,-4.0278,6.95295
-0.236411,372.342,9.42029e-005,3,0.0468096,-4.05858,7.01419
-0.236411,372.342,9.44928e-005,2.99408,-0.0121312,-4.06692,7.04132
-0.236411,372.342,9.47826e-005,2.97634,-0.0708681,-4.05285,7.03429
-0.236411,372.342,9.50725e-005,2.94686,-0.129079,-4.01656,6.99321
-0.236411,372.342,9.53623e-005,2.90575,-0.186447,-3.95838,6.91838
-0.236411,372.342,9.56522e-005,2.85317,-0.242661,-3.87876,6.81029
-0.236411,372.342,9.5942e-005,2.78933,-0.297419,-3.7783,6.66962
-0.236411,372.342,9.62319e-005,2.71448,-0.350429,-3.65772,6.4972
-0.236411,372.342,9.65217e-005,2.62892,-0.401413,-3.51785,6.29406
-0.236411,372.342,9.68116e-005,2.53298,-0.450103,-3.35966,6.06135
-0.236411,372.342,9.71014e-005,2.42705,-0.496251,-3.1842,5.80042
-0.236411,372.342,9.73913e-005,2.31154,-0.539623,-2.99263,5.51274
-0.236411,372.342,9.76812e-005,2.18691,-0.580003,-2.78621,5.19992
-0.236411,372.342,9.7971e-005,2.05364,-0.617195,-2.56627,4.86368
-0.236411,372.342,9.82609e-005,1.91227,-0.651024,-2.33422,4.50589
-0.236411,372.342,9.85507e-005,1.76336,-0.681336,-2.09151,4.12848
-0.236411,372.342,9.88406e-005,1.60748,-0.707998,-1.83967,3.73351
-0.236411,372.342,9.91304e-005,1.44526,-0.7309,-1.58025,3.32307
-0.236411,372.342,9.94203e-005,1.27734,-0.749955,-1.31484,2.89936
-0.236411,372.342,9.97101e-005,1.10437,-0.765101,-1.04503,2.46461
-0.236411,372.342,0.0001,0.927051,-0.776296,-0.772455,2.02107
-0.236411,372.342,0.00010029,0.74607,-0.783523,-0.498704,1.57104
-0.236411,372.342,0.00010058,0.562144,-0.78679,-0.225376,1.11683
-0.236411,372.342,0.00010087,0.376,-0.786124,0.0459629,0.660717
-0.236411,372.342,0.000101159,0.188372,-0.781576,0.313779,0.204993
-0.236411,372.342,0.000101449,2.57167e-015,-0.77322,0.576583,-0.248095
-0.236411,372.342,0.000101739,-0.188372,-0.761148,0.832943,-0.696338
-0.236411,372.342,0.000102029,-0.376,-0.745475,1.08149,-1.13758
-0.236411,372.342,0.000102319,-0.562144,-0.726331,1.32091,-1.56974
-0.236411,372.342,0.000102609,-0.74607,-0.703867,1.55,-1.9908
-0.236411,372.342,0.000102899,-0.927051,-0.678249,1.76762,-2.39884
-0.236411,372.342,0.000103188,-1.10437,-0.649659,1.97272,-2.79203
-0.236411,372.342,0.000103478,-1.27734,-0.618292,2.16435,-3.16865
-0.236411,372.342,0.000103768,-1.44526,-0.584354,2.34168,-3.52708
-0.236411,372.342,0.000104058,-1.60748,-0.548065,2.50395,-3.86583
-0.236411,372.342,0.000104348,-1.76336,-0.509652,2.65054,-4.18355
-0.236411,372.342,0.000104638,-1.91227,-0.469348,2.78093,-4.479
-0.236411,372.342,0.000104928,-2.05364,-0.427396,2.89471,-4.75109
-0.236411,372.342,0.000105217,-2.18691,-0.38404,2.99158,-4.99885
-0.236411,372.342,0.000105507,-2.31154,-0.339528,3.07135,-5.22148
-0.236411,372.342,0.000105797,-2.42705,-0.294108,3.13396,-5.41831
-0.236411,372.342,0.000106087,-2.53298,-0.248029,3.17944,-5.58881
-0.236411,372.342,0.000106377,-2.62892,-0.201537,3.20792,-5.73259
-0.236411,372.342,0.000106667,-2.71448,-0.154876,3.21965,-5.84943
-0.236411,372.342,0.000106957,-2.78933,-0.108282,3.21497,-5.93921
-0.236411,372.342,0.000107246,-2.85317,-0.0619875,3.19432,-6.00198
-0.236411,372.342,0.000107536,-2.90575,-0.0162162,3.15822,-6.03792
-0.236411,372.342,0.000107826,-2.94686,0.0288167,3.10727,-6.04732
-0.236411,372.342,0.000108116,-2.97634,0.072906,3.04216,-6.03061
-0.236411,372.342,0.000108406,-2.99408,0.115857,2.96363,-5.98835
-0.236411,372.342,0.000108696,-3,0.157487,2.87249,-5.92118
-0.236411,372.342,0.000108986,-2.99408,0.197627,2.76962,-5.82989
-0.236411,372.342,0.000109275,-2.97634,0.236118,2.65592,-5.71532
-0.236411,372.342,0.000109565,-2.94686,0.272819,2.53234,-5.57844
-0.236411,372.342,0.000109855,-2.90575,0.3076,2.39987,-5.42029
-0.236411,372.342,0.000110145,-2.85317,0.340346,2.25952,-5.24197
-0.236411,372.342,0.000110435,-2.78933,0.370959,2.11229,-5.04466
-0.236411,372.342,0.000110725,-2.71448,0.399354,1.95922,-4.82962
-0.236411,372.342,0.000111014,-2.62892,0.42546,1.80134,-4.59811
-0.236411,372.342,0.000111304,-2.53298,0.449223,1.63966,-4.35146
-0.236411,372.342,0.000111594,-2.42705,0.470603,1.47519,-4.09104
-0.236411,372.342,0.000111884,-2.31154,0.489573,1.3089,-3.81823
-0.236411,372.342,0.000112174,-2.18691,0.50612,1.14175,-3.53442
-0.236411,372.342,0.000112464,-2.05364,0.520245,0.974659,-3.24102
-0.236411,372.342,0.000112754,-1.91227,0.531963,0.8085,-2.93943
-0.236411,372.342,0.000113043,-1.76336,0.541297,0.644108,-2.63104
-0.236411,372.342,0.000113333,-1.60748,0.548287,0.482264,-2.31725
-0.236411,372.342,0.000113623,-1.44526,0.552978,0.323698,-1.9994
-0.236411,372.342,0.000113913,-1.27734,0.555429,0.169083,-1.67883
-0.236411,372.342,0.000114203,-1.10437,0.555704,0.0190297,-1.35684
-0.236411,372.342,0.000114493,-0.927051,0.55388,-0.125911,-1.0347
-0.236411,372.342,0.000114783,-0.74607,0.550035,-0.265252,-0.713607
-0.236411,372.342,0.000115072,-0.562144,0.544259,-0.398572,-0.394746
-0.236411,372.342,0.000115362,-0.376,0.536643,-0.525512,-0.079234
-0.236411,372.342,0.000115652,-0.188372,0.527284,-0.64578,0.231863
-0.236411,372.342,0.000115942,-2.93906e-015,0.516281,-0.759147,0.537535
-0.236411,372.342,0.000116232,0.188372,0.503739,-0.865445,0.836829
-0.236411,372.342,0.000116522,0.376,0.48976,-0.964568,1.12885
-0.236411,372.342,0.000116812,0.562144,0.474448,-1.05647,1.41277
-0.236411,372.342,0.000117101,0.74607,0.45791,-1.14115,1.68781
-0.236411,372.342,0.000117391,0.927051,0.440248,-1.21867,1.95327
-0.236411,372.342,0.000117681,1.10437,0.421565,-1.28914,2.20848
-0.236411,372.342,0.000117971,1.27734,0.40196,-1.35271,2.45287
-0.236411,372.342,0.000118261,1.44526,0.381532,-1.40957,2.68589
-0.236411,372.342,0.000118551,1.60748,0.360373,-1.45994,2.90707
-0.236411,372.342,0.000118841,1.76336,0.338575,-1.50409,3.11598
-0.236411,372.342,0.00011913,1.91227,0.316223,-1.54228,3.31226
-0.236411,372.342,0.00011942,2.05364,0.293399,-1.57484,3.49557
-0.236411,372.342,0.00011971,2.18691,0.270181,-1.60207,3.66566
-0.236411,372.342,0.00012,2.31154,0.24664,-1.6243,3.82229
-0.236411,372.342,0.00012029,2.42705,0.222845,-1.64188,3.96527
-0.236411,372.342,0.00012058,2.53298,0.198858,-1.65513,4.09445
-0.236411,372.342,0.00012087,2.62892,0.174736,-1.66439,4.20973
-0.236411,372.342,0.000121159,2.71448,0.150533,-1.66999,4.31103
-0.236411,372.342,0.000121449,2.78933,0.126298,-1.67223,4.39829
-0.236411,372.342,0.000121739,2.85317,0.102075,-1.67142,4.47151
-0.236411,372.342,0.000122029,2.90575,0.0779032,-1.66784,4.53068
-0.236411,372.342,0.000122319,2.94686,0.0538202,-1.66173,4.57585
-0.236411,372.342,0.000122609,2.97634,0.0298591,-1.65332,4.60705
-0.236411,372.342,0.000122899,2.99408,0.00605001,-1.64282,4.62435
-0.236411,372.342,0.000123188,3,-0.017579,-1.6304,4.62786
-0.236411,372.342,0.000123478,2.99408,-0.0410023,-1.6162,4.61767
-0.236411,372.342,0.000123768,2.97634,-0.0641954,-1.60032,4.5939
-0.236411,372.342,0.000124058,2.94686,-0.0871352,-1.58284,4.55669
-0.236411,372.342,0.000124348,2.90575,-0.109799,-1.5638,4.50617
-0.236411,372.342,0.000124638,2.85317,-0.132164,-1.54321,4.44252
-0.236411,372.342,0.000124928,2.78933,-0.154208,-1.52103,4.36591
-0.236411,372.342,0.000125217,2.71448,-0.175907,-1.49722,4.27651
-0.236411,372.342,0.000125507,2.62892,-0.197236,-1.47168,4.17453
-0.236411,372.342,0.000125797,2.53298,-0.218168,-1.44431,4.06019
-0.236411,372.342,0.000126087,2.42705,-0.238675,-1.41498,3.93372
-0.236411,372.342,0.000126377,2.31154,-0.258725,-1.38351,3.79536
-0.236411,372.342,0.000126667,2.18691,-0.278287,-1.34973,3.64537
-0.236411,372.342,0.000126957,2.05364,-0.297322,-1.31344,3.48405
-0.236411,372.342,0.000127246,1.91227,-0.315793,-1.27445,3.31169
-0.236411,372.342,0.000127536,1.76336,-0.333655,-1.23254,3.12862
-0.236411,372.342,0.000127826,1.60748,-0.350865,-1.18748,2.93519
-0.236411,372.342,0.000128116,1.44526,-0.367374,-1.13907,2.73179
-0.236411,372.342,0.000128406,1.27734,-0.383128,-1.08708,2.51882
-0.236411,372.342,0.000128696,1.10437,-0.398075,-1.03132,2.29672
-0.236411,372.342,0.000128986,0.927051,-0.412156,-0.971595,2.06595
-0.236411,372.342,0.000129275,0.74607,-0.425312,-0.907727,1.82702
-0.236411,372.342,0.000129565,0.562144,-0.437479,-0.839566,1.58046
-0.236411,372.342,0.000129855,0.376,-0.448595,-0.766986,1.32685
-0.236411,372.342,0.000130145,0.188372,-0.458593,-0.689887,1.0668
-0.236411,372.342,0.000130435,1.39646e-014,-0.467408,-0.608205,0.800947
-0.236411,372.342,0.000130725,-0.188372,-0.474972,-0.521911,0.529986
-0.236411,372.342,0.000131014,-0.376,-0.481218,-0.431014,0.25464
-0.236411,372.342,0.000131304,-0.562144,-0.486082,-0.335566,-0.0243272
-0.236411,372.342,0.000131594,-0.74607,-0.489497,-0.235661,-0.306114
-0.236411,372.342,0.000131884,-0.927051,-0.491402,-0.13144,-0.58988
-0.236411,372.342,0.000132174,-1.10437,-0.491737,-0.0230916,-0.874751
-0.236411,372.342,0.000132464,-1.27734,-0.490445,0.0891496,-1.15982
-0.236411,372.342,0.000132754,-1.44526,-0.487474,0.204999,-1.44413
-0.236411,372.342,0.000133043,-1.60748,-0.482776,0.324124,-1.72672
-0.236411,372.342,0.000133333,-1.76336,-0.47631,0.446145,-2.00659
-0.236411,372.342,0.000133623,-1.91227,-0.46804,0.570633,-2.28272
-0.236411,372.342,0.000133913,-2.05364,-0.457937,0.697116,-2.55404
-0.236411,372.342,0.000134203,-2.18691,-0.44598,0.825076,-2.81952
-0.236411,372.342,0.000134493,-2.31154,-0.432154,0.953955,-3.07805
-0.236411,372.342,0.000134783,-2.42705,-0.416456,1.08316,-3.32858
-0.236411,372.342,0.000135072,-2.53298,-0.39889,1.21205,-3.57
-0.236411,372.342,0.000135362,-2.62892,-0.37947,1.33997,-3.80124
-0.236411,372.342,0.000135652,-2.71448,-0.358221,1.46623,-4.02123
-0.236411,372.342,0.000135942,-2.78933,-0.335175,1.59012,-4.22889
-0.236411,372.342,0.000136232,-2.85317,-0.31038,1.7109,-4.42319
-0.236411,372.342,0.000136522,-2.90575,-0.28389,1.82782,-4.60312
-0.236411,372.342,0.000136812,-2.94686,-0.255771,1.94015,-4.7677
-0.236411,372.342,0.000137101,-2.97634,-0.226103,2.04713,-4.91597
-0.236411,372.342,0.000137391,-2.99408,-0.194973,2.14799,-5.04705
-0.236411,372.342,0.000137681,-3,-0.16248,2.24202,-5.16007
-0.236411,372.342,0.000137971,-2.99408,-0.128734,2.32847,-5.25426
-0.236411,372.342,0.000138261,-2.97634,-0.0938546,2.40665,-5.32889
-0.236411,372.342,0.000138551,-2.94686,-0.0579722,2.47589,-5.3833
-0.236411,372.342,0.000138841,-2.90575,-0.0212255,2.53552,-5.41691
-0.236411,372.342,0.00013913,-2.85317,0.0162378,2.58496,-5.42921
-0.236411,372.342,0.00013942,-2.78933,0.0542616,2.62365,-5.4198
-0.236411,372.342,0.00013971,-2.71448,0.0926827,2.65106,-5.38834
-0.236411,372.342,0.00014,-2.62892,0.131331,2.66674,-5.33461
-0.236411,372.342,0.00014029,-2.53298,0.170031,2.6703,-5.25848
-0.236411,372.342,0.00014058,-2.42705,0.208602,2.6614,-5.15991
-0.236411,372.342,0.00014087,-2.31154,0.24686,2.63977,-5.03898
-0.236411,372.342,0.000141159,-2.18691,0.284616,2.60522,-4.89588
-0.236411,372.342,0.000141449,-2.05364,0.321683,2.55762,-4.73088
-0.236411,372.342,0.000141739,-1.91227,0.357871,2.49693,-4.5444
-0.236411,372.342,0.000142029,-1.76336,0.392989,2.42317,-4.33694
-0.236411,372.342,0.000142319,-1.60748,0.426851,2.33647,-4.10912
-0.236411,372.342,0.000142609,-1.44526,0.459271,2.237,-3.86167
-0.236411,372.342,0.000142899,-1.27734,0.490069,2.12506,-3.59542
-0.236411,372.342,0.000143188,-1.10437,0.519069,2.00098,-3.31132
-0.236411,372.342,0.000143478,-0.927051,0.546101,1.8652,-3.01041
-0.236411,372.342,0.000143768,-0.74607,0.571003,1.71824,-2.69383
-0.236411,372.342,0.000144058,-0.562144,0.593622,1.56069,-2.36282
-0.236411,372.342,0.000144348,-0.376,0.613813,1.3932,-2.01869
-0.236411,372.342,0.000144638,-0.188372,0.631443,1.21651,-1.66286
-0.236411,372.342,0.000144928,-3.67382e-015,0.646391,1.03141,-1.2968
-0.236411,372.342,0.000145217,0.188372,0.658548,0.838782,-0.922082
-0.236411,372.342,0.000145507,0.376,0.667816,0.639534,-0.540316
-0.236411,372.342,0.000145797,0.562144,0.674115,0.434643,-0.153176
-0.236411,372.342,0.000146087,0.74607,0.677378,0.22513,0.237616
-0.236411,372.342,0.000146377,0.927051,0.677553,0.012057,0.630299
-0.236411,372.342,0.000146667,1.10437,0.674604,-0.203478,1.02308
-0.236411,372.342,0.000146957,1.27734,0.668512,-0.420349,1.41416
-0.236411,372.342,0.000147246,1.44526,0.659274,-0.637409,1.8017
-0.236411,372.342,0.000147536,1.60748,0.646905,-0.853495,2.18389
-0.236411,372.342,0.000147826,1.76336,0.631435,-1.06744,2.55891
-0.236411,372.342,0.000148116,1.91227,0.612912,-1.27807,2.92496
-0.236411,372.342,0.000148406,2.05364,0.591401,-1.48423,3.28027
-0.236411,372.342,0.000148696,2.18691,0.566984,-1.68476,3.62311
-0.236411,372.342,0.000148986,2.31154,0.539759,-1.87855,3.95179
-0.236411,372.342,0.000149275,2.42705,0.509839,-2.0645,4.2647
-0.236411,372.342,0.000149565,2.53298,0.477352,-2.24155,4.56026
-0.236411,372.342,0.000149855,2.62892,0.442444,-2.40869,4.83698
-0.236411,372.342,0.000150145,2.71448,0.405271,-2.56495,5.09347
-0.236411,372.342,0.000150435,2.78933,0.366004,-2.70941,5.32841
-0.236411,372.342,0.000150725,2.85317,0.324826,-2.84125,5.54059
-0.236411,372.342,0.000151014,2.90575,0.281933,-2.95967,5.72889
-0.236411,372.342,0.000151304,2.94686,0.237527,-3.06396,5.89233
-0.236411,372.342,0.000151594,2.97634,0.191824,-3.15352,6.03003
-0.236411,372.342,0.000151884,2.99408,0.145045,-3.22777,6.14123
-0.236411,372.342,0.000152174,3,0.0974178,-3.28628,6.22532
-0.236411,372.342,0.000152464,2.99408,0.0491764,-3.32865,6.28179
-0.236411,372.342,0.000152754,2.97634,0.000558728,-3.35462,6.3103
-0.236411,372.342,0.000153043,2.94686,-0.0481948,-3.364,6.31062
-0.236411,372.342,0.000153333,2.90575,-0.0968423,-3.35668,6.28268
-0.236411,372.342,0.000153623,2.85317,-0.145142,-3.33267,6.22654
-0.236411,372.342,0.000153913,2.78933,-0.192853,-3.29207,6.1424
-0.236411,372.342,0.000154203,2.71448,-0.239738,-3.23507,6.0306
-0.236411,372.342,0.000154493,2.62892,-0.285563,-3.16195,5.89163
-0.236411,372.342,0.000154783,2.53298,-0.330101,-3.07308,5.72608
-0.236411,372.342,0.000155072,2.42705,-0.373129,-2.96893,5.53472
-0.236411,372.342,0.000155362,2.31154,-0.414434,-2.85005,5.31841
-0.236411,372.342,0.000155652,2.18691,-0.453812,-2.71707,5.07816
-0.236411,372.342,0.000155942,2.05364,-0.491068,-2.57071,4.81508
-0.236411,372.342,0.000156232,1.91227,-0.526021,-2.41174,4.5304
-0.236411,372.342,0.000156522,1.76336,-0.5585,-2.24103,4.22546
-0.236411,372.342,0.000156812,1.60748,-0.588347,-2.05948,3.9017
-0.236411,372.342,0.000157101,1.44526,-0.615421,-1.86809,3.56063
-0.236411,372.342,0.000157391,1.27734,-0.639593,-1.66787,3.20386
-0.236411,372.342,0.000157681,1.10437,-0.660751,-1.45989,2.83308
-0.236411,372.342,0.000157971,0.927051,-0.678798,-1.24528,2.45004
-0.236411,372.342,0.000158261,0.74607,-0.693656,-1.02517,2.05653
-0.236411,372.342,0.000158551,0.562144,-0.705261,-0.80073,1.65441
-0.236411,372.342,0.000158841,0.376,-0.713567,-0.573151,1.24556
-0.236411,372.342,0.00015913,0.188372,-0.718547,-0.343625,0.831902
-0.236411,372.342,0.00015942,-6.61694e-015,-0.72019,-0.113355,0.415353
-0.236411,372.342,0.00015971,-0.188372,-0.718502,0.116466,-0.00214871
-0.236411,372.342,0.00016,-0.376,-0.713507,0.344651,-0.418672
-0.236411,372.342,0.00016029,-0.562144,-0.705246,0.570035,-0.832299
-0.236411,372.342,0.00016058,-0.74607,-0.693775,0.791475,-1.24114
-0.236411,372.342,0.00016087,-0.927051,-0.679169,1.00786,-1.64333
-0.236411,372.342,0.000161159,-1.10437,-0.661515,1.21812,-2.03705
-0.236411,372.342,0.000161449,-1.27734,-0.640917,1.42122,-2.42053
-0.236411,372.342,0.000161739,-1.44526,-0.617494,1.61619,-2.79208
-0.236411,372.342,0.000162029,-1.60748,-0.591377,1.80209,-3.15005
-0.236411,372.342,0.000162319,-1.76336,-0.562709,1.97807,-3.49287
-0.236411,372.342,0.000162609,-1.91227,-0.531647,2.14331,-3.81908
-0.236411,372.342,0.000162899,-2.05364,-0.498356,2.29709,-4.12728
-0.236411,372.342,0.000163188,-2.18691,-0.463012,2.43873,-4.41619
-0.236411,372.342,0.000163478,-2.31154,-0.425799,2.56766,-4.6846
-0.236411,372.342,0.000163768,-2.42705,-0.38691,2.68335,-4.93144
-0.236411,372.342,0.000164058,-2.53298,-0.346543,2.78536,-5.15573
-0.236411,372.342,0.000164348,-2.62892,-0.3049,2.87336,-5.35663
-0.236411,372.342,0.000164638,-2.71448,-0.262189,2.94705,-5.53338
-0.236411,372.342,0.000164928,-2.78933,-0.21862,3.00624,-5.68538
-0.236411,372.342,0.000165217,-2.85317,-0.174405,3.05083,-5.81211
-0.236411,372.342,0.000165507,-2.90575,-0.129756,3.08077,-5.91322
-0.236411,372.342,0.000165797,-2.94686,-0.0848853,3.09611,-5.98844
-0.236411,372.342,0.000166087,-2.97634,-0.0400016,3.09698,-6.03765
-0.236411,372.342,0.000166377,-2.99408,0.00468782,3.08357,-6.06084
-0.236411,372.342,0.000166667,-3,0.0489798,3.05615,-6.05812
-0.236411,372.342,0.000166957,-2.99408,0.0926763,3.01506,-6.02972
-0.236411,372.342,0.000167246,-2.97634,0.135585,2.9607,-5.976
-0.236411,372.342,0.000167536,-2.94686,0.177521,2.89355,-5.8974
-0.236411,372.342,0.000167826,-2.90575,0.218305,2.81413,-5.79449
-0.236411,372.342,0.000168116,-2.85317,0.257769,2.72301,-5.66793
-0.236411,372.342,0.000168406,-2.78933,0.295752,2.62084,-5.5185
-0.236411,372.342,0.000168696,-2.71448,0.332104,2.50827,-5.34705
-0.236411,372.342,0.000168986,-2.62892,0.366684,2.38603,-5.15453
-0.236411,372.342,0.000169275,-2.53298,0.399363,2.25486,-4.94196
-0.236411,372.342,0.000169565,-2.42705,0.430023,2.11554,-4.71044
-0.236411,372.342,0.000169855,-2.31154,0.458558,1.96888,-4.46115
-0.236411,372.342,0.000170145,-2.18691,0.484872,1.81569,-4.19532
-0.236411,372.342,0.000170435,-2.05364,0.508884,1.65681,-3.91424
-0.236411,372.342,0.000170725,-1.91227,0.530523,1.49308,-3.61923
-0.236411,372.342,0.000171014,-1.76336,0.549731,1.32535,-3.31168
-0.236411,372.342,0.000171304,-1.60748,0.566462,1.15447,-2.993
-0.236411,372.342,0.000171594,-1.44526,0.580684,0.981276,-2.66462
-0.236411,372.342,0.000171884,-1.27734,0.592373,0.806594,-2.32799
-0.236411,372.342,0.000172174,-1.10437,0.601522,0.631241,-1.98458
-0.236411,372.342,0.000172464,-0.927051,0.608131,0.45601,-1.63587
-0.236411,372.342,0.000172754,-0.74607,0.612213,0.281674,-1.28333
-0.236411,372.342,0.000173043,-0.562144,0.613792,0.108978,-0.928429
-0.236411,372.342,0.000173333,-0.376,0.612903,-0.0613629,-0.572607
-0.236411,372.342,0.000173623,-0.188372,0.609589,-0.228667,-0.217301
-0.236411,372.342,0.000173913,-4.40858e-015,0.603904,-0.392287,0.136083
-0.236411,372.342,0.0015942,-1.46993e-013,0.608329,0.225276,-0.479578
-0.236411,372.342,0.00159449,0.188372,0.609193,0.0596208,-0.126924
-0.236411,372.342,0.00159478,0.376,0.607652,-0.106269,0.226232
-0.236411,372.342,0.00159507,0.562144,0.603714,-0.27174,0.578494
-0.236411,372.342,0.00159536,0.74607,0.597393,-0.436138,0.928473
-0.236411,372.342,0.00159565,0.927051,0.588715,-0.598815,1.27479
-0.236411,372.342,0.00159594,1.10437,0.577713,-0.759129,1.61607
-0.236411,372.342,0.00159623,1.27734,0.564431,-0.916447,1.95098
-0.236411,372.342,0.00159652,1.44526,0.548922,-1.07015,2.27818
-0.236411,372.342,0.00159681,1.60748,0.531246,-1.21963,2.5964
-0.236411,372.342,0.0015971,1.76336,0.511474,-1.36429,2.90437
-0.236411,372.342,0.00159739,1.91227,0.489683,-1.50357,3.20088
-0.236411,372.342,0.00159768,2.05364,0.465959,-1.63692,3.48475
-0.236411,372.342,0.00159797,2.18691,0.440397,-1.7638,3.75487
-0.236411,372.342,0.00159826,2.31154,0.413097,-1.88373,4.01017
-0.236411,372.342,0.00159855,2.42705,0.384166,-1.99622,4.24965
-0.236411,372.342,0.00159884,2.53298,0.353719,-2.10083,4.47235
-0.236411,372.342,0.00159913,2.62892,0.321876,-2.19715,4.67741
-0.236411,372.342,0.00159942,2.71448,0.288763,-2.2848,4.864
-0.236411,372.342,0.00159971,2.78933,0.25451,-2.36344,5.0314
-0.236411,372.342,0.0016,2.85317,0.219253,-2.43274,5.17895
-0.236411,372.342,0.00160029,2.90575,0.183131,-2.49245,5.30605
-0.236411,372.342,0.00160058,2.94686,0.146286,-2.54232,5.41221
-0.236411,372.342,0.00160087,2.97634,0.108863,-2.58215,5.49701
-0.236411,372.342,0.00160116,2.99408,0.071011,-2.6118,5.56012
-0.236411,372.342,0.00160145,3,0.0328786,-2.63113,5.60129
-0.236411,372.342,0.00160174,2.99408,-0.00538353,-2.64009,5.62035
-0.236411,372.342,0.00160203,2.97634,-0.0436244,-2.63862,5.61723
-0.236411,372.342,0.00160232,2.94686,-0.0816932,-2.62674,5.59194
-0.236411,372.342,0.00160261,2.90575,-0.119439,-2.6045,5.54458
-0.236411,372.342,0.0016029,2.85317,-0.156714,-2.57197,5.47534
-0.236411,372.342,0.00160319,2.78933,-0.193371,-2.5293,5.38449
-0.236411,372.342,0.00160348,2.71448,-0.229264,-2.47664,5.27239
-0.236411,372.342,0.00160377,2.62892,-0.264253,-2.41421,5.13949
-0.236411,372.342,0.00160406,2.53298,-0.298198,-2.34225,4.9863
-0.236411,372.342,0.00160435,2.42705,-0.330967,-2.26105,4.81343
-0.236411,372.342,0.00160464,2.31154,-0.36243,-2.17092,4.62156
-0.236411,372.342,0.00160493,2.18691,-0.392462,-2.07223,4.41146
-0.236411,372.342,0.00160522,2.05364,-0.420945,-1.96535,4.18394
-0.236411,372.342,0.00160551,1.91227,-0.447768,-1.85073,3.93992
-0.236411,372.342,0.0016058,1.76336,-0.472823,-1.72879,3.68034
-0.236411,372.342,0.00160609,1.60748,-0.496012,-1.60004,3.40624
-0.236411,372.342,0.00160638,1.44526,-0.517243,-1.46497,3.1187
-0.236411,372.342,0.00160667,1.27734,-0.536433,-1.32412,2.81885
-0.236411,372.342,0.00160696,1.10437,-0.553506,-1.17804,2.50787
-0.236411,372.342,0.00160725,0.927051,-0.568395,-1.02731,2.187
-0.236411,372.342,0.00160754,0.74607,-0.58104,-0.872535,1.85749
-0.236411,372.342,0.00160783,0.562144,-0.591393,-0.714311,1.52066
-0.236411,372.342,0.00160812,0.376,-0.599411,-0.553268,1.17782
-0.236411,372.342,0.00160841,0.188372,-0.605064,-0.390041,0.830339
-0.236411,372.342,0.0016087,8.80497e-015,-0.608329,-0.225275,0.479578
-0.236411,372.342,0.00160899,-0.188372,-0.609193,-0.0596206,0.126923
-0.236411,372.342,0.00160928,-0.376,-0.607652,0.10627,-0.226232
-0.236411,372.342,0.00160957,-0.562144,-0.603714,0.27174,-0.578494
-0.236411,372.342,0.00160986,-0.74607,-0.597393,0.436139,-0.928473
-0.236411,372.342,0.00161014,-0.927051,-0.588715,0.598816,-1.27479
-0.236411,372.342,0.00161043,-1.10437,-0.577713,0.759129,-1.61607
-0.236411,372.342,0.00161072,-1.27734,-0.564431,0.916447,-1.95098
-0.236411,372.342,0.00161101,-1.44526,-0.548922,1.07015,-2.27818
-0.236411,372.342,0.0016113,-1.60748,-0.531246,1.21963,-2.5964
-0.236411,372.342,0.00161159,-1.76336,-0.511474,1.36429,-2.90437
-0.236411,372.342,0.00161188,-1.91227,-0.489683,1.50357,-3.20088
-0.236411,372.342,0.00161217,-2.05364,-0.465959,1.63692,-3.48475
-0.236411,372.342,0.00161246,-2.18691,-0.440397,1.7638,-3.75487
-0.236411,372.342,0.00161275,-2.31154,-0.413097,1.88373,-4.01017
-0.236411,372.342,0.00161304,-2.42705,-0.384166,1.99622,-4.24965
-0.236411,372.342,0.00161333,-2.53298,-0.353719,2.10083,-4.47235
-0.236411,372.342,0.00161362,-2.62892,-0.321876,2.19715,-4.67741
-0.236411,372.342,0.00161391,-2.71448,-0.288763,2.2848,-4.864
-0.236411,372.342,0.0016142,-2.78933,-0.25451,2.36344,-5.0314
-0.236411,372.342,0.00161449,-2.85317,-0.219253,2.43274,-5.17895
-0.236411,372.342,0.00161478,-2.90575,-0.183131,2.49245,-5.30605
-0.236411,372.342,0.00161507,-2.94686,-0.146286,2.54232,-5.41221
-0.236411,372.342,0.00161536,-2.97634,-0.108863,2.58215,-5.49701
-0.236411,372.342,0.00161565,-2.99408,-0.071011,2.6118,-5.56012
-0.236411,372.342,0.00161594,-3,-0.0328786,2.63113,-5.60129
-0.236411,372.342,0.00161623,-2.99408,0.00538356,2.64009,-5.62035
-0.236411,372.342,0.00161652,-2.97634,0.0436245,2.63862,-5.61723
-0.236411,372.342,0.00161681,-2.94686,0.0816932,2.62674,-5.59194
-0.236411,372.342,0.0016171,-2.90575,0.11944,2.6045,-5.54458
-0.236411,372.342,0.00161739,-2.85317,0.156714,2.57197,-5.47534
-0.236411,372.342,0.00161768,-2.78933,0.193371,2.5293,-5.38449
-0.236411,372.342,0.00161797,-2.71448,0.229264,2.47664,-5.27239
-0.236411,372.342,0.00161826,-2.62892,0.264253,2.41421,-5.13949
-0.236411,372.342,0.00161855,-2.53298,0.298198,2.34225,-4.9863
-0.236411,372.342,0.00161884,-2.42705,0.330967,2.26105,-4.81343
-0.236411,372.342,0.00161913,-2.31154,0.36243,2.17092,-4.62156
-0.236411,372.342,0.00161942,-2.18691,0.392462,2.07223,-4.41146
-0.236411,372.342,0.00161971,-2.05364,0.420945,1.96535,-4.18394
-0.236411,372.342,0.00162,-1.91227,0.447768,1.85073,-3.93992
-0.236411,372.342,0.00162029,-1.76336,0.472823,1.72879,-3.68034
-0.236411,372.342,0.00162058,-1.60748,0.496012,1.60004,-3.40624
-0.236411,372.342,0.00162087,-1.44526,0.517243,1.46497,-3.1187
-0.236411,372.342,0.00162116,-1.27734,0.536433,1.32412,-2.81885
-0.236411,372.342,0.00162145,-1.10437,0.553506,1.17804,-2.50787
-0.236411,372.342,0.00162174,-0.927051,0.568395,1.02731,-2.187
-0.236411,372.342,0.00162203,-0.74607,0.58104,0.872534,-1.85749
-0.236411,372.342,0.00162232,-0.562144,0.591392,0.714311,-1.52066
-0.236411,372.342,0.00162261,-0.376,0.599411,0.553268,-1.17782
-0.236411,372.342,0.0016229,-0.188372,0.605064,0.390041,-0.830339
-0.236411,372.342,0.00162319,-4.11468e-014,0.608328,0.225275,-0.479577
-0.236411,372.342,0.00162348,0.188372,0.609193,0.0596205,-0.126923
-0.236411,372.342,0.00162377,0.376,0.607652,-0.10627,0.226232
-0.236411,372.342,0.00162406,0.562144,0.603714,-0.27174,0.578494
-0.236411,372.342,0.00162435,0.74607,0.597393,-0.436139,0.928473
-0.236411,372.342,0.00162464,0.927051,0.588715,-0.598816,1.27479
-0.236411,372.342,0.00162493,1.10437,0.577713,-0.759129,1.61607
-0.236411,372.342,0.00162522,1.27734,0.564431,-0.916447,1.95098
-0.236411,372.342,0.00162551,1.44526,0.548922,-1.07015,2.27818
-0.236411,372.342,0.0016258,1.60748,0.531246,-1.21963,2.5964
-0.236411,372.342,0.00162609,1.76336,0.511474,-1.36429,2.90437
-0.236411,372.342,0.00162638,1.91227,0.489683,-1.50357,3.20088
-0.236411,372.342,0.00162667,2.05364,0.465959,-1.63692,3.48475
-0.236411,372.342,0.00162696,2.18691,0.440397,-1.7638,3.75487
-0.236411,372.342,0.00162725,2.31154,0.413097,-1.88373,4.01017
-0.236411,372.342,0.00162754,2.42705,0.384166,-1.99622,4.24965
-0.236411,372.342,0.00162783,2.53298,0.353719,-2.10083,4.47235
-0.236411,372.342,0.00162812,2.62892,0.321876,-2.19715,4.67741
-0.236411,372.342,0.00162841,2.71448,0.288763,-2.2848,4.864
-0.236411,372.342,0.0016287,2.78933,0.25451,-2.36344,5.0314
-0.236411,372.342,0.00162899,2.85317,0.219253,-2.43274,5.17895
-0.236411,372.342,0.00162928,2.90575,0.183131,-2.49245,5.30605
-0.236411,372.342,0.00162957,2.94686,0.146286,-2.54232,5.41221
-0.236411,372.342,0.00162986,2.97634,0.108863,-2.58215,5.49701
-0.236411,372.342,0.00163014,2.99408,0.071011,-2.6118,5.56012
-0.236411,372.342,0.00163043,3,0.0328786,-2.63113,5.60129
-0.236411,372.342,0.00163072,2.99408,-0.00538355,-2.64009,5.62035
-0.236411,372.342,0.00163101,2.97634,-0.0436244,-2.63862,5.61723
-0.236411,372.342,0.0016313,2.94686,-0.0816932,-2.62674,5.59194
-0.236411,372.342,0.00163159,2.90575,-0.119439,-2.6045,5.54458
-0.236411,372.342,0.00163188,2.85317,-0.156714,-2.57197,5.47534
-0.236411,372.342,0.00163217,2.78933,-0.193371,-2.5293,5.38449
-0.236411,372.342,0.00163246,2.71448,-0.229264,-2.47664,5.27239
-0.236411,372.342,0.00163275,2.62892,-0.264253,-2.41421,5.13949
-0.236411,372.342,0.00163304,2.53298,-0.298198,-2.34225,4.9863
-0.236411,372.342,0.00163333,2.42705,-0.330967,-2.26105,4.81343
-0.236411,372.342,0.00163362,2.31154,-0.36243,-2.17092,4.62156
-0.236411,372.342,0.00163391,2.18691,-0.392462,-2.07223,4.41146
-0.236411,372.342,0.0016342,2.05364,-0.420945,-1.96535,4.18394
-0.236411,372.342,0.00163449,1.91227,-0.447768,-1.85073,3.93992
-0.236411,372.342,0.00163478,1.76336,-0.472823,-1.72879,3.68034
-0.236411,372.342,0.00163507,1.60748,-0.496011,-1.60004,3.40624
-0.236411,372.342,0.00163536,1.44526,-0.517243,-1.46497,3.1187
-0.236411,372.342,0.00163565,1.27734,-0.536433,-1.32412,2.81885
-0.236411,372.342,0.00163594,1.10437,-0.553506,-1.17804,2.50787
-0.236411,372.342,0.00163623,0.927051,-0.568395,-1.02731,2.187
-0.236411,372.342,0.00163652,0.74607,-0.58104,-0.872535,1.85749
-0.236411,372.342,0.00163681,0.562144,-0.591392,-0.714311,1.52066
-0.236411,372.342,0.0016371,0.376,-0.599411,-0.553268,1.17782
-0.236411,372.342,0.00163739,0.188372,-0.605064,-0.390041,0.830339
-0.236411,372.342,0.00163768,7.34886e-014,-0.608328,-0.225275,0.479578
-0.236411,372.342,0.00163797,-0.188372,-0.609193,-0.0596207,0.126923
-0.236411,372.342,0.00163826,-0.376,-0.607652,0.106269,-0.226232
-0.236411,372.342,0.00163855,-0.562144,-0.603714,0.27174,-0.578494
-0.236411,372.342,0.00163884,-0.74607,-0.597393,0.436138,-0.928473
-0.236411,372.342,0.00163913,-0.927051,-0.588715,0.598815,-1.27479
-0.236411,372.342,0.00163942,-1.10437,-0.577713,0.759129,-1.61607
-0.236411,372.342,0.00163971,-1.27734,-0.564431,0.916447,-1.95098
-0.236411,372.342,0.00164,-1.44526,-0.548922,1.07015,-2.27818
-0.236411,372.342,0.00164029,-1.60748,-0.531246,1.21963,-2.5964
-0.236411,372.342,0.00164058,-1.76336,-0.511474,1.36429,-2.90437
-0.236411,372.342,0.00164087,-1.91227,-0.489683,1.50357,-3.20088
-0.236411,372.342,0.00164116,-2.05364,-0.465959,1.63692,-3.48475
-0.236411,372.342,0.00164145,-2.18691,-0.440397,1.7638,-3.75487
-0.236411,372.342,0.00164174,-2.31154,-0.413097,1.88373,-4.01017
-0.236411,372.342,0.00164203,-2.42705,-0.384166,1.99622,-4.24965
-0.236411,372.342,0.00164232,-2.53298,-0.353719,2.10083,-4.47235
-0.236411,372.342,0.00164261,-2.62892,-0.321876,2.19715,-4.67741
-0.236411,372.342,0.0016429,-2.71448,-0.288763,2.2848,-4.864
-0.236411,372.342,0.00164319,-2.78933,-0.25451,2.36344,-5.0314
-0.236411,372.342,0.00164348,-2.85317,-0.219253,2.43274,-5.17894
-0.236411,372.342,0.00164377,-2.90575,-0.183131,2.49245,-5.30605
-0.236411,372.342,0.00164406,-2.94686,-0.146286,2.54232,-5.41221
-0.236411,372.342,0.00164435,-2.97634,-0.108863,2.58215,-5.49701
-0.236411,372.342,0.00164464,-2.99408,-0.071011,2.6118,-5.56012
-0.236411,372.342,0.00164493,-3,-0.0328786,2.63113,-5.60129
-0.236411,372.342,0.00164522,-2.99408,0.00538352,2.64009,-5.62035
-0.236411,372.342,0.00164551,-2.97634,0.0436244,2.63862,-5.61723
-0.236411,372.342,0.0016458,-2.94686,0.0816931,2.62674,-5.59194
-0.236411,372.342,0.00164609,-2.90575,0.119439,2.6045,-5.54458
-0.236411,372.342,0.00164638,-2.85317,0.156714,2.57197,-5.47534
-0.236411,372.342,0.00164667,-2.78933,0.193371,2.5293,-5.38449
-0.236411,372.342,0.00164696,-2.71448,0.229264,2.47664,-5.27239
-0.236411,372.342,0.00164725,-2.62892,0.264253,2.41421,-5.13949
-0.236411,372.342,0.00164754,-2.53298,0.298198,2.34225,-4.9863
-0.236411,372.342,0.00164783,-2.42705,0.330967,2.26105,-4.81343
-0.236411,372.342,0.00164812,-2.31154,0.36243,2.17092,-4.62156
-0.236411,372.342,0.00164841,-2.18691,0.392462,2.07223,-4.41146
-0.236411,372.342,0.0016487,-2.05364,0.420945,1.96535,-4.18394
-0.236411,372.342,0.00164899,-1.91227,0.447768,1.85073,-3.93992
-0.236411,372.342,0.00164928,-1.76336,0.472823,1.72879,-3.68034
-0.236411,372.342,0.00164957,-1.60748,0.496011,1.60004,-3.40624
-0.236411,372.342,0.00164986,-1.44526,0.517243,1.46497,-3.1187
-0.236411,372.342,0.00165014,-1.27734,0.536433,1.32412,-2.81885
-0.236411,372.342,0.00165043,-1.10437,0.553506,1.17804,-2.50787
-0.236411,372.342,0.00165072,-0.927051,0.568395,1.02732,-2.187
-0.236411,372.342,0.00165101,-0.74607,0.58104,0.872535,-1.85749
-0.236411,372.342,0.0016513,-0.562144,0.591392,0.714311,-1.52066
-0.236411,372.342,0.00165159,-0.376,0.599411,0.553268,-1.17782
-0.236411,372.342,0.00165188,-0.188372,0.605064,0.390041,-0.830339
-0.236411,372.342,0.00165217,-1.0583e-013,0.608328,0.225276,-0.479578
-0.236411,372.342,0.00165246,0.188372,0.609193,0.0596208,-0.126923
-0.236411,372.342,0.00165275,0.376,0.607652,-0.106269,0.226232
-0.236411,372.342,0.00165304,0.562144,0.603714,-0.27174,0.578494
-0.236411,372.342,0.00165333,0.74607,0.597393,-0.436138,0.928473
-0.236411,372.342,0.00165362,0.927051,0.588715,-0.598815,1.27479
-0.236411,372.342,0.00165391,1.10437,0.577713,-0.759129,1.61607
-0.236411,372.342,0.0016542,1.27734,0.564431,-0.916447,1.95098
-0.236411,372.342,0.00165449,1.44526,0.548922,-1.07015,2.27818
-0.236411,372.342,0.00165478,1.60748,0.531246,-1.21963,2.5964
-0.236411,372.342,0.00165507,1.76336,0.511474,-1.36429,2.90437
-0.236411,372.342,0.00165536,1.91227,0.489683,-1.50357,3.20088
-0.236411,372.342,0.00165565,2.05364,0.465959,-1.63692,3.48475
-0.236411,372.342,0.00165594,2.18691,0.440397,-1.7638,3.75487
-0.236411,372.342,0.00165623,2.31154,0.413097,-1.88373,4.01017
-0.236411,372.342,0.00165652,2.42705,0.384166,-1.99622,4.24965
-0.236411,372.342,0.00165681,2.53298,0.353719,-2.10083,4.47235
-0.236411,372.342,0.0016571,2.62892,0.321876,-2.19715,4.67741
-0.236411,372.342,0.00165739,2.71448,0.288763,-2.2848,4.864
-0.236411,372.342,0.00165768,2.78933,0.25451,-2.36344,5.0314
-0.236411,372.342,0.00165797,2.85317,0.219253,-2.43274,5.17895
-0.236411,372.342,0.00165826,2.90575,0.183131,-2.49245,5.30605
-0.236411,372.342,0.00165855,2.94686,0.146286,-2.54232,5.41221
-0.236411,372.342,0.00165884,2.97634,0.108863,-2.58215,5.49701
-0.236411,372.342,0.00165913,2.99408,0.071011,-2.6118,5.56012
-0.236411,372.342,0.00165942,3,0.0328786,-2.63113,5.60129
-0.236411,372.342,0.00165971,2.99408,-0.00538353,-2.64009,5.62035
-0.236411,372.342,0.00166,2.97634,-0.0436244,-2.63862,5.61723
-0.236411,372.342,0.00166029,2.94686,-0.0816932,-2.62674,5.59194
-0.236411,372.342,0.00166058,2.90575,-0.119439,-2.6045,5.54458
-0.236411,372.342,0.00166087,2.85317,-0.156714,-2.57197,5.47534
-0.236411,372.342,0.00166116,2.78933,-0.193371,-2.5293,5.38449
-0.236411,372.342,0.00166145,2.71448,-0.229264,-2.47664,5.27239
-0.236411,372.342,0.00166174,2.62892,-0.264253,-2.41421,5.13949
-0.236411,372.342,0.00166203,2.53298,-0.298198,-2.34225,4.9863
-0.236411,372.342,0.00166232,2.42705,-0.330967,-2.26105,4.81343
-0.236411,372.342,0.00166261,2.31154,-0.36243,-2.17092,4.62156
-0.236411,372.342,0.0016629,2.18691,-0.392462,-2.07223,4.41146
-0.236411,372.342,0.00166319,2.05364,-0.420945,-1.96535,4.18394
-0.236411,372.342,0.00166348,1.91227,-0.447768,-1.85073,3.93992
-0.236411,372.342,0.00166377,1.76336,-0.472823,-1.72879,3.68034
-0.236411,372.342,0.00166406,1.60748,-0.496012,-1.60004,3.40624
-0.236411,372.342,0.00166435,1.44526,-0.517243,-1.46497,3.1187
-0.236411,372.342,0.00166464,1.27734,-0.536433,-1.32412,2.81885
-0.236411,372.342,0.00166493,1.10437,-0.553506,-1.17804,2.50787
-0.236411,372.342,0.00166522,0.927051,-0.568395,-1.02732,2.187
-0.236411,372.342,0.00166551,0.74607,-0.58104,-0.872535,1.85749
-0.236411,372.342,0.0016658,0.562144,-0.591393,-0.714311,1.52066
-0.236411,372.342,0.00166609,0.376,-0.599411,-0.553268,1.17782
-0.236411,372.342,0.00166638,0.188372,-0.605064,-0.390041,0.830339
-0.236411,372.342,0.00166667,1.38172e-013,-0.608329,-0.225275,0.479578
-0.236411,372.342,0.00166696,-0.188372,-0.609193,-0.0596206,0.126923
-0.236411,372.342,0.00166725,-0.376,-0.607652,0.106269,-0.226232
-0.236411,372.342,0.00166754,-0.562144,-0.603714,0.27174,-0.578494
-0.236411,372.342,0.00166783,-0.74607,-0.597393,0.436139,-0.928473
-0.236411,372.342,0.00166812,-0.927051,-0.588715,0.598816,-1.27479
-0.236411,372.342,0.00166841,-1.10437,-0.577713,0.759129,-1.61607
-0.236411,372.342,0.0016687,-1.27734,-0.564431,0.916447,-1.95098
-0.236411,372.342,0.00166899,-1.44526,-0.548922,1.07015,-2.27818
-0.236411,372.342,0.00166928,-1.60748,-0.531246,1.21963,-2.5964
-0.236411,372.342,0.00166957,-1.76336,-0.511474,1.36429,-2.90437
-0.236411,372.342,0.00166986,-1.91227,-0.489683,1.50357,-3.20088
-0.236411,372.342,0.00167014,-2.05364,-0.465959,1.63692,-3.48475
-0.236411,372.342,0.00167043,-2.18691,-0.440397,1.7638,-3.75487
-0.236411,372.342,0.00167072,-2.31154,-0.413097,1.88373,-4.01017
-0.236411,372.342,0.00167101,-2.42705,-0.384166,1.99622,-4.24965
-0.236411,372.342,0.0016713,-2.53298,-0.353719,2.10083,-4.47235
-0.236411,372.342,0.00167159,-2.62892,-0.321876,2.19715,-4.67741
-0.236411,372.342,0.00167188,-2.71448,-0.288763,2.2848,-4.864
-0.236411,372.342,0.00167217,-2.78933,-0.25451,2.36344,-5.0314
-0.236411,372.342,0.00167246,-2.85317,-0.219253,2.43274,-5.17895
-0.236411,372.342,0.00167275,-2.90575,-0.183131,2.49245,-5.30605
-0.236411,372.342,0.00167304,-2.94686,-0.146286,2.54232,-5.41221
-0.236411,372.342,0.00167333,-2.97634,-0.108863,2.58215,-5.49701
-0.236411,372.342,0.00167362,-2.99408,-0.071011,2.6118,-5.56012
-0.236411,372.342,0.00167391,-3,-0.0328786,2.63113,-5.60129
-0.236411,372.342,0.0016742,-2.99408,0.00538354,2.64009,-5.62035
-0.236411,372.342,0.00167449,-2.97634,0.0436244,2.63862,-5.61723
-0.236411,372.342,0.00167478,-2.94686,0.0816932,2.62674,-5.59194
-0.236411,372.342,0.00167507,-2.90575,0.119439,2.6045,-5.54458
-0.236411,372.342,0.00167536,-2.85317,0.156714,2.57197,-5.47534
-0.236411,372.342,0.00167565,-2.78933,0.193371,2.5293,-5.38449
-0.236411,372.342,0.00167594,-2.71448,0.229264,2.47664,-5.27239
-0.236411,372.342,0.00167623,-2.62892,0.264253,2.41421,-5.13949
-0.236411,372.342,0.00167652,-2.53298,0.298198,2.34225,-4.9863
-0.236411,372.342,0.00167681,-2.42705,0.330967,2.26105,-4.81343
-0.236411,372.342,0.0016771,-2.31154,0.36243,2.17092,-4.62156
-0.236411,372.342,0.00167739,-2.18691,0.392462,2.07223,-4.41146
-0.236411,372.342,0.00167768,-2.05364,0.420945,1.96535,-4.18394
-0.236411,372.342,0.00167797,-1.91227,0.447768,1.85073,-3.93992
-0.236411,372.342,0.00167826,-1.76336,0.472823,1.72879,-3.68034
-0.236411,372.342,0.00167855,-1.60748,0.496012,1.60004,-3.40624
-0.236411,372.342,0.00167884,-1.44526,0.517243,1.46497,-3.1187
-0.236411,372.342,0.00167913,-1.27734,0.536433,1.32412,-2.81885
-0.236411,372.342,0.00167942,-1.10437,0.553506,1.17804,-2.50787
-0.236411,372.342,0.00167971,-0.927051,0.568395,1.02731,-2.187
-0.236411,372.342,0.00168,-0.74607,0.58104,0.872535,-1.85749
-0.236411,372.342,0.00168029,-0.562144,0.591392,0.714311,-1.52066
-0.236411,372.342,0.00168058,-0.376,0.599411,0.553268,-1.17782
-0.236411,372.342,0.00168087,-0.188372,0.605064,0.390041,-0.830339
-0.236411,372.342,0.00168116,-1.70514e-013,0.608329,0.225275,-0.479578
-0.236411,372.342,0.00168145,0.188372,0.609193,0.0596206,-0.126923
-0.236411,372.342,0.00168174,0.376,0.607652,-0.10627,0.226232
-0.236411,372.342,0.00168203,0.562144,0.603714,-0.27174,0.578494
-0.236411,372.342,0.00168232,0.74607,0.597393,-0.436139,0.928473
-0.236411,372.342,0.00168261,0.927051,0.588715,-0.598816,1.27479
-0.236411,372.342,0.0016829,1.10437,0.577713,-0.759129,1.61607
-0.236411,372.342,0.00168319,1.27734,0.564431,-0.916447,1.95098
-0.236411,372.342,0.00168348,1.44526,0.548922,-1.07015,2.27818
-0.236411,372.342,0.00168377,1.60748,0.531246,-1.21963,2.5964
-0.236411,372.342,0.00168406,1.76336,0.511474,-1.36429,2.90437
-0.236411,372.342,0.00168435,1.91227,0.489683,-1.50357,3.20088
-0.236411,372.342,0.00168464,2.05364,0.465959,-1.63692,3.48475
-0.236411,372.342,0.00168493,2.18691,0.440397,-1.7638,3.75487
-0.236411,372.342,0.00168522,2.31154,0.413097,-1.88373,4.01017
-0.236411,372.342,0.00168551,2.42705,0.384166,-1.99622,4.24965
-0.236411,372.342,0.0016858,2.53298,0.353719,-2.10083,4.47235
-0.236411,372.342,0.00168609,2.62892,0.321876,-2.19715,4.67741
-0.236411,372.342,0.00168638,2.71448,0.288763,-2.2848,4.864
-0.236411,372.342,0.00168667,2.78933,0.25451,-2.36344,5.0314
-0.236411,372.342,0.00168696,2.85317,0.219253,-2.43274,5.17895
-0.236411,372.342,0.00168725,2.90575,0.183131,-2.49245,5.30605
-0.236411,372.342,0.00168754,2.94686,0.146286,-2.54232,5.41221
-0.236411,372.342,0.00168783,2.97634,0.108863,-2.58215,5.49701
-0.236411,372.342,0.00168812,2.99408,0.071011,-2.6118,5.56012
-0.236411,372.342,0.00168841,3,0.0328786,-2.63113,5.60129
-0.236411,372.342,0.0016887,2.99408,-0.00538355,-2.64009,5.62035
-0.236411,372.342,0.00168899,2.97634,-0.0436244,-2.63862,5.61723
-0.236411,372.342,0.00168928,2.94686,-0.0816932,-2.62674,5.59194
-0.236411,372.342,0.00168957,2.90575,-0.119439,-2.6045,5.54458
-0.236411,372.342,0.00168986,2.85317,-0.156714,-2.57197,5.47534
-0.236411,372.342,0.00169014,2.78933,-0.193371,-2.5293,5.38449
-0.236411,372.342,0.00169043,2.71448,-0.229264,-2.47664,5.27239
-0.236411,372.342,0.00169072,2.62892,-0.264253,-2.41421,5.13949
-0.236411,372.342,0.00169101,2.53298,-0.298198,-2.34225,4.9863
-0.236411,372.342,0.0016913,2.42705,-0.330967,-2.26105,4.81343
-0.236411,372.342,0.00169159,2.31154,-0.36243,-2.17092,4.62156
-0.236411,372.342,0.00169188,2.18691,-0.392462,-2.07223,4.41146
-0.236411,372.342,0.00169217,2.05364,-0.420945,-1.96535,4.18394
-0.236411,372.342,0.00169246,1.91227,-0.447768,-1.85073,3.93992
-0.236411,372.342,0.00169275,1.76336,-0.472823,-1.72879,3.68034
-0.236411,372.342,0.00169304,1.60748,-0.496011,-1.60004,3.40624
-0.236411,372.342,0.00169333,1.44526,-0.517243,-1.46497,3.1187
-0.236411,372.342,0.00169362,1.27734,-0.536433,-1.32412,2.81885
-0.236411,372.342,0.00169391,1.10437,-0.553506,-1.17804,2.50787
-0.236411,372.342,0.0016942,0.927051,-0.568395,-1.02731,2.187
-0.236411,372.342,0.00169449,0.74607,-0.58104,-0.872535,1.85749
-0.236411,372.342,0.00169478,0.562144,-0.591392,-0.714311,1.52066
-0.236411,372.342,0.00169507,0.376,-0.599411,-0.553268,1.17782
-0.236411,372.342,0.00169536,0.188372,-0.605064,-0.390041,0.830339
-0.236411,372.342,0.00169565,3.23255e-014,-0.608328,-0.225275,0.479578
-0.236411,372.342,0.00169594,-0.188372,-0.609193,-0.0596206,0.126923
-0.236411,372.342,0.00169623,-0.376,-0.607652,0.106269,-0.226232
-0.236411,372.342,0.00169652,-0.562144,-0.603714,0.27174,-0.578494
-0.236411,372.342,0.00169681,-0.74607,-0.597393,0.436139,-0.928473
-0.236411,372.342,0.0016971,-0.927051,-0.588715,0.598816,-1.27479
-0.236411,372.342,0.00169739,-1.10437,-0.577713,0.759129,-1.61607
-0.236411,372.342,0.00169768,-1.27734,-0.564431,0.916447,-1.95098
-0.236411,372.342,0.00169797,-1.44526,-0.548922,1.07015,-2.27818
-0.236411,372.342,0.00169826,-1.60748,-0.531246,1.21963,-2.5964
-0.236411,372.342,0.00169855,-1.76336,-0.511474,1.36429,-2.90437
-0.236411,372.342,0.00169884,-1.91227,-0.489683,1.50357,-3.20088
-0.236411,372.342,0.00169913,-2.05364,-0.465959,1.63692,-3.48475
-0.236411,372.342,0.00169942,-2.18691,-0.440397,1.7638,-3.75487
-0.236411,372.342,0.00169971,-2.31154,-0.413097,1.88373,-4.01017
-0.236411,372.342,0.0017,-2.42705,-0.384166,1.99622,-4.24965
-0.236411,372.342,0.00170029,-2.53298,-0.353719,2.10083,-4.47235
-0.236411,372.342,0.00170058,-2.62892,-0.321876,2.19715,-4.67741
-0.236411,372.342,0.00170087,-2.71448,-0.288763,2.2848,-4.864
-0.236411,372.342,0.00170116,-2.78933,-0.25451,2.36344,-5.0314
-0.236411,372.342,0.00170145,-2.85317,-0.219253,2.43274,-5.17895
-0.236411,372.342,0.00170174,-2.90575,-0.183131,2.49245,-5.30605
-0.236411,372.342,0.00170203,-2.94686,-0.146286,2.54232,-5.41221
-0.236411,372.342,0.00170232,-2.97634,-0.108863,2.58215,-5.49701
-0.236411,372.342,0.00170261,-2.99408,-0.071011,2.6118,-5.56012
-0.236411,372.342,0.0017029,-3,-0.0328786,2.63113,-5.60129
-0.236411,372.342,0.00170319,-2.99408,0.00538353,2.64009,-5.62035
-0.236411,372.342,0.00170348,-2.97634,0.0436244,2.63862,-5.61723
-0.236411,372.342,0.00170377,-2.94686,0.0816932,2.62674,-5.59194
-0.236411,372.342,0.00170406,-2.90575,0.119439,2.6045,-5.54458
-0.236411,372.342,0.00170435,-2.85317,0.156714,2.57197,-5.47534
-0.236411,372.342,0.00170464,-2.78933,0.193371,2.5293,-5.38449
-0.236411,372.342,0.00170493,-2.71448,0.229264,2.47664,-5.27239
-0.236411,372.342,0.00170522,-2.62892,0.264253,2.41421,-5.13949
-0.236411,372.342,0.00170551,-2.53298,0.298198,2.34225,-4.9863
-0.236411,372.342,0.0017058,-2.42705,0.330967,2.26105,-4.81343
-0.236411,372.342,0.00170609,-2.31154,0.36243,2.17092,-4.62156
-0.236411,372.342,0.00170638,-2.18691,0.392462,2.07223,-4.41146
-0.236411,372.342,0.00170667,-2.05364,0.420945,1.96535,-4.18394
-0.236411,372.342,0.00170696,-1.91227,0.447768,1.85073,-3.93992
-0.236411,372.342,0.00170725,-1.76336,0.472823,1.72879,-3.68034
-0.236411,372.342,0.00170754,-1.60748,0.496011,1.60004,-3.40624
-0.236411,372.342,0.00170783,-1.44526,0.517243,1.46497,-3.1187
-0.236411,372.342,0.00170812,-1.27734,0.536433,1.32412,-2.81885
-0.236411,372.342,0.00170841,-1.10437,0.553506,1.17804,-2.50787
-0.236411,372.342,0.0017087,-0.927051,0.568395,1.02732,-2.187
-0.236411,372.342,0.00170899,-0.74607,0.58104,0.872535,-1.85749
-0.236411,372.342,0.00170928,-0.562144,0.591392,0.714311,-1.52066
-0.236411,372.342,0.00170957,-0.376,0.599411,0.553268,-1.17782
-0.236411,372.342,0.00170986,-0.188372,0.605064,0.390041,-0.830339
-0.236411,372.342,0.00171014,-6.46673e-014,0.608328,0.225276,-0.479578
-0.236411,372.342,0.00171043,0.188372,0.609193,0.0596207,-0.126923
-0.236411,372.342,0.00171072,0.376,0.607652,-0.106269,0.226232
-0.236411,372.342,0.00171101,0.562144,0.603714,-0.27174,0.578494
-0.236411,372.342,0.0017113,0.74607,0.597393,-0.436138,0.928473
-0.236411,372.342,0.00171159,0.927051,0.588715,-0.598816,1.27479
-0.236411,372.342,0.00171188,1.10437,0.577713,-0.759129,1.61607
-0.236411,372.342,0.00171217,1.27734,0.564431,-0.916447,1.95098
-0.236411,372.342,0.00171246,1.44526,0.548922,-1.07015,2.27818
-0.236411,372.342,0.00171275,1.60748,0.531246,-1.21963,2.5964
-0.236411,372.342,0.00171304,1.76336,0.511474,-1.36429,2.90437
-0.236411,372.342,0.00171333,1.91227,0.489683,-1.50357,3.20088
-0.236411,372.342,0.00171362,2.05364,0.465959,-1.63692,3.48475
-0.236411,372.342,0.00171391,2.18691,0.440397,-1.7638,3.75487
-0.236411,372.342,0.0017142,2.31154,0.413097,-1.88373,4.01017
-0.236411,372.342,0.00171449,2.42705,0.384166,-1.99622,4.24965
-0.236411,372.342,0.00171478,2.53298,0.353719,-2.10083,4.47235
-0.236411,372.342,0.00171507,2.62892,0.321876,-2.19715,4.67741
-0.236411,372.342,0.00171536,2.71448,0.288763,-2.2848,4.864
-0.236411,372.342,0.00171565,2.78933,0.25451,-2.36344,5.0314
-0.236411,372.342,0.00171594,2.85317,0.219253,-2.43274,5.17895
-0.236411,372.342,0.00171623,2.90575,0.183131,-2.49245,5.30605
-0.236411,372.342,0.00171652,2.94686,0.146286,-2.54232,5.41221
-0.236411,372.342,0.00171681,2.97634,0.108863,-2.58215,5.49701
-0.236411,372.342,0.0017171,2.99408,0.071011,-2.6118,5.56012
-0.236411,372.342,0.00171739,3,0.0328786,-2.63113,5.60129
-0.236411,372.342,0.00171768,2.99408,-0.00538353,-2.64009,5.62035
-0.236411,372.342,0.00171797,2.97634,-0.0436244,-2.63862,5.61723
-0.236411,372.342,0.00171826,2.94686,-0.0816932,-2.62674,5.59194
-0.236411,372.342,0.00171855,2.90575,-0.119439,-2.6045,5.54458
-0.236411,372.342,0.00171884,2.85317,-0.156714,-2.57197,5.47534
-0.236411,372.342,0.00171913,2.78933,-0.193371,-2.5293,5.38449
-0.236411,372.342,0.00171942,2.71448,-0.229264,-2.47664,5.27239
-0.236411,372.342,0.00171971,2.62892,-0.264253,-2.41421,5.13949
-0.236411,372.342,0.00172,2.53298,-0.298198,-2.34225,4.9863
-0.236411,372.342,0.00172029,2.42705,-0.330967,-2.26105,4.81343
-0.236411,372.342,0.00172058,2.31154,-0.36243,-2.17092,4.62156
-0.236411,372.342,0.00172087,2.18691,-0.392462,-2.07223,4.41146
-0.236411,372.342,0.00172116,2.05364,-0.420945,-1.96535,4.18394
-0.236411,372.342,0.00172145,1.91227,-0.447768,-1.85073,3.93992
-0.236411,372.342,0.00172174,1.76336,-0.472823,-1.72879,3.68034
-0.236411,372.342,0.00172203,1.60748,-0.496012,-1.60004,3.40624
-0.236411,372.342,0.00172232,1.44526,-0.517243,-1.46497,3.1187
-0.236411,372.342,0.00172261,1.27734,-0.536433,-1.32412,2.81885
-0.236411,372.342,0.0017229,1.10437,-0.553506,-1.17804,2.50787
-0.236411,372.342,0.00172319,0.927051,-0.568395,-1.02732,2.187
-0.236411,372.342,0.00172348,0.74607,-0.58104,-0.872535,1.85749
-0.236411,372.342,0.00172377,0.562144,-0.591392,-0.714311,1.52066
-0.236411,372.342,0.00172406,0.376,-0.599411,-0.553268,1.17782
-0.236411,372.342,0.00172435,0.188372,-0.605064,-0.390041,0.830339
-0.236411,372.342,0.00172464,9.70092e-014,-0.608329,-0.225276,0.479578
-0.236411,372.342,0.00172493,-0.188372,-0.609193,-0.0596207,0.126923
-0.236411,372.342,0.00172522,-0.376,-0.607652,0.106269,-0.226232
-0.236411,372.342,0.00172551,-0.562144,-0.603714,0.27174,-0.578494
-0.236411,372.342,0.0017258,-0.74607,-0.597393,0.436138,-0.928473
-0.236411,372.342,0.00172609,-0.927051,-0.588715,0.598816,-1.27479
-0.236411,372.342,0.00172638,-1.10437,-0.577713,0.759129,-1.61607
-0.236411,372.342,0.00172667,-1.27734,-0.564431,0.916447,-1.95098
-0.236411,372.342,0.00172696,-1.44526,-0.548922,1.07015,-2.27818
-0.236411,372.342,0.00172725,-1.60748,-0.531246,1.21963,-2.5964
-0.236411,372.342,0.00172754,-1.76336,-0.511474,1.36429,-2.90437
-0.236411,372.342,0.00172783,-1.91227,-0.489683,1.50357,-3.20088
-0.236411,372.342,0.00172812,-2.05364,-0.465959,1.63692,-3.48475
-0.236411,372.342,0.00172841,-2.18691,-0.440397,1.7638,-3.75487
-0.236411,372.342,0.0017287,-2.31154,-0.413097,1.88373,-4.01017
-0.236411,372.342,0.00172899,-2.42705,-0.384166,1.99622,-4.24965
-0.236411,372.342,0.00172928,-2.53298,-0.353719,2.10083,-4.47235
-0.236411,372.342,0.00172957,-2.62892,-0.321876,2.19715,-4.67741
-0.236411,372.342,0.00172986,-2.71448,-0.288763,2.2848,-4.864
-0.236411,372.342,0.00173014,-2.78933,-0.25451,2.36344,-5.0314
-0.236411,372.342,0.00173043,-2.85317,-0.219253,2.43274,-5.17895
-0.236411,372.342,0.00173072,-2.90575,-0.183131,2.49245,-5.30605
-0.236411,372.342,0.00173101,-2.94686,-0.146286,2.54232,-5.41221
-0.236411,372.342,0.0017313,-2.97634,-0.108863,2.58215,-5.49701
-0.236411,372.342,0.00173159,-2.99408,-0.071011,2.6118,-5.56012
-0.236411,372.342,0.00173188,-3,-0.0328786,2.63113,-5.60129
-0.236411,372.342,0.00173217,-2.99408,0.00538354,2.64009,-5.62035
-0.236411,372.342,0.00173246,-2.97634,0.0436244,2.63862,-5.61723
-0.236411,372.342,0.00173275,-2.94686,0.0816932,2.62674,-5.59194
-0.236411,372.342,0.00173304,-2.90575,0.119439,2.6045,-5.54458
-0.236411,372.342,0.00173333,-2.85317,0.156714,2.57197,-5.47534
-0.236411,372.342,0.00173362,-2.78933,0.193371,2.5293,-5.38449
-0.236411,372.342,0.00173391,-2.71448,0.229264,2.47664,-5.27239
-0.236411,372.342,0.0017342,-2.62892,0.264253,2.41421,-5.13949
-0.236411,372.342,0.00173449,-2.53298,0.298198,2.34225,-4.9863
-0.236411,372.342,0.00173478,-2.42705,0.330967,2.26105,-4.81343
-0.236411,372.342,0.00173507,-2.31154,0.36243,2.17092,-4.62156
-0.236411,372.342,0.00173536,-2.18691,0.392462,2.07223,-4.41146
-0.236411,372.342,0.00173565,-2.05364,0.420945,1.96535,-4.18394
-0.236411,372.342,0.00173594,-1.91227,0.447768,1.85073,-3.93992
-0.236411,372.342,0.00173623,-1.76336,0.472823,1.72879,-3.68034
-0.236411,372.342,0.00173652,-1.60748,0.496012,1.60004,-3.40624
-0.236411,372.342,0.00173681,-1.44526,0.517243,1.46497,-3.1187
-0.236411,372.342,0.0017371,-1.27734,0.536433,1.32412,-2.81885
-0.236411,372.342,0.00173739,-1.10437,0.553506,1.17804,-2.50787
-0.236411,372.342,0.00173768,-0.927051,0.568395,1.02731,-2.187
-0.236411,372.342,0.00173797,-0.74607,0.58104,0.872535,-1.85749
-0.236411,372.342,0.00173826,-0.562144,0.591392,0.714311,-1.52066
-0.236411,372.342,0.00173855,-0.376,0.599411,0.553268,-1.17782
-0.236411,372.342,0.00173884,-0.188372,0.605064,0.390041,-0.830339
-0.236411,372.342,0.00173913,-1.29351e-013,0.608329,0.225275,-0.479578
