Amp, Phaseshift, Time, Vd, Vr, VL, VC
0.528474,370.331,0,0,0,0,0
0.528474,370.331,2.0202e-007,0.188372,0.00190274,0.188372,0
0.528474,370.331,4.0404e-007,0.376,0.0056815,0.374097,0.000768785
0.528474,370.331,6.06061e-007,0.562144,0.0112946,0.555694,0.00306434
0.528474,370.331,8.08081e-007,0.74607,0.0186856,0.731711,0.0076278
0.528474,370.331,1.0101e-006,0.927051,0.0277839,0.900738,0.0151775
0.528474,370.331,1.21212e-006,1.10437,0.0385053,1.06141,0.0264034
0.528474,370.331,1.41414e-006,1.27734,0.050752,1.21243,0.0419611
0.528474,370.331,1.61616e-006,1.44526,0.0644141,1.35255,0.0624669
0.528474,370.331,1.81818e-006,1.60748,0.0793697,1.4806,0.0884928
0.528474,370.331,2.0202e-006,1.76336,0.0954858,1.59549,0.120561
0.528474,370.331,2.22222e-006,1.91227,0.112619,1.69622,0.159142
0.528474,370.331,2.42424e-006,2.05364,0.130618,1.78188,0.204644
0.528474,370.331,2.62626e-006,2.18691,0.149322,1.85164,0.257419
0.528474,370.331,2.82828e-006,2.31154,0.168562,1.9048,0.317751
0.528474,370.331,3.0303e-006,2.42705,0.188165,1.94074,0.385857
0.528474,370.331,3.23232e-006,2.53298,0.207953,1.95896,0.461884
0.528474,370.331,3.43434e-006,2.62892,0.227742,1.95908,0.545905
0.528474,370.331,3.63636e-006,2.71448,0.247346,1.94083,0.637922
0.528474,370.331,3.83838e-006,2.78933,0.266579,1.90406,0.73786
0.528474,370.331,4.0404e-006,2.85317,0.285253,1.84873,0.845568
0.528474,370.331,4.24242e-006,2.90575,0.303182,1.77493,0.960822
0.528474,370.331,4.44444e-006,2.94686,0.32018,1.68286,1.08332
0.528474,370.331,4.64646e-006,2.97634,0.336067,1.57284,1.21269
0.528474,370.331,4.84848e-006,2.99408,0.350667,1.44533,1.34847
0.528474,370.331,5.05051e-006,3,0.363807,1.30086,1.49015
0.528474,370.331,5.25253e-006,2.99408,0.375323,1.14012,1.63715
0.528474,370.331,5.45455e-006,2.97634,0.385059,0.963875,1.78879
0.528474,370.331,5.65657e-006,2.94686,0.392867,0.77301,1.94437
0.528474,370.331,5.85859e-006,2.90575,0.39861,0.568511,2.10311
0.528474,370.331,6.06061e-006,2.85317,0.40216,0.351454,2.26416
0.528474,370.331,6.26263e-006,2.78933,0.403403,0.123009,2.42665
0.528474,370.331,6.46465e-006,2.71448,0.402235,-0.115571,2.58964
0.528474,370.331,6.66667e-006,2.62892,0.398569,-0.362955,2.75216
0.528474,370.331,6.86869e-006,2.53298,0.392329,-0.617745,2.9132
0.528474,370.331,7.07071e-006,2.42705,0.383456,-0.878475,3.07171
0.528474,370.331,7.27273e-006,2.31154,0.371904,-1.14363,3.22665
0.528474,370.331,7.47475e-006,2.18691,0.357645,-1.41164,3.37691
0.528474,370.331,7.67677e-006,2.05364,0.340666,-1.68091,3.52141
0.528474,370.331,7.87879e-006,1.91227,0.320971,-1.94981,3.65906
0.528474,370.331,8.08081e-006,1.76336,0.29858,-2.21667,3.78874
0.528474,370.331,8.28283e-006,1.60748,0.273531,-2.47984,3.90938
0.528474,370.331,8.48485e-006,1.44526,0.245878,-2.73765,4.0199
0.528474,370.331,8.68687e-006,1.27734,0.215692,-2.98844,4.11924
0.528474,370.331,8.88889e-006,1.10437,0.18306,-3.23056,4.20639
0.528474,370.331,9.09091e-006,0.927051,0.148086,-3.4624,4.28035
0.528474,370.331,9.29293e-006,0.74607,0.110891,-3.68237,4.34019
0.528474,370.331,9.49495e-006,0.562144,0.0716086,-3.88893,4.38499
0.528474,370.331,9.69697e-006,0.376,0.0303904,-4.0806,4.41392
0.528474,370.331,9.89899e-006,0.188372,-0.0125989,-4.25594,4.4262
0.528474,370.331,1.0101e-005,3.67382e-016,-0.0571808,-4.4136,4.42111
0.528474,370.331,1.0303e-005,-0.188372,-0.103164,-4.5523,4.39801
0.528474,370.331,1.05051e-005,-0.376,-0.150344,-4.67084,4.35633
0.528474,370.331,1.07071e-005,-0.562144,-0.198507,-4.76813,4.29558
0.528474,370.331,1.09091e-005,-0.74607,-0.247427,-4.84314,4.21538
0.528474,370.331,1.11111e-005,-0.927051,-0.296872,-4.895,4.11541
0.528474,370.331,1.13131e-005,-1.10437,-0.346598,-4.92291,3.99546
0.528474,370.331,1.15152e-005,-1.27734,-0.396358,-4.9262,3.85542
0.528474,370.331,1.17172e-005,-1.44526,-0.445896,-4.90432,3.69527
0.528474,370.331,1.19192e-005,-1.60748,-0.494956,-4.85686,3.51511
0.528474,370.331,1.21212e-005,-1.76336,-0.543274,-4.78351,3.31513
0.528474,370.331,1.23232e-005,-1.91227,-0.590588,-4.68413,3.09563
0.528474,370.331,1.25253e-005,-2.05364,-0.636636,-4.55868,2.85701
0.528474,370.331,1.27273e-005,-2.18691,-0.681154,-4.40728,2.59978
0.528474,370.331,1.29293e-005,-2.31154,-0.723882,-4.23016,2.32457
0.528474,370.331,1.31313e-005,-2.42705,-0.764567,-4.02773,2.03209
0.528474,370.331,1.33333e-005,-2.53298,-0.802956,-3.8005,1.72317
0.528474,370.331,1.35354e-005,-2.62892,-0.838805,-3.54914,1.39875
0.528474,370.331,1.37374e-005,-2.71448,-0.87188,-3.27442,1.05983
0.528474,370.331,1.39394e-005,-2.78933,-0.901954,-2.97728,0.707559
0.528474,370.331,1.41414e-005,-2.85317,-0.92881,-2.65877,0.343133
0.528474,370.331,1.43434e-005,-2.90575,-0.952245,-2.32007,-0.0321438
0.528474,370.331,1.45455e-005,-2.94686,-0.972068,-1.96247,-0.416889
0.528474,370.331,1.47475e-005,-2.97634,-0.988102,-1.58739,-0.809644
0.528474,370.331,1.49495e-005,-2.99408,-1.00019,-1.19633,-1.20888
0.528474,370.331,1.51515e-005,-3,-1.00818,-0.790936,-1.61299
0.528474,370.331,1.53535e-005,-2.99408,-1.01194,-0.372911,-2.02034
0.528474,370.331,1.55556e-005,-2.97634,-1.01138,0.0559358,-2.4292
0.528474,370.331,1.57576e-005,-2.94686,-1.00639,0.493719,-2.83784
0.528474,370.331,1.59596e-005,-2.90575,-0.996911,0.938482,-3.24446
0.528474,370.331,1.61616e-005,-2.85317,-0.982889,1.3882,-3.64726
0.528474,370.331,1.63636e-005,-2.78933,-0.964295,1.84081,-4.04438
0.528474,370.331,1.65657e-005,-2.71448,-0.941121,2.2942,-4.434
0.528474,370.331,1.67677e-005,-2.62892,-0.913382,2.7462,-4.81425
0.528474,370.331,1.69697e-005,-2.53298,-0.881112,3.19464,-5.18329
0.528474,370.331,1.71717e-005,-2.42705,-0.844372,3.63735,-5.53929
0.528474,370.331,1.73737e-005,-2.31154,-0.803239,4.07213,-5.88046
0.528474,370.331,1.75758e-005,-2.18691,-0.757817,4.49679,-6.205
0.528474,370.331,1.77778e-005,-2.05364,-0.708229,4.90917,-6.51118
0.528474,370.331,1.79798e-005,-1.91227,-0.654622,5.30714,-6.79734
0.528474,370.331,1.81818e-005,-1.76336,-0.597161,5.6886,-7.06183
0.528474,370.331,1.83838e-005,-1.60748,-0.536035,6.05151,-7.30311
0.528474,370.331,1.85859e-005,-1.44526,-0.47145,6.39388,-7.51969
0.528474,370.331,1.87879e-005,-1.27734,-0.403634,6.7138,-7.71017
0.528474,370.331,1.89899e-005,-1.10437,-0.332832,7.00943,-7.87326
0.528474,370.331,1.91919e-005,-0.927051,-0.259306,7.27904,-8.00774
0.528474,370.331,1.93939e-005,-0.74607,-0.183336,7.52097,-8.11251
0.528474,370.331,1.9596e-005,-0.562144,-0.105218,7.7337,-8.18658
0.528474,370.331,1.9798e-005,-0.376,-0.0252607,7.9158,-8.22909
0.528474,370.331,2e-005,-0.188372,0.0562138,8.06598,-8.2393
0.528474,370.331,2.0202e-005,-7.34764e-016,0.138871,8.18309,-8.21659
0.528474,370.331,2.0404e-005,0.188372,0.222367,8.26609,-8.16048
0.528474,370.331,2.06061e-005,0.376,0.306348,8.31411,-8.07063
0.528474,370.331,2.08081e-005,0.562144,0.390453,8.32643,-7.94685
0.528474,370.331,2.10101e-005,0.74607,0.474317,8.30247,-7.7891
0.528474,370.331,2.12121e-005,0.927051,0.557567,8.24183,-7.59745
0.528474,370.331,2.14141e-005,1.10437,0.639833,8.14426,-7.37217
0.528474,370.331,2.16162e-005,1.27734,0.720739,8.00968,-7.11365
0.528474,370.331,2.18182e-005,1.44526,0.799912,7.83818,-6.82245
0.528474,370.331,2.20202e-005,1.60748,0.876983,7.63002,-6.49925
0.528474,370.331,2.22222e-005,1.76336,0.951585,7.38562,-6.14491
0.528474,370.331,2.24242e-005,1.91227,1.02336,7.1056,-5.76044
0.528474,370.331,2.26263e-005,2.05364,1.09195,6.79072,-5.34696
0.528474,370.331,2.28283e-005,2.18691,1.15702,6.44191,-4.90576
0.528474,370.331,2.30303e-005,2.31154,1.21824,6.06028,-4.43828
0.528474,370.331,2.32323e-005,2.42705,1.27528,5.64709,-3.94606
0.528474,370.331,2.34343e-005,2.53298,1.32784,5.20377,-3.4308
0.528474,370.331,2.36364e-005,2.62892,1.37564,4.73188,-2.8943
0.528474,370.331,2.38384e-005,2.71448,1.4184,4.23314,-2.33848
0.528474,370.331,2.40404e-005,2.78933,1.45587,3.70942,-1.76539
0.528474,370.331,2.42424e-005,2.85317,1.48781,3.1627,-1.17717
0.528474,370.331,2.44444e-005,2.90575,1.51403,2.5951,-0.57603
0.528474,370.331,2.46465e-005,2.94686,1.53432,2.00887,0.0356979
0.528474,370.331,2.48485e-005,2.97634,1.54852,1.40633,0.655624
0.528474,370.331,2.50505e-005,2.99408,1.5565,0.789933,1.28129
0.528474,370.331,2.52525e-005,3,1.55814,0.162208,1.91018
0.528474,370.331,2.54545e-005,2.99408,1.55335,-0.474239,2.53973
0.528474,370.331,2.56566e-005,2.97634,1.54207,-1.11674,3.16735
0.528474,370.331,2.58586e-005,2.94686,1.52427,-1.76256,3.79041
0.528474,370.331,2.60606e-005,2.90575,1.49993,-2.40892,4.40627
0.528474,370.331,2.62626e-005,2.85317,1.46909,-3.05303,5.0123
0.528474,370.331,2.64646e-005,2.78933,1.4318,-3.69207,5.60588
0.528474,370.331,2.66667e-005,2.71448,1.38813,-4.3232,6.18438
0.528474,370.331,2.68687e-005,2.62892,1.3382,-4.9436,6.74525
0.528474,370.331,2.70707e-005,2.53298,1.28213,-5.55046,7.28593
0.528474,370.331,2.72727e-005,2.42705,1.2201,-6.14101,7.80396
0.528474,370.331,2.74747e-005,2.31154,1.1523,-6.71253,8.29693
0.528474,370.331,2.76768e-005,2.18691,1.07894,-7.26233,8.76251
0.528474,370.331,2.78788e-005,2.05364,1.00028,-7.78781,9.19845
0.528474,370.331,2.80808e-005,1.91227,0.916575,-8.28645,9.6026
0.528474,370.331,2.82828e-005,1.76336,0.828133,-8.75582,9.97293
0.528474,370.331,2.84848e-005,1.60748,0.735268,-9.19358,10.3075
0.528474,370.331,2.86869e-005,1.44526,0.638323,-9.59754,10.6046
0.528474,370.331,2.88889e-005,1.27734,0.537661,-9.96559,10.8625
0.528474,370.331,2.90909e-005,1.10437,0.433663,-10.2958,11.0798
0.528474,370.331,2.92929e-005,0.927051,0.32673,-10.5864,11.255
0.528474,370.331,2.94949e-005,0.74607,0.217279,-10.8356,11.387
0.528474,370.331,2.9697e-005,0.562144,0.105742,-11.0421,11.4748
0.528474,370.331,2.9899e-005,0.376,-0.00743454,-11.2045,11.5175
0.528474,370.331,3.0101e-005,0.188372,-0.121795,-11.3217,11.5145
0.528474,370.331,3.0303e-005,1.10215e-015,-0.236873,-11.3927,11.4653
0.528474,370.331,3.05051e-005,-0.188372,-0.352194,-11.4168,11.3696
0.528474,370.331,3.07071e-005,-0.376,-0.467278,-11.3934,11.2273
0.528474,370.331,3.09091e-005,-0.562144,-0.581644,-11.3221,11.0385
0.528474,370.331,3.11111e-005,-0.74607,-0.694804,-11.2029,10.8035
0.528474,370.331,3.13131e-005,-0.927051,-0.806276,-11.0357,10.5227
0.528474,370.331,3.15152e-005,-1.10437,-0.915577,-10.8208,10.197
0.528474,370.331,3.17172e-005,-1.27734,-1.02223,-10.5587,9.82704
0.528474,370.331,3.19192e-005,-1.44526,-1.12577,-10.2501,9.41402
0.528474,370.331,3.21212e-005,-1.60748,-1.22572,-9.89573,8.95916
0.528474,370.331,3.23232e-005,-1.76336,-1.32165,-9.49679,8.46392
0.528474,370.331,3.25253e-005,-1.91227,-1.41311,-9.05454,7.92992
0.528474,370.331,3.27273e-005,-2.05364,-1.49968,-8.57045,7.35897
0.528474,370.331,3.29293e-005,-2.18691,-1.58096,-8.04619,6.75303
0.528474,370.331,3.31313e-005,-2.31154,-1.65655,-7.48362,6.11426
0.528474,370.331,3.33333e-005,-2.42705,-1.72609,-6.88477,5.44495
0.528474,370.331,3.35354e-005,-2.53298,-1.78924,-6.25184,4.74754
0.528474,370.331,3.37374e-005,-2.62892,-1.84568,-5.58722,4.02461
0.528474,370.331,3.39394e-005,-2.71448,-1.89511,-4.89342,3.27889
0.528474,370.331,3.41414e-005,-2.78933,-1.93726,-4.17311,2.51319
0.528474,370.331,3.43434e-005,-2.85317,-1.9719,-3.4291,1.73046
0.528474,370.331,3.45455e-005,-2.90575,-1.99881,-2.66431,0.93373
0.528474,370.331,3.47475e-005,-2.94686,-2.01782,-1.88178,0.126131
0.528474,370.331,3.49495e-005,-2.97634,-2.02877,-1.08466,-0.689149
0.528474,370.331,3.51515e-005,-2.99408,-2.03156,-0.276159,-1.50885
0.528474,370.331,3.53535e-005,-3,-2.0261,0.540417,-2.32969
0.528474,370.331,3.55556e-005,-2.99408,-2.01235,1.36171,-3.14832
0.528474,370.331,3.57576e-005,-2.97634,-1.99028,2.18432,-3.96139
0.528474,370.331,3.59596e-005,-2.94686,-1.95993,3.00481,-4.76554
0.528474,370.331,3.61616e-005,-2.90575,-1.92135,3.81973,-5.55743
0.528474,370.331,3.63636e-005,-2.85317,-1.87463,4.62561,-6.33374
0.528474,370.331,3.65657e-005,-2.78933,-1.81989,5.41903,-7.09116
0.528474,370.331,3.67677e-005,-2.71448,-1.7573,6.19657,-7.82647
0.528474,370.331,3.69697e-005,-2.62892,-1.68705,6.95485,-8.53649
0.528474,370.331,3.71717e-005,-2.53298,-1.60936,7.69055,-9.21812
0.528474,370.331,3.73737e-005,-2.42705,-1.52451,8.40044,-9.86837
0.528474,370.331,3.75758e-005,-2.31154,-1.43278,9.08134,-10.4843
0.528474,370.331,3.77778e-005,-2.18691,-1.3345,9.73021,-11.0632
0.528474,370.331,3.79798e-005,-2.05364,-1.23001,10.3441,-11.6024
0.528474,370.331,3.81818e-005,-1.91227,-1.11971,10.9202,-12.0994
0.528474,370.331,3.83838e-005,-1.76336,-1.00399,11.4558,-12.5518
0.528474,370.331,3.85859e-005,-1.60748,-0.8833,11.9483,-12.9575
0.528474,370.331,3.87879e-005,-1.44526,-0.758093,12.3955,-13.3144
0.528474,370.331,3.89899e-005,-1.27734,-0.62885,12.7951,-13.6207
0.528474,370.331,3.91919e-005,-1.10437,-0.496071,13.1451,-13.8747
0.528474,370.331,3.93939e-005,-0.927051,-0.360275,13.4438,-14.0752
0.528474,370.331,3.9596e-005,-0.74607,-0.221999,13.6894,-14.2207
0.528474,370.331,3.9798e-005,-0.562144,-0.0817909,13.8806,-14.3104
0.528474,370.331,4e-005,-0.376,0.0597871,14.0162,-14.3435
0.528474,370.331,4.0202e-005,-0.188372,0.202164,14.0953,-14.3193
0.528474,370.331,4.0404e-005,-1.46953e-015,0.344761,14.1172,-14.2376
0.528474,370.331,4.06061e-005,0.188372,0.486996,14.0812,-14.0983
0.528474,370.331,4.08081e-005,0.376,0.628283,13.9873,-13.9016
0.528474,370.331,4.10101e-005,0.562144,0.768034,13.8354,-13.6477
0.528474,370.331,4.12121e-005,0.74607,0.905668,13.6258,-13.3374
0.528474,370.331,4.14141e-005,0.927051,1.04061,13.3588,-12.9715
0.528474,370.331,4.16162e-005,1.10437,1.17227,13.0352,-12.551
0.528474,370.331,4.18182e-005,1.27734,1.30011,12.6561,-12.0774
0.528474,370.331,4.20202e-005,1.44526,1.42357,12.2225,-11.5521
0.528474,370.331,4.22222e-005,1.60748,1.54212,11.736,-10.9769
0.528474,370.331,4.24242e-005,1.76336,1.65523,11.1981,-10.3538
0.528474,370.331,4.26263e-005,1.91227,1.76241,10.6109,-9.68504
0.528474,370.331,4.28283e-005,2.05364,1.86318,9.97627,-8.97296
0.528474,370.331,4.30303e-005,2.18691,1.95709,9.29668,-8.22016
0.528474,370.331,4.32323e-005,2.31154,2.0437,8.57461,-7.42941
0.528474,370.331,4.34343e-005,2.42705,2.12262,7.81276,-6.60368
0.528474,370.331,4.36364e-005,2.53298,2.19347,7.01404,-5.74605
0.528474,370.331,4.38384e-005,2.62892,2.25591,6.18151,-4.8598
0.528474,370.331,4.40404e-005,2.71448,2.30963,5.31838,-3.94833
0.528474,370.331,4.42424e-005,2.78933,2.35435,4.42803,-3.01514
0.528474,370.331,4.44444e-005,2.85317,2.38985,3.51396,-2.06389
0.528474,370.331,4.46465e-005,2.90575,2.41591,2.57979,-1.09829
0.528474,370.331,4.48485e-005,2.94686,2.43236,1.62925,-0.12217
0.528474,370.331,4.50505e-005,2.97634,2.43909,0.66615,0.860603
0.528474,370.331,4.52525e-005,2.99408,2.43601,-0.305616,1.8461
0.528474,370.331,4.54545e-005,3,2.42306,-1.2821,2.83034
0.528474,370.331,4.56566e-005,2.99408,2.40023,-2.25932,3.80935
0.528474,370.331,4.58586e-005,2.97634,2.36758,-3.23324,4.77914
0.528474,370.331,4.60606e-005,2.94686,2.32515,-4.19986,5.73574
0.528474,370.331,4.62626e-005,2.90575,2.27308,-5.15514,6.6752
0.528474,370.331,4.64646e-005,2.85317,2.21151,-6.09511,7.59361
0.528474,370.331,4.66667e-005,2.78933,2.14065,-7.0158,8.48715
0.528474,370.331,4.68687e-005,2.71448,2.06071,-7.91332,9.35206
0.528474,370.331,4.70707e-005,2.62892,1.97199,-8.78386,10.1847
0.528474,370.331,4.72727e-005,2.53298,1.87478,-9.62368,10.9814
0.528474,370.331,4.74747e-005,2.42705,1.76943,-10.4292,11.7389
0.528474,370.331,4.76768e-005,2.31154,1.65634,-11.1968,12.4538
0.528474,370.331,4.78788e-005,2.18691,1.5359,-11.9233,13.1231
0.528474,370.331,4.80808e-005,2.05364,1.40857,-12.6053,13.7436
0.528474,370.331,4.82828e-005,1.91227,1.27484,-13.2399,14.3128
0.528474,370.331,4.84848e-005,1.76336,1.1352,-13.8242,14.8278
0.528474,370.331,4.86869e-005,1.60748,0.990191,-14.3556,15.2865
0.528474,370.331,4.88889e-005,1.44526,0.840378,-14.8314,15.6866
0.528474,370.331,4.90909e-005,1.27734,0.686342,-15.2496,16.0261
0.528474,370.331,4.92929e-005,1.10437,0.528684,-15.6081,16.3034
0.528474,370.331,4.94949e-005,0.927051,0.368027,-15.9051,16.5171
0.528474,370.331,4.9697e-005,0.74607,0.205006,-16.139,16.6657
0.528474,370.331,4.9899e-005,0.562144,0.040273,-16.3086,16.7486
0.528474,370.331,5.0101e-005,0.376,-0.125513,-16.4129,16.7649
0.528474,370.331,5.0303e-005,0.188372,-0.291685,-16.451,16.7141
0.528474,370.331,5.05051e-005,1.83691e-015,-0.457568,-16.4225,16.5963
0.528474,370.331,5.07071e-005,-0.188372,-0.622488,-16.3271,16.4114
0.528474,370.331,5.09091e-005,-0.376,-0.78577,-16.1649,16.1599
0.528474,370.331,5.11111e-005,-0.562144,-0.946743,-15.9363,15.8424
0.528474,370.331,5.13131e-005,-0.74607,-1.10474,-15.6417,15.4599
0.528474,370.331,5.15152e-005,-0.927051,-1.25911,-15.2822,15.0135
0.528474,370.331,5.17172e-005,-1.10437,-1.40919,-14.8588,14.5048
0.528474,370.331,5.19192e-005,-1.27734,-1.55438,-14.3729,13.9354
0.528474,370.331,5.21212e-005,-1.44526,-1.69404,-13.8263,13.3074
0.528474,370.331,5.23232e-005,-1.60748,-1.82758,-13.2208,12.6229
0.528474,370.331,5.25253e-005,-1.76336,-1.95444,-12.5587,11.8845
0.528474,370.331,5.27273e-005,-1.91227,-2.07406,-11.8424,11.0949
0.528474,370.331,5.29293e-005,-2.05364,-2.18592,-11.0744,10.2569
0.528474,370.331,5.31313e-005,-2.18691,-2.28953,-10.2578,9.37366
0.528474,370.331,5.33333e-005,-2.31154,-2.38444,-9.39566,8.44859
0.528474,370.331,5.35354e-005,-2.42705,-2.47021,-8.4912,7.48518
0.528474,370.331,5.37374e-005,-2.53298,-2.54645,-7.54796,6.48712
0.528474,370.331,5.39394e-005,-2.62892,-2.61281,-6.56959,5.45825
0.528474,370.331,5.41414e-005,-2.71448,-2.66897,-5.55992,4.40257
0.528474,370.331,5.43434e-005,-2.78933,-2.71466,-4.52293,3.3242
0.528474,370.331,5.45455e-005,-2.85317,-2.74963,-3.46271,2.22737
0.528474,370.331,5.47475e-005,-2.90575,-2.77371,-2.38348,1.1164
0.528474,370.331,5.49495e-005,-2.94686,-2.78674,-1.28955,-0.00428841
0.528474,370.331,5.51515e-005,-2.97634,-2.78861,-0.185321,-1.13024
0.528474,370.331,5.53535e-005,-2.99408,-2.77927,0.924769,-2.25695
0.528474,370.331,5.55556e-005,-3,-2.7587,2.03622,-3.37989
0.528474,370.331,5.57576e-005,-2.99408,-2.72694,3.14451,-4.49451
0.528474,370.331,5.59596e-005,-2.97634,-2.68406,4.2451,-5.59631
0.528474,370.331,5.61616e-005,-2.94686,-2.63018,5.3335,-6.68077
0.528474,370.331,5.63636e-005,-2.90575,-2.56548,6.4052,-7.74347
0.528474,370.331,5.65657e-005,-2.85317,-2.49017,7.45578,-8.78003
0.528474,370.331,5.67677e-005,-2.78933,-2.40451,8.48087,-9.78616
0.528474,370.331,5.69697e-005,-2.71448,-2.30879,9.47619,-10.7577
0.528474,370.331,5.71717e-005,-2.62892,-2.20336,10.4375,-11.6905
0.528474,370.331,5.73737e-005,-2.53298,-2.0886,11.3609,-12.5808
0.528474,370.331,5.75758e-005,-2.42705,-1.96494,12.2423,-13.4246
0.528474,370.331,5.77778e-005,-2.31154,-1.83284,13.078,-14.2186
0.528474,370.331,5.79798e-005,-2.18691,-1.69279,13.8645,-14.9591
0.528474,370.331,5.81818e-005,-2.05364,-1.54534,14.5983,-15.6431
0.528474,370.331,5.83838e-005,-1.91227,-1.39103,15.2761,-16.2674
0.528474,370.331,5.85859e-005,-1.76336,-1.23048,15.8951,-16.8295
0.528474,370.331,5.87879e-005,-1.60748,-1.06429,16.4525,-17.3266
0.528474,370.331,5.89899e-005,-1.44526,-0.893121,16.9457,-17.7567
0.528474,370.331,5.91919e-005,-1.27734,-0.717642,17.3724,-18.1175
0.528474,370.331,5.93939e-005,-1.10437,-0.538543,17.7308,-18.4075
0.528474,370.331,5.9596e-005,-0.927051,-0.356534,18.019,-18.6251
0.528474,370.331,5.9798e-005,-0.74607,-0.172337,18.2355,-18.7691
0.528474,370.331,6e-005,-0.562144,0.0133129,18.3793,-18.8387
0.528474,370.331,6.0202e-005,-0.376,0.199671,18.4494,-18.8334
0.528474,370.331,6.0404e-005,-0.188372,0.385987,18.4453,-18.7527
0.528474,370.331,6.06061e-005,-2.20429e-015,0.571509,18.3667,-18.5967
0.528474,370.331,6.08081e-005,0.188372,0.755485,18.2136,-18.3658
0.528474,370.331,6.10101e-005,0.376,0.937165,17.9863,-18.0606
0.528474,370.331,6.12121e-005,0.562144,1.11581,17.6856,-17.6819
0.528474,370.331,6.14141e-005,0.74607,1.29068,17.3122,-17.2311
0.528474,370.331,6.16162e-005,0.927051,1.46106,16.8675,-16.7096
0.528474,370.331,6.18182e-005,1.10437,1.62624,16.3529,-16.1193
0.528474,370.331,6.20202e-005,1.27734,1.78553,15.7704,-15.4622
0.528474,370.331,6.22222e-005,1.44526,1.93828,15.1219,-14.7408
0.528474,370.331,6.24242e-005,1.60748,2.08384,14.41,-13.9576
0.528474,370.331,6.26263e-005,1.76336,2.22159,13.6372,-13.1157
0.528474,370.331,6.28283e-005,1.91227,2.35094,12.8064,-12.2181
0.528474,370.331,6.30303e-005,2.05364,2.47135,11.9208,-11.2682
0.528474,370.331,6.32323e-005,2.18691,2.5823,10.9838,-10.2697
0.528474,370.331,6.34343e-005,2.31154,2.6833,9.99891,-9.22632
0.528474,370.331,6.36364e-005,2.42705,2.77391,8.97007,-8.14216
0.528474,370.331,6.38384e-005,2.53298,2.85372,7.90123,-7.02139
0.528474,370.331,6.40404e-005,2.62892,2.92237,6.79659,-5.86837
0.528474,370.331,6.42424e-005,2.71448,2.97955,5.66048,-4.68761
0.528474,370.331,6.44444e-005,2.78933,3.02498,4.4974,-3.48376
0.528474,370.331,6.46465e-005,2.85317,3.05843,3.31195,-2.26155
0.528474,370.331,6.48485e-005,2.90575,3.07973,2.10887,-1.02582
0.528474,370.331,6.50505e-005,2.94686,3.08875,0.892947,0.218519
0.528474,370.331,6.52525e-005,2.97634,3.08541,-0.330926,1.4665
0.528474,370.331,6.54545e-005,2.99408,3.06967,-1.55783,2.71313
0.528474,370.331,6.56566e-005,3,3.04156,-2.7828,3.9534
0.528474,370.331,6.58586e-005,2.99408,3.00115,-4.00088,5.18232
0.528474,370.331,6.60606e-005,2.97634,2.94855,-5.20712,6.3949
0.528474,370.331,6.62626e-005,2.94686,2.88394,-6.39659,7.58624
0.528474,370.331,6.64646e-005,2.90575,2.80753,-7.56443,8.75146
0.528474,370.331,6.66667e-005,2.85317,2.7196,-8.70583,9.88582
0.528474,370.331,6.68687e-005,2.78933,2.62044,-9.81609,10.9846
0.528474,370.331,6.70707e-005,2.71448,2.51044,-10.8906,12.0434
0.528474,370.331,6.72727e-005,2.62892,2.38998,-11.9249,13.0577
0.528474,370.331,6.74747e-005,2.53298,2.25953,-12.9147,14.0234
0.528474,370.331,6.76768e-005,2.42705,2.11957,-13.8559,14.9363
0.528474,370.331,6.78788e-005,2.31154,1.97064,-14.7444,15.7927
0.528474,370.331,6.80808e-005,2.18691,1.8133,-15.5764,16.5889
0.528474,370.331,6.82828e-005,2.05364,1.64816,-16.3486,17.3216
0.528474,370.331,6.84848e-005,1.91227,1.47587,-17.0575,17.9875
0.528474,370.331,6.86869e-005,1.76336,1.29708,-17.7,18.5838
0.528474,370.331,6.88889e-005,1.60748,1.1125,-18.2734,19.1079
0.528474,370.331,6.90909e-005,1.44526,0.922851,-18.7751,19.5574
0.528474,370.331,6.92929e-005,1.27734,0.728883,-19.2029,19.9303
0.528474,370.331,6.94949e-005,1.10437,0.53136,-19.5548,20.2247
0.528474,370.331,6.9697e-005,0.927051,0.331066,-19.8291,20.4394
0.528474,370.331,6.9899e-005,0.74607,0.128799,-20.0244,20.5732
0.528474,370.331,7.0101e-005,0.562144,-0.0746336,-20.1399,20.6252
0.528474,370.331,7.0303e-005,0.376,-0.278418,-20.1746,20.5951
0.528474,370.331,7.05051e-005,0.188372,-0.481734,-20.1283,20.4826
0.528474,370.331,7.07071e-005,2.57167e-015,-0.683763,-20.0009,20.288
0.528474,370.331,7.09091e-005,-0.188372,-0.883688,-19.7926,20.0117
0.528474,370.331,7.11111e-005,-0.376,-1.0807,-19.504,19.6546
0.528474,370.331,7.13131e-005,-0.562144,-1.27399,-19.1361,19.218
0.528474,370.331,7.15152e-005,-0.74607,-1.46278,-18.6901,18.7033
0.528474,370.331,7.17172e-005,-0.927051,-1.64629,-18.1675,18.1122
0.528474,370.331,7.19192e-005,-1.10437,-1.82377,-17.5703,17.4471
0.528474,370.331,7.21212e-005,-1.27734,-1.99448,-16.9006,16.7102
0.528474,370.331,7.23232e-005,-1.44526,-2.15772,-16.161,15.9043
0.528474,370.331,7.25253e-005,-1.60748,-2.31282,-15.3541,15.0325
0.528474,370.331,7.27273e-005,-1.76336,-2.45911,-14.4831,14.0981
0.528474,370.331,7.29293e-005,-1.91227,-2.59599,-13.5512,13.1045
0.528474,370.331,7.31313e-005,-2.05364,-2.72288,-12.5621,12.0556
0.528474,370.331,7.33333e-005,-2.18691,-2.83924,-11.5196,10.9554
0.528474,370.331,7.35354e-005,-2.31154,-2.94457,-10.4277,9.80827
0.528474,370.331,7.37374e-005,-2.42705,-3.03842,-9.29075,8.61855
0.528474,370.331,7.39394e-005,-2.53298,-3.12037,-8.11311,7.3909
0.528474,370.331,7.41414e-005,-2.62892,-3.19006,-6.89945,6.13015
0.528474,370.331,7.43434e-005,-2.71448,-3.24718,-5.65457,4.84123
0.528474,370.331,7.45455e-005,-2.78933,-3.29145,-4.38339,3.52924
0.528474,370.331,7.47475e-005,-2.85317,-3.32267,-3.09096,2.19936
0.528474,370.331,7.49495e-005,-2.90575,-3.34068,-1.78244,0.85687
0.528474,370.331,7.51515e-005,-2.94686,-3.34536,-0.463053,-0.492899
0.528474,370.331,7.53535e-005,-2.97634,-3.33665,0.861912,-1.84456
0.528474,370.331,7.55556e-005,-2.99408,-3.31456,2.18713,-3.1927
0.528474,370.331,7.57576e-005,-3,-3.27913,3.50726,-4.53192
0.528474,370.331,7.59596e-005,-2.99408,-3.23047,4.81697,-5.85682
0.528474,370.331,7.61616e-005,-2.97634,-3.16875,6.11095,-7.16206
0.528474,370.331,7.63636e-005,-2.94686,-3.09416,7.38395,-8.44236
0.528474,370.331,7.65657e-005,-2.90575,-3.00698,8.63077,-9.69253
0.528474,370.331,7.67677e-005,-2.85317,-2.90753,9.84634,-10.9075
0.528474,370.331,7.69697e-005,-2.78933,-2.79615,11.0257,-12.0822
0.528474,370.331,7.71717e-005,-2.71448,-2.67329,12.1639,-13.212
0.528474,370.331,7.73737e-005,-2.62892,-2.53938,13.2564,-14.2921
0.528474,370.331,7.75758e-005,-2.53298,-2.39496,14.2985,-15.3181
0.528474,370.331,7.77778e-005,-2.42705,-2.24055,15.286,-16.2858
0.528474,370.331,7.79798e-005,-2.31154,-2.07677,16.2148,-17.191
0.528474,370.331,7.81818e-005,-2.18691,-1.90423,17.0809,-18.0301
0.528474,370.331,7.83838e-005,-2.05364,-1.72362,17.8807,-18.7995
0.528474,370.331,7.85859e-005,-1.91227,-1.53563,18.6109,-19.4959
0.528474,370.331,7.87879e-005,-1.76336,-1.341,19.2682,-20.1164
0.528474,370.331,7.89899e-005,-1.60748,-1.1405,19.8499,-20.6582
0.528474,370.331,7.91919e-005,-1.44526,-0.934906,20.3535,-21.119
0.528474,370.331,7.93939e-005,-1.27734,-0.725041,20.7766,-21.4968
0.528474,370.331,7.9596e-005,-1.10437,-0.511734,21.1174,-21.7897
0.528474,370.331,7.9798e-005,-0.927051,-0.295831,21.3744,-21.9965
0.528474,370.331,8e-005,-0.74607,-0.0781919,21.5462,-22.116
0.528474,370.331,8.0202e-005,-0.562144,0.140314,21.632,-22.1476
0.528474,370.331,8.0404e-005,-0.376,0.358811,21.6313,-22.0909
0.528474,370.331,8.06061e-005,-0.188372,0.576425,21.5437,-21.9459
0.528474,370.331,8.08081e-005,-2.93906e-015,0.792278,21.3695,-21.713
0.528474,370.331,8.10101e-005,0.188372,1.0055,21.1091,-21.3929
0.528474,370.331,8.12121e-005,0.376,1.21523,20.7634,-20.9867
0.528474,370.331,8.14141e-005,0.562144,1.42062,20.3336,-20.4956
0.528474,370.331,8.16162e-005,0.74607,1.62084,19.8211,-19.9217
0.528474,370.331,8.18182e-005,0.927051,1.81506,19.2279,-19.2668
0.528474,370.331,8.20202e-005,1.10437,2.00249,18.5561,-18.5334
0.528474,370.331,8.22222e-005,1.27734,2.18237,17.8083,-17.7243
0.528474,370.331,8.24242e-005,1.44526,2.35396,16.9872,-16.8426
0.528474,370.331,8.26263e-005,1.60748,2.51655,16.0961,-15.8915
0.528474,370.331,8.28283e-005,1.76336,2.66946,15.1383,-14.8747
0.528474,370.331,8.30303e-005,1.91227,2.81206,14.1175,-13.7961
0.528474,370.331,8.32323e-005,2.05364,2.94375,13.0377,-12.6599
0.528474,370.331,8.34343e-005,2.18691,3.06399,11.9031,-11.4705
0.528474,370.331,8.36364e-005,2.31154,3.17225,10.7181,-10.2326
0.528474,370.331,8.38384e-005,2.42705,3.26808,9.48735,-8.95084
0.528474,370.331,8.40404e-005,2.53298,3.35107,8.21574,-7.6304
0.528474,370.331,8.42424e-005,2.62892,3.42085,6.90825,-6.27643
0.528474,370.331,8.44444e-005,2.71448,3.47711,5.57006,-4.89427
0.528474,370.331,8.46465e-005,2.78933,3.5196,4.20649,-3.48938
0.528474,370.331,8.48485e-005,2.85317,3.54812,2.82294,-2.06731
0.528474,370.331,8.50505e-005,2.90575,3.56251,1.42494,-0.63373
0.528474,370.331,8.52525e-005,2.94686,3.56269,0.0180799,0.805669
0.528474,370.331,8.54545e-005,2.97634,3.54863,-1.39202,2.24514
0.528474,370.331,8.56566e-005,2.99408,3.52035,-2.79969,3.67893
0.528474,370.331,8.58586e-005,3,3.47794,-4.19929,5.1013
0.528474,370.331,8.60606e-005,2.99408,3.42152,-5.58515,6.50652
0.528474,370.331,8.62626e-005,2.97634,3.3513,-6.9517,7.88896
0.528474,370.331,8.64646e-005,2.94686,3.26753,-8.2934,9.24302
0.528474,370.331,8.66667e-005,2.90575,3.17051,-9.6048,10.5632
0.528474,370.331,8.68687e-005,2.85317,3.06061,-10.8806,11.8442
0.528474,370.331,8.70707e-005,2.78933,2.93823,-12.1155,13.0809
0.528474,370.331,8.72727e-005,2.71448,2.80384,-13.3046,14.268
0.528474,370.331,8.74747e-005,2.62892,2.65795,-14.4429,15.4009
0.528474,370.331,8.76768e-005,2.53298,2.50112,-15.5258,16.4748
0.528474,370.331,8.78788e-005,2.42705,2.33396,-16.5489,17.4854
0.528474,370.331,8.80808e-005,2.31154,2.15712,-17.5078,18.4284
0.528474,370.331,8.82828e-005,2.18691,1.97127,-18.3986,19.2999
0.528474,370.331,8.84848e-005,2.05364,1.77716,-19.2176,20.0964
0.528474,370.331,8.86869e-005,1.91227,1.57553,-19.9613,20.8145
0.528474,370.331,8.88889e-005,1.76336,1.36718,-20.6266,21.451
0.528474,370.331,8.90909e-005,1.60748,1.15293,-21.2107,22.0034
0.528474,370.331,8.92929e-005,1.44526,0.933623,-21.7111,22.4693
0.528474,370.331,8.94949e-005,1.27734,0.710133,-22.1255,22.8465
0.528474,370.331,8.9697e-005,1.10437,0.483342,-22.4522,23.1334
0.528474,370.331,8.9899e-005,0.927051,0.254154,-22.6897,23.3287
0.528474,370.331,9.0101e-005,0.74607,0.0234792,-22.8368,23.4314
0.528474,370.331,9.0303e-005,0.562144,-0.20776,-22.8927,23.4409
0.528474,370.331,9.05051e-005,0.376,-0.43864,-22.8571,23.3569
0.528474,370.331,9.07071e-005,0.188372,-0.668235,-22.7299,23.1797
0.528474,370.331,9.09091e-005,-7.3517e-015,-0.895623,-22.5115,22.9097
0.528474,370.331,9.11111e-005,-0.188372,-1.11989,-22.2024,22.5478
0.528474,370.331,9.13131e-005,-0.376,-1.34013,-21.8039,22.0953
0.528474,370.331,9.15152e-005,-0.562144,-1.55546,-21.3174,21.5539
0.528474,370.331,9.17172e-005,-0.74607,-1.765,-20.7445,20.9254
0.528474,370.331,9.19192e-005,-0.927051,-1.9679,-20.0875,20.2123
0.528474,370.331,9.21212e-005,-1.10437,-2.16334,-19.3487,19.4172
0.528474,370.331,9.23232e-005,-1.27734,-2.35053,-18.5312,18.5431
0.528474,370.331,9.25253e-005,-1.44526,-2.52869,-17.6378,17.5934
0.528474,370.331,9.27273e-005,-1.60748,-2.69709,-16.6722,16.5717
0.528474,370.331,9.29293e-005,-1.76336,-2.85505,-15.6379,15.482
0.528474,370.331,9.31313e-005,-1.91227,-3.00191,-14.5392,14.3284
0.528474,370.331,9.33333e-005,-2.05364,-3.13707,-13.3801,13.1155
0.528474,370.331,9.35354e-005,-2.18691,-3.25995,-12.1653,11.848
0.528474,370.331,9.37374e-005,-2.31154,-3.37005,-10.8996,10.5308
0.528474,370.331,9.39394e-005,-2.42705,-3.46689,-9.58785,9.16921
0.528474,370.331,9.41414e-005,-2.53298,-3.55008,-8.2353,7.76845
0.528474,370.331,9.43434e-005,-2.62892,-3.61924,-6.84729,6.33407
0.528474,370.331,9.45455e-005,-2.71448,-3.67408,-5.42931,4.87175
0.528474,370.331,9.47475e-005,-2.78933,-3.71436,-3.987,3.38728
0.528474,370.331,9.49495e-005,-2.85317,-3.73987,-2.52609,1.88653
0.528474,370.331,9.51515e-005,-2.90575,-3.7505,-1.0524,0.375467
0.528474,370.331,9.53535e-005,-2.94686,-3.74618,0.428174,-1.13989
0.528474,370.331,9.55556e-005,-2.97634,-3.72689,1.90972,-2.65349
0.528474,370.331,9.57576e-005,-2.99408,-3.69268,3.3863,-4.15931
0.528474,370.331,9.59596e-005,-3,-3.64367,4.85199,-5.6513
0.528474,370.331,9.61616e-005,-2.99408,-3.58003,6.30089,-7.12349
0.528474,370.331,9.63636e-005,-2.97634,-3.50197,7.72717,-8.56997
0.528474,370.331,9.65657e-005,-2.94686,-3.4098,9.12508,-9.98491
0.528474,370.331,9.67677e-005,-2.90575,-3.30385,10.489,-11.3626
0.528474,370.331,9.69697e-005,-2.85317,-3.18453,11.8133,-12.6975
0.528474,370.331,9.71717e-005,-2.78933,-3.05228,13.0927,-13.9842
0.528474,370.331,9.73737e-005,-2.71448,-2.90761,14.322,-15.2174
0.528474,370.331,9.75758e-005,-2.62892,-2.75108,15.4961,-16.3922
0.528474,370.331,9.77778e-005,-2.53298,-2.5833,16.6103,-17.5038
0.528474,370.331,9.79798e-005,-2.42705,-2.40492,17.66,-18.5475
0.528474,370.331,9.81818e-005,-2.31154,-2.21663,18.6409,-19.5192
0.528474,370.331,9.83838e-005,-2.18691,-2.01916,19.5489,-20.4148
0.528474,370.331,9.85859e-005,-2.05364,-1.8133,20.3803,-21.2306
0.528474,370.331,9.87879e-005,-1.91227,-1.59985,21.1317,-21.9633
0.528474,370.331,9.89899e-005,-1.76336,-1.37965,21.7998,-22.6097
0.528474,370.331,9.91919e-005,-1.60748,-1.15357,22.3819,-23.1671
0.528474,370.331,9.93939e-005,-1.44526,-0.922507,22.8754,-23.6332
0.528474,370.331,9.9596e-005,-1.27734,-0.687372,23.2784,-24.0059
0.528474,370.331,9.9798e-005,-1.10437,-0.4491,23.5889,-24.2837
0.528474,370.331,0.0001,-0.927051,-0.208638,23.8057,-24.4651
0.528474,370.331,0.000100202,-0.74607,0.0330557,23.9277,-24.5494
0.528474,370.331,0.000100404,-0.562144,0.275017,23.9542,-24.5361
0.528474,370.331,0.000100606,-0.376,0.516281,23.885,-24.4249
0.528474,370.331,0.000100808,-0.188372,0.755879,23.7203,-24.2163
0.528474,370.331,0.00010101,-3.67382e-015,0.992854,23.4605,-23.9109
0.528474,370.331,0.000101212,0.188372,1.22625,23.1065,-23.5098
0.528474,370.331,0.000101414,0.376,1.45514,22.6595,-23.0143
0.528474,370.331,0.000101616,0.562144,1.67858,22.1213,-22.4264
0.528474,370.331,0.000101818,0.74607,1.89569,21.4939,-21.7482
0.528474,370.331,0.00010202,0.927051,2.10559,20.7795,-20.9822
0.528474,370.331,0.000102222,1.10437,2.30742,19.981,-20.1315
0.528474,370.331,0.000102424,1.27734,2.50036,19.1014,-19.1992
0.528474,370.331,0.000102626,1.44526,2.68363,18.1441,-18.189
0.528474,370.331,0.000102828,1.60748,2.85649,17.1128,-17.1047
0.528474,370.331,0.00010303,1.76336,3.01822,16.0115,-15.9505
0.528474,370.331,0.000103232,1.91227,3.16817,14.8446,-14.731
0.528474,370.331,0.000103434,2.05364,3.30571,13.6165,-13.451
0.528474,370.331,0.000103636,2.18691,3.43028,12.3322,-12.1153
0.528474,370.331,0.000103838,2.31154,3.54135,10.9966,-10.7294
0.528474,370.331,0.00010404,2.42705,3.63848,9.61506,-9.29852
0.528474,370.331,0.000104242,2.53298,3.72123,8.19302,-7.82842
0.528474,370.331,0.000104444,2.62892,3.78928,6.73611,-6.3249
0.528474,370.331,0.000104646,2.71448,3.84231,5.2501,-4.79388
0.528474,370.331,0.000104848,2.78933,3.88009,3.7409,-3.24143
0.528474,370.331,0.000105051,2.85317,3.90246,2.2145,-1.67371
0.528474,370.331,0.000105253,2.90575,3.9093,0.677001,-0.0969613
0.528474,370.331,0.000105455,2.94686,3.90056,-0.865477,1.48255
0.528474,370.331,0.000105657,2.97634,3.87625,-2.40677,3.05854
0.528474,370.331,0.000105859,2.99408,3.83644,-3.9407,4.6247
0.528474,370.331,0.000106061,3,3.78128,-5.46114,6.17478
0.528474,370.331,0.000106263,2.99408,3.71096,-6.96197,7.70256
0.528474,370.331,0.000106465,2.97634,3.62573,-8.43718,9.20194
0.528474,370.331,0.000106667,2.94686,3.52593,-9.88081,10.6669
0.528474,370.331,0.000106869,2.90575,3.41192,-11.2871,12.0915
0.528474,370.331,0.000107071,2.85317,3.28414,-12.6502,13.4701
0.528474,370.331,0.000107273,2.78933,3.14308,-13.9649,14.797
0.528474,370.331,0.000107475,2.71448,2.98928,-15.2256,16.0669
0.528474,370.331,0.000107677,2.62892,2.82335,-16.4273,17.2747
0.528474,370.331,0.000107879,2.53298,2.64593,-17.5651,18.4154
0.528474,370.331,0.000108081,2.42705,2.4577,-18.6343,19.4845
0.528474,370.331,0.000108283,2.31154,2.25941,-19.6307,20.4775
0.528474,370.331,0.000108485,2.18691,2.05183,-20.55,21.3904
0.528474,370.331,0.000108687,2.05364,1.83579,-21.3886,22.2194
0.528474,370.331,0.000108889,1.91227,1.61212,-22.1429,22.9612
0.528474,370.331,0.000109091,1.76336,1.38172,-22.8099,23.6125
0.528474,370.331,0.000109293,1.60748,1.14549,-23.3868,24.1708
0.528474,370.331,0.000109495,1.44526,0.904367,-23.871,24.6336
0.528474,370.331,0.000109697,1.27734,0.65931,-24.2606,24.999
0.528474,370.331,0.000109899,1.10437,0.41129,-24.554,25.2654
0.528474,370.331,0.000110101,0.927051,0.161294,-24.7496,25.4316
0.528474,370.331,0.000110303,0.74607,-0.089684,-24.8468,25.4968
0.528474,370.331,0.000110505,0.562144,-0.340643,-24.8449,25.4605
0.528474,370.331,0.000110707,0.376,-0.590581,-24.7439,25.3229
0.528474,370.331,0.000110909,0.188372,-0.8385,-24.5439,25.0843
0.528474,370.331,0.000111111,-6.61694e-015,-1.08341,-24.2458,24.7455
0.528474,370.331,0.000111313,-0.188372,-1.32432,-23.8504,24.3077
0.528474,370.331,0.000111515,-0.376,-1.56027,-23.3594,23.7727
0.528474,370.331,0.000111717,-0.562144,-1.79032,-22.7745,23.1422
0.528474,370.331,0.000111919,-0.74607,-2.01353,-22.098,22.4189
0.528474,370.331,0.000112121,-0.927051,-2.22901,-21.3324,21.6053
0.528474,370.331,0.000112323,-1.10437,-2.43589,-20.4807,20.7047
0.528474,370.331,0.000112525,-1.27734,-2.63332,-19.5462,19.7205
0.528474,370.331,0.000112727,-1.44526,-2.82052,-18.5325,18.6566
0.528474,370.331,0.000112929,-1.60748,-2.99672,-17.4435,17.517
0.528474,370.331,0.000113131,-1.76336,-3.1612,-16.2836,16.3062
0.528474,370.331,0.000113333,-1.91227,-3.31329,-15.0572,15.0289
0.528474,370.331,0.000113535,-2.05364,-3.45237,-13.7693,13.6902
0.528474,370.331,0.000113737,-2.18691,-3.57788,-12.4247,12.2953
0.528474,370.331,0.000113939,-2.31154,-3.68928,-11.029,10.8497
0.528474,370.331,0.000114141,-2.42705,-3.78612,-9.58748,9.35909
0.528474,370.331,0.000114343,-2.53298,-3.868,-8.10595,7.82934
0.528474,370.331,0.000114545,-2.62892,-3.93457,-6.59026,6.26651
0.528474,370.331,0.000114747,-2.71448,-3.98554,-5.04642,4.67679
0.528474,370.331,0.000114949,-2.78933,-4.0207,-3.48057,3.06647
0.528474,370.331,0.000115152,-2.85317,-4.03988,-1.89893,1.44194
0.528474,370.331,0.000115354,-2.90575,-4.04299,-0.307808,-0.190335
0.528474,370.331,0.000115556,-2.94686,-4.03,1.28646,-1.82387
0.528474,370.331,0.000115758,-2.97634,-4.00093,2.87752,-3.45215
0.528474,370.331,0.00011596,-2.99408,-3.95589,4.459,-5.06869
0.528474,370.331,0.000116162,-3,-3.89504,6.02458,-6.66703
0.528474,370.331,0.000116364,-2.99408,-3.81859,7.56798,-8.24078
0.528474,370.331,0.000116566,-2.97634,-3.72684,9.08303,-9.78364
0.528474,370.331,0.000116768,-2.94686,-3.62014,10.5636,-11.2894
0.528474,370.331,0.00011697,-2.90575,-3.49889,12.0038,-12.7521
0.528474,370.331,0.000117172,-2.85317,-3.36356,13.3978,-14.1658
0.528474,370.331,0.000117374,-2.78933,-3.21467,14.74,-15.5248
0.528474,370.331,0.000117576,-2.71448,-3.0528,16.025,-16.8237
0.528474,370.331,0.000117778,-2.62892,-2.87858,17.2476,-18.0571
0.528474,370.331,0.00011798,-2.53298,-2.6927,18.4027,-19.2202
0.528474,370.331,0.000118182,-2.42705,-2.49587,19.4858,-20.3082
0.528474,370.331,0.000118384,-2.31154,-2.28887,20.4925,-21.3166
0.528474,370.331,0.000118586,-2.18691,-2.07253,21.4186,-22.2414
0.528474,370.331,0.000118788,-2.05364,-1.84767,22.2603,-23.0788
0.528474,370.331,0.00011899,-1.91227,-1.61521,23.0142,-23.8253
0.528474,370.331,0.000119192,-1.76336,-1.37604,23.6772,-24.4779
0.528474,370.331,0.000119394,-1.60748,-1.13113,24.2465,-25.0339
0.528474,370.331,0.000119596,-1.44526,-0.881436,24.7198,-25.4909
0.528474,370.331,0.000119798,-1.27734,-0.627951,25.095,-25.8471
0.528474,370.331,0.00012,-1.10437,-0.371682,25.3706,-26.1008
0.528474,370.331,0.000120202,-0.927051,-0.113647,25.5454,-26.2509
0.528474,370.331,0.000120404,-0.74607,0.145126,25.6185,-26.2969
0.528474,370.331,0.000120606,-0.562144,0.403606,25.5896,-26.2382
0.528474,370.331,0.000120808,-0.376,0.660764,25.4586,-26.0752
0.528474,370.331,0.00012101,-0.188372,0.915572,25.226,-25.8082
0.528474,370.331,0.000121212,-4.40858e-015,1.16701,24.8926,-25.4383
0.528474,370.331,0.00111131,0.188372,2.10201,26.513,-27.4177
0.528474,370.331,0.00111152,0.376,2.36152,25.6917,-26.5684
0.528474,370.331,0.00111172,0.562144,2.61171,24.7691,-25.6143
0.528474,370.331,0.00111192,0.74607,2.8516,23.7487,-24.5591
0.528474,370.331,0.00111212,0.927051,3.08023,22.6345,-23.4069
0.528474,370.331,0.00111232,1.10437,3.29671,21.431,-22.1624
0.528474,370.331,0.00111253,1.27734,3.50017,20.143,-20.8304
0.528474,370.331,0.00111273,1.44526,3.68982,18.7754,-19.4161
0.528474,370.331,0.00111293,1.60748,3.86491,17.3338,-17.9253
0.528474,370.331,0.00111313,1.76336,4.02475,15.8238,-16.3637
0.528474,370.331,0.00111333,1.91227,4.1687,14.2513,-14.7376
0.528474,370.331,0.00111354,2.05364,4.2962,12.6225,-13.0532
0.528474,370.331,0.00111374,2.18691,4.40674,10.944,-11.3174
0.528474,370.331,0.00111394,2.31154,4.4999,9.2222,-9.53691
0.528474,370.331,0.00111414,2.42705,4.57529,7.46406,-7.71877
0.528474,370.331,0.00111434,2.53298,4.63263,5.67646,-5.87016
0.528474,370.331,0.00111455,2.62892,4.67168,3.86645,-3.99839
0.528474,370.331,0.00111475,2.71448,4.6923,2.04119,-2.11084
0.528474,370.331,0.00111495,2.78933,4.6944,0.207871,-0.214965
0.528474,370.331,0.00111515,2.85317,4.67798,-1.62627,1.68176
0.528474,370.331,0.00111535,2.90575,4.64309,-3.45399,3.57185
0.528474,370.331,0.00111556,2.94686,4.58987,-5.26808,5.44785
0.528474,370.331,0.00111576,2.97634,4.51855,-7.06138,7.30234
0.528474,370.331,0.00111596,2.99408,4.42939,-8.82681,9.12802
0.528474,370.331,0.00111616,3,4.32275,-10.5574,10.9177
0.528474,370.331,0.00111636,2.99408,4.19905,-12.2463,12.6642
0.528474,370.331,0.00111657,2.97634,4.05877,-13.8869,14.3608
0.528474,370.331,0.00111677,2.94686,3.90248,-15.4727,16.0007
0.528474,370.331,0.00111697,2.90575,3.73079,-16.9975,17.5775
0.528474,370.331,0.00111717,2.85317,3.54438,-18.4551,19.0849
0.528474,370.331,0.00111737,2.78933,3.34397,-19.8399,20.517
0.528474,370.331,0.00111758,2.71448,3.13037,-21.1464,21.8681
0.528474,370.331,0.00111778,2.62892,2.90442,-22.3695,23.1328
0.528474,370.331,0.00111798,2.53298,2.667,-23.5043,24.3064
0.528474,370.331,0.00111818,2.42705,2.41906,-24.5463,25.3839
0.528474,370.331,0.00111838,2.31154,2.16157,-25.4914,26.3613
0.528474,370.331,0.00111859,2.18691,1.89555,-26.336,27.2347
0.528474,370.331,0.00111879,2.05364,1.62205,-27.0766,28.0006
0.528474,370.331,0.00111899,1.91227,1.34215,-27.7103,28.6559
0.528474,370.331,0.00111919,1.76336,1.05695,-28.2347,29.1982
0.528474,370.331,0.00111939,1.60748,0.767576,-28.6477,29.6253
0.528474,370.331,0.0011196,1.44526,0.475177,-28.9476,29.9354
0.528474,370.331,0.0011198,1.27734,0.180901,-29.1332,30.1274
0.528474,370.331,0.00112,1.10437,-0.114088,-29.2039,30.2005
0.528474,370.331,0.0011202,0.927051,-0.408626,-29.1593,30.1544
0.528474,370.331,0.0011204,0.74607,-0.701553,-28.9997,29.9893
0.528474,370.331,0.00112061,0.562144,-0.99171,-28.7256,29.7058
0.528474,370.331,0.00112081,0.376,-1.27795,-28.3381,29.3051
0.528474,370.331,0.00112101,0.188372,-1.55915,-27.8388,28.7888
0.528474,370.331,0.00112121,8.80497e-015,-1.8342,-27.2296,28.1588
0.528474,370.331,0.00112141,-0.188372,-2.10201,-26.513,27.4177
0.528474,370.331,0.00112162,-0.376,-2.36152,-25.6917,26.5684
0.528474,370.331,0.00112182,-0.562144,-2.61171,-24.7691,25.6143
0.528474,370.331,0.00112202,-0.74607,-2.8516,-23.7487,24.5591
0.528474,370.331,0.00112222,-0.927051,-3.08023,-22.6345,23.4069
0.528474,370.331,0.00112242,-1.10437,-3.29671,-21.431,22.1624
0.528474,370.331,0.00112263,-1.27734,-3.50017,-20.143,20.8304
0.528474,370.331,0.00112283,-1.44526,-3.68982,-18.7754,19.4161
0.528474,370.331,0.00112303,-1.60748,-3.86491,-17.3338,17.9253
0.528474,370.331,0.00112323,-1.76336,-4.02475,-15.8238,16.3637
0.528474,370.331,0.00112343,-1.91227,-4.1687,-14.2513,14.7376
0.528474,370.331,0.00112364,-2.05364,-4.2962,-12.6225,13.0532
0.528474,370.331,0.00112384,-2.18691,-4.40674,-10.944,11.3174
0.528474,370.331,0.00112404,-2.31154,-4.4999,-9.22221,9.53691
0.528474,370.331,0.00112424,-2.42705,-4.57529,-7.46406,7.71877
0.528474,370.331,0.00112444,-2.53298,-4.63263,-5.67646,5.87016
0.528474,370.331,0.00112465,-2.62892,-4.67168,-3.86645,3.99839
0.528474,370.331,0.00112485,-2.71448,-4.6923,-2.04119,2.11084
0.528474,370.331,0.00112505,-2.78933,-4.6944,-0.207871,0.214965
0.528474,370.331,0.00112525,-2.85317,-4.67798,1.62627,-1.68176
0.528474,370.331,0.00112545,-2.90575,-4.64309,3.45399,-3.57185
0.528474,370.331,0.00112566,-2.94686,-4.58987,5.26808,-5.44785
0.528474,370.331,0.00112586,-2.97634,-4.51855,7.06138,-7.30234
0.528474,370.331,0.00112606,-2.99408,-4.42939,8.82681,-9.12802
0.528474,370.331,0.00112626,-3,-4.32275,10.5574,-10.9177
0.528474,370.331,0.00112646,-2.99408,-4.19905,12.2463,-12.6642
0.528474,370.331,0.00112667,-2.97634,-4.05877,13.8869,-14.3608
0.528474,370.331,0.00112687,-2.94686,-3.90248,15.4727,-16.0007
0.528474,370.331,0.00112707,-2.90575,-3.73079,16.9975,-17.5775
0.528474,370.331,0.00112727,-2.85317,-3.54438,18.4551,-19.0849
0.528474,370.331,0.00112747,-2.78933,-3.34397,19.8399,-20.517
0.528474,370.331,0.00112768,-2.71448,-3.13037,21.1464,-21.8681
0.528474,370.331,0.00112788,-2.62892,-2.90442,22.3695,-23.1328
0.528474,370.331,0.00112808,-2.53298,-2.667,23.5043,-24.3064
0.528474,370.331,0.00112828,-2.42705,-2.41906,24.5463,-25.3839
0.528474,370.331,0.00112848,-2.31154,-2.16157,25.4914,-26.3613
0.528474,370.331,0.00112869,-2.18691,-1.89555,26.336,-27.2347
0.528474,370.331,0.00112889,-2.05364,-1.62205,27.0766,-28.0006
0.528474,370.331,0.00112909,-1.91227,-1.34215,27.7103,-28.6559
0.528474,370.331,0.00112929,-1.76336,-1.05695,28.2347,-29.1982
0.528474,370.331,0.00112949,-1.60748,-0.767577,28.6477,-29.6253
0.528474,370.331,0.0011297,-1.44526,-0.475177,28.9476,-29.9354
0.528474,370.331,0.0011299,-1.27734,-0.180901,29.1332,-30.1274
0.528474,370.331,0.0011301,-1.10437,0.114088,29.2039,-30.2005
0.528474,370.331,0.0011303,-0.927051,0.408626,29.1593,-30.1544
0.528474,370.331,0.00113051,-0.74607,0.701553,28.9997,-29.9893
0.528474,370.331,0.00113071,-0.562144,0.99171,28.7256,-29.7058
0.528474,370.331,0.00113091,-0.376,1.27795,28.3381,-29.3051
0.528474,370.331,0.00113111,-0.188372,1.55915,27.8388,-28.7888
0.528474,370.331,0.00113131,-4.11468e-014,1.8342,27.2296,-28.1588
0.528474,370.331,0.00113152,0.188372,2.10201,26.513,-27.4177
0.528474,370.331,0.00113172,0.376,2.36152,25.6917,-26.5684
0.528474,370.331,0.00113192,0.562144,2.61171,24.7691,-25.6143
0.528474,370.331,0.00113212,0.74607,2.8516,23.7487,-24.5591
0.528474,370.331,0.00113232,0.927051,3.08023,22.6345,-23.4069
0.528474,370.331,0.00113253,1.10437,3.29671,21.431,-22.1624
0.528474,370.331,0.00113273,1.27734,3.50017,20.143,-20.8304
0.528474,370.331,0.00113293,1.44526,3.68982,18.7754,-19.4161
0.528474,370.331,0.00113313,1.60748,3.86491,17.3338,-17.9253
0.528474,370.331,0.00113333,1.76336,4.02475,15.8238,-16.3637
0.528474,370.331,0.00113354,1.91227,4.1687,14.2513,-14.7376
0.528474,370.331,0.00113374,2.05364,4.2962,12.6225,-13.0532
0.528474,370.331,0.00113394,2.18691,4.40674,10.944,-11.3174
0.528474,370.331,0.00113414,2.31154,4.4999,9.22221,-9.53691
0.528474,370.331,0.00113434,2.42705,4.57529,7.46406,-7.71877
0.528474,370.331,0.00113455,2.53298,4.63263,5.67646,-5.87016
0.528474,370.331,0.00113475,2.62892,4.67168,3.86645,-3.99839
0.528474,370.331,0.00113495,2.71448,4.6923,2.04119,-2.11084
0.528474,370.331,0.00113515,2.78933,4.6944,0.207872,-0.214965
0.528474,370.331,0.00113535,2.85317,4.67798,-1.62627,1.68176
0.528474,370.331,0.00113556,2.90575,4.64309,-3.45399,3.57185
0.528474,370.331,0.00113576,2.94686,4.58987,-5.26808,5.44785
0.528474,370.331,0.00113596,2.97634,4.51855,-7.06138,7.30234
0.528474,370.331,0.00113616,2.99408,4.42939,-8.82681,9.12802
0.528474,370.331,0.00113636,3,4.32275,-10.5574,10.9177
0.528474,370.331,0.00113657,2.99408,4.19905,-12.2463,12.6642
0.528474,370.331,0.00113677,2.97634,4.05877,-13.8869,14.3608
0.528474,370.331,0.00113697,2.94686,3.90248,-15.4727,16.0007
0.528474,370.331,0.00113717,2.90575,3.73079,-16.9975,17.5775
0.528474,370.331,0.00113737,2.85317,3.54438,-18.4551,19.0849
0.528474,370.331,0.00113758,2.78933,3.34397,-19.8399,20.517
0.528474,370.331,0.00113778,2.71448,3.13037,-21.1464,21.8681
0.528474,370.331,0.00113798,2.62892,2.90442,-22.3695,23.1328
0.528474,370.331,0.00113818,2.53298,2.667,-23.5043,24.3064
0.528474,370.331,0.00113838,2.42705,2.41906,-24.5463,25.3839
0.528474,370.331,0.00113859,2.31154,2.16157,-25.4914,26.3613
0.528474,370.331,0.00113879,2.18691,1.89555,-26.336,27.2347
0.528474,370.331,0.00113899,2.05364,1.62205,-27.0766,28.0006
0.528474,370.331,0.00113919,1.91227,1.34215,-27.7103,28.6559
0.528474,370.331,0.00113939,1.76336,1.05695,-28.2347,29.1982
0.528474,370.331,0.0011396,1.60748,0.767577,-28.6477,29.6253
0.528474,370.331,0.0011398,1.44526,0.475177,-28.9476,29.9354
0.528474,370.331,0.00114,1.27734,0.180902,-29.1332,30.1274
0.528474,370.331,0.0011402,1.10437,-0.114088,-29.2039,30.2005
0.528474,370.331,0.0011404,0.927051,-0.408626,-29.1593,30.1544
0.528474,370.331,0.00114061,0.74607,-0.701553,-28.9997,29.9893
0.528474,370.331,0.00114081,0.562144,-0.99171,-28.7256,29.7058
0.528474,370.331,0.00114101,0.376,-1.27795,-28.3381,29.3051
0.528474,370.331,0.00114121,0.188372,-1.55915,-27.8388,28.7888
0.528474,370.331,0.00114141,7.34886e-014,-1.8342,-27.2296,28.1588
0.528474,370.331,0.00114162,-0.188372,-2.10201,-26.513,27.4177
0.528474,370.331,0.00114182,-0.376,-2.36152,-25.6917,26.5684
0.528474,370.331,0.00114202,-0.562144,-2.61171,-24.7691,25.6143
0.528474,370.331,0.00114222,-0.74607,-2.8516,-23.7487,24.5591
0.528474,370.331,0.00114242,-0.927051,-3.08023,-22.6345,23.4069
0.528474,370.331,0.00114263,-1.10437,-3.29671,-21.431,22.1624
0.528474,370.331,0.00114283,-1.27734,-3.50017,-20.143,20.8304
0.528474,370.331,0.00114303,-1.44526,-3.68982,-18.7754,19.4161
0.528474,370.331,0.00114323,-1.60748,-3.86491,-17.3338,17.9253
0.528474,370.331,0.00114343,-1.76336,-4.02475,-15.8238,16.3637
0.528474,370.331,0.00114364,-1.91227,-4.1687,-14.2513,14.7376
0.528474,370.331,0.00114384,-2.05364,-4.2962,-12.6225,13.0532
0.528474,370.331,0.00114404,-2.18691,-4.40674,-10.944,11.3174
0.528474,370.331,0.00114424,-2.31154,-4.4999,-9.22221,9.53691
0.528474,370.331,0.00114444,-2.42705,-4.57529,-7.46406,7.71877
0.528474,370.331,0.00114465,-2.53298,-4.63263,-5.67646,5.87016
0.528474,370.331,0.00114485,-2.62892,-4.67168,-3.86645,3.99839
0.528474,370.331,0.00114505,-2.71448,-4.6923,-2.04119,2.11084
0.528474,370.331,0.00114525,-2.78933,-4.6944,-0.207872,0.214965
0.528474,370.331,0.00114545,-2.85317,-4.67798,1.62627,-1.68176
0.528474,370.331,0.00114566,-2.90575,-4.64309,3.45399,-3.57185
0.528474,370.331,0.00114586,-2.94686,-4.58987,5.26808,-5.44785
0.528474,370.331,0.00114606,-2.97634,-4.51855,7.06138,-7.30234
0.528474,370.331,0.00114626,-2.99408,-4.42939,8.82681,-9.12802
0.528474,370.331,0.00114646,-3,-4.32275,10.5574,-10.9177
0.528474,370.331,0.00114667,-2.99408,-4.19905,12.2463,-12.6642
0.528474,370.331,0.00114687,-2.97634,-4.05877,13.8869,-14.3608
0.528474,370.331,0.00114707,-2.94686,-3.90248,15.4727,-16.0007
0.528474,370.331,0.00114727,-2.90575,-3.73079,16.9975,-17.5775
0.528474,370.331,0.00114747,-2.85317,-3.54438,18.4551,-19.0849
0.528474,370.331,0.00114768,-2.78933,-3.34397,19.8399,-20.517
0.528474,370.331,0.00114788,-2.71448,-3.13037,21.1464,-21.8681
0.528474,370.331,0.00114808,-2.62892,-2.90442,22.3695,-23.1328
0.528474,370.331,0.00114828,-2.53298,-2.667,23.5043,-24.3064
0.528474,370.331,0.00114848,-2.42705,-2.41906,24.5463,-25.3839
0.528474,370.331,0.00114869,-2.31154,-2.16157,25.4914,-26.3613
0.528474,370.331,0.00114889,-2.18691,-1.89555,26.336,-27.2347
0.528474,370.331,0.00114909,-2.05364,-1.62205,27.0766,-28.0006
0.528474,370.331,0.00114929,-1.91227,-1.34215,27.7103,-28.6559
0.528474,370.331,0.00114949,-1.76336,-1.05695,28.2347,-29.1982
0.528474,370.331,0.0011497,-1.60748,-0.767577,28.6477,-29.6253
0.528474,370.331,0.0011499,-1.44526,-0.475177,28.9476,-29.9354
0.528474,370.331,0.0011501,-1.27734,-0.180902,29.1332,-30.1274
0.528474,370.331,0.0011503,-1.10437,0.114088,29.2039,-30.2005
0.528474,370.331,0.00115051,-0.927051,0.408626,29.1593,-30.1544
0.528474,370.331,0.00115071,-0.74607,0.701553,28.9997,-29.9893
0.528474,370.331,0.00115091,-0.562144,0.99171,28.7256,-29.7058
0.528474,370.331,0.00115111,-0.376,1.27795,28.3381,-29.3051
0.528474,370.331,0.00115131,-0.188372,1.55915,27.8388,-28.7888
0.528474,370.331,0.00115152,-1.0583e-013,1.8342,27.2296,-28.1588
0.528474,370.331,0.00115172,0.188372,2.10201,26.513,-27.4177
0.528474,370.331,0.00115192,0.376,2.36152,25.6917,-26.5684
0.528474,370.331,0.00115212,0.562144,2.61171,24.7691,-25.6143
0.528474,370.331,0.00115232,0.74607,2.8516,23.7487,-24.5591
0.528474,370.331,0.00115253,0.927051,3.08023,22.6345,-23.4069
0.528474,370.331,0.00115273,1.10437,3.29671,21.431,-22.1624
0.528474,370.331,0.00115293,1.27734,3.50017,20.143,-20.8304
0.528474,370.331,0.00115313,1.44526,3.68982,18.7754,-19.4161
0.528474,370.331,0.00115333,1.60748,3.86491,17.3338,-17.9253
0.528474,370.331,0.00115354,1.76336,4.02475,15.8238,-16.3637
0.528474,370.331,0.00115374,1.91227,4.1687,14.2513,-14.7376
0.528474,370.331,0.00115394,2.05364,4.2962,12.6225,-13.0532
0.528474,370.331,0.00115414,2.18691,4.40674,10.944,-11.3174
0.528474,370.331,0.00115434,2.31154,4.4999,9.22221,-9.53691
0.528474,370.331,0.00115455,2.42705,4.57529,7.46406,-7.71877
0.528474,370.331,0.00115475,2.53298,4.63263,5.67646,-5.87016
0.528474,370.331,0.00115495,2.62892,4.67168,3.86645,-3.99839
0.528474,370.331,0.00115515,2.71448,4.6923,2.04119,-2.11084
0.528474,370.331,0.00115535,2.78933,4.6944,0.207872,-0.214965
0.528474,370.331,0.00115556,2.85317,4.67798,-1.62627,1.68176
0.528474,370.331,0.00115576,2.90575,4.64309,-3.45399,3.57185
0.528474,370.331,0.00115596,2.94686,4.58987,-5.26808,5.44785
0.528474,370.331,0.00115616,2.97634,4.51855,-7.06138,7.30234
0.528474,370.331,0.00115636,2.99408,4.42939,-8.82681,9.12802
0.528474,370.331,0.00115657,3,4.32275,-10.5574,10.9177
0.528474,370.331,0.00115677,2.99408,4.19905,-12.2463,12.6642
0.528474,370.331,0.00115697,2.97634,4.05877,-13.8869,14.3608
0.528474,370.331,0.00115717,2.94686,3.90248,-15.4727,16.0007
0.528474,370.331,0.00115737,2.90575,3.73079,-16.9975,17.5775
0.528474,370.331,0.00115758,2.85317,3.54438,-18.4551,19.0849
0.528474,370.331,0.00115778,2.78933,3.34397,-19.8399,20.517
0.528474,370.331,0.00115798,2.71448,3.13037,-21.1464,21.8681
0.528474,370.331,0.00115818,2.62892,2.90442,-22.3695,23.1328
0.528474,370.331,0.00115838,2.53298,2.667,-23.5043,24.3064
0.528474,370.331,0.00115859,2.42705,2.41906,-24.5463,25.3839
0.528474,370.331,0.00115879,2.31154,2.16157,-25.4914,26.3613
0.528474,370.331,0.00115899,2.18691,1.89555,-26.336,27.2347
0.528474,370.331,0.00115919,2.05364,1.62205,-27.0766,28.0006
0.528474,370.331,0.00115939,1.91227,1.34215,-27.7103,28.6559
0.528474,370.331,0.0011596,1.76336,1.05695,-28.2347,29.1982
0.528474,370.331,0.0011598,1.60748,0.767577,-28.6477,29.6253
0.528474,370.331,0.00116,1.44526,0.475177,-28.9476,29.9354
0.528474,370.331,0.0011602,1.27734,0.180902,-29.1332,30.1274
0.528474,370.331,0.0011604,1.10437,-0.114088,-29.2039,30.2005
0.528474,370.331,0.00116061,0.927051,-0.408626,-29.1593,30.1544
0.528474,370.331,0.00116081,0.74607,-0.701553,-28.9997,29.9893
0.528474,370.331,0.00116101,0.562144,-0.99171,-28.7256,29.7058
0.528474,370.331,0.00116121,0.376,-1.27795,-28.3381,29.3051
0.528474,370.331,0.00116141,0.188372,-1.55915,-27.8388,28.7888
0.528474,370.331,0.00116162,-3.23581e-014,-1.8342,-27.2296,28.1588
0.528474,370.331,0.00116182,-0.188372,-2.10201,-26.513,27.4177
0.528474,370.331,0.00116202,-0.376,-2.36152,-25.6917,26.5684
0.528474,370.331,0.00116222,-0.562144,-2.61171,-24.7691,25.6143
0.528474,370.331,0.00116242,-0.74607,-2.8516,-23.7487,24.5591
0.528474,370.331,0.00116263,-0.927051,-3.08023,-22.6345,23.4069
0.528474,370.331,0.00116283,-1.10437,-3.29671,-21.431,22.1624
0.528474,370.331,0.00116303,-1.27734,-3.50017,-20.143,20.8304
0.528474,370.331,0.00116323,-1.44526,-3.68982,-18.7754,19.4161
0.528474,370.331,0.00116343,-1.60748,-3.86491,-17.3338,17.9253
0.528474,370.331,0.00116364,-1.76336,-4.02475,-15.8238,16.3637
0.528474,370.331,0.00116384,-1.91227,-4.1687,-14.2513,14.7376
0.528474,370.331,0.00116404,-2.05364,-4.2962,-12.6225,13.0532
0.528474,370.331,0.00116424,-2.18691,-4.40674,-10.944,11.3174
0.528474,370.331,0.00116444,-2.31154,-4.4999,-9.22221,9.53691
0.528474,370.331,0.00116465,-2.42705,-4.57529,-7.46406,7.71877
0.528474,370.331,0.00116485,-2.53298,-4.63263,-5.67646,5.87016
0.528474,370.331,0.00116505,-2.62892,-4.67168,-3.86645,3.99839
0.528474,370.331,0.00116525,-2.71448,-4.6923,-2.04119,2.11085
0.528474,370.331,0.00116545,-2.78933,-4.6944,-0.207872,0.214965
0.528474,370.331,0.00116566,-2.85317,-4.67798,1.62627,-1.68176
0.528474,370.331,0.00116586,-2.90575,-4.64309,3.45399,-3.57185
0.528474,370.331,0.00116606,-2.94686,-4.58987,5.26808,-5.44785
0.528474,370.331,0.00116626,-2.97634,-4.51855,7.06138,-7.30234
0.528474,370.331,0.00116646,-2.99408,-4.42939,8.82681,-9.12802
0.528474,370.331,0.00116667,-3,-4.32275,10.5574,-10.9177
0.528474,370.331,0.00116687,-2.99408,-4.19905,12.2463,-12.6642
0.528474,370.331,0.00116707,-2.97634,-4.05877,13.8869,-14.3608
0.528474,370.331,0.00116727,-2.94686,-3.90248,15.4727,-16.0007
0.528474,370.331,0.00116747,-2.90575,-3.73079,16.9975,-17.5775
0.528474,370.331,0.00116768,-2.85317,-3.54438,18.4551,-19.0849
0.528474,370.331,0.00116788,-2.78933,-3.34397,19.8399,-20.517
0.528474,370.331,0.00116808,-2.71448,-3.13037,21.1464,-21.8681
0.528474,370.331,0.00116828,-2.62892,-2.90442,22.3695,-23.1328
0.528474,370.331,0.00116848,-2.53298,-2.667,23.5043,-24.3064
0.528474,370.331,0.00116869,-2.42705,-2.41906,24.5463,-25.3839
0.528474,370.331,0.00116889,-2.31154,-2.16157,25.4914,-26.3613
0.528474,370.331,0.00116909,-2.18691,-1.89555,26.336,-27.2347
0.528474,370.331,0.00116929,-2.05364,-1.62205,27.0766,-28.0006
0.528474,370.331,0.00116949,-1.91227,-1.34215,27.7103,-28.6559
0.528474,370.331,0.0011697,-1.76336,-1.05695,28.2347,-29.1982
0.528474,370.331,0.0011699,-1.60748,-0.767577,28.6477,-29.6253
0.528474,370.331,0.0011701,-1.44526,-0.475177,28.9476,-29.9354
0.528474,370.331,0.0011703,-1.27734,-0.180902,29.1332,-30.1274
0.528474,370.331,0.00117051,-1.10437,0.114088,29.2039,-30.2005
0.528474,370.331,0.00117071,-0.927051,0.408626,29.1593,-30.1544
0.528474,370.331,0.00117091,-0.74607,0.701553,28.9997,-29.9893
0.528474,370.331,0.00117111,-0.562144,0.99171,28.7256,-29.7058
0.528474,370.331,0.00117131,-0.376,1.27795,28.3381,-29.3051
0.528474,370.331,0.00117152,-0.188372,1.55915,27.8388,-28.7888
0.528474,370.331,0.00117172,1.6263e-017,1.8342,27.2296,-28.1588
0.528474,370.331,0.00117192,0.188372,2.10201,26.513,-27.4177
0.528474,370.331,0.00117212,0.376,2.36152,25.6917,-26.5684
0.528474,370.331,0.00117232,0.562144,2.61171,24.7691,-25.6143
0.528474,370.331,0.00117253,0.74607,2.8516,23.7487,-24.5591
0.528474,370.331,0.00117273,0.927051,3.08023,22.6345,-23.4069
0.528474,370.331,0.00117293,1.10437,3.29671,21.431,-22.1624
0.528474,370.331,0.00117313,1.27734,3.50017,20.143,-20.8304
0.528474,370.331,0.00117333,1.44526,3.68982,18.7754,-19.4161
0.528474,370.331,0.00117354,1.60748,3.86491,17.3338,-17.9253
0.528474,370.331,0.00117374,1.76336,4.02475,15.8238,-16.3637
0.528474,370.331,0.00117394,1.91227,4.1687,14.2513,-14.7376
0.528474,370.331,0.00117414,2.05364,4.2962,12.6225,-13.0532
0.528474,370.331,0.00117434,2.18691,4.40674,10.944,-11.3174
0.528474,370.331,0.00117455,2.31154,4.4999,9.22221,-9.53691
0.528474,370.331,0.00117475,2.42705,4.57529,7.46406,-7.71877
0.528474,370.331,0.00117495,2.53298,4.63263,5.67646,-5.87016
0.528474,370.331,0.00117515,2.62892,4.67168,3.86645,-3.99839
0.528474,370.331,0.00117535,2.71448,4.6923,2.04119,-2.11085
0.528474,370.331,0.00117556,2.78933,4.6944,0.207872,-0.214965
0.528474,370.331,0.00117576,2.85317,4.67798,-1.62627,1.68176
0.528474,370.331,0.00117596,2.90575,4.64309,-3.45399,3.57185
0.528474,370.331,0.00117616,2.94686,4.58987,-5.26808,5.44785
0.528474,370.331,0.00117636,2.97634,4.51855,-7.06138,7.30234
0.528474,370.331,0.00117657,2.99408,4.42939,-8.82681,9.12802
0.528474,370.331,0.00117677,3,4.32275,-10.5574,10.9177
0.528474,370.331,0.00117697,2.99408,4.19905,-12.2463,12.6642
0.528474,370.331,0.00117717,2.97634,4.05877,-13.8869,14.3608
0.528474,370.331,0.00117737,2.94686,3.90248,-15.4727,16.0007
0.528474,370.331,0.00117758,2.90575,3.73079,-16.9975,17.5775
0.528474,370.331,0.00117778,2.85317,3.54438,-18.4551,19.0849
0.528474,370.331,0.00117798,2.78933,3.34397,-19.8399,20.517
0.528474,370.331,0.00117818,2.71448,3.13037,-21.1464,21.8681
0.528474,370.331,0.00117838,2.62892,2.90442,-22.3695,23.1328
0.528474,370.331,0.00117859,2.53298,2.667,-23.5043,24.3064
0.528474,370.331,0.00117879,2.42705,2.41906,-24.5463,25.3839
0.528474,370.331,0.00117899,2.31154,2.16157,-25.4914,26.3613
0.528474,370.331,0.00117919,2.18691,1.89555,-26.336,27.2347
0.528474,370.331,0.00117939,2.05364,1.62205,-27.0766,28.0006
0.528474,370.331,0.0011796,1.91227,1.34215,-27.7103,28.6559
0.528474,370.331,0.0011798,1.76336,1.05695,-28.2347,29.1982
0.528474,370.331,0.00118,1.60748,0.767577,-28.6477,29.6253
0.528474,370.331,0.0011802,1.44526,0.475177,-28.9476,29.9354
0.528474,370.331,0.0011804,1.27734,0.180902,-29.1332,30.1274
0.528474,370.331,0.00118061,1.10437,-0.114088,-29.2039,30.2005
0.528474,370.331,0.00118081,0.927051,-0.408626,-29.1593,30.1544
0.528474,370.331,0.00118101,0.74607,-0.701553,-28.9997,29.9893
0.528474,370.331,0.00118121,0.562144,-0.99171,-28.7256,29.7058
0.528474,370.331,0.00118141,0.376,-1.27795,-28.3381,29.3051
0.528474,370.331,0.00118162,0.188372,-1.55915,-27.8388,28.7888
0.528474,370.331,0.00118182,3.23255e-014,-1.8342,-27.2296,28.1588
0.528474,370.331,0.00118202,-0.188372,-2.10201,-26.513,27.4177
0.528474,370.331,0.00118222,-0.376,-2.36152,-25.6917,26.5684
0.528474,370.331,0.00118242,-0.562144,-2.61171,-24.7691,25.6143
0.528474,370.331,0.00118263,-0.74607,-2.8516,-23.7487,24.5591
0.528474,370.331,0.00118283,-0.927051,-3.08023,-22.6345,23.4069
0.528474,370.331,0.00118303,-1.10437,-3.29671,-21.431,22.1624
0.528474,370.331,0.00118323,-1.27734,-3.50017,-20.143,20.8304
0.528474,370.331,0.00118343,-1.44526,-3.68982,-18.7754,19.4161
0.528474,370.331,0.00118364,-1.60748,-3.86491,-17.3338,17.9253
0.528474,370.331,0.00118384,-1.76336,-4.02475,-15.8238,16.3637
0.528474,370.331,0.00118404,-1.91227,-4.1687,-14.2513,14.7376
0.528474,370.331,0.00118424,-2.05364,-4.2962,-12.6225,13.0532
0.528474,370.331,0.00118444,-2.18691,-4.40674,-10.944,11.3174
0.528474,370.331,0.00118465,-2.31154,-4.4999,-9.22221,9.53691
0.528474,370.331,0.00118485,-2.42705,-4.57529,-7.46406,7.71877
0.528474,370.331,0.00118505,-2.53298,-4.63263,-5.67646,5.87016
0.528474,370.331,0.00118525,-2.62892,-4.67168,-3.86645,3.99839
0.528474,370.331,0.00118545,-2.71448,-4.6923,-2.04119,2.11085
0.528474,370.331,0.00118566,-2.78933,-4.6944,-0.207872,0.214965
0.528474,370.331,0.00118586,-2.85317,-4.67798,1.62627,-1.68176
0.528474,370.331,0.00118606,-2.90575,-4.64309,3.45399,-3.57185
0.528474,370.331,0.00118626,-2.94686,-4.58987,5.26808,-5.44785
0.528474,370.331,0.00118646,-2.97634,-4.51855,7.06138,-7.30234
0.528474,370.331,0.00118667,-2.99408,-4.42939,8.82681,-9.12802
0.528474,370.331,0.00118687,-3,-4.32275,10.5574,-10.9177
0.528474,370.331,0.00118707,-2.99408,-4.19905,12.2463,-12.6642
0.528474,370.331,0.00118727,-2.97634,-4.05877,13.8869,-14.3608
0.528474,370.331,0.00118747,-2.94686,-3.90248,15.4727,-16.0007
0.528474,370.331,0.00118768,-2.90575,-3.73079,16.9975,-17.5775
0.528474,370.331,0.00118788,-2.85317,-3.54438,18.4551,-19.0849
0.528474,370.331,0.00118808,-2.78933,-3.34397,19.8399,-20.517
0.528474,370.331,0.00118828,-2.71448,-3.13037,21.1464,-21.8681
0.528474,370.331,0.00118848,-2.62892,-2.90442,22.3695,-23.1328
0.528474,370.331,0.00118869,-2.53298,-2.667,23.5043,-24.3064
0.528474,370.331,0.00118889,-2.42705,-2.41906,24.5463,-25.3839
0.528474,370.331,0.00118909,-2.31154,-2.16157,25.4914,-26.3613
0.528474,370.331,0.00118929,-2.18691,-1.89555,26.336,-27.2347
0.528474,370.331,0.00118949,-2.05364,-1.62205,27.0766,-28.0006
0.528474,370.331,0.0011897,-1.91227,-1.34215,27.7103,-28.6559
0.528474,370.331,0.0011899,-1.76336,-1.05695,28.2347,-29.1982
0.528474,370.331,0.0011901,-1.60748,-0.767577,28.6477,-29.6253
0.528474,370.331,0.0011903,-1.44526,-0.475177,28.9476,-29.9354
0.528474,370.331,0.00119051,-1.27734,-0.180902,29.1332,-30.1274
0.528474,370.331,0.00119071,-1.10437,0.114088,29.2039,-30.2005
0.528474,370.331,0.00119091,-0.927051,0.408626,29.1593,-30.1544
0.528474,370.331,0.00119111,-0.74607,0.701553,28.9997,-29.9893
0.528474,370.331,0.00119131,-0.562144,0.99171,28.7256,-29.7058
0.528474,370.331,0.00119152,-0.376,1.27795,28.3381,-29.3051
0.528474,370.331,0.00119172,-0.188372,1.55915,27.8388,-28.7888
0.528474,370.331,0.00119192,-6.46673e-014,1.8342,27.2296,-28.1588
0.528474,370.331,0.00119212,0.188372,2.10201,26.513,-27.4177
0.528474,370.331,0.00119232,0.376,2.36152,25.6917,-26.5684
0.528474,370.331,0.00119253,0.562144,2.61171,24.7691,-25.6143
0.528474,370.331,0.00119273,0.74607,2.8516,23.7487,-24.5591
0.528474,370.331,0.00119293,0.927051,3.08023,22.6345,-23.4069
0.528474,370.331,0.00119313,1.10437,3.29671,21.431,-22.1624
0.528474,370.331,0.00119333,1.27734,3.50017,20.143,-20.8304
0.528474,370.331,0.00119354,1.44526,3.68982,18.7754,-19.4161
0.528474,370.331,0.00119374,1.60748,3.86491,17.3338,-17.9253
0.528474,370.331,0.00119394,1.76336,4.02475,15.8238,-16.3637
0.528474,370.331,0.00119414,1.91227,4.1687,14.2513,-14.7376
0.528474,370.331,0.00119434,2.05364,4.2962,12.6225,-13.0532
0.528474,370.331,0.00119455,2.18691,4.40674,10.944,-11.3174
0.528474,370.331,0.00119475,2.31154,4.4999,9.22221,-9.53691
0.528474,370.331,0.00119495,2.42705,4.57529,7.46406,-7.71877
0.528474,370.331,0.00119515,2.53298,4.63263,5.67646,-5.87016
0.528474,370.331,0.00119535,2.62892,4.67168,3.86645,-3.99839
0.528474,370.331,0.00119556,2.71448,4.6923,2.04119,-2.11085
0.528474,370.331,0.00119576,2.78933,4.6944,0.207872,-0.214965
0.528474,370.331,0.00119596,2.85317,4.67798,-1.62627,1.68176
0.528474,370.331,0.00119616,2.90575,4.64309,-3.45399,3.57185
0.528474,370.331,0.00119636,2.94686,4.58987,-5.26808,5.44785
0.528474,370.331,0.00119657,2.97634,4.51855,-7.06138,7.30234
0.528474,370.331,0.00119677,2.99408,4.42939,-8.82681,9.12802
0.528474,370.331,0.00119697,3,4.32275,-10.5574,10.9177
0.528474,370.331,0.00119717,2.99408,4.19905,-12.2463,12.6642
0.528474,370.331,0.00119737,2.97634,4.05877,-13.8869,14.3608
0.528474,370.331,0.00119758,2.94686,3.90248,-15.4727,16.0007
0.528474,370.331,0.00119778,2.90575,3.73079,-16.9975,17.5775
0.528474,370.331,0.00119798,2.85317,3.54438,-18.4551,19.0849
0.528474,370.331,0.00119818,2.78933,3.34397,-19.8399,20.517
0.528474,370.331,0.00119838,2.71448,3.13037,-21.1464,21.8681
0.528474,370.331,0.00119859,2.62892,2.90442,-22.3695,23.1328
0.528474,370.331,0.00119879,2.53298,2.667,-23.5043,24.3064
0.528474,370.331,0.00119899,2.42705,2.41906,-24.5463,25.3839
0.528474,370.331,0.00119919,2.31154,2.16157,-25.4914,26.3613
0.528474,370.331,0.00119939,2.18691,1.89555,-26.336,27.2347
0.528474,370.331,0.0011996,2.05364,1.62205,-27.0766,28.0006
0.528474,370.331,0.0011998,1.91227,1.34215,-27.7103,28.6559
0.528474,370.331,0.0012,1.76336,1.05695,-28.2347,29.1982
0.528474,370.331,0.0012002,1.60748,0.767577,-28.6477,29.6253
0.528474,370.331,0.0012004,1.44526,0.475177,-28.9476,29.9354
0.528474,370.331,0.00120061,1.27734,0.180902,-29.1332,30.1274
0.528474,370.331,0.00120081,1.10437,-0.114088,-29.2039,30.2005
0.528474,370.331,0.00120101,0.927051,-0.408626,-29.1593,30.1544
0.528474,370.331,0.00120121,0.74607,-0.701553,-28.9997,29.9893
0.528474,370.331,0.00120141,0.562144,-0.99171,-28.7256,29.7058
0.528474,370.331,0.00120162,0.376,-1.27795,-28.3381,29.3051
0.528474,370.331,0.00120182,0.188372,-1.55915,-27.8388,28.7888
0.528474,370.331,0.00120202,9.70092e-014,-1.8342,-27.2296,28.1588
0.528474,370.331,0.00120222,-0.188372,-2.10201,-26.513,27.4177
0.528474,370.331,0.00120242,-0.376,-2.36152,-25.6917,26.5684
0.528474,370.331,0.00120263,-0.562144,-2.61171,-24.7691,25.6143
0.528474,370.331,0.00120283,-0.74607,-2.8516,-23.7487,24.5591
0.528474,370.331,0.00120303,-0.927051,-3.08023,-22.6345,23.4069
0.528474,370.331,0.00120323,-1.10437,-3.29671,-21.431,22.1624
0.528474,370.331,0.00120343,-1.27734,-3.50017,-20.143,20.8304
0.528474,370.331,0.00120364,-1.44526,-3.68982,-18.7754,19.4161
0.528474,370.331,0.00120384,-1.60748,-3.86491,-17.3338,17.9253
0.528474,370.331,0.00120404,-1.76336,-4.02475,-15.8238,16.3637
0.528474,370.331,0.00120424,-1.91227,-4.1687,-14.2513,14.7376
0.528474,370.331,0.00120444,-2.05364,-4.2962,-12.6225,13.0532
0.528474,370.331,0.00120465,-2.18691,-4.40674,-10.944,11.3174
0.528474,370.331,0.00120485,-2.31154,-4.4999,-9.22221,9.53691
0.528474,370.331,0.00120505,-2.42705,-4.57529,-7.46406,7.71877
0.528474,370.331,0.00120525,-2.53298,-4.63263,-5.67646,5.87016
0.528474,370.331,0.00120545,-2.62892,-4.67168,-3.86645,3.99839
0.528474,370.331,0.00120566,-2.71448,-4.6923,-2.04119,2.11085
0.528474,370.331,0.00120586,-2.78933,-4.6944,-0.207872,0.214965
0.528474,370.331,0.00120606,-2.85317,-4.67798,1.62627,-1.68176
0.528474,370.331,0.00120626,-2.90575,-4.64309,3.45399,-3.57185
0.528474,370.331,0.00120646,-2.94686,-4.58987,5.26808,-5.44785
0.528474,370.331,0.00120667,-2.97634,-4.51855,7.06138,-7.30234
0.528474,370.331,0.00120687,-2.99408,-4.42939,8.82681,-9.12802
0.528474,370.331,0.00120707,-3,-4.32275,10.5574,-10.9177
0.528474,370.331,0.00120727,-2.99408,-4.19905,12.2463,-12.6642
0.528474,370.331,0.00120747,-2.97634,-4.05877,13.8869,-14.3608
0.528474,370.331,0.00120768,-2.94686,-3.90248,15.4727,-16.0007
0.528474,370.331,0.00120788,-2.90575,-3.73079,16.9975,-17.5775
0.528474,370.331,0.00120808,-2.85317,-3.54438,18.4551,-19.0849
0.528474,370.331,0.00120828,-2.78933,-3.34397,19.8399,-20.517
0.528474,370.331,0.00120848,-2.71448,-3.13037,21.1464,-21.8681
0.528474,370.331,0.00120869,-2.62892,-2.90442,22.3695,-23.1328
0.528474,370.331,0.00120889,-2.53298,-2.667,23.5043,-24.3064
0.528474,370.331,0.00120909,-2.42705,-2.41906,24.5463,-25.3839
0.528474,370.331,0.00120929,-2.31154,-2.16157,25.4914,-26.3613
0.528474,370.331,0.00120949,-2.18691,-1.89555,26.336,-27.2347
0.528474,370.331,0.0012097,-2.05364,-1.62205,27.0766,-28.0006
0.528474,370.331,0.0012099,-1.91227,-1.34215,27.7103,-28.6559
0.528474,370.331,0.0012101,-1.76336,-1.05695,28.2347,-29.1982
0.528474,370.331,0.0012103,-1.60748,-0.767577,28.6477,-29.6253
0.528474,370.331,0.00121051,-1.44526,-0.475177,28.9476,-29.9354
0.528474,370.331,0.00121071,-1.27734,-0.180902,29.1332,-30.1274
0.528474,370.331,0.00121091,-1.10437,0.114088,29.2039,-30.2005
0.528474,370.331,0.00121111,-0.927051,0.408626,29.1593,-30.1544
0.528474,370.331,0.00121131,-0.74607,0.701553,28.9997,-29.9893
0.528474,370.331,0.00121152,-0.562144,0.99171,28.7256,-29.7058
0.528474,370.331,0.00121172,-0.376,1.27795,28.3381,-29.3051
0.528474,370.331,0.00121192,-0.188372,1.55915,27.8388,-28.7888
0.528474,370.331,0.00121212,-1.29351e-013,1.8342,27.2296,-28.1588
