Amp, Phaseshift, Time, Vd, Vr, VL, VC
-0.295302,372.404,0,0,0,0,0
-0.295302,372.404,2.66667e-007,0.188372,0.00251162,0.188372,0
-0.295302,372.404,5.33333e-007,0.376,0.00749146,0.373488,0.00133953
-0.295302,372.404,8e-007,0.562144,0.014869,0.553313,0.00533498
-0.295302,372.404,1.06667e-006,0.74607,0.0245472,0.725866,0.0132651
-0.295302,372.404,1.33333e-006,0.927051,0.0364037,0.889239,0.0263569
-0.295302,372.404,1.6e-006,1.10437,0.0502919,1.04161,0.0457722
-0.295302,372.404,1.86667e-006,1.27734,0.0660422,1.18127,0.0725946
-0.295302,372.404,2.13333e-006,1.44526,0.0834638,1.30662,0.107817
-0.295302,372.404,2.4e-006,1.60748,0.102347,1.4162,0.152331
-0.295302,372.404,2.66667e-006,1.76336,0.122462,1.50868,0.206916
-0.295302,372.404,2.93333e-006,1.91227,0.143567,1.58289,0.272229
-0.295302,372.404,3.2e-006,2.05364,0.165405,1.63784,0.348798
-0.295302,372.404,3.46667e-006,2.18691,0.187708,1.6727,0.437015
-0.295302,372.404,3.73333e-006,2.31154,0.210199,1.68682,0.537126
-0.295302,372.404,4e-006,2.42705,0.232595,1.67973,0.649232
-0.295302,372.404,4.26667e-006,2.53298,0.254611,1.65116,0.773283
-0.295302,372.404,4.53333e-006,2.62892,0.275958,1.60103,0.909075
-0.295302,372.404,4.8e-006,2.71448,0.29635,1.52945,1.05625
-0.295302,372.404,5.06667e-006,2.78933,0.315507,1.43673,1.21431
-0.295302,372.404,5.33333e-006,2.85317,0.333152,1.32336,1.38258
-0.295302,372.404,5.6e-006,2.90575,0.349018,1.19002,1.56026
-0.295302,372.404,5.86667e-006,2.94686,0.362853,1.03759,1.7464
-0.295302,372.404,6.13333e-006,2.97634,0.374414,0.867091,1.93992
-0.295302,372.404,6.4e-006,2.99408,0.383477,0.679744,2.13961
-0.295302,372.404,6.66667e-006,3,0.389836,0.476913,2.34413
-0.295302,372.404,6.93333e-006,2.99408,0.393304,0.260113,2.55204
-0.295302,372.404,7.2e-006,2.97634,0.393718,0.0309962,2.76181
-0.295302,372.404,7.46667e-006,2.94686,0.390936,-0.208662,2.97179
-0.295302,372.404,7.73333e-006,2.90575,0.384843,-0.456975,3.18029
-0.295302,372.404,8e-006,2.85317,0.37535,-0.711961,3.38554
-0.295302,372.404,8.26667e-006,2.78933,0.362396,-0.971557,3.58572
-0.295302,372.404,8.53333e-006,2.71448,0.345947,-1.23364,3.779
-0.295302,372.404,8.8e-006,2.62892,0.326,-1.49603,3.96351
-0.295302,372.404,9.06667e-006,2.53298,0.30258,-1.75652,4.13737
-0.295302,372.404,9.33333e-006,2.42705,0.275741,-2.0129,4.29875
-0.295302,372.404,9.6e-006,2.31154,0.245568,-2.26295,4.44581
-0.295302,372.404,9.86667e-006,2.18691,0.212175,-2.50447,4.57678
-0.295302,372.404,1.01333e-005,2.05364,0.175705,-2.73531,4.68994
-0.295302,372.404,1.04e-005,1.91227,0.136326,-2.95337,4.78365
-0.295302,372.404,1.06667e-005,1.76336,0.094238,-3.15662,4.85636
-0.295302,372.404,1.09333e-005,1.60748,0.0496632,-3.34312,4.90662
-0.295302,372.404,1.12e-005,1.44526,0.00284956,-3.51102,4.9331
-0.295302,372.404,1.14667e-005,1.27734,-0.045932,-3.65862,4.93462
-0.295302,372.404,1.17333e-005,1.10437,-0.0963896,-3.78432,4.91013
-0.295302,372.404,1.2e-005,0.927051,-0.148212,-3.88669,4.85872
-0.295302,372.404,1.22667e-005,0.74607,-0.201071,-3.96444,4.77967
-0.295302,372.404,1.25333e-005,0.562144,-0.254624,-4.01646,4.67244
-0.295302,372.404,1.28e-005,0.376,-0.308515,-4.04181,4.53664
-0.295302,372.404,1.30667e-005,0.188372,-0.362378,-4.03975,4.37209
-0.295302,372.404,1.33333e-005,3.67382e-016,-0.415841,-4.00972,4.17883
-0.295302,372.404,1.36e-005,-0.188372,-0.468526,-3.95136,3.95704
-0.295302,372.404,1.38667e-005,-0.376,-0.520053,-3.86452,3.70716
-0.295302,372.404,1.41333e-005,-0.562144,-0.570043,-3.74926,3.4298
-0.295302,372.404,1.44e-005,-0.74607,-0.618121,-3.60583,3.12578
-0.295302,372.404,1.46667e-005,-0.927051,-0.663917,-3.43471,2.79612
-0.295302,372.404,1.49333e-005,-1.10437,-0.707071,-3.23657,2.44203
-0.295302,372.404,1.52e-005,-1.27734,-0.747235,-3.01229,2.06492
-0.295302,372.404,1.54667e-005,-1.44526,-0.784074,-2.76295,1.6664
-0.295302,372.404,1.57333e-005,-1.60748,-0.817272,-2.4898,1.24822
-0.295302,372.404,1.6e-005,-1.76336,-0.846529,-2.19431,0.812346
-0.295302,372.404,1.62667e-005,-1.91227,-0.87157,-1.87809,0.360864
-0.295302,372.404,1.65333e-005,-2.05364,-0.892143,-1.54293,-0.103974
-0.295302,372.404,1.68e-005,-2.18691,-0.90802,-1.19079,-0.579783
-0.295302,372.404,1.70667e-005,-2.31154,-0.919003,-0.823737,-1.06406
-0.295302,372.404,1.73333e-005,-2.42705,-0.924923,-0.443987,-1.5542
-0.295302,372.404,1.76e-005,-2.53298,-0.925641,-0.0538655,-2.04749
-0.295302,372.404,1.78667e-005,-2.62892,-0.921052,0.344209,-2.54116
-0.295302,372.404,1.81333e-005,-2.71448,-0.911082,0.747733,-3.03239
-0.295302,372.404,1.84e-005,-2.78933,-0.895693,1.15414,-3.5183
-0.295302,372.404,1.86667e-005,-2.85317,-0.874882,1.56082,-3.996
-0.295302,372.404,1.89333e-005,-2.90575,-0.84868,1.96514,-4.46261
-0.295302,372.404,1.92e-005,-2.94686,-0.817155,2.36443,-4.91524
-0.295302,372.404,1.94667e-005,-2.97634,-0.780407,2.75605,-5.35105
-0.295302,372.404,1.97333e-005,-2.99408,-0.738576,3.13738,-5.76727
-0.295302,372.404,2e-005,-3,-0.691831,3.50585,-6.16118
-0.295302,372.404,2.02667e-005,-2.99408,-0.640379,3.85893,-6.53015
-0.295302,372.404,2.05333e-005,-2.97634,-0.584456,4.19419,-6.87169
-0.295302,372.404,2.08e-005,-2.94686,-0.524332,4.50928,-7.1834
-0.295302,372.404,2.10667e-005,-2.90575,-0.460306,4.80198,-7.46304
-0.295302,372.404,2.13333e-005,-2.85317,-0.392704,5.07018,-7.70854
-0.295302,372.404,2.16e-005,-2.78933,-0.321878,5.31191,-7.91798
-0.295302,372.404,2.18667e-005,-2.71448,-0.248206,5.52538,-8.08965
-0.295302,372.404,2.21333e-005,-2.62892,-0.172087,5.70894,-8.22203
-0.295302,372.404,2.24e-005,-2.53298,-0.0939388,5.86113,-8.31381
-0.295302,372.404,2.26667e-005,-2.42705,-0.0141962,5.98069,-8.36391
-0.295302,372.404,2.29333e-005,-2.31154,0.0666913,6.06656,-8.37148
-0.295302,372.404,2.32e-005,-2.18691,0.148263,6.11788,-8.33591
-0.295302,372.404,2.34667e-005,-2.05364,0.23005,6.13401,-8.25684
-0.295302,372.404,2.37333e-005,-1.91227,0.311577,6.11451,-8.13414
-0.295302,372.404,2.4e-005,-1.76336,0.392366,6.05921,-7.96797
-0.295302,372.404,2.42667e-005,-1.60748,0.471941,5.96812,-7.75871
-0.295302,372.404,2.45333e-005,-1.44526,0.549828,5.8415,-7.507
-0.295302,372.404,2.48e-005,-1.27734,0.625559,5.67984,-7.21376
-0.295302,372.404,2.50667e-005,-1.10437,0.698677,5.48383,-6.88013
-0.295302,372.404,2.53333e-005,-0.927051,0.768735,5.2544,-6.5075
-0.295302,372.404,2.56e-005,-0.74607,0.835305,4.9927,-6.09751
-0.295302,372.404,2.58667e-005,-0.562144,0.897972,4.70006,-5.65202
-0.295302,372.404,2.61333e-005,-0.376,0.956346,4.37804,-5.1731
-0.295302,372.404,2.64e-005,-0.188372,1.01006,4.02838,-4.66305
-0.295302,372.404,2.66667e-005,-7.34764e-016,1.05876,3.65299,-4.12435
-0.295302,372.404,2.69333e-005,0.188372,1.10215,3.25396,-3.55967
-0.295302,372.404,2.72e-005,0.376,1.13993,2.83352,-2.97186
-0.295302,372.404,2.74667e-005,0.562144,1.17185,2.39407,-2.3639
-0.295302,372.404,2.77333e-005,0.74607,1.19769,1.93812,-1.73891
-0.295302,372.404,2.8e-005,0.927051,1.21727,1.46827,-1.10014
-0.295302,372.404,2.82667e-005,1.10437,1.23043,0.987244,-0.450929
-0.295302,372.404,2.85333e-005,1.27734,1.23707,0.497834,0.205302
-0.295302,372.404,2.88e-005,1.44526,1.23711,0.0028879,0.865073
-0.295302,372.404,2.90667e-005,1.60748,1.23051,-0.494703,1.52487
-0.295302,372.404,2.93333e-005,1.76336,1.21729,-0.992023,2.18114
-0.295302,372.404,2.96e-005,1.91227,1.19747,-1.48615,2.83036
-0.295302,372.404,2.98667e-005,2.05364,1.17115,-1.97419,3.46901
-0.295302,372.404,3.01333e-005,2.18691,1.13844,-2.45325,4.09362
-0.295302,372.404,3.04e-005,2.31154,1.0995,-2.92052,4.70079
-0.295302,372.404,3.06667e-005,2.42705,1.05452,-3.37324,5.28719
-0.295302,372.404,3.09333e-005,2.53298,1.00374,-3.80873,5.8496
-0.295302,372.404,3.12e-005,2.62892,0.947413,-4.22442,6.38493
-0.295302,372.404,3.14667e-005,2.71448,0.885842,-4.61786,6.89022
-0.295302,372.404,3.17333e-005,2.78933,0.819352,-4.98673,7.36266
-0.295302,372.404,3.2e-005,2.85317,0.748301,-5.32885,7.79965
-0.295302,372.404,3.22667e-005,2.90575,0.673072,-5.6422,8.19875
-0.295302,372.404,3.25333e-005,2.94686,0.594072,-5.92496,8.55772
-0.295302,372.404,3.28e-005,2.97634,0.511733,-6.17545,8.87456
-0.295302,372.404,3.30667e-005,2.99408,0.426503,-6.39221,9.14748
-0.295302,372.404,3.33333e-005,3,0.33885,-6.57398,9.37495
-0.295302,372.404,3.36e-005,2.99408,0.249254,-6.71972,9.55567
-0.295302,372.404,3.38667e-005,2.97634,0.158206,-6.82858,9.6886
-0.295302,372.404,3.41333e-005,2.94686,0.066207,-6.89995,9.77298
-0.295302,372.404,3.44e-005,2.90575,-0.0262389,-6.93344,9.80829
-0.295302,372.404,3.46667e-005,2.85317,-0.118624,-6.92888,9.7943
-0.295302,372.404,3.49333e-005,2.78933,-0.210442,-6.88634,9.73103
-0.295302,372.404,3.52e-005,2.71448,-0.30119,-6.80611,9.6188
-0.295302,372.404,3.54667e-005,2.62892,-0.390373,-6.68869,9.45816
-0.295302,372.404,3.57333e-005,2.53298,-0.477503,-6.5348,9.24996
-0.295302,372.404,3.6e-005,2.42705,-0.562109,-6.34541,8.99529
-0.295302,372.404,3.62667e-005,2.31154,-0.643731,-6.12165,8.6955
-0.295302,372.404,3.65333e-005,2.18691,-0.721929,-5.86487,8.35218
-0.295302,372.404,3.68e-005,2.05364,-0.796284,-5.57661,7.96715
-0.295302,372.404,3.70667e-005,1.91227,-0.866398,-5.2586,7.54247
-0.295302,372.404,3.73333e-005,1.76336,-0.931901,-4.91271,7.08039
-0.295302,372.404,3.76e-005,1.60748,-0.992448,-4.54101,6.58337
-0.295302,372.404,3.78667e-005,1.44526,-1.04772,-4.14566,6.05407
-0.295302,372.404,3.81333e-005,1.27734,-1.09744,-3.72901,5.49528
-0.295302,372.404,3.84e-005,1.10437,-1.14136,-3.29347,4.90998
-0.295302,372.404,3.86667e-005,0.927051,-1.17924,-2.84157,4.30126
-0.295302,372.404,3.89333e-005,0.74607,-1.21092,-2.37594,3.67233
-0.295302,372.404,3.92e-005,0.562144,-1.23625,-1.89926,3.0265
-0.295302,372.404,3.94667e-005,0.376,-1.2551,-1.41425,2.36717
-0.295302,372.404,3.97333e-005,0.188372,-1.26742,-0.923693,1.69778
-0.295302,372.404,4e-005,1.10215e-015,-1.27316,-0.430361,1.02182
-0.295302,372.404,4.02667e-005,-0.188372,-1.27232,0.0629629,0.342806
-0.295302,372.404,4.05333e-005,-0.376,-1.26494,0.553513,-0.335764
-0.295302,372.404,4.08e-005,-0.562144,-1.25109,1.03856,-1.0104
-0.295302,372.404,4.10667e-005,-0.74607,-1.23088,1.51542,-1.67765
-0.295302,372.404,4.13333e-005,-0.927051,-1.20446,1.98148,-2.33412
-0.295302,372.404,4.16e-005,-1.10437,-1.17201,2.43421,-2.9765
-0.295302,372.404,4.18667e-005,-1.27734,-1.13373,2.87117,-3.60157
-0.295302,372.404,4.21333e-005,-1.44526,-1.08986,3.29004,-4.20622
-0.295302,372.404,4.24e-005,-1.60748,-1.04068,3.6886,-4.78748
-0.295302,372.404,4.26667e-005,-1.76336,-0.986481,4.0648,-5.34251
-0.295302,372.404,4.29333e-005,-1.91227,-0.927591,4.41672,-5.86863
-0.295302,372.404,4.32e-005,-2.05364,-0.864357,4.74258,-6.36335
-0.295302,372.404,4.34667e-005,-2.18691,-0.797146,5.0408,-6.82434
-0.295302,372.404,4.37333e-005,-2.31154,-0.726347,5.30995,-7.24948
-0.295302,372.404,4.4e-005,-2.42705,-0.652363,5.54878,-7.63687
-0.295302,372.404,4.42667e-005,-2.53298,-0.575613,5.75625,-7.9848
-0.295302,372.404,4.45333e-005,-2.62892,-0.496526,5.93149,-8.29179
-0.295302,372.404,4.48e-005,-2.71448,-0.415542,6.07383,-8.5566
-0.295302,372.404,4.50667e-005,-2.78933,-0.333104,6.18282,-8.77823
-0.295302,372.404,4.53333e-005,-2.85317,-0.249662,6.25816,-8.95588
-0.295302,372.404,4.56e-005,-2.90575,-0.165665,6.29979,-9.08903
-0.295302,372.404,4.58667e-005,-2.94686,-0.0815606,6.30784,-9.17739
-0.295302,372.404,4.61333e-005,-2.97634,0.00220752,6.28261,-9.22089
-0.295302,372.404,4.64e-005,-2.99408,0.0852022,6.2246,-9.21971
-0.295302,372.404,4.66667e-005,-3,0.166996,6.13451,-9.17427
-0.295302,372.404,4.69333e-005,-2.99408,0.247172,6.01319,-9.08521
-0.295302,372.404,4.72e-005,-2.97634,0.325327,5.86169,-8.95338
-0.295302,372.404,4.74667e-005,-2.94686,0.401077,5.68119,-8.77987
-0.295302,372.404,4.77333e-005,-2.90575,0.474051,5.47305,-8.56597
-0.295302,372.404,4.8e-005,-2.85317,0.543901,5.23875,-8.31314
-0.295302,372.404,4.82667e-005,-2.78933,0.610299,4.97991,-8.02306
-0.295302,372.404,4.85333e-005,-2.71448,0.672943,4.69828,-7.69757
-0.295302,372.404,4.88e-005,-2.62892,0.731552,4.3957,-7.33866
-0.295302,372.404,4.90667e-005,-2.53298,0.785874,4.07413,-6.9485
-0.295302,372.404,4.93333e-005,-2.42705,0.835682,3.73558,-6.52937
-0.295302,372.404,4.96e-005,-2.31154,0.880777,3.38215,-6.08367
-0.295302,372.404,4.98667e-005,-2.18691,0.92099,3.01599,-5.61392
-0.295302,372.404,5.01333e-005,-2.05364,0.956181,2.63929,-5.12273
-0.295302,372.404,5.04e-005,-1.91227,0.986238,2.25428,-4.61277
-0.295302,372.404,5.06667e-005,-1.76336,1.01108,1.86317,-4.08677
-0.295302,372.404,5.09333e-005,-1.60748,1.03066,1.46821,-3.54753
-0.295302,372.404,5.12e-005,-1.44526,1.04494,1.07161,-2.99785
-0.295302,372.404,5.14667e-005,-1.27734,1.05395,0.675564,-2.44054
-0.295302,372.404,5.17333e-005,-1.10437,1.05771,0.282217,-1.87843
-0.295302,372.404,5.2e-005,-0.927051,1.0563,-0.106331,-1.31432
-0.295302,372.404,5.22667e-005,-0.74607,1.04979,-0.488047,-0.750962
-0.295302,372.404,5.25333e-005,-0.562144,1.03831,-0.860972,-0.191074
-0.295302,372.404,5.28e-005,-0.376,1.022,-1.22324,0.362692
-0.295302,372.404,5.30667e-005,-0.188372,1.00103,-1.57306,0.907758
-0.295302,372.404,5.33333e-005,-1.46953e-015,0.975576,-1.90878,1.44164
-0.295302,372.404,5.36e-005,0.188372,0.945858,-2.22884,1.96195
-0.295302,372.404,5.38667e-005,0.376,0.9121,-2.5318,2.4664
-0.295302,372.404,5.41333e-005,0.562144,0.874549,-2.81636,2.95286
-0.295302,372.404,5.44e-005,0.74607,0.833464,-3.08134,3.41928
-0.295302,372.404,5.46667e-005,0.927051,0.789122,-3.3257,3.8638
-0.295302,372.404,5.49333e-005,1.10437,0.741808,-3.54855,4.28466
-0.295302,372.404,5.52e-005,1.27734,0.691819,-3.74913,4.68029
-0.295302,372.404,5.54667e-005,1.44526,0.639461,-3.92685,5.04926
-0.295302,372.404,5.57333e-005,1.60748,0.585045,-4.08124,5.39031
-0.295302,372.404,5.6e-005,1.76336,0.528885,-4.212,5.70233
-0.295302,372.404,5.62667e-005,1.91227,0.471299,-4.31895,5.98441
-0.295302,372.404,5.65333e-005,2.05364,0.412605,-4.40206,6.23576
-0.295302,372.404,5.68e-005,2.18691,0.353119,-4.46146,6.45582
-0.295302,372.404,5.70667e-005,2.31154,0.293153,-4.4974,6.64415
-0.295302,372.404,5.73333e-005,2.42705,0.233016,-4.51025,6.8005
-0.295302,372.404,5.76e-005,2.53298,0.173009,-4.50053,6.92477
-0.295302,372.404,5.78667e-005,2.62892,0.113425,-4.46886,7.01705
-0.295302,372.404,5.81333e-005,2.71448,0.0545447,-4.41599,7.07754
-0.295302,372.404,5.84e-005,2.78933,-0.00335872,-4.34275,7.10663
-0.295302,372.404,5.86667e-005,2.85317,-0.0600267,-4.2501,7.10484
-0.295302,372.404,5.89333e-005,2.90575,-0.115214,-4.13906,7.07282
-0.295302,372.404,5.92e-005,2.94686,-0.168691,-4.01075,7.01138
-0.295302,372.404,5.94667e-005,2.97634,-0.220242,-3.86634,6.92141
-0.295302,372.404,5.97333e-005,2.99408,-0.26967,-3.70709,6.80395
-0.295302,372.404,6e-005,3,-0.316794,-3.53428,6.66012
-0.295302,372.404,6.02667e-005,2.99408,-0.36145,-3.34925,6.49117
-0.295302,372.404,6.05333e-005,2.97634,-0.403495,-3.15337,6.29839
-0.295302,372.404,6.08e-005,2.94686,-0.442802,-2.94803,6.08319
-0.295302,372.404,6.10667e-005,2.90575,-0.479264,-2.73464,5.84703
-0.295302,372.404,6.13333e-005,2.85317,-0.512792,-2.5146,5.59143
-0.295302,372.404,6.16e-005,2.78933,-0.543316,-2.2893,5.31794
-0.295302,372.404,6.18667e-005,2.71448,-0.570785,-2.06014,5.02817
-0.295302,372.404,6.21333e-005,2.62892,-0.595164,-1.82846,4.72375
-0.295302,372.404,6.24e-005,2.53298,-0.616439,-1.5956,4.40633
-0.295302,372.404,6.26667e-005,2.42705,-0.63461,-1.36284,4.07756
-0.295302,372.404,6.29333e-005,2.31154,-0.649696,-1.13141,3.7391
-0.295302,372.404,6.32e-005,2.18691,-0.661729,-0.9025,3.3926
-0.295302,372.404,6.34667e-005,2.05364,-0.670759,-0.677227,3.03968
-0.295302,372.404,6.37333e-005,1.91227,-0.676847,-0.456645,2.68194
-0.295302,372.404,6.4e-005,1.76336,-0.68007,-0.241735,2.32095
-0.295302,372.404,6.42667e-005,1.60748,-0.680516,-0.0334017,1.95825
-0.295302,372.404,6.45333e-005,1.44526,-0.678282,0.167529,1.59531
-0.295302,372.404,6.48e-005,1.27734,-0.673478,0.360313,1.23356
-0.295302,372.404,6.50667e-005,1.10437,-0.666221,0.544295,0.874368
-0.295302,372.404,6.53333e-005,0.927051,-0.656635,0.718904,0.51905
-0.295302,372.404,6.56e-005,0.74607,-0.644853,0.883655,0.168845
-0.295302,372.404,6.58667e-005,0.562144,-0.631011,1.03815,-0.175077
-0.295302,372.404,6.61333e-005,0.376,-0.61525,1.18209,-0.511616
-0.295302,372.404,6.64e-005,0.188372,-0.597713,1.31524,-0.839749
-0.295302,372.404,6.66667e-005,1.83691e-015,-0.578547,1.43746,-1.15853
-0.295302,372.404,6.69333e-005,-0.188372,-0.557898,1.54871,-1.46709
-0.295302,372.404,6.72e-005,-0.376,-0.535911,1.64899,-1.76463
-0.295302,372.404,6.74667e-005,-0.562144,-0.512733,1.7384,-2.05045
-0.295302,372.404,6.77333e-005,-0.74607,-0.488504,1.81712,-2.32391
-0.295302,372.404,6.8e-005,-0.927051,-0.463366,1.88536,-2.58445
-0.295302,372.404,6.82667e-005,-1.10437,-0.437454,1.94344,-2.83158
-0.295302,372.404,6.85333e-005,-1.27734,-0.410898,1.99169,-3.06488
-0.295302,372.404,6.88e-005,-1.44526,-0.383824,2.03052,-3.28403
-0.295302,372.404,6.90667e-005,-1.60748,-0.356353,2.06037,-3.48874
-0.295302,372.404,6.93333e-005,-1.76336,-0.328596,2.08173,-3.67879
-0.295302,372.404,6.96e-005,-1.91227,-0.300661,2.09511,-3.85404
-0.295302,372.404,6.98667e-005,-2.05364,-0.272647,2.10106,-4.01439
-0.295302,372.404,7.01333e-005,-2.18691,-0.244645,2.10014,-4.15981
-0.295302,372.404,7.04e-005,-2.31154,-0.21674,2.09291,-4.29028
-0.295302,372.404,7.06667e-005,-2.42705,-0.189007,2.07997,-4.40588
-0.295302,372.404,7.09333e-005,-2.53298,-0.161515,2.0619,-4.50668
-0.295302,372.404,7.12e-005,-2.62892,-0.134325,2.03928,-4.59282
-0.295302,372.404,7.14667e-005,-2.71448,-0.107489,2.01267,-4.66446
-0.295302,372.404,7.17333e-005,-2.78933,-0.081054,1.98262,-4.72179
-0.295302,372.404,7.2e-005,-2.85317,-0.0550584,1.94967,-4.76502
-0.295302,372.404,7.22667e-005,-2.90575,-0.029534,1.91433,-4.79438
-0.295302,372.404,7.25333e-005,-2.94686,-0.00450657,1.87706,-4.81014
-0.295302,372.404,7.28e-005,-2.97634,0.0200041,1.8383,-4.81254
-0.295302,372.404,7.30667e-005,-2.99408,0.0439835,1.79845,-4.80187
-0.295302,372.404,7.33333e-005,-3,0.0674219,1.75789,-4.77841
-0.295302,372.404,7.36e-005,-2.99408,0.0903141,1.71691,-4.74245
-0.295302,372.404,7.38667e-005,-2.97634,0.112658,1.6758,-4.69429
-0.295302,372.404,7.41333e-005,-2.94686,0.134455,1.63477,-4.6342
-0.295302,372.404,7.44e-005,-2.90575,0.155708,1.594,-4.56249
-0.295302,372.404,7.46667e-005,-2.85317,0.176423,1.55361,-4.47945
-0.295302,372.404,7.49333e-005,-2.78933,0.196606,1.5137,-4.38536
-0.295302,372.404,7.52e-005,-2.71448,0.216263,1.47427,-4.2805
-0.295302,372.404,7.54667e-005,-2.62892,0.2354,1.43532,-4.16516
-0.295302,372.404,7.57333e-005,-2.53298,0.254024,1.39678,-4.03961
-0.295302,372.404,7.6e-005,-2.42705,0.272138,1.35854,-3.90413
-0.295302,372.404,7.62667e-005,-2.31154,0.289744,1.32046,-3.75899
-0.295302,372.404,7.65333e-005,-2.18691,0.306842,1.28234,-3.60446
-0.295302,372.404,7.68e-005,-2.05364,0.323428,1.24398,-3.44081
-0.295302,372.404,7.70667e-005,-1.91227,0.339496,1.20511,-3.26832
-0.295302,372.404,7.73333e-005,-1.76336,0.355036,1.16547,-3.08725
-0.295302,372.404,7.76e-005,-1.60748,0.370032,1.12474,-2.8979
-0.295302,372.404,7.78667e-005,-1.44526,0.384467,1.08261,-2.70055
-0.295302,372.404,7.81333e-005,-1.27734,0.398317,1.03875,-2.4955
-0.295302,372.404,7.84e-005,-1.10437,0.411555,0.992812,-2.28307
-0.295302,372.404,7.86667e-005,-0.927051,0.424147,0.944461,-2.06357
-0.295302,372.404,7.89333e-005,-0.74607,0.436059,0.893354,-1.83736
-0.295302,372.404,7.92e-005,-0.562144,0.447248,0.839156,-1.60479
-0.295302,372.404,7.94667e-005,-0.376,0.457668,0.781547,-1.36626
-0.295302,372.404,7.97333e-005,-0.188372,0.467271,0.720223,-1.12217
-0.295302,372.404,8e-005,-2.20429e-015,0.476003,0.654902,-0.872962
-0.295302,372.404,8.02667e-005,0.188372,0.483808,0.58533,-0.619093
-0.295302,372.404,8.05333e-005,0.376,0.490625,0.511285,-0.361063
-0.295302,372.404,8.08e-005,0.562144,0.496392,0.432582,-0.099396
-0.295302,372.404,8.10667e-005,0.74607,0.501047,0.349073,0.165347
-0.295302,372.404,8.13333e-005,0.927051,0.504522,0.260658,0.432572
-0.295302,372.404,8.16e-005,1.10437,0.506753,0.16728,0.70165
-0.295302,372.404,8.18667e-005,1.27734,0.507672,0.0689353,0.971918
-0.295302,372.404,8.21333e-005,1.44526,0.507214,-0.0343287,1.24268
-0.295302,372.404,8.24e-005,1.60748,0.505315,-0.14241,1.51319
-0.295302,372.404,8.26667e-005,1.76336,0.501913,-0.25515,1.78269
-0.295302,372.404,8.29333e-005,1.91227,0.496949,-0.372333,2.05038
-0.295302,372.404,8.32e-005,2.05364,0.490366,-0.493686,2.31542
-0.295302,372.404,8.34667e-005,2.18691,0.482115,-0.618879,2.57695
-0.295302,372.404,8.37333e-005,2.31154,0.472148,-0.747522,2.83407
-0.295302,372.404,8.4e-005,2.42705,0.460425,-0.879171,3.08589
-0.295302,372.404,8.42667e-005,2.53298,0.446914,-1.01333,3.33145
-0.295302,372.404,8.45333e-005,2.62892,0.431588,-1.14944,3.5698
-0.295302,372.404,8.48e-005,2.71448,0.41443,-1.28691,3.79998
-0.295302,372.404,8.50667e-005,2.78933,0.395429,-1.42508,4.02101
-0.295302,372.404,8.53333e-005,2.85317,0.374585,-1.56327,4.23191
-0.295302,372.404,8.56e-005,2.90575,0.351908,-1.70074,4.43168
-0.295302,372.404,8.58667e-005,2.94686,0.327419,-1.83673,4.61937
-0.295302,372.404,8.61333e-005,2.97634,0.301146,-1.97044,4.79399
-0.295302,372.404,8.64e-005,2.99408,0.273132,-2.10106,4.9546
-0.295302,372.404,8.66667e-005,3,0.243429,-2.22774,5.10027
-0.295302,372.404,8.69333e-005,2.99408,0.2121,-2.34962,5.2301
-0.295302,372.404,8.72e-005,2.97634,0.179222,-2.46586,5.34322
-0.295302,372.404,8.74667e-005,2.94686,0.144881,-2.57558,5.43881
-0.295302,372.404,8.77333e-005,2.90575,0.109175,-2.67794,5.51608
-0.295302,372.404,8.8e-005,2.85317,0.0722143,-2.77208,5.57431
-0.295302,372.404,8.82667e-005,2.78933,0.0341184,-2.85719,5.61282
-0.295302,372.404,8.85333e-005,2.71448,-0.00498101,-2.93246,5.63102
-0.295302,372.404,8.88e-005,2.62892,-0.0449425,-2.99711,5.62836
-0.295302,372.404,8.90667e-005,2.53298,-0.085615,-3.05043,5.60439
-0.295302,372.404,8.93333e-005,2.42705,-0.126838,-3.09172,5.55873
-0.295302,372.404,8.96e-005,2.31154,-0.168443,-3.12035,5.49108
-0.295302,372.404,8.98667e-005,2.18691,-0.210252,-3.13573,5.40125
-0.295302,372.404,9.01333e-005,2.05364,-0.252084,-3.13735,5.28911
-0.295302,372.404,9.04e-005,1.91227,-0.293747,-3.12476,5.15467
-0.295302,372.404,9.06667e-005,1.76336,-0.335048,-3.09756,4.998
-0.295302,372.404,9.09333e-005,1.60748,-0.375788,-3.05547,4.81931
-0.295302,372.404,9.12e-005,1.44526,-0.415764,-2.99826,4.61889
-0.295302,372.404,9.14667e-005,1.27734,-0.454775,-2.92579,4.39715
-0.295302,372.404,9.17333e-005,1.10437,-0.492615,-2.838,4.1546
-0.295302,372.404,9.2e-005,0.927051,-0.529081,-2.73494,3.89187
-0.295302,372.404,9.22667e-005,0.74607,-0.56397,-2.61672,3.6097
-0.295302,372.404,9.25333e-005,0.562144,-0.597085,-2.48358,3.30891
-0.295302,372.404,9.28e-005,0.376,-0.628229,-2.33583,2.99047
-0.295302,372.404,9.30667e-005,0.188372,-0.657214,-2.17387,2.65541
-0.295302,372.404,9.33333e-005,2.57167e-015,-0.683857,-1.9982,2.3049
-0.295302,372.404,9.36e-005,-0.188372,-0.707982,-1.80941,1.94017
-0.295302,372.404,9.38667e-005,-0.376,-0.729425,-1.60819,1.56258
-0.295302,372.404,9.41333e-005,-0.562144,-0.748029,-1.3953,1.17356
-0.295302,372.404,9.44e-005,-0.74607,-0.76365,-1.1716,0.774608
-0.295302,372.404,9.46667e-005,-0.927051,-0.776157,-0.938009,0.367328
-0.295302,372.404,9.49333e-005,-1.10437,-0.785431,-0.695545,-0.0466222
-0.295302,372.404,9.52e-005,-1.27734,-0.791368,-0.445285,-0.465519
-0.295302,372.404,9.54667e-005,-1.44526,-0.79388,-0.188374,-0.887582
-0.295302,372.404,9.57333e-005,-1.60748,-0.792893,0.0739807,-1.31098
-0.295302,372.404,9.6e-005,-1.76336,-0.788353,0.340521,-1.73386
-0.295302,372.404,9.62667e-005,-1.91227,-0.78022,0.609941,-2.15432
-0.295302,372.404,9.65333e-005,-2.05364,-0.768475,0.880894,-2.57043
-0.295302,372.404,9.68e-005,-2.18691,-0.753115,1.152,-2.98029
-0.295302,372.404,9.70667e-005,-2.31154,-0.734157,1.42186,-3.38195
-0.295302,372.404,9.73333e-005,-2.42705,-0.711636,1.68905,-3.7735
-0.295302,372.404,9.76e-005,-2.53298,-0.685608,1.95215,-4.15304
-0.295302,372.404,9.78667e-005,-2.62892,-0.656145,2.20972,-4.51869
-0.295302,372.404,9.81333e-005,-2.71448,-0.62334,2.46036,-4.86864
-0.295302,372.404,9.84e-005,-2.78933,-0.587304,2.70265,-5.20109
-0.295302,372.404,9.86667e-005,-2.85317,-0.548168,2.93522,-5.51432
-0.295302,372.404,9.89333e-005,-2.90575,-0.506078,3.15673,-5.80667
-0.295302,372.404,9.92e-005,-2.94686,-0.4612,3.36589,-6.07658
-0.295302,372.404,9.94667e-005,-2.97634,-0.413714,3.56144,-6.32255
-0.295302,372.404,9.97333e-005,-2.99408,-0.363818,3.74219,-6.5432
-0.295302,372.404,0.0001,-3,-0.311725,3.90702,-6.73724
-0.295302,372.404,0.000100267,-2.99408,-0.25766,4.05488,-6.90349
-0.295302,372.404,0.000100533,-2.97634,-0.201862,4.18481,-7.04091
-0.295302,372.404,0.0001008,-2.94686,-0.144583,4.29591,-7.14857
-0.295302,372.404,0.000101067,-2.90575,-0.0860847,4.3874,-7.22568
-0.295302,372.404,0.000101333,-2.85317,-0.0266367,4.45859,-7.27159
-0.295302,372.404,0.0001016,-2.78933,0.0334819,4.5089,-7.2858
-0.295302,372.404,0.000101867,-2.71448,0.0939864,4.53783,-7.26794
-0.295302,372.404,0.000102133,-2.62892,0.154587,4.54503,-7.21781
-0.295302,372.404,0.0001024,-2.53298,0.21499,4.53024,-7.13537
-0.295302,372.404,0.000102667,-2.42705,0.274901,4.49333,-7.02071
-0.295302,372.404,0.000102933,-2.31154,0.334025,4.43427,-6.87409
-0.295302,372.404,0.0001032,-2.18691,0.392067,4.35316,-6.69595
-0.295302,372.404,0.000103467,-2.05364,0.448737,4.25024,-6.48684
-0.295302,372.404,0.000103733,-1.91227,0.503748,4.12584,-6.24752
-0.295302,372.404,0.000104,-1.76336,0.55682,3.98041,-5.97885
-0.295302,372.404,0.000104267,-1.60748,0.607681,3.81455,-5.68188
-0.295302,372.404,0.000104533,-1.44526,0.656067,3.62894,-5.35779
-0.295302,372.404,0.0001048,-1.27734,0.701725,3.42438,-5.00788
-0.295302,372.404,0.000105067,-1.10437,0.744415,3.20178,-4.63363
-0.295302,372.404,0.000105333,-0.927051,0.783911,2.96216,-4.23661
-0.295302,372.404,0.0001056,-0.74607,0.819999,2.70663,-3.81852
-0.295302,372.404,0.000105867,-0.562144,0.852484,2.43638,-3.38119
-0.295302,372.404,0.000106133,-0.376,0.881187,2.15271,-2.92653
-0.295302,372.404,0.0001064,-0.188372,0.905947,1.85697,-2.45656
-0.295302,372.404,0.000106667,-2.93906e-015,0.926622,1.55062,-1.97339
-0.295302,372.404,0.000106933,0.188372,0.94309,1.23514,-1.47919
-0.295302,372.404,0.0001072,0.376,0.955252,0.912104,-0.976213
-0.295302,372.404,0.000107467,0.562144,0.963026,0.583106,-0.466746
-0.295302,372.404,0.000107733,0.74607,0.966357,0.249789,0.0468682
-0.295302,372.404,0.000108,0.927051,0.965208,-0.0861741,0.562259
-0.295302,372.404,0.000108267,1.10437,0.959567,-0.423093,1.07704
-0.295302,372.404,0.000108533,1.27734,0.949443,-0.759265,1.58881
-0.295302,372.404,0.0001088,1.44526,0.93487,-1.09299,2.09517
-0.295302,372.404,0.000109067,1.60748,0.915902,-1.42256,2.59377
-0.295302,372.404,0.000109333,1.76336,0.892618,-1.74632,3.08225
-0.295302,372.404,0.0001096,1.91227,0.865117,-2.0626,3.55832
-0.295302,372.404,0.000109867,2.05364,0.83352,-2.36979,4.01971
-0.295302,372.404,0.000110133,2.18691,0.797969,-2.66633,4.46426
-0.295302,372.404,0.0001104,2.31154,0.758626,-2.95068,4.88984
-0.295302,372.404,0.000110667,2.42705,0.715674,-3.22141,5.29444
-0.295302,372.404,0.000110933,2.53298,0.669312,-3.47713,5.67613
-0.295302,372.404,0.0001112,2.62892,0.619759,-3.71652,6.0331
-0.295302,372.404,0.000111467,2.71448,0.567247,-3.93838,6.36364
-0.295302,372.404,0.000111733,2.78933,0.512026,-4.14155,6.66617
-0.295302,372.404,0.000112,2.85317,0.454359,-4.32503,6.93925
-0.295302,372.404,0.000112267,2.90575,0.394521,-4.48786,7.18157
-0.295302,372.404,0.000112533,2.94686,0.332798,-4.62923,7.39199
-0.295302,372.404,0.0001128,2.97634,0.269485,-4.74844,7.56948
-0.295302,372.404,0.000113067,2.99408,0.204887,-4.84488,7.7132
-0.295302,372.404,0.000113333,3,0.139312,-4.91809,7.82248
-0.295302,372.404,0.0001136,2.99408,0.0730763,-4.96771,7.89678
-0.295302,372.404,0.000113867,2.97634,0.00649622,-4.99351,7.93575
-0.295302,372.404,0.000114133,2.94686,-0.0601089,-4.99538,7.93922
-0.295302,372.404,0.0001144,2.90575,-0.12642,-4.97336,7.90716
-0.295302,372.404,0.000114667,2.85317,-0.192121,-4.92757,7.83973
-0.295302,372.404,0.000114933,2.78933,-0.256898,-4.85828,7.73727
-0.295302,372.404,0.0001152,2.71448,-0.320444,-4.76589,7.60026
-0.295302,372.404,0.000115467,2.62892,-0.382455,-4.65089,7.42935
-0.295302,372.404,0.000115733,2.53298,-0.442641,-4.51391,7.22538
-0.295302,372.404,0.000116,2.42705,-0.500717,-4.35568,6.9893
-0.295302,372.404,0.000116267,2.31154,-0.556411,-4.17704,6.72225
-0.295302,372.404,0.000116533,2.18691,-0.609463,-3.97894,6.4255
-0.295302,372.404,0.0001168,2.05364,-0.659628,-3.7624,6.10045
-0.295302,372.404,0.000117067,1.91227,-0.706676,-3.52855,5.74865
-0.295302,372.404,0.000117333,1.76336,-0.750391,-3.27862,5.37176
-0.295302,372.404,0.0001176,1.60748,-0.790576,-3.01389,4.97155
-0.295302,372.404,0.000117867,1.44526,-0.827052,-2.73571,4.54991
-0.295302,372.404,0.000118133,1.27734,-0.859659,-2.44552,4.10881
-0.295302,372.404,0.0001184,1.10437,-0.888256,-2.14478,3.65033
-0.295302,372.404,0.000118667,0.927051,-0.912723,-1.83502,3.17659
-0.295302,372.404,0.000118933,0.74607,-0.93296,-1.5178,2.68981
-0.295302,372.404,0.0001192,0.562144,-0.94889,-1.1947,2.19223
-0.295302,372.404,0.000119467,0.376,-0.960454,-0.867339,1.68615
-0.295302,372.404,0.000119733,0.188372,-0.967619,-0.537328,1.17391
-0.295302,372.404,0.00012,3.30644e-015,-0.970369,-0.206293,0.657849
-0.295302,372.404,0.000120267,-0.188372,-0.968714,0.124149,0.140318
-0.295302,372.404,0.000120533,-0.376,-0.962682,0.452396,-0.376329
-0.295302,372.404,0.0001208,-0.562144,-0.952324,0.776867,-0.889759
-0.295302,372.404,0.000121067,-0.74607,-0.93771,1.09601,-1.39767
-0.295302,372.404,0.000121333,-0.927051,-0.918932,1.40832,-1.89778
-0.295302,372.404,0.0001216,-1.10437,-0.896101,1.71234,-2.38787
-0.295302,372.404,0.000121867,-1.27734,-0.869346,2.00664,-2.8658
-0.295302,372.404,0.000122133,-1.44526,-0.838814,2.28988,-3.32945
-0.295302,372.404,0.0001224,-1.60748,-0.804671,2.56078,-3.77681
-0.295302,372.404,0.000122667,-1.76336,-0.767096,2.81813,-4.20597
-0.295302,372.404,0.000122933,-1.91227,-0.726285,3.0608,-4.61509
-0.295302,372.404,0.0001232,-2.05364,-0.682449,3.28773,-5.00244
-0.295302,372.404,0.000123467,-2.18691,-0.635809,3.49798,-5.36641
-0.295302,372.404,0.000123733,-2.31154,-0.5866,3.69068,-5.70551
-0.295302,372.404,0.000124,-2.42705,-0.535066,3.86506,-6.01837
-0.295302,372.404,0.000124267,-2.53298,-0.48146,4.02045,-6.30373
-0.295302,372.404,0.000124533,-2.62892,-0.426043,4.15627,-6.56051
-0.295302,372.404,0.0001248,-2.71448,-0.369082,4.27207,-6.78773
-0.295302,372.404,0.000125067,-2.78933,-0.310848,4.36749,-6.98458
-0.295302,372.404,0.000125333,-2.85317,-0.251618,4.44226,-7.15036
-0.295302,372.404,0.0001256,-2.90575,-0.191669,4.49623,-7.28456
-0.295302,372.404,0.000125867,-2.94686,-0.131277,4.52937,-7.38678
-0.295302,372.404,0.000126133,-2.97634,-0.0707208,4.54172,-7.4568
-0.295302,372.404,0.0001264,-2.99408,-0.0102749,4.53344,-7.49452
-0.295302,372.404,0.000126667,-3,0.049789,4.50479,-7.5
-0.295302,372.404,0.000126933,-2.99408,0.109204,4.45613,-7.47344
-0.295302,372.404,0.0001272,-2.97634,0.167709,4.38789,-7.4152
-0.295302,372.404,0.000127467,-2.94686,0.225051,4.30063,-7.32575
-0.295302,372.404,0.000127733,-2.90575,0.280984,4.19495,-7.20573
-0.295302,372.404,0.000128,-2.85317,0.335271,4.07157,-7.05587
-0.295302,372.404,0.000128267,-2.78933,0.387688,3.93127,-6.87706
-0.295302,372.404,0.000128533,-2.71448,0.43802,3.77489,-6.67029
-0.295302,372.404,0.0001288,-2.62892,0.486065,3.60335,-6.43668
-0.295302,372.404,0.000129067,-2.53298,0.531633,3.41763,-6.17745
-0.295302,372.404,0.000129333,-2.42705,0.57455,3.21876,-5.89391
-0.295302,372.404,0.0001296,-2.31154,0.614654,3.00782,-5.58748
-0.295302,372.404,0.000129867,-2.18691,0.6518,2.78592,-5.25967
-0.295302,372.404,0.000130133,-2.05364,0.685856,2.55422,-4.91204
-0.295302,372.404,0.0001304,-1.91227,0.716708,2.31391,-4.54625
-0.295302,372.404,0.000130667,-1.76336,0.744258,2.06619,-4.164
-0.295302,372.404,0.000130933,-1.60748,0.768421,1.81227,-3.76707
-0.295302,372.404,0.0001312,-1.44526,0.789133,1.55339,-3.35724
-0.295302,372.404,0.000131467,-1.27734,0.806343,1.29077,-2.93637
-0.295302,372.404,0.000131733,-1.10437,0.820019,1.02566,-2.50632
-0.295302,372.404,0.000132,-0.927051,0.830142,0.759253,-2.06898
-0.295302,372.404,0.000132267,-0.74607,0.836712,0.492768,-1.62624
-0.295302,372.404,0.000132533,-0.562144,0.839744,0.227381,-1.17999
-0.295302,372.404,0.0001328,-0.376,0.839267,-0.0357534,-0.732127
-0.295302,372.404,0.000133067,-0.188372,0.835327,-0.295512,-0.284518
-0.295302,372.404,0.000133333,-3.67382e-015,0.827983,-0.550809,0.16099
-0.295302,372.404,0.0001336,0.188372,0.817308,-0.800601,0.602581
-0.295302,372.404,0.000133867,0.376,0.80339,-1.04389,1.03848
-0.295302,372.404,0.000134133,0.562144,0.786327,-1.27972,1.46695
-0.295302,372.404,0.0001344,0.74607,0.766231,-1.50721,1.88633
-0.295302,372.404,0.000134667,0.927051,0.743224,-1.72551,2.29498
-0.295302,372.404,0.000134933,1.10437,0.717439,-1.93383,2.69137
-0.295302,372.404,0.0001352,1.27734,0.68902,-2.13147,3.074
-0.295302,372.404,0.000135467,1.44526,0.658116,-2.31776,3.44148
-0.295302,372.404,0.000135733,1.60748,0.624888,-2.49212,3.79248
-0.295302,372.404,0.000136,1.76336,0.589501,-2.65401,4.12575
-0.295302,372.404,0.000136267,1.91227,0.552128,-2.80298,4.44015
-0.295302,372.404,0.000136533,2.05364,0.512946,-2.93864,4.73462
-0.295302,372.404,0.0001368,2.18691,0.472138,-3.06066,5.00819
-0.295302,372.404,0.000137067,2.31154,0.429887,-3.16879,5.26
-0.295302,372.404,0.000137333,2.42705,0.386383,-3.26283,5.48927
-0.295302,372.404,0.0001376,2.53298,0.341814,-3.34267,5.69534
-0.295302,372.404,0.000137867,2.62892,0.296371,-3.40823,5.87764
-0.295302,372.404,0.000138133,2.71448,0.250243,-3.45953,6.03571
-0.295302,372.404,0.0001384,2.78933,0.203622,-3.49662,6.16917
-0.295302,372.404,0.000138667,2.85317,0.156694,-3.51962,6.27777
-0.295302,372.404,0.000138933,2.90575,0.109644,-3.52871,6.36134
-0.295302,372.404,0.0001392,2.94686,0.0626558,-3.52412,6.41981
-0.295302,372.404,0.000139467,2.97634,0.0159075,-3.50613,6.45323
-0.295302,372.404,0.000139733,2.99408,-0.0304266,-3.47506,6.46171
-0.295302,372.404,0.00014,3,-0.0761772,-3.43129,6.44549
-0.295302,372.404,0.000140267,2.99408,-0.12118,-3.37523,6.40486
-0.295302,372.404,0.000140533,2.97634,-0.165278,-3.30733,6.34023
-0.295302,372.404,0.0001408,2.94686,-0.208319,-3.22809,6.25208
-0.295302,372.404,0.000141067,2.90575,-0.250159,-3.13801,6.14098
-0.295302,372.404,0.000141333,2.85317,-0.290661,-3.03765,6.00756
-0.295302,372.404,0.0001416,2.78933,-0.329696,-2.92757,5.85254
-0.295302,372.404,0.000141867,2.71448,-0.36714,-2.80836,5.6767
-0.295302,372.404,0.000142133,2.62892,-0.402882,-2.68064,5.48089
-0.295302,372.404,0.0001424,2.53298,-0.436816,-2.54503,5.26602
-0.295302,372.404,0.000142667,2.42705,-0.468845,-2.40216,5.03306
-0.295302,372.404,0.000142933,2.31154,-0.49888,-2.25267,4.783
-0.295302,372.404,0.0001432,2.18691,-0.526843,-2.09722,4.51693
-0.295302,372.404,0.000143467,2.05364,-0.552663,-1.93645,4.23595
-0.295302,372.404,0.000143733,1.91227,-0.576276,-1.77102,3.9412
-0.295302,372.404,0.000144,1.76336,-0.59763,-1.60157,3.63385
-0.295302,372.404,0.000144267,1.60748,-0.61668,-1.42874,3.31511
-0.295302,372.404,0.000144533,1.44526,-0.633389,-1.25317,2.98622
-0.295302,372.404,0.0001448,1.27734,-0.647729,-1.07549,2.64841
-0.295302,372.404,0.000145067,1.10437,-0.65968,-0.896308,2.30296
-0.295302,372.404,0.000145333,0.927051,-0.66923,-0.716224,1.95113
-0.295302,372.404,0.0001456,0.74607,-0.676374,-0.535827,1.5942
-0.295302,372.404,0.000145867,0.562144,-0.681116,-0.355686,1.23347
-0.295302,372.404,0.000146133,0.376,-0.683468,-0.176355,0.870209
-0.295302,372.404,0.0001464,0.188372,-0.683446,0.00163069,0.505693
-0.295302,372.404,0.000146667,1.46993e-014,-0.681076,0.177754,0.141188
-0.295302,372.404,0.000146933,-0.188372,-0.676389,0.351517,-0.222053
-0.295302,372.404,0.0001472,-0.376,-0.669423,0.522442,-0.582794
-0.295302,372.404,0.000147467,-0.562144,-0.660222,0.690073,-0.939819
-0.295302,372.404,0.000147733,-0.74607,-0.648836,0.853972,-1.29194
-0.295302,372.404,0.000148,-0.927051,-0.63532,1.01372,-1.63798
-0.295302,372.404,0.000148267,-1.10437,-0.619734,1.16893,-1.97682
-0.295302,372.404,0.000148533,-1.27734,-0.602144,1.31922,-2.30735
-0.295302,372.404,0.0001488,-1.44526,-0.582621,1.46423,-2.62849
-0.295302,372.404,0.000149067,-1.60748,-0.56124,1.60363,-2.93922
-0.295302,372.404,0.000149333,-1.76336,-0.538078,1.7371,-3.23855
-0.295302,372.404,0.0001496,-1.91227,-0.51322,1.86435,-3.52552
-0.295302,372.404,0.000149867,-2.05364,-0.486752,1.9851,-3.79924
-0.295302,372.404,0.000150133,-2.18691,-0.458764,2.09909,-4.05884
-0.295302,372.404,0.0001504,-2.31154,-0.42935,2.20607,-4.30352
-0.295302,372.404,0.000150667,-2.42705,-0.398606,2.30582,-4.5325
-0.295302,372.404,0.000150933,-2.53298,-0.366631,2.39813,-4.74509
-0.295302,372.404,0.0001512,-2.62892,-0.333527,2.4828,-4.94063
-0.295302,372.404,0.000151467,-2.71448,-0.299398,2.55968,-5.11851
-0.295302,372.404,0.000151733,-2.78933,-0.26435,2.62858,-5.27819
-0.295302,372.404,0.000152,-2.85317,-0.228492,2.68937,-5.41918
-0.295302,372.404,0.000152267,-2.90575,-0.191933,2.74192,-5.54104
-0.295302,372.404,0.000152533,-2.94686,-0.154785,2.78611,-5.6434
-0.295302,372.404,0.0001528,-2.97634,-0.11716,2.82184,-5.72595
-0.295302,372.404,0.000153067,-2.99408,-0.0791731,2.84903,-5.78844
-0.295302,372.404,0.000153333,-3,-0.0409382,2.86761,-5.83067
-0.295302,372.404,0.0001536,-2.99408,-0.00257126,2.87752,-5.8525
-0.295302,372.404,0.000153867,-2.97634,0.0358118,2.87873,-5.85387
-0.295302,372.404,0.000154133,-2.94686,0.0740944,2.8712,-5.83477
-0.295302,372.404,0.0001544,-2.90575,0.11216,2.85493,-5.79525
-0.295302,372.404,0.000154667,-2.85317,0.149892,2.82992,-5.73544
-0.295302,372.404,0.000154933,-2.78933,0.187175,2.79621,-5.65549
-0.295302,372.404,0.0001552,-2.71448,0.223893,2.75384,-5.55567
-0.295302,372.404,0.000155467,-2.62892,0.259931,2.70285,-5.43626
-0.295302,372.404,0.000155733,-2.53298,0.295176,2.64334,-5.29763
-0.295302,372.404,0.000156,-2.42705,0.329514,2.5754,-5.1402
-0.295302,372.404,0.000156267,-2.31154,0.362836,2.49915,-4.96446
-0.295302,372.404,0.000156533,-2.18691,0.395032,2.41472,-4.77095
-0.295302,372.404,0.0001568,-2.05364,0.425996,2.32227,-4.56026
-0.295302,372.404,0.000157067,-1.91227,0.455623,2.22199,-4.33306
-0.295302,372.404,0.000157333,-1.76336,0.48381,2.11409,-4.09007
-0.295302,372.404,0.0001576,-1.60748,0.510461,1.99877,-3.83203
-0.295302,372.404,0.000157867,-1.44526,0.535478,1.87631,-3.55979
-0.295302,372.404,0.000158133,-1.27734,0.558771,1.74697,-3.2742
-0.295302,372.404,0.0001584,-1.10437,0.580252,1.61105,-2.97619
-0.295302,372.404,0.000158667,-0.927051,0.599837,1.46888,-2.66672
-0.295302,372.404,0.000158933,-0.74607,0.617448,1.32081,-2.34681
-0.295302,372.404,0.0001592,-0.562144,0.633011,1.16721,-2.0175
-0.295302,372.404,0.000159467,-0.376,0.646457,1.00849,-1.6799
-0.295302,372.404,0.000159733,-0.188372,0.657725,0.845066,-1.33512
-0.295302,372.404,0.00146667,2.35368e-014,0.781833,0.451508,-0.813554
-0.295302,372.404,0.00146693,0.188372,0.784767,0.220093,-0.396577
-0.295302,372.404,0.0014672,0.376,0.784605,-0.0121906,0.0219656
-0.295302,372.404,0.00146747,0.562144,0.781346,-0.244426,0.440421
-0.295302,372.404,0.00146773,0.74607,0.775003,-0.475697,0.857139
-0.295302,372.404,0.001468,0.927051,0.765602,-0.705091,1.27047
-0.295302,372.404,0.00146827,1.10437,0.753179,-0.931702,1.67879
-0.295302,372.404,0.00146853,1.27734,0.737784,-1.15464,2.08049
-0.295302,372.404,0.0014688,1.44526,0.719477,-1.37301,2.47398
-0.295302,372.404,0.00146907,1.60748,0.698331,-1.58597,2.8577
-0.295302,372.404,0.00146933,1.76336,0.674428,-1.79267,3.23014
-0.295302,372.404,0.0014696,1.91227,0.647865,-1.9923,3.58983
-0.295302,372.404,0.00146987,2.05364,0.618744,-2.18406,3.93536
-0.295302,372.404,0.00147013,2.18691,0.587181,-2.3672,4.26536
-0.295302,372.404,0.0014704,2.31154,0.553301,-2.541,4.57852
-0.295302,372.404,0.00147067,2.42705,0.517237,-2.70477,4.87362
-0.295302,372.404,0.00147093,2.53298,0.479133,-2.85787,5.14948
-0.295302,372.404,0.0014712,2.62892,0.439137,-2.99969,5.40501
-0.295302,372.404,0.00147147,2.71448,0.397408,-3.12967,5.63922
-0.295302,372.404,0.00147173,2.78933,0.35411,-3.2473,5.85117
-0.295302,372.404,0.001472,2.85317,0.309416,-3.35211,6.04003
-0.295302,372.404,0.00147227,2.90575,0.2635,-3.4437,6.20505
-0.295302,372.404,0.00147253,2.94686,0.216544,-3.52169,6.34558
-0.295302,372.404,0.0014728,2.97634,0.168733,-3.58578,6.46107
-0.295302,372.404,0.00147307,2.99408,0.120257,-3.63573,6.55107
-0.295302,372.404,0.00147333,3,0.0713061,-3.67132,6.6152
-0.295302,372.404,0.0014736,2.99408,0.0220737,-3.69243,6.65323
-0.295302,372.404,0.00147387,2.97634,-0.0272458,-3.69896,6.665
-0.295302,372.404,0.00147413,2.94686,-0.0764578,-3.6909,6.65047
-0.295302,372.404,0.0014744,2.90575,-0.125368,-3.66827,6.6097
-0.295302,372.404,0.00147467,2.85317,-0.173783,-3.63116,6.54283
-0.295302,372.404,0.00147493,2.78933,-0.221513,-3.57972,6.45015
-0.295302,372.404,0.0014752,2.71448,-0.268368,-3.51415,6.33201
-0.295302,372.404,0.00147547,2.62892,-0.314165,-3.43472,6.18888
-0.295302,372.404,0.00147573,2.53298,-0.358721,-3.34173,6.02132
-0.295302,372.404,0.001476,2.42705,-0.401862,-3.23555,5.83001
-0.295302,372.404,0.00147627,2.31154,-0.443417,-3.1166,5.61568
-0.295302,372.404,0.00147653,2.18691,-0.483221,-2.98536,5.37919
-0.295302,372.404,0.0014768,2.05364,-0.521119,-2.84233,5.12147
-0.295302,372.404,0.00147707,1.91227,-0.55696,-2.68808,4.84354
-0.295302,372.404,0.00147733,1.76336,-0.590603,-2.52323,4.5465
-0.295302,372.404,0.0014776,1.60748,-0.621915,-2.34841,4.23151
-0.295302,372.404,0.00147787,1.44526,-0.650773,-2.16433,3.89982
-0.295302,372.404,0.00147813,1.27734,-0.677063,-1.97171,3.55274
-0.295302,372.404,0.0014784,1.10437,-0.70068,-1.77131,3.19164
-0.295302,372.404,0.00147867,0.927051,-0.721532,-1.56391,2.81795
-0.295302,372.404,0.00147893,0.74607,-0.739537,-1.35034,2.43313
-0.295302,372.404,0.0014792,0.562144,-0.754623,-1.13145,2.03871
-0.295302,372.404,0.00147947,0.376,-0.766731,-0.908087,1.63624
-0.295302,372.404,0.00147973,0.188372,-0.775812,-0.681142,1.22732
-0.295302,372.404,0.00148,8.80497e-015,-0.781833,-0.451509,0.813554
-0.295302,372.404,0.00148027,-0.188372,-0.784767,-0.220093,0.396577
-0.295302,372.404,0.00148053,-0.376,-0.784605,0.0121904,-0.0219654
-0.295302,372.404,0.0014808,-0.562144,-0.781346,0.244426,-0.440421
-0.295302,372.404,0.00148107,-0.74607,-0.775003,0.475697,-0.857139
-0.295302,372.404,0.00148133,-0.927051,-0.765602,0.705091,-1.27047
-0.295302,372.404,0.0014816,-1.10437,-0.753179,0.931702,-1.67879
-0.295302,372.404,0.00148187,-1.27734,-0.737784,1.15464,-2.08049
-0.295302,372.404,0.00148213,-1.44526,-0.719477,1.37301,-2.47397
-0.295302,372.404,0.0014824,-1.60748,-0.698331,1.58597,-2.8577
-0.295302,372.404,0.00148267,-1.76336,-0.674428,1.79267,-3.23014
-0.295302,372.404,0.00148293,-1.91227,-0.647865,1.9923,-3.58983
-0.295302,372.404,0.0014832,-2.05364,-0.618744,2.18406,-3.93536
-0.295302,372.404,0.00148347,-2.18691,-0.587181,2.3672,-4.26536
-0.295302,372.404,0.00148373,-2.31154,-0.553301,2.541,-4.57852
-0.295302,372.404,0.001484,-2.42705,-0.517237,2.70477,-4.87362
-0.295302,372.404,0.00148427,-2.53298,-0.479133,2.85787,-5.14948
-0.295302,372.404,0.00148453,-2.62892,-0.439137,2.99969,-5.40501
-0.295302,372.404,0.0014848,-2.71448,-0.397408,3.12967,-5.63922
-0.295302,372.404,0.00148507,-2.78933,-0.35411,3.2473,-5.85117
-0.295302,372.404,0.00148533,-2.85317,-0.309416,3.35211,-6.04003
-0.295302,372.404,0.0014856,-2.90575,-0.2635,3.4437,-6.20505
-0.295302,372.404,0.00148587,-2.94686,-0.216544,3.52169,-6.34558
-0.295302,372.404,0.00148613,-2.97634,-0.168733,3.58578,-6.46107
-0.295302,372.404,0.0014864,-2.99408,-0.120257,3.63573,-6.55107
-0.295302,372.404,0.00148667,-3,-0.0713061,3.67132,-6.6152
-0.295302,372.404,0.00148693,-2.99408,-0.0220737,3.69243,-6.65323
-0.295302,372.404,0.0014872,-2.97634,0.0272458,3.69896,-6.66501
-0.295302,372.404,0.00148747,-2.94686,0.0764577,3.6909,-6.65047
-0.295302,372.404,0.00148773,-2.90575,0.125368,3.66827,-6.6097
-0.295302,372.404,0.001488,-2.85317,0.173783,3.63116,-6.54283
-0.295302,372.404,0.00148827,-2.78933,0.221513,3.57972,-6.45015
-0.295302,372.404,0.00148853,-2.71448,0.268368,3.51415,-6.33201
-0.295302,372.404,0.0014888,-2.62892,0.314165,3.43472,-6.18888
-0.295302,372.404,0.00148907,-2.53298,0.358721,3.34173,-6.02132
-0.295302,372.404,0.00148933,-2.42705,0.401862,3.23555,-5.83001
-0.295302,372.404,0.0014896,-2.31154,0.443417,3.11661,-5.61568
-0.295302,372.404,0.00148987,-2.18691,0.483221,2.98536,-5.37919
-0.295302,372.404,0.00149013,-2.05364,0.521119,2.84233,-5.12147
-0.295302,372.404,0.0014904,-1.91227,0.55696,2.68808,-4.84354
-0.295302,372.404,0.00149067,-1.76336,0.590603,2.52323,-4.5465
-0.295302,372.404,0.00149093,-1.60748,0.621915,2.34841,-4.23151
-0.295302,372.404,0.0014912,-1.44526,0.650773,2.16433,-3.89982
-0.295302,372.404,0.00149147,-1.27734,0.677063,1.97171,-3.55274
-0.295302,372.404,0.00149173,-1.10437,0.70068,1.77131,-3.19164
-0.295302,372.404,0.001492,-0.927051,0.721532,1.56391,-2.81795
-0.295302,372.404,0.00149227,-0.74607,0.739537,1.35034,-2.43313
-0.295302,372.404,0.00149253,-0.562144,0.754623,1.13145,-2.03871
-0.295302,372.404,0.0014928,-0.376,0.766731,0.908087,-1.63624
-0.295302,372.404,0.00149307,-0.188372,0.775812,0.681142,-1.22732
-0.295302,372.404,0.00149333,-4.11468e-014,0.781833,0.451509,-0.813554
-0.295302,372.404,0.0014936,0.188372,0.784767,0.220093,-0.396577
-0.295302,372.404,0.00149387,0.376,0.784605,-0.0121903,0.0219654
-0.295302,372.404,0.00149413,0.562144,0.781346,-0.244426,0.440421
-0.295302,372.404,0.0014944,0.74607,0.775003,-0.475697,0.857139
-0.295302,372.404,0.00149467,0.927051,0.765602,-0.705091,1.27047
-0.295302,372.404,0.00149493,1.10437,0.753179,-0.931702,1.67879
-0.295302,372.404,0.0014952,1.27734,0.737784,-1.15464,2.08049
-0.295302,372.404,0.00149547,1.44526,0.719477,-1.37301,2.47397
-0.295302,372.404,0.00149573,1.60748,0.698331,-1.58597,2.8577
-0.295302,372.404,0.001496,1.76336,0.674429,-1.79267,3.23014
-0.295302,372.404,0.00149627,1.91227,0.647865,-1.9923,3.58983
-0.295302,372.404,0.00149653,2.05364,0.618744,-2.18406,3.93536
-0.295302,372.404,0.0014968,2.18691,0.587181,-2.3672,4.26536
-0.295302,372.404,0.00149707,2.31154,0.553301,-2.541,4.57852
-0.295302,372.404,0.00149733,2.42705,0.517237,-2.70477,4.87362
-0.295302,372.404,0.0014976,2.53298,0.479133,-2.85787,5.14948
-0.295302,372.404,0.00149787,2.62892,0.439137,-2.99969,5.40501
-0.295302,372.404,0.00149813,2.71448,0.397408,-3.12967,5.63922
-0.295302,372.404,0.0014984,2.78933,0.35411,-3.2473,5.85117
-0.295302,372.404,0.00149867,2.85317,0.309416,-3.35211,6.04003
-0.295302,372.404,0.00149893,2.90575,0.2635,-3.4437,6.20505
-0.295302,372.404,0.0014992,2.94686,0.216544,-3.52169,6.34558
-0.295302,372.404,0.00149947,2.97634,0.168733,-3.58578,6.46107
-0.295302,372.404,0.00149973,2.99408,0.120257,-3.63573,6.55107
-0.295302,372.404,0.0015,3,0.0713061,-3.67132,6.6152
-0.295302,372.404,0.00150027,2.99408,0.0220737,-3.69243,6.65323
-0.295302,372.404,0.00150053,2.97634,-0.0272458,-3.69896,6.66501
-0.295302,372.404,0.0015008,2.94686,-0.0764577,-3.6909,6.65047
-0.295302,372.404,0.00150107,2.90575,-0.125368,-3.66827,6.6097
-0.295302,372.404,0.00150133,2.85317,-0.173783,-3.63116,6.54283
-0.295302,372.404,0.0015016,2.78933,-0.221513,-3.57972,6.45015
-0.295302,372.404,0.00150187,2.71448,-0.268368,-3.51416,6.33201
-0.295302,372.404,0.00150213,2.62892,-0.314165,-3.43472,6.18888
-0.295302,372.404,0.0015024,2.53298,-0.358721,-3.34173,6.02132
-0.295302,372.404,0.00150267,2.42705,-0.401862,-3.23555,5.83001
-0.295302,372.404,0.00150293,2.31154,-0.443417,-3.11661,5.61568
-0.295302,372.404,0.0015032,2.18691,-0.483221,-2.98536,5.37919
-0.295302,372.404,0.00150347,2.05364,-0.521119,-2.84233,5.12147
-0.295302,372.404,0.00150373,1.91227,-0.55696,-2.68808,4.84354
-0.295302,372.404,0.001504,1.76336,-0.590603,-2.52323,4.5465
-0.295302,372.404,0.00150427,1.60748,-0.621915,-2.34841,4.23151
-0.295302,372.404,0.00150453,1.44526,-0.650773,-2.16433,3.89982
-0.295302,372.404,0.0015048,1.27734,-0.677063,-1.97171,3.55274
-0.295302,372.404,0.00150507,1.10437,-0.70068,-1.77131,3.19164
-0.295302,372.404,0.00150533,0.927051,-0.721532,-1.56391,2.81795
-0.295302,372.404,0.0015056,0.74607,-0.739537,-1.35034,2.43313
-0.295302,372.404,0.00150587,0.562144,-0.754623,-1.13145,2.03871
-0.295302,372.404,0.00150613,0.376,-0.766731,-0.908087,1.63624
-0.295302,372.404,0.0015064,0.188372,-0.775812,-0.681142,1.22732
-0.295302,372.404,0.00150667,-9.70417e-014,-0.781833,-0.451509,0.813554
-0.295302,372.404,0.00150693,-0.188372,-0.784767,-0.220093,0.396577
-0.295302,372.404,0.0015072,-0.376,-0.784605,0.0121904,-0.0219655
-0.295302,372.404,0.00150747,-0.562144,-0.781346,0.244426,-0.440421
-0.295302,372.404,0.00150773,-0.74607,-0.775003,0.475697,-0.857139
-0.295302,372.404,0.001508,-0.927051,-0.765602,0.705091,-1.27047
-0.295302,372.404,0.00150827,-1.10437,-0.753179,0.931702,-1.67879
-0.295302,372.404,0.00150853,-1.27734,-0.737784,1.15464,-2.08049
-0.295302,372.404,0.0015088,-1.44526,-0.719477,1.37301,-2.47398
-0.295302,372.404,0.00150907,-1.60748,-0.698331,1.58597,-2.8577
-0.295302,372.404,0.00150933,-1.76336,-0.674429,1.79267,-3.23014
-0.295302,372.404,0.0015096,-1.91227,-0.647865,1.9923,-3.58983
-0.295302,372.404,0.00150987,-2.05364,-0.618744,2.18406,-3.93536
-0.295302,372.404,0.00151013,-2.18691,-0.587181,2.3672,-4.26536
-0.295302,372.404,0.0015104,-2.31154,-0.553301,2.541,-4.57852
-0.295302,372.404,0.00151067,-2.42705,-0.517237,2.70477,-4.87362
-0.295302,372.404,0.00151093,-2.53298,-0.479133,2.85787,-5.14948
-0.295302,372.404,0.0015112,-2.62892,-0.439137,2.99969,-5.40501
-0.295302,372.404,0.00151147,-2.71448,-0.397408,3.12967,-5.63922
-0.295302,372.404,0.00151173,-2.78933,-0.35411,3.2473,-5.85117
-0.295302,372.404,0.001512,-2.85317,-0.309416,3.35211,-6.04003
-0.295302,372.404,0.00151227,-2.90575,-0.2635,3.4437,-6.20505
-0.295302,372.404,0.00151253,-2.94686,-0.216544,3.52169,-6.34558
-0.295302,372.404,0.0015128,-2.97634,-0.168733,3.58578,-6.46107
-0.295302,372.404,0.00151307,-2.99408,-0.120257,3.63573,-6.55107
-0.295302,372.404,0.00151333,-3,-0.0713061,3.67132,-6.6152
-0.295302,372.404,0.0015136,-2.99408,-0.0220737,3.69243,-6.65323
-0.295302,372.404,0.00151387,-2.97634,0.0272458,3.69896,-6.66501
-0.295302,372.404,0.00151413,-2.94686,0.0764578,3.6909,-6.65047
-0.295302,372.404,0.0015144,-2.90575,0.125368,3.66827,-6.6097
-0.295302,372.404,0.00151467,-2.85317,0.173783,3.63116,-6.54283
-0.295302,372.404,0.00151493,-2.78933,0.221513,3.57972,-6.45015
-0.295302,372.404,0.0015152,-2.71448,0.268368,3.51415,-6.33201
-0.295302,372.404,0.00151547,-2.62892,0.314165,3.43472,-6.18888
-0.295302,372.404,0.00151573,-2.53298,0.358721,3.34173,-6.02132
-0.295302,372.404,0.001516,-2.42705,0.401862,3.23555,-5.83001
-0.295302,372.404,0.00151627,-2.31154,0.443417,3.11661,-5.61568
-0.295302,372.404,0.00151653,-2.18691,0.483221,2.98536,-5.37919
-0.295302,372.404,0.0015168,-2.05364,0.521119,2.84233,-5.12147
-0.295302,372.404,0.00151707,-1.91227,0.55696,2.68808,-4.84354
-0.295302,372.404,0.00151733,-1.76336,0.590603,2.52323,-4.5465
-0.295302,372.404,0.0015176,-1.60748,0.621915,2.34841,-4.23151
-0.295302,372.404,0.00151787,-1.44526,0.650773,2.16433,-3.89982
-0.295302,372.404,0.00151813,-1.27734,0.677063,1.97171,-3.55274
-0.295302,372.404,0.0015184,-1.10437,0.70068,1.77131,-3.19164
-0.295302,372.404,0.00151867,-0.927051,0.721532,1.56391,-2.81795
-0.295302,372.404,0.00151893,-0.74607,0.739537,1.35034,-2.43313
-0.295302,372.404,0.0015192,-0.562144,0.754623,1.13145,-2.03871
-0.295302,372.404,0.00151947,-0.376,0.766731,0.908087,-1.63624
-0.295302,372.404,0.00151973,-0.188372,0.775812,0.681142,-1.22732
-0.295302,372.404,0.00152,6.46999e-014,0.781833,0.451508,-0.813554
-0.295302,372.404,0.00152027,0.188372,0.784767,0.220093,-0.396577
-0.295302,372.404,0.00152053,0.376,0.784605,-0.0121905,0.0219656
-0.295302,372.404,0.0015208,0.562144,0.781346,-0.244426,0.440421
-0.295302,372.404,0.00152107,0.74607,0.775003,-0.475697,0.857139
-0.295302,372.404,0.00152133,0.927051,0.765602,-0.705091,1.27047
-0.295302,372.404,0.0015216,1.10437,0.753179,-0.931702,1.67879
-0.295302,372.404,0.00152187,1.27734,0.737784,-1.15464,2.08049
-0.295302,372.404,0.00152213,1.44526,0.719477,-1.37301,2.47398
-0.295302,372.404,0.0015224,1.60748,0.698331,-1.58597,2.8577
-0.295302,372.404,0.00152267,1.76336,0.674428,-1.79267,3.23014
-0.295302,372.404,0.00152293,1.91227,0.647865,-1.9923,3.58983
-0.295302,372.404,0.0015232,2.05364,0.618744,-2.18406,3.93536
-0.295302,372.404,0.00152347,2.18691,0.587181,-2.3672,4.26536
-0.295302,372.404,0.00152373,2.31154,0.553301,-2.541,4.57852
-0.295302,372.404,0.001524,2.42705,0.517237,-2.70477,4.87362
-0.295302,372.404,0.00152427,2.53298,0.479133,-2.85787,5.14948
-0.295302,372.404,0.00152453,2.62892,0.439137,-2.99969,5.40501
-0.295302,372.404,0.0015248,2.71448,0.397408,-3.12967,5.63922
-0.295302,372.404,0.00152507,2.78933,0.35411,-3.2473,5.85117
-0.295302,372.404,0.00152533,2.85317,0.309416,-3.35211,6.04003
-0.295302,372.404,0.0015256,2.90575,0.2635,-3.4437,6.20505
-0.295302,372.404,0.00152587,2.94686,0.216544,-3.52169,6.34558
-0.295302,372.404,0.00152613,2.97634,0.168733,-3.58578,6.46107
-0.295302,372.404,0.0015264,2.99408,0.120257,-3.63573,6.55107
-0.295302,372.404,0.00152667,3,0.0713061,-3.67132,6.6152
-0.295302,372.404,0.00152693,2.99408,0.0220737,-3.69243,6.65323
-0.295302,372.404,0.0015272,2.97634,-0.0272458,-3.69896,6.66501
-0.295302,372.404,0.00152747,2.94686,-0.0764578,-3.6909,6.65047
-0.295302,372.404,0.00152773,2.90575,-0.125368,-3.66827,6.6097
-0.295302,372.404,0.001528,2.85317,-0.173783,-3.63116,6.54283
-0.295302,372.404,0.00152827,2.78933,-0.221513,-3.57972,6.45015
-0.295302,372.404,0.00152853,2.71448,-0.268368,-3.51415,6.33201
-0.295302,372.404,0.0015288,2.62892,-0.314165,-3.43472,6.18888
-0.295302,372.404,0.00152907,2.53298,-0.358721,-3.34173,6.02132
-0.295302,372.404,0.00152933,2.42705,-0.401862,-3.23555,5.83001
-0.295302,372.404,0.0015296,2.31154,-0.443417,-3.1166,5.61568
-0.295302,372.404,0.00152987,2.18691,-0.483221,-2.98536,5.37919
-0.295302,372.404,0.00153013,2.05364,-0.521119,-2.84233,5.12147
-0.295302,372.404,0.0015304,1.91227,-0.55696,-2.68808,4.84354
-0.295302,372.404,0.00153067,1.76336,-0.590603,-2.52323,4.5465
-0.295302,372.404,0.00153093,1.60748,-0.621915,-2.34841,4.23151
-0.295302,372.404,0.0015312,1.44526,-0.650773,-2.16433,3.89982
-0.295302,372.404,0.00153147,1.27734,-0.677063,-1.97171,3.55274
-0.295302,372.404,0.00153173,1.10437,-0.70068,-1.77131,3.19164
-0.295302,372.404,0.001532,0.927051,-0.721532,-1.56391,2.81795
-0.295302,372.404,0.00153227,0.74607,-0.739537,-1.35034,2.43313
-0.295302,372.404,0.00153253,0.562144,-0.754623,-1.13145,2.03871
-0.295302,372.404,0.0015328,0.376,-0.766731,-0.908087,1.63624
-0.295302,372.404,0.00153307,0.188372,-0.775812,-0.681142,1.22732
-0.295302,372.404,0.00153333,-3.23581e-014,-0.781833,-0.451508,0.813554
-0.295302,372.404,0.0015336,-0.188372,-0.784767,-0.220093,0.396577
-0.295302,372.404,0.00153387,-0.376,-0.784605,0.0121906,-0.0219656
-0.295302,372.404,0.00153413,-0.562144,-0.781346,0.244426,-0.440421
-0.295302,372.404,0.0015344,-0.74607,-0.775003,0.475697,-0.857139
-0.295302,372.404,0.00153467,-0.927051,-0.765602,0.705091,-1.27047
-0.295302,372.404,0.00153493,-1.10437,-0.753179,0.931702,-1.67879
-0.295302,372.404,0.0015352,-1.27734,-0.737784,1.15464,-2.08049
-0.295302,372.404,0.00153547,-1.44526,-0.719477,1.37301,-2.47398
-0.295302,372.404,0.00153573,-1.60748,-0.698331,1.58597,-2.8577
-0.295302,372.404,0.001536,-1.76336,-0.674428,1.79267,-3.23014
-0.295302,372.404,0.00153627,-1.91227,-0.647865,1.9923,-3.58983
-0.295302,372.404,0.00153653,-2.05364,-0.618744,2.18406,-3.93536
-0.295302,372.404,0.0015368,-2.18691,-0.587181,2.3672,-4.26536
-0.295302,372.404,0.00153707,-2.31154,-0.553301,2.541,-4.57852
-0.295302,372.404,0.00153733,-2.42705,-0.517237,2.70477,-4.87362
-0.295302,372.404,0.0015376,-2.53298,-0.479133,2.85787,-5.14948
-0.295302,372.404,0.00153787,-2.62892,-0.439137,2.99969,-5.40501
-0.295302,372.404,0.00153813,-2.71448,-0.397408,3.12967,-5.63922
-0.295302,372.404,0.0015384,-2.78933,-0.35411,3.2473,-5.85117
-0.295302,372.404,0.00153867,-2.85317,-0.309416,3.35211,-6.04003
-0.295302,372.404,0.00153893,-2.90575,-0.2635,3.4437,-6.20505
-0.295302,372.404,0.0015392,-2.94686,-0.216544,3.52169,-6.34558
-0.295302,372.404,0.00153947,-2.97634,-0.168733,3.58578,-6.46107
-0.295302,372.404,0.00153973,-2.99408,-0.120257,3.63573,-6.55107
-0.295302,372.404,0.00154,-3,-0.0713061,3.67132,-6.6152
-0.295302,372.404,0.00154027,-2.99408,-0.0220737,3.69243,-6.65323
-0.295302,372.404,0.00154053,-2.97634,0.0272458,3.69896,-6.66501
-0.295302,372.404,0.0015408,-2.94686,0.0764578,3.6909,-6.65047
-0.295302,372.404,0.00154107,-2.90575,0.125368,3.66827,-6.6097
-0.295302,372.404,0.00154133,-2.85317,0.173783,3.63116,-6.54283
-0.295302,372.404,0.0015416,-2.78933,0.221513,3.57972,-6.45015
-0.295302,372.404,0.00154187,-2.71448,0.268368,3.51415,-6.33201
-0.295302,372.404,0.00154213,-2.62892,0.314165,3.43472,-6.18888
-0.295302,372.404,0.0015424,-2.53298,0.358721,3.34173,-6.02132
-0.295302,372.404,0.00154267,-2.42705,0.401862,3.23555,-5.83001
-0.295302,372.404,0.00154293,-2.31154,0.443417,3.1166,-5.61568
-0.295302,372.404,0.0015432,-2.18691,0.483221,2.98536,-5.37919
-0.295302,372.404,0.00154347,-2.05364,0.521119,2.84233,-5.12147
-0.295302,372.404,0.00154373,-1.91227,0.55696,2.68808,-4.84354
-0.295302,372.404,0.001544,-1.76336,0.590603,2.52323,-4.5465
-0.295302,372.404,0.00154427,-1.60748,0.621915,2.34841,-4.23151
-0.295302,372.404,0.00154453,-1.44526,0.650773,2.16433,-3.89982
-0.295302,372.404,0.0015448,-1.27734,0.677063,1.97171,-3.55274
-0.295302,372.404,0.00154507,-1.10437,0.70068,1.77131,-3.19164
-0.295302,372.404,0.00154533,-0.927051,0.721532,1.56391,-2.81795
-0.295302,372.404,0.0015456,-0.74607,0.739537,1.35034,-2.43313
-0.295302,372.404,0.00154587,-0.562144,0.754623,1.13145,-2.03871
-0.295302,372.404,0.00154613,-0.376,0.766731,0.908087,-1.63624
-0.295302,372.404,0.0015464,-0.188372,0.775812,0.681142,-1.22732
-0.295302,372.404,0.00154667,1.6263e-017,0.781833,0.451508,-0.813554
-0.295302,372.404,0.00154693,0.188372,0.784767,0.220093,-0.396577
-0.295302,372.404,0.0015472,0.376,0.784605,-0.0121905,0.0219655
-0.295302,372.404,0.00154747,0.562144,0.781346,-0.244426,0.440421
-0.295302,372.404,0.00154773,0.74607,0.775003,-0.475697,0.857139
-0.295302,372.404,0.001548,0.927051,0.765602,-0.705091,1.27047
-0.295302,372.404,0.00154827,1.10437,0.753179,-0.931702,1.67879
-0.295302,372.404,0.00154853,1.27734,0.737784,-1.15464,2.08049
-0.295302,372.404,0.0015488,1.44526,0.719477,-1.37301,2.47398
-0.295302,372.404,0.00154907,1.60748,0.698331,-1.58597,2.8577
-0.295302,372.404,0.00154933,1.76336,0.674428,-1.79267,3.23014
-0.295302,372.404,0.0015496,1.91227,0.647865,-1.9923,3.58983
-0.295302,372.404,0.00154987,2.05364,0.618744,-2.18406,3.93536
-0.295302,372.404,0.00155013,2.18691,0.587181,-2.3672,4.26536
-0.295302,372.404,0.0015504,2.31154,0.553301,-2.541,4.57852
-0.295302,372.404,0.00155067,2.42705,0.517237,-2.70477,4.87362
-0.295302,372.404,0.00155093,2.53298,0.479133,-2.85787,5.14948
-0.295302,372.404,0.0015512,2.62892,0.439137,-2.99969,5.40501
-0.295302,372.404,0.00155147,2.71448,0.397408,-3.12967,5.63922
-0.295302,372.404,0.00155173,2.78933,0.35411,-3.2473,5.85117
-0.295302,372.404,0.001552,2.85317,0.309416,-3.35211,6.04003
-0.295302,372.404,0.00155227,2.90575,0.2635,-3.4437,6.20505
-0.295302,372.404,0.00155253,2.94686,0.216544,-3.52169,6.34558
-0.295302,372.404,0.0015528,2.97634,0.168733,-3.58578,6.46107
-0.295302,372.404,0.00155307,2.99408,0.120257,-3.63573,6.55107
-0.295302,372.404,0.00155333,3,0.0713061,-3.67132,6.6152
-0.295302,372.404,0.0015536,2.99408,0.0220737,-3.69243,6.65323
-0.295302,372.404,0.00155387,2.97634,-0.0272458,-3.69896,6.66501
-0.295302,372.404,0.00155413,2.94686,-0.0764578,-3.6909,6.65047
-0.295302,372.404,0.0015544,2.90575,-0.125368,-3.66827,6.6097
-0.295302,372.404,0.00155467,2.85317,-0.173783,-3.63116,6.54283
-0.295302,372.404,0.00155493,2.78933,-0.221513,-3.57972,6.45015
-0.295302,372.404,0.0015552,2.71448,-0.268368,-3.51415,6.33201
-0.295302,372.404,0.00155547,2.62892,-0.314165,-3.43472,6.18888
-0.295302,372.404,0.00155573,2.53298,-0.358721,-3.34173,6.02132
-0.295302,372.404,0.001556,2.42705,-0.401862,-3.23555,5.83001
-0.295302,372.404,0.00155627,2.31154,-0.443417,-3.1166,5.61568
-0.295302,372.404,0.00155653,2.18691,-0.483221,-2.98536,5.37919
-0.295302,372.404,0.0015568,2.05364,-0.521119,-2.84233,5.12147
-0.295302,372.404,0.00155707,1.91227,-0.55696,-2.68808,4.84354
-0.295302,372.404,0.00155733,1.76336,-0.590603,-2.52323,4.5465
-0.295302,372.404,0.0015576,1.60748,-0.621915,-2.34841,4.23151
-0.295302,372.404,0.00155787,1.44526,-0.650773,-2.16433,3.89982
-0.295302,372.404,0.00155813,1.27734,-0.677063,-1.97171,3.55274
-0.295302,372.404,0.0015584,1.10437,-0.70068,-1.77131,3.19164
-0.295302,372.404,0.00155867,0.927051,-0.721532,-1.56391,2.81795
-0.295302,372.404,0.00155893,0.74607,-0.739537,-1.35034,2.43313
-0.295302,372.404,0.0015592,0.562144,-0.754623,-1.13145,2.03871
-0.295302,372.404,0.00155947,0.376,-0.766731,-0.908087,1.63624
-0.295302,372.404,0.00155973,0.188372,-0.775812,-0.681142,1.22732
-0.295302,372.404,0.00156,3.23255e-014,-0.781833,-0.451509,0.813554
-0.295302,372.404,0.00156027,-0.188372,-0.784767,-0.220093,0.396577
-0.295302,372.404,0.00156053,-0.376,-0.784605,0.0121904,-0.0219655
-0.295302,372.404,0.0015608,-0.562144,-0.781346,0.244426,-0.440421
-0.295302,372.404,0.00156107,-0.74607,-0.775003,0.475697,-0.857139
-0.295302,372.404,0.00156133,-0.927051,-0.765602,0.705091,-1.27047
-0.295302,372.404,0.0015616,-1.10437,-0.753179,0.931702,-1.67879
-0.295302,372.404,0.00156187,-1.27734,-0.737784,1.15464,-2.08049
-0.295302,372.404,0.00156213,-1.44526,-0.719477,1.37301,-2.47397
-0.295302,372.404,0.0015624,-1.60748,-0.698331,1.58597,-2.8577
-0.295302,372.404,0.00156267,-1.76336,-0.674428,1.79267,-3.23014
-0.295302,372.404,0.00156293,-1.91227,-0.647865,1.9923,-3.58983
-0.295302,372.404,0.0015632,-2.05364,-0.618744,2.18406,-3.93536
-0.295302,372.404,0.00156347,-2.18691,-0.587181,2.3672,-4.26536
-0.295302,372.404,0.00156373,-2.31154,-0.553301,2.541,-4.57852
-0.295302,372.404,0.001564,-2.42705,-0.517237,2.70477,-4.87362
-0.295302,372.404,0.00156427,-2.53298,-0.479133,2.85787,-5.14948
-0.295302,372.404,0.00156453,-2.62892,-0.439137,2.99969,-5.40501
-0.295302,372.404,0.0015648,-2.71448,-0.397408,3.12967,-5.63922
-0.295302,372.404,0.00156507,-2.78933,-0.35411,3.2473,-5.85117
-0.295302,372.404,0.00156533,-2.85317,-0.309416,3.35211,-6.04003
-0.295302,372.404,0.0015656,-2.90575,-0.2635,3.4437,-6.20505
-0.295302,372.404,0.00156587,-2.94686,-0.216544,3.52169,-6.34558
-0.295302,372.404,0.00156613,-2.97634,-0.168733,3.58578,-6.46107
-0.295302,372.404,0.0015664,-2.99408,-0.120257,3.63573,-6.55107
-0.295302,372.404,0.00156667,-3,-0.0713061,3.67132,-6.6152
-0.295302,372.404,0.00156693,-2.99408,-0.0220737,3.69243,-6.65323
-0.295302,372.404,0.0015672,-2.97634,0.0272458,3.69896,-6.66501
-0.295302,372.404,0.00156747,-2.94686,0.0764578,3.6909,-6.65047
-0.295302,372.404,0.00156773,-2.90575,0.125368,3.66827,-6.6097
-0.295302,372.404,0.001568,-2.85317,0.173783,3.63116,-6.54283
-0.295302,372.404,0.00156827,-2.78933,0.221513,3.57972,-6.45015
-0.295302,372.404,0.00156853,-2.71448,0.268368,3.51415,-6.33201
-0.295302,372.404,0.0015688,-2.62892,0.314165,3.43472,-6.18888
-0.295302,372.404,0.00156907,-2.53298,0.358721,3.34173,-6.02132
-0.295302,372.404,0.00156933,-2.42705,0.401862,3.23555,-5.83001
-0.295302,372.404,0.0015696,-2.31154,0.443417,3.11661,-5.61568
-0.295302,372.404,0.00156987,-2.18691,0.483221,2.98536,-5.37919
-0.295302,372.404,0.00157013,-2.05364,0.521119,2.84233,-5.12147
-0.295302,372.404,0.0015704,-1.91227,0.55696,2.68808,-4.84354
-0.295302,372.404,0.00157067,-1.76336,0.590603,2.52323,-4.5465
-0.295302,372.404,0.00157093,-1.60748,0.621915,2.34841,-4.23151
-0.295302,372.404,0.0015712,-1.44526,0.650773,2.16433,-3.89982
-0.295302,372.404,0.00157147,-1.27734,0.677063,1.97171,-3.55274
-0.295302,372.404,0.00157173,-1.10437,0.70068,1.77131,-3.19164
-0.295302,372.404,0.001572,-0.927051,0.721532,1.56391,-2.81795
-0.295302,372.404,0.00157227,-0.74607,0.739537,1.35034,-2.43313
-0.295302,372.404,0.00157253,-0.562144,0.754623,1.13145,-2.03871
-0.295302,372.404,0.0015728,-0.376,0.766731,0.908087,-1.63624
-0.295302,372.404,0.00157307,-0.188372,0.775812,0.681142,-1.22732
-0.295302,372.404,0.00157333,-6.46673e-014,0.781833,0.451509,-0.813554
-0.295302,372.404,0.0015736,0.188372,0.784767,0.220093,-0.396577
-0.295302,372.404,0.00157387,0.376,0.784605,-0.0121904,0.0219655
-0.295302,372.404,0.00157413,0.562144,0.781346,-0.244426,0.440421
-0.295302,372.404,0.0015744,0.74607,0.775003,-0.475697,0.857139
-0.295302,372.404,0.00157467,0.927051,0.765602,-0.705091,1.27047
-0.295302,372.404,0.00157493,1.10437,0.753179,-0.931702,1.67879
-0.295302,372.404,0.0015752,1.27734,0.737784,-1.15464,2.08049
-0.295302,372.404,0.00157547,1.44526,0.719477,-1.37301,2.47397
-0.295302,372.404,0.00157573,1.60748,0.698331,-1.58597,2.8577
-0.295302,372.404,0.001576,1.76336,0.674429,-1.79267,3.23014
-0.295302,372.404,0.00157627,1.91227,0.647865,-1.9923,3.58983
-0.295302,372.404,0.00157653,2.05364,0.618744,-2.18406,3.93536
-0.295302,372.404,0.0015768,2.18691,0.587181,-2.3672,4.26536
-0.295302,372.404,0.00157707,2.31154,0.553301,-2.541,4.57852
-0.295302,372.404,0.00157733,2.42705,0.517237,-2.70477,4.87362
-0.295302,372.404,0.0015776,2.53298,0.479133,-2.85787,5.14948
-0.295302,372.404,0.00157787,2.62892,0.439137,-2.99969,5.40501
-0.295302,372.404,0.00157813,2.71448,0.397408,-3.12967,5.63922
-0.295302,372.404,0.0015784,2.78933,0.35411,-3.2473,5.85117
-0.295302,372.404,0.00157867,2.85317,0.309416,-3.35211,6.04003
-0.295302,372.404,0.00157893,2.90575,0.2635,-3.4437,6.20505
-0.295302,372.404,0.0015792,2.94686,0.216544,-3.52169,6.34558
-0.295302,372.404,0.00157947,2.97634,0.168733,-3.58578,6.46107
-0.295302,372.404,0.00157973,2.99408,0.120257,-3.63573,6.55107
-0.295302,372.404,0.00158,3,0.0713061,-3.67132,6.6152
-0.295302,372.404,0.00158027,2.99408,0.0220737,-3.69243,6.65323
-0.295302,372.404,0.00158053,2.97634,-0.0272458,-3.69896,6.66501
-0.295302,372.404,0.0015808,2.94686,-0.0764578,-3.6909,6.65047
-0.295302,372.404,0.00158107,2.90575,-0.125368,-3.66827,6.6097
-0.295302,372.404,0.00158133,2.85317,-0.173783,-3.63116,6.54283
-0.295302,372.404,0.0015816,2.78933,-0.221513,-3.57972,6.45015
-0.295302,372.404,0.00158187,2.71448,-0.268368,-3.51415,6.33201
-0.295302,372.404,0.00158213,2.62892,-0.314165,-3.43472,6.18888
-0.295302,372.404,0.0015824,2.53298,-0.358721,-3.34173,6.02132
-0.295302,372.404,0.00158267,2.42705,-0.401862,-3.23555,5.83001
-0.295302,372.404,0.00158293,2.31154,-0.443417,-3.11661,5.61568
-0.295302,372.404,0.0015832,2.18691,-0.483221,-2.98536,5.37919
-0.295302,372.404,0.00158347,2.05364,-0.521119,-2.84233,5.12147
-0.295302,372.404,0.00158373,1.91227,-0.55696,-2.68808,4.84354
-0.295302,372.404,0.001584,1.76336,-0.590603,-2.52323,4.5465
-0.295302,372.404,0.00158427,1.60748,-0.621915,-2.34841,4.23151
-0.295302,372.404,0.00158453,1.44526,-0.650773,-2.16433,3.89982
-0.295302,372.404,0.0015848,1.27734,-0.677063,-1.97171,3.55274
-0.295302,372.404,0.00158507,1.10437,-0.70068,-1.77131,3.19164
-0.295302,372.404,0.00158533,0.927051,-0.721532,-1.56391,2.81795
-0.295302,372.404,0.0015856,0.74607,-0.739537,-1.35034,2.43313
-0.295302,372.404,0.00158587,0.562144,-0.754623,-1.13145,2.03871
-0.295302,372.404,0.00158613,0.376,-0.766731,-0.908087,1.63624
-0.295302,372.404,0.0015864,0.188372,-0.775812,-0.681142,1.22732
-0.295302,372.404,0.00158667,-7.35211e-014,-0.781833,-0.451509,0.813554
-0.295302,372.404,0.00158693,-0.188372,-0.784767,-0.220093,0.396577
-0.295302,372.404,0.0015872,-0.376,-0.784605,0.0121905,-0.0219655
-0.295302,372.404,0.00158747,-0.562144,-0.781346,0.244426,-0.440421
-0.295302,372.404,0.00158773,-0.74607,-0.775003,0.475697,-0.857139
-0.295302,372.404,0.001588,-0.927051,-0.765602,0.705091,-1.27047
-0.295302,372.404,0.00158827,-1.10437,-0.753179,0.931702,-1.67879
-0.295302,372.404,0.00158853,-1.27734,-0.737784,1.15464,-2.08049
-0.295302,372.404,0.0015888,-1.44526,-0.719477,1.37301,-2.47398
-0.295302,372.404,0.00158907,-1.60748,-0.698331,1.58597,-2.8577
-0.295302,372.404,0.00158933,-1.76336,-0.674429,1.79267,-3.23014
-0.295302,372.404,0.0015896,-1.91227,-0.647865,1.9923,-3.58983
-0.295302,372.404,0.00158987,-2.05364,-0.618744,2.18406,-3.93536
-0.295302,372.404,0.00159013,-2.18691,-0.587181,2.3672,-4.26536
-0.295302,372.404,0.0015904,-2.31154,-0.553301,2.541,-4.57852
-0.295302,372.404,0.00159067,-2.42705,-0.517237,2.70477,-4.87362
-0.295302,372.404,0.00159093,-2.53298,-0.479133,2.85787,-5.14948
-0.295302,372.404,0.0015912,-2.62892,-0.439137,2.99969,-5.40501
-0.295302,372.404,0.00159147,-2.71448,-0.397408,3.12967,-5.63922
-0.295302,372.404,0.00159173,-2.78933,-0.35411,3.2473,-5.85117
-0.295302,372.404,0.001592,-2.85317,-0.309416,3.35211,-6.04003
-0.295302,372.404,0.00159227,-2.90575,-0.2635,3.4437,-6.20505
-0.295302,372.404,0.00159253,-2.94686,-0.216544,3.52169,-6.34558
-0.295302,372.404,0.0015928,-2.97634,-0.168733,3.58578,-6.46107
-0.295302,372.404,0.00159307,-2.99408,-0.120257,3.63573,-6.55107
-0.295302,372.404,0.00159333,-3,-0.0713061,3.67132,-6.6152
-0.295302,372.404,0.0015936,-2.99408,-0.0220737,3.69243,-6.65323
-0.295302,372.404,0.00159387,-2.97634,0.0272458,3.69896,-6.66501
-0.295302,372.404,0.00159413,-2.94686,0.0764578,3.6909,-6.65047
-0.295302,372.404,0.0015944,-2.90575,0.125368,3.66827,-6.6097
-0.295302,372.404,0.00159467,-2.85317,0.173783,3.63116,-6.54283
-0.295302,372.404,0.00159493,-2.78933,0.221513,3.57972,-6.45015
-0.295302,372.404,0.0015952,-2.71448,0.268368,3.51415,-6.33201
-0.295302,372.404,0.00159547,-2.62892,0.314165,3.43472,-6.18888
-0.295302,372.404,0.00159573,-2.53298,0.358721,3.34173,-6.02132
-0.295302,372.404,0.001596,-2.42705,0.401862,3.23555,-5.83001
-0.295302,372.404,0.00159627,-2.31154,0.443417,3.1166,-5.61568
-0.295302,372.404,0.00159653,-2.18691,0.483221,2.98536,-5.37919
-0.295302,372.404,0.0015968,-2.05364,0.521119,2.84233,-5.12147
-0.295302,372.404,0.00159707,-1.91227,0.55696,2.68808,-4.84354
-0.295302,372.404,0.00159733,-1.76336,0.590603,2.52323,-4.5465
-0.295302,372.404,0.0015976,-1.60748,0.621915,2.34841,-4.23151
-0.295302,372.404,0.00159787,-1.44526,0.650773,2.16433,-3.89982
-0.295302,372.404,0.00159813,-1.27734,0.677063,1.97171,-3.55274
-0.295302,372.404,0.0015984,-1.10437,0.70068,1.77131,-3.19164
-0.295302,372.404,0.00159867,-0.927051,0.721532,1.56391,-2.81795
-0.295302,372.404,0.00159893,-0.74607,0.739537,1.35034,-2.43313
-0.295302,372.404,0.0015992,-0.562144,0.754623,1.13145,-2.03871
-0.295302,372.404,0.00159947,-0.376,0.766731,0.908087,-1.63624
-0.295302,372.404,0.00159973,-0.188372,0.775812,0.681142,-1.22732
