Amp, Phaseshift, Time, Vd, Vr, VL, VC
1.9038,371.148,0,0,0,0,0
1.9038,371.148,1.94175e-007,0.188372,0.00182885,0.188372,0
1.9038,371.148,3.8835e-007,0.376,0.00546158,0.374171,0.000710233
1.9038,371.148,5.82524e-007,0.562144,0.0108594,0.555972,0.00283123
1.9038,371.148,7.76699e-007,0.74607,0.0179698,0.732379,0.00704846
1.9038,371.148,9.70874e-007,0.927051,0.0267274,0.902033,0.014027
1.9038,371.148,1.16505e-006,1.10437,0.0370538,1.06362,0.0244066
1.9038,371.148,1.35922e-006,1.27734,0.0488585,1.21588,0.0387965
1.9038,371.148,1.5534e-006,1.44526,0.0620391,1.35761,0.0577706
1.9038,371.148,1.74757e-006,1.60748,0.0764825,1.48767,0.0818635
1.9038,371.148,1.94175e-006,1.76336,0.0920651,1.60501,0.111565
1.9038,371.148,2.13592e-006,1.91227,0.108654,1.70864,0.147319
1.9038,371.148,2.3301e-006,2.05364,0.126107,1.79767,0.189515
1.9038,371.148,2.52427e-006,2.18691,0.144275,1.87128,0.238488
1.9038,371.148,2.71845e-006,2.31154,0.163001,1.92878,0.294517
1.9038,371.148,2.91262e-006,2.42705,0.182122,1.96953,0.357818
1.9038,371.148,3.1068e-006,2.53298,0.201472,1.99304,0.428546
1.9038,371.148,3.30097e-006,2.62892,0.220879,1.9989,0.506787
1.9038,371.148,3.49515e-006,2.71448,0.240169,1.98681,0.592566
1.9038,371.148,3.68932e-006,2.78933,0.259165,1.9566,0.685835
1.9038,371.148,3.8835e-006,2.85317,0.277691,1.90817,0.786482
1.9038,371.148,4.07767e-006,2.90575,0.29557,1.84158,0.894323
1.9038,371.148,4.27184e-006,2.94686,0.312628,1.75697,1.00911
1.9038,371.148,4.46602e-006,2.97634,0.328692,1.65461,1.13052
1.9038,371.148,4.66019e-006,2.99408,0.343594,1.53487,1.25816
1.9038,371.148,4.85437e-006,3,0.357169,1.39824,1.3916
1.9038,371.148,5.04854e-006,2.99408,0.369259,1.24531,1.5303
1.9038,371.148,5.24272e-006,2.97634,0.379714,1.07678,1.67371
1.9038,371.148,5.43689e-006,2.94686,0.388388,0.893442,1.82117
1.9038,371.148,5.63107e-006,2.90575,0.395147,0.696194,1.972
1.9038,371.148,5.82524e-006,2.85317,0.399866,0.486025,2.12545
1.9038,371.148,6.01942e-006,2.78933,0.402429,0.264011,2.28074
1.9038,371.148,6.21359e-006,2.71448,0.402733,0.0313116,2.43702
1.9038,371.148,6.40777e-006,2.62892,0.400686,-0.210837,2.59342
1.9038,371.148,6.60194e-006,2.53298,0.396209,-0.461127,2.74903
1.9038,371.148,6.79612e-006,2.42705,0.389236,-0.718189,2.9029
1.9038,371.148,6.99029e-006,2.31154,0.379716,-0.980595,3.05406
1.9038,371.148,7.18447e-006,2.18691,0.36761,-1.24687,3.20152
1.9038,371.148,7.37864e-006,2.05364,0.352897,-1.51549,3.34428
1.9038,371.148,7.57282e-006,1.91227,0.335568,-1.78491,3.48133
1.9038,371.148,7.76699e-006,1.76336,0.31563,-2.05354,3.61165
1.9038,371.148,7.96117e-006,1.60748,0.293108,-2.3198,3.73422
1.9038,371.148,8.15534e-006,1.44526,0.268039,-2.58207,3.84805
1.9038,371.148,8.34951e-006,1.27734,0.240479,-2.83875,3.95214
1.9038,371.148,8.54369e-006,1.10437,0.210496,-3.08825,4.04553
1.9038,371.148,8.73786e-006,0.927051,0.178176,-3.32898,4.12728
1.9038,371.148,8.93204e-006,0.74607,0.143618,-3.55938,4.19647
1.9038,371.148,9.12621e-006,0.562144,0.106939,-3.77795,4.25225
1.9038,371.148,9.32039e-006,0.376,0.0682676,-3.98319,4.29378
1.9038,371.148,9.51456e-006,0.188372,0.0277465,-4.17367,4.32029
1.9038,371.148,9.70874e-006,3.67382e-016,-0.0144674,-4.34804,4.33106
1.9038,371.148,9.90291e-006,-0.188372,-0.058205,-4.50497,4.32545
1.9038,371.148,1.00971e-005,-0.376,-0.103285,-4.64324,4.30284
1.9038,371.148,1.02913e-005,-0.562144,-0.149515,-4.7617,4.26273
1.9038,371.148,1.04854e-005,-0.74607,-0.196693,-4.85929,4.20467
1.9038,371.148,1.06796e-005,-0.927051,-0.244605,-4.93503,4.12828
1.9038,371.148,1.08738e-005,-1.10437,-0.293033,-4.98805,4.03329
1.9038,371.148,1.1068e-005,-1.27734,-0.341748,-5.01759,3.91949
1.9038,371.148,1.12621e-005,-1.44526,-0.390515,-5.023,3.78677
1.9038,371.148,1.14563e-005,-1.60748,-0.439095,-5.00374,3.63512
1.9038,371.148,1.16505e-005,-1.76336,-0.487244,-4.95938,3.46459
1.9038,371.148,1.18447e-005,-1.91227,-0.534716,-4.88962,3.27537
1.9038,371.148,1.20388e-005,-2.05364,-0.581263,-4.7943,3.06772
1.9038,371.148,1.2233e-005,-2.18691,-0.626635,-4.67336,2.84198
1.9038,371.148,1.24272e-005,-2.31154,-0.670585,-4.52689,2.59863
1.9038,371.148,1.26214e-005,-2.42705,-0.712868,-4.3551,2.33821
1.9038,371.148,1.28155e-005,-2.53298,-0.75324,-4.15832,2.06137
1.9038,371.148,1.30097e-005,-2.62892,-0.791464,-3.93705,1.76885
1.9038,371.148,1.32039e-005,-2.71448,-0.827307,-3.69186,1.46148
1.9038,371.148,1.33981e-005,-2.78933,-0.860545,-3.4235,1.1402
1.9038,371.148,1.35922e-005,-2.85317,-0.890961,-3.13282,0.806005
1.9038,371.148,1.37864e-005,-2.90575,-0.918347,-2.82079,0.460001
1.9038,371.148,1.39806e-005,-2.94686,-0.942507,-2.48852,0.103361
1.9038,371.148,1.41748e-005,-2.97634,-0.963257,-2.1372,-0.262661
1.9038,371.148,1.43689e-005,-2.99408,-0.980424,-1.76816,-0.636741
1.9038,371.148,1.45631e-005,-3,-0.993849,-1.38284,-1.01749
1.9038,371.148,1.47573e-005,-2.99408,-1.00339,-0.982743,-1.40345
1.9038,371.148,1.49515e-005,-2.97634,-1.00892,-0.569505,-1.79312
1.9038,371.148,1.51456e-005,-2.94686,-1.01033,-0.144827,-2.18493
1.9038,371.148,1.53398e-005,-2.90575,-1.00751,0.289505,-2.57729
1.9038,371.148,1.5534e-005,-2.85317,-1.00041,0.731633,-2.96856
1.9038,371.148,1.57282e-005,-2.78933,-0.988959,1.17964,-3.35707
1.9038,371.148,1.59223e-005,-2.71448,-0.973119,1.63154,-3.74113
1.9038,371.148,1.61165e-005,-2.62892,-0.952873,2.08533,-4.11904
1.9038,371.148,1.63107e-005,-2.53298,-0.928223,2.53893,-4.48908
1.9038,371.148,1.65049e-005,-2.42705,-0.899191,2.99026,-4.84956
1.9038,371.148,1.6699e-005,-2.31154,-0.86582,3.43721,-5.19876
1.9038,371.148,1.68932e-005,-2.18691,-0.828173,3.87767,-5.535
1.9038,371.148,1.70874e-005,-2.05364,-0.786333,4.30953,-5.85662
1.9038,371.148,1.72816e-005,-1.91227,-0.740404,4.73068,-6.16199
1.9038,371.148,1.74757e-005,-1.76336,-0.69051,5.13904,-6.44953
1.9038,371.148,1.76699e-005,-1.60748,-0.636796,5.53256,-6.71769
1.9038,371.148,1.78641e-005,-1.44526,-0.579425,5.90922,-6.96499
1.9038,371.148,1.80583e-005,-1.27734,-0.51858,6.26708,-7.19001
1.9038,371.148,1.82524e-005,-1.10437,-0.454461,6.60421,-7.3914
1.9038,371.148,1.84466e-005,-0.927051,-0.387288,6.91881,-7.56789
1.9038,371.148,1.86408e-005,-0.74607,-0.317297,7.20911,-7.71829
1.9038,371.148,1.8835e-005,-0.562144,-0.244739,7.47344,-7.84151
1.9038,371.148,1.90291e-005,-0.376,-0.169882,7.71025,-7.93656
1.9038,371.148,1.92233e-005,-0.188372,-0.0930079,7.91807,-8.00253
1.9038,371.148,1.94175e-005,-7.34764e-016,-0.0144105,8.09554,-8.03865
1.9038,371.148,1.96117e-005,0.188372,0.0656035,8.24143,-8.04425
1.9038,371.148,1.98058e-005,0.376,0.146716,8.35464,-8.01877
1.9038,371.148,2e-005,0.562144,0.228602,8.4342,-7.96179
1.9038,371.148,2.01942e-005,0.74607,0.310925,8.47926,-7.87301
1.9038,371.148,2.03883e-005,0.927051,0.393344,8.48914,-7.75227
1.9038,371.148,2.05825e-005,1.10437,0.475512,8.4633,-7.59951
1.9038,371.148,2.07767e-005,1.27734,0.557078,8.40134,-7.41485
1.9038,371.148,2.09709e-005,1.44526,0.63769,8.30303,-7.19851
1.9038,371.148,2.1165e-005,1.60748,0.716994,8.1683,-6.95086
1.9038,371.148,2.13592e-005,1.76336,0.794637,7.99722,-6.67242
1.9038,371.148,2.15534e-005,1.91227,0.870268,7.79005,-6.36382
1.9038,371.148,2.17476e-005,2.05364,0.943542,7.54719,-6.02585
1.9038,371.148,2.19417e-005,2.18691,1.01412,7.26921,-5.65943
1.9038,371.148,2.21359e-005,2.31154,1.08166,6.95685,-5.2656
1.9038,371.148,2.23301e-005,2.42705,1.14584,6.61099,-4.84553
1.9038,371.148,2.25243e-005,2.53298,1.20635,6.23267,-4.40055
1.9038,371.148,2.27184e-005,2.62892,1.26289,5.82311,-3.93206
1.9038,371.148,2.29126e-005,2.71448,1.31516,5.38365,-3.44162
1.9038,371.148,2.31068e-005,2.78933,1.36288,4.91579,-2.93087
1.9038,371.148,2.3301e-005,2.85317,1.40581,4.42116,-2.4016
1.9038,371.148,2.34951e-005,2.90575,1.44369,3.90154,-1.85565
1.9038,371.148,2.36893e-005,2.94686,1.4763,3.35883,-1.295
1.9038,371.148,2.38835e-005,2.97634,1.50343,2.79505,-0.721679
1.9038,371.148,2.40777e-005,2.99408,1.52491,2.21233,-0.137822
1.9038,371.148,2.42718e-005,3,1.54057,1.61291,0.454378
1.9038,371.148,2.4466e-005,2.99408,1.55027,0.999131,1.05266
1.9038,371.148,2.46602e-005,2.97634,1.5539,0.373414,1.65471
1.9038,371.148,2.48544e-005,2.94686,1.55136,-0.261741,2.25816
1.9038,371.148,2.50485e-005,2.90575,1.54258,-0.903768,2.86063
1.9038,371.148,2.52427e-005,2.85317,1.52753,-1.55004,3.45969
1.9038,371.148,2.54369e-005,2.78933,1.50619,-2.19789,4.05291
1.9038,371.148,2.56311e-005,2.71448,1.47858,-2.84462,4.63784
1.9038,371.148,2.58252e-005,2.62892,1.44472,-3.48749,5.21204
1.9038,371.148,2.60194e-005,2.53298,1.40468,-4.12377,5.7731
1.9038,371.148,2.62136e-005,2.42705,1.35856,-4.75073,6.3186
1.9038,371.148,2.64078e-005,2.31154,1.30646,-5.36562,6.8462
1.9038,371.148,2.66019e-005,2.18691,1.24854,-5.96576,7.35356
1.9038,371.148,2.67961e-005,2.05364,1.18497,-6.54847,7.83843
1.9038,371.148,2.69903e-005,1.91227,1.11593,-7.11113,8.29862
1.9038,371.148,2.71845e-005,1.76336,1.04164,-7.65119,8.73199
1.9038,371.148,2.73786e-005,1.60748,0.96236,-8.16615,9.13651
1.9038,371.148,2.75728e-005,1.44526,0.878344,-8.65361,9.51024
1.9038,371.148,2.7767e-005,1.27734,0.789886,-9.11125,9.85134
1.9038,371.148,2.79612e-005,1.10437,0.697295,-9.53686,10.1581
1.9038,371.148,2.81553e-005,0.927051,0.600903,-9.92834,10.4289
1.9038,371.148,2.83495e-005,0.74607,0.501061,-10.2837,10.6622
1.9038,371.148,2.85437e-005,0.562144,0.398137,-10.6012,10.8568
1.9038,371.148,2.87379e-005,0.376,0.292516,-10.879,11.0115
1.9038,371.148,2.8932e-005,0.188372,0.184598,-11.1156,11.1251
1.9038,371.148,2.91262e-005,1.10215e-015,0.0747954,-11.3096,11.1967
1.9038,371.148,2.93204e-005,-0.188372,-0.0364658,-11.4599,11.2258
1.9038,371.148,2.95146e-005,-0.376,-0.14875,-11.5653,11.2116
1.9038,371.148,2.97087e-005,-0.562144,-0.261615,-11.625,11.1539
1.9038,371.148,2.99029e-005,-0.74607,-0.374608,-11.6383,11.0523
1.9038,371.148,3.00971e-005,-0.927051,-0.487275,-11.6047,10.9068
1.9038,371.148,3.02913e-005,-1.10437,-0.599157,-11.5239,10.7175
1.9038,371.148,3.04854e-005,-1.27734,-0.709796,-11.3957,10.4849
1.9038,371.148,3.06796e-005,-1.44526,-0.818731,-11.2203,10.2092
1.9038,371.148,3.08738e-005,-1.60748,-0.925507,-10.998,9.89126
1.9038,371.148,3.1068e-005,-1.76336,-1.02967,-10.7291,9.53184
1.9038,371.148,3.12621e-005,-1.91227,-1.13078,-10.4144,9.13197
1.9038,371.148,3.14563e-005,-2.05364,-1.2284,-10.0548,8.69283
1.9038,371.148,3.16505e-005,-2.18691,-1.32211,-9.65133,8.21578
1.9038,371.148,3.18447e-005,-2.31154,-1.41148,-9.20521,7.70234
1.9038,371.148,3.20388e-005,-2.42705,-1.49612,-8.71791,7.15419
1.9038,371.148,3.2233e-005,-2.53298,-1.57564,-8.19106,6.57318
1.9038,371.148,3.24272e-005,-2.62892,-1.64969,-7.62646,5.96128
1.9038,371.148,3.26214e-005,-2.71448,-1.7179,-7.02607,5.32062
1.9038,371.148,3.28155e-005,-2.78933,-1.77996,-6.39205,4.65348
1.9038,371.148,3.30097e-005,-2.85317,-1.83556,-5.72669,3.96223
1.9038,371.148,3.32039e-005,-2.90575,-1.88442,-5.03242,3.24939
1.9038,371.148,3.33981e-005,-2.94686,-1.92628,-4.31184,2.51758
1.9038,371.148,3.35922e-005,-2.97634,-1.96092,-3.56765,1.76951
1.9038,371.148,3.37864e-005,-2.99408,-1.98813,-2.80268,1.00799
1.9038,371.148,3.39806e-005,-3,-2.00774,-2.01987,0.235904
1.9038,371.148,3.41748e-005,-2.99408,-2.0196,-1.22225,-0.543799
1.9038,371.148,3.43689e-005,-2.97634,-2.02361,-0.412942,-1.32811
1.9038,371.148,3.45631e-005,-2.94686,-2.01968,0.404862,-2.11398
1.9038,371.148,3.47573e-005,-2.90575,-2.00776,1.22791,-2.89832
1.9038,371.148,3.49515e-005,-2.85317,-1.98783,2.05291,-3.67804
1.9038,371.148,3.51456e-005,-2.78933,-1.9599,2.87653,-4.45001
1.9038,371.148,3.53398e-005,-2.71448,-1.92402,3.69543,-5.21113
1.9038,371.148,3.5534e-005,-2.62892,-1.88027,4.50624,-5.95833
1.9038,371.148,3.57282e-005,-2.53298,-1.82876,5.30562,-6.68853
1.9038,371.148,3.59223e-005,-2.42705,-1.76963,6.09024,-7.39873
1.9038,371.148,3.61165e-005,-2.31154,-1.70306,6.85682,-8.08597
1.9038,371.148,3.63107e-005,-2.18691,-1.62926,7.60212,-8.74735
1.9038,371.148,3.65049e-005,-2.05364,-1.54845,8.32297,-9.38007
1.9038,371.148,3.6699e-005,-1.91227,-1.46091,9.01625,-9.98141
1.9038,371.148,3.68932e-005,-1.76336,-1.36694,9.67897,-10.5488
1.9038,371.148,3.70874e-005,-1.60748,-1.26686,10.3082,-11.0796
1.9038,371.148,3.72816e-005,-1.44526,-1.16103,10.9012,-11.5716
1.9038,371.148,3.74757e-005,-1.27734,-1.04981,11.4553,-12.0225
1.9038,371.148,3.76699e-005,-1.10437,-0.933617,11.9679,-12.4302
1.9038,371.148,3.78641e-005,-0.927051,-0.812872,12.4367,-12.7927
1.9038,371.148,3.80583e-005,-0.74607,-0.688022,12.8595,-13.1084
1.9038,371.148,3.82524e-005,-0.562144,-0.559534,13.2343,-13.3756
1.9038,371.148,3.84466e-005,-0.376,-0.427892,13.5591,-13.5929
1.9038,371.148,3.86408e-005,-0.188372,-0.293596,13.8324,-13.7591
1.9038,371.148,3.8835e-005,-1.46953e-015,-0.157162,14.0527,-13.8731
1.9038,371.148,3.90291e-005,0.188372,-0.0191174,14.2186,-13.9341
1.9038,371.148,3.92233e-005,0.376,0.120002,14.3292,-13.9416
1.9038,371.148,3.94175e-005,0.562144,0.259649,14.3837,-13.895
1.9038,371.148,3.96117e-005,0.74607,0.399274,14.3814,-13.7941
1.9038,371.148,3.98058e-005,0.927051,0.538322,14.3219,-13.6391
1.9038,371.148,4e-005,1.10437,0.676235,14.2051,-13.43
1.9038,371.148,4.01942e-005,1.27734,0.81246,14.0311,-13.1674
1.9038,371.148,4.03883e-005,1.44526,0.946442,13.8002,-12.8519
1.9038,371.148,4.05825e-005,1.60748,1.07764,13.5129,-12.4843
1.9038,371.148,4.07767e-005,1.76336,1.2055,13.17,-12.0658
1.9038,371.148,4.09709e-005,1.91227,1.32951,12.7726,-11.5977
1.9038,371.148,4.1165e-005,2.05364,1.44913,12.3218,-11.0814
1.9038,371.148,4.13592e-005,2.18691,1.56388,11.8191,-10.5186
1.9038,371.148,4.15534e-005,2.31154,1.67326,11.2662,-9.91125
1.9038,371.148,4.17476e-005,2.42705,1.77681,10.665,-9.26144
1.9038,371.148,4.19417e-005,2.53298,1.87407,10.0176,-8.57141
1.9038,371.148,4.21359e-005,2.62892,1.96461,9.32627,-7.84362
1.9038,371.148,4.23301e-005,2.71448,2.04804,8.59349,-7.08066
1.9038,371.148,4.25243e-005,2.78933,2.12399,7.82195,-6.28531
1.9038,371.148,4.27184e-005,2.85317,2.19209,7.01449,-5.46046
1.9038,371.148,4.29126e-005,2.90575,2.25203,6.17412,-4.60916
1.9038,371.148,4.31068e-005,2.94686,2.30353,5.30399,-3.73459
1.9038,371.148,4.3301e-005,2.97634,2.34632,4.4074,-2.84001
1.9038,371.148,4.34951e-005,2.99408,2.38018,3.48778,-1.92882
1.9038,371.148,4.36893e-005,3,2.40492,2.54864,-1.00448
1.9038,371.148,4.38835e-005,2.99408,2.42039,1.59364,-0.070531
1.9038,371.148,4.40777e-005,2.97634,2.42648,0.62648,0.869428
1.9038,371.148,4.42718e-005,2.94686,2.42309,-0.349043,1.81175
1.9038,371.148,4.4466e-005,2.90575,2.41018,-1.32909,2.75275
1.9038,371.148,4.46602e-005,2.85317,2.38776,-2.30977,3.68875
1.9038,371.148,4.48544e-005,2.78933,2.35585,-3.28718,4.61603
1.9038,371.148,4.50485e-005,2.71448,2.31451,-4.2574,5.53092
1.9038,371.148,4.52427e-005,2.62892,2.26387,-5.21652,6.42976
1.9038,371.148,4.54369e-005,2.53298,2.20405,-6.16065,7.30894
1.9038,371.148,4.56311e-005,2.42705,2.13526,-7.08594,8.16488
1.9038,371.148,4.58252e-005,2.31154,2.0577,-7.9886,8.9941
1.9038,371.148,4.60194e-005,2.18691,1.97163,-8.8649,9.79321
1.9038,371.148,4.62136e-005,2.05364,1.87735,-9.7112,10.5589
1.9038,371.148,4.64078e-005,1.91227,1.77517,-10.524,11.288
1.9038,371.148,4.66019e-005,1.76336,1.66547,-11.2998,11.9773
1.9038,371.148,4.67961e-005,1.60748,1.54862,-12.0353,12.6241
1.9038,371.148,4.69903e-005,1.44526,1.42505,-12.7275,13.2255
1.9038,371.148,4.71845e-005,1.27734,1.29521,-13.3733,13.779
1.9038,371.148,4.73786e-005,1.10437,1.15958,-13.9698,14.282
1.9038,371.148,4.75728e-005,0.927051,1.01867,-14.5145,14.7323
1.9038,371.148,4.7767e-005,0.74607,0.872989,-15.0049,15.1279
1.9038,371.148,4.79612e-005,0.562144,0.723099,-15.4387,15.4669
1.9038,371.148,4.81553e-005,0.376,0.569565,-15.814,15.7477
1.9038,371.148,4.83495e-005,0.188372,0.412973,-16.1289,15.9689
1.9038,371.148,4.85437e-005,-3.49216e-015,0.253926,-16.3819,16.1293
1.9038,371.148,4.87379e-005,-0.188372,0.0930369,-16.5716,16.2279
1.9038,371.148,4.8932e-005,-0.376,-0.0690692,-16.6969,16.264
1.9038,371.148,4.91262e-005,-0.562144,-0.231759,-16.7571,16.2372
1.9038,371.148,4.93204e-005,-0.74607,-0.394396,-16.7515,16.1472
1.9038,371.148,4.95146e-005,-0.927051,-0.556336,-16.6799,15.994
1.9038,371.148,4.97087e-005,-1.10437,-0.716939,-16.5421,15.778
1.9038,371.148,4.99029e-005,-1.27734,-0.875564,-16.3384,15.4996
1.9038,371.148,5.00971e-005,-1.44526,-1.03158,-16.0693,15.1595
1.9038,371.148,5.02913e-005,-1.60748,-1.18435,-15.7354,14.7589
1.9038,371.148,5.04854e-005,-1.76336,-1.33326,-15.3379,14.299
1.9038,371.148,5.06796e-005,-1.91227,-1.47771,-14.878,13.7812
1.9038,371.148,5.08738e-005,-2.05364,-1.6171,-14.3571,13.2073
1.9038,371.148,5.1068e-005,-2.18691,-1.75085,-13.7772,12.5793
1.9038,371.148,5.12621e-005,-2.31154,-1.87843,-13.14,11.8994
1.9038,371.148,5.14563e-005,-2.42705,-1.99928,-12.448,11.1699
1.9038,371.148,5.16505e-005,-2.53298,-2.11291,-11.7036,10.3935
1.9038,371.148,5.18447e-005,-2.62892,-2.21883,-10.9095,9.57295
1.9038,371.148,5.20388e-005,-2.71448,-2.31658,-10.0686,8.71127
1.9038,371.148,5.2233e-005,-2.78933,-2.40575,-9.18402,7.81163
1.9038,371.148,5.24272e-005,-2.85317,-2.48593,-8.25905,6.87736
1.9038,371.148,5.26214e-005,-2.90575,-2.55678,-7.29718,5.91195
1.9038,371.148,5.28155e-005,-2.94686,-2.61796,-6.30203,4.91902
1.9038,371.148,5.30097e-005,-2.97634,-2.6692,-5.27741,3.90234
1.9038,371.148,5.32039e-005,-2.99408,-2.71024,-4.22722,2.86576
1.9038,371.148,5.33981e-005,-3,-2.74088,-3.15552,1.81324
1.9038,371.148,5.35922e-005,-2.99408,-2.76094,-2.06644,0.74882
1.9038,371.148,5.37864e-005,-2.97634,-2.7703,-0.964226,-0.323389
1.9038,371.148,5.39806e-005,-2.94686,-2.76887,0.146827,-1.39923
1.9038,371.148,5.41748e-005,-2.90575,-2.75662,1.26236,-2.47452
1.9038,371.148,5.43689e-005,-2.85317,-2.73353,2.37797,-3.54506
1.9038,371.148,5.45631e-005,-2.78933,-2.69965,3.48926,-4.60662
1.9038,371.148,5.47573e-005,-2.71448,-2.65507,4.59179,-5.65503
1.9038,371.148,5.49515e-005,-2.62892,-2.59992,5.68119,-6.68613
1.9038,371.148,5.51456e-005,-2.53298,-2.53435,6.75306,-7.6958
1.9038,371.148,5.53398e-005,-2.42705,-2.4586,7.80311,-8.68002
1.9038,371.148,5.5534e-005,-2.31154,-2.3729,8.82707,-9.63481
1.9038,371.148,5.57282e-005,-2.18691,-2.27755,9.8208,-10.5563
1.9038,371.148,5.59223e-005,-2.05364,-2.17289,10.7802,-11.4408
1.9038,371.148,5.61165e-005,-1.91227,-2.05928,11.7014,-12.2846
1.9038,371.148,5.63107e-005,-1.76336,-1.93714,12.5806,-13.0844
1.9038,371.148,5.65049e-005,-1.60748,-1.8069,13.414,-13.8367
1.9038,371.148,5.6699e-005,-1.44526,-1.66906,14.1983,-14.5384
1.9038,371.148,5.68932e-005,-1.27734,-1.5241,14.9301,-15.1865
1.9038,371.148,5.70874e-005,-1.10437,-1.37259,15.6063,-15.7784
1.9038,371.148,5.72816e-005,-0.927051,-1.21507,16.224,-16.3115
1.9038,371.148,5.74757e-005,-0.74607,-1.05216,16.7805,-16.7833
1.9038,371.148,5.76699e-005,-0.562144,-0.884453,17.2734,-17.192
1.9038,371.148,5.78641e-005,-0.376,-0.712605,17.7004,-17.5354
1.9038,371.148,5.80583e-005,-0.188372,-0.537268,18.0597,-17.8122
1.9038,371.148,5.82524e-005,-2.20429e-015,-0.359118,18.3494,-18.0208
1.9038,371.148,5.84466e-005,0.188372,-0.178844,18.5683,-18.1603
1.9038,371.148,5.86408e-005,0.376,0.00285657,18.7151,-18.2297
1.9038,371.148,5.8835e-005,0.562144,0.185274,18.789,-18.2286
1.9038,371.148,5.90291e-005,0.74607,0.367696,18.7894,-18.1567
1.9038,371.148,5.92233e-005,0.927051,0.549405,18.716,-18.0139
1.9038,371.148,5.94175e-005,1.10437,0.729685,18.5688,-17.8005
1.9038,371.148,5.96117e-005,1.27734,0.907822,18.3482,-17.5171
1.9038,371.148,5.98058e-005,1.44526,1.08311,18.0546,-17.1646
1.9038,371.148,6e-005,1.60748,1.25485,17.689,-16.744
1.9038,371.148,6.01942e-005,1.76336,1.42235,17.2525,-16.2566
1.9038,371.148,6.03883e-005,1.91227,1.58493,16.7466,-15.7043
1.9038,371.148,6.05825e-005,2.05364,1.74195,16.173,-15.0888
1.9038,371.148,6.07767e-005,2.18691,1.89277,15.5337,-14.4123
1.9038,371.148,6.09709e-005,2.31154,2.03676,14.8311,-13.6772
1.9038,371.148,6.1165e-005,2.42705,2.17334,14.0675,-12.8863
1.9038,371.148,6.13592e-005,2.53298,2.30194,13.2459,-12.0422
1.9038,371.148,6.15534e-005,2.62892,2.42203,12.3692,-11.1483
1.9038,371.148,6.17476e-005,2.71448,2.5331,11.4407,-10.2077
1.9038,371.148,6.19417e-005,2.78933,2.63469,10.4639,-9.22396
1.9038,371.148,6.21359e-005,2.85317,2.72637,9.44244,-8.20078
1.9038,371.148,6.23301e-005,2.90575,2.80773,8.38016,-7.142
1.9038,371.148,6.25243e-005,2.94686,2.87842,7.28113,-6.05162
1.9038,371.148,6.27184e-005,2.97634,2.93812,6.14954,-4.93379
1.9038,371.148,6.29126e-005,2.99408,2.98657,4.98974,-3.79277
1.9038,371.148,6.31068e-005,3,3.02352,3.8062,-2.63294
1.9038,371.148,6.3301e-005,2.99408,3.0488,2.6035,-1.45875
1.9038,371.148,6.34951e-005,2.97634,3.06226,1.3863,-0.274754
1.9038,371.148,6.36893e-005,2.94686,3.0638,0.159359,0.914472
1.9038,371.148,6.38835e-005,2.90575,3.05339,-1.07253,2.1043
1.9038,371.148,6.40777e-005,2.85317,3.03102,-2.30452,3.29008
1.9038,371.148,6.42718e-005,2.78933,2.99673,-3.53177,4.46717
1.9038,371.148,6.4466e-005,2.71448,2.95062,-4.74942,5.63095
1.9038,371.148,6.46602e-005,2.62892,2.89282,-5.95265,6.77682
1.9038,371.148,6.48544e-005,2.53298,2.82354,-7.13666,7.90025
1.9038,371.148,6.50485e-005,2.42705,2.74299,-8.29673,8.99677
1.9038,371.148,6.52427e-005,2.31154,2.65145,-9.42821,10.062
1.9038,371.148,6.54369e-005,2.18691,2.54925,-10.5265,11.0917
1.9038,371.148,6.56311e-005,2.05364,2.43675,-11.5873,12.0817
1.9038,371.148,6.58252e-005,1.91227,2.31436,-12.6062,13.028
1.9038,371.148,6.60194e-005,1.76336,2.18253,-13.579,13.9268
1.9038,371.148,6.62136e-005,1.60748,2.04173,-14.5018,14.7744
1.9038,371.148,6.64078e-005,1.44526,1.8925,-15.3708,15.5673
1.9038,371.148,6.66019e-005,1.27734,1.73539,-16.1824,16.3022
1.9038,371.148,6.67961e-005,1.10437,1.57099,-16.9332,16.9762
1.9038,371.148,6.69903e-005,0.927051,1.39992,-17.6201,17.5863
1.9038,371.148,6.71845e-005,0.74607,1.22283,-18.2401,18.1299
1.9038,371.148,6.73786e-005,0.562144,1.0404,-18.7906,18.6048
1.9038,371.148,6.75728e-005,0.376,0.853319,-19.2692,19.0088
1.9038,371.148,6.7767e-005,0.188372,0.662311,-19.6738,19.3402
1.9038,371.148,6.79612e-005,2.57167e-015,0.468112,-20.0025,19.5974
1.9038,371.148,6.81553e-005,-0.188372,0.271472,-20.2539,19.7792
1.9038,371.148,6.83495e-005,-0.376,0.0731544,-20.4267,19.8847
1.9038,371.148,6.85437e-005,-0.562144,-0.126068,-20.5199,19.9131
1.9038,371.148,6.87379e-005,-0.74607,-0.325418,-20.5331,19.8641
1.9038,371.148,6.8932e-005,-0.927051,-0.524115,-20.4657,19.7377
1.9038,371.148,6.91262e-005,-1.10437,-0.721377,-20.318,19.5342
1.9038,371.148,6.93204e-005,-1.27734,-0.916427,-20.0901,19.254
1.9038,371.148,6.95146e-005,-1.44526,-1.10849,-19.7829,18.8981
1.9038,371.148,6.97087e-005,-1.60748,-1.29682,-19.3971,18.4677
1.9038,371.148,6.99029e-005,-1.76336,-1.48064,-18.9342,17.964
1.9038,371.148,7.00971e-005,-1.91227,-1.65924,-18.3957,17.389
1.9038,371.148,7.02913e-005,-2.05364,-1.8319,-17.7834,16.7447
1.9038,371.148,7.04854e-005,-2.18691,-1.99791,-17.0997,16.0333
1.9038,371.148,7.06796e-005,-2.31154,-2.15662,-16.3469,15.2574
1.9038,371.148,7.08738e-005,-2.42705,-2.30738,-15.5278,14.4198
1.9038,371.148,7.1068e-005,-2.53298,-2.44956,-14.6455,13.5238
1.9038,371.148,7.12621e-005,-2.62892,-2.5826,-13.7031,12.5725
1.9038,371.148,7.14563e-005,-2.71448,-2.70595,-12.7044,11.5695
1.9038,371.148,7.16505e-005,-2.78933,-2.81908,-11.6529,10.5187
1.9038,371.148,7.18447e-005,-2.85317,-2.92154,-10.5528,9.4239
1.9038,371.148,7.20388e-005,-2.90575,-3.01288,-9.40811,8.28932
1.9038,371.148,7.2233e-005,-2.94686,-3.09272,-8.2233,7.11927
1.9038,371.148,7.24272e-005,-2.97634,-3.1607,-7.0029,5.91821
1.9038,371.148,7.26214e-005,-2.99408,-3.21655,-5.75159,4.69076
1.9038,371.148,7.28155e-005,-3,-3.25998,-4.47421,3.44161
1.9038,371.148,7.30097e-005,-2.99408,-3.29082,-3.17571,2.1756
1.9038,371.148,7.32039e-005,-2.97634,-3.30889,-1.86113,0.897611
1.9038,371.148,7.33981e-005,-2.94686,-3.31409,-0.535587,-0.387394
1.9038,371.148,7.35922e-005,-2.90575,-3.30636,0.79573,-1.67442
1.9038,371.148,7.37864e-005,-2.85317,-3.2857,2.12761,-2.95844
1.9038,371.148,7.39806e-005,-2.78933,-3.25216,3.45481,-4.23444
1.9038,371.148,7.41748e-005,-2.71448,-3.20583,4.77212,-5.49742
1.9038,371.148,7.43689e-005,-2.62892,-3.14686,6.07433,-6.7424
1.9038,371.148,7.45631e-005,-2.53298,-3.07544,7.35627,-7.96448
1.9038,371.148,7.47573e-005,-2.42705,-2.99182,8.61287,-9.15882
1.9038,371.148,7.49515e-005,-2.31154,-2.89629,9.8391,-10.3207
1.9038,371.148,7.51456e-005,-2.18691,-2.7892,11.0301,-11.4455
1.9038,371.148,7.53398e-005,-2.05364,-2.67094,12.181,-12.5287
1.9038,371.148,7.5534e-005,-1.91227,-2.54194,13.2873,-13.5659
1.9038,371.148,7.57282e-005,-1.76336,-2.40267,14.3445,-14.5531
1.9038,371.148,7.59223e-005,-1.60748,-2.25366,15.3483,-15.4861
1.9038,371.148,7.61165e-005,-1.44526,-2.09546,16.2945,-16.3614
1.9038,371.148,7.63107e-005,-1.27734,-1.92867,17.1795,-17.1751
1.9038,371.148,7.65049e-005,-1.10437,-1.75392,17.9994,-17.9241
1.9038,371.148,7.6699e-005,-0.927051,-1.57187,18.751,-18.6053
1.9038,371.148,7.68932e-005,-0.74607,-1.38322,19.4311,-19.2157
1.9038,371.148,7.70874e-005,-0.562144,-1.18868,20.0368,-19.7529
1.9038,371.148,7.72816e-005,-0.376,-0.989019,20.5655,-20.2145
1.9038,371.148,7.74757e-005,-0.188372,-0.784989,21.0151,-20.5986
1.9038,371.148,7.76699e-005,-2.93906e-015,-0.577382,21.3836,-20.9034
1.9038,371.148,7.78641e-005,0.188372,-0.367001,21.6692,-21.1276
1.9038,371.148,7.80583e-005,0.376,-0.154665,21.8706,-21.2702
1.9038,371.148,7.82524e-005,0.562144,0.0588009,21.987,-21.3302
1.9038,371.148,7.84466e-005,0.74607,0.272563,22.0175,-21.3074
1.9038,371.148,7.86408e-005,0.927051,0.485785,21.9619,-21.2016
1.9038,371.148,7.8835e-005,1.10437,0.697631,21.8201,-21.0129
1.9038,371.148,7.90291e-005,1.27734,0.907268,21.5926,-20.742
1.9038,371.148,7.92233e-005,1.44526,1.11387,21.28,-20.3896
1.9038,371.148,7.94175e-005,1.60748,1.31662,20.8832,-19.9571
1.9038,371.148,7.96117e-005,1.76336,1.51471,20.4038,-19.4458
1.9038,371.148,7.98058e-005,1.91227,1.70737,19.8433,-18.8575
1.9038,371.148,8e-005,2.05364,1.89381,19.2038,-18.1945
1.9038,371.148,8.01942e-005,2.18691,2.0733,18.4876,-17.459
1.9038,371.148,8.03883e-005,2.31154,2.24512,17.6972,-16.6538
1.9038,371.148,8.05825e-005,2.42705,2.40858,16.8358,-15.7819
1.9038,371.148,8.07767e-005,2.53298,2.56301,15.9063,-14.8466
1.9038,371.148,8.09709e-005,2.62892,2.70779,14.9125,-13.8512
1.9038,371.148,8.1165e-005,2.71448,2.84233,13.8579,-12.7997
1.9038,371.148,8.13592e-005,2.78933,2.96608,12.7467,-11.6958
1.9038,371.148,8.15534e-005,2.85317,3.07854,11.5829,-10.544
1.9038,371.148,8.17476e-005,2.90575,3.17923,10.3712,-9.34842
1.9038,371.148,8.19417e-005,2.94686,3.26774,9.11605,-8.11376
1.9038,371.148,8.21359e-005,2.97634,3.34368,7.82237,-6.84474
1.9038,371.148,8.23301e-005,2.99408,3.40674,6.49514,-5.54622
1.9038,371.148,8.25243e-005,3,3.45664,5.13948,-4.22322
1.9038,371.148,8.27184e-005,2.99408,3.49315,3.76066,-2.88083
1.9038,371.148,8.29126e-005,2.97634,3.5161,2.36403,-1.52427
1.9038,371.148,8.31068e-005,2.94686,3.52537,0.955028,-0.158792
1.9038,371.148,8.3301e-005,2.90575,3.5209,-0.460833,1.21029
1.9038,371.148,8.34951e-005,2.85317,3.50267,-1.87802,2.57763
1.9038,371.148,8.36893e-005,2.78933,3.47072,-3.29096,3.93788
1.9038,371.148,8.38835e-005,2.71448,3.42514,-4.69412,5.28574
1.9038,371.148,8.40777e-005,2.62892,3.36609,-6.08196,6.61589
1.9038,371.148,8.42718e-005,2.53298,3.29377,-7.449,7.92311
1.9038,371.148,8.4466e-005,2.42705,3.20844,-8.78983,9.20224
1.9038,371.148,8.46602e-005,2.31154,3.11039,-10.0991,10.4482
1.9038,371.148,8.48544e-005,2.18691,2.99998,-11.3717,11.6562
1.9038,371.148,8.50485e-005,2.05364,2.87763,-12.6025,12.8212
1.9038,371.148,8.52427e-005,1.91227,2.74378,-13.7866,13.9387
1.9038,371.148,8.54369e-005,1.76336,2.59893,-14.9191,15.0043
1.9038,371.148,8.56311e-005,1.60748,2.44363,-15.9957,16.0136
1.9038,371.148,8.58252e-005,1.44526,2.27847,-17.0119,16.9625
1.9038,371.148,8.60194e-005,1.27734,2.10406,-17.9637,17.8474
1.9038,371.148,8.62136e-005,1.10437,1.92108,-18.8471,18.6645
1.9038,371.148,8.64078e-005,0.927051,1.73022,-19.6585,19.4105
1.9038,371.148,8.66019e-005,0.74607,1.53222,-20.3947,20.0825
1.9038,371.148,8.67961e-005,0.562144,1.32782,-21.0525,20.6775
1.9038,371.148,8.69903e-005,0.376,1.11783,-21.6293,21.1932
1.9038,371.148,8.71845e-005,0.188372,0.903045,-22.1226,21.6273
1.9038,371.148,8.73786e-005,-7.3517e-015,0.684304,-22.5303,21.978
1.9038,371.148,8.75728e-005,-0.188372,0.462453,-22.8507,22.2437
1.9038,371.148,8.7767e-005,-0.376,0.238355,-23.0822,22.4233
1.9038,371.148,8.79612e-005,-0.562144,0.0128807,-23.2238,22.5159
1.9038,371.148,8.81553e-005,-0.74607,-0.213089,-23.2748,22.5209
1.9038,371.148,8.83495e-005,-0.927051,-0.43867,-23.2348,22.4381
1.9038,371.148,8.85437e-005,-1.10437,-0.662979,-23.1038,22.2678
1.9038,371.148,8.87379e-005,-1.27734,-0.885135,-22.8821,22.0103
1.9038,371.148,8.8932e-005,-1.44526,-1.10427,-22.5704,21.6666
1.9038,371.148,8.91262e-005,-1.60748,-1.31951,-22.1698,21.2377
1.9038,371.148,8.93204e-005,-1.76336,-1.53001,-21.6816,20.7253
1.9038,371.148,8.95146e-005,-1.91227,-1.73493,-21.1076,20.1311
1.9038,371.148,8.97087e-005,-2.05364,-1.93348,-20.4498,19.4574
1.9038,371.148,8.99029e-005,-2.18691,-2.12484,-19.7108,18.7065
1.9038,371.148,9.00971e-005,-2.31154,-2.30827,-18.8932,17.8813
1.9038,371.148,9.02913e-005,-2.42705,-2.48303,-18.0001,16.9849
1.9038,371.148,9.04854e-005,-2.53298,-2.64842,-17.0348,16.0206
1.9038,371.148,9.06796e-005,-2.62892,-2.80377,-16.0011,14.9921
1.9038,371.148,9.08738e-005,-2.71448,-2.94846,-14.9028,13.9033
1.9038,371.148,9.1068e-005,-2.78933,-3.08189,-13.7441,12.7582
1.9038,371.148,9.12621e-005,-2.85317,-3.20354,-12.5295,11.5614
1.9038,371.148,9.14563e-005,-2.90575,-3.31289,-11.2636,10.3173
1.9038,371.148,9.16505e-005,-2.94686,-3.40951,-9.95125,9.03072
1.9038,371.148,9.18447e-005,-2.97634,-3.49298,-8.59755,7.70664
1.9038,371.148,9.20388e-005,-2.99408,-3.56296,-7.20774,6.35014
1.9038,371.148,9.2233e-005,-3,-3.61914,-5.78718,4.96647
1.9038,371.148,9.24272e-005,-2.99408,-3.66129,-4.3414,3.56097
1.9038,371.148,9.26214e-005,-2.97634,-3.68922,-2.87602,2.13911
1.9038,371.148,9.28155e-005,-2.94686,-3.70278,-1.39676,0.706407
1.9038,371.148,9.30097e-005,-2.90575,-3.7019,0.0906213,-0.731565
1.9038,371.148,9.32039e-005,-2.85317,-3.68655,1.58029,-2.1692
1.9038,371.148,9.33981e-005,-2.78933,-3.65678,3.06642,-3.60087
1.9038,371.148,9.35922e-005,-2.71448,-3.61268,4.54317,-5.02098
1.9038,371.148,9.37864e-005,-2.62892,-3.55438,6.00473,-6.42396
1.9038,371.148,9.39806e-005,-2.53298,-3.48209,7.44535,-7.8043
1.9038,371.148,9.41748e-005,-2.42705,-3.39608,8.85934,-9.15657
1.9038,371.148,9.43689e-005,-2.31154,-3.29665,10.2411,-10.4754
1.9038,371.148,9.45631e-005,-2.18691,-3.18417,11.5852,-11.7557
1.9038,371.148,9.47573e-005,-2.05364,-3.05906,12.8862,-12.9923
1.9038,371.148,9.49515e-005,-1.91227,-2.92179,14.1391,-14.1802
1.9038,371.148,9.51456e-005,-1.76336,-2.77287,15.3387,-15.3149
1.9038,371.148,9.53398e-005,-1.60748,-2.61287,16.4803,-16.3918
1.9038,371.148,9.5534e-005,-1.44526,-2.44239,17.5594,-17.4065
1.9038,371.148,9.57282e-005,-1.27734,-2.26208,18.5715,-18.355
1.9038,371.148,9.59223e-005,-1.10437,-2.07264,19.5127,-19.2335
1.9038,371.148,9.61165e-005,-0.927051,-1.87479,20.379,-20.0384
1.9038,371.148,9.63107e-005,-0.74607,-1.66928,21.1671,-20.7664
1.9038,371.148,9.65049e-005,-0.562144,-1.45692,21.8736,-21.4147
1.9038,371.148,9.6699e-005,-0.376,-1.23851,22.4956,-21.9805
1.9038,371.148,9.68932e-005,-0.188372,-1.01491,23.0306,-22.4615
1.9038,371.148,9.70874e-005,6.98432e-015,-0.786987,23.4764,-22.8556
1.9038,371.148,9.72816e-005,0.188372,-0.555619,23.831,-23.1612
1.9038,371.148,9.74757e-005,0.376,-0.321708,24.0929,-23.377
1.9038,371.148,9.76699e-005,0.562144,-0.0861653,24.2609,-23.5019
1.9038,371.148,9.78641e-005,0.74607,0.150089,24.3342,-23.5354
1.9038,371.148,9.80583e-005,0.927051,0.386131,24.3124,-23.4771
1.9038,371.148,9.82524e-005,1.10437,0.621038,24.1954,-23.3272
1.9038,371.148,9.84466e-005,1.27734,0.853887,23.9835,-23.086
1.9038,371.148,9.86408e-005,1.44526,1.08376,23.6774,-22.7544
1.9038,371.148,9.8835e-005,1.60748,1.30976,23.2781,-22.3335
1.9038,371.148,9.90291e-005,1.76336,1.531,22.7871,-21.8249
1.9038,371.148,9.92233e-005,1.91227,1.74659,22.2061,-21.2303
1.9038,371.148,9.94175e-005,2.05364,1.95569,21.5373,-20.552
1.9038,371.148,9.96117e-005,2.18691,2.15747,20.7832,-19.7925
1.9038,371.148,9.98058e-005,2.31154,2.35113,19.9466,-18.9547
1.9038,371.148,0.0001,2.42705,2.53589,19.0306,-18.0416
1.9038,371.148,0.000100194,2.53298,2.71102,18.0387,-17.0568
1.9038,371.148,0.000100388,2.62892,2.87583,16.9747,-16.004
1.9038,371.148,0.000100583,2.71448,3.02964,15.8426,-14.8871
1.9038,371.148,0.000100777,2.78933,3.17184,14.6468,-13.7106
1.9038,371.148,0.000100971,2.85317,3.30186,13.3919,-12.4788
1.9038,371.148,0.000101165,2.90575,3.41917,12.0827,-11.1965
1.9038,371.148,0.000101359,2.94686,3.52328,10.7242,-9.86869
1.9038,371.148,0.000101553,2.97634,3.61379,9.32175,-8.50042
1.9038,371.148,0.000101748,2.99408,3.6903,7.88071,-7.09701
1.9038,371.148,0.000101942,3,3.7525,6.40671,-5.66388
1.9038,371.148,0.000102136,2.99408,3.80013,4.90546,-4.2066
1.9038,371.148,0.00010233,2.97634,3.83297,3.38282,-2.73082
1.9038,371.148,0.000102524,2.94686,3.85088,1.84472,-1.24229
1.9038,371.148,0.000102718,2.90575,3.85376,0.297163,0.253195
1.9038,371.148,0.000102913,2.85317,3.84159,-1.25379,1.7498
1.9038,371.148,0.000103107,2.78933,3.81439,-2.80206,3.24168
1.9038,371.148,0.000103301,2.71448,3.77224,-4.34159,4.723
1.9038,371.148,0.000103495,2.62892,3.71528,-5.86631,6.18794
1.9038,371.148,0.000103689,2.53298,3.64372,-7.37024,7.63077
1.9038,371.148,0.000103883,2.42705,3.55783,-8.84744,9.04581
1.9038,371.148,0.000104078,2.31154,3.4579,-10.2921,10.4275
1.9038,371.148,0.000104272,2.18691,3.34433,-11.6985,11.7704
1.9038,371.148,0.000104466,2.05364,3.21752,-13.0611,13.0691
1.9038,371.148,0.00010466,1.91227,3.07796,-14.3744,14.3187
1.9038,371.148,0.000104854,1.76336,2.92618,-15.6333,15.514
1.9038,371.148,0.000105049,1.60748,2.76276,-16.8327,16.6504
1.9038,371.148,0.000105243,1.44526,2.58831,-17.9679,17.7233
1.9038,371.148,0.000105437,1.27734,2.40352,-19.0343,18.7284
1.9038,371.148,0.000105631,1.10437,2.20907,-20.0276,19.6619
1.9038,371.148,0.000105825,0.927051,2.00573,-20.9439,20.5197
1.9038,371.148,0.000106019,0.74607,1.79428,-21.7794,21.2987
1.9038,371.148,0.000106214,0.562144,1.57554,-22.5308,21.9955
1.9038,371.148,0.000106408,0.376,1.35034,-23.195,22.6073
1.9038,371.148,0.000106602,0.188372,1.11957,-23.7693,23.1317
1.9038,371.148,0.000106796,-6.61694e-015,0.884124,-24.2513,23.5665
1.9038,371.148,0.00010699,-0.188372,0.64491,-24.639,23.9099
1.9038,371.148,0.000107184,-0.376,0.402864,-24.9308,24.1603
1.9038,371.148,0.000107379,-0.562144,0.158928,-25.1253,24.3168
1.9038,371.148,0.000107573,-0.74607,-0.0859432,-25.2218,24.3785
1.9038,371.148,0.000107767,-0.927051,-0.330794,-25.2196,24.3451
1.9038,371.148,0.000107961,-1.10437,-0.574665,-25.1187,24.2167
1.9038,371.148,0.000108155,-1.27734,-0.8166,-24.9193,23.9935
1.9038,371.148,0.00010835,-1.44526,-1.05565,-24.6222,23.6764
1.9038,371.148,0.000108544,-1.60748,-1.29088,-24.2282,23.2664
1.9038,371.148,0.000108738,-1.76336,-1.52135,-23.7389,22.7651
1.9038,371.148,0.000108932,-1.91227,-1.74617,-23.156,22.1743
1.9038,371.148,0.000109126,-2.05364,-1.96444,-22.4818,21.4962
1.9038,371.148,0.00010932,-2.18691,-2.1753,-21.7186,20.7333
1.9038,371.148,0.000109515,-2.31154,-2.37791,-20.8695,19.8885
1.9038,371.148,0.000109709,-2.42705,-2.57148,-19.9376,18.965
1.9038,371.148,0.000109903,-2.53298,-2.75523,-18.9265,17.9664
1.9038,371.148,0.000110097,-2.62892,-2.92844,-17.8401,16.8964
1.9038,371.148,0.000110291,-2.71448,-3.0904,-16.6824,15.7591
1.9038,371.148,0.000110485,-2.78933,-3.24048,-15.4581,14.559
1.9038,371.148,0.00011068,-2.85317,-3.37807,-14.1717,13.3006
1.9038,371.148,0.000110874,-2.90575,-3.50262,-12.8282,11.9887
1.9038,371.148,0.000111068,-2.94686,-3.61362,-11.4329,10.6284
1.9038,371.148,0.000111262,-2.97634,-3.71062,-9.99117,9.22509
1.9038,371.148,0.000111456,-2.99408,-3.79323,-8.50855,7.78408
1.9038,371.148,0.00011165,-3,-3.8611,-6.99085,6.31098
1.9038,371.148,0.000111845,-2.99408,-3.91395,-5.44396,4.81152
1.9038,371.148,0.000112039,-2.97634,-3.95156,-3.87391,3.29154
1.9038,371.148,0.000112233,-2.94686,-3.97377,-2.28684,1.75695
1.9038,371.148,0.000112427,-2.90575,-3.98045,-0.688937,0.213743
1.9038,371.148,0.000112621,-2.85317,-3.97159,0.913542,-1.33206
1.9038,371.148,0.000112816,-2.78933,-3.94717,2.51432,-2.87443
1.9038,371.148,0.00011301,-2.71448,-3.9073,4.10712,-4.40731
1.9038,371.148,0.000113204,-2.62892,-3.8521,5.68569,-5.92471
1.9038,371.148,0.000113398,-2.53298,-3.78177,7.24382,-7.42067
1.9038,371.148,0.000113592,-2.42705,-3.69657,8.77539,-8.88932
1.9038,371.148,0.000113786,-2.31154,-3.59682,10.2743,-10.3249
1.9038,371.148,0.000113981,-2.18691,-3.48289,11.7348,-11.7217
1.9038,371.148,0.000114175,-2.05364,-3.35521,13.151,-13.0743
1.9038,371.148,0.000114369,-1.91227,-3.21427,14.5172,-14.3773
1.9038,371.148,0.000114563,-1.76336,-3.0606,15.8282,-15.6255
1.9038,371.148,0.000114757,-1.60748,-2.89478,17.0787,-16.8141
1.9038,371.148,0.000114951,-1.44526,-2.71747,18.2636,-17.9383
1.9038,371.148,0.000115146,-1.27734,-2.52933,19.3784,-18.9936
1.9038,371.148,0.00011534,-1.10437,-2.33109,20.4186,-19.9759
1.9038,371.148,0.000115534,-0.927051,-2.12352,21.3799,-20.8812
1.9038,371.148,0.000115728,-0.74607,-1.90741,22.2586,-21.7058
1.9038,371.148,0.000115922,-0.562144,-1.68362,23.0511,-22.4466
1.9038,371.148,0.000116117,-0.376,-1.45299,23.7542,-23.1004
1.9038,371.148,0.000116311,-0.188372,-1.21644,24.365,-23.6647
1.9038,371.148,0.00106796,2.35368e-014,-1.68182,26.5824,-25.3959
1.9038,371.148,0.00106816,0.188372,-1.4171,27.2661,-26.049
1.9038,371.148,0.00106835,0.376,-1.14679,27.8421,-26.5993
1.9038,371.148,0.00106854,0.562144,-0.871954,28.3083,-27.0447
1.9038,371.148,0.00106874,0.74607,-0.593675,28.6627,-27.3833
1.9038,371.148,0.00106893,0.927051,-0.313053,28.9041,-27.6139
1.9038,371.148,0.00106913,1.10437,-0.0311961,29.0313,-27.7355
1.9038,371.148,0.00106932,1.27734,0.250784,29.044,-27.7476
1.9038,371.148,0.00106951,1.44526,0.531775,28.942,-27.6502
1.9038,371.148,0.00106971,1.60748,0.810667,28.7259,-27.4437
1.9038,371.148,0.0010699,1.76336,1.08636,28.3963,-27.1288
1.9038,371.148,0.0010701,1.91227,1.35777,27.9548,-26.707
1.9038,371.148,0.00107029,2.05364,1.62381,27.4028,-26.1797
1.9038,371.148,0.00107049,2.18691,1.88345,26.7428,-25.5491
1.9038,371.148,0.00107068,2.31154,2.13566,25.9771,-24.8176
1.9038,371.148,0.00107087,2.42705,2.37943,25.109,-23.9882
1.9038,371.148,0.00107107,2.53298,2.61382,24.1418,-23.0642
1.9038,371.148,0.00107126,2.62892,2.83789,23.0793,-22.0491
1.9038,371.148,0.00107146,2.71448,3.05076,21.9257,-20.947
1.9038,371.148,0.00107165,2.78933,3.25159,20.6856,-19.7623
1.9038,371.148,0.00107184,2.85317,3.43959,19.3638,-18.4995
1.9038,371.148,0.00107204,2.90575,3.61401,17.9657,-17.1637
1.9038,371.148,0.00107223,2.94686,3.77417,16.4966,-15.7602
1.9038,371.148,0.00107243,2.97634,3.91944,14.9624,-14.2945
1.9038,371.148,0.00107262,2.99408,4.04924,13.3692,-12.7724
1.9038,371.148,0.00107282,3,4.16306,11.7232,-11.1999
1.9038,371.148,0.00107301,2.99408,4.26044,10.0309,-9.58319
1.9038,371.148,0.0010732,2.97634,4.34102,8.29909,-7.92865
1.9038,371.148,0.0010734,2.94686,4.40446,6.53449,-6.24281
1.9038,371.148,0.00107359,2.90575,4.45052,4.7441,-4.53234
1.9038,371.148,0.00107379,2.85317,4.47901,2.935,-2.80399
1.9038,371.148,0.00107398,2.78933,4.48983,1.1143,-1.06456
1.9038,371.148,0.00107417,2.71448,4.48293,-0.710786,0.679059
1.9038,371.148,0.00107437,2.62892,4.45834,-2.53307,2.42
1.9038,371.148,0.00107456,2.53298,4.41615,-4.34536,4.1514
1.9038,371.148,0.00107476,2.42705,4.35653,-6.1405,5.86641
1.9038,371.148,0.00107495,2.31154,4.27972,-7.9114,7.55826
1.9038,371.148,0.00107515,2.18691,4.18602,-9.65108,9.22029
1.9038,371.148,0.00107534,2.05364,4.0758,-11.3527,10.8459
1.9038,371.148,0.00107553,1.91227,3.9495,-13.0095,12.4288
1.9038,371.148,0.00107573,1.76336,3.80761,-14.6149,13.9626
1.9038,371.148,0.00107592,1.60748,3.65069,-16.1627,15.4412
1.9038,371.148,0.00107612,1.44526,3.47936,-17.6467,16.859
1.9038,371.148,0.00107631,1.27734,3.2943,-19.061,18.2102
1.9038,371.148,0.0010765,1.10437,3.09624,-20.4001,19.4895
1.9038,371.148,0.0010767,0.927051,2.88596,-21.6587,20.692
1.9038,371.148,0.00107689,0.74607,2.6643,-22.8318,21.8127
1.9038,371.148,0.00107709,0.562144,2.43211,-23.9149,22.8474
1.9038,371.148,0.00107728,0.376,2.19033,-24.9035,23.7919
1.9038,371.148,0.00107748,0.188372,1.9399,-25.7939,24.6425
1.9038,371.148,0.00107767,8.80497e-015,1.68182,-26.5824,25.3959
1.9038,371.148,0.00107786,-0.188372,1.4171,-27.2661,26.049
1.9038,371.148,0.00107806,-0.376,1.14679,-27.8421,26.5993
1.9038,371.148,0.00107825,-0.562144,0.871954,-28.3083,27.0447
1.9038,371.148,0.00107845,-0.74607,0.593675,-28.6627,27.3833
1.9038,371.148,0.00107864,-0.927051,0.313054,-28.9041,27.6139
1.9038,371.148,0.00107883,-1.10437,0.0311962,-29.0313,27.7355
1.9038,371.148,0.00107903,-1.27734,-0.250784,-29.044,27.7476
1.9038,371.148,0.00107922,-1.44526,-0.531775,-28.942,27.6502
1.9038,371.148,0.00107942,-1.60748,-0.810667,-28.7259,27.4437
1.9038,371.148,0.00107961,-1.76336,-1.08636,-28.3963,27.1288
1.9038,371.148,0.00107981,-1.91227,-1.35777,-27.9548,26.707
1.9038,371.148,0.00108,-2.05364,-1.62381,-27.4028,26.1797
1.9038,371.148,0.00108019,-2.18691,-1.88345,-26.7428,25.5491
1.9038,371.148,0.00108039,-2.31154,-2.13566,-25.9771,24.8176
1.9038,371.148,0.00108058,-2.42705,-2.37943,-25.109,23.9882
1.9038,371.148,0.00108078,-2.53298,-2.61382,-24.1418,23.0642
1.9038,371.148,0.00108097,-2.62892,-2.83789,-23.0793,22.0491
1.9038,371.148,0.00108117,-2.71448,-3.05076,-21.9257,20.947
1.9038,371.148,0.00108136,-2.78933,-3.25159,-20.6856,19.7623
1.9038,371.148,0.00108155,-2.85317,-3.43959,-19.3638,18.4995
1.9038,371.148,0.00108175,-2.90575,-3.61401,-17.9657,17.1637
1.9038,371.148,0.00108194,-2.94686,-3.77417,-16.4966,15.7602
1.9038,371.148,0.00108214,-2.97634,-3.91944,-14.9624,14.2945
1.9038,371.148,0.00108233,-2.99408,-4.04924,-13.3692,12.7724
1.9038,371.148,0.00108252,-3,-4.16306,-11.7232,11.1999
1.9038,371.148,0.00108272,-2.99408,-4.26044,-10.0309,9.58319
1.9038,371.148,0.00108291,-2.97634,-4.34102,-8.29909,7.92865
1.9038,371.148,0.00108311,-2.94686,-4.40446,-6.53449,6.24281
1.9038,371.148,0.0010833,-2.90575,-4.45052,-4.7441,4.53234
1.9038,371.148,0.0010835,-2.85317,-4.47901,-2.935,2.80399
1.9038,371.148,0.00108369,-2.78933,-4.48983,-1.1143,1.06457
1.9038,371.148,0.00108388,-2.71448,-4.48293,0.710786,-0.679059
1.9038,371.148,0.00108408,-2.62892,-4.45834,2.53307,-2.42
1.9038,371.148,0.00108427,-2.53298,-4.41615,4.34536,-4.1514
1.9038,371.148,0.00108447,-2.42705,-4.35653,6.1405,-5.86641
1.9038,371.148,0.00108466,-2.31154,-4.27972,7.9114,-7.55826
1.9038,371.148,0.00108485,-2.18691,-4.18602,9.65108,-9.22029
1.9038,371.148,0.00108505,-2.05364,-4.0758,11.3527,-10.8459
1.9038,371.148,0.00108524,-1.91227,-3.9495,13.0095,-12.4288
1.9038,371.148,0.00108544,-1.76336,-3.80761,14.6149,-13.9626
1.9038,371.148,0.00108563,-1.60748,-3.65069,16.1627,-15.4412
1.9038,371.148,0.00108583,-1.44526,-3.47936,17.6467,-16.859
1.9038,371.148,0.00108602,-1.27734,-3.2943,19.061,-18.2102
1.9038,371.148,0.00108621,-1.10437,-3.09624,20.4001,-19.4895
1.9038,371.148,0.00108641,-0.927051,-2.88596,21.6587,-20.692
1.9038,371.148,0.0010866,-0.74607,-2.6643,22.8318,-21.8127
1.9038,371.148,0.0010868,-0.562144,-2.43211,23.9149,-22.8474
1.9038,371.148,0.00108699,-0.376,-2.19033,24.9035,-23.7919
1.9038,371.148,0.00108718,-0.188372,-1.9399,25.7939,-24.6425
1.9038,371.148,0.00108738,-4.11468e-014,-1.68182,26.5824,-25.3959
1.9038,371.148,0.00108757,0.188372,-1.4171,27.2661,-26.049
1.9038,371.148,0.00108777,0.376,-1.14679,27.8421,-26.5993
1.9038,371.148,0.00108796,0.562144,-0.871954,28.3083,-27.0447
1.9038,371.148,0.00108816,0.74607,-0.593675,28.6627,-27.3833
1.9038,371.148,0.00108835,0.927051,-0.313054,28.9041,-27.6139
1.9038,371.148,0.00108854,1.10437,-0.0311962,29.0313,-27.7355
1.9038,371.148,0.00108874,1.27734,0.250784,29.044,-27.7476
1.9038,371.148,0.00108893,1.44526,0.531775,28.942,-27.6502
1.9038,371.148,0.00108913,1.60748,0.810667,28.7259,-27.4437
1.9038,371.148,0.00108932,1.76336,1.08636,28.3963,-27.1288
1.9038,371.148,0.00108951,1.91227,1.35777,27.9548,-26.707
1.9038,371.148,0.00108971,2.05364,1.62381,27.4028,-26.1797
1.9038,371.148,0.0010899,2.18691,1.88345,26.7428,-25.5491
1.9038,371.148,0.0010901,2.31154,2.13566,25.9771,-24.8176
1.9038,371.148,0.00109029,2.42705,2.37943,25.109,-23.9882
1.9038,371.148,0.00109049,2.53298,2.61382,24.1418,-23.0642
1.9038,371.148,0.00109068,2.62892,2.83789,23.0793,-22.0491
1.9038,371.148,0.00109087,2.71448,3.05076,21.9257,-20.947
1.9038,371.148,0.00109107,2.78933,3.25159,20.6856,-19.7623
1.9038,371.148,0.00109126,2.85317,3.43959,19.3638,-18.4995
1.9038,371.148,0.00109146,2.90575,3.61401,17.9657,-17.1637
1.9038,371.148,0.00109165,2.94686,3.77417,16.4966,-15.7602
1.9038,371.148,0.00109184,2.97634,3.91944,14.9624,-14.2945
1.9038,371.148,0.00109204,2.99408,4.04924,13.3692,-12.7724
1.9038,371.148,0.00109223,3,4.16306,11.7232,-11.1999
1.9038,371.148,0.00109243,2.99408,4.26044,10.0309,-9.58319
1.9038,371.148,0.00109262,2.97634,4.34102,8.29909,-7.92865
1.9038,371.148,0.00109282,2.94686,4.40446,6.53449,-6.24281
1.9038,371.148,0.00109301,2.90575,4.45052,4.7441,-4.53234
1.9038,371.148,0.0010932,2.85317,4.47901,2.935,-2.80399
1.9038,371.148,0.0010934,2.78933,4.48983,1.1143,-1.06457
1.9038,371.148,0.00109359,2.71448,4.48293,-0.710786,0.679059
1.9038,371.148,0.00109379,2.62892,4.45834,-2.53307,2.42
1.9038,371.148,0.00109398,2.53298,4.41615,-4.34536,4.1514
1.9038,371.148,0.00109417,2.42705,4.35653,-6.1405,5.86641
1.9038,371.148,0.00109437,2.31154,4.27972,-7.9114,7.55826
1.9038,371.148,0.00109456,2.18691,4.18602,-9.65108,9.22029
1.9038,371.148,0.00109476,2.05364,4.0758,-11.3527,10.8459
1.9038,371.148,0.00109495,1.91227,3.9495,-13.0095,12.4288
1.9038,371.148,0.00109515,1.76336,3.80761,-14.6149,13.9626
1.9038,371.148,0.00109534,1.60748,3.65069,-16.1627,15.4412
1.9038,371.148,0.00109553,1.44526,3.47936,-17.6467,16.859
1.9038,371.148,0.00109573,1.27734,3.2943,-19.061,18.2102
1.9038,371.148,0.00109592,1.10437,3.09624,-20.4001,19.4895
1.9038,371.148,0.00109612,0.927051,2.88596,-21.6587,20.692
1.9038,371.148,0.00109631,0.74607,2.6643,-22.8318,21.8127
1.9038,371.148,0.0010965,0.562144,2.43211,-23.9149,22.8474
1.9038,371.148,0.0010967,0.376,2.19033,-24.9035,23.7919
1.9038,371.148,0.00109689,0.188372,1.9399,-25.7939,24.6425
1.9038,371.148,0.00109709,-9.70417e-014,1.68182,-26.5824,25.3959
1.9038,371.148,0.00109728,-0.188372,1.4171,-27.2661,26.049
1.9038,371.148,0.00109748,-0.376,1.14679,-27.8421,26.5993
1.9038,371.148,0.00109767,-0.562144,0.871954,-28.3083,27.0447
1.9038,371.148,0.00109786,-0.74607,0.593675,-28.6627,27.3833
1.9038,371.148,0.00109806,-0.927051,0.313054,-28.9041,27.6139
1.9038,371.148,0.00109825,-1.10437,0.0311962,-29.0313,27.7355
1.9038,371.148,0.00109845,-1.27734,-0.250784,-29.044,27.7476
1.9038,371.148,0.00109864,-1.44526,-0.531775,-28.942,27.6502
1.9038,371.148,0.00109883,-1.60748,-0.810667,-28.7259,27.4437
1.9038,371.148,0.00109903,-1.76336,-1.08636,-28.3963,27.1288
1.9038,371.148,0.00109922,-1.91227,-1.35777,-27.9548,26.707
1.9038,371.148,0.00109942,-2.05364,-1.62381,-27.4028,26.1797
1.9038,371.148,0.00109961,-2.18691,-1.88345,-26.7428,25.5491
1.9038,371.148,0.00109981,-2.31154,-2.13566,-25.9771,24.8176
1.9038,371.148,0.0011,-2.42705,-2.37943,-25.109,23.9882
1.9038,371.148,0.00110019,-2.53298,-2.61382,-24.1418,23.0642
1.9038,371.148,0.00110039,-2.62892,-2.83789,-23.0793,22.0491
1.9038,371.148,0.00110058,-2.71448,-3.05076,-21.9257,20.947
1.9038,371.148,0.00110078,-2.78933,-3.25159,-20.6856,19.7623
1.9038,371.148,0.00110097,-2.85317,-3.43959,-19.3638,18.4995
1.9038,371.148,0.00110117,-2.90575,-3.61401,-17.9657,17.1637
1.9038,371.148,0.00110136,-2.94686,-3.77417,-16.4966,15.7602
1.9038,371.148,0.00110155,-2.97634,-3.91944,-14.9624,14.2945
1.9038,371.148,0.00110175,-2.99408,-4.04924,-13.3692,12.7724
1.9038,371.148,0.00110194,-3,-4.16306,-11.7232,11.1999
1.9038,371.148,0.00110214,-2.99408,-4.26044,-10.0309,9.58319
1.9038,371.148,0.00110233,-2.97634,-4.34102,-8.29909,7.92865
1.9038,371.148,0.00110252,-2.94686,-4.40446,-6.53449,6.24281
1.9038,371.148,0.00110272,-2.90575,-4.45052,-4.74411,4.53235
1.9038,371.148,0.00110291,-2.85317,-4.47901,-2.935,2.80399
1.9038,371.148,0.00110311,-2.78933,-4.48983,-1.1143,1.06457
1.9038,371.148,0.0011033,-2.71448,-4.48293,0.710785,-0.679058
1.9038,371.148,0.0011035,-2.62892,-4.45834,2.53307,-2.42
1.9038,371.148,0.00110369,-2.53298,-4.41615,4.34536,-4.1514
1.9038,371.148,0.00110388,-2.42705,-4.35653,6.1405,-5.86641
1.9038,371.148,0.00110408,-2.31154,-4.27972,7.9114,-7.55826
1.9038,371.148,0.00110427,-2.18691,-4.18602,9.65108,-9.22029
1.9038,371.148,0.00110447,-2.05364,-4.0758,11.3527,-10.8459
1.9038,371.148,0.00110466,-1.91227,-3.9495,13.0095,-12.4288
1.9038,371.148,0.00110485,-1.76336,-3.80761,14.6149,-13.9626
1.9038,371.148,0.00110505,-1.60748,-3.65069,16.1627,-15.4412
1.9038,371.148,0.00110524,-1.44526,-3.47936,17.6467,-16.859
1.9038,371.148,0.00110544,-1.27734,-3.2943,19.061,-18.2102
1.9038,371.148,0.00110563,-1.10437,-3.09624,20.4001,-19.4895
1.9038,371.148,0.00110583,-0.927051,-2.88596,21.6587,-20.692
1.9038,371.148,0.00110602,-0.74607,-2.6643,22.8318,-21.8127
1.9038,371.148,0.00110621,-0.562144,-2.43211,23.9149,-22.8474
1.9038,371.148,0.00110641,-0.376,-2.19033,24.9035,-23.7919
1.9038,371.148,0.0011066,-0.188372,-1.9399,25.7939,-24.6425
1.9038,371.148,0.0011068,-1.0583e-013,-1.68182,26.5824,-25.3959
1.9038,371.148,0.00110699,0.188372,-1.4171,27.2661,-26.049
1.9038,371.148,0.00110718,0.376,-1.14679,27.8421,-26.5993
1.9038,371.148,0.00110738,0.562144,-0.871954,28.3083,-27.0447
1.9038,371.148,0.00110757,0.74607,-0.593675,28.6627,-27.3833
1.9038,371.148,0.00110777,0.927051,-0.313054,28.9041,-27.6139
1.9038,371.148,0.00110796,1.10437,-0.0311963,29.0313,-27.7355
1.9038,371.148,0.00110816,1.27734,0.250784,29.044,-27.7476
1.9038,371.148,0.00110835,1.44526,0.531775,28.942,-27.6502
1.9038,371.148,0.00110854,1.60748,0.810667,28.7259,-27.4437
1.9038,371.148,0.00110874,1.76336,1.08636,28.3963,-27.1288
1.9038,371.148,0.00110893,1.91227,1.35777,27.9548,-26.707
1.9038,371.148,0.00110913,2.05364,1.62381,27.4028,-26.1797
1.9038,371.148,0.00110932,2.18691,1.88345,26.7428,-25.5491
1.9038,371.148,0.00110951,2.31154,2.13566,25.9771,-24.8176
1.9038,371.148,0.00110971,2.42705,2.37943,25.109,-23.9882
1.9038,371.148,0.0011099,2.53298,2.61382,24.1418,-23.0642
1.9038,371.148,0.0011101,2.62892,2.83789,23.0793,-22.0491
1.9038,371.148,0.00111029,2.71448,3.05076,21.9257,-20.947
1.9038,371.148,0.00111049,2.78933,3.25159,20.6856,-19.7623
1.9038,371.148,0.00111068,2.85317,3.43959,19.3638,-18.4995
1.9038,371.148,0.00111087,2.90575,3.61401,17.9657,-17.1637
1.9038,371.148,0.00111107,2.94686,3.77417,16.4966,-15.7602
1.9038,371.148,0.00111126,2.97634,3.91944,14.9624,-14.2945
1.9038,371.148,0.00111146,2.99408,4.04924,13.3692,-12.7724
1.9038,371.148,0.00111165,3,4.16306,11.7232,-11.1999
1.9038,371.148,0.00111184,2.99408,4.26044,10.0309,-9.58319
1.9038,371.148,0.00111204,2.97634,4.34102,8.29909,-7.92865
1.9038,371.148,0.00111223,2.94686,4.40446,6.53449,-6.24282
1.9038,371.148,0.00111243,2.90575,4.45052,4.74411,-4.53235
1.9038,371.148,0.00111262,2.85317,4.47901,2.935,-2.80399
1.9038,371.148,0.00111282,2.78933,4.48983,1.1143,-1.06457
1.9038,371.148,0.00111301,2.71448,4.48293,-0.710785,0.679058
1.9038,371.148,0.0011132,2.62892,4.45834,-2.53307,2.42
1.9038,371.148,0.0011134,2.53298,4.41615,-4.34536,4.1514
1.9038,371.148,0.00111359,2.42705,4.35653,-6.1405,5.86641
1.9038,371.148,0.00111379,2.31154,4.27972,-7.9114,7.55826
1.9038,371.148,0.00111398,2.18691,4.18602,-9.65108,9.22029
1.9038,371.148,0.00111417,2.05364,4.0758,-11.3527,10.8459
1.9038,371.148,0.00111437,1.91227,3.9495,-13.0095,12.4288
1.9038,371.148,0.00111456,1.76336,3.80761,-14.6149,13.9626
1.9038,371.148,0.00111476,1.60748,3.65069,-16.1627,15.4412
1.9038,371.148,0.00111495,1.44526,3.47936,-17.6467,16.859
1.9038,371.148,0.00111515,1.27734,3.2943,-19.061,18.2102
1.9038,371.148,0.00111534,1.10437,3.09624,-20.4001,19.4895
1.9038,371.148,0.00111553,0.927051,2.88596,-21.6587,20.692
1.9038,371.148,0.00111573,0.74607,2.6643,-22.8318,21.8127
1.9038,371.148,0.00111592,0.562144,2.43211,-23.9149,22.8474
1.9038,371.148,0.00111612,0.376,2.19033,-24.9035,23.7919
1.9038,371.148,0.00111631,0.188372,1.9399,-25.7939,24.6425
1.9038,371.148,0.0011165,-3.23581e-014,1.68182,-26.5824,25.3959
1.9038,371.148,0.0011167,-0.188372,1.4171,-27.2661,26.049
1.9038,371.148,0.00111689,-0.376,1.14679,-27.8421,26.5993
1.9038,371.148,0.00111709,-0.562144,0.871954,-28.3083,27.0447
1.9038,371.148,0.00111728,-0.74607,0.593675,-28.6627,27.3833
1.9038,371.148,0.00111748,-0.927051,0.313054,-28.9041,27.6139
1.9038,371.148,0.00111767,-1.10437,0.0311963,-29.0313,27.7355
1.9038,371.148,0.00111786,-1.27734,-0.250784,-29.044,27.7476
1.9038,371.148,0.00111806,-1.44526,-0.531775,-28.942,27.6502
1.9038,371.148,0.00111825,-1.60748,-0.810667,-28.7259,27.4437
1.9038,371.148,0.00111845,-1.76336,-1.08636,-28.3963,27.1288
1.9038,371.148,0.00111864,-1.91227,-1.35776,-27.9548,26.707
1.9038,371.148,0.00111883,-2.05364,-1.62381,-27.4028,26.1797
1.9038,371.148,0.00111903,-2.18691,-1.88345,-26.7428,25.5491
1.9038,371.148,0.00111922,-2.31154,-2.13566,-25.9771,24.8176
1.9038,371.148,0.00111942,-2.42705,-2.37943,-25.109,23.9882
1.9038,371.148,0.00111961,-2.53298,-2.61382,-24.1418,23.0642
1.9038,371.148,0.00111981,-2.62892,-2.83789,-23.0793,22.0491
1.9038,371.148,0.00112,-2.71448,-3.05076,-21.9257,20.947
1.9038,371.148,0.00112019,-2.78933,-3.25159,-20.6856,19.7623
1.9038,371.148,0.00112039,-2.85317,-3.43959,-19.3638,18.4995
1.9038,371.148,0.00112058,-2.90575,-3.61401,-17.9657,17.1637
1.9038,371.148,0.00112078,-2.94686,-3.77417,-16.4966,15.7602
1.9038,371.148,0.00112097,-2.97634,-3.91944,-14.9624,14.2945
1.9038,371.148,0.00112117,-2.99408,-4.04924,-13.3692,12.7724
1.9038,371.148,0.00112136,-3,-4.16306,-11.7232,11.1999
1.9038,371.148,0.00112155,-2.99408,-4.26044,-10.0309,9.58319
1.9038,371.148,0.00112175,-2.97634,-4.34102,-8.29909,7.92865
1.9038,371.148,0.00112194,-2.94686,-4.40446,-6.53449,6.24282
1.9038,371.148,0.00112214,-2.90575,-4.45052,-4.74411,4.53235
1.9038,371.148,0.00112233,-2.85317,-4.47901,-2.935,2.80399
1.9038,371.148,0.00112252,-2.78933,-4.48983,-1.1143,1.06457
1.9038,371.148,0.00112272,-2.71448,-4.48293,0.710785,-0.679058
1.9038,371.148,0.00112291,-2.62892,-4.45834,2.53307,-2.42
1.9038,371.148,0.00112311,-2.53298,-4.41615,4.34536,-4.1514
1.9038,371.148,0.0011233,-2.42705,-4.35653,6.1405,-5.86641
1.9038,371.148,0.0011235,-2.31154,-4.27972,7.9114,-7.55826
1.9038,371.148,0.00112369,-2.18691,-4.18602,9.65108,-9.22029
1.9038,371.148,0.00112388,-2.05364,-4.0758,11.3527,-10.8459
1.9038,371.148,0.00112408,-1.91227,-3.9495,13.0095,-12.4288
1.9038,371.148,0.00112427,-1.76336,-3.80761,14.6149,-13.9626
1.9038,371.148,0.00112447,-1.60748,-3.65069,16.1627,-15.4412
1.9038,371.148,0.00112466,-1.44526,-3.47936,17.6467,-16.859
1.9038,371.148,0.00112485,-1.27734,-3.2943,19.061,-18.2102
1.9038,371.148,0.00112505,-1.10437,-3.09624,20.4001,-19.4895
1.9038,371.148,0.00112524,-0.927051,-2.88596,21.6587,-20.692
1.9038,371.148,0.00112544,-0.74607,-2.6643,22.8318,-21.8127
1.9038,371.148,0.00112563,-0.562144,-2.43211,23.9149,-22.8474
1.9038,371.148,0.00112583,-0.376,-2.19033,24.9035,-23.7919
1.9038,371.148,0.00112602,-0.188372,-1.9399,25.7939,-24.6425
1.9038,371.148,0.00112621,-1.70514e-013,-1.68182,26.5824,-25.3959
1.9038,371.148,0.00112641,0.188372,-1.4171,27.2661,-26.049
1.9038,371.148,0.0011266,0.376,-1.14679,27.8421,-26.5993
1.9038,371.148,0.0011268,0.562144,-0.871954,28.3083,-27.0447
1.9038,371.148,0.00112699,0.74607,-0.593676,28.6627,-27.3833
1.9038,371.148,0.00112718,0.927051,-0.313054,28.9041,-27.6139
1.9038,371.148,0.00112738,1.10437,-0.0311963,29.0313,-27.7355
1.9038,371.148,0.00112757,1.27734,0.250784,29.044,-27.7476
1.9038,371.148,0.00112777,1.44526,0.531775,28.942,-27.6502
1.9038,371.148,0.00112796,1.60748,0.810667,28.7259,-27.4437
1.9038,371.148,0.00112816,1.76336,1.08636,28.3963,-27.1288
1.9038,371.148,0.00112835,1.91227,1.35776,27.9548,-26.707
1.9038,371.148,0.00112854,2.05364,1.62381,27.4028,-26.1797
1.9038,371.148,0.00112874,2.18691,1.88345,26.7428,-25.5491
1.9038,371.148,0.00112893,2.31154,2.13566,25.9771,-24.8176
1.9038,371.148,0.00112913,2.42705,2.37943,25.109,-23.9882
1.9038,371.148,0.00112932,2.53298,2.61382,24.1418,-23.0642
1.9038,371.148,0.00112951,2.62892,2.83789,23.0793,-22.0491
1.9038,371.148,0.00112971,2.71448,3.05076,21.9257,-20.947
1.9038,371.148,0.0011299,2.78933,3.25159,20.6856,-19.7623
1.9038,371.148,0.0011301,2.85317,3.43959,19.3638,-18.4995
1.9038,371.148,0.00113029,2.90575,3.61401,17.9657,-17.1637
1.9038,371.148,0.00113049,2.94686,3.77417,16.4966,-15.7602
1.9038,371.148,0.00113068,2.97634,3.91944,14.9624,-14.2945
1.9038,371.148,0.00113087,2.99408,4.04924,13.3692,-12.7724
1.9038,371.148,0.00113107,3,4.16306,11.7232,-11.1999
1.9038,371.148,0.00113126,2.99408,4.26044,10.0309,-9.58319
1.9038,371.148,0.00113146,2.97634,4.34102,8.29909,-7.92865
1.9038,371.148,0.00113165,2.94686,4.40446,6.53449,-6.24282
1.9038,371.148,0.00113184,2.90575,4.45052,4.74411,-4.53235
1.9038,371.148,0.00113204,2.85317,4.47901,2.935,-2.80399
1.9038,371.148,0.00113223,2.78933,4.48983,1.1143,-1.06457
1.9038,371.148,0.00113243,2.71448,4.48293,-0.710785,0.679058
1.9038,371.148,0.00113262,2.62892,4.45834,-2.53307,2.42
1.9038,371.148,0.00113282,2.53298,4.41615,-4.34536,4.1514
1.9038,371.148,0.00113301,2.42705,4.35653,-6.1405,5.86641
1.9038,371.148,0.0011332,2.31154,4.27972,-7.9114,7.55826
1.9038,371.148,0.0011334,2.18691,4.18602,-9.65108,9.22029
1.9038,371.148,0.00113359,2.05364,4.0758,-11.3527,10.8459
1.9038,371.148,0.00113379,1.91227,3.9495,-13.0095,12.4288
1.9038,371.148,0.00113398,1.76336,3.80761,-14.6149,13.9626
1.9038,371.148,0.00113417,1.60748,3.65069,-16.1627,15.4412
1.9038,371.148,0.00113437,1.44526,3.47936,-17.6467,16.859
1.9038,371.148,0.00113456,1.27734,3.2943,-19.061,18.2102
1.9038,371.148,0.00113476,1.10437,3.09624,-20.4001,19.4895
1.9038,371.148,0.00113495,0.927051,2.88596,-21.6587,20.692
1.9038,371.148,0.00113515,0.74607,2.6643,-22.8318,21.8127
1.9038,371.148,0.00113534,0.562144,2.43211,-23.9149,22.8474
1.9038,371.148,0.00113553,0.376,2.19033,-24.9035,23.7919
1.9038,371.148,0.00113573,0.188372,1.9399,-25.7939,24.6425
1.9038,371.148,0.00113592,3.23255e-014,1.68182,-26.5824,25.3959
1.9038,371.148,0.00113612,-0.188372,1.4171,-27.2661,26.049
1.9038,371.148,0.00113631,-0.376,1.14679,-27.8421,26.5993
1.9038,371.148,0.0011365,-0.562144,0.871954,-28.3083,27.0447
1.9038,371.148,0.0011367,-0.74607,0.593676,-28.6627,27.3833
1.9038,371.148,0.00113689,-0.927051,0.313054,-28.9041,27.6139
1.9038,371.148,0.00113709,-1.10437,0.0311964,-29.0313,27.7355
1.9038,371.148,0.00113728,-1.27734,-0.250784,-29.044,27.7476
1.9038,371.148,0.00113748,-1.44526,-0.531775,-28.942,27.6502
1.9038,371.148,0.00113767,-1.60748,-0.810667,-28.7259,27.4437
1.9038,371.148,0.00113786,-1.76336,-1.08636,-28.3964,27.1288
1.9038,371.148,0.00113806,-1.91227,-1.35776,-27.9548,26.707
1.9038,371.148,0.00113825,-2.05364,-1.62381,-27.4028,26.1797
1.9038,371.148,0.00113845,-2.18691,-1.88345,-26.7428,25.5491
1.9038,371.148,0.00113864,-2.31154,-2.13566,-25.9771,24.8176
1.9038,371.148,0.00113883,-2.42705,-2.37943,-25.109,23.9882
1.9038,371.148,0.00113903,-2.53298,-2.61382,-24.1418,23.0642
1.9038,371.148,0.00113922,-2.62892,-2.83789,-23.0793,22.0491
1.9038,371.148,0.00113942,-2.71448,-3.05076,-21.9257,20.947
1.9038,371.148,0.00113961,-2.78933,-3.25159,-20.6856,19.7623
1.9038,371.148,0.00113981,-2.85317,-3.43959,-19.3638,18.4995
1.9038,371.148,0.00114,-2.90575,-3.61401,-17.9657,17.1637
1.9038,371.148,0.00114019,-2.94686,-3.77417,-16.4966,15.7602
1.9038,371.148,0.00114039,-2.97634,-3.91944,-14.9624,14.2945
1.9038,371.148,0.00114058,-2.99408,-4.04924,-13.3692,12.7724
1.9038,371.148,0.00114078,-3,-4.16306,-11.7232,11.1999
1.9038,371.148,0.00114097,-2.99408,-4.26044,-10.0309,9.58319
1.9038,371.148,0.00114117,-2.97634,-4.34102,-8.29909,7.92865
1.9038,371.148,0.00114136,-2.94686,-4.40446,-6.53449,6.24282
1.9038,371.148,0.00114155,-2.90575,-4.45052,-4.74411,4.53235
1.9038,371.148,0.00114175,-2.85317,-4.47901,-2.935,2.80399
1.9038,371.148,0.00114194,-2.78933,-4.48983,-1.1143,1.06457
1.9038,371.148,0.00114214,-2.71448,-4.48293,0.710785,-0.679058
1.9038,371.148,0.00114233,-2.62892,-4.45834,2.53307,-2.42
1.9038,371.148,0.00114252,-2.53298,-4.41615,4.34536,-4.1514
1.9038,371.148,0.00114272,-2.42705,-4.35653,6.1405,-5.86641
1.9038,371.148,0.00114291,-2.31154,-4.27972,7.9114,-7.55826
1.9038,371.148,0.00114311,-2.18691,-4.18602,9.65108,-9.22029
1.9038,371.148,0.0011433,-2.05364,-4.0758,11.3527,-10.8459
1.9038,371.148,0.0011435,-1.91227,-3.9495,13.0095,-12.4288
1.9038,371.148,0.00114369,-1.76336,-3.80761,14.6149,-13.9626
1.9038,371.148,0.00114388,-1.60748,-3.65069,16.1627,-15.4412
1.9038,371.148,0.00114408,-1.44526,-3.47936,17.6467,-16.859
1.9038,371.148,0.00114427,-1.27734,-3.2943,19.061,-18.2102
1.9038,371.148,0.00114447,-1.10437,-3.09624,20.4001,-19.4895
1.9038,371.148,0.00114466,-0.927051,-2.88596,21.6587,-20.692
1.9038,371.148,0.00114485,-0.74607,-2.6643,22.8318,-21.8127
1.9038,371.148,0.00114505,-0.562144,-2.43211,23.9149,-22.8474
1.9038,371.148,0.00114524,-0.376,-2.19033,24.9035,-23.7919
1.9038,371.148,0.00114544,-0.188372,-1.9399,25.7939,-24.6425
1.9038,371.148,0.00114563,1.05863e-013,-1.68182,26.5824,-25.3959
1.9038,371.148,0.00114583,0.188372,-1.4171,27.2661,-26.049
1.9038,371.148,0.00114602,0.376,-1.14679,27.8421,-26.5993
1.9038,371.148,0.00114621,0.562144,-0.871954,28.3083,-27.0447
1.9038,371.148,0.00114641,0.74607,-0.593676,28.6627,-27.3833
1.9038,371.148,0.0011466,0.927051,-0.313054,28.9041,-27.6139
1.9038,371.148,0.0011468,1.10437,-0.0311964,29.0313,-27.7355
1.9038,371.148,0.00114699,1.27734,0.250784,29.044,-27.7476
1.9038,371.148,0.00114718,1.44526,0.531775,28.942,-27.6502
1.9038,371.148,0.00114738,1.60748,0.810667,28.7259,-27.4437
1.9038,371.148,0.00114757,1.76336,1.08636,28.3964,-27.1288
1.9038,371.148,0.00114777,1.91227,1.35776,27.9548,-26.707
1.9038,371.148,0.00114796,2.05364,1.62381,27.4028,-26.1797
1.9038,371.148,0.00114816,2.18691,1.88345,26.7428,-25.5491
1.9038,371.148,0.00114835,2.31154,2.13566,25.9771,-24.8176
1.9038,371.148,0.00114854,2.42705,2.37943,25.109,-23.9882
1.9038,371.148,0.00114874,2.53298,2.61382,24.1418,-23.0642
1.9038,371.148,0.00114893,2.62892,2.83789,23.0793,-22.0491
1.9038,371.148,0.00114913,2.71448,3.05076,21.9257,-20.947
1.9038,371.148,0.00114932,2.78933,3.25159,20.6856,-19.7623
1.9038,371.148,0.00114951,2.85317,3.43959,19.3638,-18.4995
1.9038,371.148,0.00114971,2.90575,3.61401,17.9657,-17.1637
1.9038,371.148,0.0011499,2.94686,3.77417,16.4966,-15.7602
1.9038,371.148,0.0011501,2.97634,3.91944,14.9624,-14.2945
1.9038,371.148,0.00115029,2.99408,4.04924,13.3692,-12.7724
1.9038,371.148,0.00115049,3,4.16306,11.7232,-11.1999
1.9038,371.148,0.00115068,2.99408,4.26044,10.0309,-9.58319
1.9038,371.148,0.00115087,2.97634,4.34102,8.29909,-7.92865
1.9038,371.148,0.00115107,2.94686,4.40446,6.53449,-6.24282
1.9038,371.148,0.00115126,2.90575,4.45052,4.74411,-4.53235
1.9038,371.148,0.00115146,2.85317,4.47901,2.935,-2.80399
1.9038,371.148,0.00115165,2.78933,4.48983,1.1143,-1.06457
1.9038,371.148,0.00115184,2.71448,4.48293,-0.710785,0.679058
1.9038,371.148,0.00115204,2.62892,4.45834,-2.53307,2.42
1.9038,371.148,0.00115223,2.53298,4.41615,-4.34536,4.1514
1.9038,371.148,0.00115243,2.42705,4.35653,-6.1405,5.86641
1.9038,371.148,0.00115262,2.31154,4.27972,-7.9114,7.55826
1.9038,371.148,0.00115282,2.18691,4.18602,-9.65108,9.22029
1.9038,371.148,0.00115301,2.05364,4.0758,-11.3527,10.8459
1.9038,371.148,0.0011532,1.91227,3.9495,-13.0095,12.4288
1.9038,371.148,0.0011534,1.76336,3.80761,-14.6149,13.9626
1.9038,371.148,0.00115359,1.60748,3.65069,-16.1627,15.4412
1.9038,371.148,0.00115379,1.44526,3.47936,-17.6467,16.859
1.9038,371.148,0.00115398,1.27734,3.2943,-19.061,18.2102
1.9038,371.148,0.00115417,1.10437,3.09624,-20.4001,19.4895
1.9038,371.148,0.00115437,0.927051,2.88596,-21.6587,20.692
1.9038,371.148,0.00115456,0.74607,2.6643,-22.8318,21.8127
1.9038,371.148,0.00115476,0.562144,2.43211,-23.9149,22.8474
1.9038,371.148,0.00115495,0.376,2.19033,-24.9035,23.7919
1.9038,371.148,0.00115515,0.188372,1.9399,-25.7939,24.6425
1.9038,371.148,0.00115534,9.70092e-014,1.68182,-26.5824,25.3959
1.9038,371.148,0.00115553,-0.188372,1.4171,-27.2661,26.049
1.9038,371.148,0.00115573,-0.376,1.14679,-27.8421,26.5993
1.9038,371.148,0.00115592,-0.562144,0.871954,-28.3083,27.0447
1.9038,371.148,0.00115612,-0.74607,0.593676,-28.6627,27.3833
1.9038,371.148,0.00115631,-0.927051,0.313054,-28.9041,27.6139
1.9038,371.148,0.0011565,-1.10437,0.0311964,-29.0313,27.7355
1.9038,371.148,0.0011567,-1.27734,-0.250784,-29.044,27.7476
1.9038,371.148,0.00115689,-1.44526,-0.531775,-28.942,27.6502
1.9038,371.148,0.00115709,-1.60748,-0.810667,-28.7259,27.4437
1.9038,371.148,0.00115728,-1.76336,-1.08636,-28.3964,27.1288
1.9038,371.148,0.00115748,-1.91227,-1.35776,-27.9548,26.707
1.9038,371.148,0.00115767,-2.05364,-1.62381,-27.4028,26.1797
1.9038,371.148,0.00115786,-2.18691,-1.88345,-26.7428,25.5491
1.9038,371.148,0.00115806,-2.31154,-2.13566,-25.9771,24.8176
1.9038,371.148,0.00115825,-2.42705,-2.37943,-25.109,23.9882
1.9038,371.148,0.00115845,-2.53298,-2.61382,-24.1418,23.0642
1.9038,371.148,0.00115864,-2.62892,-2.83789,-23.0793,22.0491
1.9038,371.148,0.00115883,-2.71448,-3.05076,-21.9257,20.947
1.9038,371.148,0.00115903,-2.78933,-3.25159,-20.6856,19.7623
1.9038,371.148,0.00115922,-2.85317,-3.43959,-19.3638,18.4995
1.9038,371.148,0.00115942,-2.90575,-3.61401,-17.9657,17.1637
1.9038,371.148,0.00115961,-2.94686,-3.77417,-16.4966,15.7602
1.9038,371.148,0.00115981,-2.97634,-3.91944,-14.9624,14.2945
1.9038,371.148,0.00116,-2.99408,-4.04924,-13.3692,12.7724
1.9038,371.148,0.00116019,-3,-4.16306,-11.7232,11.1999
1.9038,371.148,0.00116039,-2.99408,-4.26044,-10.0309,9.58319
1.9038,371.148,0.00116058,-2.97634,-4.34102,-8.29909,7.92865
1.9038,371.148,0.00116078,-2.94686,-4.40446,-6.53449,6.24282
1.9038,371.148,0.00116097,-2.90575,-4.45052,-4.74411,4.53235
1.9038,371.148,0.00116117,-2.85317,-4.47901,-2.935,2.80399
1.9038,371.148,0.00116136,-2.78933,-4.48983,-1.11431,1.06457
1.9038,371.148,0.00116155,-2.71448,-4.48293,0.710785,-0.679058
1.9038,371.148,0.00116175,-2.62892,-4.45834,2.53307,-2.42
1.9038,371.148,0.00116194,-2.53298,-4.41615,4.34536,-4.1514
1.9038,371.148,0.00116214,-2.42705,-4.35653,6.14049,-5.86641
1.9038,371.148,0.00116233,-2.31154,-4.27972,7.9114,-7.55826
1.9038,371.148,0.00116252,-2.18691,-4.18602,9.65108,-9.22029
1.9038,371.148,0.00116272,-2.05364,-4.0758,11.3527,-10.8459
1.9038,371.148,0.00116291,-1.91227,-3.9495,13.0095,-12.4288
1.9038,371.148,0.00116311,-1.76336,-3.80761,14.6149,-13.9626
1.9038,371.148,0.0011633,-1.60748,-3.65069,16.1627,-15.4412
1.9038,371.148,0.0011635,-1.44526,-3.47936,17.6467,-16.859
1.9038,371.148,0.00116369,-1.27734,-3.2943,19.061,-18.2102
1.9038,371.148,0.00116388,-1.10437,-3.09624,20.4001,-19.4895
1.9038,371.148,0.00116408,-0.927051,-2.88596,21.6587,-20.692
1.9038,371.148,0.00116427,-0.74607,-2.6643,22.8318,-21.8127
1.9038,371.148,0.00116447,-0.562144,-2.43211,23.9149,-22.8474
1.9038,371.148,0.00116466,-0.376,-2.19033,24.9035,-23.7919
1.9038,371.148,0.00116485,-0.188372,-1.9399,25.7939,-24.6425
