Amp, Phaseshift, Time, Vd, Vr, VL, VC
0.590915,372.027,0,0,0,0,0
0.590915,372.027,1.65289e-007,0.188372,0.00155679,0.188372,0
0.590915,372.027,3.30579e-007,0.376,0.00465136,0.374443,0.000514641
0.590915,372.027,4.95868e-007,0.562144,0.00925448,0.556978,0.00205228
0.590915,372.027,6.61157e-007,0.74607,0.0153269,0.734763,0.00511161
0.590915,372.027,8.26446e-007,0.927051,0.0228196,0.906612,0.0101784
0.590915,372.027,9.91736e-007,1.10437,0.0316739,1.07138,0.017722
0.590915,372.027,1.15702e-006,1.27734,0.0418222,1.22794,0.0281927
0.590915,372.027,1.32231e-006,1.44526,0.0531879,1.37525,0.0420183
0.590915,372.027,1.4876e-006,1.60748,0.065686,1.51227,0.059601
0.590915,372.027,1.65289e-006,1.76336,0.0792238,1.63807,0.0813154
0.590915,372.027,1.81818e-006,1.91227,0.0937009,1.75173,0.107505
0.590915,372.027,1.98347e-006,2.05364,0.10901,1.85244,0.138481
0.590915,372.027,2.14876e-006,2.18691,0.125038,1.93942,0.174517
0.590915,372.027,2.31405e-006,2.31154,0.141666,2.01198,0.215852
0.590915,372.027,2.47934e-006,2.42705,0.15877,2.06953,0.262684
0.590915,372.027,2.64463e-006,2.53298,0.176221,2.11153,0.31517
0.590915,372.027,2.80992e-006,2.62892,0.193886,2.13753,0.373425
0.590915,372.027,2.97521e-006,2.71448,0.211631,2.14717,0.437519
0.590915,372.027,3.1405e-006,2.78933,0.229319,2.14018,0.50748
0.590915,372.027,3.30579e-006,2.85317,0.24681,2.11637,0.583288
0.590915,372.027,3.47107e-006,2.90575,0.263964,2.07565,0.664878
0.590915,372.027,3.63636e-006,2.94686,0.280642,2.01802,0.752139
0.590915,372.027,3.80165e-006,2.97634,0.296704,1.94356,0.844913
0.590915,372.027,3.96694e-006,2.99408,0.312014,1.85246,0.942997
0.590915,372.027,4.13223e-006,3,0.326435,1.74499,1.04614
0.590915,372.027,4.29752e-006,2.99408,0.339836,1.6215,1.15405
0.590915,372.027,4.46281e-006,2.97634,0.352088,1.48245,1.2664
0.590915,372.027,4.6281e-006,2.94686,0.363066,1.32838,1.38279
0.590915,372.027,4.79339e-006,2.90575,0.372652,1.15989,1.50281
0.590915,372.027,4.95868e-006,2.85317,0.380732,0.977707,1.626
0.590915,372.027,5.12397e-006,2.78933,0.3872,0.782596,1.75186
0.590915,372.027,5.28926e-006,2.71448,0.391955,0.575418,1.87986
0.590915,372.027,5.45455e-006,2.62892,0.394907,0.357101,2.00944
0.590915,372.027,5.61983e-006,2.53298,0.39597,0.128642,2.13998
0.590915,372.027,5.78512e-006,2.42705,0.39507,-0.108902,2.27088
0.590915,372.027,5.95041e-006,2.31154,0.392141,-0.354412,2.40148
0.590915,372.027,6.1157e-006,2.18691,0.387126,-0.606718,2.53112
0.590915,372.027,6.28099e-006,2.05364,0.379981,-0.864602,2.65909
0.590915,372.027,6.44628e-006,1.91227,0.370669,-1.1268,2.78471
0.590915,372.027,6.61157e-006,1.76336,0.359164,-1.39202,2.90724
0.590915,372.027,6.77686e-006,1.60748,0.345454,-1.65893,3.02597
0.590915,372.027,6.94215e-006,1.44526,0.329535,-1.92617,3.14017
0.590915,372.027,7.10744e-006,1.27734,0.311417,-2.19237,3.24911
0.590915,372.027,7.27273e-006,1.10437,0.291118,-2.45615,3.35206
0.590915,372.027,7.43802e-006,0.927051,0.268671,-2.71612,3.4483
0.590915,372.027,7.60331e-006,0.74607,0.244118,-2.9709,3.53711
0.590915,372.027,7.7686e-006,0.562144,0.217514,-3.21909,3.61781
0.590915,372.027,7.93388e-006,0.376,0.188924,-3.45933,3.68972
0.590915,372.027,8.09917e-006,0.188372,0.158426,-3.69027,3.75217
0.590915,372.027,8.26446e-006,3.67382e-016,0.126107,-3.9106,3.80454
0.590915,372.027,8.42975e-006,-0.188372,0.0920656,-4.11902,3.84623
0.590915,372.027,8.59504e-006,-0.376,0.0564103,-4.3143,3.87667
0.590915,372.027,8.76033e-006,-0.562144,0.0192597,-4.49522,3.89532
0.590915,372.027,8.92562e-006,-0.74607,-0.019258,-4.66064,3.90168
0.590915,372.027,9.09091e-006,-0.927051,-0.0590058,-4.80948,3.89532
0.590915,372.027,9.2562e-006,-1.10437,-0.0998379,-4.94068,3.87581
0.590915,372.027,9.42149e-006,-1.27734,-0.141601,-5.05331,3.84281
0.590915,372.027,9.58678e-006,-1.44526,-0.184134,-5.14647,3.796
0.590915,372.027,9.75207e-006,-1.60748,-0.227269,-5.21934,3.73512
0.590915,372.027,9.91736e-006,-1.76336,-0.270832,-5.27121,3.65999
0.590915,372.027,1.00826e-005,-1.91227,-0.314646,-5.30143,3.57046
0.590915,372.027,1.02479e-005,-2.05364,-0.358526,-5.30946,3.46645
0.590915,372.027,1.04132e-005,-2.18691,-0.402285,-5.29483,3.34793
0.590915,372.027,1.05785e-005,-2.31154,-0.445732,-5.25718,3.21494
0.590915,372.027,1.07438e-005,-2.42705,-0.488677,-5.19626,3.06759
0.590915,372.027,1.09091e-005,-2.53298,-0.530924,-5.1119,2.90605
0.590915,372.027,1.10744e-005,-2.62892,-0.572279,-5.00404,2.73053
0.590915,372.027,1.12397e-005,-2.71448,-0.61255,-4.87273,2.54135
0.590915,372.027,1.1405e-005,-2.78933,-0.651543,-4.71813,2.33885
0.590915,372.027,1.15702e-005,-2.85317,-0.689067,-4.54048,2.12347
0.590915,372.027,1.17355e-005,-2.90575,-0.724936,-4.34015,1.89568
0.590915,372.027,1.19008e-005,-2.94686,-0.758966,-4.1176,1.65603
0.590915,372.027,1.20661e-005,-2.97634,-0.790978,-3.87341,1.40513
0.590915,372.027,1.22314e-005,-2.99408,-0.820798,-3.60823,1.14365
0.590915,372.027,1.23967e-005,-3,-0.84826,-3.32285,0.872312
0.590915,372.027,1.2562e-005,-2.99408,-0.873203,-3.01813,0.591896
0.590915,372.027,1.27273e-005,-2.97634,-0.895476,-2.69504,0.303234
0.590915,372.027,1.28926e-005,-2.94686,-0.914935,-2.35462,0.00720875
0.590915,372.027,1.30579e-005,-2.90575,-0.931448,-1.99802,-0.295249
0.590915,372.027,1.32231e-005,-2.85317,-0.94489,-1.62647,-0.603166
0.590915,372.027,1.33884e-005,-2.78933,-0.955148,-1.24127,-0.915526
0.590915,372.027,1.35537e-005,-2.71448,-0.962122,-0.843806,-1.23128
0.590915,372.027,1.3719e-005,-2.62892,-0.965721,-0.43552,-1.54933
0.590915,372.027,1.38843e-005,-2.53298,-0.96587,-0.0179277,-1.86858
0.590915,372.027,1.40496e-005,-2.42705,-0.962503,0.4074,-2.18788
0.590915,372.027,1.42149e-005,-2.31154,-0.95557,0.83884,-2.50606
0.590915,372.027,1.43802e-005,-2.18691,-0.945035,1.27472,-2.82195
0.590915,372.027,1.45455e-005,-2.05364,-0.930875,1.71334,-3.13436
0.590915,372.027,1.47107e-005,-1.91227,-0.913082,2.15296,-3.44209
0.590915,372.027,1.4876e-005,-1.76336,-0.891662,2.59181,-3.74393
0.590915,372.027,1.50413e-005,-1.60748,-0.866637,3.02811,-4.0387
0.590915,372.027,1.52066e-005,-1.44526,-0.838041,3.46007,-4.32519
0.590915,372.027,1.53719e-005,-1.27734,-0.805926,3.88589,-4.60223
0.590915,372.027,1.55372e-005,-1.10437,-0.770358,4.30378,-4.86865
0.590915,372.027,1.57025e-005,-0.927051,-0.731416,4.71195,-5.12331
0.590915,372.027,1.58678e-005,-0.74607,-0.689196,5.10866,-5.3651
0.590915,372.027,1.60331e-005,-0.562144,-0.643806,5.49215,-5.59294
0.590915,372.027,1.61983e-005,-0.376,-0.59537,5.86074,-5.80576
0.590915,372.027,1.63636e-005,-0.188372,-0.544025,6.21276,-6.00258
0.590915,372.027,1.65289e-005,-7.34764e-016,-0.489921,6.5466,-6.18242
0.590915,372.027,1.66942e-005,0.188372,-0.433221,6.86072,-6.34438
0.590915,372.027,1.68595e-005,0.376,-0.3741,7.1536,-6.48759
0.590915,372.027,1.70248e-005,0.562144,-0.312746,7.42384,-6.61126
0.590915,372.027,1.71901e-005,0.74607,-0.249357,7.67008,-6.71465
0.590915,372.027,1.73554e-005,0.927051,-0.184141,7.89106,-6.79708
0.590915,372.027,1.75207e-005,1.10437,-0.117318,8.0856,-6.85796
0.590915,372.027,1.7686e-005,1.27734,-0.0491149,8.25261,-6.89674
0.590915,372.027,1.78512e-005,1.44526,0.0202331,8.39111,-6.91297
0.590915,372.027,1.80165e-005,1.60748,0.0904829,8.50022,-6.90629
0.590915,372.027,1.81818e-005,1.76336,0.161385,8.57916,-6.87637
0.590915,372.027,1.83471e-005,1.91227,0.232685,8.62726,-6.82302
0.590915,372.027,1.85124e-005,2.05364,0.304123,8.64398,-6.7461
0.590915,372.027,1.86777e-005,2.18691,0.375436,8.62889,-6.64557
0.590915,372.027,1.8843e-005,2.31154,0.446359,8.58167,-6.52146
0.590915,372.027,1.90083e-005,2.42705,0.516624,8.50215,-6.3739
0.590915,372.027,1.91736e-005,2.53298,0.585965,8.39026,-6.20311
0.590915,372.027,1.93388e-005,2.62892,0.654115,8.24607,-6.00941
0.590915,372.027,1.95041e-005,2.71448,0.720807,8.06977,-5.79317
0.590915,372.027,1.96694e-005,2.78933,0.78578,7.86169,-5.55489
0.590915,372.027,1.98347e-005,2.85317,0.848774,7.62228,-5.29513
0.590915,372.027,2e-005,2.90575,0.909535,7.3521,-5.01454
0.590915,372.027,2.01653e-005,2.94686,0.967815,7.05187,-4.71387
0.590915,372.027,2.03306e-005,2.97634,1.02337,6.7224,-4.39393
0.590915,372.027,2.04959e-005,2.99408,1.07597,6.36464,-4.05562
0.590915,372.027,2.06612e-005,3,1.12539,5.97965,-3.69993
0.590915,372.027,2.08264e-005,2.99408,1.17141,5.56862,-3.3279
0.590915,372.027,2.09917e-005,2.97634,1.21383,5.13283,-2.94066
0.590915,372.027,2.1157e-005,2.94686,1.25246,4.67369,-2.53939
0.590915,372.027,2.13223e-005,2.90575,1.28711,4.19268,-2.12535
0.590915,372.027,2.14876e-005,2.85317,1.31762,3.69142,-1.69986
0.590915,372.027,2.16529e-005,2.78933,1.34383,3.17158,-1.26429
0.590915,372.027,2.18182e-005,2.71448,1.3656,2.63494,-0.820048
0.590915,372.027,2.19835e-005,2.62892,1.38282,2.08336,-0.368609
0.590915,372.027,2.21488e-005,2.53298,1.39537,1.51877,0.0885224
0.590915,372.027,2.2314e-005,2.42705,1.40317,0.943155,0.549803
0.590915,372.027,2.24793e-005,2.31154,1.40613,0.358569,1.01366
0.590915,372.027,2.26446e-005,2.18691,1.40421,-0.232885,1.4785
0.590915,372.027,2.28099e-005,2.05364,1.39735,-0.829062,1.9427
0.590915,372.027,2.29752e-005,1.91227,1.38555,-1.42778,2.40463
0.590915,372.027,2.31405e-005,1.76336,1.3688,-2.02683,2.86267
0.590915,372.027,2.33058e-005,1.60748,1.34712,-2.62399,3.31516
0.590915,372.027,2.34711e-005,1.44526,1.32053,-3.21702,3.76049
0.590915,372.027,2.36364e-005,1.27734,1.2891,-3.80369,4.19703
0.590915,372.027,2.38017e-005,1.10437,1.25288,-4.38175,4.62318
0.590915,372.027,2.39669e-005,0.927051,1.21198,-4.94901,5.03736
0.590915,372.027,2.41322e-005,0.74607,1.1665,-5.50327,5.43801
0.590915,372.027,2.42975e-005,0.562144,1.11656,-6.04237,5.82363
0.590915,372.027,2.44628e-005,0.376,1.06231,-6.5642,6.19274
0.590915,372.027,2.46281e-005,0.188372,1.00391,-7.06669,6.54392
0.590915,372.027,2.47934e-005,1.10215e-015,0.941533,-7.54783,6.87579
0.590915,372.027,2.49587e-005,-0.188372,0.87537,-8.0057,7.18704
0.590915,372.027,2.5124e-005,-0.376,0.805631,-8.43841,7.47642
0.590915,372.027,2.52893e-005,-0.562144,0.732539,-8.8442,7.74275
0.590915,372.027,2.54545e-005,-0.74607,0.656329,-9.22136,7.98491
0.590915,372.027,2.56198e-005,-0.927051,0.577252,-9.56829,8.20188
0.590915,372.027,2.57851e-005,-1.10437,0.495571,-9.8835,8.3927
0.590915,372.027,2.59504e-005,-1.27734,0.411557,-10.1656,8.55653
0.590915,372.027,2.61157e-005,-1.44526,0.325497,-10.4133,8.69258
0.590915,372.027,2.6281e-005,-1.60748,0.237682,-10.6256,8.80018
0.590915,372.027,2.64463e-005,-1.76336,0.148416,-10.8012,8.87876
0.590915,372.027,2.66116e-005,-1.91227,0.0580071,-10.9394,8.92782
0.590915,372.027,2.67769e-005,-2.05364,-0.0332282,-11.0395,8.94699
0.590915,372.027,2.69421e-005,-2.18691,-0.124969,-11.1007,8.93601
0.590915,372.027,2.71074e-005,-2.31154,-0.216891,-11.1226,8.8947
0.590915,372.027,2.72727e-005,-2.42705,-0.308667,-11.1049,8.823
0.590915,372.027,2.7438e-005,-2.53298,-0.399967,-11.0473,8.72096
0.590915,372.027,2.76033e-005,-2.62892,-0.490462,-10.9499,8.58874
0.590915,372.027,2.77686e-005,-2.71448,-0.579824,-10.8128,8.4266
0.590915,372.027,2.79339e-005,-2.78933,-0.667726,-10.6361,8.23493
0.590915,372.027,2.80992e-005,-2.85317,-0.753844,-10.4204,8.01419
0.590915,372.027,2.82645e-005,-2.90575,-0.837862,-10.1661,7.76498
0.590915,372.027,2.84298e-005,-2.94686,-0.919465,-9.87398,7.48801
0.590915,372.027,2.8595e-005,-2.97634,-0.998348,-9.54488,7.18405
0.590915,372.027,2.87603e-005,-2.99408,-1.07421,-9.17978,6.85402
0.590915,372.027,2.89256e-005,-3,-1.14677,-8.7798,6.49891
0.590915,372.027,2.90909e-005,-2.99408,-1.21575,-8.34621,6.11981
0.590915,372.027,2.92562e-005,-2.97634,-1.28088,-7.8804,5.71791
0.590915,372.027,2.94215e-005,-2.94686,-1.3419,-7.38389,5.29447
0.590915,372.027,2.95868e-005,-2.90575,-1.39858,-6.85832,4.85087
0.590915,372.027,2.97521e-005,-2.85317,-1.45069,-6.30546,4.38853
0.590915,372.027,2.99174e-005,-2.78933,-1.49803,-5.72716,3.90896
0.590915,372.027,3.00826e-005,-2.71448,-1.54038,-5.12542,3.41374
0.590915,372.027,3.02479e-005,-2.62892,-1.57759,-4.50228,2.90453
0.590915,372.027,3.04132e-005,-2.53298,-1.60949,-3.85992,2.38301
0.590915,372.027,3.05785e-005,-2.42705,-1.63595,-3.20056,1.85094
0.590915,372.027,3.07438e-005,-2.31154,-1.65683,-2.52654,1.31014
0.590915,372.027,3.09091e-005,-2.18691,-1.67203,-1.84022,0.762425
0.590915,372.027,3.10744e-005,-2.05364,-1.68149,-1.14403,0.209686
0.590915,372.027,3.12397e-005,-1.91227,-1.68513,-0.44047,-0.346178
0.590915,372.027,3.1405e-005,-1.76336,-1.68291,0.267951,-0.903245
0.590915,372.027,3.15702e-005,-1.60748,-1.67483,0.978679,-1.45958
0.590915,372.027,3.17355e-005,-1.44526,-1.66087,1.68915,-2.01324
0.590915,372.027,3.19008e-005,-1.27734,-1.64106,2.39677,-2.56229
0.590915,372.027,3.20661e-005,-1.10437,-1.61545,3.09897,-3.10479
0.590915,372.027,3.22314e-005,-0.927051,-1.5841,3.79318,-3.63882
0.590915,372.027,3.23967e-005,-0.74607,-1.5471,4.47685,-4.16249
0.590915,372.027,3.2562e-005,-0.562144,-1.50456,5.14744,-4.67393
0.590915,372.027,3.27273e-005,-0.376,-1.4566,5.80249,-5.1713
0.590915,372.027,3.28926e-005,-0.188372,-1.40339,6.43953,-5.65282
0.590915,372.027,3.30579e-005,-1.46953e-015,-1.34507,7.05621,-6.11675
0.590915,372.027,3.32231e-005,0.188372,-1.28184,7.65019,-6.5614
0.590915,372.027,3.33884e-005,0.376,-1.21392,8.21925,-6.98515
0.590915,372.027,3.35537e-005,0.562144,-1.14151,8.76121,-7.38645
0.590915,372.027,3.3719e-005,0.74607,-1.06487,9.27403,-7.76381
0.590915,372.027,3.38843e-005,0.927051,-0.984239,9.75572,-8.11583
0.590915,372.027,3.40496e-005,1.10437,-0.899905,10.2044,-8.4412
0.590915,372.027,3.42149e-005,1.27734,-0.81215,10.6184,-8.73869
0.590915,372.027,3.43802e-005,1.44526,-0.721273,10.9961,-9.00717
0.590915,372.027,3.45455e-005,1.60748,-0.627587,11.3359,-9.2456
0.590915,372.027,3.47107e-005,1.76336,-0.531418,11.6365,-9.45307
0.590915,372.027,3.4876e-005,1.91227,-0.433097,11.8968,-9.62874
0.590915,372.027,3.50413e-005,2.05364,-0.332969,12.1155,-9.77192
0.590915,372.027,3.52066e-005,2.18691,-0.231384,12.2918,-9.88199
0.590915,372.027,3.53719e-005,2.31154,-0.128699,12.4249,-9.95848
0.590915,372.027,3.55372e-005,2.42705,-0.0252756,12.5142,-10.001
0.590915,372.027,3.57025e-005,2.53298,0.0785201,12.5593,-10.0094
0.590915,372.027,3.58678e-005,2.62892,0.18232,12.5598,-9.98342
0.590915,372.027,3.60331e-005,2.71448,0.285755,12.5156,-9.92315
0.590915,372.027,3.61983e-005,2.78933,0.388455,12.4267,-9.82869
0.590915,372.027,3.63636e-005,2.85317,0.490053,12.2934,-9.70027
0.590915,372.027,3.65289e-005,2.90575,0.590185,12.116,-9.53827
0.590915,372.027,3.66942e-005,2.94686,0.688491,11.8949,-9.34317
0.590915,372.027,3.68595e-005,2.97634,0.784615,11.631,-9.11557
0.590915,372.027,3.70248e-005,2.99408,0.87821,11.325,-8.85619
0.590915,372.027,3.71901e-005,3,0.968937,10.978,-8.56588
0.590915,372.027,3.73554e-005,2.99408,1.05647,10.591,-8.24557
0.590915,372.027,3.75207e-005,2.97634,1.14048,10.1654,-7.89632
0.590915,372.027,3.7686e-005,2.94686,1.22067,9.7027,-7.5193
0.590915,372.027,3.78512e-005,2.90575,1.29674,9.20439,-7.11578
0.590915,372.027,3.80165e-005,2.85317,1.36841,8.67221,-6.68711
0.590915,372.027,3.81818e-005,2.78933,1.43541,8.10803,-6.23474
0.590915,372.027,3.83471e-005,2.71448,1.49751,7.51381,-5.76022
0.590915,372.027,3.85124e-005,2.62892,1.55447,6.89163,-5.26518
0.590915,372.027,3.86777e-005,2.53298,1.60607,6.24369,-4.7513
0.590915,372.027,3.8843e-005,2.42705,1.65212,5.57229,-4.22037
0.590915,372.027,3.90083e-005,2.31154,1.69245,4.87979,-3.67422
0.590915,372.027,3.91736e-005,2.18691,1.7269,4.16867,-3.11473
0.590915,372.027,3.93388e-005,2.05364,1.75534,3.44147,-2.54385
0.590915,372.027,3.95041e-005,1.91227,1.77766,2.70078,-1.96357
0.590915,372.027,3.96694e-005,1.76336,1.79377,1.94926,-1.37592
0.590915,372.027,3.98347e-005,1.60748,1.8036,1.18962,-0.782932
0.590915,372.027,4e-005,1.44526,1.80711,0.424589,-0.186699
0.590915,372.027,4.01653e-005,1.27734,1.80428,-0.343077,0.410694
0.590915,372.027,4.03306e-005,1.10437,1.7951,-1.1106,1.00715
0.590915,372.027,4.04959e-005,0.927051,1.7796,-1.8752,1.60057
0.590915,372.027,4.06612e-005,0.74607,1.75783,-2.6341,2.18887
0.590915,372.027,4.08264e-005,0.562144,1.72986,-3.38456,2.76997
0.590915,372.027,4.09917e-005,0.376,1.69578,-4.12383,3.34183
0.590915,372.027,4.1157e-005,0.188372,1.6557,-4.84924,3.90241
0.590915,372.027,4.13223e-005,7.16598e-015,1.60977,-5.55812,4.44975
0.590915,372.027,4.14876e-005,-0.188372,1.55813,-6.2479,4.98191
0.590915,372.027,4.16529e-005,-0.376,1.50098,-6.91604,5.497
0.590915,372.027,4.18182e-005,-0.562144,1.4385,-7.56012,5.99319
0.590915,372.027,4.19835e-005,-0.74607,1.37091,-8.17775,6.46872
0.590915,372.027,4.21488e-005,-0.927051,1.29846,-8.76668,6.92192
0.590915,372.027,4.2314e-005,-1.10437,1.2214,-9.32475,7.35116
0.590915,372.027,4.24793e-005,-1.27734,1.13999,-9.84989,7.75493
0.590915,372.027,4.26446e-005,-1.44526,1.05454,-10.3402,8.13178
0.590915,372.027,4.28099e-005,-1.60748,0.96533,-10.7938,8.48039
0.590915,372.027,4.29752e-005,-1.76336,0.872693,-11.2091,8.79951
0.590915,372.027,4.31405e-005,-1.91227,0.776954,-11.5845,9.088
0.590915,372.027,4.33058e-005,-2.05364,0.678453,-11.9186,9.34484
0.590915,372.027,4.34711e-005,-2.18691,0.577542,-12.2102,9.56913
0.590915,372.027,4.36364e-005,-2.31154,0.474582,-12.4582,9.76005
0.590915,372.027,4.38017e-005,-2.42705,0.36994,-12.6617,9.91694
0.590915,372.027,4.39669e-005,-2.53298,0.263991,-12.8199,10.0392
0.590915,372.027,4.41322e-005,-2.62892,0.157113,-12.9321,10.1265
0.590915,372.027,4.42975e-005,-2.71448,0.0496912,-12.9981,10.1784
0.590915,372.027,4.44628e-005,-2.78933,-0.0578911,-13.0175,10.1949
0.590915,372.027,4.46281e-005,-2.85317,-0.165248,-12.9901,10.1757
0.590915,372.027,4.47934e-005,-2.90575,-0.271993,-12.9162,10.1211
0.590915,372.027,4.49587e-005,-2.94686,-0.377745,-12.796,10.0312
0.590915,372.027,4.5124e-005,-2.97634,-0.482124,-12.6298,9.90631
0.590915,372.027,4.52893e-005,-2.99408,-0.584754,-12.4183,9.74693
0.590915,372.027,4.54545e-005,-3,-0.685268,-12.1622,9.55362
0.590915,372.027,4.56198e-005,-2.99408,-0.783304,-11.8624,9.32709
0.590915,372.027,4.57851e-005,-2.97634,-0.878512,-11.5201,9.06815
0.590915,372.027,4.59504e-005,-2.94686,-0.970549,-11.1365,8.77773
0.590915,372.027,4.61157e-005,-2.90575,-1.05909,-10.7129,8.45689
0.590915,372.027,4.6281e-005,-2.85317,-1.1438,-10.251,8.10677
0.590915,372.027,4.64463e-005,-2.78933,-1.2244,-9.7523,7.72866
0.590915,372.027,4.66116e-005,-2.71448,-1.30059,-9.21874,7.3239
0.590915,372.027,4.67769e-005,-2.62892,-1.3721,-8.65223,6.89395
0.590915,372.027,4.69421e-005,-2.53298,-1.43866,-8.05484,6.44036
0.590915,372.027,4.71074e-005,-2.42705,-1.50006,-7.42875,5.96477
0.590915,372.027,4.72727e-005,-2.31154,-1.55606,-6.77625,5.46888
0.590915,372.027,4.7438e-005,-2.18691,-1.60647,-6.09973,4.95448
0.590915,372.027,4.76033e-005,-2.05364,-1.65111,-5.40165,4.42342
0.590915,372.027,4.77686e-005,-1.91227,-1.68983,-4.68458,3.8776
0.590915,372.027,4.79339e-005,-1.76336,-1.72248,-3.95112,3.31897
0.590915,372.027,4.80992e-005,-1.60748,-1.74896,-3.20397,2.74956
0.590915,372.027,4.82645e-005,-1.44526,-1.76918,-2.44586,2.17139
0.590915,372.027,4.84298e-005,-1.27734,-1.78306,-1.67955,1.58654
0.590915,372.027,4.8595e-005,-1.10437,-1.79056,-0.907853,0.997096
0.590915,372.027,4.87603e-005,-0.927051,-1.79166,-0.133587,0.405176
0.590915,372.027,4.89256e-005,-0.74607,-1.78637,0.640419,-0.18711
0.590915,372.027,4.90909e-005,-0.562144,-1.77471,1.41134,-0.777646
0.590915,372.027,4.92562e-005,-0.376,-1.75672,2.17635,-1.36433
0.590915,372.027,4.94215e-005,-0.188372,-1.73248,2.93268,-1.94506
0.590915,372.027,4.95868e-005,-2.20429e-015,-1.70209,3.67754,-2.51778
0.590915,372.027,4.97521e-005,0.188372,-1.66566,4.40824,-3.08046
0.590915,372.027,4.99174e-005,0.376,-1.62333,5.12212,-3.63109
0.590915,372.027,5.00826e-005,0.562144,-1.57526,5.81656,-4.16773
0.590915,372.027,5.02479e-005,0.74607,-1.52163,6.48905,-4.68847
0.590915,372.027,5.04132e-005,0.927051,-1.46264,7.13715,-5.19149
0.590915,372.027,5.05785e-005,1.10437,-1.39852,7.75851,-5.67501
0.590915,372.027,5.07438e-005,1.27734,-1.32951,8.35087,-6.13733
0.590915,372.027,5.09091e-005,1.44526,-1.25585,8.9121,-6.57684
0.590915,372.027,5.10744e-005,1.60748,-1.17784,9.44017,-6.992
0.590915,372.027,5.12397e-005,1.76336,-1.09574,9.93319,-7.38136
0.590915,372.027,5.1405e-005,1.91227,-1.00988,10.3894,-7.74359
0.590915,372.027,5.15702e-005,2.05364,-0.920567,10.8071,-8.07744
0.590915,372.027,5.17355e-005,2.18691,-0.828129,11.1849,-8.38176
0.590915,372.027,5.19008e-005,2.31154,-0.732911,11.5214,-8.65552
0.590915,372.027,5.20661e-005,2.42705,-0.635262,11.8155,-8.8978
0.590915,372.027,5.22314e-005,2.53298,-0.535543,12.066,-9.10781
0.590915,372.027,5.23967e-005,2.62892,-0.434119,12.2723,-9.28485
0.590915,372.027,5.2562e-005,2.71448,-0.331364,12.4334,-9.42836
0.590915,372.027,5.27273e-005,2.78933,-0.227652,12.549,-9.5379
0.590915,372.027,5.28926e-005,2.85317,-0.123365,12.6187,-9.61316
0.590915,372.027,5.30579e-005,2.90575,-0.0188838,12.6423,-9.65394
0.590915,372.027,5.32231e-005,2.94686,0.0854111,12.6197,-9.66018
0.590915,372.027,5.33884e-005,2.97634,0.189139,12.5511,-9.63194
0.590915,372.027,5.35537e-005,2.99408,0.291923,12.4369,-9.56942
0.590915,372.027,5.3719e-005,3,0.39339,12.2775,-9.47292
0.590915,372.027,5.38843e-005,2.99408,0.493172,12.0736,-9.34287
0.590915,372.027,5.40496e-005,2.97634,0.590908,11.826,-9.17984
0.590915,372.027,5.42149e-005,2.94686,0.686245,11.5358,-8.9845
0.590915,372.027,5.43802e-005,2.90575,0.77884,11.204,-8.75764
0.590915,372.027,5.45455e-005,2.85317,0.868361,10.832,-8.50017
0.590915,372.027,5.47107e-005,2.78933,0.954486,10.4211,-8.21311
0.590915,372.027,5.4876e-005,2.71448,1.03691,9.9731,-7.89758
0.590915,372.027,5.50413e-005,2.62892,1.11533,9.48959,-7.5548
0.590915,372.027,5.52066e-005,2.53298,1.18949,8.97245,-7.18609
0.590915,372.027,5.53719e-005,2.42705,1.2591,8.42366,-6.79287
0.590915,372.027,5.55372e-005,2.31154,1.32394,7.84531,-6.37664
0.590915,372.027,5.57025e-005,2.18691,1.38377,7.2396,-5.93897
0.590915,372.027,5.58678e-005,2.05364,1.43839,6.60884,-5.48153
0.590915,372.027,5.60331e-005,1.91227,1.48761,5.95541,-5.00603
0.590915,372.027,5.61983e-005,1.76336,1.53126,5.28177,-4.51425
0.590915,372.027,5.63636e-005,1.60748,1.5692,4.59047,-4.00805
0.590915,372.027,5.65289e-005,1.44526,1.6013,3.88412,-3.48931
0.590915,372.027,5.66942e-005,1.27734,1.62746,3.16535,-2.95995
0.590915,372.027,5.68595e-005,1.10437,1.6476,2.43687,-2.42195
0.590915,372.027,5.70248e-005,0.927051,1.66166,1.70141,-1.87729
0.590915,372.027,5.71901e-005,0.74607,1.66961,0.961703,-1.32798
0.590915,372.027,5.73554e-005,0.562144,1.67143,0.22052,-0.776047
0.590915,372.027,5.75207e-005,0.376,1.66714,-0.519383,-0.223508
0.590915,372.027,5.7686e-005,0.188372,1.65676,-1.25526,0.327611
0.590915,372.027,5.78512e-005,2.57167e-015,1.64036,-1.98437,0.875302
0.590915,372.027,5.80165e-005,-0.188372,1.61802,-2.70404,1.41757
0.590915,372.027,5.81818e-005,-0.376,1.58982,-3.41159,1.95245
0.590915,372.027,5.83471e-005,-0.562144,1.5559,-4.10442,2.47801
0.590915,372.027,5.85124e-005,-0.74607,1.5164,-4.77998,2.99236
0.590915,372.027,5.86777e-005,-0.927051,1.47147,-5.43581,3.49365
0.590915,372.027,5.8843e-005,-1.10437,1.42131,-6.06949,3.98008
0.590915,372.027,5.90083e-005,-1.27734,1.36611,-6.67873,4.44994
0.590915,372.027,5.91736e-005,-1.44526,1.3061,-7.26131,4.90155
0.590915,372.027,5.93388e-005,-1.60748,1.24152,-7.81513,5.33332
0.590915,372.027,5.95041e-005,-1.76336,1.17261,-8.33819,5.74374
0.590915,372.027,5.96694e-005,-1.91227,1.09964,-8.82861,6.13137
0.590915,372.027,5.98347e-005,-2.05364,1.02291,-9.28466,6.49489
0.590915,372.027,6e-005,-2.18691,0.942705,-9.70471,6.83304
0.590915,372.027,6.01653e-005,-2.31154,0.859339,-10.0873,7.14468
0.590915,372.027,6.03306e-005,-2.42705,0.773132,-10.4311,7.42876
0.590915,372.027,6.04959e-005,-2.53298,0.684414,-10.7349,7.68434
0.590915,372.027,6.06612e-005,-2.62892,0.593524,-10.9977,7.91059
0.590915,372.027,6.08264e-005,-2.71448,0.500808,-11.2186,8.1068
0.590915,372.027,6.09917e-005,-2.78933,0.406618,-11.3969,8.27236
0.590915,372.027,6.1157e-005,-2.85317,0.311311,-11.5321,8.40677
0.590915,372.027,6.13223e-005,-2.90575,0.215247,-11.6238,8.50969
0.590915,372.027,6.14876e-005,-2.94686,0.118786,-11.6718,8.58084
0.590915,372.027,6.16529e-005,-2.97634,0.0222899,-11.676,8.62011
0.590915,372.027,6.18182e-005,-2.99408,-0.0738794,-11.6365,8.62748
0.590915,372.027,6.19835e-005,-3,-0.169364,-11.5536,8.60306
0.590915,372.027,6.21488e-005,-2.99408,-0.263808,-11.4278,8.54707
0.590915,372.027,6.2314e-005,-2.97634,-0.356863,-11.2596,8.45986
0.590915,372.027,6.24793e-005,-2.94686,-0.448184,-11.0499,8.34189
0.590915,372.027,6.26446e-005,-2.90575,-0.537436,-10.7995,8.19373
0.590915,372.027,6.28099e-005,-2.85317,-0.624291,-10.5095,8.01606
0.590915,372.027,6.29752e-005,-2.78933,-0.708432,-10.1811,7.80969
0.590915,372.027,6.31405e-005,-2.71448,-0.789554,-9.81574,7.57549
0.590915,372.027,6.33058e-005,-2.62892,-0.867362,-9.41486,7.31449
0.590915,372.027,6.34711e-005,-2.53298,-0.941578,-8.98011,7.02775
0.590915,372.027,6.36364e-005,-2.42705,-1.01194,-8.51323,6.71649
0.590915,372.027,6.38017e-005,-2.31154,-1.07818,-8.01609,6.38196
0.590915,372.027,6.39669e-005,-2.18691,-1.14009,-7.49069,6.02554
0.590915,372.027,6.41322e-005,-2.05364,-1.19744,-6.93909,5.64865
0.590915,372.027,6.42975e-005,-1.91227,-1.25003,-6.36348,5.2528
0.590915,372.027,6.44628e-005,-1.76336,-1.29768,-5.76613,4.83957
0.590915,372.027,6.46281e-005,-1.60748,-1.34024,-5.14937,4.41058
0.590915,372.027,6.47934e-005,-1.44526,-1.37756,-4.5156,3.96753
0.590915,372.027,6.49587e-005,-1.27734,-1.40952,-3.86731,3.51214
0.590915,372.027,6.5124e-005,-1.10437,-1.43602,-3.20699,3.04618
0.590915,372.027,6.52893e-005,-0.927051,-1.45699,-2.53721,2.57146
0.590915,372.027,6.54545e-005,-0.74607,-1.47237,-1.86054,2.08981
0.590915,372.027,6.56198e-005,-0.562144,-1.48212,-1.17959,1.60308
0.590915,372.027,6.57851e-005,-0.376,-1.48623,-0.496959,1.11312
0.590915,372.027,6.59504e-005,-0.188372,-1.4847,0.184732,0.621807
0.590915,372.027,6.61157e-005,-2.93906e-015,-1.47757,0.862891,0.130998
0.590915,372.027,6.6281e-005,0.188372,-1.46488,1.53494,-0.357454
0.590915,372.027,6.64463e-005,0.376,-1.44671,2.19834,-0.841713
0.590915,372.027,6.66116e-005,0.562144,-1.42316,2.85057,-1.31996
0.590915,372.027,6.67769e-005,0.74607,-1.39432,3.48919,-1.79043
0.590915,372.027,6.69421e-005,0.927051,-1.36034,4.1118,-2.25136
0.590915,372.027,6.71074e-005,1.10437,-1.32136,4.71607,-2.70106
0.590915,372.027,6.72727e-005,1.27734,-1.27756,5.29976,-3.13787
0.590915,372.027,6.7438e-005,1.44526,-1.22913,5.8607,-3.56021
0.590915,372.027,6.76033e-005,1.60748,-1.17626,6.39681,-3.96653
0.590915,372.027,6.77686e-005,1.76336,-1.11918,6.90615,-4.35538
0.590915,372.027,6.79339e-005,1.91227,-1.05814,7.38683,-4.72535
0.590915,372.027,6.80992e-005,2.05364,-0.993366,7.83713,-5.07515
0.590915,372.027,6.82645e-005,2.18691,-0.92514,8.25542,-5.40354
0.590915,372.027,6.84298e-005,2.31154,-0.853733,8.64022,-5.70937
0.590915,372.027,6.8595e-005,2.42705,-0.779434,8.99015,-5.99159
0.590915,372.027,6.87603e-005,2.53298,-0.702542,9.30401,-6.24926
0.590915,372.027,6.89256e-005,2.62892,-0.623362,9.58072,-6.4815
0.590915,372.027,6.90909e-005,2.71448,-0.54221,9.81935,-6.68757
0.590915,372.027,6.92562e-005,2.78933,-0.459408,10.0191,-6.86682
0.590915,372.027,6.94215e-005,2.85317,-0.375281,10.1794,-7.01869
0.590915,372.027,6.95868e-005,2.90575,-0.290159,10.2997,-7.14275
0.590915,372.027,6.97521e-005,2.94686,-0.204376,10.3798,-7.23867
0.590915,372.027,6.99174e-005,2.97634,-0.118265,10.4194,-7.30623
0.590915,372.027,7.00826e-005,2.99408,-0.0321612,10.4186,-7.34533
0.590915,372.027,7.02479e-005,3,0.0536032,10.3775,-7.35596
0.590915,372.027,7.04132e-005,2.99408,0.138698,10.2964,-7.33824
0.590915,372.027,7.05785e-005,2.97634,0.222796,10.1759,-7.29239
0.590915,372.027,7.07438e-005,2.94686,0.305576,10.0165,-7.21874
0.590915,372.027,7.09091e-005,2.90575,0.386724,9.81891,-7.11772
0.590915,372.027,7.10744e-005,2.85317,0.465932,9.58416,-6.98988
0.590915,372.027,7.12397e-005,2.78933,0.542902,9.31327,-6.83585
0.590915,372.027,7.1405e-005,2.71448,0.617343,9.00743,-6.65638
0.590915,372.027,7.15702e-005,2.62892,0.688979,8.66795,-6.4523
0.590915,372.027,7.17355e-005,2.53298,0.757544,8.2963,-6.22453
0.590915,372.027,7.19008e-005,2.42705,0.822784,7.89404,-5.97411
0.590915,372.027,7.20661e-005,2.31154,0.88446,7.46286,-5.70211
0.590915,372.027,7.22314e-005,2.18691,0.942349,7.00456,-5.40973
0.590915,372.027,7.23967e-005,2.05364,0.996242,6.52102,-5.09821
0.590915,372.027,7.2562e-005,1.91227,1.04595,6.01424,-4.76887
0.590915,372.027,7.27273e-005,1.76336,1.09129,5.48628,-4.4231
0.590915,372.027,7.28926e-005,1.60748,1.13211,4.9393,-4.06235
0.590915,372.027,7.30579e-005,1.44526,1.16827,4.3755,-3.6881
0.590915,372.027,7.32231e-005,1.27734,1.19965,3.79717,-3.30189
0.590915,372.027,7.33884e-005,1.10437,1.22615,3.20662,-2.90531
0.590915,372.027,7.35537e-005,0.927051,1.24769,2.60621,-2.49997
0.590915,372.027,7.3719e-005,0.74607,1.26421,1.99835,-2.08752
0.590915,372.027,7.38843e-005,0.562144,1.27566,1.38545,-1.6696
0.590915,372.027,7.40496e-005,0.376,1.28202,0.76994,-1.24789
0.590915,372.027,7.42149e-005,0.188372,1.28329,0.154244,-0.824083
0.590915,372.027,7.43802e-005,3.30644e-015,1.2795,-0.459211,-0.399854
0.590915,372.027,7.45455e-005,-0.188372,1.27067,-1.06802,0.0231208
0.590915,372.027,7.47107e-005,-0.376,1.25687,-1.66979,0.443178
0.590915,372.027,7.4876e-005,-0.562144,1.23818,-2.26219,0.858673
0.590915,372.027,7.50413e-005,-0.74607,1.21468,-2.84292,1.26799
0.590915,372.027,7.52066e-005,-0.927051,1.1865,-3.40972,1.66953
0.590915,372.027,7.53719e-005,-1.10437,1.15377,-3.96041,2.06177
0.590915,372.027,7.55372e-005,-1.27734,1.11664,-4.49288,2.44318
0.590915,372.027,7.57025e-005,-1.44526,1.07528,-5.00508,2.81232
0.590915,372.027,7.58678e-005,-1.60748,1.02986,-5.49507,3.16778
0.590915,372.027,7.60331e-005,-1.76336,0.980597,-5.961,3.50823
0.590915,372.027,7.61983e-005,-1.91227,0.927696,-6.4011,3.83239
0.590915,372.027,7.63636e-005,-2.05364,0.871384,-6.81373,4.13907
0.590915,372.027,7.65289e-005,-2.18691,0.811902,-7.19736,4.42713
0.590915,372.027,7.66942e-005,-2.31154,0.7495,-7.55057,4.69553
0.590915,372.027,7.68595e-005,-2.42705,0.684442,-7.87208,4.9433
0.590915,372.027,7.70248e-005,-2.53298,0.616998,-8.16072,5.16956
0.590915,372.027,7.71901e-005,-2.62892,0.547448,-8.41548,5.37352
0.590915,372.027,7.73554e-005,-2.71448,0.476081,-8.63545,5.5545
0.590915,372.027,7.75207e-005,-2.78933,0.403189,-8.81991,5.71188
0.590915,372.027,7.7686e-005,-2.85317,0.329071,-8.96824,5.84517
0.590915,372.027,7.78512e-005,-2.90575,0.25403,-9.07999,5.95395
0.590915,372.027,7.80165e-005,-2.94686,0.17837,-9.15484,6.03793
0.590915,372.027,7.81818e-005,-2.97634,0.102398,-9.19264,6.09689
0.590915,372.027,7.83471e-005,-2.99408,0.0264198,-9.19337,6.13074
0.590915,372.027,7.85124e-005,-3,-0.0492592,-9.15716,6.13948
0.590915,372.027,7.86777e-005,-2.99408,-0.124336,-9.0843,6.12319
0.590915,372.027,7.8843e-005,-2.97634,-0.198511,-8.9752,6.08209
0.590915,372.027,7.90083e-005,-2.94686,-0.27149,-8.83044,6.01647
0.590915,372.027,7.91736e-005,-2.90575,-0.342984,-8.65073,5.92672
0.590915,372.027,7.93388e-005,-2.85317,-0.41271,-8.4369,5.81334
0.590915,372.027,7.95041e-005,-2.78933,-0.480396,-8.18995,5.6769
0.590915,372.027,7.96694e-005,-2.71448,-0.545776,-7.91099,5.51809
0.590915,372.027,7.98347e-005,-2.62892,-0.608596,-7.60124,5.33767
0.590915,372.027,8e-005,-2.53298,-0.668613,-7.26206,5.13648
0.590915,372.027,8.01653e-005,-2.42705,-0.725596,-6.89492,4.91545
0.590915,372.027,8.03306e-005,-2.31154,-0.779326,-6.5014,4.67559
0.590915,372.027,8.04959e-005,-2.18691,-0.829601,-6.08317,4.41796
0.590915,372.027,8.06612e-005,-2.05364,-0.876229,-5.642,4.14371
0.590915,372.027,8.08264e-005,-1.91227,-0.919036,-5.17975,3.85405
0.590915,372.027,8.09917e-005,-1.76336,-0.957866,-4.69837,3.55023
0.590915,372.027,8.1157e-005,-1.60748,-0.992575,-4.19985,3.23358
0.590915,372.027,8.13223e-005,-1.44526,-1.02304,-3.68627,2.90546
0.590915,372.027,8.14876e-005,-1.27734,-1.04915,-3.15976,2.56727
0.590915,372.027,8.16529e-005,-1.10437,-1.07083,-2.62248,2.22044
0.590915,372.027,8.18182e-005,-0.927051,-1.08799,-2.07666,1.86645
0.590915,372.027,8.19835e-005,-0.74607,-1.10059,-1.52452,1.50678
0.590915,372.027,8.21488e-005,-0.562144,-1.10859,-0.968333,1.14295
0.590915,372.027,8.2314e-005,-0.376,-1.11198,-0.410355,0.776471
0.590915,372.027,8.24793e-005,-0.188372,-1.11077,0.147141,0.408873
0.590915,372.027,8.26446e-005,-1.4332e-014,-1.10497,0.701895,0.0416771
0.590915,372.027,8.28099e-005,0.188372,-1.09462,1.25166,-0.323601
0.590915,372.027,8.29752e-005,0.376,-1.07979,1.79422,-0.68546
0.590915,372.027,8.31405e-005,0.562144,-1.06056,2.3274,-1.04242
0.590915,372.027,8.33058e-005,0.74607,-1.03701,2.84905,-1.39301
0.590915,372.027,8.34711e-005,0.927051,-1.00927,3.35708,-1.73583
0.590915,372.027,8.36364e-005,1.10437,-0.977455,3.84947,-2.06947
0.590915,372.027,8.38017e-005,1.27734,-0.941718,4.32427,-2.3926
0.590915,372.027,8.39669e-005,1.44526,-0.902217,4.77958,-2.70391
0.590915,372.027,8.41322e-005,1.60748,-0.859129,5.21361,-3.00216
0.590915,372.027,8.42975e-005,1.76336,-0.812645,5.62465,-3.28617
0.590915,372.027,8.44628e-005,1.91227,-0.762966,6.01109,-3.55482
0.590915,372.027,8.46281e-005,2.05364,-0.71031,6.37142,-3.80704
0.590915,372.027,8.47934e-005,2.18691,-0.654903,6.70425,-4.04185
0.590915,372.027,8.49587e-005,2.31154,-0.596983,7.00829,-4.25835
0.590915,372.027,8.5124e-005,2.42705,-0.536798,7.28238,-4.4557
0.590915,372.027,8.52893e-005,2.53298,-0.474604,7.52548,-4.63315
0.590915,372.027,8.54545e-005,2.62892,-0.410665,7.73667,-4.79004
0.590915,372.027,8.56198e-005,2.71448,-0.34525,7.91519,-4.9258
0.590915,372.027,8.57851e-005,2.78933,-0.278635,8.06038,-5.03993
0.590915,372.027,8.59504e-005,2.85317,-0.2111,8.17174,-5.13204
0.590915,372.027,8.61157e-005,2.90575,-0.142927,8.24889,-5.20183
0.590915,372.027,8.6281e-005,2.94686,-0.0744017,8.29162,-5.24908
0.590915,372.027,8.64463e-005,2.97634,-0.00580811,8.29982,-5.27367
0.590915,372.027,8.66116e-005,2.99408,0.0625684,8.27356,-5.27559
0.590915,372.027,8.67769e-005,3,0.130445,8.21302,-5.25491
0.590915,372.027,8.69421e-005,2.99408,0.19754,8.11854,-5.21179
0.590915,372.027,8.71074e-005,2.97634,0.263578,7.99059,-5.14648
0.590915,372.027,8.72727e-005,2.94686,0.328287,7.82977,-5.05935
0.590915,372.027,8.7438e-005,2.90575,0.391401,7.63681,-4.95083
0.590915,372.027,8.76033e-005,2.85317,0.452662,7.4126,-4.82144
0.590915,372.027,8.77686e-005,2.78933,0.51182,7.15811,-4.6718
0.590915,372.027,8.79339e-005,2.71448,0.568634,6.87446,-4.5026
0.590915,372.027,8.80992e-005,2.62892,0.622872,6.56289,-4.31462
0.590915,372.027,8.82645e-005,2.53298,0.674317,6.22473,-4.10871
0.590915,372.027,8.84298e-005,2.42705,0.722758,5.86145,-3.8858
0.590915,372.027,8.8595e-005,2.31154,0.768003,5.47458,-3.64687
0.590915,372.027,8.87603e-005,2.18691,0.809869,5.06577,-3.39299
0.590915,372.027,8.89256e-005,2.05364,0.848189,4.63676,-3.12526
0.590915,372.027,8.90909e-005,1.91227,0.882812,4.18934,-2.84487
0.590915,372.027,8.92562e-005,1.76336,0.9136,3.72541,-2.55303
0.590915,372.027,8.94215e-005,1.60748,0.940434,3.24691,-2.25101
0.590915,372.027,8.95868e-005,1.44526,0.96321,2.75584,-1.94013
0.590915,372.027,8.97521e-005,1.27734,0.98184,2.25425,-1.62171
0.590915,372.027,8.99174e-005,1.10437,0.996255,1.74424,-1.29713
0.590915,372.027,9.00826e-005,0.927051,1.0064,1.22793,-0.967793
0.590915,372.027,9.02479e-005,0.74607,1.01225,0.70746,-0.635098
0.590915,372.027,9.04132e-005,0.562144,1.01378,0.184992,-0.30047
0.590915,372.027,9.05785e-005,0.376,1.01099,-0.337309,0.0346635
0.590915,372.027,9.07438e-005,0.188372,1.00391,-0.857283,0.368875
0.590915,372.027,9.09091e-005,1.46993e-014,0.992561,-1.37278,0.700745
0.590915,372.027,9.10744e-005,-0.188372,0.97701,-1.88168,1.02886
0.590915,372.027,9.12397e-005,-0.376,0.957325,-2.38187,1.35184
0.590915,372.027,9.1405e-005,-0.562144,0.933595,-2.87131,1.66831
0.590915,372.027,9.15702e-005,-0.74607,0.905926,-3.34798,1.97694
0.590915,372.027,9.17355e-005,-0.927051,0.874439,-3.80992,2.27642
0.590915,372.027,9.19008e-005,-1.10437,0.839272,-4.25523,2.56549
0.590915,372.027,9.20661e-005,-1.27734,0.800577,-4.6821,2.84294
0.590915,372.027,9.22314e-005,-1.44526,0.758521,-5.08877,3.10759
0.590915,372.027,9.23967e-005,-1.60748,0.713284,-5.47359,3.35834
0.590915,372.027,9.2562e-005,-1.76336,0.665061,-5.83498,3.59414
0.590915,372.027,9.27273e-005,-1.91227,0.614058,-6.17147,3.81399
0.590915,372.027,9.28926e-005,-2.05364,0.56049,-6.48169,4.01699
0.590915,372.027,9.30579e-005,-2.18691,0.504586,-6.76438,4.20227
0.590915,372.027,9.32231e-005,-2.31154,0.446583,-7.0184,4.36908
0.590915,372.027,9.33884e-005,-2.42705,0.386725,-7.24271,4.51671
0.590915,372.027,9.35537e-005,-2.53298,0.325267,-7.43642,4.64455
0.590915,372.027,9.3719e-005,-2.62892,0.262468,-7.59874,4.75208
0.590915,372.027,9.38843e-005,-2.71448,0.198592,-7.72903,4.83884
0.590915,372.027,9.40496e-005,-2.78933,0.133908,-7.82676,4.90449
0.590915,372.027,9.42149e-005,-2.85317,0.0686881,-7.89157,4.94876
0.590915,372.027,9.43802e-005,-2.90575,0.00320716,-7.9232,4.97147
0.590915,372.027,9.45455e-005,-2.94686,-0.0622601,-7.92154,4.97253
0.590915,372.027,9.47107e-005,-2.97634,-0.127439,-7.88661,4.95195
0.590915,372.027,9.4876e-005,-2.99408,-0.192055,-7.81859,4.90982
0.590915,372.027,9.50413e-005,-3,-0.255838,-7.71776,4.84633
0.590915,372.027,9.52066e-005,-2.99408,-0.318521,-7.58457,4.76175
0.590915,372.027,9.53719e-005,-2.97634,-0.379839,-7.41958,4.65646
0.590915,372.027,9.55372e-005,-2.94686,-0.439538,-7.22348,4.53089
0.590915,372.027,9.57025e-005,-2.90575,-0.497365,-6.9971,4.38559
0.590915,372.027,9.58678e-005,-2.85317,-0.553079,-6.74139,4.22117
0.590915,372.027,9.60331e-005,-2.78933,-0.606446,-6.45742,4.03833
0.590915,372.027,9.61983e-005,-2.71448,-0.657243,-6.14637,3.83786
0.590915,372.027,9.63636e-005,-2.62892,-0.705255,-5.80953,3.62059
0.590915,372.027,9.65289e-005,-2.53298,-0.750283,-5.44832,3.38744
0.590915,372.027,9.66942e-005,-2.42705,-0.792136,-5.06421,3.13942
0.590915,372.027,9.68595e-005,-2.31154,-0.830638,-4.65882,2.87755
0.590915,372.027,9.70248e-005,-2.18691,-0.865629,-4.23382,2.60296
0.590915,372.027,9.71901e-005,-2.05364,-0.896959,-3.79098,2.3168
0.590915,372.027,9.73554e-005,-1.91227,-0.924497,-3.33212,2.02029
0.590915,372.027,9.75207e-005,-1.76336,-0.948126,-2.85915,1.71467
0.590915,372.027,9.7686e-005,-1.60748,-0.967746,-2.37402,1.40124
0.590915,372.027,9.78512e-005,-1.44526,-0.983273,-1.87875,1.08132
0.590915,372.027,9.80165e-005,-1.27734,-0.99464,-1.37539,0.756275
0.590915,372.027,9.81818e-005,-1.10437,-1.0018,-0.866009,0.427468
0.590915,372.027,9.83471e-005,-0.927051,-1.00471,-0.352722,0.0962958
0.590915,372.027,9.85124e-005,-0.74607,-1.00337,0.162347,-0.235841
0.590915,372.027,9.86777e-005,-0.562144,-0.997775,0.677067,-0.567533
0.590915,372.027,9.8843e-005,-0.376,-0.987946,1.18931,-0.897376
0.590915,372.027,9.90083e-005,-0.188372,-0.973922,1.69695,-1.22397
0.590915,372.027,9.91736e-005,-4.40858e-015,-0.955757,2.19789,-1.54593
0.590915,372.027,0.000909256,0.188372,-1.15685,3.18591,-2.2055
0.590915,372.027,0.000909421,0.376,-1.12595,3.73834,-2.58792
0.590915,372.027,0.000909587,0.562144,-1.09061,4.27602,-2.96014
0.590915,372.027,0.000909752,0.74607,-1.05097,4.79682,-3.32067
0.590915,372.027,0.000909917,0.927051,-1.00718,5.29869,-3.6681
0.590915,372.027,0.000910083,1.10437,-0.959413,5.77965,-4.00105
0.590915,372.027,0.000910248,1.27734,-0.907861,6.2378,-4.31821
0.590915,372.027,0.000910413,1.44526,-0.852726,6.67133,-4.61833
0.590915,372.027,0.000910579,1.60748,-0.794225,7.07854,-4.90023
0.590915,372.027,0.000910744,1.76336,-0.732591,7.45781,-5.16278
0.590915,372.027,0.000910909,1.91227,-0.668065,7.80764,-5.40496
0.590915,372.027,0.000911074,2.05364,-0.600902,8.12666,-5.62581
0.590915,372.027,0.00091124,2.18691,-0.531368,8.41361,-5.82445
0.590915,372.027,0.000911405,2.31154,-0.459737,8.66736,-6.00011
0.590915,372.027,0.00091157,2.42705,-0.386292,8.8869,-6.15209
0.590915,372.027,0.000911736,2.53298,-0.311322,9.07136,-6.27979
0.590915,372.027,0.000911901,2.62892,-0.235123,9.22003,-6.38271
0.590915,372.027,0.000912066,2.71448,-0.157997,9.33231,-6.46043
0.590915,372.027,0.000912231,2.78933,-0.0802466,9.40776,-6.51266
0.590915,372.027,0.000912397,2.85317,-0.00217979,9.44608,-6.53919
0.590915,372.027,0.000912562,2.90575,0.0758956,9.44712,-6.53991
0.590915,372.027,0.000912727,2.94686,0.153671,9.41088,-6.51482
0.590915,372.027,0.000912893,2.97634,0.230841,9.33749,-6.46402
0.590915,372.027,0.000913058,2.99408,0.307099,9.22726,-6.38771
0.590915,372.027,0.000913223,3,0.382145,9.08061,-6.28619
0.590915,372.027,0.000913388,2.99408,0.455684,8.89812,-6.15986
0.590915,372.027,0.000913554,2.97634,0.527424,8.68052,-6.00922
0.590915,372.027,0.000913719,2.94686,0.597082,8.42866,-5.83487
0.590915,372.027,0.000913884,2.90575,0.664384,8.14353,-5.63748
0.590915,372.027,0.00091405,2.85317,0.729064,7.82627,-5.41785
0.590915,372.027,0.000914215,2.78933,0.790866,7.47812,-5.17684
0.590915,372.027,0.00091438,2.71448,0.849548,7.10045,-4.9154
0.590915,372.027,0.000914545,2.62892,0.904876,6.69477,-4.63455
0.590915,372.027,0.000914711,2.53298,0.956634,6.26266,-4.33542
0.590915,372.027,0.000914876,2.42705,1.00462,5.80584,-4.01918
0.590915,372.027,0.000915041,2.31154,1.04863,5.3261,-3.68707
0.590915,372.027,0.000915207,2.18691,1.08851,4.82535,-3.34042
0.590915,372.027,0.000915372,2.05364,1.1241,4.30555,-2.98058
0.590915,372.027,0.000915537,1.91227,1.15524,3.76876,-2.60898
0.590915,372.027,0.000915702,1.76336,1.18183,3.21709,-2.22708
0.590915,372.027,0.000915868,1.60748,1.20375,2.65273,-1.83639
0.590915,372.027,0.000916033,1.44526,1.22093,2.0779,-1.43846
0.590915,372.027,0.000916198,1.27734,1.23328,1.49487,-1.03485
0.590915,372.027,0.000916364,1.10437,1.24077,0.905939,-0.627149
0.590915,372.027,0.000916529,0.927051,1.24336,0.313433,-0.216978
0.590915,372.027,0.000916694,0.74607,1.24104,-0.280309,0.194049
0.590915,372.027,0.00091686,0.562144,1.23383,-0.872946,0.60431
0.590915,372.027,0.000917025,0.376,1.22174,-1.46214,1.01219
0.590915,372.027,0.00091719,0.188372,1.20484,-2.04556,1.41607
0.590915,372.027,0.000917355,8.80497e-015,1.18318,-2.62091,1.81436
0.590915,372.027,0.000917521,-0.188372,1.15685,-3.18591,2.2055
0.590915,372.027,0.000917686,-0.376,1.12595,-3.73834,2.58792
0.590915,372.027,0.000917851,-0.562144,1.09061,-4.27602,2.96014
0.590915,372.027,0.000918017,-0.74607,1.05097,-4.79682,3.32067
0.590915,372.027,0.000918182,-0.927051,1.00718,-5.29869,3.6681
0.590915,372.027,0.000918347,-1.10437,0.959413,-5.77965,4.00105
0.590915,372.027,0.000918512,-1.27734,0.907861,-6.2378,4.31821
0.590915,372.027,0.000918678,-1.44526,0.852726,-6.67134,4.61833
0.590915,372.027,0.000918843,-1.60748,0.794226,-7.07854,4.90023
0.590915,372.027,0.000919008,-1.76336,0.732591,-7.45781,5.16278
0.590915,372.027,0.000919174,-1.91227,0.668065,-7.80764,5.40496
0.590915,372.027,0.000919339,-2.05364,0.600902,-8.12666,5.62581
0.590915,372.027,0.000919504,-2.18691,0.531368,-8.41361,5.82445
0.590915,372.027,0.000919669,-2.31154,0.459737,-8.66736,6.00011
0.590915,372.027,0.000919835,-2.42705,0.386292,-8.8869,6.15209
0.590915,372.027,0.00092,-2.53298,0.311322,-9.07137,6.27979
0.590915,372.027,0.000920165,-2.62892,0.235123,-9.22003,6.38271
0.590915,372.027,0.000920331,-2.71448,0.157997,-9.33231,6.46043
0.590915,372.027,0.000920496,-2.78933,0.0802466,-9.40776,6.51266
0.590915,372.027,0.000920661,-2.85317,0.00217988,-9.44608,6.53919
0.590915,372.027,0.000920826,-2.90575,-0.0758955,-9.44712,6.53991
0.590915,372.027,0.000920992,-2.94686,-0.153671,-9.41088,6.51482
0.590915,372.027,0.000921157,-2.97634,-0.230841,-9.33749,6.46402
0.590915,372.027,0.000921322,-2.99408,-0.307099,-9.22726,6.38771
0.590915,372.027,0.000921488,-3,-0.382145,-9.08061,6.28619
0.590915,372.027,0.000921653,-2.99408,-0.455684,-8.89812,6.15986
0.590915,372.027,0.000921818,-2.97634,-0.527424,-8.68052,6.00922
0.590915,372.027,0.000921983,-2.94686,-0.597082,-8.42866,5.83487
0.590915,372.027,0.000922149,-2.90575,-0.664384,-8.14353,5.63748
0.590915,372.027,0.000922314,-2.85317,-0.729064,-7.82627,5.41785
0.590915,372.027,0.000922479,-2.78933,-0.790866,-7.47812,5.17684
0.590915,372.027,0.000922645,-2.71448,-0.849548,-7.10046,4.9154
0.590915,372.027,0.00092281,-2.62892,-0.904876,-6.69477,4.63455
0.590915,372.027,0.000922975,-2.53298,-0.956634,-6.26266,4.33542
0.590915,372.027,0.00092314,-2.42705,-1.00462,-5.80584,4.01918
0.590915,372.027,0.000923306,-2.31154,-1.04863,-5.3261,3.68708
0.590915,372.027,0.000923471,-2.18691,-1.08851,-4.82535,3.34042
0.590915,372.027,0.000923636,-2.05364,-1.1241,-4.30555,2.98058
0.590915,372.027,0.000923802,-1.91227,-1.15524,-3.76876,2.60898
0.590915,372.027,0.000923967,-1.76336,-1.18183,-3.21709,2.22708
0.590915,372.027,0.000924132,-1.60748,-1.20375,-2.65273,1.83639
0.590915,372.027,0.000924298,-1.44526,-1.22093,-2.0779,1.43846
0.590915,372.027,0.000924463,-1.27734,-1.23328,-1.49487,1.03485
0.590915,372.027,0.000924628,-1.10437,-1.24077,-0.90594,0.62715
0.590915,372.027,0.000924793,-0.927051,-1.24336,-0.313434,0.216979
0.590915,372.027,0.000924959,-0.74607,-1.24104,0.280309,-0.194048
0.590915,372.027,0.000925124,-0.562144,-1.23383,0.872945,-0.60431
0.590915,372.027,0.000925289,-0.376,-1.22174,1.46214,-1.01219
0.590915,372.027,0.000925455,-0.188372,-1.20484,2.04556,-1.41607
0.590915,372.027,0.00092562,-4.11468e-014,-1.18318,2.62091,-1.81436
0.590915,372.027,0.000925785,0.188372,-1.15685,3.18591,-2.20549
0.590915,372.027,0.00092595,0.376,-1.12595,3.73834,-2.58792
0.590915,372.027,0.000926116,0.562144,-1.09061,4.27602,-2.96014
0.590915,372.027,0.000926281,0.74607,-1.05097,4.79682,-3.32067
0.590915,372.027,0.000926446,0.927051,-1.00718,5.29869,-3.6681
0.590915,372.027,0.000926612,1.10437,-0.959413,5.77965,-4.00105
0.590915,372.027,0.000926777,1.27734,-0.907861,6.2378,-4.31821
0.590915,372.027,0.000926942,1.44526,-0.852726,6.67134,-4.61833
0.590915,372.027,0.000927107,1.60748,-0.794226,7.07854,-4.90023
0.590915,372.027,0.000927273,1.76336,-0.732591,7.45781,-5.16278
0.590915,372.027,0.000927438,1.91227,-0.668065,7.80764,-5.40496
0.590915,372.027,0.000927603,2.05364,-0.600902,8.12666,-5.62581
0.590915,372.027,0.000927769,2.18691,-0.531368,8.41361,-5.82445
0.590915,372.027,0.000927934,2.31154,-0.459737,8.66736,-6.00011
0.590915,372.027,0.000928099,2.42705,-0.386292,8.8869,-6.15209
0.590915,372.027,0.000928264,2.53298,-0.311322,9.07137,-6.27979
0.590915,372.027,0.00092843,2.62892,-0.235123,9.22003,-6.38271
0.590915,372.027,0.000928595,2.71448,-0.157997,9.33231,-6.46043
0.590915,372.027,0.00092876,2.78933,-0.0802468,9.40776,-6.51266
0.590915,372.027,0.000928926,2.85317,-0.00217999,9.44608,-6.53919
0.590915,372.027,0.000929091,2.90575,0.0758954,9.44712,-6.53991
0.590915,372.027,0.000929256,2.94686,0.153671,9.41088,-6.51482
0.590915,372.027,0.000929421,2.97634,0.230841,9.33749,-6.46402
0.590915,372.027,0.000929587,2.99408,0.307099,9.22726,-6.38771
0.590915,372.027,0.000929752,3,0.382145,9.08061,-6.28619
0.590915,372.027,0.000929917,2.99408,0.455684,8.89813,-6.15986
0.590915,372.027,0.000930083,2.97634,0.527423,8.68052,-6.00922
0.590915,372.027,0.000930248,2.94686,0.597082,8.42866,-5.83487
0.590915,372.027,0.000930413,2.90575,0.664384,8.14354,-5.63748
0.590915,372.027,0.000930579,2.85317,0.729064,7.82627,-5.41785
0.590915,372.027,0.000930744,2.78933,0.790866,7.47812,-5.17684
0.590915,372.027,0.000930909,2.71448,0.849548,7.10046,-4.9154
0.590915,372.027,0.000931074,2.62892,0.904876,6.69477,-4.63456
0.590915,372.027,0.00093124,2.53298,0.956634,6.26266,-4.33542
0.590915,372.027,0.000931405,2.42705,1.00462,5.80584,-4.01918
0.590915,372.027,0.00093157,2.31154,1.04863,5.3261,-3.68708
0.590915,372.027,0.000931736,2.18691,1.08851,4.82535,-3.34042
0.590915,372.027,0.000931901,2.05364,1.1241,4.30555,-2.98058
0.590915,372.027,0.000932066,1.91227,1.15524,3.76876,-2.60898
0.590915,372.027,0.000932231,1.76336,1.18183,3.21709,-2.22708
0.590915,372.027,0.000932397,1.60748,1.20375,2.65273,-1.83639
0.590915,372.027,0.000932562,1.44526,1.22093,2.0779,-1.43846
0.590915,372.027,0.000932727,1.27734,1.23328,1.49487,-1.03485
0.590915,372.027,0.000932893,1.10437,1.24077,0.90594,-0.627151
0.590915,372.027,0.000933058,0.927051,1.24336,0.313435,-0.21698
0.590915,372.027,0.000933223,0.74607,1.24104,-0.280308,0.194047
0.590915,372.027,0.000933388,0.562144,1.23383,-0.872945,0.604309
0.590915,372.027,0.000933554,0.376,1.22174,-1.46214,1.01219
0.590915,372.027,0.000933719,0.188372,1.20484,-2.04556,1.41607
0.590915,372.027,0.000933884,7.34886e-014,1.18318,-2.6209,1.81436
0.590915,372.027,0.00093405,-0.188372,1.15685,-3.18591,2.20549
0.590915,372.027,0.000934215,-0.376,1.12595,-3.73834,2.58792
0.590915,372.027,0.00093438,-0.562144,1.09061,-4.27602,2.96014
0.590915,372.027,0.000934545,-0.74607,1.05097,-4.79682,3.32067
0.590915,372.027,0.000934711,-0.927051,1.00718,-5.29869,3.6681
0.590915,372.027,0.000934876,-1.10437,0.959413,-5.77965,4.00105
0.590915,372.027,0.000935041,-1.27734,0.907861,-6.2378,4.31821
0.590915,372.027,0.000935207,-1.44526,0.852726,-6.67133,4.61833
0.590915,372.027,0.000935372,-1.60748,0.794226,-7.07854,4.90022
0.590915,372.027,0.000935537,-1.76336,0.732591,-7.45781,5.16278
0.590915,372.027,0.000935702,-1.91227,0.668065,-7.80764,5.40496
0.590915,372.027,0.000935868,-2.05364,0.600903,-8.12666,5.62581
0.590915,372.027,0.000936033,-2.18691,0.531369,-8.41361,5.82445
0.590915,372.027,0.000936198,-2.31154,0.459737,-8.66736,6.00011
0.590915,372.027,0.000936364,-2.42705,0.386292,-8.8869,6.15209
0.590915,372.027,0.000936529,-2.53298,0.311322,-9.07137,6.27979
0.590915,372.027,0.000936694,-2.62892,0.235123,-9.22003,6.38271
0.590915,372.027,0.00093686,-2.71448,0.157997,-9.33231,6.46043
0.590915,372.027,0.000937025,-2.78933,0.0802469,-9.40776,6.51266
0.590915,372.027,0.00093719,-2.85317,0.0021801,-9.44608,6.53919
0.590915,372.027,0.000937355,-2.90575,-0.0758953,-9.44712,6.53991
0.590915,372.027,0.000937521,-2.94686,-0.153671,-9.41088,6.51482
0.590915,372.027,0.000937686,-2.97634,-0.230841,-9.33749,6.46402
0.590915,372.027,0.000937851,-2.99408,-0.307099,-9.22726,6.38771
0.590915,372.027,0.000938017,-3,-0.382145,-9.08061,6.28619
0.590915,372.027,0.000938182,-2.99408,-0.455683,-8.89813,6.15986
0.590915,372.027,0.000938347,-2.97634,-0.527423,-8.68052,6.00922
0.590915,372.027,0.000938512,-2.94686,-0.597082,-8.42866,5.83487
0.590915,372.027,0.000938678,-2.90575,-0.664384,-8.14354,5.63749
0.590915,372.027,0.000938843,-2.85317,-0.729064,-7.82627,5.41785
0.590915,372.027,0.000939008,-2.78933,-0.790866,-7.47812,5.17684
0.590915,372.027,0.000939174,-2.71448,-0.849548,-7.10046,4.9154
0.590915,372.027,0.000939339,-2.62892,-0.904876,-6.69477,4.63456
0.590915,372.027,0.000939504,-2.53298,-0.956634,-6.26266,4.33542
0.590915,372.027,0.000939669,-2.42705,-1.00462,-5.80584,4.01918
0.590915,372.027,0.000939835,-2.31154,-1.04863,-5.3261,3.68708
0.590915,372.027,0.00094,-2.18691,-1.08851,-4.82535,3.34042
0.590915,372.027,0.000940165,-2.05364,-1.1241,-4.30555,2.98058
0.590915,372.027,0.000940331,-1.91227,-1.15524,-3.76876,2.60898
0.590915,372.027,0.000940496,-1.76336,-1.18183,-3.21709,2.22708
0.590915,372.027,0.000940661,-1.60748,-1.20375,-2.65273,1.83639
0.590915,372.027,0.000940826,-1.44526,-1.22093,-2.0779,1.43846
0.590915,372.027,0.000940992,-1.27734,-1.23328,-1.49487,1.03485
0.590915,372.027,0.000941157,-1.10437,-1.24077,-0.905941,0.627151
0.590915,372.027,0.000941322,-0.927051,-1.24336,-0.313435,0.21698
0.590915,372.027,0.000941488,-0.74607,-1.24104,0.280308,-0.194047
0.590915,372.027,0.000941653,-0.562144,-1.23383,0.872944,-0.604308
0.590915,372.027,0.000941818,-0.376,-1.22174,1.46214,-1.01218
0.590915,372.027,0.000941983,-0.188372,-1.20484,2.04556,-1.41607
0.590915,372.027,0.000942149,-1.0583e-013,-1.18318,2.6209,-1.81436
0.590915,372.027,0.000942314,0.188372,-1.15685,3.18591,-2.20549
0.590915,372.027,0.000942479,0.376,-1.12595,3.73834,-2.58792
0.590915,372.027,0.000942645,0.562144,-1.09061,4.27602,-2.96014
0.590915,372.027,0.00094281,0.74607,-1.05097,4.79682,-3.32067
0.590915,372.027,0.000942975,0.927051,-1.00718,5.29869,-3.6681
0.590915,372.027,0.00094314,1.10437,-0.959413,5.77965,-4.00105
0.590915,372.027,0.000943306,1.27734,-0.907861,6.2378,-4.31821
0.590915,372.027,0.000943471,1.44526,-0.852726,6.67133,-4.61833
0.590915,372.027,0.000943636,1.60748,-0.794226,7.07854,-4.90022
0.590915,372.027,0.000943802,1.76336,-0.732591,7.45781,-5.16278
0.590915,372.027,0.000943967,1.91227,-0.668065,7.80764,-5.40496
0.590915,372.027,0.000944132,2.05364,-0.600903,8.12666,-5.6258
0.590915,372.027,0.000944298,2.18691,-0.531369,8.41361,-5.82445
0.590915,372.027,0.000944463,2.31154,-0.459738,8.66736,-6.00011
0.590915,372.027,0.000944628,2.42705,-0.386292,8.8869,-6.15209
0.590915,372.027,0.000944793,2.53298,-0.311322,9.07136,-6.27979
0.590915,372.027,0.000944959,2.62892,-0.235124,9.22003,-6.38271
0.590915,372.027,0.000945124,2.71448,-0.157997,9.33231,-6.46043
0.590915,372.027,0.000945289,2.78933,-0.0802469,9.40776,-6.51266
0.590915,372.027,0.000945455,2.85317,-0.00218017,9.44608,-6.53919
0.590915,372.027,0.00094562,2.90575,0.0758952,9.44712,-6.53991
0.590915,372.027,0.000945785,2.94686,0.153671,9.41088,-6.51482
0.590915,372.027,0.00094595,2.97634,0.23084,9.33749,-6.46402
0.590915,372.027,0.000946116,2.99408,0.307099,9.22726,-6.38771
0.590915,372.027,0.000946281,3,0.382145,9.08061,-6.28619
0.590915,372.027,0.000946446,2.99408,0.455683,8.89813,-6.15986
0.590915,372.027,0.000946612,2.97634,0.527423,8.68052,-6.00922
0.590915,372.027,0.000946777,2.94686,0.597082,8.42866,-5.83487
0.590915,372.027,0.000946942,2.90575,0.664384,8.14354,-5.63748
0.590915,372.027,0.000947107,2.85317,0.729063,7.82627,-5.41785
0.590915,372.027,0.000947273,2.78933,0.790866,7.47812,-5.17684
0.590915,372.027,0.000947438,2.71448,0.849548,7.10046,-4.9154
0.590915,372.027,0.000947603,2.62892,0.904876,6.69477,-4.63456
0.590915,372.027,0.000947769,2.53298,0.956634,6.26266,-4.33542
0.590915,372.027,0.000947934,2.42705,1.00462,5.80584,-4.01918
0.590915,372.027,0.000948099,2.31154,1.04863,5.3261,-3.68708
0.590915,372.027,0.000948264,2.18691,1.08851,4.82535,-3.34042
0.590915,372.027,0.00094843,2.05364,1.1241,4.30555,-2.98058
0.590915,372.027,0.000948595,1.91227,1.15524,3.76876,-2.60898
0.590915,372.027,0.00094876,1.76336,1.18183,3.21709,-2.22708
0.590915,372.027,0.000948926,1.60748,1.20375,2.65273,-1.83639
0.590915,372.027,0.000949091,1.44526,1.22093,2.0779,-1.43846
0.590915,372.027,0.000949256,1.27734,1.23328,1.49487,-1.03485
0.590915,372.027,0.000949421,1.10437,1.24077,0.905941,-0.627152
0.590915,372.027,0.000949587,0.927051,1.24336,0.313435,-0.216981
0.590915,372.027,0.000949752,0.74607,1.24104,-0.280307,0.194047
0.590915,372.027,0.000949917,0.562144,1.23383,-0.872944,0.604308
0.590915,372.027,0.000950083,0.376,1.22174,-1.46213,1.01218
0.590915,372.027,0.000950248,0.188372,1.20484,-2.04556,1.41607
0.590915,372.027,0.000950413,-3.23581e-014,1.18318,-2.6209,1.81436
0.590915,372.027,0.000950579,-0.188372,1.15685,-3.18591,2.20549
0.590915,372.027,0.000950744,-0.376,1.12595,-3.73834,2.58792
0.590915,372.027,0.000950909,-0.562144,1.09061,-4.27602,2.96014
0.590915,372.027,0.000951074,-0.74607,1.05097,-4.79682,3.32067
0.590915,372.027,0.00095124,-0.927051,1.00718,-5.29869,3.6681
0.590915,372.027,0.000951405,-1.10437,0.959413,-5.77965,4.00105
0.590915,372.027,0.00095157,-1.27734,0.907861,-6.2378,4.31821
0.590915,372.027,0.000951736,-1.44526,0.852726,-6.67133,4.61833
0.590915,372.027,0.000951901,-1.60748,0.794226,-7.07854,4.90022
0.590915,372.027,0.000952066,-1.76336,0.732591,-7.45781,5.16278
0.590915,372.027,0.000952231,-1.91227,0.668065,-7.80764,5.40496
0.590915,372.027,0.000952397,-2.05364,0.600903,-8.12666,5.6258
0.590915,372.027,0.000952562,-2.18691,0.531369,-8.41361,5.82445
0.590915,372.027,0.000952727,-2.31154,0.459738,-8.66736,6.00011
0.590915,372.027,0.000952893,-2.42705,0.386292,-8.8869,6.15209
0.590915,372.027,0.000953058,-2.53298,0.311322,-9.07136,6.27979
0.590915,372.027,0.000953223,-2.62892,0.235124,-9.22003,6.3827
0.590915,372.027,0.000953388,-2.71448,0.157997,-9.33231,6.46043
0.590915,372.027,0.000953554,-2.78933,0.080247,-9.40776,6.51266
0.590915,372.027,0.000953719,-2.85317,0.0021802,-9.44608,6.53919
0.590915,372.027,0.000953884,-2.90575,-0.0758952,-9.44712,6.53991
0.590915,372.027,0.00095405,-2.94686,-0.153671,-9.41088,6.51482
0.590915,372.027,0.000954215,-2.97634,-0.23084,-9.33749,6.46402
0.590915,372.027,0.00095438,-2.99408,-0.307099,-9.22726,6.38771
0.590915,372.027,0.000954545,-3,-0.382145,-9.08061,6.28619
0.590915,372.027,0.000954711,-2.99408,-0.455683,-8.89812,6.15986
0.590915,372.027,0.000954876,-2.97634,-0.527423,-8.68052,6.00922
0.590915,372.027,0.000955041,-2.94686,-0.597082,-8.42866,5.83487
0.590915,372.027,0.000955207,-2.90575,-0.664383,-8.14353,5.63748
0.590915,372.027,0.000955372,-2.85317,-0.729063,-7.82627,5.41785
0.590915,372.027,0.000955537,-2.78933,-0.790866,-7.47812,5.17684
0.590915,372.027,0.000955702,-2.71448,-0.849547,-7.10046,4.9154
0.590915,372.027,0.000955868,-2.62892,-0.904876,-6.69477,4.63456
0.590915,372.027,0.000956033,-2.53298,-0.956634,-6.26266,4.33542
0.590915,372.027,0.000956198,-2.42705,-1.00462,-5.80584,4.01918
0.590915,372.027,0.000956364,-2.31154,-1.04863,-5.3261,3.68708
0.590915,372.027,0.000956529,-2.18691,-1.08851,-4.82535,3.34042
0.590915,372.027,0.000956694,-2.05364,-1.1241,-4.30555,2.98058
0.590915,372.027,0.00095686,-1.91227,-1.15524,-3.76876,2.60898
0.590915,372.027,0.000957025,-1.76336,-1.18183,-3.21709,2.22708
0.590915,372.027,0.00095719,-1.60748,-1.20375,-2.65273,1.83639
0.590915,372.027,0.000957355,-1.44526,-1.22093,-2.0779,1.43846
0.590915,372.027,0.000957521,-1.27734,-1.23328,-1.49487,1.03485
0.590915,372.027,0.000957686,-1.10437,-1.24077,-0.905941,0.627152
0.590915,372.027,0.000957851,-0.927051,-1.24336,-0.313436,0.216981
0.590915,372.027,0.000958017,-0.74607,-1.24104,0.280307,-0.194047
0.590915,372.027,0.000958182,-0.562144,-1.23383,0.872944,-0.604308
0.590915,372.027,0.000958347,-0.376,-1.22174,1.46213,-1.01218
0.590915,372.027,0.000958512,-0.188372,-1.20484,2.04556,-1.41607
0.590915,372.027,0.000958678,1.6263e-017,-1.18318,2.6209,-1.81436
0.590915,372.027,0.000958843,0.188372,-1.15685,3.18591,-2.20549
0.590915,372.027,0.000959008,0.376,-1.12595,3.73834,-2.58792
0.590915,372.027,0.000959174,0.562144,-1.09061,4.27602,-2.96014
0.590915,372.027,0.000959339,0.74607,-1.05097,4.79682,-3.32067
0.590915,372.027,0.000959504,0.927051,-1.00718,5.29869,-3.6681
0.590915,372.027,0.000959669,1.10437,-0.959413,5.77965,-4.00105
0.590915,372.027,0.000959835,1.27734,-0.907861,6.2378,-4.31821
0.590915,372.027,0.00096,1.44526,-0.852726,6.67133,-4.61833
0.590915,372.027,0.000960165,1.60748,-0.794226,7.07854,-4.90022
0.590915,372.027,0.000960331,1.76336,-0.732591,7.4578,-5.16278
0.590915,372.027,0.000960496,1.91227,-0.668065,7.80764,-5.40496
0.590915,372.027,0.000960661,2.05364,-0.600903,8.12666,-5.6258
0.590915,372.027,0.000960826,2.18691,-0.531369,8.41361,-5.82445
0.590915,372.027,0.000960992,2.31154,-0.459737,8.66736,-6.00011
0.590915,372.027,0.000961157,2.42705,-0.386292,8.8869,-6.15209
0.590915,372.027,0.000961322,2.53298,-0.311322,9.07136,-6.27979
0.590915,372.027,0.000961488,2.62892,-0.235124,9.22003,-6.3827
0.590915,372.027,0.000961653,2.71448,-0.157997,9.33231,-6.46043
0.590915,372.027,0.000961818,2.78933,-0.0802469,9.40776,-6.51266
0.590915,372.027,0.000961983,2.85317,-0.00218018,9.44608,-6.53919
0.590915,372.027,0.000962149,2.90575,0.0758952,9.44712,-6.53991
0.590915,372.027,0.000962314,2.94686,0.153671,9.41088,-6.51482
0.590915,372.027,0.000962479,2.97634,0.23084,9.33749,-6.46402
0.590915,372.027,0.000962645,2.99408,0.307099,9.22726,-6.38771
0.590915,372.027,0.00096281,3,0.382145,9.08061,-6.28619
0.590915,372.027,0.000962975,2.99408,0.455683,8.89812,-6.15986
0.590915,372.027,0.00096314,2.97634,0.527423,8.68052,-6.00922
0.590915,372.027,0.000963306,2.94686,0.597082,8.42866,-5.83487
0.590915,372.027,0.000963471,2.90575,0.664383,8.14353,-5.63748
0.590915,372.027,0.000963636,2.85317,0.729063,7.82627,-5.41785
0.590915,372.027,0.000963802,2.78933,0.790866,7.47812,-5.17684
0.590915,372.027,0.000963967,2.71448,0.849547,7.10046,-4.9154
0.590915,372.027,0.000964132,2.62892,0.904876,6.69477,-4.63456
0.590915,372.027,0.000964298,2.53298,0.956634,6.26266,-4.33542
0.590915,372.027,0.000964463,2.42705,1.00462,5.80584,-4.01918
0.590915,372.027,0.000964628,2.31154,1.04863,5.3261,-3.68708
0.590915,372.027,0.000964793,2.18691,1.08851,4.82535,-3.34042
0.590915,372.027,0.000964959,2.05364,1.1241,4.30555,-2.98058
0.590915,372.027,0.000965124,1.91227,1.15524,3.76876,-2.60898
0.590915,372.027,0.000965289,1.76336,1.18183,3.21709,-2.22708
0.590915,372.027,0.000965455,1.60748,1.20375,2.65273,-1.83639
0.590915,372.027,0.00096562,1.44526,1.22093,2.0779,-1.43846
0.590915,372.027,0.000965785,1.27734,1.23328,1.49487,-1.03485
0.590915,372.027,0.00096595,1.10437,1.24077,0.905941,-0.627151
0.590915,372.027,0.000966116,0.927051,1.24336,0.313435,-0.21698
0.590915,372.027,0.000966281,0.74607,1.24104,-0.280307,0.194047
0.590915,372.027,0.000966446,0.562144,1.23383,-0.872944,0.604308
0.590915,372.027,0.000966612,0.376,1.22174,-1.46213,1.01218
0.590915,372.027,0.000966777,0.188372,1.20484,-2.04556,1.41607
0.590915,372.027,0.000966942,3.23255e-014,1.18318,-2.6209,1.81436
0.590915,372.027,0.000967107,-0.188372,1.15685,-3.18591,2.20549
0.590915,372.027,0.000967273,-0.376,1.12595,-3.73834,2.58792
0.590915,372.027,0.000967438,-0.562144,1.09061,-4.27602,2.96014
0.590915,372.027,0.000967603,-0.74607,1.05097,-4.79682,3.32067
0.590915,372.027,0.000967769,-0.927051,1.00718,-5.29869,3.6681
0.590915,372.027,0.000967934,-1.10437,0.959413,-5.77965,4.00105
0.590915,372.027,0.000968099,-1.27734,0.907861,-6.2378,4.31821
0.590915,372.027,0.000968264,-1.44526,0.852726,-6.67133,4.61833
0.590915,372.027,0.00096843,-1.60748,0.794226,-7.07854,4.90022
0.590915,372.027,0.000968595,-1.76336,0.732591,-7.4578,5.16278
0.590915,372.027,0.00096876,-1.91227,0.668065,-7.80764,5.40496
0.590915,372.027,0.000968926,-2.05364,0.600902,-8.12666,5.6258
0.590915,372.027,0.000969091,-2.18691,0.531369,-8.41361,5.82445
0.590915,372.027,0.000969256,-2.31154,0.459737,-8.66736,6.00011
0.590915,372.027,0.000969421,-2.42705,0.386292,-8.8869,6.15209
0.590915,372.027,0.000969587,-2.53298,0.311322,-9.07136,6.27979
0.590915,372.027,0.000969752,-2.62892,0.235123,-9.22003,6.3827
0.590915,372.027,0.000969917,-2.71448,0.157997,-9.33231,6.46043
0.590915,372.027,0.000970083,-2.78933,0.0802469,-9.40776,6.51266
0.590915,372.027,0.000970248,-2.85317,0.00218015,-9.44608,6.53919
0.590915,372.027,0.000970413,-2.90575,-0.0758952,-9.44712,6.53991
0.590915,372.027,0.000970579,-2.94686,-0.153671,-9.41088,6.51482
0.590915,372.027,0.000970744,-2.97634,-0.23084,-9.33749,6.46402
0.590915,372.027,0.000970909,-2.99408,-0.307099,-9.22726,6.38771
0.590915,372.027,0.000971074,-3,-0.382145,-9.08061,6.28619
0.590915,372.027,0.00097124,-2.99408,-0.455683,-8.89812,6.15986
0.590915,372.027,0.000971405,-2.97634,-0.527423,-8.68052,6.00922
0.590915,372.027,0.00097157,-2.94686,-0.597082,-8.42866,5.83487
0.590915,372.027,0.000971736,-2.90575,-0.664383,-8.14353,5.63748
0.590915,372.027,0.000971901,-2.85317,-0.729063,-7.82627,5.41785
0.590915,372.027,0.000972066,-2.78933,-0.790866,-7.47812,5.17684
0.590915,372.027,0.000972231,-2.71448,-0.849547,-7.10046,4.9154
0.590915,372.027,0.000972397,-2.62892,-0.904876,-6.69477,4.63455
0.590915,372.027,0.000972562,-2.53298,-0.956634,-6.26266,4.33542
0.590915,372.027,0.000972727,-2.42705,-1.00462,-5.80584,4.01918
0.590915,372.027,0.000972893,-2.31154,-1.04863,-5.3261,3.68708
0.590915,372.027,0.000973058,-2.18691,-1.08851,-4.82535,3.34042
0.590915,372.027,0.000973223,-2.05364,-1.1241,-4.30555,2.98058
0.590915,372.027,0.000973388,-1.91227,-1.15524,-3.76876,2.60898
0.590915,372.027,0.000973554,-1.76336,-1.18183,-3.21709,2.22708
0.590915,372.027,0.000973719,-1.60748,-1.20375,-2.65273,1.83639
0.590915,372.027,0.000973884,-1.44526,-1.22093,-2.0779,1.43846
0.590915,372.027,0.00097405,-1.27734,-1.23328,-1.49487,1.03485
0.590915,372.027,0.000974215,-1.10437,-1.24077,-0.905941,0.627151
0.590915,372.027,0.00097438,-0.927051,-1.24336,-0.313435,0.21698
0.590915,372.027,0.000974545,-0.74607,-1.24104,0.280308,-0.194047
0.590915,372.027,0.000974711,-0.562144,-1.23383,0.872944,-0.604308
0.590915,372.027,0.000974876,-0.376,-1.22174,1.46214,-1.01218
0.590915,372.027,0.000975041,-0.188372,-1.20484,2.04556,-1.41607
0.590915,372.027,0.000975207,-6.46673e-014,-1.18318,2.6209,-1.81436
0.590915,372.027,0.000975372,0.188372,-1.15685,3.18591,-2.20549
0.590915,372.027,0.000975537,0.376,-1.12595,3.73834,-2.58792
0.590915,372.027,0.000975702,0.562144,-1.09061,4.27602,-2.96014
0.590915,372.027,0.000975868,0.74607,-1.05097,4.79682,-3.32067
0.590915,372.027,0.000976033,0.927051,-1.00718,5.29869,-3.6681
0.590915,372.027,0.000976198,1.10437,-0.959413,5.77965,-4.00105
0.590915,372.027,0.000976364,1.27734,-0.907861,6.2378,-4.31821
0.590915,372.027,0.000976529,1.44526,-0.852726,6.67133,-4.61833
0.590915,372.027,0.000976694,1.60748,-0.794226,7.07854,-4.90022
0.590915,372.027,0.00097686,1.76336,-0.732591,7.4578,-5.16278
0.590915,372.027,0.000977025,1.91227,-0.668065,7.80764,-5.40496
0.590915,372.027,0.00097719,2.05364,-0.600902,8.12666,-5.6258
0.590915,372.027,0.000977355,2.18691,-0.531368,8.41361,-5.82445
0.590915,372.027,0.000977521,2.31154,-0.459737,8.66736,-6.00011
0.590915,372.027,0.000977686,2.42705,-0.386292,8.8869,-6.15209
0.590915,372.027,0.000977851,2.53298,-0.311322,9.07136,-6.27979
0.590915,372.027,0.000978017,2.62892,-0.235123,9.22003,-6.3827
0.590915,372.027,0.000978182,2.71448,-0.157997,9.33231,-6.46043
0.590915,372.027,0.000978347,2.78933,-0.0802469,9.40776,-6.51266
0.590915,372.027,0.000978512,2.85317,-0.0021801,9.44608,-6.53919
0.590915,372.027,0.000978678,2.90575,0.0758953,9.44712,-6.53991
0.590915,372.027,0.000978843,2.94686,0.153671,9.41088,-6.51482
0.590915,372.027,0.000979008,2.97634,0.23084,9.33749,-6.46402
0.590915,372.027,0.000979174,2.99408,0.307099,9.22726,-6.38771
0.590915,372.027,0.000979339,3,0.382145,9.08061,-6.28619
0.590915,372.027,0.000979504,2.99408,0.455683,8.89812,-6.15986
0.590915,372.027,0.000979669,2.97634,0.527423,8.68052,-6.00922
0.590915,372.027,0.000979835,2.94686,0.597082,8.42866,-5.83487
0.590915,372.027,0.00098,2.90575,0.664384,8.14353,-5.63748
0.590915,372.027,0.000980165,2.85317,0.729063,7.82627,-5.41785
0.590915,372.027,0.000980331,2.78933,0.790866,7.47812,-5.17684
0.590915,372.027,0.000980496,2.71448,0.849547,7.10046,-4.9154
0.590915,372.027,0.000980661,2.62892,0.904876,6.69477,-4.63455
0.590915,372.027,0.000980826,2.53298,0.956634,6.26266,-4.33542
0.590915,372.027,0.000980992,2.42705,1.00462,5.80584,-4.01918
0.590915,372.027,0.000981157,2.31154,1.04863,5.3261,-3.68707
0.590915,372.027,0.000981322,2.18691,1.08851,4.82535,-3.34042
0.590915,372.027,0.000981488,2.05364,1.1241,4.30555,-2.98058
0.590915,372.027,0.000981653,1.91227,1.15524,3.76876,-2.60898
0.590915,372.027,0.000981818,1.76336,1.18183,3.21709,-2.22708
0.590915,372.027,0.000981983,1.60748,1.20375,2.65273,-1.83639
0.590915,372.027,0.000982149,1.44526,1.22093,2.0779,-1.43846
0.590915,372.027,0.000982314,1.27734,1.23328,1.49487,-1.03485
0.590915,372.027,0.000982479,1.10437,1.24077,0.90594,-0.627151
0.590915,372.027,0.000982645,0.927051,1.24336,0.313435,-0.21698
0.590915,372.027,0.00098281,0.74607,1.24104,-0.280308,0.194047
0.590915,372.027,0.000982975,0.562144,1.23383,-0.872944,0.604309
0.590915,372.027,0.00098314,0.376,1.22174,-1.46214,1.01219
0.590915,372.027,0.000983306,0.188372,1.20484,-2.04556,1.41607
0.590915,372.027,0.000983471,9.70092e-014,1.18318,-2.6209,1.81436
0.590915,372.027,0.000983636,-0.188372,1.15685,-3.18591,2.20549
0.590915,372.027,0.000983802,-0.376,1.12595,-3.73834,2.58792
0.590915,372.027,0.000983967,-0.562144,1.09061,-4.27602,2.96014
0.590915,372.027,0.000984132,-0.74607,1.05097,-4.79682,3.32067
0.590915,372.027,0.000984298,-0.927051,1.00718,-5.29869,3.6681
0.590915,372.027,0.000984463,-1.10437,0.959413,-5.77965,4.00105
0.590915,372.027,0.000984628,-1.27734,0.907861,-6.2378,4.31821
0.590915,372.027,0.000984793,-1.44526,0.852726,-6.67133,4.61833
0.590915,372.027,0.000984959,-1.60748,0.794226,-7.07854,4.90022
0.590915,372.027,0.000985124,-1.76336,0.732591,-7.4578,5.16278
0.590915,372.027,0.000985289,-1.91227,0.668065,-7.80764,5.40496
0.590915,372.027,0.000985455,-2.05364,0.600902,-8.12666,5.6258
0.590915,372.027,0.00098562,-2.18691,0.531368,-8.41361,5.82445
0.590915,372.027,0.000985785,-2.31154,0.459737,-8.66736,6.00011
0.590915,372.027,0.00098595,-2.42705,0.386292,-8.8869,6.15209
0.590915,372.027,0.000986116,-2.53298,0.311322,-9.07136,6.27979
0.590915,372.027,0.000986281,-2.62892,0.235123,-9.22003,6.3827
0.590915,372.027,0.000986446,-2.71448,0.157997,-9.33231,6.46043
0.590915,372.027,0.000986612,-2.78933,0.0802468,-9.40776,6.51266
0.590915,372.027,0.000986777,-2.85317,0.00218005,-9.44608,6.53919
0.590915,372.027,0.000986942,-2.90575,-0.0758953,-9.44712,6.53991
0.590915,372.027,0.000987107,-2.94686,-0.153671,-9.41088,6.51482
0.590915,372.027,0.000987273,-2.97634,-0.230841,-9.33749,6.46402
0.590915,372.027,0.000987438,-2.99408,-0.307099,-9.22726,6.38771
0.590915,372.027,0.000987603,-3,-0.382145,-9.08061,6.28619
0.590915,372.027,0.000987769,-2.99408,-0.455683,-8.89812,6.15986
0.590915,372.027,0.000987934,-2.97634,-0.527423,-8.68052,6.00922
0.590915,372.027,0.000988099,-2.94686,-0.597082,-8.42866,5.83487
0.590915,372.027,0.000988264,-2.90575,-0.664384,-8.14353,5.63748
0.590915,372.027,0.00098843,-2.85317,-0.729063,-7.82627,5.41785
0.590915,372.027,0.000988595,-2.78933,-0.790866,-7.47812,5.17684
0.590915,372.027,0.00098876,-2.71448,-0.849548,-7.10045,4.9154
0.590915,372.027,0.000988926,-2.62892,-0.904876,-6.69477,4.63455
0.590915,372.027,0.000989091,-2.53298,-0.956634,-6.26266,4.33542
0.590915,372.027,0.000989256,-2.42705,-1.00462,-5.80584,4.01918
0.590915,372.027,0.000989421,-2.31154,-1.04863,-5.3261,3.68707
0.590915,372.027,0.000989587,-2.18691,-1.08851,-4.82535,3.34042
0.590915,372.027,0.000989752,-2.05364,-1.1241,-4.30555,2.98058
0.590915,372.027,0.000989917,-1.91227,-1.15524,-3.76876,2.60898
0.590915,372.027,0.000990083,-1.76336,-1.18183,-3.21709,2.22708
0.590915,372.027,0.000990248,-1.60748,-1.20375,-2.65273,1.83639
0.590915,372.027,0.000990413,-1.44526,-1.22093,-2.0779,1.43846
0.590915,372.027,0.000990579,-1.27734,-1.23328,-1.49487,1.03485
0.590915,372.027,0.000990744,-1.10437,-1.24077,-0.90594,0.627151
0.590915,372.027,0.000990909,-0.927051,-1.24336,-0.313434,0.21698
0.590915,372.027,0.000991074,-0.74607,-1.24104,0.280308,-0.194048
0.590915,372.027,0.00099124,-0.562144,-1.23383,0.872944,-0.604309
0.590915,372.027,0.000991405,-0.376,-1.22174,1.46214,-1.01219
0.590915,372.027,0.00099157,-0.188372,-1.20484,2.04556,-1.41607
0.590915,372.027,0.000991736,4.11793e-014,-1.18318,2.6209,-1.81436
