Amp, Phaseshift, Time, Vd, Vr, VL, VC
-0.123423,372.279,0,0,0,0,0
-0.123423,372.279,4.08163e-007,0.188372,0.00384432,0.188372,0
-0.123423,372.279,8.16327e-007,0.376,0.0114393,0.372155,0.00313822
-0.123423,372.279,1.22449e-006,0.562144,0.0226141,0.547566,0.0124764
-0.123423,372.279,1.63265e-006,0.74607,0.0371239,0.710979,0.030937
-0.123423,372.279,2.04082e-006,0.927051,0.0546543,0.85899,0.0612422
-0.123423,372.279,2.44898e-006,1.10437,0.0748273,0.988477,0.105858
-0.123423,372.279,2.85714e-006,1.27734,0.097208,1.09665,0.166942
-0.123423,372.279,3.26531e-006,1.44526,0.121312,1.18111,0.246295
-0.123423,372.279,3.67347e-006,1.60748,0.146616,1.23987,0.345325
-0.123423,372.279,4.08163e-006,1.76336,0.172563,1.27141,0.465012
-0.123423,372.279,4.4898e-006,1.91227,0.198577,1.2747,0.60588
-0.123423,372.279,4.89796e-006,2.05364,0.224071,1.24918,0.767984
-0.123423,372.279,5.30612e-006,2.18691,0.248456,1.19485,0.950899
-0.123423,372.279,5.71429e-006,2.31154,0.271153,1.11219,1.15372
-0.123423,372.279,6.12245e-006,2.42705,0.291606,1.00218,1.37507
-0.123423,372.279,6.53061e-006,2.53298,0.309286,0.866309,1.61311
-0.123423,372.279,6.93878e-006,2.62892,0.323704,0.70652,1.86559
-0.123423,372.279,7.34694e-006,2.71448,0.334422,0.525184,2.12984
-0.123423,372.279,7.7551e-006,2.78933,0.341056,0.325066,2.40284
-0.123423,372.279,8.16327e-006,2.85317,0.343287,0.109274,2.68125
-0.123423,372.279,8.57143e-006,2.90575,0.340862,-0.11879,2.96149
-0.123423,372.279,8.97959e-006,2.94686,0.333607,-0.355487,3.23974
-0.123423,372.279,9.38776e-006,2.97634,0.321424,-0.597005,3.51207
-0.123423,372.279,9.79592e-006,2.99408,0.304293,-0.839417,3.77446
-0.123423,372.279,1.02041e-005,3,0.282277,-1.07875,4.02286
-0.123423,372.279,1.06122e-005,2.99408,0.255521,-1.31106,4.25329
-0.123423,372.279,1.10204e-005,2.97634,0.224246,-1.53247,4.46188
-0.123423,372.279,1.14286e-005,2.94686,0.188751,-1.73927,4.64494
-0.123423,372.279,1.18367e-005,2.90575,0.149405,-1.92794,4.79902
-0.123423,372.279,1.22449e-005,2.85317,0.106645,-2.09526,4.92099
-0.123423,372.279,1.26531e-005,2.78933,0.0609651,-2.2383,5.00804
-0.123423,372.279,1.30612e-005,2.71448,0.0129136,-2.35453,5.05781
-0.123423,372.279,1.34694e-005,2.62892,-0.0369191,-2.4418,5.06835
-0.123423,372.279,1.38776e-005,2.53298,-0.0879079,-2.49845,5.03821
-0.123423,372.279,1.42857e-005,2.42705,-0.139403,-2.52325,4.96645
-0.123423,372.279,1.46939e-005,2.31154,-0.19074,-2.51551,4.85265
-0.123423,372.279,1.5102e-005,2.18691,-0.24125,-2.47501,4.69695
-0.123423,372.279,1.55102e-005,2.05364,-0.290272,-2.40206,4.50001
-0.123423,372.279,1.59184e-005,1.91227,-0.337159,-2.29747,4.26305
-0.123423,372.279,1.63265e-005,1.76336,-0.381292,-2.16254,3.98782
-0.123423,372.279,1.67347e-005,1.60748,-0.422089,-1.99905,3.67656
-0.123423,372.279,1.71429e-005,1.44526,-0.459012,-1.80921,3.332
-0.123423,372.279,1.7551e-005,1.27734,-0.491576,-1.59565,2.9573
-0.123423,372.279,1.79592e-005,1.10437,-0.519359,-1.36135,2.55601
-0.123423,372.279,1.83673e-005,0.927051,-0.542004,-1.1096,2.13204
-0.123423,372.279,1.87755e-005,0.74607,-0.559227,-0.84397,1.68959
-0.123423,372.279,1.91837e-005,0.562144,-0.570824,-0.56822,1.23308
-0.123423,372.279,1.95918e-005,0.376,-0.576666,-0.286255,0.7671
-0.123423,372.279,2e-005,0.188372,-0.576708,-0.0020631,0.296353
-0.123423,372.279,2.04082e-005,3.67382e-016,-0.570986,0.280355,-0.174429
-0.123423,372.279,2.08163e-005,-0.188372,-0.559618,0.557044,-0.64054
-0.123423,372.279,2.12245e-005,-0.376,-0.542798,0.824158,-1.09737
-0.123423,372.279,2.16327e-005,-0.562144,-0.520798,1.07803,-1.54047
-0.123423,372.279,2.20408e-005,-0.74607,-0.493957,1.3152,-1.96561
-0.123423,372.279,2.2449e-005,-0.927051,-0.462681,1.53252,-2.36884
-0.123423,372.279,2.28571e-005,-1.10437,-0.427433,1.72715,-2.74654
-0.123423,372.279,2.32653e-005,-1.27734,-0.388726,1.89664,-3.09547
-0.123423,372.279,2.36735e-005,-1.44526,-0.347115,2.03893,-3.41279
-0.123423,372.279,2.40816e-005,-1.60748,-0.303188,2.15243,-3.69615
-0.123423,372.279,2.44898e-005,-1.76336,-0.257556,2.23599,-3.94366
-0.123423,372.279,2.4898e-005,-1.91227,-0.210843,2.28894,-4.1539
-0.123423,372.279,2.53061e-005,-2.05364,-0.163677,2.31111,-4.32602
-0.123423,372.279,2.57143e-005,-2.18691,-0.116682,2.30279,-4.45964
-0.123423,372.279,2.61224e-005,-2.31154,-0.0704617,2.26478,-4.55489
-0.123423,372.279,2.65306e-005,-2.42705,-0.0255985,2.1983,-4.61241
-0.123423,372.279,2.69388e-005,-2.53298,0.0173611,2.10502,-4.6333
-0.123423,372.279,2.73469e-005,-2.62892,0.0579126,1.98702,-4.61913
-0.123423,372.279,2.77551e-005,-2.71448,0.0956011,1.84674,-4.57185
-0.123423,372.279,2.81633e-005,-2.78933,0.130028,1.68692,-4.49381
-0.123423,372.279,2.85714e-005,-2.85317,0.160857,1.51062,-4.38767
-0.123423,372.279,2.89796e-005,-2.90575,0.187817,1.32106,-4.25636
-0.123423,372.279,2.93878e-005,-2.94686,0.210709,1.12168,-4.10304
-0.123423,372.279,2.97959e-005,-2.97634,0.229402,0.915983,-3.93103
-0.123423,372.279,3.02041e-005,-2.99408,0.243842,0.707546,-3.74376
-0.123423,372.279,3.06122e-005,-3,0.254044,0.499919,-3.54471
-0.123423,372.279,3.10204e-005,-2.99408,0.260097,0.296582,-3.33732
-0.123423,372.279,3.14286e-005,-2.97634,0.262156,0.100882,-3.125
-0.123423,372.279,3.18367e-005,-2.94686,0.260441,-0.0840186,-2.91099
-0.123423,372.279,3.22449e-005,-2.90575,0.255233,-0.255197,-2.69839
-0.123423,372.279,3.26531e-005,-2.85317,0.246866,-0.410014,-2.49004
-0.123423,372.279,3.30612e-005,-2.78933,0.235719,-0.54616,-2.28851
-0.123423,372.279,3.34694e-005,-2.71448,0.222216,-0.661688,-2.09609
-0.123423,372.279,3.38776e-005,-2.62892,0.206806,-0.755047,-1.91469
-0.123423,372.279,3.42857e-005,-2.53298,0.189968,-0.825102,-1.74587
-0.123423,372.279,3.46939e-005,-2.42705,0.172189,-0.871152,-1.59079
-0.123423,372.279,3.5102e-005,-2.31154,0.153966,-0.892938,-1.45023
-0.123423,372.279,3.55102e-005,-2.18691,0.135789,-0.890643,-1.32454
-0.123423,372.279,3.59184e-005,-2.05364,0.118139,-0.864889,-1.21369
-0.123423,372.279,3.63265e-005,-1.91227,0.101471,-0.816717,-1.11725
-0.123423,372.279,3.67347e-005,-1.76336,0.0862143,-0.747573,-1.03442
-0.123423,372.279,3.71429e-005,-1.60748,0.0727598,-0.659274,-0.964041
-0.123423,372.279,3.7551e-005,-1.44526,0.0614541,-0.55398,-0.904646
-0.123423,372.279,3.79592e-005,-1.27734,0.0525939,-0.434146,-0.854479
-0.123423,372.279,3.83673e-005,-1.10437,0.0464207,-0.302489,-0.811545
-0.123423,372.279,3.87755e-005,-0.927051,0.0431161,-0.161927,-0.773651
-0.123423,372.279,3.91837e-005,-0.74607,0.042799,-0.015535,-0.738454
-0.123423,372.279,3.95918e-005,-0.562144,0.0455237,0.133511,-0.703516
-0.123423,372.279,4e-005,-0.376,0.0512787,0.281992,-0.666354
-0.123423,372.279,4.04082e-005,-0.188372,0.0599869,0.426703,-0.624494
-0.123423,372.279,4.08163e-005,-7.34764e-016,0.0715075,0.564507,-0.575525
-0.123423,372.279,4.12245e-005,0.188372,0.0856378,0.692389,-0.517151
-0.123423,372.279,4.16327e-005,0.376,0.102118,0.807513,-0.447243
-0.123423,372.279,4.20408e-005,0.562144,0.120633,0.907269,-0.363881
-0.123423,372.279,4.2449e-005,0.74607,0.140824,0.989318,-0.265405
-0.123423,372.279,4.28571e-005,0.927051,0.162285,1.05163,-0.150447
-0.123423,372.279,4.32653e-005,1.10437,0.184582,1.09254,-0.0179692
-0.123423,372.279,4.36735e-005,1.27734,0.20725,1.11072,0.13271
-0.123423,372.279,4.40816e-005,1.44526,0.229807,1.1053,0.301894
-0.123423,372.279,4.44898e-005,1.60748,0.251762,1.07578,0.489491
-0.123423,372.279,4.4898e-005,1.76336,0.272621,1.0221,0.695011
-0.123423,372.279,4.53061e-005,1.91227,0.291899,0.94464,0.917559
-0.123423,372.279,4.57143e-005,2.05364,0.309128,0.844183,1.15584
-0.123423,372.279,4.61224e-005,2.18691,0.323861,0.721934,1.40819
-0.123423,372.279,4.65306e-005,2.31154,0.335687,0.579486,1.67257
-0.123423,372.279,4.69388e-005,2.42705,0.344234,0.418794,1.9466
-0.123423,372.279,4.73469e-005,2.53298,0.349176,0.24215,2.22761
-0.123423,372.279,4.77551e-005,2.62892,0.35024,0.052137,2.51265
-0.123423,372.279,4.81633e-005,2.71448,0.347211,-0.148407,2.79856
-0.123423,372.279,4.85714e-005,2.78933,0.339937,-0.356441,3.082
-0.123423,372.279,4.89796e-005,2.85317,0.328329,-0.568764,3.3595
-0.123423,372.279,4.93878e-005,2.90575,0.312369,-0.782076,3.62752
-0.123423,372.279,4.97959e-005,2.94686,0.292103,-0.993027,3.88251
-0.123423,372.279,5.02041e-005,2.97634,0.267648,-1.19827,4.12097
-0.123423,372.279,5.06122e-005,2.99408,0.239188,-1.39453,4.33945
-0.123423,372.279,5.10204e-005,3,0.206971,-1.57864,4.53471
-0.123423,372.279,5.14286e-005,2.99408,0.171306,-1.7476,4.70367
-0.123423,372.279,5.18367e-005,2.97634,0.132558,-1.89863,4.84351
-0.123423,372.279,5.22449e-005,2.94686,0.091146,-2.0292,4.95172
-0.123423,372.279,5.26531e-005,2.90575,0.0475314,-2.13712,5.02612
-0.123423,372.279,5.30612e-005,2.85317,0.00221537,-2.22049,5.06492
-0.123423,372.279,5.34694e-005,2.78933,-0.0442706,-2.27781,5.06673
-0.123423,372.279,5.38776e-005,2.71448,-0.0913722,-2.30798,5.03059
-0.123423,372.279,5.42857e-005,2.62892,-0.138521,-2.3103,4.956
-0.123423,372.279,5.46939e-005,2.53298,-0.185144,-2.2845,4.84293
-0.123423,372.279,5.5102e-005,2.42705,-0.230669,-2.23073,4.69179
-0.123423,372.279,5.55102e-005,2.31154,-0.274538,-2.14958,4.50349
-0.123423,372.279,5.59184e-005,2.18691,-0.316212,-2.04204,4.27937
-0.123423,372.279,5.63265e-005,2.05364,-0.355182,-1.90952,4.02124
-0.123423,372.279,5.67347e-005,1.91227,-0.390974,-1.75379,3.7313
-0.123423,372.279,5.71429e-005,1.76336,-0.423157,-1.57697,3.41214
-0.123423,372.279,5.7551e-005,1.60748,-0.45135,-1.3815,3.0667
-0.123423,372.279,5.79592e-005,1.44526,-0.47523,-1.17009,2.69825
-0.123423,372.279,5.83673e-005,1.27734,-0.49453,-0.945685,2.31031
-0.123423,372.279,5.87755e-005,1.10437,-0.509048,-0.711407,1.90661
-0.123423,372.279,5.91837e-005,0.927051,-0.51865,-0.470513,1.49106
-0.123423,372.279,5.95918e-005,0.74607,-0.52327,-0.226343,1.06767
-0.123423,372.279,6e-005,0.562144,-0.522908,0.0177388,0.640516
-0.123423,372.279,6.04082e-005,0.376,-0.517634,0.258391,0.213653
-0.123423,372.279,6.08163e-005,0.188372,-0.507586,0.492353,-0.208906
-0.123423,372.279,6.12245e-005,1.10215e-015,-0.492964,0.716492,-0.623262
-0.123423,372.279,6.16327e-005,-0.188372,-0.474028,0.927855,-1.02568
-0.123423,372.279,6.20408e-005,-0.376,-0.451095,1.12371,-1.41264
-0.123423,372.279,6.2449e-005,-0.562144,-0.424532,1.30159,-1.78088
-0.123423,372.279,6.28571e-005,-0.74607,-0.39475,1.45935,-2.12744
-0.123423,372.279,6.32653e-005,-0.927051,-0.362196,1.59514,-2.44969
-0.123423,372.279,6.36735e-005,-1.10437,-0.327349,1.70751,-2.74536
-0.123423,372.279,6.40816e-005,-1.27734,-0.290708,1.79537,-3.01258
-0.123423,372.279,6.44898e-005,-1.44526,-0.25279,1.85803,-3.24989
-0.123423,372.279,6.4898e-005,-1.60748,-0.214112,1.8952,-3.45625
-0.123423,372.279,6.53061e-005,-1.76336,-0.175193,1.90701,-3.63104
-0.123423,372.279,6.57143e-005,-1.91227,-0.136541,1.89396,-3.77405
-0.123423,372.279,6.61224e-005,-2.05364,-0.0986443,1.85695,-3.88551
-0.123423,372.279,6.65306e-005,-2.18691,-0.0619657,1.79725,-3.96604
-0.123423,372.279,6.69388e-005,-2.31154,-0.0269358,1.71647,-4.01662
-0.123423,372.279,6.73469e-005,-2.42705,0.00605422,1.61651,-4.03861
-0.123423,372.279,6.77551e-005,-2.53298,0.0366578,1.49957,-4.03367
-0.123423,372.279,6.81633e-005,-2.62892,0.064578,1.36809,-4.00375
-0.123423,372.279,6.85714e-005,-2.71448,0.0895716,1.22469,-3.95103
-0.123423,372.279,6.89796e-005,-2.78933,0.111452,1.07213,-3.87791
-0.123423,372.279,6.93878e-005,-2.85317,0.13009,0.913287,-3.78693
-0.123423,372.279,6.97959e-005,-2.90575,0.145419,0.751088,-3.68073
-0.123423,372.279,7.02041e-005,-2.94686,0.157428,0.588451,-3.56202
-0.123423,372.279,7.06122e-005,-2.97634,0.166168,0.428251,-3.43351
-0.123423,372.279,7.10204e-005,-2.99408,0.171744,0.273262,-3.29786
-0.123423,372.279,7.14286e-005,-3,0.174318,0.126119,-3.15766
-0.123423,372.279,7.18367e-005,-2.99408,0.174099,-0.010735,-3.01536
-0.123423,372.279,7.22449e-005,-2.97634,0.171342,-0.13508,-2.87324
-0.123423,372.279,7.26531e-005,-2.94686,0.166343,-0.244963,-2.73337
-0.123423,372.279,7.30612e-005,-2.90575,0.15943,-0.338723,-2.59758
-0.123423,372.279,7.34694e-005,-2.85317,0.150961,-0.415021,-2.46743
-0.123423,372.279,7.38776e-005,-2.78933,0.14131,-0.472858,-2.3442
-0.123423,372.279,7.42857e-005,-2.71448,0.13087,-0.511593,-2.22884
-0.123423,372.279,7.46939e-005,-2.62892,0.120034,-0.530946,-2.12201
-0.123423,372.279,7.5102e-005,-2.53298,0.109197,-0.531007,-2.02402
-0.123423,372.279,7.55102e-005,-2.42705,0.0987437,-0.512224,-1.93488
-0.123423,372.279,7.59184e-005,-2.31154,0.0890417,-0.4754,-1.85428
-0.123423,372.279,7.63265e-005,-2.18691,0.0804361,-0.421671,-1.78159
-0.123423,372.279,7.67347e-005,-2.05364,0.0732425,-0.352488,-1.71593
-0.123423,372.279,7.71429e-005,-1.91227,0.0677407,-0.269588,-1.65614
-0.123423,372.279,7.7551e-005,-1.76336,0.0641701,-0.174959,-1.60084
-0.123423,372.279,7.79592e-005,-1.60748,0.062725,-0.070812,-1.54845
-0.123423,372.279,7.83673e-005,-1.44526,0.0635509,0.0404687,-1.49725
-0.123423,372.279,7.87755e-005,-1.27734,0.0667419,0.156362,-1.44537
-0.123423,372.279,7.91837e-005,-1.10437,0.072339,0.274257,-1.39089
-0.123423,372.279,7.95918e-005,-0.927051,0.0803288,0.391499,-1.33184
-0.123423,372.279,8e-005,-0.74607,0.0906439,0.505439,-1.26626
-0.123423,372.279,8.04082e-005,-0.562144,0.103164,0.613475,-1.19227
-0.123423,372.279,8.08163e-005,-0.376,0.117717,0.713104,-1.10805
-0.123423,372.279,8.12245e-005,-0.188372,0.134083,0.801964,-1.01196
-0.123423,372.279,8.16327e-005,-1.46953e-015,0.151999,0.877873,-0.902501
-0.123423,372.279,8.20408e-005,0.188372,0.17116,0.938873,-0.77842
-0.123423,372.279,8.2449e-005,0.376,0.191226,0.98326,-0.638697
-0.123423,372.279,8.28571e-005,0.562144,0.211831,1.00961,-0.482594
-0.123423,372.279,8.32653e-005,0.74607,0.232583,1.01683,-0.309671
-0.123423,372.279,8.36735e-005,0.927051,0.253075,1.00414,-0.119808
-0.123423,372.279,8.40816e-005,1.10437,0.272894,0.971106,0.0867843
-0.123423,372.279,8.44898e-005,1.27734,0.291621,0.91766,0.309555
-0.123423,372.279,8.4898e-005,1.44526,0.308848,0.844085,0.547613
-0.123423,372.279,8.53061e-005,1.60748,0.324175,0.75102,0.799734
-0.123423,372.279,8.57143e-005,1.76336,0.337225,0.639448,1.06437
-0.123423,372.279,8.61224e-005,1.91227,0.347647,0.510682,1.33965
-0.123423,372.279,8.65306e-005,2.05364,0.355123,0.366344,1.62344
-0.123423,372.279,8.69388e-005,2.18691,0.359375,0.208339,1.91334
-0.123423,372.279,8.73469e-005,2.31154,0.360167,0.0388242,2.20671
-0.123423,372.279,8.77551e-005,2.42705,0.357314,-0.139824,2.50072
-0.123423,372.279,8.81633e-005,2.53298,0.35068,-0.325052,2.79241
-0.123423,372.279,8.85714e-005,2.62892,0.340187,-0.514166,3.07868
-0.123423,372.279,8.89796e-005,2.71448,0.325812,-0.704381,3.35638
-0.123423,372.279,8.93878e-005,2.78933,0.30759,-0.892861,3.62235
-0.123423,372.279,8.97959e-005,2.85317,0.285615,-1.07677,3.87344
-0.123423,372.279,9.02041e-005,2.90575,0.260037,-1.25331,4.1066
-0.123423,372.279,9.06122e-005,2.94686,0.231062,-1.41977,4.31887
-0.123423,372.279,9.10204e-005,2.97634,0.198948,-1.57359,4.50749
-0.123423,372.279,9.14286e-005,2.99408,0.164002,-1.71236,4.6699
-0.123423,372.279,9.18367e-005,3,0.126576,-1.8339,4.80378
-0.123423,372.279,9.22449e-005,2.99408,0.0870597,-1.93628,4.90711
-0.123423,372.279,9.26531e-005,2.97634,0.0458796,-2.01782,4.97818
-0.123423,372.279,9.30612e-005,2.94686,0.00348791,-2.07719,5.01563
-0.123423,372.279,9.34694e-005,2.90575,-0.039642,-2.11337,5.01848
-0.123423,372.279,9.38776e-005,2.85317,-0.083023,-2.12567,4.98612
-0.123423,372.279,9.42857e-005,2.78933,-0.126161,-2.11376,4.91834
-0.123423,372.279,9.46939e-005,2.71448,-0.168563,-2.0777,4.81535
-0.123423,372.279,9.5102e-005,2.62892,-0.209744,-2.01787,4.67775
-0.123423,372.279,9.55102e-005,2.53298,-0.249234,-1.93502,4.50653
-0.123423,372.279,9.59184e-005,2.42705,-0.286586,-1.83025,4.30307
-0.123423,372.279,9.63265e-005,2.31154,-0.321381,-1.70495,4.06913
-0.123423,372.279,9.67347e-005,2.18691,-0.353235,-1.56084,3.80677
-0.123423,372.279,9.71429e-005,2.05364,-0.381804,-1.3999,3.51842
-0.123423,372.279,9.7551e-005,1.91227,-0.406791,-1.22434,3.20674
-0.123423,372.279,9.79592e-005,1.76336,-0.427946,-1.0366,2.87467
-0.123423,372.279,9.83673e-005,1.60748,-0.445073,-0.839242,2.52532
-0.123423,372.279,9.87755e-005,1.44526,-0.458032,-0.63499,2.162
-0.123423,372.279,9.91837e-005,1.27734,-0.466739,-0.426629,1.7881
-0.123423,372.279,9.95918e-005,1.10437,-0.471167,-0.216983,1.40708
-0.123423,372.279,0.0001,0.927051,-0.471348,-0.0088656,1.02246
-0.123423,372.279,0.000100408,0.74607,-0.467369,0.19496,0.637683
-0.123423,372.279,0.000100816,0.562144,-0.459373,0.39183,0.256157
-0.123423,372.279,0.000101224,0.376,-0.447552,0.579215,-0.118841
-0.123423,372.279,0.000101633,0.188372,-0.432149,0.754765,-0.48419
-0.123423,372.279,0.000102041,7.16598e-015,-0.413448,0.916339,-0.836964
-0.123423,372.279,0.000102449,-0.188372,-0.391774,1.06204,-1.17447
-0.123423,372.279,0.000102857,-0.376,-0.367483,1.19025,-1.49429
-0.123423,372.279,0.000103265,-0.562144,-0.34096,1.29963,-1.79427
-0.123423,372.279,0.000103673,-0.74607,-0.31261,1.38916,-2.07261
-0.123423,372.279,0.000104082,-0.927051,-0.282851,1.45817,-2.3278
-0.123423,372.279,0.00010449,-1.10437,-0.252111,1.50628,-2.5587
-0.123423,372.279,0.000104898,-1.27734,-0.220815,1.53347,-2.7645
-0.123423,372.279,0.000105306,-1.44526,-0.189386,1.54006,-2.94476
-0.123423,372.279,0.000105714,-1.60748,-0.158229,1.52667,-3.09936
-0.123423,372.279,0.000106122,-1.76336,-0.127735,1.49424,-3.22853
-0.123423,372.279,0.000106531,-1.91227,-0.0982654,1.44399,-3.3328
-0.123423,372.279,0.000106939,-2.05364,-0.0701546,1.37743,-3.41302
-0.123423,372.279,0.000107347,-2.18691,-0.0437002,1.29627,-3.47029
-0.123423,372.279,0.000107755,-2.31154,-0.0191604,1.20245,-3.50596
-0.123423,372.279,0.000108163,-2.42705,0.00324918,1.09807,-3.5216
-0.123423,372.279,0.000108571,-2.53298,0.0233588,0.98537,-3.51895
-0.123423,372.279,0.00010898,-2.62892,0.0410459,0.866672,-3.49988
-0.123423,372.279,0.000109388,-2.71448,0.0562369,0.744355,-3.46638
-0.123423,372.279,0.000109796,-2.78933,0.0689064,0.620809,-3.42047
-0.123423,372.279,0.000110204,-2.85317,0.0790777,0.498391,-3.36422
-0.123423,372.279,0.000110612,-2.90575,0.0868203,0.37939,-3.29966
-0.123423,372.279,0.00011102,-2.94686,0.0922485,0.265982,-3.22879
-0.123423,372.279,0.000111429,-2.97634,0.0955179,0.160198,-3.15349
-0.123423,372.279,0.000111837,-2.99408,0.0968217,0.0638874,-3.07551
-0.123423,372.279,0.000112245,-3,0.0963868,-0.0213101,-2.99647
-0.123423,372.279,0.000112653,-2.99408,0.0944686,-0.0939935,-2.91779
-0.123423,372.279,0.000113061,-2.97634,0.0913457,-0.153022,-2.84067
-0.123423,372.279,0.000113469,-2.94686,0.0873144,-0.197534,-2.76611
-0.123423,372.279,0.000113878,-2.90575,0.0826826,-0.226959,-2.69483
-0.123423,372.279,0.000114286,-2.85317,0.0777637,-0.241024,-2.62733
-0.123423,372.279,0.000114694,-2.78933,0.0728706,-0.239761,-2.56385
-0.123423,372.279,0.000115102,-2.71448,0.0683094,-0.2235,-2.50437
-0.123423,372.279,0.00011551,-2.62892,0.0643734,-0.192864,-2.4486
-0.123423,372.279,0.000115918,-2.53298,0.0613376,-0.148754,-2.39605
-0.123423,372.279,0.000116327,-2.42705,0.0594532,-0.0923355,-2.34598
-0.123423,372.279,0.000116735,-2.31154,0.0589428,-0.0250114,-2.29745
-0.123423,372.279,0.000117143,-2.18691,0.0599958,0.0515997,-2.24933
-0.123423,372.279,0.000117551,-2.05364,0.0627651,0.135695,-2.20036
-0.123423,372.279,0.000117959,-1.91227,0.0673634,0.225319,-2.14912
-0.123423,372.279,0.000118367,-1.76336,0.0738614,0.3184,-2.09413
-0.123423,372.279,0.000118776,-1.60748,0.0822856,0.412786,-2.03383
-0.123423,372.279,0.000119184,-1.44526,0.092618,0.506287,-1.96666
-0.123423,372.279,0.000119592,-1.27734,0.104796,0.596705,-1.89105
-0.123423,372.279,0.00012,-1.10437,0.118712,0.681886,-1.80551
-0.123423,372.279,0.000120408,-0.927051,0.134217,0.759745,-1.7086
-0.123423,372.279,0.000120816,-0.74607,0.151121,0.828314,-1.59904
-0.123423,372.279,0.000121224,-0.562144,0.169198,0.88577,-1.47567
-0.123423,372.279,0.000121633,-0.376,0.188187,0.930473,-1.33755
-0.123423,372.279,0.000122041,-0.188372,0.207799,0.960992,-1.18393
-0.123423,372.279,0.000122449,-2.20429e-015,0.22772,0.976129,-1.0143
-0.123423,372.279,0.000122857,0.188372,0.247617,0.974947,-0.828402
-0.123423,372.279,0.000123265,0.376,0.267143,0.956784,-0.626265
-0.123423,372.279,0.000123673,0.562144,0.285945,0.921266,-0.408189
-0.123423,372.279,0.000124082,0.74607,0.303665,0.868314,-0.174765
-0.123423,372.279,0.00012449,0.927051,0.319954,0.798151,0.0731252
-0.123423,372.279,0.000124898,1.10437,0.33447,0.711294,0.334312
-0.123423,372.279,0.000125306,1.27734,0.34689,0.608555,0.607349
-0.123423,372.279,0.000125714,1.44526,0.356911,0.491022,0.890525
-0.123423,372.279,0.000126122,1.60748,0.364259,0.360045,1.18188
-0.123423,372.279,0.000126531,1.76336,0.368692,0.217217,1.47923
-0.123423,372.279,0.000126939,1.91227,0.370005,0.0643458,1.78021
-0.123423,372.279,0.000127347,2.05364,0.368034,-0.0965708,2.08225
-0.123423,372.279,0.000127755,2.18691,0.362659,-0.26338,2.38269
-0.123423,372.279,0.000128163,2.31154,0.353806,-0.433807,2.67874
-0.123423,372.279,0.000128571,2.42705,0.341449,-0.605491,2.96756
-0.123423,372.279,0.00012898,2.53298,0.325612,-0.776022,3.24629
-0.123423,372.279,0.000129388,2.62892,0.306367,-0.942982,3.5121
-0.123423,372.279,0.000129796,2.71448,0.283837,-1.10398,3.76219
-0.123423,372.279,0.000130204,2.78933,0.25819,-1.2567,3.99389
-0.123423,372.279,0.000130612,2.85317,0.229641,-1.39892,4.20466
-0.123423,372.279,0.00013102,2.90575,0.198446,-1.52855,4.39212
-0.123423,372.279,0.000131429,2.94686,0.164901,-1.64371,4.55412
-0.123423,372.279,0.000131837,2.97634,0.129336,-1.74268,4.68873
-0.123423,372.279,0.000132245,2.99408,0.0921115,-1.82399,4.79431
-0.123423,372.279,0.000132653,3,0.053613,-1.88642,4.86951
-0.123423,372.279,0.000133061,2.99408,0.0142449,-1.92904,4.91327
-0.123423,372.279,0.000133469,2.97634,-0.025575,-1.95117,4.9249
-0.123423,372.279,0.000133878,2.94686,-0.0654212,-1.95246,4.90402
-0.123423,372.279,0.000134286,2.90575,-0.104867,-1.93285,4.85062
-0.123423,372.279,0.000134694,2.85317,-0.143491,-1.89258,4.76501
-0.123423,372.279,0.000135102,2.78933,-0.180883,-1.83219,4.64788
-0.123423,372.279,0.00013551,2.71448,-0.216648,-1.75251,4.50022
-0.123423,372.279,0.000135918,2.62892,-0.250417,-1.65465,4.32336
-0.123423,372.279,0.000136327,2.53298,-0.281845,-1.53996,4.11894
-0.123423,372.279,0.000136735,2.42705,-0.310621,-1.41004,3.88886
-0.123423,372.279,0.000137143,2.31154,-0.336472,-1.2667,3.63529
-0.123423,372.279,0.000137551,2.18691,-0.359164,-1.11192,3.36062
-0.123423,372.279,0.000137959,2.05364,-0.378507,-0.947817,3.06743
-0.123423,372.279,0.000138367,1.91227,-0.394357,-0.776648,2.75844
-0.123423,372.279,0.000138776,1.76336,-0.406617,-0.600729,2.43652
-0.123423,372.279,0.000139184,1.60748,-0.415238,-0.42242,2.10459
-0.123423,372.279,0.000139592,1.44526,-0.420219,-0.244086,1.76562
-0.123423,372.279,0.00014,1.27734,-0.421608,-0.0680584,1.42258
-0.123423,372.279,0.000140408,1.10437,-0.419498,0.103402,1.07841
-0.123423,372.279,0.000140816,0.927051,-0.414026,0.268139,0.735962
-0.123423,372.279,0.000141224,0.74607,-0.40537,0.424133,0.397982
-0.123423,372.279,0.000141633,0.562144,-0.393747,0.569532,0.0670678
-0.123423,372.279,0.000142041,0.376,-0.379406,0.702679,-0.254358
-0.123423,372.279,0.000142449,0.188372,-0.362628,0.822136,-0.564078
-0.123423,372.279,0.000142857,1.32298e-014,-0.343716,0.926706,-0.860101
-0.123423,372.279,0.000143265,-0.188372,-0.322992,1.01544,-1.14069
-0.123423,372.279,0.000143673,-0.376,-0.300795,1.08768,-1.40435
-0.123423,372.279,0.000144082,-0.562144,-0.277468,1.143,-1.6499
-0.123423,372.279,0.00014449,-0.74607,-0.25336,1.1813,-1.8764
-0.123423,372.279,0.000144898,-0.927051,-0.228815,1.20271,-2.08323
-0.123423,372.279,0.000145306,-1.10437,-0.204169,1.20767,-2.27002
-0.123423,372.279,0.000145714,-1.27734,-0.179743,1.19685,-2.43668
-0.123423,372.279,0.000146122,-1.44526,-0.155842,1.17117,-2.58341
-0.123423,372.279,0.000146531,-1.60748,-0.132744,1.13178,-2.71063
-0.123423,372.279,0.000146939,-1.76336,-0.110703,1.08002,-2.81899
-0.123423,372.279,0.000147347,-1.91227,-0.0899394,1.01743,-2.90936
-0.123423,372.279,0.000147755,-2.05364,-0.0706402,0.945663,-2.98278
-0.123423,372.279,0.000148163,-2.18691,-0.0529561,0.866519,-3.04045
-0.123423,372.279,0.000148571,-2.31154,-0.0369997,0.781866,-3.08368
-0.123423,372.279,0.00014898,-2.42705,-0.022844,0.693628,-3.11388
-0.123423,372.279,0.000149388,-2.53298,-0.0105227,0.603743,-3.13253
-0.123423,372.279,0.000149796,-2.62892,-3.01718e-005,0.514134,-3.14112
-0.123423,372.279,0.000150204,-2.71448,0.00867738,0.42667,-3.14115
-0.123423,372.279,0.000150612,-2.78933,0.0156802,0.343139,-3.13406
-0.123423,372.279,0.00015102,-2.85317,0.0210927,0.265212,-3.12126
-0.123423,372.279,0.000151429,-2.90575,0.0250605,0.19442,-3.10404
-0.123423,372.279,0.000151837,-2.94686,0.0277568,0.132121,-3.08359
-0.123423,372.279,0.000152245,-2.97634,0.029379,0.0794851,-3.06093
-0.123423,372.279,0.000152653,-2.99408,0.0301436,0.0374682,-3.03694
-0.123423,372.279,0.000153061,-3,0.0302824,0.00680091,-3.01234
-0.123423,372.279,0.000153469,-2.99408,0.030037,-0.0120251,-2.98762
-0.123423,372.279,0.000153878,-2.97634,0.0296541,-0.018764,-2.9631
-0.123423,372.279,0.000154286,-2.94686,0.0293802,-0.0134187,-2.93889
-0.123423,372.279,0.000154694,-2.90575,0.029457,0.00376003,-2.91491
-0.123423,372.279,0.000155102,-2.85317,0.0301157,0.0322794,-2.89086
-0.123423,372.279,0.00015551,-2.78933,0.0315732,0.0714142,-2.86628
-0.123423,372.279,0.000155918,-2.71448,0.0340266,0.120221,-2.8405
-0.123423,372.279,0.000156327,-2.62892,0.0376502,0.177554,-2.81272
-0.123423,372.279,0.000156735,-2.53298,0.0425908,0.24209,-2.78199
-0.123423,372.279,0.000157143,-2.42705,0.0489653,0.312348,-2.74722
-0.123423,372.279,0.000157551,-2.31154,0.0568574,0.386716,-2.70725
-0.123423,372.279,0.000157959,-2.18691,0.0663163,0.463486,-2.66084
-0.123423,372.279,0.000158367,-2.05364,0.0773547,0.540878,-2.6067
-0.123423,372.279,0.000158776,-1.91227,0.089948,0.617073,-2.54355
-0.123423,372.279,0.000159184,-1.76336,0.104035,0.690249,-2.47013
-0.123423,372.279,0.000159592,-1.60748,0.119517,0.758611,-2.3852
-0.123423,372.279,0.00016,-1.44526,0.13626,0.820422,-2.28764
-0.123423,372.279,0.000160408,-1.27734,0.154097,0.874038,-2.1764
-0.123423,372.279,0.000160816,-1.10437,0.172831,0.917932,-2.05061
-0.123423,372.279,0.000161224,-0.927051,0.192233,0.950727,-1.90952
-0.123423,372.279,0.000161633,-0.74607,0.212054,0.97122,-1.7526
-0.123423,372.279,0.000162041,-0.562144,0.232021,0.9784,-1.57949
-0.123423,372.279,0.000162449,-0.376,0.251847,0.971471,-1.39009
-0.123423,372.279,0.000162857,-0.188372,0.271232,0.949868,-1.1845
-0.123423,372.279,0.000163265,-2.93906e-015,0.28987,0.913265,-0.963083
-0.123423,372.279,0.000163673,0.188372,0.307454,0.861584,-0.726454
-0.123423,372.279,0.000164082,0.376,0.323678,0.795,-0.475471
-0.123423,372.279,0.00016449,0.562144,0.338248,0.713937,-0.211244
-0.123423,372.279,0.000164898,0.74607,0.350882,0.619065,0.0648771
-0.123423,372.279,0.000165306,0.927051,0.361317,0.511291,0.351312
-0.123423,372.279,0.000165714,1.10437,0.369312,0.391745,0.646264
-0.123423,372.279,0.000166122,1.27734,0.374654,0.261762,0.947743
-0.123423,372.279,0.000166531,1.44526,0.377161,0.122864,1.25358
-0.123423,372.279,0.000166939,1.60748,0.376686,-0.0232641,1.56147
-0.123423,372.279,0.000167347,1.76336,0.373119,-0.174801,1.86897
-0.123423,372.279,0.000167755,1.91227,0.366388,-0.329816,2.17356
-0.123423,372.279,0.000168163,2.05364,0.356464,-0.486303,2.47265
-0.123423,372.279,0.000168571,2.18691,0.343357,-0.642206,2.76364
-0.123423,372.279,0.00016898,2.31154,0.327124,-0.795457,3.04393
-0.123423,372.279,0.000169388,2.42705,0.307858,-0.944004,3.31097
-0.123423,372.279,0.000169796,2.53298,0.285698,-1.08585,3.56228
-0.123423,372.279,0.000170204,2.62892,0.260819,-1.21906,3.79551
-0.123423,372.279,0.000170612,2.71448,0.233435,-1.34184,4.00842
-0.123423,372.279,0.00017102,2.78933,0.203791,-1.45253,4.19898
-0.123423,372.279,0.000171429,2.85317,0.172167,-1.5496,4.36534
-0.123423,372.279,0.000171837,2.90575,0.138866,-1.63176,4.50588
-0.123423,372.279,0.000172245,2.94686,0.104215,-1.69789,4.61924
-0.123423,372.279,0.000172653,2.97634,0.0685595,-1.74711,4.70432
-0.123423,372.279,0.000173061,2.99408,0.0322575,-1.7788,4.76028
-0.123423,372.279,0.000173469,3,-0.00432494,-1.79254,4.78662
-0.123423,372.279,0.000173878,2.99408,-0.040819,-1.78821,4.78309
-0.123423,372.279,0.000174286,2.97634,-0.0768583,-1.76592,4.74976
-0.123423,372.279,0.000174694,2.94686,-0.112084,-1.72604,4.68702
-0.123423,372.279,0.000175102,2.90575,-0.146149,-1.66919,4.59553
-0.123423,372.279,0.00017551,2.85317,-0.178724,-1.59621,4.47622
-0.123423,372.279,0.000175918,2.78933,-0.209503,-1.50817,4.33032
-0.123423,372.279,0.000176327,2.71448,-0.238204,-1.40634,4.1593
-0.123423,372.279,0.000176735,2.62892,-0.264575,-1.29218,3.96485
-0.123423,372.279,0.000177143,2.53298,-0.288397,-1.16729,3.74887
-0.123423,372.279,0.000177551,2.42705,-0.309487,-1.03342,3.51344
-0.123423,372.279,0.000177959,2.31154,-0.3277,-0.892414,3.2608
-0.123423,372.279,0.000178367,2.18691,-0.342928,-0.746193,2.99329
-0.123423,372.279,0.000178776,2.05364,-0.355106,-0.596719,2.71335
-0.123423,372.279,0.000179184,1.91227,-0.364208,-0.445969,2.42346
-0.123423,372.279,0.000179592,1.76336,-0.370247,-0.295901,2.12615
-0.123423,372.279,0.00018,1.60748,-0.373276,-0.148425,1.82391
-0.123423,372.279,0.000180408,1.44526,-0.373385,-0.00537299,1.51919
-0.123423,372.279,0.000180816,1.27734,-0.370701,0.131528,1.21439
-0.123423,372.279,0.000181224,1.10437,-0.365381,0.260684,0.911777
-0.123423,372.279,0.000181633,0.927051,-0.357613,0.380655,0.613507
-0.123423,372.279,0.000182041,0.74607,-0.347609,0.490175,0.321579
-0.123423,372.279,0.000182449,0.562144,-0.335605,0.588174,0.0378162
-0.123423,372.279,0.000182857,0.376,-0.321855,0.673789,-0.236147
-0.123423,372.279,0.000183265,0.188372,-0.306622,0.746374,-0.498886
-0.123423,372.279,0.000183673,3.30644e-015,-0.290184,0.805508,-0.74919
-0.123423,372.279,0.000184082,-0.188372,-0.272816,0.851002,-0.986074
-0.123423,372.279,0.00018449,-0.376,-0.254798,0.882891,-1.20878
-0.123423,372.279,0.000184898,-0.562144,-0.236401,0.901435,-1.41678
-0.123423,372.279,0.000185306,-0.74607,-0.217889,0.907111,-1.60976
-0.123423,372.279,0.000185714,-0.927051,-0.199509,0.900598,-1.78763
-0.123423,372.279,0.000186122,-1.10437,-0.181494,0.882765,-1.95049
-0.123423,372.279,0.000186531,-1.27734,-0.164052,0.854649,-2.09865
-0.123423,372.279,0.000186939,-1.44526,-0.147369,0.817443,-2.23257
-0.123423,372.279,0.000187347,-1.60748,-0.131605,0.772461,-2.35287
-0.123423,372.279,0.000187755,-1.76336,-0.116888,0.721122,-2.46031
-0.123423,372.279,0.000188163,-1.91227,-0.103318,0.664922,-2.55572
-0.123423,372.279,0.000188571,-2.05364,-0.0909631,0.605401,-2.64007
-0.123423,372.279,0.00018898,-2.18691,-0.0798586,0.544123,-2.71432
-0.123423,372.279,0.000189388,-2.31154,-0.0700088,0.48264,-2.77951
-0.123423,372.279,0.000189796,-2.42705,-0.0613869,0.42247,-2.83666
-0.123423,372.279,0.000190204,-2.53298,-0.0539366,0.365065,-2.88677
-0.123423,372.279,0.000190612,-2.62892,-0.0475735,0.311791,-2.9308
-0.123423,372.279,0.00019102,-2.71448,-0.0421879,0.263896,-2.96964
-0.123423,372.279,0.000191429,-2.78933,-0.0376471,0.222498,-3.00408
-0.123423,372.279,0.000191837,-2.85317,-0.033799,0.188556,-3.03481
-0.123423,372.279,0.000192245,-2.90575,-0.0304754,0.16286,-3.0624
-0.123423,372.279,0.000192653,-2.94686,-0.0274954,0.146016,-3.08728
-0.123423,372.279,0.000193061,-2.97634,-0.0246703,0.138431,-3.10973
-0.123423,372.279,0.000193469,-2.99408,-0.0218067,0.140315,-3.12986
-0.123423,372.279,0.000193878,-3,-0.0187114,0.151671,-3.14767
-0.123423,372.279,0.000194286,-2.99408,-0.0151952,0.172297,-3.16294
-0.123423,372.279,0.000194694,-2.97634,-0.011077,0.201791,-3.17534
-0.123423,372.279,0.000195102,-2.94686,-0.00618801,0.23956,-3.18439
-0.123423,372.279,0.00019551,-2.90575,-0.000375247,0.284825,-3.18944
-0.123423,372.279,0.000195918,-2.85317,0.00649504,0.336644,-3.18974
-0.123423,372.279,0.000196327,-2.78933,0.0145342,0.39392,-3.18444
-0.123423,372.279,0.000196735,-2.71448,0.0238286,0.455427,-3.17258
-0.123423,372.279,0.000197143,-2.62892,0.0344374,0.519829,-3.15313
-0.123423,372.279,0.000197551,-2.53298,0.0463906,0.585705,-3.12501
-0.123423,372.279,0.000197959,-2.42705,0.059688,0.651572,-3.08714
-0.123423,372.279,0.000198367,-2.31154,0.0742985,0.715916,-3.03842
-0.123423,372.279,0.000198776,-2.18691,0.09016,0.777215,-2.97777
-0.123423,372.279,0.000199184,-2.05364,0.10718,0.833966,-2.90417
-0.123423,372.279,0.000199592,-1.91227,0.125235,0.884715,-2.81667
-0.123423,372.279,0.0002,-1.76336,0.144176,0.928083,-2.71444
-0.123423,372.279,0.000200408,-1.60748,0.163824,0.962785,-2.59675
-0.123423,372.279,0.000200816,-1.44526,0.183981,0.987661,-2.46301
-0.123423,372.279,0.000201224,-1.27734,0.204423,1.00169,-2.31282
-0.123423,372.279,0.000201633,-1.10437,0.224914,1.00403,-2.14595
-0.123423,372.279,0.000202041,-0.927051,0.245199,0.993983,-1.96234
-0.123423,372.279,0.000202449,-0.74607,0.265017,0.971076,-1.76218
-0.123423,372.279,0.000202857,-0.562144,0.284099,0.935021,-1.54584
-0.123423,372.279,0.000203265,-0.376,0.302175,0.885743,-1.31392
-0.123423,372.279,0.000203673,-0.188372,0.318979,0.823377,-1.06725
-0.123423,372.279,0.000204082,-1.4332e-014,0.33425,0.748272,-0.80686
-0.123423,372.279,0.00020449,0.188372,0.347739,0.660981,-0.534003
-0.123423,372.279,0.000204898,0.376,0.359214,0.562263,-0.250134
-0.123423,372.279,0.000205306,0.562144,0.36846,0.453064,0.0431022
-0.123423,372.279,0.000205714,0.74607,0.375287,0.334507,0.343886
-0.123423,372.279,0.000206122,0.927051,0.379529,0.207878,0.650243
-0.123423,372.279,0.000206531,1.10437,0.381052,0.0746016,0.960063
-0.123423,372.279,0.000206939,1.27734,0.37975,-0.0637765,1.27113
-0.123423,372.279,0.000207347,1.44526,0.375554,-0.205614,1.58113
-0.123423,372.279,0.000207755,1.60748,0.368428,-0.349199,1.8877
-0.123423,372.279,0.000208163,1.76336,0.358371,-0.492772,2.18846
-0.123423,372.279,0.000208571,1.91227,0.345421,-0.634556,2.48101
-0.123423,372.279,0.00020898,2.05364,0.32965,-0.772785,2.76298
-0.123423,372.279,0.000209388,2.18691,0.311166,-0.905725,3.03208
-0.123423,372.279,0.000209796,2.31154,0.29011,-1.03171,3.2861
-0.123423,372.279,0.000210204,2.42705,0.266658,-1.14915,3.52292
-0.123423,372.279,0.000210612,2.53298,0.241013,-1.25659,3.7406
-0.123423,372.279,0.00021102,2.62892,0.213407,-1.35269,3.93735
-0.123423,372.279,0.000211429,2.71448,0.184096,-1.43627,4.11156
-0.123423,372.279,0.000211837,2.78933,0.153354,-1.50632,4.26184
-0.123423,372.279,0.000212245,2.85317,0.121476,-1.56202,4.38703
-0.123423,372.279,0.000212653,2.90575,0.0887671,-1.60275,4.48619
-0.123423,372.279,0.000213061,2.94686,0.0555407,-1.6281,4.55865
-0.123423,372.279,0.000213469,2.97634,0.0221152,-1.63785,4.60399
-0.123423,372.279,0.000213878,2.99408,-0.0111915,-1.63203,4.62205
-0.123423,372.279,0.000214286,3,-0.0440661,-1.61085,4.61291
-0.123423,372.279,0.000214694,2.99408,-0.0762041,-1.57476,4.57694
-0.123423,372.279,0.000215102,2.97634,-0.107314,-1.52439,4.51473
-0.123423,372.279,0.00021551,2.94686,-0.137121,-1.46055,4.42713
-0.123423,372.279,0.000215918,2.90575,-0.165371,-1.38426,4.31519
-0.123423,372.279,0.000216327,2.85317,-0.191834,-1.29665,4.18019
-0.123423,372.279,0.000216735,2.78933,-0.216304,-1.19903,4.02359
-0.123423,372.279,0.000217143,2.71448,-0.238606,-1.09281,3.84702
-0.123423,372.279,0.000217551,2.62892,-0.258596,-0.979494,3.65224
-0.123423,372.279,0.000217959,2.53298,-0.27616,-0.860661,3.44114
-0.123423,372.279,0.000218367,2.42705,-0.29122,-0.73793,3.2157
-0.123423,372.279,0.000218776,2.31154,-0.303729,-0.612945,2.97797
-0.123423,372.279,0.000219184,2.18691,-0.313675,-0.487339,2.73003
-0.123423,372.279,0.000219592,2.05364,-0.321077,-0.362716,2.47397
-0.123423,372.279,0.00022,1.91227,-0.325988,-0.240622,2.21187
-0.123423,372.279,0.000220408,1.76336,-0.328488,-0.122524,1.94576
-0.123423,372.279,0.000220816,1.60748,-0.328688,-0.00978664,1.6776
-0.123423,372.279,0.000221224,1.44526,-0.326722,0.0963473,1.40928
-0.123423,372.279,0.000221633,1.27734,-0.322747,0.194775,1.14257
-0.123423,372.279,0.000222041,1.10437,-0.31694,0.284547,0.879107
-0.123423,372.279,0.000222449,0.927051,-0.309493,0.364884,0.620381
-0.123423,372.279,0.000222857,0.74607,-0.300612,0.435182,0.367733
-0.123423,372.279,0.000223265,0.562144,-0.290509,0.495022,0.122336
-0.123423,372.279,0.000223673,0.376,-0.279404,0.544173,-0.114814
-0.123423,372.279,0.000224082,0.188372,-0.267514,0.58259,-0.342899
-0.123423,372.279,0.00022449,1.46993e-014,-0.255057,0.610413,-0.561278
-0.123423,372.279,0.000224898,-0.188372,-0.242241,0.627963,-0.769487
-0.123423,372.279,0.000225306,-0.376,-0.229267,0.635729,-0.967235
-0.123423,372.279,0.000225714,-0.562144,-0.216321,0.634358,-1.15439
-0.123423,372.279,0.000226122,-0.74607,-0.203573,0.624643,-1.33098
-0.123423,372.279,0.000226531,-0.927051,-0.191175,0.607502,-1.49716
-0.123423,372.279,0.000226939,-1.10437,-0.179257,0.583964,-1.65322
-0.123423,372.279,0.000227347,-1.27734,-0.167928,0.555143,-1.79956
-0.123423,372.279,0.000227755,-1.44526,-0.15727,0.522223,-1.93664
-0.123423,372.279,0.000228163,-1.60748,-0.147343,0.48643,-2.06502
-0.123423,372.279,0.000228571,-1.76336,-0.13818,0.449012,-2.1853
-0.123423,372.279,0.00022898,-1.91227,-0.129788,0.411212,-2.2981
-0.123423,372.279,0.000229388,-2.05364,-0.12215,0.374251,-2.40405
-0.123423,372.279,0.000229796,-2.18691,-0.115225,0.339298,-2.50377
-0.123423,372.279,0.000230204,-2.31154,-0.108951,0.307453,-2.59783
-0.123423,372.279,0.000230612,-2.42705,-0.103242,0.279729,-2.68677
-0.123423,372.279,0.00023102,-2.53298,-0.0979967,0.257027,-2.77105
-0.123423,372.279,0.000231429,-2.62892,-0.0930962,0.240125,-2.85105
-0.123423,372.279,0.000231837,-2.71448,-0.0884092,0.22966,-2.92704
-0.123423,372.279,0.000232245,-2.78933,-0.0837945,0.226122,-2.99921
-0.123423,372.279,0.000232653,-2.85317,-0.0791039,0.229838,-3.06762
-0.123423,372.279,0.000233061,-2.90575,-0.0741861,0.240971,-3.13219
-0.123423,372.279,0.000233469,-2.94686,-0.0688899,0.259516,-3.19275
-0.123423,372.279,0.000233878,-2.97634,-0.0630675,0.285297,-3.24899
-0.123423,372.279,0.000234286,-2.99408,-0.0565782,0.317975,-3.30047
-0.123423,372.279,0.000234694,-3,-0.0492915,0.35705,-3.34666
-0.123423,372.279,0.000235102,-2.99408,-0.0410901,0.401869,-3.3869
-0.123423,372.279,0.00023551,-2.97634,-0.0318729,0.451642,-3.42044
-0.123423,372.279,0.000235918,-2.94686,-0.0215576,0.50545,-3.44646
-0.123423,372.279,0.000236327,-2.90575,-0.0100828,0.562266,-3.46406
-0.123423,372.279,0.000236735,-2.85317,0.00259006,0.620969,-3.47229
-0.123423,372.279,0.000237143,-2.78933,0.0164751,0.680367,-3.47017
-0.123423,372.279,0.000237551,-2.71448,0.0315611,0.739216,-3.45672
-0.123423,372.279,0.000237959,-2.62892,0.047811,0.796242,-3.43096
-0.123423,372.279,0.000238367,-2.53298,0.0651612,0.850164,-3.39193
-0.123423,372.279,0.000238776,-2.42705,0.0835228,0.899717,-3.33874
-0.123423,372.279,0.000239184,-2.31154,0.102781,0.943674,-3.27055
-0.123423,372.279,0.000239592,-2.18691,0.122799,0.980867,-3.18665
-0.123423,372.279,0.00024,-2.05364,0.143416,1.01021,-3.08641
-0.123423,372.279,0.000240408,-1.91227,0.164451,1.03072,-2.96933
-0.123423,372.279,0.000240816,-1.76336,0.185706,1.04153,-2.83509
-0.123423,372.279,0.000241224,-1.60748,0.20697,1.0419,-2.68349
-0.123423,372.279,0.000241633,-1.44526,0.228016,1.03126,-2.51454
-0.123423,372.279,0.000242041,-1.27734,0.248611,1.00918,-2.3284
-0.123423,372.279,0.000242449,-1.10437,0.268518,0.975415,-2.12545
-0.123423,372.279,0.000242857,-0.927051,0.287495,0.929883,-1.90625
-0.123423,372.279,0.000243265,-0.74607,0.305305,0.872689,-1.67156
-0.123423,372.279,0.000243673,-0.562144,0.321716,0.804115,-1.42234
-0.123423,372.279,0.000244082,-0.376,0.336504,0.72462,-1.15971
-0.123423,372.279,0.00024449,-0.188372,0.34946,0.634835,-0.885014
-0.123423,372.279,0.000244898,-4.40858e-015,0.360389,0.535554,-0.599741
-0.123423,372.279,0.0022449,2.35368e-014,0.30228,0.0172675,-0.0727235
-0.123423,372.279,0.00224531,0.188372,0.301439,-0.0411845,0.174035
-0.123423,372.279,0.00224571,0.376,0.299409,-0.0994747,0.420108
-0.123423,372.279,0.00224612,0.562144,0.296197,-0.157373,0.664524
-0.123423,372.279,0.00224653,0.74607,0.291817,-0.214651,0.906317
-0.123423,372.279,0.00224694,0.927051,0.286284,-0.271083,1.14453
-0.123423,372.279,0.00224735,1.10437,0.279622,-0.326446,1.37824
-0.123423,372.279,0.00224776,1.27734,0.271856,-0.380521,1.6065
-0.123423,372.279,0.00224816,1.44526,0.263018,-0.433095,1.82842
-0.123423,372.279,0.00224857,1.60748,0.253141,-0.483961,2.04313
-0.123423,372.279,0.00224898,1.76336,0.242265,-0.532917,2.24978
-0.123423,372.279,0.00224939,1.91227,0.230433,-0.579771,2.44754
-0.123423,372.279,0.0022498,2.05364,0.217692,-0.624337,2.63565
-0.123423,372.279,0.0022502,2.18691,0.204091,-0.666439,2.81336
-0.123423,372.279,0.00225061,2.31154,0.189684,-0.705912,2.97997
-0.123423,372.279,0.00225102,2.42705,0.174529,-0.742599,3.13481
-0.123423,372.279,0.00225143,2.53298,0.158685,-0.776356,3.27728
-0.123423,372.279,0.00225184,2.62892,0.142215,-0.807048,3.40682
-0.123423,372.279,0.00225224,2.71448,0.125183,-0.834556,3.52292
-0.123423,372.279,0.00225265,2.78933,0.107657,-0.85877,3.62511
-0.123423,372.279,0.00225306,2.85317,0.0897064,-0.879594,3.71299
-0.123423,372.279,0.00225347,2.90575,0.0714014,-0.896947,3.78622
-0.123423,372.279,0.00225388,2.94686,0.0528144,-0.910759,3.84451
-0.123423,372.279,0.00225429,2.97634,0.034019,-0.920977,3.88762
-0.123423,372.279,0.00225469,2.99408,0.0150892,-0.927559,3.91539
-0.123423,372.279,0.0022551,3,-0.00390016,-0.93048,3.92771
-0.123423,372.279,0.00225551,2.99408,-0.0228742,-0.929728,3.92452
-0.123423,372.279,0.00225592,2.97634,-0.041758,-0.925306,3.90585
-0.123423,372.279,0.00225633,2.94686,-0.060477,-0.917232,3.87176
-0.123423,372.279,0.00225673,2.90575,-0.0789574,-0.905537,3.82239
-0.123423,372.279,0.00225714,2.85317,-0.0971261,-0.890268,3.75794
-0.123423,372.279,0.00225755,2.78933,-0.114912,-0.871484,3.67865
-0.123423,372.279,0.00225796,2.71448,-0.132243,-0.84926,3.58485
-0.123423,372.279,0.00225837,2.62892,-0.149053,-0.823684,3.47689
-0.123423,372.279,0.00225878,2.53298,-0.165275,-0.794857,3.35522
-0.123423,372.279,0.00225918,2.42705,-0.180844,-0.762892,3.2203
-0.123423,372.279,0.00225959,2.31154,-0.195699,-0.727916,3.07267
-0.123423,372.279,0.00226,2.18691,-0.209782,-0.690067,2.91292
-0.123423,372.279,0.00226041,2.05364,-0.223037,-0.649494,2.74167
-0.123423,372.279,0.00226082,1.91227,-0.235412,-0.606357,2.55959
-0.123423,372.279,0.00226122,1.76336,-0.246858,-0.560827,2.36742
-0.123423,372.279,0.00226163,1.60748,-0.257329,-0.513084,2.16591
-0.123423,372.279,0.00226204,1.44526,-0.266784,-0.463316,1.95584
-0.123423,372.279,0.00226245,1.27734,-0.275186,-0.411719,1.73806
-0.123423,372.279,0.00226286,1.10437,-0.282503,-0.358498,1.51342
-0.123423,372.279,0.00226327,0.927051,-0.288704,-0.303863,1.2828
-0.123423,372.279,0.00226367,0.74607,-0.293766,-0.248028,1.04713
-0.123423,372.279,0.00226408,0.562144,-0.297668,-0.191215,0.807316
-0.123423,372.279,0.00226449,0.376,-0.300396,-0.133648,0.564322
-0.123423,372.279,0.0022649,0.188372,-0.301938,-0.0755546,0.319101
-0.123423,372.279,0.00226531,1.79335e-013,-0.302288,-0.0171632,0.0726212
-0.123423,372.279,0.00226571,-0.188372,-0.301445,0.0412952,-0.174144
-0.123423,372.279,0.00226612,-0.376,-0.299413,0.0995899,-0.420222
-0.123423,372.279,0.00226653,-0.562144,-0.296199,0.157491,-0.664641
-0.123423,372.279,0.00226694,-0.74607,-0.291816,0.21477,-0.906435
-0.123423,372.279,0.00226735,-0.927051,-0.286281,0.2712,-1.14465
-0.123423,372.279,0.00226776,-1.10437,-0.279616,0.326559,-1.37835
-0.123423,372.279,0.00226816,-1.27734,-0.271848,0.380629,-1.60661
-0.123423,372.279,0.00226857,-1.44526,-0.263008,0.433197,-1.82853
-0.123423,372.279,0.00226898,-1.60748,-0.253129,0.484054,-2.04323
-0.123423,372.279,0.00226939,-1.76336,-0.242251,0.533,-2.24986
-0.123423,372.279,0.0022698,-1.91227,-0.230418,0.579842,-2.44762
-0.123423,372.279,0.0022702,-2.05364,-0.217675,0.624395,-2.63572
-0.123423,372.279,0.00227061,-2.18691,-0.204074,0.666484,-2.81341
-0.123423,372.279,0.00227102,-2.31154,-0.189667,0.705943,-2.98
-0.123423,372.279,0.00227143,-2.42705,-0.174511,0.742615,-3.13483
-0.123423,372.279,0.00227184,-2.53298,-0.158667,0.776357,-3.27729
-0.123423,372.279,0.00227224,-2.62892,-0.142197,0.807035,-3.40681
-0.123423,372.279,0.00227265,-2.71448,-0.125166,0.834528,-3.52289
-0.123423,372.279,0.00227306,-2.78933,-0.107641,0.858727,-3.62507
-0.123423,372.279,0.00227347,-2.85317,-0.089691,0.879538,-3.71294
-0.123423,372.279,0.00227388,-2.90575,-0.0713874,0.896879,-3.78615
-0.123423,372.279,0.00227429,-2.94686,-0.0528021,0.91068,-3.84443
-0.123423,372.279,0.00227469,-2.97634,-0.0340084,0.920888,-3.88753
-0.123423,372.279,0.0022751,-2.99408,-0.0150806,0.927462,-3.9153
-0.123423,372.279,0.00227551,-3,0.00390662,0.930376,-3.92761
-0.123423,372.279,0.00227592,-2.99408,0.0228784,0.929619,-3.92442
-0.123423,372.279,0.00227633,-2.97634,0.04176,0.925194,-3.90574
-0.123423,372.279,0.00227673,-2.94686,0.0604767,0.917119,-3.87165
-0.123423,372.279,0.00227714,-2.90575,0.0789547,0.905425,-3.82228
-0.123423,372.279,0.00227755,-2.85317,0.0971212,0.890158,-3.75783
-0.123423,372.279,0.00227796,-2.78933,0.114904,0.871379,-3.67855
-0.123423,372.279,0.00227837,-2.71448,0.132234,0.849161,-3.58475
-0.123423,372.279,0.00227878,-2.62892,0.149042,0.823593,-3.4768
-0.123423,372.279,0.00227918,-2.53298,0.165262,0.794775,-3.35513
-0.123423,372.279,0.00227959,-2.42705,0.18083,0.762821,-3.22023
-0.123423,372.279,0.00228,-2.31154,0.195684,0.727856,-3.07261
-0.123423,372.279,0.00228041,-2.18691,0.209766,0.690019,-2.91287
-0.123423,372.279,0.00228082,-2.05364,0.22302,0.64946,-2.74163
-0.123423,372.279,0.00228122,-1.91227,0.235395,0.606337,-2.55957
-0.123423,372.279,0.00228163,-1.76336,0.24684,0.560822,-2.36741
-0.123423,372.279,0.00228204,-1.60748,0.257311,0.513093,-2.16591
-0.123423,372.279,0.00228245,-1.44526,0.266767,0.463339,-1.95586
-0.123423,372.279,0.00228286,-1.27734,0.27517,0.411756,-1.73809
-0.123423,372.279,0.00228327,-1.10437,0.282488,0.358548,-1.51346
-0.123423,372.279,0.00228367,-0.927051,0.28869,0.303924,-1.28286
-0.123423,372.279,0.00228408,-0.74607,0.293754,0.248101,-1.0472
-0.123423,372.279,0.00228449,-0.562144,0.297658,0.191298,-0.807397
-0.123423,372.279,0.0022849,-0.376,0.300387,0.133739,-0.564411
-0.123423,372.279,0.00228531,-0.188372,0.301931,0.0756523,-0.319197
-0.123423,372.279,0.00228571,-2.11677e-013,0.302283,0.0172661,-0.0727228
-0.123423,372.279,0.00228612,0.188372,0.301443,-0.0411889,0.174039
-0.123423,372.279,0.00228653,0.376,0.299412,-0.099482,0.420115
-0.123423,372.279,0.00228694,0.562144,0.2962,-0.157383,0.664533
-0.123423,372.279,0.00228735,0.74607,0.29182,-0.214664,0.906329
-0.123423,372.279,0.00228776,0.927051,0.286287,-0.271098,1.14455
-0.123423,372.279,0.00228816,1.10437,0.279624,-0.326463,1.37825
-0.123423,372.279,0.00228857,1.27734,0.271858,-0.38054,1.60652
-0.123423,372.279,0.00228898,1.44526,0.263019,-0.433115,1.82844
-0.123423,372.279,0.00228939,1.60748,0.253142,-0.483982,2.04315
-0.123423,372.279,0.0022898,1.76336,0.242266,-0.532939,2.2498
-0.123423,372.279,0.0022902,1.91227,0.230433,-0.579793,2.44757
-0.123423,372.279,0.00229061,2.05364,0.217691,-0.624359,2.63568
-0.123423,372.279,0.00229102,2.18691,0.20409,-0.666461,2.81338
-0.123423,372.279,0.00229143,2.31154,0.189683,-0.705933,2.97999
-0.123423,372.279,0.00229184,2.42705,0.174528,-0.74262,3.13483
-0.123423,372.279,0.00229224,2.53298,0.158683,-0.776375,3.2773
-0.123423,372.279,0.00229265,2.62892,0.142213,-0.807066,3.40684
-0.123423,372.279,0.00229306,2.71448,0.125181,-0.834571,3.52293
-0.123423,372.279,0.00229347,2.78933,0.107654,-0.858783,3.62512
-0.123423,372.279,0.00229388,2.85317,0.0897032,-0.879605,3.713
-0.123423,372.279,0.00229429,2.90575,0.071398,-0.896955,3.78623
-0.123423,372.279,0.00229469,2.94686,0.052811,-0.910764,3.84451
-0.123423,372.279,0.0022951,2.97634,0.0340155,-0.920979,3.88762
-0.123423,372.279,0.00229551,2.99408,0.0150858,-0.927559,3.91539
-0.123423,372.279,0.00229592,3,-0.00390357,-0.930477,3.92771
-0.123423,372.279,0.00229633,2.99408,-0.0228775,-0.929722,3.92452
-0.123423,372.279,0.00229673,2.97634,-0.0417611,-0.925298,3.90584
-0.123423,372.279,0.00229714,2.94686,-0.0604799,-0.917221,3.87175
-0.123423,372.279,0.00229755,2.90575,-0.07896,-0.905524,3.82238
-0.123423,372.279,0.00229796,2.85317,-0.0971284,-0.890252,3.75792
-0.123423,372.279,0.00229837,2.78933,-0.114913,-0.871467,3.67864
-0.123423,372.279,0.00229878,2.71448,-0.132245,-0.849241,3.58483
-0.123423,372.279,0.00229918,2.62892,-0.149054,-0.823664,3.47687
-0.123423,372.279,0.00229959,2.53298,-0.165276,-0.794836,3.3552
-0.123423,372.279,0.0023,2.42705,-0.180844,-0.762871,3.22028
-0.123423,372.279,0.00230041,2.31154,-0.195699,-0.727894,3.07265
-0.123423,372.279,0.00230082,2.18691,-0.209782,-0.690045,2.9129
-0.123423,372.279,0.00230122,2.05364,-0.223036,-0.649473,2.74165
-0.123423,372.279,0.00230163,1.91227,-0.235411,-0.606337,2.55957
-0.123423,372.279,0.00230204,1.76336,-0.246856,-0.560809,2.3674
-0.123423,372.279,0.00230245,1.60748,-0.257326,-0.513067,2.16589
-0.123423,372.279,0.00230286,1.44526,-0.266782,-0.463301,1.95583
-0.123423,372.279,0.00230327,1.27734,-0.275184,-0.411706,1.73804
-0.123423,372.279,0.00230367,1.10437,-0.2825,-0.358487,1.51341
-0.123423,372.279,0.00230408,0.927051,-0.288701,-0.303854,1.28279
-0.123423,372.279,0.00230449,0.74607,-0.293763,-0.248022,1.04712
-0.123423,372.279,0.0023049,0.562144,-0.297665,-0.191212,0.807313
-0.123423,372.279,0.00230531,0.376,-0.300392,-0.133648,0.564321
-0.123423,372.279,0.00230571,0.188372,-0.301934,-0.075557,0.319103
-0.123423,372.279,0.00230612,7.34886e-014,-0.302285,-0.0171683,0.0726256
-0.123423,372.279,0.00230653,-0.188372,-0.301442,0.0412876,-0.174137
-0.123423,372.279,0.00230694,-0.376,-0.29941,0.0995799,-0.420213
-0.123423,372.279,0.00230735,-0.562144,-0.296196,0.157479,-0.664629
-0.123423,372.279,0.00230776,-0.74607,-0.291813,0.214755,-0.906422
-0.123423,372.279,0.00230816,-0.927051,-0.286279,0.271184,-1.14464
-0.123423,372.279,0.00230857,-1.10437,-0.279615,0.326542,-1.37833
-0.123423,372.279,0.00230898,-1.27734,-0.271847,0.38061,-1.60659
-0.123423,372.279,0.00230939,-1.44526,-0.263007,0.433177,-1.82851
-0.123423,372.279,0.0023098,-1.60748,-0.253129,0.484033,-2.04321
-0.123423,372.279,0.0023102,-1.76336,-0.242252,0.532979,-2.24984
-0.123423,372.279,0.00231061,-1.91227,-0.230418,0.579821,-2.4476
-0.123423,372.279,0.00231102,-2.05364,-0.217676,0.624375,-2.63569
-0.123423,372.279,0.00231143,-2.18691,-0.204075,0.666465,-2.81339
-0.123423,372.279,0.00231184,-2.31154,-0.189668,0.705925,-2.97998
-0.123423,372.279,0.00231224,-2.42705,-0.174513,0.742598,-3.13481
-0.123423,372.279,0.00231265,-2.53298,-0.158669,0.776342,-3.27727
-0.123423,372.279,0.00231306,-2.62892,-0.1422,0.807021,-3.4068
-0.123423,372.279,0.00231347,-2.71448,-0.125169,0.834516,-3.52288
-0.123423,372.279,0.00231388,-2.78933,-0.107644,0.858718,-3.62506
-0.123423,372.279,0.00231429,-2.85317,-0.0896941,0.879532,-3.71293
-0.123423,372.279,0.00231469,-2.90575,-0.0713905,0.896875,-3.78615
-0.123423,372.279,0.0023151,-2.94686,-0.0528052,0.910679,-3.84443
-0.123423,372.279,0.00231551,-2.97634,-0.0340116,0.920889,-3.88753
-0.123423,372.279,0.00231592,-2.99408,-0.0150837,0.927466,-3.9153
-0.123423,372.279,0.00231633,-3,0.00390367,0.930382,-3.92761
-0.123423,372.279,0.00231673,-2.99408,0.0228757,0.929628,-3.92443
-0.123423,372.279,0.00231714,-2.97634,0.0417574,0.925206,-3.90575
-0.123423,372.279,0.00231755,-2.94686,0.0604744,0.917132,-3.87166
-0.123423,372.279,0.00231796,-2.90575,0.0789528,0.90544,-3.8223
-0.123423,372.279,0.00231837,-2.85317,0.0971196,0.890174,-3.75785
-0.123423,372.279,0.00231878,-2.78933,0.114903,0.871396,-3.67856
-0.123423,372.279,0.00231918,-2.71448,0.132233,0.84918,-3.58477
-0.123423,372.279,0.00231959,-2.62892,0.149042,0.823612,-3.47682
-0.123423,372.279,0.00232,-2.53298,0.165262,0.794794,-3.35515
-0.123423,372.279,0.00232041,-2.42705,0.18083,0.76284,-3.22025
-0.123423,372.279,0.00232082,-2.31154,0.195685,0.727875,-3.07263
-0.123423,372.279,0.00232122,-2.18691,0.209767,0.690038,-2.91289
-0.123423,372.279,0.00232163,-2.05364,0.223022,0.649478,-2.74165
-0.123423,372.279,0.00232204,-1.91227,0.235396,0.606354,-2.55959
-0.123423,372.279,0.00232245,-1.76336,0.246842,0.560837,-2.36743
-0.123423,372.279,0.00232286,-1.60748,0.257314,0.513106,-2.16592
-0.123423,372.279,0.00232327,-1.44526,0.26677,0.46335,-1.95587
-0.123423,372.279,0.00232367,-1.27734,0.275173,0.411765,-1.7381
-0.123423,372.279,0.00232408,-1.10437,0.282491,0.358555,-1.51347
-0.123423,372.279,0.00232449,-0.927051,0.288693,0.303929,-1.28287
-0.123423,372.279,0.0023249,-0.74607,0.293757,0.248103,-1.0472
-0.123423,372.279,0.00232531,-0.562144,0.297661,0.191297,-0.807396
-0.123423,372.279,0.00232571,-0.376,0.30039,0.133736,-0.564408
-0.123423,372.279,0.00232612,-0.188372,0.301934,0.0756467,-0.319192
-0.123423,372.279,0.00232653,-1.0583e-013,0.302286,0.0172583,-0.0727155
-0.123423,372.279,0.00232694,0.188372,0.301445,-0.0411989,0.174049
-0.123423,372.279,0.00232735,0.376,0.299415,-0.099494,0.420126
-0.123423,372.279,0.00232776,0.562144,0.296202,-0.157397,0.664546
-0.123423,372.279,0.00232816,0.74607,0.291821,-0.214679,0.906344
-0.123423,372.279,0.00232857,0.927051,0.286288,-0.271114,1.14457
-0.123423,372.279,0.00232898,1.10437,0.279625,-0.32648,1.37827
-0.123423,372.279,0.00232939,1.27734,0.271859,-0.380558,1.60654
-0.123423,372.279,0.0023298,1.44526,0.263019,-0.433134,1.82846
-0.123423,372.279,0.0023302,1.60748,0.253142,-0.484001,2.04317
-0.123423,372.279,0.00233061,1.76336,0.242265,-0.532958,2.24982
-0.123423,372.279,0.00233102,1.91227,0.230432,-0.579811,2.44759
-0.123423,372.279,0.00233143,2.05364,0.21769,-0.624376,2.63569
-0.123423,372.279,0.00233184,2.18691,0.204088,-0.666478,2.8134
-0.123423,372.279,0.00233224,2.31154,0.189681,-0.705948,2.98
-0.123423,372.279,0.00233265,2.42705,0.174526,-0.742633,3.13484
-0.123423,372.279,0.00233306,2.53298,0.158681,-0.776386,3.27731
-0.123423,372.279,0.00233347,2.62892,0.14221,-0.807075,3.40685
-0.123423,372.279,0.00233388,2.71448,0.125178,-0.834578,3.52294
-0.123423,372.279,0.00233429,2.78933,0.107651,-0.858788,3.62513
-0.123423,372.279,0.00233469,2.85317,0.0897003,-0.879607,3.713
-0.123423,372.279,0.0023351,2.90575,0.0713951,-0.896955,3.78623
-0.123423,372.279,0.00233551,2.94686,0.0528082,-0.910762,3.84451
-0.123423,372.279,0.00233592,2.97634,0.0340128,-0.920974,3.88762
-0.123423,372.279,0.00233633,2.99408,0.0150831,-0.927552,3.91538
-0.123423,372.279,0.00233673,3,-0.00390601,-0.930468,3.9277
-0.123423,372.279,0.00233714,2.99408,-0.0228797,-0.929711,3.92451
-0.123423,372.279,0.00233755,2.97634,-0.0417631,-0.925285,3.90583
-0.123423,372.279,0.00233796,2.94686,-0.0604816,-0.917207,3.87174
-0.123423,372.279,0.00233837,2.90575,-0.0789613,-0.905508,3.82237
-0.123423,372.279,0.00233878,2.85317,-0.0971294,-0.890236,3.75791
-0.123423,372.279,0.00233918,2.78933,-0.114914,-0.871449,3.67862
-0.123423,372.279,0.00233959,2.71448,-0.132245,-0.849224,3.58481
-0.123423,372.279,0.00234,2.62892,-0.149054,-0.823646,3.47686
-0.123423,372.279,0.00234041,2.53298,-0.165275,-0.794818,3.35518
-0.123423,372.279,0.00234082,2.42705,-0.180844,-0.762853,3.22026
-0.123423,372.279,0.00234122,2.31154,-0.195698,-0.727878,3.07263
-0.123423,372.279,0.00234163,2.18691,-0.20978,-0.690029,2.91288
-0.123423,372.279,0.00234204,2.05364,-0.223035,-0.649458,2.74163
-0.123423,372.279,0.00234245,1.91227,-0.235409,-0.606324,2.55956
-0.123423,372.279,0.00234286,1.76336,-0.246853,-0.560797,2.36739
-0.123423,372.279,0.00234327,1.60748,-0.257324,-0.513057,2.16588
-0.123423,372.279,0.00234367,1.44526,-0.266779,-0.463293,1.95582
-0.123423,372.279,0.00234408,1.27734,-0.275181,-0.411701,1.73804
-0.123423,372.279,0.00234449,1.10437,-0.282497,-0.358484,1.5134
-0.123423,372.279,0.0023449,0.927051,-0.288698,-0.303854,1.28279
-0.123423,372.279,0.00234531,0.74607,-0.29376,-0.248024,1.04712
-0.123423,372.279,0.00234571,0.562144,-0.297662,-0.191216,0.807316
-0.123423,372.279,0.00234612,0.376,-0.30039,-0.133654,0.564326
-0.123423,372.279,0.00234653,0.188372,-0.301932,-0.0755649,0.31911
-0.123423,372.279,0.00234694,1.38172e-013,-0.302283,-0.0171781,0.072635
-0.123423,372.279,0.00234735,-0.188372,-0.30144,0.041276,-0.174126
-0.123423,372.279,0.00234776,-0.376,-0.299408,0.0995667,-0.4202
-0.123423,372.279,0.00234816,-0.562144,-0.296195,0.157464,-0.664615
-0.123423,372.279,0.00234857,-0.74607,-0.291812,0.21474,-0.906406
-0.123423,372.279,0.00234898,-0.927051,-0.286278,0.271167,-1.14462
-0.123423,372.279,0.00234939,-1.10437,-0.279614,0.326525,-1.37832
-0.123423,372.279,0.0023498,-1.27734,-0.271847,0.380593,-1.60657
-0.123423,372.279,0.0023502,-1.44526,-0.263007,0.43316,-1.82849
-0.123423,372.279,0.00235061,-1.60748,-0.253129,0.484016,-2.04319
-0.123423,372.279,0.00235102,-1.76336,-0.242253,0.532963,-2.24983
-0.123423,372.279,0.00235143,-1.91227,-0.23042,0.579806,-2.44758
-0.123423,372.279,0.00235184,-2.05364,-0.217678,0.624361,-2.63568
-0.123423,372.279,0.00235224,-2.18691,-0.204077,0.666452,-2.81338
-0.123423,372.279,0.00235265,-2.31154,-0.18967,0.705913,-2.97997
-0.123423,372.279,0.00235306,-2.42705,-0.174515,0.742589,-3.1348
-0.123423,372.279,0.00235347,-2.53298,-0.158672,0.776334,-3.27726
-0.123423,372.279,0.00235388,-2.62892,-0.142202,0.807016,-3.40679
-0.123423,372.279,0.00235429,-2.71448,-0.125171,0.834513,-3.52288
-0.123423,372.279,0.00235469,-2.78933,-0.107646,0.858717,-3.62506
-0.123423,372.279,0.0023551,-2.85317,-0.0896967,0.879533,-3.71293
-0.123423,372.279,0.00235551,-2.90575,-0.0713931,0.896878,-3.78615
-0.123423,372.279,0.00235592,-2.94686,-0.0528077,0.910684,-3.84443
-0.123423,372.279,0.00235633,-2.97634,-0.0340139,0.920896,-3.88754
-0.123423,372.279,0.00235673,-2.99408,-0.0150859,0.927474,-3.91531
-0.123423,372.279,0.00235714,-3,0.00390174,0.930393,-3.92762
-0.123423,372.279,0.00235755,-2.99408,0.022874,0.92964,-3.92444
-0.123423,372.279,0.00235796,-2.97634,0.041756,0.925219,-3.90576
-0.123423,372.279,0.00235837,-2.94686,0.0604733,0.917147,-3.87168
-0.123423,372.279,0.00235878,-2.90575,0.078952,0.905455,-3.82231
-0.123423,372.279,0.00235918,-2.85317,0.0971191,0.89019,-3.75786
-0.123423,372.279,0.00235959,-2.78933,0.114903,0.871413,-3.67858
-0.123423,372.279,0.00236,-2.71448,0.132234,0.849196,-3.58478
-0.123423,372.279,0.00236041,-2.62892,0.149042,0.823628,-3.47684
-0.123423,372.279,0.00236082,-2.53298,0.165263,0.79481,-3.35517
-0.123423,372.279,0.00236122,-2.42705,0.180831,0.762855,-3.22026
-0.123423,372.279,0.00236163,-2.31154,0.195686,0.727889,-3.07264
-0.123423,372.279,0.00236204,-2.18691,0.209769,0.690051,-2.9129
-0.123423,372.279,0.00236245,-2.05364,0.223024,0.649489,-2.74166
-0.123423,372.279,0.00236286,-1.91227,0.235399,0.606363,-2.5596
-0.123423,372.279,0.00236327,-1.76336,0.246844,0.560844,-2.36744
-0.123423,372.279,0.00236367,-1.60748,0.257316,0.513112,-2.16593
-0.123423,372.279,0.00236408,-1.44526,0.266772,0.463354,-1.95588
-0.123423,372.279,0.00236449,-1.27734,0.275176,0.411767,-1.7381
-0.123423,372.279,0.0023649,-1.10437,0.282493,0.358554,-1.51347
-0.123423,372.279,0.00236531,-0.927051,0.288696,0.303926,-1.28286
-0.123423,372.279,0.00236571,-0.74607,0.293759,0.248099,-1.04719
-0.123423,372.279,0.00236612,-0.562144,0.297663,0.191291,-0.807391
-0.123423,372.279,0.00236653,-0.376,0.300392,0.133728,-0.564401
-0.123423,372.279,0.00236694,-0.188372,0.301936,0.0756371,-0.319183
-0.123423,372.279,0.00236735,1.6263e-017,0.302288,0.0172471,-0.0727046
-0.123423,372.279,0.00236776,0.188372,0.301447,-0.0412114,0.174061
-0.123423,372.279,0.00236816,0.376,0.299416,-0.0995076,0.42014
-0.123423,372.279,0.00236857,0.562144,0.296203,-0.157411,0.664561
-0.123423,372.279,0.00236898,0.74607,0.291822,-0.214694,0.906359
-0.123423,372.279,0.00236939,0.927051,0.286289,-0.27113,1.14458
-0.123423,372.279,0.0023698,1.10437,0.279625,-0.326496,1.37829
-0.123423,372.279,0.0023702,1.27734,0.271859,-0.380573,1.60655
-0.123423,372.279,0.00237061,1.44526,0.263019,-0.433149,1.82848
-0.123423,372.279,0.00237102,1.60748,0.253141,-0.484015,2.04319
-0.123423,372.279,0.00237143,1.76336,0.242264,-0.532971,2.24983
-0.123423,372.279,0.00237184,1.91227,0.230431,-0.579824,2.4476
-0.123423,372.279,0.00237224,2.05364,0.217688,-0.624388,2.63571
-0.123423,372.279,0.00237265,2.18691,0.204086,-0.666487,2.81341
-0.123423,372.279,0.00237306,2.31154,0.189679,-0.705956,2.98001
-0.123423,372.279,0.00237347,2.42705,0.174523,-0.742639,3.13485
-0.123423,372.279,0.00237388,2.53298,0.158679,-0.77639,3.27732
-0.123423,372.279,0.00237429,2.62892,0.142208,-0.807077,3.40685
-0.123423,372.279,0.00237469,2.71448,0.125175,-0.834579,3.52294
-0.123423,372.279,0.0023751,2.78933,0.107649,-0.858786,3.62512
-0.123423,372.279,0.00237551,2.85317,0.089698,-0.879604,3.713
-0.123423,372.279,0.00237592,2.90575,0.0713929,-0.896949,3.78622
-0.123423,372.279,0.00237633,2.94686,0.0528061,-0.910755,3.8445
-0.123423,372.279,0.00237673,2.97634,0.0340109,-0.920966,3.88761
-0.123423,372.279,0.00237714,2.99408,0.0150814,-0.927541,3.91537
-0.123423,372.279,0.00237755,3,-0.00390745,-0.930456,3.92769
-0.123423,372.279,0.00237796,2.99408,-0.0228809,-0.929698,3.9245
-0.123423,372.279,0.00237837,2.97634,-0.041764,-0.925271,3.90582
-0.123423,372.279,0.00237878,2.94686,-0.0604822,-0.917192,3.87172
-0.123423,372.279,0.00237918,2.90575,-0.0789616,-0.905493,3.82235
-0.123423,372.279,0.00237959,2.85317,-0.0971294,-0.890221,3.75789
-0.123423,372.279,0.00238,2.78933,-0.114914,-0.871434,3.6786
-0.123423,372.279,0.00238041,2.71448,-0.132245,-0.849209,3.5848
-0.123423,372.279,0.00238082,2.62892,-0.149053,-0.823632,3.47684
-0.123423,372.279,0.00238122,2.53298,-0.165274,-0.794805,3.35517
-0.123423,372.279,0.00238163,2.42705,-0.180842,-0.762841,3.22025
-0.123423,372.279,0.00238204,2.31154,-0.195697,-0.727866,3.07262
-0.123423,372.279,0.00238245,2.18691,-0.209779,-0.69002,2.91287
-0.123423,372.279,0.00238286,2.05364,-0.223033,-0.64945,2.74162
-0.123423,372.279,0.00238327,1.91227,-0.235406,-0.606317,2.55955
-0.123423,372.279,0.00238367,1.76336,-0.246851,-0.560792,2.36739
-0.123423,372.279,0.00238408,1.60748,-0.257322,-0.513054,2.16587
-0.123423,372.279,0.00238449,1.44526,-0.266777,-0.463292,1.95582
-0.123423,372.279,0.0023849,1.27734,-0.275179,-0.411702,1.73804
-0.123423,372.279,0.00238531,1.10437,-0.282495,-0.358487,1.5134
-0.123423,372.279,0.00238571,0.927051,-0.288696,-0.303858,1.2828
-0.123423,372.279,0.00238612,0.74607,-0.293758,-0.24803,1.04713
-0.123423,372.279,0.00238653,0.562144,-0.29766,-0.191224,0.807323
-0.123423,372.279,0.00238694,0.376,-0.300388,-0.133663,0.564335
-0.123423,372.279,0.00238735,0.188372,-0.301931,-0.0755756,0.319121
-0.123423,372.279,0.00238776,2.02856e-013,-0.302281,-0.01719,0.0726466
-0.123423,372.279,0.00238816,-0.188372,-0.301439,0.0412631,-0.174114
-0.123423,372.279,0.00238857,-0.376,-0.299408,0.0995532,-0.420186
-0.123423,372.279,0.00238898,-0.562144,-0.296194,0.15745,-0.664601
-0.123423,372.279,0.00238939,-0.74607,-0.291812,0.214725,-0.906392
-0.123423,372.279,0.0023898,-0.927051,-0.286278,0.271153,-1.14461
-0.123423,372.279,0.0023902,-1.10437,-0.279615,0.326511,-1.3783
-0.123423,372.279,0.00239061,-1.27734,-0.271848,0.38058,-1.60656
-0.123423,372.279,0.00239102,-1.44526,-0.263008,0.433147,-1.82848
-0.123423,372.279,0.00239143,-1.60748,-0.253131,0.484004,-2.04318
-0.123423,372.279,0.00239184,-1.76336,-0.242254,0.532952,-2.24981
-0.123423,372.279,0.00239224,-1.91227,-0.230421,0.579796,-2.44757
-0.123423,372.279,0.00239265,-2.05364,-0.21768,0.624353,-2.63567
-0.123423,372.279,0.00239306,-2.18691,-0.204079,0.666445,-2.81337
-0.123423,372.279,0.00239347,-2.31154,-0.189672,0.705908,-2.97996
-0.123423,372.279,0.00239388,-2.42705,-0.174518,0.742586,-3.1348
-0.123423,372.279,0.00239429,-2.53298,-0.158674,0.776332,-3.27726
-0.123423,372.279,0.00239469,-2.62892,-0.142204,0.807016,-3.40679
-0.123423,372.279,0.0023951,-2.71448,-0.125173,0.834515,-3.52288
-0.123423,372.279,0.00239551,-2.78933,-0.107648,0.858721,-3.62506
-0.123423,372.279,0.00239592,-2.85317,-0.0896987,0.879538,-3.71294
-0.123423,372.279,0.00239633,-2.90575,-0.0713949,0.896885,-3.78616
-0.123423,372.279,0.00239673,-2.94686,-0.0528094,0.910692,-3.84444
-0.123423,372.279,0.00239714,-2.97634,-0.0340154,0.920906,-3.88755
-0.123423,372.279,0.00239755,-2.99408,-0.0150871,0.927486,-3.91532
-0.123423,372.279,0.00239796,-3,0.00390075,0.930405,-3.92763
-0.123423,372.279,0.00239837,-2.99408,0.0228733,0.929653,-3.92445
-0.123423,372.279,0.00239878,-2.97634,0.0417556,0.925232,-3.90578
-0.123423,372.279,0.00239918,-2.94686,0.0604731,0.91716,-3.87169
-0.123423,372.279,0.00239959,-2.90575,0.0789521,0.905469,-3.82233
-0.123423,372.279,0.0024,-2.85317,0.0971195,0.890204,-3.75787
-0.123423,372.279,0.00240041,-2.78933,0.114904,0.871426,-3.67859
-0.123423,372.279,0.00240082,-2.71448,0.132235,0.849209,-3.58479
-0.123423,372.279,0.00240122,-2.62892,0.149043,0.82364,-3.47685
-0.123423,372.279,0.00240163,-2.53298,0.165264,0.794821,-3.35518
-0.123423,372.279,0.00240204,-2.42705,0.180833,0.762865,-3.22027
-0.123423,372.279,0.00240245,-2.31154,0.195688,0.727898,-3.07265
-0.123423,372.279,0.00240286,-2.18691,0.209771,0.690058,-2.91291
-0.123423,372.279,0.00240327,-2.05364,0.223026,0.649494,-2.74166
-0.123423,372.279,0.00240367,-1.91227,0.235401,0.606367,-2.5596
-0.123423,372.279,0.00240408,-1.76336,0.246847,0.560847,-2.36744
-0.123423,372.279,0.00240449,-1.60748,0.257318,0.513112,-2.16593
-0.123423,372.279,0.0024049,-1.44526,0.266774,0.463353,-1.95588
-0.123423,372.279,0.00240531,-1.27734,0.275178,0.411764,-1.7381
-0.123423,372.279,0.00240571,-1.10437,0.282495,0.35855,-1.51347
-0.123423,372.279,0.00240612,-0.927051,0.288698,0.30392,-1.28286
-0.123423,372.279,0.00240653,-0.74607,0.293761,0.248091,-1.04719
-0.123423,372.279,0.00240694,-0.562144,0.297664,0.191282,-0.807382
-0.123423,372.279,0.00240735,-0.376,0.300393,0.133718,-0.564391
-0.123423,372.279,0.00240776,-0.188372,0.301937,0.0756259,-0.319172
-0.123423,372.279,0.00240816,-2.35198e-013,0.302288,0.0172351,-0.0726928
-0.123423,372.279,0.00240857,0.188372,0.301447,-0.041224,0.174073
-0.123423,372.279,0.00240898,0.376,0.299416,-0.0995205,0.420152
-0.123423,372.279,0.00240939,0.562144,0.296203,-0.157425,0.664574
-0.123423,372.279,0.0024098,0.74607,0.291822,-0.214707,0.906372
-0.123423,372.279,0.0024102,0.927051,0.286288,-0.271143,1.14459
-0.123423,372.279,0.00241061,1.10437,0.279625,-0.326508,1.3783
-0.123423,372.279,0.00241102,1.27734,0.271858,-0.380585,1.60656
-0.123423,372.279,0.00241143,1.44526,0.263018,-0.43316,1.82849
-0.123423,372.279,0.00241184,1.60748,0.253139,-0.484025,2.0432
-0.123423,372.279,0.00241224,1.76336,0.242262,-0.53298,2.24984
-0.123423,372.279,0.00241265,1.91227,0.230429,-0.579831,2.44761
-0.123423,372.279,0.00241306,2.05364,0.217686,-0.624393,2.63571
-0.123423,372.279,0.00241347,2.18691,0.204084,-0.666491,2.81341
-0.123423,372.279,0.00241388,2.31154,0.189677,-0.705959,2.98001
-0.123423,372.279,0.00241429,2.42705,0.174521,-0.74264,3.13485
-0.123423,372.279,0.00241469,2.53298,0.158677,-0.776389,3.27732
-0.123423,372.279,0.0024151,2.62892,0.142206,-0.807075,3.40685
-0.123423,372.279,0.00241551,2.71448,0.125173,-0.834575,3.52294
-0.123423,372.279,0.00241592,2.78933,0.107647,-0.85878,3.62512
-0.123423,372.279,0.00241633,2.85317,0.0896964,-0.879597,3.71299
-0.123423,372.279,0.00241673,2.90575,0.0713915,-0.896941,3.78622
-0.123423,372.279,0.00241714,2.94686,0.0528048,-0.910745,3.84449
-0.123423,372.279,0.00241755,2.97634,0.0340098,-0.920955,3.8876
-0.123423,372.279,0.00241796,2.99408,0.0150806,-0.92753,3.91536
-0.123423,372.279,0.00241837,3,-0.00390802,-0.930444,3.92767
-0.123423,372.279,0.00241878,2.99408,-0.0228812,-0.929686,3.92448
-0.123423,372.279,0.00241918,2.97634,-0.041764,-0.925259,3.90581
-0.123423,372.279,0.00241959,2.94686,-0.060482,-0.91718,3.87171
-0.123423,372.279,0.00242,2.90575,-0.0789612,-0.905481,3.82234
-0.123423,372.279,0.00242041,2.85317,-0.0971287,-0.890209,3.75788
-0.123423,372.279,0.00242082,2.78933,-0.114913,-0.871423,3.67859
-0.123423,372.279,0.00242122,2.71448,-0.132243,-0.849199,3.58479
-0.123423,372.279,0.00242163,2.62892,-0.149052,-0.823623,3.47683
-0.123423,372.279,0.00242204,2.53298,-0.165272,-0.794796,3.35516
-0.123423,372.279,0.00242245,2.42705,-0.18084,-0.762834,3.22024
-0.123423,372.279,0.00242286,2.31154,-0.195695,-0.727861,3.07262
-0.123423,372.279,0.00242327,2.18691,-0.209777,-0.690015,2.91287
-0.123423,372.279,0.00242367,2.05364,-0.223031,-0.649447,2.74162
-0.123423,372.279,0.00242408,1.91227,-0.235405,-0.606316,2.55955
-0.123423,372.279,0.00242449,1.76336,-0.246849,-0.560793,2.36739
-0.123423,372.279,0.0024249,1.60748,-0.25732,-0.513056,2.16588
-0.123423,372.279,0.00242531,1.44526,-0.266775,-0.463296,1.95582
-0.123423,372.279,0.00242571,1.27734,-0.275177,-0.411707,1.73804
-0.123423,372.279,0.00242612,1.10437,-0.282493,-0.358493,1.51341
-0.123423,372.279,0.00242653,0.927051,-0.288695,-0.303866,1.2828
-0.123423,372.279,0.00242694,0.74607,-0.293757,-0.248039,1.04713
-0.123423,372.279,0.00242735,0.562144,-0.297659,-0.191234,0.807333
-0.123423,372.279,0.00242776,0.376,-0.300387,-0.133674,0.564346
-0.123423,372.279,0.00242816,0.188372,-0.30193,-0.0755868,0.319132
-0.123423,372.279,0.00242857,9.70092e-014,-0.302281,-0.0172016,0.0726581
-0.123423,372.279,0.00242898,-0.188372,-0.301439,0.0412513,-0.174102
-0.123423,372.279,0.00242939,-0.376,-0.299408,0.0995412,-0.420175
-0.123423,372.279,0.0024298,-0.562144,-0.296195,0.157438,-0.664589
-0.123423,372.279,0.0024302,-0.74607,-0.291813,0.214714,-0.906381
-0.123423,372.279,0.00243061,-0.927051,-0.286279,0.271142,-1.14459
-0.123423,372.279,0.00243102,-1.10437,-0.279616,0.3265,-1.37829
-0.123423,372.279,0.00243143,-1.27734,-0.271849,0.38057,-1.60655
-0.123423,372.279,0.00243184,-1.44526,-0.26301,0.433138,-1.82847
-0.123423,372.279,0.00243224,-1.60748,-0.253132,0.483997,-2.04317
-0.123423,372.279,0.00243265,-1.76336,-0.242256,0.532946,-2.24981
-0.123423,372.279,0.00243306,-1.91227,-0.230423,0.579792,-2.44757
-0.123423,372.279,0.00243347,-2.05364,-0.217681,0.62435,-2.63567
-0.123423,372.279,0.00243388,-2.18691,-0.20408,0.666444,-2.81337
-0.123423,372.279,0.00243429,-2.31154,-0.189674,0.705908,-2.97996
-0.123423,372.279,0.00243469,-2.42705,-0.174519,0.742587,-3.1348
-0.123423,372.279,0.0024351,-2.53298,-0.158676,0.776335,-3.27726
-0.123423,372.279,0.00243551,-2.62892,-0.142206,0.80702,-3.4068
-0.123423,372.279,0.00243592,-2.71448,-0.125175,0.834521,-3.52288
-0.123423,372.279,0.00243633,-2.78933,-0.10765,0.858728,-3.62507
-0.123423,372.279,0.00243673,-2.85317,-0.0897,0.879546,-3.71294
-0.123423,372.279,0.00243714,-2.90575,-0.071396,0.896894,-3.78617
-0.123423,372.279,0.00243755,-2.94686,-0.0528102,0.910702,-3.84445
-0.123423,372.279,0.00243796,-2.97634,-0.034016,0.920916,-3.88756
-0.123423,372.279,0.00243837,-2.99408,-0.0150875,0.927497,-3.91533
-0.123423,372.279,0.00243878,-3,0.00390056,0.930416,-3.92765
-0.123423,372.279,0.00243918,-2.99408,0.0228733,0.929664,-3.92446
-0.123423,372.279,0.00243959,-2.97634,0.0417558,0.925244,-3.90579
-0.123423,372.279,0.00244,-2.94686,0.0604736,0.917171,-3.8717
-0.123423,372.279,0.00244041,-2.90575,0.0789528,0.905479,-3.82234
-0.123423,372.279,0.00244082,-2.85317,0.0971204,0.890214,-3.75789
-0.123423,372.279,0.00244122,-2.78933,0.114905,0.871435,-3.6786
-0.123423,372.279,0.00244163,-2.71448,0.132236,0.849217,-3.5848
-0.123423,372.279,0.00244204,-2.62892,0.149045,0.823647,-3.47686
-0.123423,372.279,0.00244245,-2.53298,0.165266,0.794827,-3.35519
-0.123423,372.279,0.00244286,-2.42705,0.180835,0.76287,-3.22028
-0.123423,372.279,0.00244327,-2.31154,0.19569,0.727901,-3.07266
-0.123423,372.279,0.00244367,-2.18691,0.209773,0.69006,-2.91291
-0.123423,372.279,0.00244408,-2.05364,0.223028,0.649495,-2.74167
-0.123423,372.279,0.00244449,-1.91227,0.235402,0.606366,-2.5596
-0.123423,372.279,0.0024449,-1.76336,0.246848,0.560844,-2.36744
-0.123423,372.279,0.00244531,-1.60748,0.25732,0.513109,-2.16593
-0.123423,372.279,0.00244571,-1.44526,0.266776,0.463348,-1.95587
-0.123423,372.279,0.00244612,-1.27734,0.275179,0.411758,-1.7381
-0.123423,372.279,0.00244653,-1.10437,0.282496,0.358542,-1.51346
-0.123423,372.279,0.00244694,-0.927051,0.288699,0.303912,-1.28285
-0.123423,372.279,0.00244735,-0.74607,0.293761,0.248082,-1.04718
-0.123423,372.279,0.00244776,-0.562144,0.297665,0.191272,-0.807372
-0.123423,372.279,0.00244816,-0.376,0.300394,0.133708,-0.56438
-0.123423,372.279,0.00244857,-0.188372,0.301937,0.0756152,-0.319161
-0.123423,372.279,0.00244898,-1.29351e-013,0.302288,0.0172242,-0.072682
