Amp, Phaseshift, Time, Vd, Vr, VL, VC
-0.190726,373.158,0,0,0,0,0
-0.190726,373.158,2.06186e-007,0.188372,0.00194197,0.188372,0
-0.190726,373.158,4.12371e-007,0.376,0.00579824,0.374058,0.000800814
-0.190726,373.158,6.18557e-007,0.562144,0.0115255,0.555545,0.00319184
-0.190726,373.158,8.24742e-007,0.74607,0.0190652,0.731352,0.00794463
-0.190726,373.158,1.03093e-006,0.927051,0.028344,0.900041,0.0158066
-0.190726,373.158,1.23711e-006,1.10437,0.0392741,1.06022,0.0274948
-0.190726,373.158,1.4433e-006,1.27734,0.0517542,1.21057,0.0436903
-0.190726,373.158,1.64948e-006,1.44526,0.0656699,1.34982,0.0650323
-0.190726,373.158,1.85567e-006,1.60748,0.0808944,1.47678,0.0921126
-0.190726,373.158,2.06186e-006,1.76336,0.0972897,1.59035,0.125471
-0.190726,373.158,2.26804e-006,1.91227,0.114707,1.68951,0.165591
-0.190726,373.158,2.47423e-006,2.05364,0.132989,1.77334,0.212893
-0.190726,373.158,2.68041e-006,2.18691,0.151969,1.84102,0.267734
-0.190726,373.158,2.8866e-006,2.31154,0.171472,1.89184,0.330401
-0.190726,373.158,3.09278e-006,2.42705,0.19132,1.92518,0.401111
-0.190726,373.158,3.29897e-006,2.53298,0.211325,1.94055,0.480006
-0.190726,373.158,3.50515e-006,2.62892,0.2313,1.93759,0.56715
-0.190726,373.158,3.71134e-006,2.71448,0.251053,1.91603,0.662532
-0.190726,373.158,3.91753e-006,2.78933,0.270391,1.87574,0.766059
-0.190726,373.158,4.12371e-006,2.85317,0.28912,1.81672,0.877561
-0.190726,373.158,4.3299e-006,2.90575,0.307048,1.73907,0.996785
-0.190726,373.158,4.53608e-006,2.94686,0.323987,1.64303,1.1234
-0.190726,373.158,4.74227e-006,2.97634,0.339749,1.52895,1.25701
-0.190726,373.158,4.94845e-006,2.99408,0.354155,1.39732,1.39711
-0.190726,373.158,5.15464e-006,3,0.367028,1.24874,1.54315
-0.190726,373.158,5.36082e-006,2.99408,0.378203,1.0839,1.6945
-0.190726,373.158,5.56701e-006,2.97634,0.387518,0.903638,1.85046
-0.190726,373.158,5.7732e-006,2.94686,0.394826,0.70888,2.01027
-0.190726,373.158,5.97938e-006,2.90575,0.399988,0.500658,2.17308
-0.190726,373.158,6.18557e-006,2.85317,0.402875,0.280102,2.33802
-0.190726,373.158,6.39175e-006,2.78933,0.403375,0.0484304,2.50416
-0.190726,373.158,6.59794e-006,2.71448,0.401385,-0.193051,2.6705
-0.190726,373.158,6.80412e-006,2.62892,0.396818,-0.442962,2.83602
-0.190726,373.158,7.01031e-006,2.53298,0.389603,-0.699851,2.99965
-0.190726,373.158,7.21649e-006,2.42705,0.379683,-0.962205,3.16031
-0.190726,373.158,7.42268e-006,2.31154,0.367019,-1.22846,3.31688
-0.190726,373.158,7.62887e-006,2.18691,0.351586,-1.497,3.46823
-0.190726,373.158,7.83505e-006,2.05364,0.333378,-1.76618,3.61322
-0.190726,373.158,8.04124e-006,1.91227,0.312405,-2.03432,3.75069
-0.190726,373.158,8.24742e-006,1.76336,0.288697,-2.29974,3.87952
-0.190726,373.158,8.45361e-006,1.60748,0.262297,-2.56074,3.99857
-0.190726,373.158,8.65979e-006,1.44526,0.233271,-2.81561,4.10673
-0.190726,373.158,8.86598e-006,1.27734,0.201697,-3.06267,4.20293
-0.190726,373.158,9.07216e-006,1.10437,0.167673,-3.30025,4.2861
-0.190726,373.158,9.27835e-006,0.927051,0.131315,-3.52672,4.35524
-0.190726,373.158,9.48454e-006,0.74607,0.0927537,-3.74049,4.4094
-0.190726,373.158,9.69072e-006,0.562144,0.0521351,-3.94001,4.44764
-0.190726,373.158,9.89691e-006,0.376,0.00962192,-4.12378,4.46914
-0.190726,373.158,1.01031e-005,0.188372,-0.0346089,-4.29039,4.47311
-0.190726,373.158,1.03093e-005,3.67382e-016,-0.0803667,-4.4385,4.45884
-0.190726,373.158,1.05155e-005,-0.188372,-0.127448,-4.56684,4.4257
-0.190726,373.158,1.07216e-005,-0.376,-0.175636,-4.67425,4.37314
-0.190726,373.158,1.09278e-005,-0.562144,-0.224704,-4.75965,4.30072
-0.190726,373.158,1.1134e-005,-0.74607,-0.274416,-4.82208,4.20805
-0.190726,373.158,1.13402e-005,-0.927051,-0.324527,-4.86069,4.09489
-0.190726,373.158,1.15464e-005,-1.10437,-0.374782,-4.87474,3.96107
-0.190726,373.158,1.17526e-005,-1.27734,-0.424922,-4.86362,3.80652
-0.190726,373.158,1.19588e-005,-1.44526,-0.474684,-4.82686,3.63129
-0.190726,373.158,1.21649e-005,-1.60748,-0.523798,-4.76409,3.43555
-0.190726,373.158,1.23711e-005,-1.76336,-0.571995,-4.6751,3.21955
-0.190726,373.158,1.25773e-005,-1.91227,-0.619003,-4.55982,2.98367
-0.190726,373.158,1.27835e-005,-2.05364,-0.664553,-4.41831,2.72841
-0.190726,373.158,1.29897e-005,-2.18691,-0.708375,-4.25077,2.45437
-0.190726,373.158,1.31959e-005,-2.31154,-0.750206,-4.05754,2.16226
-0.190726,373.158,1.34021e-005,-2.42705,-0.789784,-3.8391,1.8529
-0.190726,373.158,1.36082e-005,-2.53298,-0.826857,-3.5961,1.52721
-0.190726,373.158,1.38144e-005,-2.62892,-0.86118,-3.32927,1.18624
-0.190726,373.158,1.40206e-005,-2.71448,-0.892515,-3.03954,0.831114
-0.190726,373.158,1.42268e-005,-2.78933,-0.920638,-2.72793,0.463066
-0.190726,373.158,1.4433e-005,-2.85317,-0.945335,-2.3956,0.0834217
-0.190726,373.158,1.46392e-005,-2.90575,-0.966405,-2.04384,-0.306407
-0.190726,373.158,1.48454e-005,-2.94686,-0.983664,-1.67405,-0.704925
-0.190726,373.158,1.50515e-005,-2.97634,-0.996939,-1.28776,-1.11056
-0.190726,373.158,1.52577e-005,-2.99408,-1.00608,-0.886582,-1.52167
-0.190726,373.158,1.54639e-005,-3,-1.01095,-0.472252,-1.93655
-0.190726,373.158,1.56701e-005,-2.99408,-1.01143,-0.0465858,-2.35343
-0.190726,373.158,1.58763e-005,-2.97634,-1.00742,0.388516,-2.77052
-0.190726,373.158,1.60825e-005,-2.94686,-0.998855,0.831077,-3.18595
-0.190726,373.158,1.62887e-005,-2.90575,-0.985669,1.27905,-3.59785
-0.190726,373.158,1.64948e-005,-2.85317,-0.96783,1.73035,-4.00431
-0.190726,373.158,1.6701e-005,-2.78933,-0.945327,2.18281,-4.40341
-0.190726,373.158,1.69072e-005,-2.71448,-0.91817,2.63426,-4.79324
-0.190726,373.158,1.71134e-005,-2.62892,-0.886392,3.08249,-5.17187
-0.190726,373.158,1.73196e-005,-2.53298,-0.850049,3.52527,-5.53739
-0.190726,373.158,1.75258e-005,-2.42705,-0.80922,3.96039,-5.88792
-0.190726,373.158,1.7732e-005,-2.31154,-0.764007,4.3856,-6.22162
-0.190726,373.158,1.79381e-005,-2.18691,-0.714536,4.79872,-6.53668
-0.190726,373.158,1.81443e-005,-2.05364,-0.660953,5.19757,-6.83133
-0.190726,373.158,1.83505e-005,-1.91227,-0.603427,5.58001,-7.10389
-0.190726,373.158,1.85567e-005,-1.76336,-0.542149,5.94396,-7.35273
-0.190726,373.158,1.87629e-005,-1.60748,-0.477331,6.28739,-7.57629
-0.190726,373.158,1.89691e-005,-1.44526,-0.409203,6.60836,-7.77313
-0.190726,373.158,1.91753e-005,-1.27734,-0.338018,6.90499,-7.94187
-0.190726,373.158,1.93814e-005,-1.10437,-0.264043,7.17552,-8.08126
-0.190726,373.158,1.95876e-005,-0.927051,-0.187566,7.41825,-8.19015
-0.190726,373.158,1.97938e-005,-0.74607,-0.10889,7.63164,-8.26749
-0.190726,373.158,2e-005,-0.562144,-0.0283304,7.81424,-8.3124
-0.190726,373.158,2.02062e-005,-0.376,0.0537801,7.96473,-8.32408
-0.190726,373.158,2.04124e-005,-0.188372,0.137099,8.08193,-8.3019
-0.190726,373.158,2.06186e-005,-7.34764e-016,0.221272,8.1648,-8.24536
-0.190726,373.158,2.08247e-005,0.188372,0.305937,8.21246,-8.15412
-0.190726,373.158,2.10309e-005,0.376,0.390722,8.22418,-8.02796
-0.190726,373.158,2.12371e-005,0.562144,0.475252,8.19938,-7.86684
-0.190726,373.158,2.14433e-005,0.74607,0.559145,8.13765,-7.67086
-0.190726,373.158,2.16495e-005,0.927051,0.642019,8.03876,-7.44028
-0.190726,373.158,2.18557e-005,1.10437,0.723489,7.90264,-7.17553
-0.190726,373.158,2.20619e-005,1.27734,0.803174,7.72938,-6.87718
-0.190726,373.158,2.2268e-005,1.44526,0.880692,7.51927,-6.54598
-0.190726,373.158,2.24742e-005,1.60748,0.955669,7.27277,-6.18281
-0.190726,373.158,2.26804e-005,1.76336,1.02774,6.99049,-5.78872
-0.190726,373.158,2.28866e-005,1.91227,1.09653,6.67325,-5.36491
-0.190726,373.158,2.30928e-005,2.05364,1.16171,6.32202,-4.91273
-0.190726,373.158,2.3299e-005,2.18691,1.22292,5.93793,-4.43368
-0.190726,373.158,2.35052e-005,2.31154,1.27985,5.52229,-3.92938
-0.190726,373.158,2.37113e-005,2.42705,1.33219,5.07657,-3.4016
-0.190726,373.158,2.39175e-005,2.53298,1.37964,4.6024,-2.85224
-0.190726,373.158,2.41237e-005,2.62892,1.42192,4.10153,-2.28332
-0.190726,373.158,2.43299e-005,2.71448,1.45879,3.57588,-1.69696
-0.190726,373.158,2.45361e-005,2.78933,1.49,3.02751,-1.0954
-0.190726,373.158,2.47423e-005,2.85317,1.51534,2.45857,-0.480969
-0.190726,373.158,2.49485e-005,2.90575,1.53464,1.87138,0.143915
-0.190726,373.158,2.51546e-005,2.94686,1.54771,1.26831,0.776754
-0.190726,373.158,2.53608e-005,2.97634,1.55443,0.651878,1.41499
-0.190726,373.158,2.5567e-005,2.99408,1.55469,0.0246623,2.05599
-0.190726,373.158,2.57732e-005,3,1.54839,-0.610675,2.6971
-0.190726,373.158,2.59794e-005,2.99408,1.53549,-1.25141,3.33561
-0.190726,373.158,2.61856e-005,2.97634,1.51596,-1.89475,3.9688
-0.190726,373.158,2.63918e-005,2.94686,1.48979,-2.53789,4.59394
-0.190726,373.158,2.65979e-005,2.90575,1.45703,-3.17798,5.20828
-0.190726,373.158,2.68041e-005,2.85317,1.41773,-3.81214,5.80912
-0.190726,373.158,2.70103e-005,2.78933,1.37198,-4.43752,6.39375
-0.190726,373.158,2.72165e-005,2.71448,1.31991,-5.05125,6.95952
-0.190726,373.158,2.74227e-005,2.62892,1.26165,-5.6505,7.50381
-0.190726,373.158,2.76289e-005,2.53298,1.1974,-6.23248,8.02408
-0.190726,373.158,2.78351e-005,2.42705,1.12736,-6.79443,8.51785
-0.190726,373.158,2.80412e-005,2.31154,1.05175,-7.33367,8.98274
-0.190726,373.158,2.82474e-005,2.18691,0.970848,-7.84759,9.41645
-0.190726,373.158,2.84536e-005,2.05364,0.884934,-8.33366,9.8168
-0.190726,373.158,2.86598e-005,1.91227,0.794321,-8.78946,10.1817
-0.190726,373.158,2.8866e-005,1.76336,0.699345,-9.21269,10.5093
-0.190726,373.158,2.90722e-005,1.60748,0.600364,-9.60114,10.7977
-0.190726,373.158,2.92784e-005,1.44526,0.497758,-9.95277,11.0452
-0.190726,373.158,2.94845e-005,1.27734,0.391927,-10.2657,11.2505
-0.190726,373.158,2.96907e-005,1.10437,0.283287,-10.5381,11.4121
-0.190726,373.158,2.98969e-005,0.927051,0.172273,-10.7684,11.5289
-0.190726,373.158,3.01031e-005,0.74607,0.0593334,-10.9551,11.6
-0.190726,373.158,3.03093e-005,0.562144,-0.0550705,-11.0972,11.6244
-0.190726,373.158,3.05155e-005,0.376,-0.170466,-11.1934,11.6017
-0.190726,373.158,3.07216e-005,0.188372,-0.286372,-11.2429,11.5314
-0.190726,373.158,3.09278e-005,6.43122e-015,-0.402301,-11.2451,11.4134
-0.190726,373.158,3.1134e-005,-0.188372,-0.517759,-11.1994,11.2475
-0.190726,373.158,3.13402e-005,-0.376,-0.632251,-11.1057,11.0339
-0.190726,373.158,3.15464e-005,-0.562144,-0.74528,-10.9638,10.7732
-0.190726,373.158,3.17526e-005,-0.74607,-0.856352,-10.774,10.4659
-0.190726,373.158,3.19588e-005,-0.927051,-0.964977,-10.5366,10.1128
-0.190726,373.158,3.21649e-005,-1.10437,-1.07067,-10.2522,9.71483
-0.190726,373.158,3.23711e-005,-1.27734,-1.17295,-9.9215,9.27332
-0.190726,373.158,3.25773e-005,-1.44526,-1.27136,-9.54562,8.78962
-0.190726,373.158,3.27835e-005,-1.60748,-1.36544,-9.12574,8.26535
-0.190726,373.158,3.29897e-005,-1.76336,-1.45475,-8.66327,7.70228
-0.190726,373.158,3.31959e-005,-1.91227,-1.53887,-8.1598,7.10238
-0.190726,373.158,3.34021e-005,-2.05364,-1.6174,-7.61715,6.4678
-0.190726,373.158,3.36082e-005,-2.18691,-1.68995,-7.0373,5.80083
-0.190726,373.158,3.38144e-005,-2.31154,-1.75616,-6.42242,5.10394
-0.190726,373.158,3.40206e-005,-2.42705,-1.8157,-5.77483,4.37975
-0.190726,373.158,3.42268e-005,-2.53298,-1.86824,-5.09704,3.63101
-0.190726,373.158,3.4433e-005,-2.62892,-1.91352,-4.39169,2.8606
-0.190726,373.158,3.46392e-005,-2.71448,-1.95127,-3.66156,2.07152
-0.190726,373.158,3.48454e-005,-2.78933,-1.98126,-2.90958,1.26687
-0.190726,373.158,3.50515e-005,-2.85317,-2.00331,-2.13878,0.449859
-0.190726,373.158,3.52577e-005,-2.90575,-2.01725,-1.3523,-0.376249
-0.190726,373.158,3.54639e-005,-2.94686,-2.02296,-0.553361,-1.20811
-0.190726,373.158,3.56701e-005,-2.97634,-2.02033,0.254719,-2.04231
-0.190726,373.158,3.58763e-005,-2.99408,-2.00932,1.06857,-2.87544
-0.190726,373.158,3.60825e-005,-3,-1.98988,1.88476,-3.70402
-0.190726,373.158,3.62887e-005,-2.99408,-1.96205,2.69983,-4.5246
-0.190726,373.158,3.64948e-005,-2.97634,-1.92586,3.5103,-5.33369
-0.190726,373.158,3.6701e-005,-2.94686,-1.8814,4.31269,-6.12786
-0.190726,373.158,3.69072e-005,-2.90575,-1.82879,5.10351,-6.90369
-0.190726,373.158,3.71134e-005,-2.85317,-1.76818,5.87931,-7.65783
-0.190726,373.158,3.73196e-005,-2.78933,-1.69976,6.63668,-8.38698
-0.190726,373.158,3.75258e-005,-2.71448,-1.62375,7.37226,-9.08791
-0.190726,373.158,3.7732e-005,-2.62892,-1.54043,8.08275,-9.7575
-0.190726,373.158,3.79381e-005,-2.53298,-1.45007,8.76494,-10.3927
-0.190726,373.158,3.81443e-005,-2.42705,-1.353,9.41574,-10.9907
-0.190726,373.158,3.83505e-005,-2.31154,-1.24957,10.0322,-11.5486
-0.190726,373.158,3.85567e-005,-2.18691,-1.14018,10.6113,-12.0639
-0.190726,373.158,3.87629e-005,-2.05364,-1.02523,11.1505,-12.5341
-0.190726,373.158,3.89691e-005,-1.91227,-0.905153,11.647,-12.9569
-0.190726,373.158,3.91753e-005,-1.76336,-0.780424,12.0987,-13.3301
-0.190726,373.158,3.93814e-005,-1.60748,-0.651527,12.5031,-13.652
-0.190726,373.158,3.95876e-005,-1.44526,-0.518968,12.8582,-13.9206
-0.190726,373.158,3.97938e-005,-1.27734,-0.383274,13.1623,-14.1346
-0.190726,373.158,4e-005,-1.10437,-0.244991,13.4135,-14.2927
-0.190726,373.158,4.02062e-005,-0.927051,-0.104675,13.6106,-14.3937
-0.190726,373.158,4.04124e-005,-0.74607,0.0371015,13.7523,-14.4369
-0.190726,373.158,4.06186e-005,-0.562144,0.179757,13.8376,-14.4216
-0.190726,373.158,4.08247e-005,-0.376,0.322704,13.8658,-14.3474
-0.190726,373.158,4.10309e-005,-0.188372,0.465347,13.8364,-14.2144
-0.190726,373.158,4.12371e-005,-1.46953e-015,0.60709,13.749,-14.0225
-0.190726,373.158,4.14433e-005,0.188372,0.747335,13.6038,-13.7721
-0.190726,373.158,4.16495e-005,0.376,0.885487,13.4008,-13.464
-0.190726,373.158,4.18557e-005,0.562144,1.02096,13.1406,-13.0988
-0.190726,373.158,4.20619e-005,0.74607,1.15316,12.8239,-12.6778
-0.190726,373.158,4.2268e-005,0.927051,1.28153,12.4517,-12.2023
-0.190726,373.158,4.24742e-005,1.10437,1.4055,12.0251,-11.6738
-0.190726,373.158,4.26804e-005,1.27734,1.52453,11.5456,-11.0942
-0.190726,373.158,4.28866e-005,1.44526,1.63808,11.0149,-10.4655
-0.190726,373.158,4.30928e-005,1.60748,1.74566,10.4349,-9.79004
-0.190726,373.158,4.3299e-005,1.76336,1.84677,9.80773,-9.07018
-0.190726,373.158,4.35052e-005,1.91227,1.94095,9.13568,-8.30862
-0.190726,373.158,4.37113e-005,2.05364,2.02777,8.42131,-7.50823
-0.190726,373.158,4.39175e-005,2.18691,2.10682,7.66736,-6.67203
-0.190726,373.158,4.41237e-005,2.31154,2.17771,6.87676,-5.80324
-0.190726,373.158,4.43299e-005,2.42705,2.24011,6.05258,-4.90522
-0.190726,373.158,4.45361e-005,2.53298,2.2937,5.19809,-3.98146
-0.190726,373.158,4.47423e-005,2.62892,2.3382,4.31669,-3.03561
-0.190726,373.158,4.49485e-005,2.71448,2.37337,3.41189,-2.0714
-0.190726,373.158,4.51546e-005,2.78933,2.39902,2.48736,-1.09269
-0.190726,373.158,4.53608e-005,2.85317,2.41496,1.54685,-0.103408
-0.190726,373.158,4.5567e-005,2.90575,2.42109,0.594195,0.892453
-0.190726,373.158,4.57732e-005,2.94686,2.41731,-0.366679,1.89084
-0.190726,373.158,4.59794e-005,2.97634,2.40358,-1.3318,2.88767
-0.190726,373.158,4.61856e-005,2.99408,2.3799,-2.29717,3.87883
-0.190726,373.158,4.63918e-005,3,2.3463,-3.25873,4.86023
-0.190726,373.158,4.65979e-005,2.99408,2.30287,-4.21245,5.82778
-0.190726,373.158,4.68041e-005,2.97634,2.24974,-5.15431,6.77742
-0.190726,373.158,4.70103e-005,2.94686,2.18705,-6.08029,7.70515
-0.190726,373.158,4.72165e-005,2.90575,2.11503,-6.98645,8.60702
-0.190726,373.158,4.74227e-005,2.85317,2.0339,-7.86888,9.4792
-0.190726,373.158,4.76289e-005,2.78933,1.94397,-8.72377,10.3179
-0.190726,373.158,4.78351e-005,2.71448,1.84554,-9.54741,11.1196
-0.190726,373.158,4.80412e-005,2.62892,1.73898,-10.3362,11.8806
-0.190726,373.158,4.82474e-005,2.53298,1.62469,-11.0866,12.5977
-0.190726,373.158,4.84536e-005,2.42705,1.50309,-11.7954,13.2677
-0.190726,373.158,4.86598e-005,2.31154,1.37464,-12.4592,13.8875
-0.190726,373.158,4.8866e-005,2.18691,1.23984,-13.0753,14.4544
-0.190726,373.158,4.90722e-005,2.05364,1.09922,-13.6406,14.9657
-0.190726,373.158,4.92784e-005,1.91227,0.953317,-14.1526,15.4189
-0.190726,373.158,4.94845e-005,1.76336,0.80271,-14.6089,15.8121
-0.190726,373.158,4.96907e-005,1.60748,0.647996,-15.0073,16.1431
-0.190726,373.158,4.98969e-005,1.44526,0.489791,-15.3458,16.4103
-0.190726,373.158,5.01031e-005,1.27734,0.328732,-15.6227,16.6123
-0.190726,373.158,5.03093e-005,1.10437,0.165468,-15.8366,16.7478
-0.190726,373.158,5.05155e-005,0.927051,0.000661113,-15.9862,16.8161
-0.190726,373.158,5.07216e-005,0.74607,-0.165016,-16.0707,16.8163
-0.190726,373.158,5.09278e-005,0.562144,-0.330884,-16.0892,16.7483
-0.190726,373.158,5.1134e-005,0.376,-0.496259,-16.0414,16.6118
-0.190726,373.158,5.13402e-005,0.188372,-0.660457,-15.9272,16.4072
-0.190726,373.158,5.15464e-005,7.16598e-015,-0.822794,-15.7467,16.1348
-0.190726,373.158,5.17526e-005,-0.188372,-0.982593,-15.5004,15.7955
-0.190726,373.158,5.19588e-005,-0.376,-1.13918,-15.189,15.3904
-0.190726,373.158,5.21649e-005,-0.562144,-1.29189,-14.8133,14.9206
-0.190726,373.158,5.23711e-005,-0.74607,-1.44009,-14.3748,14.3879
-0.190726,373.158,5.25773e-005,-0.927051,-1.58313,-13.8748,13.794
-0.190726,373.158,5.27835e-005,-1.10437,-1.7204,-13.3152,13.1412
-0.190726,373.158,5.29897e-005,-1.27734,-1.85131,-12.6981,12.4317
-0.190726,373.158,5.31959e-005,-1.44526,-1.97528,-12.0257,11.6683
-0.190726,373.158,5.34021e-005,-1.60748,-2.09178,-11.3005,10.8537
-0.190726,373.158,5.36082e-005,-1.76336,-2.20029,-10.5253,9.99116
-0.190726,373.158,5.38144e-005,-1.91227,-2.30032,-9.70314,9.08382
-0.190726,373.158,5.40206e-005,-2.05364,-2.39143,-8.83714,8.13523
-0.190726,373.158,5.42268e-005,-2.18691,-2.47319,-7.93071,7.14908
-0.190726,373.158,5.4433e-005,-2.31154,-2.54522,-6.98743,6.12921
-0.190726,373.158,5.46392e-005,-2.42705,-2.60719,-6.01104,5.07963
-0.190726,373.158,5.48454e-005,-2.53298,-2.65879,-5.00542,4.0045
-0.190726,373.158,5.50515e-005,-2.62892,-2.69977,-3.97463,2.90809
-0.190726,373.158,5.52577e-005,-2.71448,-2.7299,-2.9228,1.79478
-0.190726,373.158,5.54639e-005,-2.78933,-2.74902,-1.85421,0.66905
-0.190726,373.158,5.56701e-005,-2.85317,-2.75699,-0.773202,-0.464566
-0.190726,373.158,5.58763e-005,-2.90575,-2.75373,0.315805,-1.60147
-0.190726,373.158,5.60825e-005,-2.94686,-2.73921,1.40834,-2.73703
-0.190726,373.158,5.62887e-005,-2.97634,-2.71344,2.4999,-3.8666
-0.190726,373.158,5.64948e-005,-2.99408,-2.67647,3.58596,-4.98555
-0.190726,373.158,5.6701e-005,-3,-2.62841,4.66202,-6.08925
-0.190726,373.158,5.69072e-005,-2.99408,-2.56941,5.72358,-7.17313
-0.190726,373.158,5.71134e-005,-2.97634,-2.49965,6.76619,-8.23268
-0.190726,373.158,5.73196e-005,-2.94686,-2.41939,7.78546,-9.26346
-0.190726,373.158,5.75258e-005,-2.90575,-2.3289,8.7771,-10.2611
-0.190726,373.158,5.7732e-005,-2.85317,-2.22852,9.73688,-11.2215
-0.190726,373.158,5.79381e-005,-2.78933,-2.11862,10.6607,-12.1405
-0.190726,373.158,5.81443e-005,-2.71448,-1.9996,11.5446,-13.0142
-0.190726,373.158,5.83505e-005,-2.62892,-1.87192,12.3848,-13.8387
-0.190726,373.158,5.85567e-005,-2.53298,-1.73607,13.1777,-14.6107
-0.190726,373.158,5.87629e-005,-2.42705,-1.59257,13.9197,-15.3266
-0.190726,373.158,5.89691e-005,-2.31154,-1.44197,14.6076,-15.9833
-0.190726,373.158,5.91753e-005,-2.18691,-1.28488,15.2384,-16.5779
-0.190726,373.158,5.93814e-005,-2.05364,-1.1219,15.8092,-17.1078
-0.190726,373.158,5.95876e-005,-1.91227,-0.953677,16.3174,-17.5704
-0.190726,373.158,5.97938e-005,-1.76336,-0.780886,16.7607,-17.9637
-0.190726,373.158,6e-005,-1.60748,-0.604215,17.1371,-18.2857
-0.190726,373.158,6.02062e-005,-1.44526,-0.424373,17.4446,-18.5349
-0.190726,373.158,6.04124e-005,-1.27734,-0.242086,17.6819,-18.7098
-0.190726,373.158,6.06186e-005,-1.10437,-0.0580902,17.8476,-18.8097
-0.190726,373.158,6.08247e-005,-0.927051,0.126866,17.9407,-18.8336
-0.190726,373.158,6.10309e-005,-0.74607,0.312027,17.9607,-18.7813
-0.190726,373.158,6.12371e-005,-0.562144,0.496637,17.9071,-18.6526
-0.190726,373.158,6.14433e-005,-0.376,0.679936,17.78,-18.4478
-0.190726,373.158,6.16495e-005,-0.188372,0.861169,17.5795,-18.1675
-0.190726,373.158,6.18557e-005,-1.28624e-014,1.03958,17.3063,-17.8123
-0.190726,373.158,6.20619e-005,0.188372,1.21444,16.9611,-17.3836
-0.190726,373.158,6.2268e-005,0.376,1.38501,16.5452,-16.8828
-0.190726,373.158,6.24742e-005,0.562144,1.55058,16.06,-16.3117
-0.190726,373.158,6.26804e-005,0.74607,1.71044,15.5072,-15.6723
-0.190726,373.158,6.28866e-005,0.927051,1.86394,14.8889,-14.967
-0.190726,373.158,6.30928e-005,1.10437,2.01041,14.2074,-14.1983
-0.190726,373.158,6.3299e-005,1.27734,2.14922,13.4653,-13.3693
-0.190726,373.158,6.35052e-005,1.44526,2.27979,12.6653,-12.483
-0.190726,373.158,6.37113e-005,1.60748,2.40155,11.8107,-11.5429
-0.190726,373.158,6.39175e-005,1.76336,2.51397,10.9047,-10.5526
-0.190726,373.158,6.41237e-005,1.91227,2.61656,9.95086,-9.51587
-0.190726,373.158,6.43299e-005,2.05364,2.70886,8.95295,-8.43687
-0.190726,373.158,6.45361e-005,2.18691,2.79046,7.91492,-7.31982
-0.190726,373.158,6.47423e-005,2.31154,2.86098,6.8409,-6.16912
-0.190726,373.158,6.49485e-005,2.42705,2.92011,5.73519,-4.98933
-0.190726,373.158,6.51546e-005,2.53298,2.96755,4.60221,-3.78516
-0.190726,373.158,6.53608e-005,2.62892,3.00308,3.44653,-2.56143
-0.190726,373.158,6.5567e-005,2.71448,3.02651,2.27283,-1.32305
-0.190726,373.158,6.57732e-005,2.78933,3.03771,1.08586,-0.074999
-0.190726,373.158,6.59794e-005,2.85317,3.03658,-0.109539,1.17766
-0.190726,373.158,6.61856e-005,2.90575,3.02309,-1.30849,2.42986
-0.190726,373.158,6.63918e-005,2.94686,2.99725,-2.50609,3.6765
-0.190726,373.158,6.65979e-005,2.97634,2.95914,-3.6974,4.91248
-0.190726,373.158,6.68041e-005,2.99408,2.90885,-4.87753,6.13274
-0.190726,373.158,6.70103e-005,3,2.84657,-6.04159,7.33227
-0.190726,373.158,6.72165e-005,2.99408,2.7725,-7.18475,8.50611
-0.190726,373.158,6.74227e-005,2.97634,2.68691,-8.30226,9.64941
-0.190726,373.158,6.76289e-005,2.94686,2.59011,-9.38945,10.7574
-0.190726,373.158,6.78351e-005,2.90575,2.48246,-10.4418,11.8255
-0.190726,373.158,6.80412e-005,2.85317,2.36437,-11.4548,12.8492
-0.190726,373.158,6.82474e-005,2.78933,2.23629,-12.4242,13.8242
-0.190726,373.158,6.84536e-005,2.71448,2.0987,-13.346,14.7464
-0.190726,373.158,6.86598e-005,2.62892,1.95214,-14.2161,15.6118
-0.190726,373.158,6.8866e-005,2.53298,1.79718,-15.031,16.4168
-0.190726,373.158,6.90722e-005,2.42705,1.63443,-15.7869,17.1579
-0.190726,373.158,6.92784e-005,2.31154,1.46452,-16.4808,17.8319
-0.190726,373.158,6.94845e-005,2.18691,1.28814,-17.1095,18.4358
-0.190726,373.158,6.96907e-005,2.05364,1.10597,-17.6703,18.967
-0.190726,373.158,6.98969e-005,1.91227,0.918745,-18.1607,19.4231
-0.190726,373.158,7.01031e-005,1.76336,0.727214,-18.5785,19.802
-0.190726,373.158,7.03093e-005,1.60748,0.532145,-18.9217,20.1018
-0.190726,373.158,7.05155e-005,1.44526,0.334323,-19.1887,20.3213
-0.190726,373.158,7.07216e-005,1.27734,0.134547,-19.3783,20.4592
-0.190726,373.158,7.09278e-005,1.10437,-0.0663736,-19.4893,20.5146
-0.190726,373.158,7.1134e-005,0.927051,-0.267623,-19.5212,20.4873
-0.190726,373.158,7.13402e-005,0.74607,-0.468382,-19.4736,20.3769
-0.190726,373.158,7.15464e-005,0.562144,-0.667829,-19.3464,20.1838
-0.190726,373.158,7.17526e-005,0.376,-0.865148,-19.1399,19.9084
-0.190726,373.158,7.19588e-005,0.188372,-1.05953,-18.8548,19.5516
-0.190726,373.158,7.21649e-005,2.57167e-015,-1.25017,-18.4921,19.1147
-0.190726,373.158,7.23711e-005,-0.188372,-1.43628,-18.0529,18.5992
-0.190726,373.158,7.25773e-005,-0.376,-1.61709,-17.5389,18.0069
-0.190726,373.158,7.27835e-005,-0.562144,-1.79186,-16.9519,17.34
-0.190726,373.158,7.29897e-005,-0.74607,-1.95984,-16.2942,16.6011
-0.190726,373.158,7.31959e-005,-0.927051,-2.12034,-15.5683,15.7929
-0.190726,373.158,7.34021e-005,-1.10437,-2.27268,-14.777,14.9186
-0.190726,373.158,7.36082e-005,-1.27734,-2.41621,-13.9232,13.9814
-0.190726,373.158,7.38144e-005,-1.44526,-2.55034,-13.0104,12.985
-0.190726,373.158,7.40206e-005,-1.60748,-2.67449,-12.0422,11.9333
-0.190726,373.158,7.42268e-005,-1.76336,-2.78812,-11.0222,10.8304
-0.190726,373.158,7.4433e-005,-1.91227,-2.89074,-9.9546,9.6807
-0.190726,373.158,7.46392e-005,-2.05364,-2.98191,-8.8436,8.48865
-0.190726,373.158,7.48454e-005,-2.18691,-3.06123,-7.69364,7.25899
-0.190726,373.158,7.50515e-005,-2.31154,-3.12834,-6.5093,5.99663
-0.190726,373.158,7.52577e-005,-2.42705,-3.18293,-5.29534,4.70659
-0.190726,373.158,7.54639e-005,-2.53298,-3.22475,-4.05665,3.39404
-0.190726,373.158,7.56701e-005,-2.62892,-3.2536,-2.79821,2.06425
-0.190726,373.158,7.58763e-005,-2.71448,-3.26932,-1.52513,0.72256
-0.190726,373.158,7.60825e-005,-2.78933,-3.27182,-0.24257,-0.625613
-0.190726,373.158,7.62887e-005,-2.85317,-3.26105,1.04426,-1.97482
-0.190726,373.158,7.64948e-005,-2.90575,-3.23703,2.33012,-3.31958
-0.190726,373.158,7.6701e-005,-2.94686,-3.19982,3.60975,-4.65444
-0.190726,373.158,7.69072e-005,-2.97634,-3.14953,4.87792,-5.97395
-0.190726,373.158,7.71134e-005,-2.99408,-3.08634,6.12941,-7.27273
-0.190726,373.158,7.73196e-005,-3,-3.01047,7.35907,-8.54545
-0.190726,373.158,7.75258e-005,-2.99408,-2.92221,8.56184,-9.78688
-0.190726,373.158,7.7732e-005,-2.97634,-2.82187,9.73275,-10.9919
-0.190726,373.158,7.79381e-005,-2.94686,-2.70984,10.8669,-12.1556
-0.190726,373.158,7.81443e-005,-2.90575,-2.58655,11.9597,-13.273
-0.190726,373.158,7.83505e-005,-2.85317,-2.45246,13.0064,-14.3397
-0.190726,373.158,7.85567e-005,-2.78933,-2.3081,14.0028,-15.351
-0.190726,373.158,7.87629e-005,-2.71448,-2.15403,14.9446,-16.3028
-0.190726,373.158,7.89691e-005,-2.62892,-1.99086,15.8279,-17.191
-0.190726,373.158,7.91753e-005,-2.53298,-1.81922,16.6489,-18.012
-0.190726,373.158,7.93814e-005,-2.42705,-1.6398,17.4042,-18.7622
-0.190726,373.158,7.95876e-005,-2.31154,-1.4533,18.0904,-19.4384
-0.190726,373.158,7.97938e-005,-2.18691,-1.26046,18.7048,-20.0377
-0.190726,373.158,8e-005,-2.05364,-1.06207,19.2445,-20.5575
-0.190726,373.158,8.02062e-005,-1.91227,-0.858898,19.7073,-20.9954
-0.190726,373.158,8.04124e-005,-1.76336,-0.651775,20.091,-21.3496
-0.190726,373.158,8.06186e-005,-1.60748,-0.441528,20.3939,-21.6184
-0.190726,373.158,8.08247e-005,-1.44526,-0.229006,20.6147,-21.8005
-0.190726,373.158,8.10309e-005,-1.27734,-0.0150662,20.7521,-21.8949
-0.190726,373.158,8.12371e-005,-1.10437,0.199424,20.8056,-21.9011
-0.190726,373.158,8.14433e-005,-0.927051,0.413596,20.7746,-21.8189
-0.190726,373.158,8.16495e-005,-0.74607,0.626578,20.6592,-21.6483
-0.190726,373.158,8.18557e-005,-0.562144,0.837501,20.4596,-21.3899
-0.190726,373.158,8.20619e-005,-0.376,1.04551,20.1764,-21.0446
-0.190726,373.158,8.2268e-005,-0.188372,1.24974,19.8107,-20.6134
-0.190726,373.158,8.24742e-005,-2.93906e-015,1.44937,19.3637,-20.0981
-0.190726,373.158,8.26804e-005,0.188372,1.64356,18.8371,-19.5004
-0.190726,373.158,8.28866e-005,0.376,1.83153,18.2329,-18.8227
-0.190726,373.158,8.30928e-005,0.562144,2.01249,17.5533,-18.0674
-0.190726,373.158,8.3299e-005,0.74607,2.1857,16.801,-17.2375
-0.190726,373.158,8.35052e-005,0.927051,2.35043,15.9788,-16.3362
-0.190726,373.158,8.37113e-005,1.10437,2.506,15.0901,-15.3669
-0.190726,373.158,8.39175e-005,1.27734,2.65175,14.1383,-14.3335
-0.190726,373.158,8.41237e-005,1.44526,2.78708,13.127,-13.24
-0.190726,373.158,8.43299e-005,1.60748,2.91142,12.0604,-12.0907
-0.190726,373.158,8.45361e-005,1.76336,3.02423,10.9426,-10.8901
-0.190726,373.158,8.47423e-005,1.91227,3.12503,9.77817,-9.64302
-0.190726,373.158,8.49485e-005,2.05364,3.2134,8.57163,-8.35434
-0.190726,373.158,8.51546e-005,2.18691,3.28894,7.32785,-7.02923
-0.190726,373.158,8.53608e-005,2.31154,3.35133,6.05183,-5.67297
-0.190726,373.158,8.5567e-005,2.42705,3.40029,4.74868,-4.29097
-0.190726,373.158,8.57732e-005,2.53298,3.43559,3.42367,-2.88879
-0.190726,373.158,8.59794e-005,2.62892,3.45705,2.08212,-1.47205
-0.190726,373.158,8.61856e-005,2.71448,3.46457,0.729484,-0.046466
-0.190726,373.158,8.63918e-005,2.78933,3.45809,-0.628776,1.38222
-0.190726,373.158,8.65979e-005,2.85317,3.4376,-1.98714,2.80824
-0.190726,373.158,8.68041e-005,2.90575,3.40317,-3.34009,4.22581
-0.190726,373.158,8.70103e-005,2.94686,3.3549,-4.68212,5.62918
-0.190726,373.158,8.72165e-005,2.97634,3.29296,-6.00773,7.01264
-0.190726,373.158,8.74227e-005,2.99408,3.21759,-7.31152,8.37056
-0.190726,373.158,8.76289e-005,3,3.12905,-8.58815,9.6974
-0.190726,373.158,8.78351e-005,2.99408,3.02769,-9.83237,10.9877
-0.190726,373.158,8.80412e-005,2.97634,2.91388,-11.0391,12.2363
-0.190726,373.158,8.82474e-005,2.94686,2.78807,-12.2033,13.4379
-0.190726,373.158,8.84536e-005,2.90575,2.65075,-13.3202,14.5876
-0.190726,373.158,8.86598e-005,2.85317,2.50245,-14.3852,15.6807
-0.190726,373.158,8.8866e-005,2.78933,2.34375,-15.3938,16.7126
-0.190726,373.158,8.90722e-005,2.71448,2.17528,-16.3419,17.6791
-0.190726,373.158,8.92784e-005,2.62892,1.9977,-17.2255,18.5761
-0.190726,373.158,8.94845e-005,2.53298,1.81171,-18.0409,19.3999
-0.190726,373.158,8.96907e-005,2.42705,1.61805,-18.7846,20.147
-0.190726,373.158,8.98969e-005,2.31154,1.4175,-19.4535,20.8143
-0.190726,373.158,9.01031e-005,2.18691,1.21085,-20.0449,21.3988
-0.190726,373.158,9.03093e-005,2.05364,0.998936,-20.556,21.8981
-0.190726,373.158,9.05155e-005,1.91227,0.782598,-20.9848,22.3101
-0.190726,373.158,9.07216e-005,1.76336,0.562708,-21.3293,22.6328
-0.190726,373.158,9.09278e-005,1.60748,0.340151,-21.588,22.8648
-0.190726,373.158,9.1134e-005,1.44526,0.115825,-21.7597,23.0051
-0.190726,373.158,9.13402e-005,1.27734,-0.109367,-21.8436,23.0529
-0.190726,373.158,9.15464e-005,1.10437,-0.334512,-21.8391,23.0078
-0.190726,373.158,9.17526e-005,0.927051,-0.5587,-21.7462,22.8698
-0.190726,373.158,9.19588e-005,0.74607,-0.78102,-21.565,22.6394
-0.190726,373.158,9.21649e-005,0.562144,-1.00057,-21.2963,22.3173
-0.190726,373.158,9.23711e-005,0.376,-1.21645,-20.9408,21.9047
-0.190726,373.158,9.25773e-005,0.188372,-1.42779,-20.4999,21.4031
-0.190726,373.158,9.27835e-005,3.30644e-015,-1.63372,-19.9753,20.8143
-0.190726,373.158,9.29897e-005,-0.188372,-1.8334,-19.369,20.1406
-0.190726,373.158,9.31959e-005,-0.376,-2.02601,-18.6832,19.3846
-0.190726,373.158,9.34021e-005,-0.562144,-2.21076,-17.9207,18.5491
-0.190726,373.158,9.36082e-005,-0.74607,-2.38689,-17.0844,17.6375
-0.190726,373.158,9.38144e-005,-0.927051,-2.55367,-16.1776,16.6532
-0.190726,373.158,9.40206e-005,-1.10437,-2.71041,-15.2039,15.6001
-0.190726,373.158,9.42268e-005,-1.27734,-2.85646,-14.167,14.4824
-0.190726,373.158,9.4433e-005,-1.44526,-2.99122,-13.0712,13.3045
-0.190726,373.158,9.46392e-005,-1.60748,-3.11411,-11.9208,12.071
-0.190726,373.158,9.48454e-005,-1.76336,-3.22463,-10.7202,10.7868
-0.190726,373.158,9.50515e-005,-1.91227,-3.32231,-9.47447,9.45709
-0.190726,373.158,9.52577e-005,-2.05364,-3.40672,-8.18842,8.08706
-0.190726,373.158,9.54639e-005,-2.18691,-3.47752,-6.86725,6.68223
-0.190726,373.158,9.56701e-005,-2.31154,-3.53439,-5.51625,5.2482
-0.190726,373.158,9.58763e-005,-2.42705,-3.57708,-4.14086,3.79072
-0.190726,373.158,9.60825e-005,-2.53298,-3.60539,-2.74663,2.31564
-0.190726,373.158,9.62887e-005,-2.62892,-3.6192,-1.33916,0.828877
-0.190726,373.158,9.64948e-005,-2.71448,-3.61842,0.0758409,-0.663576
-0.190726,373.158,9.6701e-005,-2.78933,-3.60303,1.49266,-2.15571
-0.190726,373.158,9.69072e-005,-2.85317,-3.57307,2.90557,-3.64149
-0.190726,373.158,9.71134e-005,-2.90575,-3.52865,4.30882,-5.11493
-0.190726,373.158,9.73196e-005,-2.94686,-3.46993,5.69672,-6.57004
-0.190726,373.158,9.75258e-005,-2.97634,-3.3971,7.06362,-8.00094
-0.190726,373.158,9.7732e-005,-2.99408,-3.31047,8.40396,-9.4018
-0.190726,373.158,9.79381e-005,-3,-3.21034,9.71227,-10.7669
-0.190726,373.158,9.81443e-005,-2.99408,-3.09711,10.9832,-12.0908
-0.190726,373.158,9.83505e-005,-2.97634,-2.97122,12.2116,-13.368
-0.190726,373.158,9.85567e-005,-2.94686,-2.83315,13.3923,-14.5932
-0.190726,373.158,9.87629e-005,-2.90575,-2.68346,14.5206,-15.7615
-0.190726,373.158,9.89691e-005,-2.85317,-2.52272,15.5918,-16.8681
-0.190726,373.158,9.91753e-005,-2.78933,-2.35157,16.6015,-17.9084
-0.190726,373.158,9.93814e-005,-2.71448,-2.17069,17.5455,-18.8781
-0.190726,373.158,9.95876e-005,-2.62892,-1.98079,18.4199,-19.7732
-0.190726,373.158,9.97938e-005,-2.53298,-1.78263,19.221,-20.5901
-0.190726,373.158,0.0001,-2.42705,-1.57701,19.9456,-21.3252
-0.190726,373.158,0.000100206,-2.31154,-1.36473,20.5906,-21.9755
-0.190726,373.158,0.000100412,-2.18691,-1.14666,21.1533,-22.5382
-0.190726,373.158,0.000100619,-2.05364,-0.923657,21.6313,-23.0111
-0.190726,373.158,0.000100825,-1.91227,-0.696621,22.0225,-23.392
-0.190726,373.158,0.000101031,-1.76336,-0.466464,22.3253,-23.6793
-0.190726,373.158,0.000101237,-1.60748,-0.234111,22.5382,-23.8716
-0.190726,373.158,0.000101443,-1.44526,-0.000497846,22.6605,-23.9682
-0.190726,373.158,0.000101649,-1.27734,0.233433,22.6913,-23.9684
-0.190726,373.158,0.000101856,-1.10437,0.466738,22.6305,-23.8721
-0.190726,373.158,0.000102062,-0.927051,0.698473,22.4783,-23.6796
-0.190726,373.158,0.000102268,-0.74607,0.927701,22.2351,-23.3916
-0.190726,373.158,0.000102474,-0.562144,1.15349,21.9018,-23.009
-0.190726,373.158,0.00010268,-0.376,1.37493,21.4795,-22.5334
-0.190726,373.158,0.000102887,-0.188372,1.59112,20.9701,-21.9664
-0.190726,373.158,0.000103093,-1.4332e-014,1.80117,20.3753,-21.3103
-0.190726,373.158,0.000103299,0.188372,2.00424,19.6975,-20.5675
-0.190726,373.158,0.000103505,0.376,2.19949,18.9393,-19.741
-0.190726,373.158,0.000103711,0.562144,2.38612,18.1037,-18.834
-0.190726,373.158,0.000103918,0.74607,2.56338,17.194,-17.85
-0.190726,373.158,0.000104124,0.927051,2.73053,16.2137,-16.793
-0.190726,373.158,0.00010433,1.10437,2.88689,15.1668,-15.667
-0.190726,373.158,0.000104536,1.27734,3.03181,14.0574,-14.4765
-0.190726,373.158,0.000104742,1.44526,3.1647,12.89,-13.2263
-0.190726,373.158,0.000104948,1.60748,3.285,11.6691,-11.9213
-0.190726,373.158,0.000105155,1.76336,3.39221,10.3996,-10.5666
-0.190726,373.158,0.000105361,1.91227,3.48589,9.08667,-9.16776
-0.190726,373.158,0.000105567,2.05364,3.56564,7.73552,-7.73028
-0.190726,373.158,0.000105773,2.18691,3.63112,6.35155,-6.25992
-0.190726,373.158,0.000105979,2.31154,3.68205,4.94034,-4.76255
-0.190726,373.158,0.000106186,2.42705,3.71821,3.50755,-3.24418
-0.190726,373.158,0.000106392,2.53298,3.73943,2.05896,-1.7109
-0.190726,373.158,0.000106598,2.62892,3.74562,0.600384,-0.168864
-0.190726,373.158,0.000106804,2.71448,3.73673,-0.862279,1.37572
-0.190726,373.158,0.00010701,2.78933,3.71278,-2.32313,2.91665
-0.190726,373.158,0.000107216,2.85317,3.67385,-3.77626,4.44769
-0.190726,373.158,0.000107423,2.90575,3.62008,-5.2158,5.96268
-0.190726,373.158,0.000107629,2.94686,3.55167,-6.6359,7.4555
-0.190726,373.158,0.000107835,2.97634,3.46888,-8.03083,8.92011
-0.190726,373.158,0.000108041,2.99408,3.37203,-9.39491,10.3506
-0.190726,373.158,0.000108247,3,3.26148,-10.7226,11.7411
-0.190726,373.158,0.000108454,2.99408,3.13768,-12.0085,13.086
-0.190726,373.158,0.00010866,2.97634,3.00111,-13.2474,14.3799
-0.190726,373.158,0.000108866,2.94686,2.85231,-14.4342,15.6175
-0.190726,373.158,0.000109072,2.90575,2.69185,-15.5641,16.7937
-0.190726,373.158,0.000109278,2.85317,2.52038,-16.6324,17.9038
-0.190726,373.158,0.000109485,2.78933,2.33858,-17.6348,18.9431
-0.190726,373.158,0.000109691,2.71448,2.14717,-18.5672,19.9075
-0.190726,373.158,0.000109897,2.62892,1.9469,-19.4257,20.7929
-0.190726,373.158,0.000110103,2.53298,1.73859,-20.2068,21.5957
-0.190726,373.158,0.000110309,2.42705,1.52305,-20.9073,22.3127
-0.190726,373.158,0.000110515,2.31154,1.30115,-21.5242,22.9407
-0.190726,373.158,0.000110722,2.18691,1.07378,-22.055,23.4773
-0.190726,373.158,0.000110928,2.05364,0.841845,-22.4974,23.9201
-0.190726,373.158,0.000111134,1.91227,0.606282,-22.8497,24.2672
-0.190726,373.158,0.00011134,1.76336,0.368033,-23.1102,24.5172
-0.190726,373.158,0.000111546,1.60748,0.128055,-23.2778,24.669
-0.190726,373.158,0.000111753,1.44526,-0.112685,-23.3518,24.7218
-0.190726,373.158,0.000111959,1.27734,-0.353219,-23.3318,24.6754
-0.190726,373.158,0.000112165,1.10437,-0.592577,-23.2178,24.5297
-0.190726,373.158,0.000112371,0.927051,-0.829795,-23.0101,24.2853
-0.190726,373.158,0.000112577,0.74607,-1.06391,-22.7095,23.9432
-0.190726,373.158,0.000112784,0.562144,-1.29399,-22.3171,23.5044
-0.190726,373.158,0.00011299,0.376,-1.51908,-21.8344,22.9708
-0.190726,373.158,0.000113196,0.188372,-1.73829,-21.2634,22.3444
-0.190726,373.158,0.000113402,-6.61694e-015,-1.95073,-20.6061,21.6276
-0.190726,373.158,0.000113608,-0.188372,-2.15552,-19.8652,20.8232
-0.190726,373.158,0.000113814,-0.376,-2.35185,-19.0436,19.9343
-0.190726,373.158,0.000114021,-0.562144,-2.53891,-18.1446,18.9644
-0.190726,373.158,0.000114227,-0.74607,-2.71593,-17.1716,17.9175
-0.190726,373.158,0.000114433,-0.927051,-2.88221,-16.1286,16.7975
-0.190726,373.158,0.000114639,-1.10437,-3.03705,-15.0197,15.609
-0.190726,373.158,0.000114845,-1.27734,-3.17983,-13.8492,14.3566
-0.190726,373.158,0.000115052,-1.44526,-3.30995,-12.622,13.0453
-0.190726,373.158,0.000115258,-1.60748,-3.42689,-11.3428,11.6804
-0.190726,373.158,0.000115464,-1.76336,-3.53015,-10.0168,10.2672
-0.190726,373.158,0.00011567,-1.91227,-3.61932,-8.64934,8.81149
-0.190726,373.158,0.000115876,-2.05364,-3.69402,-7.24581,7.31898
-0.190726,373.158,0.000116082,-2.18691,-3.75394,-5.81187,5.79568
-0.190726,373.158,0.000116289,-2.31154,-3.79881,-4.35328,4.24766
-0.190726,373.158,0.000116495,-2.42705,-3.82846,-2.8759,2.68114
-0.190726,373.158,0.000116701,-2.53298,-3.84275,-1.38566,1.10239
-0.190726,373.158,0.000116907,-2.62892,-3.8416,0.111435,-0.482245
-0.190726,373.158,0.000117113,-2.71448,-3.82501,1.60936,-2.06641
-0.190726,373.158,0.00011732,-2.78933,-3.79303,3.10209,-3.64373
-0.190726,373.158,0.000117526,-2.85317,-3.74577,4.58359,-5.20787
-0.190726,373.158,0.000117732,-2.90575,-3.68342,6.04789,-6.75252
-0.190726,373.158,0.000117938,-2.94686,-3.60622,7.48908,-8.27146
-0.190726,373.158,0.000118144,-2.97634,-3.51445,8.90133,-9.75856
-0.190726,373.158,0.000118351,-2.99408,-3.40848,10.2789,-11.2078
-0.190726,373.158,0.000118557,-3,-3.28873,11.6163,-12.6134
-0.190726,373.158,0.000118763,-2.99408,-3.15566,12.908,-13.9696
-0.190726,373.158,0.000118969,-2.97634,-3.00979,14.1489,-15.2709
-0.190726,373.158,0.000119175,-2.94686,-2.85171,15.3338,-16.512
-0.190726,373.158,0.000119381,-2.90575,-2.68204,16.458,-17.688
-0.190726,373.158,0.000119588,-2.85317,-2.50145,17.5168,-18.794
-0.190726,373.158,0.000119794,-2.78933,-2.31067,18.5061,-19.8255
-0.190726,373.158,0.00012,-2.71448,-2.11045,19.4217,-20.7783
-0.190726,373.158,0.000120206,-2.62892,-1.90158,20.2599,-21.6486
-0.190726,373.158,0.000120412,-2.53298,-1.68491,21.0172,-22.4328
-0.190726,373.158,0.000120619,-2.42705,-1.46129,21.6906,-23.1276
-0.190726,373.158,0.000120825,-2.31154,-1.23163,22.2774,-23.7302
-0.190726,373.158,0.000121031,-2.18691,-0.996839,22.7749,-24.2381
-0.190726,373.158,0.000121237,-2.05364,-0.757856,23.1813,-24.6491
-0.190726,373.158,0.000121443,-1.91227,-0.515643,23.4947,-24.9617
-0.190726,373.158,0.000121649,-1.76336,-0.271169,23.714,-25.1743
-0.190726,373.158,0.000121856,-1.60748,-0.0254163,23.838,-25.2861
-0.190726,373.158,0.000122062,-1.44526,0.220628,23.8663,-25.2966
-0.190726,373.158,0.000122268,-1.27734,0.465975,23.7986,-25.2056
-0.190726,373.158,0.000122474,-1.10437,0.709637,23.6353,-25.0135
-0.190726,373.158,0.00012268,-0.927051,0.950635,23.3768,-24.7208
-0.190726,373.158,0.000122887,-0.74607,1.188,23.0241,-24.3288
-0.190726,373.158,0.000123093,-0.562144,1.42077,22.5787,-23.8389
-0.190726,373.158,0.000123299,-0.376,1.64801,22.0422,-23.253
-0.190726,373.158,0.000123505,-0.188372,1.8688,21.4167,-22.5735
-0.190726,373.158,0.000123711,-2.57249e-014,2.08225,20.7047,-21.8028
-0.190726,373.158,0.00113423,0.188372,2.78433,17.3874,-18.7298
-0.190726,373.158,0.00113443,0.376,2.95259,16.3215,-17.5816
-0.190726,373.158,0.00113464,0.562144,3.1092,15.1912,-16.3641
-0.190726,373.158,0.00113485,0.74607,3.25354,14.0009,-15.0819
-0.190726,373.158,0.00113505,0.927051,3.38504,12.7554,-13.7403
-0.190726,373.158,0.00113526,1.10437,3.50318,11.4596,-12.3444
-0.190726,373.158,0.00113546,1.27734,3.6075,10.1185,-10.8998
-0.190726,373.158,0.00113567,1.44526,3.69758,8.73752,-9.41213
-0.190726,373.158,0.00113588,1.60748,3.77306,7.32204,-7.88736
-0.190726,373.158,0.00113608,1.76336,3.83365,5.87765,-6.33146
-0.190726,373.158,0.00113629,1.91227,3.87912,4.41007,-4.75057
-0.190726,373.158,0.00113649,2.05364,3.90927,2.92509,-3.15093
-0.190726,373.158,0.0011367,2.18691,3.924,1.42856,-1.53886
-0.190726,373.158,0.00113691,2.31154,3.92324,-0.0736021,0.079285
-0.190726,373.158,0.00113711,2.42705,3.907,-1.57548,1.69712
-0.190726,373.158,0.00113732,2.53298,3.87534,-3.07113,3.30825
-0.190726,373.158,0.00113753,2.62892,3.82838,-4.55467,4.90633
-0.190726,373.158,0.00113773,2.71448,3.76632,-6.02023,6.48505
-0.190726,373.158,0.00113794,2.78933,3.68939,-7.46204,8.03817
-0.190726,373.158,0.00113814,2.85317,3.5979,-8.87439,9.55957
-0.190726,373.158,0.00113835,2.90575,3.49222,-10.2517,11.0432
-0.190726,373.158,0.00113856,2.94686,3.37275,-11.5886,12.4833
-0.190726,373.158,0.00113876,2.97634,3.23997,-12.8797,13.8741
-0.190726,373.158,0.00113897,2.99408,3.0944,-14.12,15.2102
-0.190726,373.158,0.00113918,3,2.93662,-15.3046,16.4863
-0.190726,373.158,0.00113938,2.99408,2.76725,-16.4288,17.6972
-0.190726,373.158,0.00113959,2.97634,2.58696,-17.4881,18.8384
-0.190726,373.158,0.00113979,2.94686,2.39646,-18.4785,19.9052
-0.190726,373.158,0.00114,2.90575,2.1965,-19.3959,20.8934
-0.190726,373.158,0.00114021,2.85317,1.98788,-20.2367,21.7992
-0.190726,373.158,0.00114041,2.78933,1.7714,-20.9977,22.6189
-0.190726,373.158,0.00114062,2.71448,1.54794,-21.6758,23.3494
-0.190726,373.158,0.00114082,2.62892,1.31837,-22.2684,23.9877
-0.190726,373.158,0.00114103,2.53298,1.0836,-22.7731,24.5314
-0.190726,373.158,0.00114124,2.42705,0.844547,-23.1879,24.9782
-0.190726,373.158,0.00114144,2.31154,0.602163,-23.5112,25.3265
-0.190726,373.158,0.00114165,2.18691,0.357403,-23.7417,25.5748
-0.190726,373.158,0.00114186,2.05364,0.111232,-23.8786,25.7222
-0.190726,373.158,0.00114206,1.91227,-0.135377,-23.9211,25.768
-0.190726,373.158,0.00114227,1.76336,-0.381453,-23.8693,25.7122
-0.190726,373.158,0.00114247,1.60748,-0.626023,-23.7233,25.5549
-0.190726,373.158,0.00114268,1.44526,-0.868122,-23.4836,25.2968
-0.190726,373.158,0.00114289,1.27734,-1.1068,-23.1513,24.9388
-0.190726,373.158,0.00114309,1.10437,-1.3411,-22.7276,24.4824
-0.190726,373.158,0.0011433,0.927051,-1.57011,-22.2142,23.9293
-0.190726,373.158,0.00114351,0.74607,-1.79293,-21.6132,23.2819
-0.190726,373.158,0.00114371,0.562144,-2.00867,-20.9268,22.5425
-0.190726,373.158,0.00114392,0.376,-2.21648,-20.1578,21.7142
-0.190726,373.158,0.00114412,0.188372,-2.41555,-19.3093,20.8002
-0.190726,373.158,0.00114433,1.79335e-013,-2.60508,-18.3846,19.8041
-0.190726,373.158,0.00114454,-0.188372,-2.78433,-17.3874,18.7298
-0.190726,373.158,0.00114474,-0.376,-2.95259,-16.3215,17.5816
-0.190726,373.158,0.00114495,-0.562144,-3.1092,-15.1912,16.3641
-0.190726,373.158,0.00114515,-0.74607,-3.25354,-14.0009,15.0819
-0.190726,373.158,0.00114536,-0.927051,-3.38504,-12.7554,13.7403
-0.190726,373.158,0.00114557,-1.10437,-3.50318,-11.4596,12.3444
-0.190726,373.158,0.00114577,-1.27734,-3.6075,-10.1185,10.8998
-0.190726,373.158,0.00114598,-1.44526,-3.69758,-8.73752,9.41213
-0.190726,373.158,0.00114619,-1.60748,-3.77306,-7.32204,7.88736
-0.190726,373.158,0.00114639,-1.76336,-3.83365,-5.87765,6.33146
-0.190726,373.158,0.0011466,-1.91227,-3.87912,-4.41007,4.75057
-0.190726,373.158,0.0011468,-2.05364,-3.90927,-2.92509,3.15093
-0.190726,373.158,0.00114701,-2.18691,-3.924,-1.42856,1.53886
-0.190726,373.158,0.00114722,-2.31154,-3.92324,0.0736022,-0.079285
-0.190726,373.158,0.00114742,-2.42705,-3.907,1.57548,-1.69712
-0.190726,373.158,0.00114763,-2.53298,-3.87534,3.07113,-3.30825
-0.190726,373.158,0.00114784,-2.62892,-3.82838,4.55467,-4.90633
-0.190726,373.158,0.00114804,-2.71448,-3.76632,6.02023,-6.48505
-0.190726,373.158,0.00114825,-2.78933,-3.68939,7.46204,-8.03817
-0.190726,373.158,0.00114845,-2.85317,-3.5979,8.87439,-9.55957
-0.190726,373.158,0.00114866,-2.90575,-3.49222,10.2517,-11.0432
-0.190726,373.158,0.00114887,-2.94686,-3.37275,11.5886,-12.4833
-0.190726,373.158,0.00114907,-2.97634,-3.23997,12.8797,-13.8741
-0.190726,373.158,0.00114928,-2.99408,-3.0944,14.12,-15.2102
-0.190726,373.158,0.00114948,-3,-2.93662,15.3046,-16.4863
-0.190726,373.158,0.00114969,-2.99408,-2.76725,16.4288,-17.6972
-0.190726,373.158,0.0011499,-2.97634,-2.58696,17.4881,-18.8384
-0.190726,373.158,0.0011501,-2.94686,-2.39646,18.4785,-19.9052
-0.190726,373.158,0.00115031,-2.90575,-2.1965,19.3959,-20.8934
-0.190726,373.158,0.00115052,-2.85317,-1.98788,20.2367,-21.7992
-0.190726,373.158,0.00115072,-2.78933,-1.7714,20.9977,-22.6189
-0.190726,373.158,0.00115093,-2.71448,-1.54794,21.6758,-23.3494
-0.190726,373.158,0.00115113,-2.62892,-1.31837,22.2684,-23.9877
-0.190726,373.158,0.00115134,-2.53298,-1.0836,22.7731,-24.5314
-0.190726,373.158,0.00115155,-2.42705,-0.844547,23.1879,-24.9782
-0.190726,373.158,0.00115175,-2.31154,-0.602163,23.5112,-25.3265
-0.190726,373.158,0.00115196,-2.18691,-0.357403,23.7417,-25.5748
-0.190726,373.158,0.00115216,-2.05364,-0.111232,23.8786,-25.7222
-0.190726,373.158,0.00115237,-1.91227,0.135377,23.9211,-25.768
-0.190726,373.158,0.00115258,-1.76336,0.381453,23.8693,-25.7122
-0.190726,373.158,0.00115278,-1.60748,0.626023,23.7233,-25.5549
-0.190726,373.158,0.00115299,-1.44526,0.868122,23.4836,-25.2968
-0.190726,373.158,0.0011532,-1.27734,1.1068,23.1513,-24.9388
-0.190726,373.158,0.0011534,-1.10437,1.3411,22.7276,-24.4824
-0.190726,373.158,0.00115361,-0.927051,1.57011,22.2142,-23.9293
-0.190726,373.158,0.00115381,-0.74607,1.79293,21.6132,-23.2819
-0.190726,373.158,0.00115402,-0.562144,2.00867,20.9268,-22.5425
-0.190726,373.158,0.00115423,-0.376,2.21648,20.1578,-21.7142
-0.190726,373.158,0.00115443,-0.188372,2.41555,19.3093,-20.8002
-0.190726,373.158,0.00115464,-4.11468e-014,2.60508,18.3846,-19.8041
-0.190726,373.158,0.00115485,0.188372,2.78433,17.3874,-18.7298
-0.190726,373.158,0.00115505,0.376,2.95259,16.3215,-17.5816
-0.190726,373.158,0.00115526,0.562144,3.1092,15.1912,-16.3641
-0.190726,373.158,0.00115546,0.74607,3.25354,14.0009,-15.0819
-0.190726,373.158,0.00115567,0.927051,3.38504,12.7554,-13.7403
-0.190726,373.158,0.00115588,1.10437,3.50318,11.4596,-12.3444
-0.190726,373.158,0.00115608,1.27734,3.6075,10.1185,-10.8998
-0.190726,373.158,0.00115629,1.44526,3.69758,8.73752,-9.41213
-0.190726,373.158,0.00115649,1.60748,3.77306,7.32204,-7.88736
-0.190726,373.158,0.0011567,1.76336,3.83365,5.87765,-6.33146
-0.190726,373.158,0.00115691,1.91227,3.87912,4.41007,-4.75057
-0.190726,373.158,0.00115711,2.05364,3.90927,2.92509,-3.15093
-0.190726,373.158,0.00115732,2.18691,3.924,1.42856,-1.53886
-0.190726,373.158,0.00115753,2.31154,3.92324,-0.0736022,0.079285
-0.190726,373.158,0.00115773,2.42705,3.907,-1.57548,1.69712
-0.190726,373.158,0.00115794,2.53298,3.87534,-3.07113,3.30825
-0.190726,373.158,0.00115814,2.62892,3.82838,-4.55467,4.90633
-0.190726,373.158,0.00115835,2.71448,3.76632,-6.02023,6.48505
-0.190726,373.158,0.00115856,2.78933,3.68939,-7.46204,8.03817
-0.190726,373.158,0.00115876,2.85317,3.5979,-8.87439,9.55957
-0.190726,373.158,0.00115897,2.90575,3.49222,-10.2517,11.0432
-0.190726,373.158,0.00115918,2.94686,3.37275,-11.5886,12.4833
-0.190726,373.158,0.00115938,2.97634,3.23997,-12.8797,13.8742
-0.190726,373.158,0.00115959,2.99408,3.0944,-14.12,15.2102
-0.190726,373.158,0.00115979,3,2.93662,-15.3046,16.4863
-0.190726,373.158,0.00116,2.99408,2.76725,-16.4288,17.6972
-0.190726,373.158,0.00116021,2.97634,2.58696,-17.4881,18.8384
-0.190726,373.158,0.00116041,2.94686,2.39646,-18.4785,19.9052
-0.190726,373.158,0.00116062,2.90575,2.1965,-19.3959,20.8934
-0.190726,373.158,0.00116082,2.85317,1.98788,-20.2367,21.7992
-0.190726,373.158,0.00116103,2.78933,1.7714,-20.9977,22.6189
-0.190726,373.158,0.00116124,2.71448,1.54794,-21.6758,23.3494
-0.190726,373.158,0.00116144,2.62892,1.31837,-22.2684,23.9877
-0.190726,373.158,0.00116165,2.53298,1.0836,-22.7731,24.5314
-0.190726,373.158,0.00116186,2.42705,0.844547,-23.1879,24.9782
-0.190726,373.158,0.00116206,2.31154,0.602163,-23.5112,25.3265
-0.190726,373.158,0.00116227,2.18691,0.357403,-23.7417,25.5748
-0.190726,373.158,0.00116247,2.05364,0.111232,-23.8786,25.7222
-0.190726,373.158,0.00116268,1.91227,-0.135377,-23.9211,25.768
-0.190726,373.158,0.00116289,1.76336,-0.381453,-23.8693,25.7122
-0.190726,373.158,0.00116309,1.60748,-0.626023,-23.7233,25.5549
-0.190726,373.158,0.0011633,1.44526,-0.868122,-23.4836,25.2968
-0.190726,373.158,0.00116351,1.27734,-1.1068,-23.1513,24.9388
-0.190726,373.158,0.00116371,1.10437,-1.3411,-22.7276,24.4824
-0.190726,373.158,0.00116392,0.927051,-1.57011,-22.2142,23.9293
-0.190726,373.158,0.00116412,0.74607,-1.79293,-21.6132,23.2819
-0.190726,373.158,0.00116433,0.562144,-2.00867,-20.9268,22.5425
-0.190726,373.158,0.00116454,0.376,-2.21648,-20.1578,21.7142
-0.190726,373.158,0.00116474,0.188372,-2.41555,-19.3093,20.8002
-0.190726,373.158,0.00116495,7.34886e-014,-2.60508,-18.3846,19.8041
-0.190726,373.158,0.00116515,-0.188372,-2.78433,-17.3874,18.7298
-0.190726,373.158,0.00116536,-0.376,-2.95259,-16.3215,17.5816
-0.190726,373.158,0.00116557,-0.562144,-3.1092,-15.1912,16.3641
-0.190726,373.158,0.00116577,-0.74607,-3.25354,-14.0009,15.0819
-0.190726,373.158,0.00116598,-0.927051,-3.38504,-12.7554,13.7403
-0.190726,373.158,0.00116619,-1.10437,-3.50318,-11.4596,12.3444
-0.190726,373.158,0.00116639,-1.27734,-3.6075,-10.1185,10.8998
-0.190726,373.158,0.0011666,-1.44526,-3.69758,-8.73752,9.41213
-0.190726,373.158,0.0011668,-1.60748,-3.77306,-7.32204,7.88736
-0.190726,373.158,0.00116701,-1.76336,-3.83365,-5.87765,6.33146
-0.190726,373.158,0.00116722,-1.91227,-3.87912,-4.41007,4.75057
-0.190726,373.158,0.00116742,-2.05364,-3.90927,-2.92509,3.15093
-0.190726,373.158,0.00116763,-2.18691,-3.924,-1.42856,1.53886
-0.190726,373.158,0.00116784,-2.31154,-3.92324,0.0736023,-0.0792851
-0.190726,373.158,0.00116804,-2.42705,-3.907,1.57548,-1.69712
-0.190726,373.158,0.00116825,-2.53298,-3.87534,3.07113,-3.30825
-0.190726,373.158,0.00116845,-2.62892,-3.82838,4.55467,-4.90633
-0.190726,373.158,0.00116866,-2.71448,-3.76632,6.02023,-6.48505
-0.190726,373.158,0.00116887,-2.78933,-3.68939,7.46204,-8.03817
-0.190726,373.158,0.00116907,-2.85317,-3.5979,8.87439,-9.55957
-0.190726,373.158,0.00116928,-2.90575,-3.49222,10.2517,-11.0432
-0.190726,373.158,0.00116948,-2.94686,-3.37275,11.5886,-12.4833
-0.190726,373.158,0.00116969,-2.97634,-3.23997,12.8797,-13.8742
-0.190726,373.158,0.0011699,-2.99408,-3.0944,14.12,-15.2102
-0.190726,373.158,0.0011701,-3,-2.93662,15.3046,-16.4863
-0.190726,373.158,0.00117031,-2.99408,-2.76725,16.4288,-17.6972
-0.190726,373.158,0.00117052,-2.97634,-2.58696,17.4881,-18.8384
-0.190726,373.158,0.00117072,-2.94686,-2.39646,18.4785,-19.9052
-0.190726,373.158,0.00117093,-2.90575,-2.1965,19.3959,-20.8934
-0.190726,373.158,0.00117113,-2.85317,-1.98788,20.2367,-21.7992
-0.190726,373.158,0.00117134,-2.78933,-1.7714,20.9977,-22.6189
-0.190726,373.158,0.00117155,-2.71448,-1.54794,21.6758,-23.3494
-0.190726,373.158,0.00117175,-2.62892,-1.31837,22.2684,-23.9877
-0.190726,373.158,0.00117196,-2.53298,-1.0836,22.7731,-24.5314
-0.190726,373.158,0.00117216,-2.42705,-0.844547,23.1879,-24.9782
-0.190726,373.158,0.00117237,-2.31154,-0.602163,23.5112,-25.3265
-0.190726,373.158,0.00117258,-2.18691,-0.357403,23.7417,-25.5748
-0.190726,373.158,0.00117278,-2.05364,-0.111232,23.8786,-25.7222
-0.190726,373.158,0.00117299,-1.91227,0.135377,23.9211,-25.768
-0.190726,373.158,0.0011732,-1.76336,0.381453,23.8693,-25.7122
-0.190726,373.158,0.0011734,-1.60748,0.626023,23.7233,-25.5549
-0.190726,373.158,0.00117361,-1.44526,0.868122,23.4836,-25.2968
-0.190726,373.158,0.00117381,-1.27734,1.1068,23.1513,-24.9388
-0.190726,373.158,0.00117402,-1.10437,1.3411,22.7276,-24.4824
-0.190726,373.158,0.00117423,-0.927051,1.57011,22.2142,-23.9293
-0.190726,373.158,0.00117443,-0.74607,1.79293,21.6132,-23.2819
-0.190726,373.158,0.00117464,-0.562144,2.00867,20.9268,-22.5425
-0.190726,373.158,0.00117485,-0.376,2.21648,20.1578,-21.7142
-0.190726,373.158,0.00117505,-0.188372,2.41555,19.3093,-20.8002
-0.190726,373.158,0.00117526,-1.0583e-013,2.60508,18.3846,-19.8041
-0.190726,373.158,0.00117546,0.188372,2.78433,17.3874,-18.7298
-0.190726,373.158,0.00117567,0.376,2.95259,16.3215,-17.5816
-0.190726,373.158,0.00117588,0.562144,3.1092,15.1912,-16.3641
-0.190726,373.158,0.00117608,0.74607,3.25354,14.0009,-15.0819
-0.190726,373.158,0.00117629,0.927051,3.38504,12.7554,-13.7403
-0.190726,373.158,0.00117649,1.10437,3.50318,11.4596,-12.3444
-0.190726,373.158,0.0011767,1.27734,3.6075,10.1185,-10.8998
-0.190726,373.158,0.00117691,1.44526,3.69758,8.73752,-9.41213
-0.190726,373.158,0.00117711,1.60748,3.77306,7.32204,-7.88736
-0.190726,373.158,0.00117732,1.76336,3.83365,5.87765,-6.33146
-0.190726,373.158,0.00117753,1.91227,3.87912,4.41007,-4.75057
-0.190726,373.158,0.00117773,2.05364,3.90927,2.92509,-3.15093
-0.190726,373.158,0.00117794,2.18691,3.924,1.42856,-1.53886
-0.190726,373.158,0.00117814,2.31154,3.92324,-0.0736024,0.0792852
-0.190726,373.158,0.00117835,2.42705,3.907,-1.57548,1.69712
-0.190726,373.158,0.00117856,2.53298,3.87534,-3.07114,3.30825
-0.190726,373.158,0.00117876,2.62892,3.82838,-4.55467,4.90633
-0.190726,373.158,0.00117897,2.71448,3.76632,-6.02023,6.48505
-0.190726,373.158,0.00117918,2.78933,3.68939,-7.46204,8.03817
-0.190726,373.158,0.00117938,2.85317,3.5979,-8.87439,9.55957
-0.190726,373.158,0.00117959,2.90575,3.49222,-10.2517,11.0432
-0.190726,373.158,0.00117979,2.94686,3.37275,-11.5886,12.4833
-0.190726,373.158,0.00118,2.97634,3.23997,-12.8797,13.8742
-0.190726,373.158,0.00118021,2.99408,3.0944,-14.12,15.2102
-0.190726,373.158,0.00118041,3,2.93662,-15.3046,16.4863
-0.190726,373.158,0.00118062,2.99408,2.76725,-16.4288,17.6972
-0.190726,373.158,0.00118082,2.97634,2.58696,-17.4881,18.8384
-0.190726,373.158,0.00118103,2.94686,2.39646,-18.4785,19.9052
-0.190726,373.158,0.00118124,2.90575,2.1965,-19.3959,20.8934
-0.190726,373.158,0.00118144,2.85317,1.98788,-20.2367,21.7992
-0.190726,373.158,0.00118165,2.78933,1.7714,-20.9977,22.6189
-0.190726,373.158,0.00118186,2.71448,1.54794,-21.6758,23.3494
-0.190726,373.158,0.00118206,2.62892,1.31837,-22.2684,23.9877
-0.190726,373.158,0.00118227,2.53298,1.0836,-22.7731,24.5314
-0.190726,373.158,0.00118247,2.42705,0.844547,-23.1879,24.9782
-0.190726,373.158,0.00118268,2.31154,0.602163,-23.5112,25.3265
-0.190726,373.158,0.00118289,2.18691,0.357403,-23.7417,25.5748
-0.190726,373.158,0.00118309,2.05364,0.111232,-23.8786,25.7222
-0.190726,373.158,0.0011833,1.91227,-0.135377,-23.9211,25.768
-0.190726,373.158,0.00118351,1.76336,-0.381453,-23.8693,25.7122
-0.190726,373.158,0.00118371,1.60748,-0.626023,-23.7233,25.5549
-0.190726,373.158,0.00118392,1.44526,-0.868122,-23.4836,25.2968
-0.190726,373.158,0.00118412,1.27734,-1.1068,-23.1513,24.9388
-0.190726,373.158,0.00118433,1.10437,-1.3411,-22.7276,24.4824
-0.190726,373.158,0.00118454,0.927051,-1.57011,-22.2142,23.9293
-0.190726,373.158,0.00118474,0.74607,-1.79293,-21.6132,23.2819
-0.190726,373.158,0.00118495,0.562144,-2.00867,-20.9268,22.5425
-0.190726,373.158,0.00118515,0.376,-2.21648,-20.1578,21.7142
-0.190726,373.158,0.00118536,0.188372,-2.41555,-19.3093,20.8002
-0.190726,373.158,0.00118557,-3.23581e-014,-2.60508,-18.3846,19.8041
-0.190726,373.158,0.00118577,-0.188372,-2.78433,-17.3874,18.7298
-0.190726,373.158,0.00118598,-0.376,-2.95259,-16.3215,17.5816
-0.190726,373.158,0.00118619,-0.562144,-3.1092,-15.1912,16.3641
-0.190726,373.158,0.00118639,-0.74607,-3.25354,-14.0009,15.0819
-0.190726,373.158,0.0011866,-0.927051,-3.38504,-12.7554,13.7403
-0.190726,373.158,0.0011868,-1.10437,-3.50318,-11.4596,12.3444
-0.190726,373.158,0.00118701,-1.27734,-3.6075,-10.1185,10.8998
-0.190726,373.158,0.00118722,-1.44526,-3.69758,-8.73752,9.41213
-0.190726,373.158,0.00118742,-1.60748,-3.77306,-7.32204,7.88736
-0.190726,373.158,0.00118763,-1.76336,-3.83365,-5.87765,6.33146
-0.190726,373.158,0.00118784,-1.91227,-3.87912,-4.41007,4.75057
-0.190726,373.158,0.00118804,-2.05364,-3.90927,-2.92509,3.15093
-0.190726,373.158,0.00118825,-2.18691,-3.924,-1.42856,1.53886
-0.190726,373.158,0.00118845,-2.31154,-3.92324,0.0736024,-0.0792852
-0.190726,373.158,0.00118866,-2.42705,-3.907,1.57548,-1.69712
-0.190726,373.158,0.00118887,-2.53298,-3.87534,3.07114,-3.30825
-0.190726,373.158,0.00118907,-2.62892,-3.82838,4.55467,-4.90633
-0.190726,373.158,0.00118928,-2.71448,-3.76632,6.02023,-6.48505
-0.190726,373.158,0.00118948,-2.78933,-3.68939,7.46204,-8.03817
-0.190726,373.158,0.00118969,-2.85317,-3.5979,8.87439,-9.55957
-0.190726,373.158,0.0011899,-2.90575,-3.49222,10.2517,-11.0432
-0.190726,373.158,0.0011901,-2.94686,-3.37275,11.5886,-12.4833
-0.190726,373.158,0.00119031,-2.97634,-3.23997,12.8797,-13.8742
-0.190726,373.158,0.00119052,-2.99408,-3.0944,14.12,-15.2102
-0.190726,373.158,0.00119072,-3,-2.93662,15.3046,-16.4863
-0.190726,373.158,0.00119093,-2.99408,-2.76725,16.4288,-17.6972
-0.190726,373.158,0.00119113,-2.97634,-2.58696,17.4881,-18.8384
-0.190726,373.158,0.00119134,-2.94686,-2.39646,18.4785,-19.9052
-0.190726,373.158,0.00119155,-2.90575,-2.1965,19.3959,-20.8934
-0.190726,373.158,0.00119175,-2.85317,-1.98788,20.2367,-21.7992
-0.190726,373.158,0.00119196,-2.78933,-1.7714,20.9977,-22.6189
-0.190726,373.158,0.00119216,-2.71448,-1.54794,21.6758,-23.3494
-0.190726,373.158,0.00119237,-2.62892,-1.31837,22.2684,-23.9877
-0.190726,373.158,0.00119258,-2.53298,-1.0836,22.7731,-24.5314
-0.190726,373.158,0.00119278,-2.42705,-0.844547,23.1879,-24.9782
-0.190726,373.158,0.00119299,-2.31154,-0.602163,23.5112,-25.3265
-0.190726,373.158,0.0011932,-2.18691,-0.357403,23.7417,-25.5748
-0.190726,373.158,0.0011934,-2.05364,-0.111232,23.8786,-25.7222
-0.190726,373.158,0.00119361,-1.91227,0.135377,23.9211,-25.768
-0.190726,373.158,0.00119381,-1.76336,0.381453,23.8693,-25.7122
-0.190726,373.158,0.00119402,-1.60748,0.626023,23.7233,-25.5549
-0.190726,373.158,0.00119423,-1.44526,0.868122,23.4836,-25.2968
-0.190726,373.158,0.00119443,-1.27734,1.1068,23.1513,-24.9388
-0.190726,373.158,0.00119464,-1.10437,1.3411,22.7276,-24.4824
-0.190726,373.158,0.00119485,-0.927051,1.57011,22.2142,-23.9293
-0.190726,373.158,0.00119505,-0.74607,1.79293,21.6132,-23.2819
-0.190726,373.158,0.00119526,-0.562144,2.00867,20.9268,-22.5425
-0.190726,373.158,0.00119546,-0.376,2.21648,20.1578,-21.7142
-0.190726,373.158,0.00119567,-0.188372,2.41555,19.3093,-20.8002
-0.190726,373.158,0.00119588,1.6263e-017,2.60508,18.3846,-19.8041
-0.190726,373.158,0.00119608,0.188372,2.78433,17.3874,-18.7298
-0.190726,373.158,0.00119629,0.376,2.95259,16.3215,-17.5816
-0.190726,373.158,0.00119649,0.562144,3.1092,15.1912,-16.3641
-0.190726,373.158,0.0011967,0.74607,3.25354,14.0009,-15.0819
-0.190726,373.158,0.00119691,0.927051,3.38504,12.7554,-13.7403
-0.190726,373.158,0.00119711,1.10437,3.50318,11.4596,-12.3444
-0.190726,373.158,0.00119732,1.27734,3.6075,10.1185,-10.8998
-0.190726,373.158,0.00119753,1.44526,3.69758,8.73752,-9.41213
-0.190726,373.158,0.00119773,1.60748,3.77306,7.32204,-7.88736
-0.190726,373.158,0.00119794,1.76336,3.83365,5.87765,-6.33146
-0.190726,373.158,0.00119814,1.91227,3.87912,4.41007,-4.75057
-0.190726,373.158,0.00119835,2.05364,3.90927,2.92509,-3.15093
-0.190726,373.158,0.00119856,2.18691,3.924,1.42856,-1.53886
-0.190726,373.158,0.00119876,2.31154,3.92324,-0.0736025,0.0792853
-0.190726,373.158,0.00119897,2.42705,3.907,-1.57548,1.69712
-0.190726,373.158,0.00119918,2.53298,3.87534,-3.07114,3.30825
-0.190726,373.158,0.00119938,2.62892,3.82838,-4.55467,4.90633
-0.190726,373.158,0.00119959,2.71448,3.76632,-6.02023,6.48505
-0.190726,373.158,0.00119979,2.78933,3.68939,-7.46204,8.03817
-0.190726,373.158,0.0012,2.85317,3.5979,-8.87439,9.55957
-0.190726,373.158,0.00120021,2.90575,3.49222,-10.2517,11.0432
-0.190726,373.158,0.00120041,2.94686,3.37275,-11.5886,12.4833
-0.190726,373.158,0.00120062,2.97634,3.23997,-12.8797,13.8742
-0.190726,373.158,0.00120082,2.99408,3.0944,-14.12,15.2102
-0.190726,373.158,0.00120103,3,2.93662,-15.3046,16.4863
-0.190726,373.158,0.00120124,2.99408,2.76725,-16.4288,17.6972
-0.190726,373.158,0.00120144,2.97634,2.58696,-17.4881,18.8384
-0.190726,373.158,0.00120165,2.94686,2.39646,-18.4785,19.9052
-0.190726,373.158,0.00120186,2.90575,2.1965,-19.3959,20.8934
-0.190726,373.158,0.00120206,2.85317,1.98788,-20.2367,21.7992
-0.190726,373.158,0.00120227,2.78933,1.7714,-20.9977,22.6189
-0.190726,373.158,0.00120247,2.71448,1.54794,-21.6758,23.3494
-0.190726,373.158,0.00120268,2.62892,1.31837,-22.2684,23.9877
-0.190726,373.158,0.00120289,2.53298,1.0836,-22.7731,24.5314
-0.190726,373.158,0.00120309,2.42705,0.844547,-23.1879,24.9782
-0.190726,373.158,0.0012033,2.31154,0.602163,-23.5112,25.3265
-0.190726,373.158,0.00120351,2.18691,0.357403,-23.7417,25.5748
-0.190726,373.158,0.00120371,2.05364,0.111232,-23.8786,25.7222
-0.190726,373.158,0.00120392,1.91227,-0.135377,-23.9211,25.768
-0.190726,373.158,0.00120412,1.76336,-0.381453,-23.8693,25.7122
-0.190726,373.158,0.00120433,1.60748,-0.626023,-23.7233,25.5549
-0.190726,373.158,0.00120454,1.44526,-0.868122,-23.4836,25.2968
-0.190726,373.158,0.00120474,1.27734,-1.1068,-23.1513,24.9388
-0.190726,373.158,0.00120495,1.10437,-1.3411,-22.7276,24.4824
-0.190726,373.158,0.00120515,0.927051,-1.57011,-22.2142,23.9293
-0.190726,373.158,0.00120536,0.74607,-1.79293,-21.6132,23.2819
-0.190726,373.158,0.00120557,0.562144,-2.00867,-20.9268,22.5425
-0.190726,373.158,0.00120577,0.376,-2.21648,-20.1578,21.7142
-0.190726,373.158,0.00120598,0.188372,-2.41555,-19.3093,20.8002
-0.190726,373.158,0.00120619,2.02856e-013,-2.60508,-18.3846,19.8041
-0.190726,373.158,0.00120639,-0.188372,-2.78433,-17.3874,18.7298
-0.190726,373.158,0.0012066,-0.376,-2.95259,-16.3215,17.5816
-0.190726,373.158,0.0012068,-0.562144,-3.1092,-15.1912,16.3641
-0.190726,373.158,0.00120701,-0.74607,-3.25354,-14.0009,15.0819
-0.190726,373.158,0.00120722,-0.927051,-3.38504,-12.7554,13.7403
-0.190726,373.158,0.00120742,-1.10437,-3.50318,-11.4596,12.3444
-0.190726,373.158,0.00120763,-1.27734,-3.6075,-10.1185,10.8998
-0.190726,373.158,0.00120784,-1.44526,-3.69758,-8.73752,9.41213
-0.190726,373.158,0.00120804,-1.60748,-3.77306,-7.32204,7.88736
-0.190726,373.158,0.00120825,-1.76336,-3.83365,-5.87765,6.33146
-0.190726,373.158,0.00120845,-1.91227,-3.87912,-4.41007,4.75057
-0.190726,373.158,0.00120866,-2.05364,-3.90927,-2.92509,3.15093
-0.190726,373.158,0.00120887,-2.18691,-3.924,-1.42856,1.53886
-0.190726,373.158,0.00120907,-2.31154,-3.92324,0.0736026,-0.0792854
-0.190726,373.158,0.00120928,-2.42705,-3.907,1.57548,-1.69712
-0.190726,373.158,0.00120948,-2.53298,-3.87534,3.07114,-3.30825
-0.190726,373.158,0.00120969,-2.62892,-3.82838,4.55467,-4.90633
-0.190726,373.158,0.0012099,-2.71448,-3.76632,6.02023,-6.48505
-0.190726,373.158,0.0012101,-2.78933,-3.68939,7.46204,-8.03817
-0.190726,373.158,0.00121031,-2.85317,-3.5979,8.87439,-9.55957
-0.190726,373.158,0.00121052,-2.90575,-3.49222,10.2517,-11.0432
-0.190726,373.158,0.00121072,-2.94686,-3.37275,11.5886,-12.4833
-0.190726,373.158,0.00121093,-2.97634,-3.23997,12.8797,-13.8742
-0.190726,373.158,0.00121113,-2.99408,-3.0944,14.12,-15.2102
-0.190726,373.158,0.00121134,-3,-2.93662,15.3046,-16.4863
-0.190726,373.158,0.00121155,-2.99408,-2.76725,16.4288,-17.6972
-0.190726,373.158,0.00121175,-2.97634,-2.58696,17.4881,-18.8384
-0.190726,373.158,0.00121196,-2.94686,-2.39646,18.4785,-19.9052
-0.190726,373.158,0.00121216,-2.90575,-2.1965,19.3959,-20.8934
-0.190726,373.158,0.00121237,-2.85317,-1.98788,20.2367,-21.7992
-0.190726,373.158,0.00121258,-2.78933,-1.7714,20.9977,-22.6189
-0.190726,373.158,0.00121278,-2.71448,-1.54794,21.6758,-23.3494
-0.190726,373.158,0.00121299,-2.62892,-1.31837,22.2684,-23.9877
-0.190726,373.158,0.0012132,-2.53298,-1.0836,22.7731,-24.5314
-0.190726,373.158,0.0012134,-2.42705,-0.844547,23.1879,-24.9782
-0.190726,373.158,0.00121361,-2.31154,-0.602163,23.5112,-25.3265
-0.190726,373.158,0.00121381,-2.18691,-0.357403,23.7417,-25.5748
-0.190726,373.158,0.00121402,-2.05364,-0.111232,23.8786,-25.7222
-0.190726,373.158,0.00121423,-1.91227,0.135377,23.9211,-25.768
-0.190726,373.158,0.00121443,-1.76336,0.381453,23.8693,-25.7122
-0.190726,373.158,0.00121464,-1.60748,0.626023,23.7233,-25.5549
-0.190726,373.158,0.00121485,-1.44526,0.868122,23.4836,-25.2968
-0.190726,373.158,0.00121505,-1.27734,1.1068,23.1513,-24.9388
-0.190726,373.158,0.00121526,-1.10437,1.3411,22.7276,-24.4824
-0.190726,373.158,0.00121546,-0.927051,1.57011,22.2142,-23.9293
-0.190726,373.158,0.00121567,-0.74607,1.79293,21.6132,-23.2819
-0.190726,373.158,0.00121588,-0.562144,2.00867,20.9268,-22.5425
-0.190726,373.158,0.00121608,-0.376,2.21648,20.1578,-21.7142
-0.190726,373.158,0.00121629,-0.188372,2.41555,19.3093,-20.8002
-0.190726,373.158,0.00121649,-6.46673e-014,2.60508,18.3846,-19.8041
-0.190726,373.158,0.0012167,0.188372,2.78433,17.3874,-18.7298
-0.190726,373.158,0.00121691,0.376,2.95259,16.3215,-17.5816
-0.190726,373.158,0.00121711,0.562144,3.1092,15.1912,-16.3641
-0.190726,373.158,0.00121732,0.74607,3.25354,14.0009,-15.0819
-0.190726,373.158,0.00121753,0.927051,3.38504,12.7554,-13.7403
-0.190726,373.158,0.00121773,1.10437,3.50318,11.4596,-12.3444
-0.190726,373.158,0.00121794,1.27734,3.6075,10.1185,-10.8998
-0.190726,373.158,0.00121814,1.44526,3.69758,8.73752,-9.41213
-0.190726,373.158,0.00121835,1.60748,3.77306,7.32204,-7.88736
-0.190726,373.158,0.00121856,1.76336,3.83365,5.87765,-6.33146
-0.190726,373.158,0.00121876,1.91227,3.87912,4.41007,-4.75057
-0.190726,373.158,0.00121897,2.05364,3.90927,2.92509,-3.15093
-0.190726,373.158,0.00121918,2.18691,3.924,1.42856,-1.53886
-0.190726,373.158,0.00121938,2.31154,3.92324,-0.0736027,0.0792854
-0.190726,373.158,0.00121959,2.42705,3.907,-1.57548,1.69712
-0.190726,373.158,0.00121979,2.53298,3.87534,-3.07114,3.30825
-0.190726,373.158,0.00122,2.62892,3.82838,-4.55467,4.90633
-0.190726,373.158,0.00122021,2.71448,3.76632,-6.02023,6.48505
-0.190726,373.158,0.00122041,2.78933,3.68939,-7.46204,8.03817
-0.190726,373.158,0.00122062,2.85317,3.5979,-8.87439,9.55957
-0.190726,373.158,0.00122082,2.90575,3.49222,-10.2517,11.0432
-0.190726,373.158,0.00122103,2.94686,3.37275,-11.5886,12.4833
-0.190726,373.158,0.00122124,2.97634,3.23997,-12.8797,13.8742
-0.190726,373.158,0.00122144,2.99408,3.0944,-14.12,15.2102
-0.190726,373.158,0.00122165,3,2.93662,-15.3046,16.4863
-0.190726,373.158,0.00122186,2.99408,2.76725,-16.4288,17.6972
-0.190726,373.158,0.00122206,2.97634,2.58696,-17.4881,18.8384
-0.190726,373.158,0.00122227,2.94686,2.39646,-18.4785,19.9052
-0.190726,373.158,0.00122247,2.90575,2.1965,-19.3959,20.8934
-0.190726,373.158,0.00122268,2.85317,1.98788,-20.2367,21.7992
-0.190726,373.158,0.00122289,2.78933,1.7714,-20.9977,22.6189
-0.190726,373.158,0.00122309,2.71448,1.54794,-21.6758,23.3494
-0.190726,373.158,0.0012233,2.62892,1.31837,-22.2684,23.9877
-0.190726,373.158,0.00122351,2.53298,1.0836,-22.7731,24.5314
-0.190726,373.158,0.00122371,2.42705,0.844547,-23.1879,24.9782
-0.190726,373.158,0.00122392,2.31154,0.602163,-23.5112,25.3265
-0.190726,373.158,0.00122412,2.18691,0.357403,-23.7417,25.5748
-0.190726,373.158,0.00122433,2.05364,0.111232,-23.8786,25.7222
-0.190726,373.158,0.00122454,1.91227,-0.135377,-23.9211,25.768
-0.190726,373.158,0.00122474,1.76336,-0.381453,-23.8693,25.7122
-0.190726,373.158,0.00122495,1.60748,-0.626023,-23.7233,25.5549
-0.190726,373.158,0.00122515,1.44526,-0.868122,-23.4836,25.2968
-0.190726,373.158,0.00122536,1.27734,-1.1068,-23.1513,24.9388
-0.190726,373.158,0.00122557,1.10437,-1.3411,-22.7276,24.4824
-0.190726,373.158,0.00122577,0.927051,-1.57011,-22.2142,23.9293
-0.190726,373.158,0.00122598,0.74607,-1.79293,-21.6132,23.2819
-0.190726,373.158,0.00122619,0.562144,-2.00867,-20.9268,22.5425
-0.190726,373.158,0.00122639,0.376,-2.21648,-20.1578,21.7142
-0.190726,373.158,0.0012266,0.188372,-2.41555,-19.3093,20.8002
-0.190726,373.158,0.0012268,9.70092e-014,-2.60508,-18.3846,19.8041
-0.190726,373.158,0.00122701,-0.188372,-2.78433,-17.3874,18.7298
-0.190726,373.158,0.00122722,-0.376,-2.95259,-16.3215,17.5816
-0.190726,373.158,0.00122742,-0.562144,-3.1092,-15.1912,16.3641
-0.190726,373.158,0.00122763,-0.74607,-3.25354,-14.0009,15.0819
-0.190726,373.158,0.00122784,-0.927051,-3.38504,-12.7554,13.7403
-0.190726,373.158,0.00122804,-1.10437,-3.50318,-11.4596,12.3444
-0.190726,373.158,0.00122825,-1.27734,-3.6075,-10.1185,10.8998
-0.190726,373.158,0.00122845,-1.44526,-3.69758,-8.73752,9.41213
-0.190726,373.158,0.00122866,-1.60748,-3.77306,-7.32204,7.88736
-0.190726,373.158,0.00122887,-1.76336,-3.83365,-5.87765,6.33146
-0.190726,373.158,0.00122907,-1.91227,-3.87912,-4.41007,4.75057
-0.190726,373.158,0.00122928,-2.05364,-3.90927,-2.92509,3.15093
-0.190726,373.158,0.00122948,-2.18691,-3.924,-1.42856,1.53886
-0.190726,373.158,0.00122969,-2.31154,-3.92324,0.0736027,-0.0792855
-0.190726,373.158,0.0012299,-2.42705,-3.907,1.57548,-1.69712
-0.190726,373.158,0.0012301,-2.53298,-3.87534,3.07114,-3.30825
-0.190726,373.158,0.00123031,-2.62892,-3.82838,4.55467,-4.90633
-0.190726,373.158,0.00123052,-2.71448,-3.76632,6.02023,-6.48505
-0.190726,373.158,0.00123072,-2.78933,-3.68939,7.46204,-8.03817
-0.190726,373.158,0.00123093,-2.85317,-3.5979,8.87439,-9.55957
-0.190726,373.158,0.00123113,-2.90575,-3.49222,10.2517,-11.0432
-0.190726,373.158,0.00123134,-2.94686,-3.37275,11.5886,-12.4833
-0.190726,373.158,0.00123155,-2.97634,-3.23997,12.8797,-13.8742
-0.190726,373.158,0.00123175,-2.99408,-3.0944,14.12,-15.2102
-0.190726,373.158,0.00123196,-3,-2.93662,15.3046,-16.4863
-0.190726,373.158,0.00123216,-2.99408,-2.76725,16.4288,-17.6972
-0.190726,373.158,0.00123237,-2.97634,-2.58696,17.4881,-18.8384
-0.190726,373.158,0.00123258,-2.94686,-2.39646,18.4785,-19.9052
-0.190726,373.158,0.00123278,-2.90575,-2.1965,19.3959,-20.8934
-0.190726,373.158,0.00123299,-2.85317,-1.98788,20.2367,-21.7992
-0.190726,373.158,0.0012332,-2.78933,-1.7714,20.9977,-22.6189
-0.190726,373.158,0.0012334,-2.71448,-1.54794,21.6758,-23.3494
-0.190726,373.158,0.00123361,-2.62892,-1.31837,22.2684,-23.9877
-0.190726,373.158,0.00123381,-2.53298,-1.0836,22.7731,-24.5314
-0.190726,373.158,0.00123402,-2.42705,-0.844547,23.1879,-24.9782
-0.190726,373.158,0.00123423,-2.31154,-0.602163,23.5112,-25.3265
-0.190726,373.158,0.00123443,-2.18691,-0.357403,23.7417,-25.5748
-0.190726,373.158,0.00123464,-2.05364,-0.111232,23.8786,-25.7222
-0.190726,373.158,0.00123485,-1.91227,0.135377,23.9211,-25.768
-0.190726,373.158,0.00123505,-1.76336,0.381453,23.8693,-25.7122
-0.190726,373.158,0.00123526,-1.60748,0.626023,23.7233,-25.5549
-0.190726,373.158,0.00123546,-1.44526,0.868122,23.4836,-25.2968
-0.190726,373.158,0.00123567,-1.27734,1.1068,23.1513,-24.9388
-0.190726,373.158,0.00123588,-1.10437,1.3411,22.7276,-24.4824
-0.190726,373.158,0.00123608,-0.927051,1.57011,22.2142,-23.9293
-0.190726,373.158,0.00123629,-0.74607,1.79293,21.6132,-23.2819
-0.190726,373.158,0.00123649,-0.562144,2.00867,20.9268,-22.5425
-0.190726,373.158,0.0012367,-0.376,2.21648,20.1578,-21.7142
-0.190726,373.158,0.00123691,-0.188372,2.41555,19.3093,-20.8002
-0.190726,373.158,0.00123711,-1.29351e-013,2.60508,18.3846,-19.8041
