Amp, Phaseshift, Time, Vd, Vr, VL, VC
0.305643,372.09,0,0,0,0,0
0.305643,372.09,1.3986e-007,0.188372,0.00131728,0.188372,0
0.305643,372.09,2.7972e-007,0.376,0.00393744,0.374682,0.000368471
0.305643,372.09,4.1958e-007,0.562144,0.00783841,0.557838,0.00146985
0.305643,372.09,5.59441e-007,0.74607,0.0129906,0.736761,0.00366241
0.305643,372.09,6.99301e-007,0.927051,0.019357,0.910398,0.00729614
0.305643,372.09,8.39161e-007,1.10437,0.0268935,1.07772,0.0127107
0.305643,372.09,9.79021e-007,1.27734,0.035549,1.23773,0.0202333
0.305643,372.09,1.11888e-006,1.44526,0.0452656,1.38948,0.0301771
0.305643,372.09,1.25874e-006,1.60748,0.0559792,1.53204,0.0428388
0.305643,372.09,1.3986e-006,1.76336,0.0676193,1.66454,0.0584973
0.305643,372.09,1.53846e-006,1.91227,0.0801099,1.78616,0.0774118
0.305643,372.09,1.67832e-006,2.05364,0.0933695,1.89612,0.0998202
0.305643,372.09,1.81818e-006,2.18691,0.107312,1.99372,0.125938
0.305643,372.09,1.95804e-006,2.31154,0.121845,2.07829,0.155955
0.305643,372.09,2.0979e-006,2.42705,0.136875,2.14925,0.190037
0.305643,372.09,2.23776e-006,2.53298,0.152302,2.20607,0.228324
0.305643,372.09,2.37762e-006,2.62892,0.168024,2.24829,0.270926
0.305643,372.09,2.51748e-006,2.71448,0.183937,2.27553,0.317926
0.305643,372.09,2.65734e-006,2.78933,0.199933,2.28747,0.369377
0.305643,372.09,2.7972e-006,2.85317,0.215904,2.28386,0.425302
0.305643,372.09,2.93706e-006,2.90575,0.23174,2.26454,0.485695
0.305643,372.09,3.07692e-006,2.94686,0.247331,2.22943,0.550517
0.305643,372.09,3.21678e-006,2.97634,0.262565,2.1785,0.619701
0.305643,372.09,3.35664e-006,2.99408,0.277333,2.11181,0.693145
0.305643,372.09,3.4965e-006,3,0.291525,2.02952,0.770721
0.305643,372.09,3.63636e-006,2.99408,0.305035,1.93183,0.852266
0.305643,372.09,3.77622e-006,2.97634,0.317755,1.81904,0.937591
0.305643,372.09,3.91608e-006,2.94686,0.329584,1.69152,1.02647
0.305643,372.09,4.05594e-006,2.90575,0.340421,1.54969,1.11866
0.305643,372.09,4.1958e-006,2.85317,0.35017,1.39408,1.21389
0.305643,372.09,4.33566e-006,2.78933,0.358738,1.22527,1.31184
0.305643,372.09,4.47552e-006,2.71448,0.366038,1.04391,1.41218
0.305643,372.09,4.61538e-006,2.62892,0.371987,0.850698,1.51457
0.305643,372.09,4.75524e-006,2.53298,0.376508,0.646425,1.61862
0.305643,372.09,4.8951e-006,2.42705,0.379528,0.431919,1.72394
0.305643,372.09,5.03497e-006,2.31154,0.380983,0.208071,1.8301
0.305643,372.09,5.17483e-006,2.18691,0.380814,-0.0241797,1.93667
0.305643,372.09,5.31469e-006,2.05364,0.378969,-0.263844,2.04319
0.305643,372.09,5.45455e-006,1.91227,0.375403,-0.50989,2.1492
0.305643,372.09,5.59441e-006,1.76336,0.37008,-0.761245,2.25421
0.305643,372.09,5.73427e-006,1.60748,0.362969,-1.01681,2.35772
0.305643,372.09,5.87413e-006,1.44526,0.35405,-1.27543,2.45925
0.305643,372.09,6.01399e-006,1.27734,0.343309,-1.53597,2.55829
0.305643,372.09,6.15385e-006,1.10437,0.330741,-1.79723,2.65432
0.305643,372.09,6.29371e-006,0.927051,0.31635,-2.05801,2.74684
0.305643,372.09,6.43357e-006,0.74607,0.300146,-2.31711,2.83532
0.305643,372.09,6.57343e-006,0.562144,0.282151,-2.57333,2.91928
0.305643,372.09,6.71329e-006,0.376,0.262392,-2.82543,2.9982
0.305643,372.09,6.85315e-006,0.188372,0.240908,-3.07223,3.0716
0.305643,372.09,6.99301e-006,3.67382e-016,0.217744,-3.31251,3.13899
0.305643,372.09,7.13287e-006,-0.188372,0.192953,-3.5451,3.1999
0.305643,372.09,7.27273e-006,-0.376,0.166597,-3.76885,3.25387
0.305643,372.09,7.41259e-006,-0.562144,0.138747,-3.98261,3.30047
0.305643,372.09,7.55245e-006,-0.74607,0.109479,-4.18529,3.33928
0.305643,372.09,7.69231e-006,-0.927051,0.0788791,-4.37581,3.3699
0.305643,372.09,7.83217e-006,-1.10437,0.0470389,-4.55316,3.39197
0.305643,372.09,7.97203e-006,-1.27734,0.0140575,-4.71634,3.40512
0.305643,372.09,8.11189e-006,-1.44526,-0.0199596,-4.86444,3.40906
0.305643,372.09,8.25175e-006,-1.60748,-0.0549007,-4.99658,3.40347
0.305643,372.09,8.39161e-006,-1.76336,-0.0906485,-5.11193,3.38812
0.305643,372.09,8.53147e-006,-1.91227,-0.12708,-5.20974,3.36276
0.305643,372.09,8.67133e-006,-2.05364,-0.164068,-5.28932,3.32721
0.305643,372.09,8.81119e-006,-2.18691,-0.201481,-5.35005,3.28132
0.305643,372.09,8.95105e-006,-2.31154,-0.239183,-5.39138,3.22496
0.305643,372.09,9.09091e-006,-2.42705,-0.277035,-5.41283,3.15806
0.305643,372.09,9.23077e-006,-2.53298,-0.314896,-5.41401,3.08057
0.305643,372.09,9.37063e-006,-2.62892,-0.35262,-5.39459,2.99248
0.305643,372.09,9.51049e-006,-2.71448,-0.390063,-5.35434,2.89385
0.305643,372.09,9.65035e-006,-2.78933,-0.427078,-5.29311,2.78474
0.305643,372.09,9.79021e-006,-2.85317,-0.463517,-5.21083,2.66528
0.305643,372.09,9.93007e-006,-2.90575,-0.499234,-5.10751,2.53562
0.305643,372.09,1.00699e-005,-2.94686,-0.534082,-4.98325,2.39598
0.305643,372.09,1.02098e-005,-2.97634,-0.567916,-4.83824,2.24658
0.305643,372.09,1.03497e-005,-2.99408,-0.600592,-4.67275,2.08772
0.305643,372.09,1.04895e-005,-3,-0.631971,-4.48713,1.91973
0.305643,372.09,1.06294e-005,-2.99408,-0.661914,-4.28184,1.74295
0.305643,372.09,1.07692e-005,-2.97634,-0.690287,-4.05738,1.5578
0.305643,372.09,1.09091e-005,-2.94686,-0.716961,-3.81438,1.36471
0.305643,372.09,1.1049e-005,-2.90575,-0.741811,-3.5535,1.16417
0.305643,372.09,1.11888e-005,-2.85317,-0.764716,-3.27552,0.956666
0.305643,372.09,1.13287e-005,-2.78933,-0.785564,-2.98128,0.742759
0.305643,372.09,1.14685e-005,-2.71448,-0.804247,-2.67168,0.523021
0.305643,372.09,1.16084e-005,-2.62892,-0.820665,-2.34769,0.298057
0.305643,372.09,1.17483e-005,-2.53298,-0.834723,-2.01038,0.0685
0.305643,372.09,1.18881e-005,-2.42705,-0.846338,-1.66083,-0.164989
0.305643,372.09,1.2028e-005,-2.31154,-0.85543,-1.30021,-0.401727
0.305643,372.09,1.21678e-005,-2.18691,-0.861932,-0.929749,-0.641008
0.305643,372.09,1.23077e-005,-2.05364,-0.865783,-0.550702,-0.882108
0.305643,372.09,1.24476e-005,-1.91227,-0.866932,-0.164381,-1.12428
0.305643,372.09,1.25874e-005,-1.76336,-0.865339,0.227861,-1.36678
0.305643,372.09,1.27273e-005,-1.60748,-0.860971,0.624642,-1.60884
0.305643,372.09,1.28671e-005,-1.44526,-0.853806,1.02455,-1.84967
0.305643,372.09,1.3007e-005,-1.27734,-0.843833,1.42614,-2.08849
0.305643,372.09,1.31469e-005,-1.10437,-0.83105,1.82795,-2.32453
0.305643,372.09,1.32867e-005,-0.927051,-0.815466,2.22853,-2.55699
0.305643,372.09,1.34266e-005,-0.74607,-0.7971,2.62639,-2.7851
0.305643,372.09,1.35664e-005,-0.562144,-0.775981,3.02005,-3.00806
0.305643,372.09,1.37063e-005,-0.376,-0.752148,3.40804,-3.22512
0.305643,372.09,1.38462e-005,-0.188372,-0.725652,3.78889,-3.43551
0.305643,372.09,1.3986e-005,-7.34764e-016,-0.696553,4.16116,-3.63849
0.305643,372.09,1.41259e-005,0.188372,-0.664921,4.52341,-3.83333
0.305643,372.09,1.42657e-005,0.376,-0.630835,4.87425,-4.01932
0.305643,372.09,1.44056e-005,0.562144,-0.594386,5.2123,-4.19578
0.305643,372.09,1.45455e-005,0.74607,-0.555671,5.53623,-4.36204
0.305643,372.09,1.46853e-005,0.927051,-0.514798,5.84476,-4.51747
0.305643,372.09,1.48252e-005,1.10437,-0.471885,6.13664,-4.66147
0.305643,372.09,1.4965e-005,1.27734,-0.427055,6.41069,-4.79347
0.305643,372.09,1.51049e-005,1.44526,-0.380441,6.66578,-4.91292
0.305643,372.09,1.52448e-005,1.60748,-0.332183,6.90084,-5.01934
0.305643,372.09,1.53846e-005,1.76336,-0.282429,7.11488,-5.11226
0.305643,372.09,1.55245e-005,1.91227,-0.231331,7.30696,-5.19126
0.305643,372.09,1.56643e-005,2.05364,-0.17905,7.47623,-5.25597
0.305643,372.09,1.58042e-005,2.18691,-0.12575,7.62192,-5.30605
0.305643,372.09,1.59441e-005,2.31154,-0.0716004,7.74334,-5.34123
0.305643,372.09,1.60839e-005,2.42705,-0.0167761,7.83988,-5.36125
0.305643,372.09,1.62238e-005,2.53298,0.0385457,7.91101,-5.36595
0.305643,372.09,1.63636e-005,2.62892,0.0941843,7.95632,-5.35517
0.305643,372.09,1.65035e-005,2.71448,0.149957,7.97546,-5.32882
0.305643,372.09,1.66434e-005,2.78933,0.205678,7.96819,-5.28687
0.305643,372.09,1.67832e-005,2.85317,0.261163,7.93437,-5.22934
0.305643,372.09,1.69231e-005,2.90575,0.316226,7.87393,-5.15629
0.305643,372.09,1.70629e-005,2.94686,0.37068,7.78692,-5.06783
0.305643,372.09,1.72028e-005,2.97634,0.424341,7.6735,-4.96415
0.305643,372.09,1.73427e-005,2.99408,0.477025,7.53389,-4.84545
0.305643,372.09,1.74825e-005,3,0.528553,7.36843,-4.71202
0.305643,372.09,1.76224e-005,2.99408,0.578745,7.17754,-4.56417
0.305643,372.09,1.77622e-005,2.97634,0.627429,6.96177,-4.40228
0.305643,372.09,1.79021e-005,2.94686,0.674434,6.72172,-4.22678
0.305643,372.09,1.8042e-005,2.90575,0.719596,6.45809,-4.03813
0.305643,372.09,1.81818e-005,2.85317,0.762754,6.1717,-3.83684
0.305643,372.09,1.83217e-005,2.78933,0.803757,5.86342,-3.62348
0.305643,372.09,1.84615e-005,2.71448,0.842458,5.53421,-3.39866
0.305643,372.09,1.86014e-005,2.62892,0.878717,5.18512,-3.163
0.305643,372.09,1.87413e-005,2.53298,0.912405,4.81727,-2.91721
0.305643,372.09,1.88811e-005,2.42705,0.943397,4.43185,-2.66199
0.305643,372.09,1.9021e-005,2.31154,0.971579,4.03013,-2.3981
0.305643,372.09,1.91608e-005,2.18691,0.996848,3.61343,-2.12633
0.305643,372.09,1.93007e-005,2.05364,1.01911,3.18313,-1.84749
0.305643,372.09,1.94406e-005,1.91227,1.03827,2.74066,-1.56243
0.305643,372.09,1.95804e-005,1.76336,1.05427,2.28751,-1.272
0.305643,372.09,1.97203e-005,1.60748,1.06703,1.82521,-0.977102
0.305643,372.09,1.98601e-005,1.44526,1.07651,1.35533,-0.678631
0.305643,372.09,2e-005,1.27734,1.08266,0.879457,-0.377509
0.305643,372.09,2.01399e-005,1.10437,1.08545,0.399221,-0.0746663
0.305643,372.09,2.02797e-005,0.927051,1.08487,-0.0837358,0.228957
0.305643,372.09,2.04196e-005,0.74607,1.0809,-0.567755,0.532416
0.305643,372.09,2.05594e-005,0.562144,1.07355,-1.05117,0.834765
0.305643,372.09,2.06993e-005,0.376,1.06283,-1.53231,1.13506
0.305643,372.09,2.08392e-005,0.188372,1.04878,-2.00952,1.43235
0.305643,372.09,2.0979e-005,1.10215e-015,1.03143,-2.48113,1.72572
0.305643,372.09,2.11189e-005,-0.188372,1.01083,-2.94552,2.01423
0.305643,372.09,2.12587e-005,-0.376,0.987046,-3.40106,2.29698
0.305643,372.09,2.13986e-005,-0.562144,0.96015,-3.84617,2.57308
0.305643,372.09,2.15385e-005,-0.74607,0.930225,-4.2793,2.84165
0.305643,372.09,2.16783e-005,-0.927051,0.897365,-4.69892,3.10185
0.305643,372.09,2.18182e-005,-1.10437,0.861676,-5.10359,3.35286
0.305643,372.09,2.1958e-005,-1.27734,0.823271,-5.49188,3.59389
0.305643,372.09,2.20979e-005,-1.44526,0.782275,-5.86242,3.82418
0.305643,372.09,2.22378e-005,-1.60748,0.738821,-6.21393,4.04299
0.305643,372.09,2.23776e-005,-1.76336,0.69305,-6.54517,4.24966
0.305643,372.09,2.25175e-005,-1.91227,0.645114,-6.85498,4.44352
0.305643,372.09,2.26573e-005,-2.05364,0.595168,-7.14227,4.62397
0.305643,372.09,2.27972e-005,-2.18691,0.543377,-7.40604,4.79045
0.305643,372.09,2.29371e-005,-2.31154,0.489913,-7.64537,4.94244
0.305643,372.09,2.30769e-005,-2.42705,0.434952,-7.85941,5.07948
0.305643,372.09,2.32168e-005,-2.53298,0.378676,-8.04742,5.20115
0.305643,372.09,2.33566e-005,-2.62892,0.321273,-8.20874,5.30707
0.305643,372.09,2.34965e-005,-2.71448,0.262931,-8.34282,5.39694
0.305643,372.09,2.36364e-005,-2.78933,0.203846,-8.4492,5.47048
0.305643,372.09,2.37762e-005,-2.85317,0.144213,-8.5275,5.5275
0.305643,372.09,2.39161e-005,-2.90575,0.0842307,-8.57747,5.56784
0.305643,372.09,2.40559e-005,-2.94686,0.0240983,-8.59894,5.5914
0.305643,372.09,2.41958e-005,-2.97634,-0.0359845,-8.59185,5.59815
0.305643,372.09,2.43357e-005,-2.99408,-0.0958184,-8.55624,5.58808
0.305643,372.09,2.44755e-005,-3,-0.155205,-8.49226,5.56128
0.305643,372.09,2.46154e-005,-2.99408,-0.213947,-8.40015,5.51786
0.305643,372.09,2.47552e-005,-2.97634,-0.271851,-8.28026,5.45802
0.305643,372.09,2.48951e-005,-2.94686,-0.328725,-8.13303,5.38198
0.305643,372.09,2.5035e-005,-2.90575,-0.384383,-7.959,5.29002
0.305643,372.09,2.51748e-005,-2.85317,-0.43864,-7.75881,5.18251
0.305643,372.09,2.53147e-005,-2.78933,-0.49132,-7.53319,5.05981
0.305643,372.09,2.54545e-005,-2.71448,-0.54225,-7.28297,4.92238
0.305643,372.09,2.55944e-005,-2.62892,-0.591264,-7.00905,4.7707
0.305643,372.09,2.57343e-005,-2.53298,-0.638204,-6.71242,4.60531
0.305643,372.09,2.58741e-005,-2.42705,-0.682918,-6.39416,4.42679
0.305643,372.09,2.6014e-005,-2.31154,-0.725264,-6.05541,4.23576
0.305643,372.09,2.61538e-005,-2.18691,-0.765106,-5.69741,4.03289
0.305643,372.09,2.62937e-005,-2.05364,-0.802319,-5.32143,3.81888
0.305643,372.09,2.64336e-005,-1.91227,-0.836786,-4.92883,3.59445
0.305643,372.09,2.65734e-005,-1.76336,-0.868402,-4.52102,3.36039
0.305643,372.09,2.67133e-005,-1.60748,-0.897069,-4.09947,3.11748
0.305643,372.09,2.68531e-005,-1.44526,-0.922703,-3.66567,2.86655
0.305643,372.09,2.6993e-005,-1.27734,-0.945229,-3.22118,2.60845
0.305643,372.09,2.71329e-005,-1.10437,-0.964583,-2.7676,2.34405
0.305643,372.09,2.72727e-005,-0.927051,-0.980712,-2.30652,2.07424
0.305643,372.09,2.74126e-005,-0.74607,-0.993577,-1.83959,1.79991
0.305643,372.09,2.75524e-005,-0.562144,-1.00315,-1.36848,1.52199
0.305643,372.09,2.76923e-005,-0.376,-1.0094,-0.894842,1.24139
0.305643,372.09,2.78322e-005,-0.188372,-1.01234,-0.420356,0.959038
0.305643,372.09,2.7972e-005,-1.46953e-015,-1.01197,0.053306,0.675865
0.305643,372.09,2.81119e-005,0.188372,-1.0083,0.524478,0.392796
0.305643,372.09,2.82517e-005,0.376,-1.00137,0.991507,0.110753
0.305643,372.09,2.83916e-005,0.562144,-0.99121,1.45276,-0.16935
0.305643,372.09,2.85315e-005,0.74607,-0.977877,1.90663,-0.446612
0.305643,372.09,2.86713e-005,0.927051,-0.961433,2.35154,-0.720144
0.305643,372.09,2.88112e-005,1.10437,-0.941951,2.78595,-0.989076
0.305643,372.09,2.8951e-005,1.27734,-0.919515,3.20837,-1.25256
0.305643,372.09,2.90909e-005,1.44526,-0.894219,3.61733,-1.50977
0.305643,372.09,2.92308e-005,1.60748,-0.866166,4.01147,-1.7599
0.305643,372.09,2.93706e-005,1.76336,-0.835471,4.38942,-2.00218
0.305643,372.09,2.95105e-005,1.91227,-0.802255,4.74992,-2.23588
0.305643,372.09,2.96503e-005,2.05364,-0.766648,5.09178,-2.46029
0.305643,372.09,2.97902e-005,2.18691,-0.728789,5.41384,-2.67473
0.305643,372.09,2.99301e-005,2.31154,-0.688824,5.71506,-2.87859
0.305643,372.09,3.00699e-005,2.42705,-0.646904,5.99447,-3.07127
0.305643,372.09,3.02098e-005,2.53298,-0.60319,6.25116,-3.25222
0.305643,372.09,3.03497e-005,2.62892,-0.557845,6.48433,-3.42095
0.305643,372.09,3.04895e-005,2.71448,-0.511039,6.69327,-3.57699
0.305643,372.09,3.06294e-005,2.78933,-0.462945,6.87735,-3.71993
0.305643,372.09,3.07692e-005,2.85317,-0.413742,7.03605,-3.84943
0.305643,372.09,3.09091e-005,2.90575,-0.36361,7.16892,-3.96516
0.305643,372.09,3.1049e-005,2.94686,-0.312731,7.27563,-4.06687
0.305643,372.09,3.11888e-005,2.97634,-0.261291,7.35595,-4.15435
0.305643,372.09,3.13287e-005,2.99408,-0.209475,7.40972,-4.22744
0.305643,372.09,3.14685e-005,3,-0.157469,7.43691,-4.28603
0.305643,372.09,3.16084e-005,2.99408,-0.105458,7.43758,-4.33008
0.305643,372.09,3.17483e-005,2.97634,-0.0536263,7.41188,-4.35958
0.305643,372.09,3.18881e-005,2.94686,-0.0021573,7.36006,-4.37458
0.305643,372.09,3.2028e-005,2.90575,0.0487692,7.28248,-4.37518
0.305643,372.09,3.21678e-005,2.85317,0.098976,7.17958,-4.36154
0.305643,372.09,3.23077e-005,2.78933,0.14829,7.05189,-4.33385
0.305643,372.09,3.24476e-005,2.71448,0.196542,6.90004,-4.29237
0.305643,372.09,3.25874e-005,2.62892,0.243568,6.72475,-4.2374
0.305643,372.09,3.27273e-005,2.53298,0.28921,6.52681,-4.16927
0.305643,372.09,3.28671e-005,2.42705,0.333316,6.30711,-4.08837
0.305643,372.09,3.3007e-005,2.31154,0.37574,6.06659,-3.99513
0.305643,372.09,3.31469e-005,2.18691,0.416343,5.8063,-3.89003
0.305643,372.09,3.32867e-005,2.05364,0.454996,5.52733,-3.77357
0.305643,372.09,3.34266e-005,1.91227,0.491575,5.23085,-3.6463
0.305643,372.09,3.35664e-005,1.76336,0.525967,4.91808,-3.5088
0.305643,372.09,3.37063e-005,1.60748,0.558067,4.59031,-3.36167
0.305643,372.09,3.38462e-005,1.44526,0.58778,4.24887,-3.20557
0.305643,372.09,3.3986e-005,1.27734,0.615018,3.89513,-3.04116
0.305643,372.09,3.41259e-005,1.10437,0.639707,3.53051,-2.86912
0.305643,372.09,3.42657e-005,0.927051,0.66178,3.15647,-2.69018
0.305643,372.09,3.44056e-005,0.74607,0.681182,2.77447,-2.50507
0.305643,372.09,3.45455e-005,0.562144,0.697868,2.38603,-2.31453
0.305643,372.09,3.46853e-005,0.376,0.711803,1.99266,-2.11932
0.305643,372.09,3.48252e-005,0.188372,0.722963,1.59589,-1.92022
0.305643,372.09,3.4965e-005,1.83691e-015,0.731335,1.19725,-1.71799
0.305643,372.09,3.51049e-005,-0.188372,0.736917,0.798282,-1.51342
0.305643,372.09,3.52448e-005,-0.376,0.739718,0.400502,-1.30729
0.305643,372.09,3.53846e-005,-0.562144,0.739756,0.00542637,-1.10037
0.305643,372.09,3.55245e-005,-0.74607,0.737061,-0.385451,-0.893449
0.305643,372.09,3.56643e-005,-0.927051,0.731671,-0.770662,-0.687279
0.305643,372.09,3.58042e-005,-1.10437,0.723638,-1.14877,-0.482615
0.305643,372.09,3.59441e-005,-1.27734,0.71302,-1.51836,-0.280199
0.305643,372.09,3.60839e-005,-1.44526,0.699887,-1.87808,-0.080753
0.305643,372.09,3.62238e-005,-1.60748,0.684316,-2.22661,0.11502
0.305643,372.09,3.63636e-005,-1.76336,0.666395,-2.56269,0.306437
0.305643,372.09,3.65035e-005,-1.91227,0.646219,-2.8851,0.492841
0.305643,372.09,3.66434e-005,-2.05364,0.623893,-3.1927,0.673601
0.305643,372.09,3.67832e-005,-2.18691,0.599526,-3.4844,0.848117
0.305643,372.09,3.69231e-005,-2.31154,0.573238,-3.75918,1.01582
0.305643,372.09,3.70629e-005,-2.42705,0.545154,-4.01611,1.17616
0.305643,372.09,3.72028e-005,-2.53298,0.515403,-4.2543,1.32865
0.305643,372.09,3.73427e-005,-2.62892,0.484124,-4.47298,1.47282
0.305643,372.09,3.74825e-005,-2.71448,0.451457,-4.67143,1.60824
0.305643,372.09,3.76224e-005,-2.78933,0.417547,-4.84903,1.73452
0.305643,372.09,3.77622e-005,-2.85317,0.382546,-5.00524,1.85132
0.305643,372.09,3.79021e-005,-2.90575,0.346604,-5.13961,1.95833
0.305643,372.09,3.8042e-005,-2.94686,0.309878,-5.25179,2.05528
0.305643,372.09,3.81818e-005,-2.97634,0.272525,-5.3415,2.14196
0.305643,372.09,3.83217e-005,-2.99408,0.234703,-5.40856,2.21819
0.305643,372.09,3.84615e-005,-3,0.196571,-5.45289,2.28384
0.305643,372.09,3.86014e-005,-2.99408,0.158288,-5.47449,2.33882
0.305643,372.09,3.87413e-005,-2.97634,0.120012,-5.47346,2.3831
0.305643,372.09,3.88811e-005,-2.94686,0.0819003,-5.44997,2.41667
0.305643,372.09,3.9021e-005,-2.90575,0.0441078,-5.40432,2.43958
0.305643,372.09,3.91608e-005,-2.85317,0.00678715,-5.33686,2.45192
0.305643,372.09,3.93007e-005,-2.78933,-0.0299124,-5.24803,2.45382
0.305643,372.09,3.94406e-005,-2.71448,-0.0658451,-5.13838,2.44545
0.305643,372.09,3.95804e-005,-2.62892,-0.10087,-5.00852,2.42703
0.305643,372.09,3.97203e-005,-2.53298,-0.13485,-4.85914,2.39881
0.305643,372.09,3.98601e-005,-2.42705,-0.167654,-4.69102,2.36109
0.305643,372.09,4e-005,-2.31154,-0.199157,-4.50498,2.3142
0.305643,372.09,4.01399e-005,-2.18691,-0.229241,-4.30195,2.25849
0.305643,372.09,4.02797e-005,-2.05364,-0.257793,-4.08289,2.19437
0.305643,372.09,4.04196e-005,-1.91227,-0.284708,-3.84885,2.12226
0.305643,372.09,4.05594e-005,-1.76336,-0.309889,-3.6009,2.04262
0.305643,372.09,4.06993e-005,-1.60748,-0.333247,-3.34021,1.95594
0.305643,372.09,4.08392e-005,-1.44526,-0.354701,-3.06795,1.86272
0.305643,372.09,4.0979e-005,-1.27734,-0.374179,-2.78536,1.7635
0.305643,372.09,4.11189e-005,-1.10437,-0.391618,-2.4937,1.65884
0.305643,372.09,4.12587e-005,-0.927051,-0.406962,-2.19427,1.54929
0.305643,372.09,4.13986e-005,-0.74607,-0.420168,-1.8884,1.43546
0.305643,372.09,4.15385e-005,-0.562144,-0.431199,-1.57743,1.31793
0.305643,372.09,4.16783e-005,-0.376,-0.440029,-1.26273,1.19731
0.305643,372.09,4.18182e-005,-0.188372,-0.446642,-0.945657,1.07423
0.305643,372.09,4.1958e-005,-2.20429e-015,-0.451031,-0.627587,0.949294
0.305643,372.09,4.20979e-005,0.188372,-0.453198,-0.309892,0.823132
0.305643,372.09,4.22378e-005,0.376,-0.453155,0.00606581,0.696363
0.305643,372.09,4.23776e-005,0.562144,-0.450925,0.318936,0.569606
0.305643,372.09,4.25175e-005,0.74607,-0.446538,0.627388,0.443473
0.305643,372.09,4.26573e-005,0.927051,-0.440033,0.930115,0.318568
0.305643,372.09,4.27972e-005,1.10437,-0.431461,1.22584,0.195481
0.305643,372.09,4.29371e-005,1.27734,-0.420879,1.51332,0.074793
0.305643,372.09,4.30769e-005,1.44526,-0.408352,1.79135,-0.0429352
0.305643,372.09,4.32168e-005,1.60748,-0.393955,2.05877,-0.157159
0.305643,372.09,4.33566e-005,1.76336,-0.37777,2.31447,-0.267357
0.305643,372.09,4.34965e-005,1.91227,-0.359886,2.5574,-0.373026
0.305643,372.09,4.36364e-005,2.05364,-0.340399,2.78655,-0.473694
0.305643,372.09,4.37762e-005,2.18691,-0.319413,3.001,-0.56891
0.305643,372.09,4.39161e-005,2.31154,-0.297037,3.19986,-0.658257
0.305643,372.09,4.40559e-005,2.42705,-0.273384,3.38234,-0.741344
0.305643,372.09,4.41958e-005,2.53298,-0.248575,3.54771,-0.817815
0.305643,372.09,4.43357e-005,2.62892,-0.222733,3.69531,-0.887346
0.305643,372.09,4.44755e-005,2.71448,-0.195988,3.82456,-0.949649
0.305643,372.09,4.46154e-005,2.78933,-0.168471,3.93497,-1.00447
0.305643,372.09,4.47552e-005,2.85317,-0.140316,4.02611,-1.0516
0.305643,372.09,4.48951e-005,2.90575,-0.111661,4.09766,-1.09085
0.305643,372.09,4.5035e-005,2.94686,-0.0826448,4.14937,-1.12208
0.305643,372.09,4.51748e-005,2.97634,-0.0534065,4.18107,-1.1452
0.305643,372.09,4.53147e-005,2.99408,-0.0240871,4.19268,-1.16014
0.305643,372.09,4.54545e-005,3,0.00517324,4.18422,-1.16687
0.305643,372.09,4.55944e-005,2.99408,0.0342346,4.15578,-1.16543
0.305643,372.09,4.57343e-005,2.97634,0.0629587,4.10754,-1.15585
0.305643,372.09,4.58741e-005,2.94686,0.0912087,4.03975,-1.13824
0.305643,372.09,4.6014e-005,2.90575,0.11885,3.95278,-1.11273
0.305643,372.09,4.61538e-005,2.85317,0.145753,3.84705,-1.07948
0.305643,372.09,4.62937e-005,2.78933,0.171788,3.72306,-1.03871
0.305643,372.09,4.64336e-005,2.71448,0.196833,3.5814,-0.990659
0.305643,372.09,4.65734e-005,2.62892,0.220768,3.42275,-0.9356
0.305643,372.09,4.67133e-005,2.53298,0.24348,3.24782,-0.873847
0.305643,372.09,4.68531e-005,2.42705,0.264861,3.05742,-0.805741
0.305643,372.09,4.6993e-005,2.31154,0.284808,2.85242,-0.731654
0.305643,372.09,4.71329e-005,2.18691,0.303226,2.63375,-0.651987
0.305643,372.09,4.72727e-005,2.05364,0.320026,2.4024,-0.567169
0.305643,372.09,4.74126e-005,1.91227,0.335127,2.15941,-0.477651
0.305643,372.09,4.75524e-005,1.76336,0.348454,1.90588,-0.383909
0.305643,372.09,4.76923e-005,1.60748,0.359943,1.64294,-0.28644
0.305643,372.09,4.78322e-005,1.44526,0.369536,1.37176,-0.185756
0.305643,372.09,4.7972e-005,1.27734,0.377183,1.09356,-0.0823893
0.305643,372.09,4.81119e-005,1.10437,0.382845,0.80958,0.0231166
0.305643,372.09,4.82517e-005,0.927051,0.386489,0.52109,0.130206
0.305643,372.09,4.83916e-005,0.74607,0.388093,0.229375,0.238315
0.305643,372.09,4.85315e-005,0.562144,0.387643,-0.0642636,0.346872
0.305643,372.09,4.86713e-005,0.376,0.385136,-0.358516,0.455304
0.305643,372.09,4.88112e-005,0.188372,0.380576,-0.652069,0.563034
0.305643,372.09,4.8951e-005,-8.08647e-015,0.373978,-0.943611,0.669489
0.305643,372.09,4.90909e-005,-0.188372,0.365363,-1.23184,0.774098
0.305643,372.09,4.92308e-005,-0.376,0.354766,-1.51546,0.876298
0.305643,372.09,4.93706e-005,-0.562144,0.342226,-1.79321,0.975533
0.305643,372.09,4.95105e-005,-0.74607,0.327794,-2.06383,1.07126
0.305643,372.09,4.96503e-005,-0.927051,0.311527,-2.32611,1.16295
0.305643,372.09,4.97902e-005,-1.10437,0.293493,-2.57885,1.25009
0.305643,372.09,4.99301e-005,-1.27734,0.273766,-2.82092,1.33219
0.305643,372.09,5.00699e-005,-1.44526,0.252429,-3.05122,1.40877
0.305643,372.09,5.02098e-005,-1.60748,0.229571,-3.26868,1.47938
0.305643,372.09,5.03497e-005,-1.76336,0.20529,-3.4723,1.54359
0.305643,372.09,5.04895e-005,-1.91227,0.179687,-3.66115,1.60101
0.305643,372.09,5.06294e-005,-2.05364,0.152873,-3.83434,1.65128
0.305643,372.09,5.07692e-005,-2.18691,0.124964,-3.99106,1.69404
0.305643,372.09,5.09091e-005,-2.31154,0.0960791,-4.13054,1.72899
0.305643,372.09,5.1049e-005,-2.42705,0.0663439,-4.25212,1.75587
0.305643,372.09,5.11888e-005,-2.53298,0.035888,-4.3552,1.77443
0.305643,372.09,5.13287e-005,-2.62892,0.00484443,-4.43923,1.78447
0.305643,372.09,5.14685e-005,-2.71448,-0.0266506,-4.50379,1.78582
0.305643,372.09,5.16084e-005,-2.78933,-0.0584583,-4.5485,1.77837
0.305643,372.09,5.17483e-005,-2.85317,-0.0904379,-4.57308,1.76201
0.305643,372.09,5.18881e-005,-2.90575,-0.122447,-4.57733,1.73672
0.305643,372.09,5.2028e-005,-2.94686,-0.154343,-4.56113,1.70247
0.305643,372.09,5.21678e-005,-2.97634,-0.185983,-4.52447,1.65929
0.305643,372.09,5.23077e-005,-2.99408,-0.217223,-4.46739,1.60727
0.305643,372.09,5.24476e-005,-3,-0.247923,-4.39005,1.54651
0.305643,372.09,5.25874e-005,-2.99408,-0.277942,-4.29266,1.47716
0.305643,372.09,5.27273e-005,-2.97634,-0.307141,-4.17556,1.39941
0.305643,372.09,5.28671e-005,-2.94686,-0.335387,-4.03913,1.3135
0.305643,372.09,5.3007e-005,-2.90575,-0.362547,-3.88386,1.21968
0.305643,372.09,5.31469e-005,-2.85317,-0.388493,-3.71031,1.11827
0.305643,372.09,5.32867e-005,-2.78933,-0.413102,-3.51911,1.0096
0.305643,372.09,5.34266e-005,-2.71448,-0.436256,-3.31098,0.89405
0.305643,372.09,5.35664e-005,-2.62892,-0.457841,-3.08671,0.772021
0.305643,372.09,5.37063e-005,-2.53298,-0.477752,-2.84716,0.643953
0.305643,372.09,5.38462e-005,-2.42705,-0.495886,-2.59325,0.510316
0.305643,372.09,5.3986e-005,-2.31154,-0.512152,-2.32597,0.371607
0.305643,372.09,5.41259e-005,-2.18691,-0.526462,-2.04636,0.228348
0.305643,372.09,5.42657e-005,-2.05364,-0.538738,-1.75553,0.0810857
0.305643,372.09,5.44056e-005,-1.91227,-0.54891,-1.45462,-0.0696104
0.305643,372.09,5.45455e-005,-1.76336,-0.556916,-1.14483,-0.223152
0.305643,372.09,5.46853e-005,-1.60748,-0.562702,-0.827412,-0.378933
0.305643,372.09,5.48252e-005,-1.44526,-0.566224,-0.503626,-0.536332
0.305643,372.09,5.4965e-005,-1.27734,-0.567447,-0.174782,-0.694716
0.305643,372.09,5.51049e-005,-1.10437,-0.566343,0.157789,-0.853443
0.305643,372.09,5.52448e-005,-0.927051,-0.562897,0.492735,-1.01186
0.305643,372.09,5.53846e-005,-0.74607,-0.557102,0.828688,-1.16931
0.305643,372.09,5.55245e-005,-0.562144,-0.548961,1.16427,-1.32515
0.305643,372.09,5.56643e-005,-0.376,-0.538484,1.49811,-1.4787
0.305643,372.09,5.58042e-005,-0.188372,-0.525695,1.82882,-1.62933
0.305643,372.09,5.59441e-005,-2.93906e-015,-0.510625,2.15502,-1.77637
0.305643,372.09,5.60839e-005,0.188372,-0.493315,2.47537,-1.91921
0.305643,372.09,5.62238e-005,0.376,-0.473815,2.78852,-2.0572
0.305643,372.09,5.63636e-005,0.562144,-0.452184,3.09316,-2.18973
0.305643,372.09,5.65035e-005,0.74607,-0.428492,3.38799,-2.31622
0.305643,372.09,5.66434e-005,0.927051,-0.402816,3.67176,-2.43608
0.305643,372.09,5.67832e-005,1.10437,-0.37524,3.94327,-2.54875
0.305643,372.09,5.69231e-005,1.27734,-0.34586,4.20133,-2.65371
0.305643,372.09,5.70629e-005,1.44526,-0.314778,4.44484,-2.75046
0.305643,372.09,5.72028e-005,1.60748,-0.282101,4.67272,-2.83851
0.305643,372.09,5.73427e-005,1.76336,-0.247948,4.88396,-2.91742
0.305643,372.09,5.74825e-005,1.91227,-0.21244,5.07764,-2.98677
0.305643,372.09,5.76224e-005,2.05364,-0.175706,5.25285,-3.0462
0.305643,372.09,5.77622e-005,2.18691,-0.137883,5.40881,-3.09535
0.305643,372.09,5.79021e-005,2.31154,-0.099108,5.54477,-3.13391
0.305643,372.09,5.8042e-005,2.42705,-0.0595271,5.66007,-3.16164
0.305643,372.09,5.81818e-005,2.53298,-0.0192883,5.75415,-3.17829
0.305643,372.09,5.83217e-005,2.62892,0.0214565,5.8265,-3.18368
0.305643,372.09,5.84615e-005,2.71448,0.0625523,5.87671,-3.17768
0.305643,372.09,5.86014e-005,2.78933,0.103842,5.90446,-3.16018
0.305643,372.09,5.87413e-005,2.85317,0.145167,5.90951,-3.13114
0.305643,372.09,5.88811e-005,2.90575,0.186368,5.89172,-3.09053
0.305643,372.09,5.9021e-005,2.94686,0.227285,5.85102,-3.0384
0.305643,372.09,5.91608e-005,2.97634,0.267756,5.78746,-2.97482
0.305643,372.09,5.93007e-005,2.99408,0.307624,5.70115,-2.89993
0.305643,372.09,5.94406e-005,3,0.346731,5.5923,-2.81388
0.305643,372.09,5.95804e-005,2.99408,0.384922,5.46123,-2.71689
0.305643,372.09,5.97203e-005,2.97634,0.422043,5.30831,-2.60922
0.305643,372.09,5.98601e-005,2.94686,0.457945,5.13404,-2.49117
0.305643,372.09,6e-005,2.90575,0.492484,4.93897,-2.36307
0.305643,372.09,6.01399e-005,2.85317,0.525517,4.72376,-2.22531
0.305643,372.09,6.02797e-005,2.78933,0.556909,4.48912,-2.07831
0.305643,372.09,6.04196e-005,2.71448,0.586531,4.23589,-1.92254
0.305643,372.09,6.05594e-005,2.62892,0.614258,3.96492,-1.75847
0.305643,372.09,6.06993e-005,2.53298,0.639972,3.6772,-1.58665
0.305643,372.09,6.08392e-005,2.42705,0.663565,3.37373,-1.40764
0.305643,372.09,6.0979e-005,2.31154,0.684933,3.05561,-1.22202
0.305643,372.09,6.11189e-005,2.18691,0.703982,2.724,-1.03043
0.305643,372.09,6.12587e-005,2.05364,0.720626,2.38009,-0.833517
0.305643,372.09,6.13986e-005,1.91227,0.734788,2.02516,-0.631943
0.305643,372.09,6.15385e-005,1.76336,0.7464,1.66051,-0.426408
0.305643,372.09,6.16783e-005,1.60748,0.755403,1.28749,-0.217625
0.305643,372.09,6.18182e-005,1.44526,0.761749,0.907483,-0.0063237
0.305643,372.09,6.1958e-005,1.27734,0.765399,0.521912,0.206753
0.305643,372.09,6.20979e-005,1.10437,0.766323,0.132222,0.420851
0.305643,372.09,6.22378e-005,0.927051,0.764504,-0.260123,0.635207
0.305643,372.09,6.23776e-005,0.74607,0.759933,-0.653642,0.849054
0.305643,372.09,6.25175e-005,0.562144,0.752613,-1.04684,1.06162
0.305643,372.09,6.26573e-005,0.376,0.742555,-1.43824,1.27214
0.305643,372.09,6.27972e-005,0.188372,0.729784,-1.82633,1.47985
0.305643,372.09,6.29371e-005,3.30644e-015,0.714332,-2.20964,1.68399
0.305643,372.09,6.30769e-005,-0.188372,0.696243,-2.58669,1.8838
0.305643,372.09,6.32168e-005,-0.376,0.675571,-2.95604,2.07855
0.305643,372.09,6.33566e-005,-0.562144,0.652381,-3.31627,2.26752
0.305643,372.09,6.34965e-005,-0.74607,0.626745,-3.66597,2.45001
0.305643,372.09,6.36364e-005,-0.927051,0.598746,-4.0038,2.62532
0.305643,372.09,6.37762e-005,-1.10437,0.568477,-4.32844,2.7928
0.305643,372.09,6.39161e-005,-1.27734,0.536039,-4.63862,2.95182
0.305643,372.09,6.40559e-005,-1.44526,0.501542,-4.93312,3.10176
0.305643,372.09,6.41958e-005,-1.60748,0.465103,-5.21078,3.24205
0.305643,372.09,6.43357e-005,-1.76336,0.426848,-5.47051,3.37215
0.305643,372.09,6.44755e-005,-1.91227,0.386909,-5.71127,3.49155
0.305643,372.09,6.46154e-005,-2.05364,0.345425,-5.9321,3.59977
0.305643,372.09,6.47552e-005,-2.18691,0.302544,-6.1321,3.6964
0.305643,372.09,6.48951e-005,-2.31154,0.258414,-6.31048,3.78102
0.305643,372.09,6.5035e-005,-2.42705,0.213194,-6.46649,3.85331
0.305643,372.09,6.51748e-005,-2.53298,0.167044,-6.59948,3.91294
0.305643,372.09,6.53147e-005,-2.62892,0.120128,-6.70891,3.95967
0.305643,372.09,6.54545e-005,-2.71448,0.072616,-6.79428,3.99327
0.305643,372.09,6.55944e-005,-2.78933,0.0246775,-6.85521,4.01358
0.305643,372.09,6.57343e-005,-2.85317,-0.0235143,-6.89143,4.02048
0.305643,372.09,6.58741e-005,-2.90575,-0.0717851,-6.90272,4.01391
0.305643,372.09,6.6014e-005,-2.94686,-0.11996,-6.88898,3.99383
0.305643,372.09,6.61538e-005,-2.97634,-0.167863,-6.85021,3.96027
0.305643,372.09,6.62937e-005,-2.99408,-0.215321,-6.78649,3.91332
0.305643,372.09,6.64336e-005,-3,-0.26216,-6.698,3.85309
0.305643,372.09,6.65734e-005,-2.99408,-0.308209,-6.58501,3.77976
0.305643,372.09,6.67133e-005,-2.97634,-0.3533,-6.44789,3.69354
0.305643,372.09,6.68531e-005,-2.94686,-0.397265,-6.28711,3.59472
0.305643,372.09,6.6993e-005,-2.90575,-0.439945,-6.1032,3.4836
0.305643,372.09,6.71329e-005,-2.85317,-0.481182,-5.89682,3.36053
0.305643,372.09,6.72727e-005,-2.78933,-0.520823,-5.66868,3.22594
0.305643,372.09,6.74126e-005,-2.71448,-0.558722,-5.4196,3.08025
0.305643,372.09,6.75524e-005,-2.62892,-0.594739,-5.15045,2.92397
0.305643,372.09,6.76923e-005,-2.53298,-0.628741,-4.86221,2.75761
0.305643,372.09,6.78322e-005,-2.42705,-0.6606,-4.55592,2.58173
0.305643,372.09,6.7972e-005,-2.31154,-0.690199,-4.23267,2.39695
0.305643,372.09,6.81119e-005,-2.18691,-0.717428,-3.89366,2.20389
0.305643,372.09,6.82517e-005,-2.05364,-0.742184,-3.5401,2.00321
0.305643,372.09,6.83916e-005,-1.91227,-0.764375,-3.1733,1.79561
0.305643,372.09,6.85315e-005,-1.76336,-0.783917,-2.79459,1.58179
0.305643,372.09,6.86713e-005,-1.60748,-0.800738,-2.40536,1.36252
0.305643,372.09,6.88112e-005,-1.44526,-0.814773,-2.00704,1.13853
0.305643,372.09,6.8951e-005,-1.27734,-0.82597,-1.6011,0.910626
0.305643,372.09,6.90909e-005,-1.10437,-0.834284,-1.18903,0.679586
0.305643,372.09,6.92308e-005,-0.927051,-0.839686,-0.772352,0.446219
0.305643,372.09,6.93706e-005,-0.74607,-0.842151,-0.352603,0.211342
0.305643,372.09,6.95105e-005,-0.562144,-0.841671,0.0686651,-0.0242246
0.305643,372.09,6.96503e-005,-0.376,-0.838245,0.489896,-0.259657
0.305643,372.09,6.97902e-005,-0.188372,-0.831885,0.909531,-0.494131
0.305643,372.09,6.99301e-005,-3.67382e-015,-0.822612,1.32602,-0.726826
0.305643,372.09,7.00699e-005,0.188372,-0.81046,1.73781,-0.956928
0.305643,372.09,7.02098e-005,0.376,-0.795471,2.14339,-1.18363
0.305643,372.09,7.03497e-005,0.562144,-0.7777,2.54124,-1.40614
0.305643,372.09,7.04895e-005,0.74607,-0.757211,2.92991,-1.62368
0.305643,372.09,7.06294e-005,0.927051,-0.734079,3.30794,-1.83548
0.305643,372.09,7.07692e-005,1.10437,-0.708387,3.67394,-2.04082
0.305643,372.09,7.09091e-005,1.27734,-0.680229,4.02655,-2.23897
0.305643,372.09,7.1049e-005,1.44526,-0.649708,4.36446,-2.42925
0.305643,372.09,7.11888e-005,1.60748,-0.616936,4.68643,-2.61098
0.305643,372.09,7.13287e-005,1.76336,-0.582032,4.99127,-2.78355
0.305643,372.09,7.14685e-005,1.91227,-0.545124,5.27786,-2.94636
0.305643,372.09,7.16084e-005,2.05364,-0.506347,5.54512,-3.09884
0.305643,372.09,7.17483e-005,2.18691,-0.465843,5.79209,-3.24048
0.305643,372.09,7.18881e-005,2.31154,-0.42376,6.01786,-3.37078
0.305643,372.09,7.2028e-005,2.42705,-0.380252,6.22159,-3.48932
0.305643,372.09,7.21678e-005,2.53298,-0.335479,6.40255,-3.59568
0.305643,372.09,7.23077e-005,2.62892,-0.289604,6.56008,-3.68952
0.305643,372.09,7.24476e-005,2.71448,-0.242796,6.69361,-3.77053
0.305643,372.09,7.25874e-005,2.78933,-0.195225,6.80265,-3.83844
0.305643,372.09,7.27273e-005,2.85317,-0.147065,6.88684,-3.89305
0.305643,372.09,7.28671e-005,2.90575,-0.0984928,6.94587,-3.93419
0.305643,372.09,7.3007e-005,2.94686,-0.0496848,6.97954,-3.96174
0.305643,372.09,7.31469e-005,2.97634,-0.000819305,6.98777,-3.97564
0.305643,372.09,7.32867e-005,2.99408,0.0479257,6.97054,-3.97587
0.305643,372.09,7.34266e-005,3,0.0963728,6.92794,-3.96246
0.305643,372.09,7.35664e-005,2.99408,0.144346,6.86017,-3.9355
0.305643,372.09,7.37063e-005,2.97634,0.191671,6.7675,-3.89513
0.305643,372.09,7.38462e-005,2.94686,0.238177,6.65032,-3.84151
0.305643,372.09,7.3986e-005,2.90575,0.283695,6.50908,-3.77489
0.305643,372.09,7.41259e-005,2.85317,0.328061,6.34436,-3.69553
0.305643,372.09,7.42657e-005,2.78933,0.371116,6.1568,-3.60377
0.305643,372.09,7.44056e-005,2.71448,0.412704,5.94713,-3.49996
0.305643,372.09,7.45455e-005,2.62892,0.452677,5.71618,-3.38452
0.305643,372.09,7.46853e-005,2.53298,0.490893,5.46482,-3.2579
0.305643,372.09,7.48252e-005,2.42705,0.527215,5.19405,-3.12058
0.305643,372.09,7.4965e-005,2.31154,0.561515,4.90491,-2.97311
0.305643,372.09,7.51049e-005,2.18691,0.593672,4.5985,-2.81604
0.305643,372.09,7.52448e-005,2.05364,0.623575,4.27601,-2.64998
0.305643,372.09,7.53846e-005,1.91227,0.651118,3.93868,-2.47555
0.305643,372.09,7.55245e-005,1.76336,0.676207,3.58779,-2.29342
0.305643,372.09,7.56643e-005,1.60748,0.698758,3.2247,-2.10427
0.305643,372.09,7.58042e-005,1.44526,0.718693,2.85078,-1.90882
0.305643,372.09,7.59441e-005,1.27734,0.735948,2.46746,-1.70778
0.305643,372.09,7.60839e-005,1.10437,0.750467,2.07621,-1.50192
0.305643,372.09,7.62238e-005,0.927051,0.762205,1.67851,-1.292
0.305643,372.09,7.63636e-005,0.74607,0.771127,1.27587,-1.0788
0.305643,372.09,7.65035e-005,0.562144,0.77721,0.869817,-0.8631
0.305643,372.09,7.66434e-005,0.376,0.78044,0.46189,-0.645699
0.305643,372.09,7.67832e-005,0.188372,0.780815,0.0536308,-0.427394
0.305643,372.09,7.69231e-005,-6.61694e-015,0.778343,-0.353421,-0.208984
0.305643,372.09,7.70629e-005,-0.188372,0.773044,-0.75773,0.00873398
0.305643,372.09,7.72028e-005,-0.376,0.764948,-1.15778,0.22497
0.305643,372.09,7.73427e-005,-0.562144,0.754094,-1.55206,0.438942
0.305643,372.09,7.74825e-005,-0.74607,0.740534,-1.93911,0.649877
0.305643,372.09,7.76224e-005,-0.927051,0.724328,-2.31746,0.85702
0.305643,372.09,7.77622e-005,-1.10437,0.705547,-2.68572,1.05963
0.305643,372.09,7.79021e-005,-1.27734,0.684271,-3.04251,1.25698
0.305643,372.09,7.8042e-005,-1.44526,0.660589,-3.38652,1.44839
0.305643,372.09,7.81818e-005,-1.60748,0.634599,-3.71646,1.63317
0.305643,372.09,7.83217e-005,-1.76336,0.60641,-4.03112,1.81068
0.305643,372.09,7.84615e-005,-1.91227,0.576135,-4.32936,1.9803
0.305643,372.09,7.86014e-005,-2.05364,0.543896,-4.61008,2.14146
0.305643,372.09,7.87413e-005,-2.18691,0.509824,-4.87226,2.2936
0.305643,372.09,7.88811e-005,-2.31154,0.474055,-5.11496,2.43621
0.305643,372.09,7.9021e-005,-2.42705,0.436732,-5.33731,2.56881
0.305643,372.09,7.91608e-005,-2.53298,0.398001,-5.53853,2.69097
0.305643,372.09,7.93007e-005,-2.62892,0.358015,-5.71789,2.8023
0.305643,372.09,7.94406e-005,-2.71448,0.316933,-5.8748,2.90245
0.305643,372.09,7.95804e-005,-2.78933,0.274914,-6.00871,2.9911
0.305643,372.09,7.97203e-005,-2.85317,0.232122,-6.11918,3.068
0.305643,372.09,7.98601e-005,-2.90575,0.188725,-6.20587,3.13293
0.305643,372.09,8e-005,-2.94686,0.144889,-6.26851,3.18572
0.305643,372.09,8.01399e-005,-2.97634,0.100784,-6.30695,3.22625
0.305643,372.09,8.02797e-005,-2.99408,0.0565808,-6.32111,3.25444
0.305643,372.09,8.04196e-005,-3,0.0124478,-6.31102,3.27026
0.305643,372.09,8.05594e-005,-2.99408,-0.0314458,-6.27679,3.27375
0.305643,372.09,8.06993e-005,-2.97634,-0.0749328,-6.21864,3.26495
0.305643,372.09,8.08392e-005,-2.94686,-0.117848,-6.13688,3.24399
0.305643,372.09,8.0979e-005,-2.90575,-0.160029,-6.03189,3.21103
0.305643,372.09,8.11189e-005,-2.85317,-0.201317,-5.90417,3.16626
0.305643,372.09,8.12587e-005,-2.78933,-0.241557,-5.75427,3.10995
0.305643,372.09,8.13986e-005,-2.71448,-0.280598,-5.58287,3.04238
0.305643,372.09,8.15385e-005,-2.62892,-0.318295,-5.3907,2.96389
0.305643,372.09,8.16783e-005,-2.53298,-0.354509,-5.17858,2.87486
0.305643,372.09,8.18182e-005,-2.42705,-0.389106,-4.9474,2.7757
0.305643,372.09,8.1958e-005,-2.31154,-0.42196,-4.69813,2.66685
0.305643,372.09,8.20979e-005,-2.18691,-0.452952,-4.4318,2.54882
0.305643,372.09,8.22378e-005,-2.05364,-0.481969,-4.14951,2.42212
0.305643,372.09,8.23776e-005,-1.91227,-0.508909,-3.85243,2.28731
0.305643,372.09,8.25175e-005,-1.76336,-0.533677,-3.54175,2.14496
0.305643,372.09,8.26573e-005,-1.60748,-0.556186,-3.21876,1.99567
0.305643,372.09,8.27972e-005,-1.44526,-0.576359,-2.88475,1.8401
0.305643,372.09,8.29371e-005,-1.27734,-0.594129,-2.54108,1.67888
0.305643,372.09,8.30769e-005,-1.10437,-0.609437,-2.18912,1.51269
0.305643,372.09,8.32168e-005,-0.927051,-0.622236,-1.8303,1.34222
0.305643,372.09,8.33566e-005,-0.74607,-0.632488,-1.46605,1.16817
0.305643,372.09,8.34965e-005,-0.562144,-0.640166,-1.09782,0.991246
0.305643,372.09,8.36364e-005,-0.376,-0.64525,-0.72708,0.812178
0.305643,372.09,8.37762e-005,-0.188372,-0.647735,-0.3553,0.631689
0.305643,372.09,0.000769371,0.188372,-0.63627,1.2951,-0.641911
0.305643,372.09,0.00076951,0.376,-0.624702,1.65418,-0.819889
0.305643,372.09,0.00076965,0.562144,-0.610669,2.00673,-0.994631
0.305643,372.09,0.00076979,0.74607,-0.594226,2.35137,-1.16545
0.305643,372.09,0.00076993,0.927051,-0.575437,2.68672,-1.33166
0.305643,372.09,0.00077007,1.10437,-0.554378,3.01148,-1.49263
0.305643,372.09,0.00077021,1.27734,-0.531131,3.32434,-1.6477
0.305643,372.09,0.00077035,1.44526,-0.505788,3.62409,-1.79626
0.305643,372.09,0.00077049,1.60748,-0.478448,3.90953,-1.93774
0.305643,372.09,0.000770629,1.76336,-0.449221,4.17955,-2.07158
0.305643,372.09,0.000770769,1.91227,-0.41822,4.43307,-2.19723
0.305643,372.09,0.000770909,2.05364,-0.385569,4.66909,-2.31422
0.305643,372.09,0.000771049,2.18691,-0.351397,4.88669,-2.42207
0.305643,372.09,0.000771189,2.31154,-0.315837,5.085,-2.52036
0.305643,372.09,0.000771329,2.42705,-0.279031,5.26325,-2.60871
0.305643,372.09,0.000771469,2.53298,-0.241124,5.42072,-2.68676
0.305643,372.09,0.000771608,2.62892,-0.202265,5.5568,-2.7542
0.305643,372.09,0.000771748,2.71448,-0.162608,5.67095,-2.81078
0.305643,372.09,0.000771888,2.78933,-0.12231,5.76272,-2.85627
0.305643,372.09,0.000772028,2.85317,-0.0815281,5.83175,-2.89048
0.305643,372.09,0.000772168,2.90575,-0.0404249,5.87776,-2.91328
0.305643,372.09,0.000772308,2.94686,0.000837829,5.90057,-2.92459
0.305643,372.09,0.000772448,2.97634,0.0420973,5.9001,-2.92436
0.305643,372.09,0.000772587,2.99408,0.0831906,5.87634,-2.91258
0.305643,372.09,0.000772727,3,0.123956,5.82939,-2.88931
0.305643,372.09,0.000772867,2.99408,0.164231,5.75944,-2.85464
0.305643,372.09,0.000773007,2.97634,0.203859,5.66675,-2.8087
0.305643,372.09,0.000773147,2.94686,0.242682,5.5517,-2.75168
0.305643,372.09,0.000773287,2.90575,0.280547,5.41474,-2.68379
0.305643,372.09,0.000773427,2.85317,0.317306,5.25642,-2.60532
0.305643,372.09,0.000773566,2.78933,0.352811,5.07734,-2.51656
0.305643,372.09,0.000773706,2.71448,0.386925,4.87823,-2.41787
0.305643,372.09,0.000773846,2.62892,0.419511,4.65987,-2.30964
0.305643,372.09,0.000773986,2.53298,0.450442,4.42312,-2.1923
0.305643,372.09,0.000774126,2.42705,0.479596,4.16891,-2.0663
0.305643,372.09,0.000774266,2.31154,0.506856,3.89824,-1.93215
0.305643,372.09,0.000774406,2.18691,0.532116,3.6122,-1.79037
0.305643,372.09,0.000774545,2.05364,0.555276,3.31189,-1.64153
0.305643,372.09,0.000774685,1.91227,0.576245,2.99852,-1.4862
0.305643,372.09,0.000774825,1.76336,0.594939,2.67331,-1.32502
0.305643,372.09,0.000774965,1.60748,0.611286,2.33756,-1.1586
0.305643,372.09,0.000775105,1.44526,0.62522,1.99257,-0.98761
0.305643,372.09,0.000775245,1.27734,0.636687,1.63973,-0.812724
0.305643,372.09,0.000775385,1.10437,0.645641,1.28041,-0.634629
0.305643,372.09,0.000775524,0.927051,0.652046,0.91604,-0.454031
0.305643,372.09,0.000775664,0.74607,0.655879,0.548054,-0.27164
0.305643,372.09,0.000775804,0.562144,0.657123,0.177905,-0.0881774
0.305643,372.09,0.000775944,0.376,0.655774,-0.192946,0.0956332
0.305643,372.09,0.000776084,0.188372,0.651837,-0.563035,0.279066
0.305643,372.09,0.000776224,8.80497e-015,0.645327,-0.930903,0.461398
0.305643,372.09,0.000776364,-0.188372,0.63627,-1.2951,0.641909
0.305643,372.09,0.000776503,-0.376,0.624702,-1.65418,0.819887
0.305643,372.09,0.000776643,-0.562144,0.610669,-2.00673,0.994629
0.305643,372.09,0.000776783,-0.74607,0.594226,-2.35137,1.16545
0.305643,372.09,0.000776923,-0.927051,0.575438,-2.68672,1.33166
0.305643,372.09,0.000777063,-1.10437,0.554379,-3.01147,1.49262
0.305643,372.09,0.000777203,-1.27734,0.531131,-3.32434,1.6477
0.305643,372.09,0.000777343,-1.44526,0.505788,-3.62409,1.79626
0.305643,372.09,0.000777483,-1.60748,0.478449,-3.90953,1.93774
0.305643,372.09,0.000777622,-1.76336,0.449221,-4.17955,2.07157
0.305643,372.09,0.000777762,-1.91227,0.418221,-4.43307,2.19723
0.305643,372.09,0.000777902,-2.05364,0.38557,-4.66909,2.31422
0.305643,372.09,0.000778042,-2.18691,0.351397,-4.88669,2.42207
0.305643,372.09,0.000778182,-2.31154,0.315838,-5.085,2.52036
0.305643,372.09,0.000778322,-2.42705,0.279032,-5.26325,2.60871
0.305643,372.09,0.000778462,-2.53298,0.241125,-5.42072,2.68676
0.305643,372.09,0.000778601,-2.62892,0.202266,-5.5568,2.7542
0.305643,372.09,0.000778741,-2.71448,0.162609,-5.67095,2.81078
0.305643,372.09,0.000778881,-2.78933,0.12231,-5.76272,2.85627
0.305643,372.09,0.000779021,-2.85317,0.0815286,-5.83175,2.89048
0.305643,372.09,0.000779161,-2.90575,0.0404254,-5.87776,2.91329
0.305643,372.09,0.000779301,-2.94686,-0.000837356,-5.90057,2.92459
0.305643,372.09,0.000779441,-2.97634,-0.0420968,-5.9001,2.92436
0.305643,372.09,0.00077958,-2.99408,-0.0831901,-5.87634,2.91258
0.305643,372.09,0.00077972,-3,-0.123955,-5.82939,2.88931
0.305643,372.09,0.00077986,-2.99408,-0.164231,-5.75944,2.85464
0.305643,372.09,0.00078,-2.97634,-0.203859,-5.66675,2.8087
0.305643,372.09,0.00078014,-2.94686,-0.242682,-5.55171,2.75168
0.305643,372.09,0.00078028,-2.90575,-0.280547,-5.41475,2.6838
0.305643,372.09,0.00078042,-2.85317,-0.317305,-5.25642,2.60532
0.305643,372.09,0.000780559,-2.78933,-0.352811,-5.07735,2.51656
0.305643,372.09,0.000780699,-2.71448,-0.386925,-4.87823,2.41788
0.305643,372.09,0.000780839,-2.62892,-0.419511,-4.65987,2.30965
0.305643,372.09,0.000780979,-2.53298,-0.450442,-4.42312,2.1923
0.305643,372.09,0.000781119,-2.42705,-0.479595,-4.16891,2.0663
0.305643,372.09,0.000781259,-2.31154,-0.506856,-3.89825,1.93215
0.305643,372.09,0.000781399,-2.18691,-0.532116,-3.6122,1.79037
0.305643,372.09,0.000781538,-2.05364,-0.555276,-3.3119,1.64153
0.305643,372.09,0.000781678,-1.91227,-0.576245,-2.99852,1.48621
0.305643,372.09,0.000781818,-1.76336,-0.594939,-2.67332,1.32502
0.305643,372.09,0.000781958,-1.60748,-0.611286,-2.33756,1.1586
0.305643,372.09,0.000782098,-1.44526,-0.62522,-1.99258,0.987613
0.305643,372.09,0.000782238,-1.27734,-0.636686,-1.63973,0.812726
0.305643,372.09,0.000782378,-1.10437,-0.64564,-1.28041,0.634632
0.305643,372.09,0.000782517,-0.927051,-0.652046,-0.916043,0.454033
0.305643,372.09,0.000782657,-0.74607,-0.655879,-0.548057,0.271643
0.305643,372.09,0.000782797,-0.562144,-0.657123,-0.177908,0.0881803
0.305643,372.09,0.000782937,-0.376,-0.655774,0.192943,-0.0956304
0.305643,372.09,0.000783077,-0.188372,-0.651836,0.563033,-0.279064
0.305643,372.09,0.000783217,1.29383e-013,-0.645327,0.9309,-0.461395
0.305643,372.09,0.000783357,0.188372,-0.63627,1.29509,-0.641906
0.305643,372.09,0.000783497,0.376,-0.624702,1.65418,-0.819884
0.305643,372.09,0.000783636,0.562144,-0.610669,2.00673,-0.994626
0.305643,372.09,0.000783776,0.74607,-0.594226,2.35136,-1.16544
0.305643,372.09,0.000783916,0.927051,-0.575438,2.68672,-1.33166
0.305643,372.09,0.000784056,1.10437,-0.554379,3.01147,-1.49262
0.305643,372.09,0.000784196,1.27734,-0.531132,3.32434,-1.64769
0.305643,372.09,0.000784336,1.44526,-0.505788,3.62408,-1.79626
0.305643,372.09,0.000784476,1.60748,-0.478449,3.90953,-1.93774
0.305643,372.09,0.000784615,1.76336,-0.449221,4.17954,-2.07157
0.305643,372.09,0.000784755,1.91227,-0.418221,4.43307,-2.19723
0.305643,372.09,0.000784895,2.05364,-0.38557,4.66909,-2.31421
0.305643,372.09,0.000785035,2.18691,-0.351397,4.88669,-2.42206
0.305643,372.09,0.000785175,2.31154,-0.315838,5.085,-2.52036
0.305643,372.09,0.000785315,2.42705,-0.279032,5.26325,-2.6087
0.305643,372.09,0.000785455,2.53298,-0.241125,5.42072,-2.68675
0.305643,372.09,0.000785594,2.62892,-0.202266,5.5568,-2.7542
0.305643,372.09,0.000785734,2.71448,-0.162609,5.67095,-2.81078
0.305643,372.09,0.000785874,2.78933,-0.12231,5.76272,-2.85627
0.305643,372.09,0.000786014,2.85317,-0.0815289,5.83175,-2.89048
0.305643,372.09,0.000786154,2.90575,-0.0404257,5.87776,-2.91328
0.305643,372.09,0.000786294,2.94686,0.000837009,5.90057,-2.92459
0.305643,372.09,0.000786434,2.97634,0.0420964,5.9001,-2.92436
0.305643,372.09,0.000786573,2.99408,0.0831897,5.87634,-2.91258
0.305643,372.09,0.000786713,3,0.123955,5.82939,-2.88931
0.305643,372.09,0.000786853,2.99408,0.16423,5.75944,-2.85464
0.305643,372.09,0.000786993,2.97634,0.203858,5.66675,-2.8087
0.305643,372.09,0.000787133,2.94686,0.242681,5.5517,-2.75168
0.305643,372.09,0.000787273,2.90575,0.280547,5.41475,-2.68379
0.305643,372.09,0.000787413,2.85317,0.317305,5.25642,-2.60532
0.305643,372.09,0.000787552,2.78933,0.352811,5.07734,-2.51656
0.305643,372.09,0.000787692,2.71448,0.386924,4.87823,-2.41788
0.305643,372.09,0.000787832,2.62892,0.419511,4.65987,-2.30964
0.305643,372.09,0.000787972,2.53298,0.450442,4.42312,-2.1923
0.305643,372.09,0.000788112,2.42705,0.479595,4.16891,-2.0663
0.305643,372.09,0.000788252,2.31154,0.506855,3.89825,-1.93215
0.305643,372.09,0.000788392,2.18691,0.532115,3.6122,-1.79037
0.305643,372.09,0.000788531,2.05364,0.555276,3.3119,-1.64153
0.305643,372.09,0.000788671,1.91227,0.576244,2.99852,-1.48621
0.305643,372.09,0.000788811,1.76336,0.594939,2.67332,-1.32502
0.305643,372.09,0.000788951,1.60748,0.611285,2.33756,-1.1586
0.305643,372.09,0.000789091,1.44526,0.625219,1.99258,-0.987613
0.305643,372.09,0.000789231,1.27734,0.636686,1.63973,-0.812727
0.305643,372.09,0.000789371,1.10437,0.64564,1.28041,-0.634633
0.305643,372.09,0.00078951,0.927051,0.652046,0.916044,-0.454034
0.305643,372.09,0.00078965,0.74607,0.655879,0.548058,-0.271644
0.305643,372.09,0.00078979,0.562144,0.657123,0.177909,-0.0881812
0.305643,372.09,0.00078993,0.376,0.655773,-0.192942,0.0956293
0.305643,372.09,0.00079007,0.188372,0.651836,-0.563031,0.279062
0.305643,372.09,0.00079021,7.34886e-014,0.645326,-0.930899,0.461394
0.305643,372.09,0.00079035,-0.188372,0.63627,-1.29509,0.641905
0.305643,372.09,0.00079049,-0.376,0.624702,-1.65417,0.819883
0.305643,372.09,0.000790629,-0.562144,0.610669,-2.00673,0.994624
0.305643,372.09,0.000790769,-0.74607,0.594226,-2.35136,1.16544
0.305643,372.09,0.000790909,-0.927051,0.575438,-2.68672,1.33166
0.305643,372.09,0.000791049,-1.10437,0.554378,-3.01147,1.49262
0.305643,372.09,0.000791189,-1.27734,0.531131,-3.32434,1.64769
0.305643,372.09,0.000791329,-1.44526,0.505788,-3.62408,1.79626
0.305643,372.09,0.000791469,-1.60748,0.478449,-3.90953,1.93774
0.305643,372.09,0.000791608,-1.76336,0.449221,-4.17954,2.07157
0.305643,372.09,0.000791748,-1.91227,0.418221,-4.43306,2.19723
0.305643,372.09,0.000791888,-2.05364,0.38557,-4.66909,2.31421
0.305643,372.09,0.000792028,-2.18691,0.351397,-4.88669,2.42206
0.305643,372.09,0.000792168,-2.31154,0.315838,-5.085,2.52036
0.305643,372.09,0.000792308,-2.42705,0.279032,-5.26324,2.6087
0.305643,372.09,0.000792448,-2.53298,0.241125,-5.42072,2.68675
0.305643,372.09,0.000792587,-2.62892,0.202266,-5.5568,2.7542
0.305643,372.09,0.000792727,-2.71448,0.162609,-5.67095,2.81078
0.305643,372.09,0.000792867,-2.78933,0.12231,-5.76272,2.85626
0.305643,372.09,0.000793007,-2.85317,0.0815289,-5.83174,2.89048
0.305643,372.09,0.000793147,-2.90575,0.0404257,-5.87775,2.91328
0.305643,372.09,0.000793287,-2.94686,-0.000837013,-5.90057,2.92459
0.305643,372.09,0.000793427,-2.97634,-0.0420964,-5.9001,2.92435
0.305643,372.09,0.000793566,-2.99408,-0.0831897,-5.87634,2.91258
0.305643,372.09,0.000793706,-3,-0.123955,-5.82939,2.88931
0.305643,372.09,0.000793846,-2.99408,-0.16423,-5.75944,2.85464
0.305643,372.09,0.000793986,-2.97634,-0.203858,-5.66675,2.8087
0.305643,372.09,0.000794126,-2.94686,-0.242681,-5.5517,2.75168
0.305643,372.09,0.000794266,-2.90575,-0.280546,-5.41474,2.68379
0.305643,372.09,0.000794406,-2.85317,-0.317305,-5.25642,2.60532
0.305643,372.09,0.000794545,-2.78933,-0.352811,-5.07734,2.51656
0.305643,372.09,0.000794685,-2.71448,-0.386924,-4.87823,2.41787
0.305643,372.09,0.000794825,-2.62892,-0.419511,-4.65987,2.30964
0.305643,372.09,0.000794965,-2.53298,-0.450441,-4.42312,2.1923
0.305643,372.09,0.000795105,-2.42705,-0.479595,-4.16891,2.0663
0.305643,372.09,0.000795245,-2.31154,-0.506855,-3.89824,1.93215
0.305643,372.09,0.000795385,-2.18691,-0.532115,-3.6122,1.79037
0.305643,372.09,0.000795524,-2.05364,-0.555275,-3.3119,1.64153
0.305643,372.09,0.000795664,-1.91227,-0.576244,-2.99852,1.4862
0.305643,372.09,0.000795804,-1.76336,-0.594938,-2.67332,1.32502
0.305643,372.09,0.000795944,-1.60748,-0.611285,-2.33756,1.1586
0.305643,372.09,0.000796084,-1.44526,-0.625219,-1.99258,0.987612
0.305643,372.09,0.000796224,-1.27734,-0.636686,-1.63973,0.812725
0.305643,372.09,0.000796364,-1.10437,-0.64564,-1.28041,0.634631
0.305643,372.09,0.000796503,-0.927051,-0.652046,-0.916043,0.454033
0.305643,372.09,0.000796643,-0.74607,-0.655878,-0.548057,0.271642
0.305643,372.09,0.000796783,-0.562144,-0.657122,-0.177908,0.08818
0.305643,372.09,0.000796923,-0.376,-0.655773,0.192943,-0.0956304
0.305643,372.09,0.000797063,-0.188372,-0.651836,0.563032,-0.279063
0.305643,372.09,0.000797203,6.46999e-014,-0.645326,0.930899,-0.461395
0.305643,372.09,0.000797343,0.188372,-0.636269,1.29509,-0.641906
0.305643,372.09,0.000797483,0.376,-0.624702,1.65418,-0.819883
0.305643,372.09,0.000797622,0.562144,-0.610669,2.00673,-0.994625
0.305643,372.09,0.000797762,0.74607,-0.594226,2.35136,-1.16544
0.305643,372.09,0.000797902,0.927051,-0.575437,2.68672,-1.33166
0.305643,372.09,0.000798042,1.10437,-0.554378,3.01147,-1.49262
0.305643,372.09,0.000798182,1.27734,-0.531131,3.32434,-1.64769
0.305643,372.09,0.000798322,1.44526,-0.505788,3.62408,-1.79626
0.305643,372.09,0.000798462,1.60748,-0.478448,3.90953,-1.93774
0.305643,372.09,0.000798601,1.76336,-0.449221,4.17954,-2.07157
0.305643,372.09,0.000798741,1.91227,-0.41822,4.43306,-2.19723
0.305643,372.09,0.000798881,2.05364,-0.385569,4.66909,-2.31421
0.305643,372.09,0.000799021,2.18691,-0.351397,4.88669,-2.42206
0.305643,372.09,0.000799161,2.31154,-0.315837,5.085,-2.52036
0.305643,372.09,0.000799301,2.42705,-0.279031,5.26324,-2.6087
0.305643,372.09,0.000799441,2.53298,-0.241124,5.42072,-2.68675
0.305643,372.09,0.00079958,2.62892,-0.202266,5.5568,-2.7542
0.305643,372.09,0.00079972,2.71448,-0.162609,5.67095,-2.81078
0.305643,372.09,0.00079986,2.78933,-0.12231,5.76272,-2.85626
0.305643,372.09,0.0008,2.85317,-0.0815286,5.83174,-2.89047
0.305643,372.09,0.00080014,2.90575,-0.0404254,5.87775,-2.91328
0.305643,372.09,0.00080028,2.94686,0.000837285,5.90057,-2.92459
0.305643,372.09,0.00080042,2.97634,0.0420967,5.90009,-2.92435
0.305643,372.09,0.000800559,2.99408,0.08319,5.87634,-2.91258
0.305643,372.09,0.000800699,3,0.123955,5.82939,-2.88931
0.305643,372.09,0.000800839,2.99408,0.164231,5.75943,-2.85464
0.305643,372.09,0.000800979,2.97634,0.203858,5.66675,-2.8087
0.305643,372.09,0.000801119,2.94686,0.242681,5.5517,-2.75167
0.305643,372.09,0.000801259,2.90575,0.280547,5.41474,-2.68379
0.305643,372.09,0.000801399,2.85317,0.317305,5.25641,-2.60532
0.305643,372.09,0.000801538,2.78933,0.352811,5.07734,-2.51656
0.305643,372.09,0.000801678,2.71448,0.386924,4.87823,-2.41787
0.305643,372.09,0.000801818,2.62892,0.419511,4.65987,-2.30964
0.305643,372.09,0.000801958,2.53298,0.450442,4.42311,-2.1923
0.305643,372.09,0.000802098,2.42705,0.479595,4.1689,-2.0663
0.305643,372.09,0.000802238,2.31154,0.506855,3.89824,-1.93215
0.305643,372.09,0.000802378,2.18691,0.532115,3.6122,-1.79037
0.305643,372.09,0.000802517,2.05364,0.555275,3.31189,-1.64152
0.305643,372.09,0.000802657,1.91227,0.576244,2.99852,-1.4862
0.305643,372.09,0.000802797,1.76336,0.594939,2.67331,-1.32501
0.305643,372.09,0.000802937,1.60748,0.611285,2.33756,-1.1586
0.305643,372.09,0.000803077,1.44526,0.625219,1.99257,-0.98761
0.305643,372.09,0.000803217,1.27734,0.636686,1.63973,-0.812723
0.305643,372.09,0.000803357,1.10437,0.64564,1.28041,-0.634629
0.305643,372.09,0.000803497,0.927051,0.652046,0.916041,-0.454031
0.305643,372.09,0.000803636,0.74607,0.655878,0.548055,-0.27164
0.305643,372.09,0.000803776,0.562144,0.657122,0.177906,-0.088178
0.305643,372.09,0.000803916,0.376,0.655773,-0.192945,0.0956324
0.305643,372.09,0.000804056,0.188372,0.651836,-0.563034,0.279065
0.305643,372.09,0.000804196,-3.23581e-014,0.645326,-0.930901,0.461397
0.305643,372.09,0.000804336,-0.188372,0.636269,-1.29509,0.641908
0.305643,372.09,0.000804476,-0.376,0.624702,-1.65418,0.819885
0.305643,372.09,0.000804615,-0.562144,0.610669,-2.00673,0.994627
0.305643,372.09,0.000804755,-0.74607,0.594225,-2.35137,1.16544
0.305643,372.09,0.000804895,-0.927051,0.575437,-2.68672,1.33166
0.305643,372.09,0.000805035,-1.10437,0.554378,-3.01147,1.49262
0.305643,372.09,0.000805175,-1.27734,0.531131,-3.32434,1.64769
0.305643,372.09,0.000805315,-1.44526,0.505788,-3.62408,1.79626
0.305643,372.09,0.000805455,-1.60748,0.478448,-3.90953,1.93774
0.305643,372.09,0.000805594,-1.76336,0.449221,-4.17954,2.07157
0.305643,372.09,0.000805734,-1.91227,0.41822,-4.43306,2.19723
0.305643,372.09,0.000805874,-2.05364,0.385569,-4.66909,2.31421
0.305643,372.09,0.000806014,-2.18691,0.351397,-4.88669,2.42206
0.305643,372.09,0.000806154,-2.31154,0.315837,-5.085,2.52036
0.305643,372.09,0.000806294,-2.42705,0.279031,-5.26324,2.6087
0.305643,372.09,0.000806434,-2.53298,0.241124,-5.42072,2.68675
0.305643,372.09,0.000806573,-2.62892,0.202265,-5.5568,2.7542
0.305643,372.09,0.000806713,-2.71448,0.162608,-5.67095,2.81078
0.305643,372.09,0.000806853,-2.78933,0.12231,-5.76272,2.85626
0.305643,372.09,0.000806993,-2.85317,0.0815283,-5.83174,2.89048
0.305643,372.09,0.000807133,-2.90575,0.0404251,-5.87775,2.91328
0.305643,372.09,0.000807273,-2.94686,-0.000837569,-5.90057,2.92459
0.305643,372.09,0.000807413,-2.97634,-0.042097,-5.90009,2.92435
0.305643,372.09,0.000807552,-2.99408,-0.0831902,-5.87634,2.91258
0.305643,372.09,0.000807692,-3,-0.123955,-5.82939,2.88931
0.305643,372.09,0.000807832,-2.99408,-0.164231,-5.75943,2.85464
0.305643,372.09,0.000807972,-2.97634,-0.203859,-5.66675,2.8087
0.305643,372.09,0.000808112,-2.94686,-0.242682,-5.5517,2.75167
0.305643,372.09,0.000808252,-2.90575,-0.280547,-5.41474,2.68379
0.305643,372.09,0.000808392,-2.85317,-0.317305,-5.25641,2.60532
0.305643,372.09,0.000808531,-2.78933,-0.352811,-5.07734,2.51656
0.305643,372.09,0.000808671,-2.71448,-0.386924,-4.87823,2.41787
0.305643,372.09,0.000808811,-2.62892,-0.419511,-4.65987,2.30964
0.305643,372.09,0.000808951,-2.53298,-0.450442,-4.42311,2.19229
0.305643,372.09,0.000809091,-2.42705,-0.479595,-4.1689,2.0663
0.305643,372.09,0.000809231,-2.31154,-0.506855,-3.89824,1.93214
0.305643,372.09,0.000809371,-2.18691,-0.532116,-3.6122,1.79037
0.305643,372.09,0.00080951,-2.05364,-0.555276,-3.31189,1.64152
0.305643,372.09,0.00080965,-1.91227,-0.576244,-2.99852,1.4862
0.305643,372.09,0.00080979,-1.76336,-0.594939,-2.67331,1.32501
0.305643,372.09,0.00080993,-1.60748,-0.611285,-2.33756,1.1586
0.305643,372.09,0.00081007,-1.44526,-0.625219,-1.99257,0.987609
0.305643,372.09,0.00081021,-1.27734,-0.636686,-1.63973,0.812722
0.305643,372.09,0.00081035,-1.10437,-0.64564,-1.28041,0.634628
0.305643,372.09,0.00081049,-0.927051,-0.652046,-0.916039,0.45403
0.305643,372.09,0.000810629,-0.74607,-0.655878,-0.548054,0.271639
0.305643,372.09,0.000810769,-0.562144,-0.657122,-0.177905,0.0881768
0.305643,372.09,0.000810909,-0.376,-0.655773,0.192946,-0.0956336
0.305643,372.09,0.000811049,-0.188372,-0.651836,0.563035,-0.279067
0.305643,372.09,0.000811189,1.6263e-017,-0.645326,0.930903,-0.461398
0.305643,372.09,0.000811329,0.188372,-0.636269,1.2951,-0.641909
0.305643,372.09,0.000811469,0.376,-0.624702,1.65418,-0.819887
0.305643,372.09,0.000811608,0.562144,-0.610669,2.00673,-0.994628
0.305643,372.09,0.000811748,0.74607,-0.594226,2.35137,-1.16544
0.305643,372.09,0.000811888,0.927051,-0.575437,2.68672,-1.33166
0.305643,372.09,0.000812028,1.10437,-0.554378,3.01147,-1.49262
0.305643,372.09,0.000812168,1.27734,-0.531131,3.32434,-1.64769
0.305643,372.09,0.000812308,1.44526,-0.505788,3.62409,-1.79626
0.305643,372.09,0.000812448,1.60748,-0.478448,3.90953,-1.93774
0.305643,372.09,0.000812587,1.76336,-0.449221,4.17955,-2.07157
0.305643,372.09,0.000812727,1.91227,-0.41822,4.43307,-2.19723
0.305643,372.09,0.000812867,2.05364,-0.385569,4.66909,-2.31421
0.305643,372.09,0.000813007,2.18691,-0.351397,4.88669,-2.42207
0.305643,372.09,0.000813147,2.31154,-0.315837,5.085,-2.52036
0.305643,372.09,0.000813287,2.42705,-0.279031,5.26325,-2.6087
0.305643,372.09,0.000813427,2.53298,-0.241124,5.42072,-2.68675
0.305643,372.09,0.000813566,2.62892,-0.202265,5.5568,-2.7542
0.305643,372.09,0.000813706,2.71448,-0.162608,5.67095,-2.81078
0.305643,372.09,0.000813846,2.78933,-0.12231,5.76272,-2.85626
0.305643,372.09,0.000813986,2.85317,-0.0815282,5.83174,-2.89048
0.305643,372.09,0.000814126,2.90575,-0.0404251,5.87775,-2.91328
0.305643,372.09,0.000814266,2.94686,0.000837657,5.90057,-2.92459
0.305643,372.09,0.000814406,2.97634,0.0420971,5.9001,-2.92436
0.305643,372.09,0.000814545,2.99408,0.0831904,5.87634,-2.91258
0.305643,372.09,0.000814685,3,0.123955,5.82939,-2.88931
0.305643,372.09,0.000814825,2.99408,0.164231,5.75944,-2.85464
0.305643,372.09,0.000814965,2.97634,0.203859,5.66675,-2.8087
0.305643,372.09,0.000815105,2.94686,0.242682,5.5517,-2.75168
0.305643,372.09,0.000815245,2.90575,0.280547,5.41474,-2.68379
0.305643,372.09,0.000815385,2.85317,0.317305,5.25641,-2.60532
0.305643,372.09,0.000815524,2.78933,0.352811,5.07734,-2.51656
0.305643,372.09,0.000815664,2.71448,0.386925,4.87823,-2.41787
0.305643,372.09,0.000815804,2.62892,0.419511,4.65987,-2.30964
0.305643,372.09,0.000815944,2.53298,0.450442,4.42311,-2.1923
0.305643,372.09,0.000816084,2.42705,0.479595,4.1689,-2.0663
0.305643,372.09,0.000816224,2.31154,0.506856,3.89824,-1.93215
0.305643,372.09,0.000816364,2.18691,0.532116,3.6122,-1.79037
0.305643,372.09,0.000816503,2.05364,0.555276,3.31189,-1.64152
0.305643,372.09,0.000816643,1.91227,0.576245,2.99852,-1.4862
0.305643,372.09,0.000816783,1.76336,0.594939,2.67331,-1.32502
0.305643,372.09,0.000816923,1.60748,0.611286,2.33756,-1.1586
0.305643,372.09,0.000817063,1.44526,0.62522,1.99257,-0.98761
0.305643,372.09,0.000817203,1.27734,0.636686,1.63973,-0.812723
0.305643,372.09,0.000817343,1.10437,0.64564,1.28041,-0.634629
0.305643,372.09,0.000817483,0.927051,0.652046,0.91604,-0.45403
0.305643,372.09,0.000817622,0.74607,0.655879,0.548054,-0.27164
0.305643,372.09,0.000817762,0.562144,0.657123,0.177905,-0.0881772
0.305643,372.09,0.000817902,0.376,0.655773,-0.192946,0.0956334
0.305643,372.09,0.000818042,0.188372,0.651836,-0.563035,0.279067
0.305643,372.09,0.000818182,-1.38205e-013,0.645326,-0.930903,0.461398
0.305643,372.09,0.000818322,-0.188372,0.63627,-1.2951,0.641909
0.305643,372.09,0.000818462,-0.376,0.624702,-1.65418,0.819887
0.305643,372.09,0.000818601,-0.562144,0.610669,-2.00673,0.994629
0.305643,372.09,0.000818741,-0.74607,0.594226,-2.35137,1.16544
0.305643,372.09,0.000818881,-0.927051,0.575438,-2.68672,1.33166
0.305643,372.09,0.000819021,-1.10437,0.554378,-3.01147,1.49262
0.305643,372.09,0.000819161,-1.27734,0.531131,-3.32434,1.64769
0.305643,372.09,0.000819301,-1.44526,0.505788,-3.62409,1.79626
0.305643,372.09,0.000819441,-1.60748,0.478449,-3.90953,1.93774
0.305643,372.09,0.00081958,-1.76336,0.449221,-4.17955,2.07157
0.305643,372.09,0.00081972,-1.91227,0.41822,-4.43307,2.19723
0.305643,372.09,0.00081986,-2.05364,0.385569,-4.66909,2.31421
0.305643,372.09,0.00082,-2.18691,0.351397,-4.88669,2.42207
0.305643,372.09,0.00082014,-2.31154,0.315837,-5.085,2.52036
0.305643,372.09,0.00082028,-2.42705,0.279031,-5.26325,2.6087
0.305643,372.09,0.00082042,-2.53298,0.241124,-5.42072,2.68676
0.305643,372.09,0.000820559,-2.62892,0.202266,-5.5568,2.7542
0.305643,372.09,0.000820699,-2.71448,0.162609,-5.67095,2.81078
0.305643,372.09,0.000820839,-2.78933,0.12231,-5.76272,2.85627
0.305643,372.09,0.000820979,-2.85317,0.0815284,-5.83175,2.89048
0.305643,372.09,0.000821119,-2.90575,0.0404252,-5.87776,2.91328
0.305643,372.09,0.000821259,-2.94686,-0.000837528,-5.90057,2.92459
0.305643,372.09,0.000821399,-2.97634,-0.042097,-5.9001,2.92436
0.305643,372.09,0.000821538,-2.99408,-0.0831902,-5.87634,2.91258
0.305643,372.09,0.000821678,-3,-0.123955,-5.82939,2.88931
0.305643,372.09,0.000821818,-2.99408,-0.164231,-5.75944,2.85464
0.305643,372.09,0.000821958,-2.97634,-0.203859,-5.66675,2.8087
0.305643,372.09,0.000822098,-2.94686,-0.242682,-5.5517,2.75168
0.305643,372.09,0.000822238,-2.90575,-0.280547,-5.41474,2.68379
0.305643,372.09,0.000822378,-2.85317,-0.317305,-5.25642,2.60532
0.305643,372.09,0.000822517,-2.78933,-0.352811,-5.07734,2.51656
0.305643,372.09,0.000822657,-2.71448,-0.386925,-4.87823,2.41787
0.305643,372.09,0.000822797,-2.62892,-0.419511,-4.65987,2.30964
0.305643,372.09,0.000822937,-2.53298,-0.450442,-4.42312,2.1923
0.305643,372.09,0.000823077,-2.42705,-0.479595,-4.16891,2.0663
0.305643,372.09,0.000823217,-2.31154,-0.506856,-3.89824,1.93215
0.305643,372.09,0.000823357,-2.18691,-0.532116,-3.6122,1.79037
0.305643,372.09,0.000823497,-2.05364,-0.555276,-3.31189,1.64153
0.305643,372.09,0.000823636,-1.91227,-0.576245,-2.99852,1.4862
0.305643,372.09,0.000823776,-1.76336,-0.594939,-2.67331,1.32502
0.305643,372.09,0.000823916,-1.60748,-0.611286,-2.33756,1.1586
0.305643,372.09,0.000824056,-1.44526,-0.62522,-1.99258,0.987611
0.305643,372.09,0.000824196,-1.27734,-0.636686,-1.63973,0.812724
0.305643,372.09,0.000824336,-1.10437,-0.64564,-1.28041,0.63463
0.305643,372.09,0.000824476,-0.927051,-0.652046,-0.916041,0.454032
0.305643,372.09,0.000824615,-0.74607,-0.655879,-0.548055,0.271641
0.305643,372.09,0.000824755,-0.562144,-0.657123,-0.177906,0.0881784
0.305643,372.09,0.000824895,-0.376,-0.655774,0.192945,-0.0956322
0.305643,372.09,0.000825035,-0.188372,-0.651836,0.563034,-0.279065
0.305643,372.09,0.000825175,-6.46673e-014,-0.645326,0.930902,-0.461397
0.305643,372.09,0.000825315,0.188372,-0.63627,1.2951,-0.641908
0.305643,372.09,0.000825455,0.376,-0.624702,1.65418,-0.819886
0.305643,372.09,0.000825594,0.562144,-0.610669,2.00673,-0.994627
0.305643,372.09,0.000825734,0.74607,-0.594226,2.35137,-1.16544
0.305643,372.09,0.000825874,0.927051,-0.575438,2.68672,-1.33166
0.305643,372.09,0.000826014,1.10437,-0.554378,3.01147,-1.49262
0.305643,372.09,0.000826154,1.27734,-0.531131,3.32434,-1.64769
0.305643,372.09,0.000826294,1.44526,-0.505788,3.62409,-1.79626
0.305643,372.09,0.000826434,1.60748,-0.478449,3.90953,-1.93774
0.305643,372.09,0.000826573,1.76336,-0.449221,4.17955,-2.07157
0.305643,372.09,0.000826713,1.91227,-0.418221,4.43307,-2.19723
0.305643,372.09,0.000826853,2.05364,-0.38557,4.66909,-2.31421
0.305643,372.09,0.000826993,2.18691,-0.351397,4.88669,-2.42207
0.305643,372.09,0.000827133,2.31154,-0.315838,5.085,-2.52036
0.305643,372.09,0.000827273,2.42705,-0.279032,5.26325,-2.6087
0.305643,372.09,0.000827413,2.53298,-0.241124,5.42072,-2.68676
0.305643,372.09,0.000827552,2.62892,-0.202266,5.5568,-2.7542
0.305643,372.09,0.000827692,2.71448,-0.162609,5.67095,-2.81078
0.305643,372.09,0.000827832,2.78933,-0.12231,5.76272,-2.85627
0.305643,372.09,0.000827972,2.85317,-0.0815286,5.83175,-2.89048
0.305643,372.09,0.000828112,2.90575,-0.0404254,5.87776,-2.91328
0.305643,372.09,0.000828252,2.94686,0.000837325,5.90057,-2.92459
0.305643,372.09,0.000828392,2.97634,0.0420968,5.9001,-2.92436
0.305643,372.09,0.000828531,2.99408,0.08319,5.87634,-2.91258
0.305643,372.09,0.000828671,3,0.123955,5.82939,-2.88931
0.305643,372.09,0.000828811,2.99408,0.164231,5.75944,-2.85464
0.305643,372.09,0.000828951,2.97634,0.203858,5.66675,-2.8087
0.305643,372.09,0.000829091,2.94686,0.242682,5.5517,-2.75168
0.305643,372.09,0.000829231,2.90575,0.280547,5.41474,-2.68379
0.305643,372.09,0.000829371,2.85317,0.317305,5.25642,-2.60532
0.305643,372.09,0.00082951,2.78933,0.352811,5.07734,-2.51656
0.305643,372.09,0.00082965,2.71448,0.386924,4.87823,-2.41787
0.305643,372.09,0.00082979,2.62892,0.419511,4.65987,-2.30964
0.305643,372.09,0.00082993,2.53298,0.450442,4.42312,-2.1923
0.305643,372.09,0.00083007,2.42705,0.479595,4.16891,-2.0663
0.305643,372.09,0.00083021,2.31154,0.506855,3.89824,-1.93215
0.305643,372.09,0.00083035,2.18691,0.532116,3.6122,-1.79037
0.305643,372.09,0.00083049,2.05364,0.555276,3.3119,-1.64153
0.305643,372.09,0.000830629,1.91227,0.576244,2.99852,-1.4862
0.305643,372.09,0.000830769,1.76336,0.594939,2.67332,-1.32502
0.305643,372.09,0.000830909,1.60748,0.611285,2.33756,-1.1586
0.305643,372.09,0.000831049,1.44526,0.62522,1.99258,-0.987612
0.305643,372.09,0.000831189,1.27734,0.636686,1.63973,-0.812725
0.305643,372.09,0.000831329,1.10437,0.64564,1.28041,-0.634631
0.305643,372.09,0.000831469,0.927051,0.652046,0.916042,-0.454033
0.305643,372.09,0.000831608,0.74607,0.655879,0.548056,-0.271642
0.305643,372.09,0.000831748,0.562144,0.657123,0.177907,-0.0881795
0.305643,372.09,0.000831888,0.376,0.655773,-0.192944,0.0956311
0.305643,372.09,0.000832028,0.188372,0.651836,-0.563033,0.279064
0.305643,372.09,0.000832168,-7.35211e-014,0.645326,-0.9309,0.461396
0.305643,372.09,0.000832308,-0.188372,0.63627,-1.29509,0.641907
0.305643,372.09,0.000832448,-0.376,0.624702,-1.65418,0.819884
0.305643,372.09,0.000832587,-0.562144,0.610669,-2.00673,0.994626
0.305643,372.09,0.000832727,-0.74607,0.594226,-2.35137,1.16544
0.305643,372.09,0.000832867,-0.927051,0.575438,-2.68672,1.33166
0.305643,372.09,0.000833007,-1.10437,0.554378,-3.01147,1.49262
0.305643,372.09,0.000833147,-1.27734,0.531131,-3.32434,1.64769
0.305643,372.09,0.000833287,-1.44526,0.505788,-3.62408,1.79626
0.305643,372.09,0.000833427,-1.60748,0.478449,-3.90953,1.93774
0.305643,372.09,0.000833566,-1.76336,0.449221,-4.17954,2.07157
0.305643,372.09,0.000833706,-1.91227,0.418221,-4.43306,2.19723
0.305643,372.09,0.000833846,-2.05364,0.38557,-4.66909,2.31421
0.305643,372.09,0.000833986,-2.18691,0.351397,-4.88669,2.42206
0.305643,372.09,0.000834126,-2.31154,0.315838,-5.085,2.52036
0.305643,372.09,0.000834266,-2.42705,0.279032,-5.26325,2.6087
0.305643,372.09,0.000834406,-2.53298,0.241125,-5.42072,2.68675
0.305643,372.09,0.000834545,-2.62892,0.202266,-5.5568,2.7542
0.305643,372.09,0.000834685,-2.71448,0.162609,-5.67095,2.81078
0.305643,372.09,0.000834825,-2.78933,0.12231,-5.76272,2.85626
0.305643,372.09,0.000834965,-2.85317,0.0815287,-5.83174,2.89048
0.305643,372.09,0.000835105,-2.90575,0.0404255,-5.87776,2.91328
0.305643,372.09,0.000835245,-2.94686,-0.000837211,-5.90057,2.92459
0.305643,372.09,0.000835385,-2.97634,-0.0420966,-5.9001,2.92436
0.305643,372.09,0.000835524,-2.99408,-0.0831899,-5.87634,2.91258
0.305643,372.09,0.000835664,-3,-0.123955,-5.82939,2.88931
0.305643,372.09,0.000835804,-2.99408,-0.164231,-5.75944,2.85464
0.305643,372.09,0.000835944,-2.97634,-0.203858,-5.66675,2.8087
0.305643,372.09,0.000836084,-2.94686,-0.242681,-5.5517,2.75168
0.305643,372.09,0.000836224,-2.90575,-0.280547,-5.41474,2.68379
0.305643,372.09,0.000836364,-2.85317,-0.317305,-5.25642,2.60532
0.305643,372.09,0.000836503,-2.78933,-0.352811,-5.07734,2.51656
0.305643,372.09,0.000836643,-2.71448,-0.386924,-4.87823,2.41787
0.305643,372.09,0.000836783,-2.62892,-0.419511,-4.65987,2.30964
0.305643,372.09,0.000836923,-2.53298,-0.450442,-4.42312,2.1923
0.305643,372.09,0.000837063,-2.42705,-0.479595,-4.16891,2.0663
0.305643,372.09,0.000837203,-2.31154,-0.506855,-3.89824,1.93215
0.305643,372.09,0.000837343,-2.18691,-0.532115,-3.6122,1.79037
0.305643,372.09,0.000837483,-2.05364,-0.555276,-3.3119,1.64153
0.305643,372.09,0.000837622,-1.91227,-0.576244,-2.99852,1.4862
0.305643,372.09,0.000837762,-1.76336,-0.594939,-2.67332,1.32502
0.305643,372.09,0.000837902,-1.60748,-0.611285,-2.33756,1.1586
0.305643,372.09,0.000838042,-1.44526,-0.625219,-1.99258,0.987612
0.305643,372.09,0.000838182,-1.27734,-0.636686,-1.63973,0.812725
0.305643,372.09,0.000838322,-1.10437,-0.64564,-1.28041,0.634631
0.305643,372.09,0.000838462,-0.927051,-0.652046,-0.916042,0.454033
0.305643,372.09,0.000838601,-0.74607,-0.655878,-0.548056,0.271642
0.305643,372.09,0.000838741,-0.562144,-0.657123,-0.177908,0.0881796
0.305643,372.09,0.000838881,-0.376,-0.655773,0.192943,-0.0956309
0.305643,372.09,0.000839021,-0.188372,-0.651836,0.563033,-0.279064
0.305643,372.09,0.000839161,-1.29351e-013,-0.645326,0.9309,-0.461396
