Amp, Phaseshift, Time, Vd, Vr, VL, VC
0.816946,371.902,0,0,0,0,0
0.816946,371.902,1.73913e-007,0.188372,0.00163801,0.188372,0
0.816946,371.902,3.47826e-007,0.376,0.00489333,0.374362,0.000569744
0.816946,371.902,5.21739e-007,0.562144,0.00973404,0.556681,0.00227177
0.816946,371.902,6.95652e-007,0.74607,0.0161172,0.734064,0.00565752
0.816946,371.902,8.69565e-007,0.927051,0.0239892,0.905276,0.0112635
0.816946,371.902,1.04348e-006,1.10437,0.0332859,1.06912,0.0196076
0.816946,371.902,1.21739e-006,1.27734,0.0439332,1.22444,0.0311853
0.816946,371.902,1.3913e-006,1.44526,0.0558475,1.37014,0.0464664
0.816946,371.902,1.56522e-006,1.60748,0.0689359,1.50517,0.0658916
0.816946,371.902,1.73913e-006,1.76336,0.083097,1.62853,0.0898693
0.816946,371.902,1.91304e-006,1.91227,0.0982214,1.73931,0.118773
0.816946,371.902,2.08696e-006,2.05364,0.114192,1.83665,0.152937
0.816946,371.902,2.26087e-006,2.18691,0.130886,1.91978,0.192656
0.816946,371.902,2.43478e-006,2.31154,0.148173,1.988,0.238181
0.816946,371.902,2.6087e-006,2.42705,0.165918,2.0407,0.28972
0.816946,371.902,2.78261e-006,2.53298,0.183982,2.07735,0.34743
0.816946,371.902,2.95652e-006,2.62892,0.202221,2.09751,0.411424
0.816946,371.902,3.13043e-006,2.71448,0.220489,2.10084,0.481762
0.816946,371.902,3.30435e-006,2.78933,0.238638,2.08708,0.558454
0.816946,371.902,3.47826e-006,2.85317,0.256517,2.05608,0.641458
0.816946,371.902,3.65217e-006,2.90575,0.273976,2.00777,0.730681
0.816946,371.902,3.82609e-006,2.94686,0.290864,1.9422,0.825977
0.816946,371.902,4e-006,2.97634,0.307034,1.8595,0.927148
0.816946,371.902,4.17391e-006,2.99408,0.322337,1.7599,1.03394
0.816946,371.902,4.34783e-006,3,0.336631,1.64372,1.14606
0.816946,371.902,4.52174e-006,2.99408,0.349773,1.51139,1.26315
0.816946,371.902,4.69565e-006,2.97634,0.361629,1.36342,1.38481
0.816946,371.902,4.86957e-006,2.94686,0.372068,1.20042,1.51059
0.816946,371.902,5.04348e-006,2.90575,0.380964,1.02309,1.64001
0.816946,371.902,5.21739e-006,2.85317,0.3882,0.832198,1.77252
0.816946,371.902,5.3913e-006,2.78933,0.393667,0.628612,1.90754
0.816946,371.902,5.56522e-006,2.71448,0.39726,0.413272,2.04447
0.816946,371.902,5.73913e-006,2.62892,0.398888,0.187189,2.18265
0.816946,371.902,5.91304e-006,2.53298,0.398466,-0.0485521,2.32139
0.816946,371.902,6.08696e-006,2.42705,0.39592,-0.292806,2.45999
0.816946,371.902,6.26087e-006,2.31154,0.391186,-0.544368,2.5977
0.816946,371.902,6.43478e-006,2.18691,0.384212,-0.80198,2.73376
0.816946,371.902,6.6087e-006,2.05364,0.374957,-1.06434,2.8674
0.816946,371.902,6.78261e-006,1.91227,0.363391,-1.33009,2.99782
0.816946,371.902,6.95652e-006,1.76336,0.349497,-1.59786,3.12422
0.816946,371.902,7.13043e-006,1.60748,0.333269,-1.86624,3.24578
0.816946,371.902,7.30435e-006,1.44526,0.314714,-2.13379,3.3617
0.816946,371.902,7.47826e-006,1.27734,0.293852,-2.39908,3.47117
0.816946,371.902,7.65217e-006,1.10437,0.270716,-2.66065,3.57338
0.816946,371.902,7.82609e-006,0.927051,0.245351,-2.91704,3.66754
0.816946,371.902,8e-006,0.74607,0.217813,-3.16682,3.75288
0.816946,371.902,8.17391e-006,0.562144,0.188174,-3.40855,3.82864
0.816946,371.902,8.34783e-006,0.376,0.156514,-3.64082,3.89409
0.816946,371.902,8.52174e-006,0.188372,0.12293,-3.86224,3.94853
0.816946,371.902,8.69565e-006,1.69965e-015,0.0875256,-4.07146,3.99129
0.816946,371.902,8.86957e-006,-0.188372,0.0504197,-4.26719,4.02174
0.816946,371.902,9.04348e-006,-0.376,0.01174,-4.44815,4.03927
0.816946,371.902,9.21739e-006,-0.562144,-0.0283744,-4.61316,4.04336
0.816946,371.902,9.3913e-006,-0.74607,-0.0697748,-4.76105,4.03349
0.816946,371.902,9.56522e-006,-0.927051,-0.112303,-4.89076,4.00922
0.816946,371.902,9.73913e-006,-1.10437,-0.155793,-5.00129,3.97016
0.816946,371.902,9.91304e-006,-1.27734,-0.200068,-5.0917,3.91597
0.816946,371.902,1.0087e-005,-1.44526,-0.244948,-5.16116,3.84638
0.816946,371.902,1.02609e-005,-1.60748,-0.290243,-5.20891,3.76118
0.816946,371.902,1.04348e-005,-1.76336,-0.335758,-5.23429,3.66022
0.816946,371.902,1.06087e-005,-1.91227,-0.381295,-5.23674,3.54344
0.816946,371.902,1.07826e-005,-2.05364,-0.42665,-5.21578,3.41081
0.816946,371.902,1.09565e-005,-2.18691,-0.471616,-5.17107,3.26241
0.816946,371.902,1.11304e-005,-2.31154,-0.515984,-5.10234,3.09837
0.816946,371.902,1.13043e-005,-2.42705,-0.559544,-5.00944,2.9189
0.816946,371.902,1.14783e-005,-2.53298,-0.602086,-4.89234,2.72428
0.816946,371.902,1.16522e-005,-2.62892,-0.6434,-4.75111,2.51486
0.816946,371.902,1.18261e-005,-2.71448,-0.683278,-4.58594,2.29106
0.816946,371.902,1.2e-005,-2.78933,-0.721514,-4.39712,2.0534
0.816946,371.902,1.21739e-005,-2.85317,-0.757906,-4.18506,1.80244
0.816946,371.902,1.23478e-005,-2.90575,-0.792256,-3.95029,1.53882
0.816946,371.902,1.25217e-005,-2.94686,-0.824373,-3.69343,1.26325
0.816946,371.902,1.26957e-005,-2.97634,-0.85407,-3.41523,0.976516
0.816946,371.902,1.28696e-005,-2.99408,-0.881171,-3.11653,0.679448
0.816946,371.902,1.30435e-005,-3,-0.905503,-2.79828,0.372954
0.816946,371.902,1.32174e-005,-2.99408,-0.926908,-2.46153,0.0579966
0.816946,371.902,1.33913e-005,-2.97634,-0.945234,-2.10743,-0.264406
0.816946,371.902,1.35652e-005,-2.94686,-0.96034,-1.73722,-0.593183
0.816946,371.902,1.37391e-005,-2.90575,-0.972098,-1.35223,-0.927214
0.816946,371.902,1.3913e-005,-2.85317,-0.980393,-0.953857,-1.26534
0.816946,371.902,1.4087e-005,-2.78933,-0.98512,-0.543601,-1.60634
0.816946,371.902,1.42609e-005,-2.71448,-0.986189,-0.12302,-1.94899
0.816946,371.902,1.44348e-005,-2.62892,-0.983526,0.306261,-2.29201
0.816946,371.902,1.46087e-005,-2.53298,-0.977069,0.742557,-2.63411
0.816946,371.902,1.47826e-005,-2.42705,-0.966772,1.18413,-2.97396
0.816946,371.902,1.49565e-005,-2.31154,-0.952606,1.62919,-3.31023
0.816946,371.902,1.51304e-005,-2.18691,-0.934554,2.07593,-3.64157
0.816946,371.902,1.53043e-005,-2.05364,-0.912619,2.52248,-3.96663
0.816946,371.902,1.54783e-005,-1.91227,-0.88682,2.96698,-4.28407
0.816946,371.902,1.56522e-005,-1.76336,-0.857189,3.40753,-4.59252
0.816946,371.902,1.58261e-005,-1.60748,-0.823778,3.84223,-4.89068
0.816946,371.902,1.6e-005,-1.44526,-0.786655,4.26919,-5.17721
0.816946,371.902,1.61739e-005,-1.27734,-0.745902,4.68653,-5.45083
0.816946,371.902,1.63478e-005,-1.10437,-0.701621,5.09236,-5.71027
0.816946,371.902,1.65217e-005,-0.927051,-0.653927,5.48484,-5.95431
0.816946,371.902,1.66957e-005,-0.74607,-0.602951,5.86217,-6.18177
0.816946,371.902,1.68696e-005,-0.562144,-0.548842,6.22257,-6.39149
0.816946,371.902,1.70435e-005,-0.376,-0.491761,6.56433,-6.58239
0.816946,371.902,1.72174e-005,-0.188372,-0.431884,6.88578,-6.75344
0.816946,371.902,1.73913e-005,-3.3993e-015,-0.369403,7.18532,-6.90366
0.816946,371.902,1.75652e-005,0.188372,-0.304521,7.46143,-7.03215
0.816946,371.902,1.77391e-005,0.376,-0.237455,7.71267,-7.13807
0.816946,371.902,1.7913e-005,0.562144,-0.168432,7.93767,-7.22066
0.816946,371.902,1.8087e-005,0.74607,-0.097691,8.13516,-7.27924
0.816946,371.902,1.82609e-005,0.927051,-0.0254824,8.30399,-7.31322
0.816946,371.902,1.84348e-005,1.10437,0.0479357,8.44308,-7.32209
0.816946,371.902,1.86087e-005,1.27734,0.122296,8.55149,-7.30541
0.816946,371.902,1.87826e-005,1.44526,0.197326,8.62838,-7.26288
0.816946,371.902,1.89565e-005,1.60748,0.272744,8.67303,-7.19424
0.816946,371.902,1.91304e-005,1.76336,0.348264,8.68485,-7.09937
0.816946,371.902,1.93043e-005,1.91227,0.423598,8.66338,-6.97824
0.816946,371.902,1.94783e-005,2.05364,0.498452,8.60828,-6.8309
0.816946,371.902,1.96522e-005,2.18691,0.572534,8.51935,-6.65753
0.816946,371.902,1.98261e-005,2.31154,0.645547,8.39653,-6.45838
0.816946,371.902,2e-005,2.42705,0.717198,8.23989,-6.23385
0.816946,371.902,2.01739e-005,2.53298,0.787195,8.04963,-5.98439
0.816946,371.902,2.03478e-005,2.62892,0.855248,7.82611,-5.71058
0.816946,371.902,2.05217e-005,2.71448,0.921073,7.56981,-5.4131
0.816946,371.902,2.06957e-005,2.78933,0.984389,7.28136,-5.09273
0.816946,371.902,2.08696e-005,2.85317,1.04492,6.96151,-4.75033
0.816946,371.902,2.10435e-005,2.90575,1.10241,6.61116,-4.38688
0.816946,371.902,2.12174e-005,2.94686,1.1566,6.23133,-4.00343
0.816946,371.902,2.13913e-005,2.97634,1.20723,5.82318,-3.60114
0.816946,371.902,2.15652e-005,2.99408,1.25409,5.38798,-3.18123
0.816946,371.902,2.17391e-005,3,1.29693,4.92714,-2.74503
0.816946,371.902,2.1913e-005,2.99408,1.33556,4.44218,-2.29392
0.816946,371.902,2.2087e-005,2.97634,1.36977,3.93471,-1.82938
0.816946,371.902,2.22609e-005,2.94686,1.39939,3.40647,-1.35294
0.816946,371.902,2.24348e-005,2.90575,1.42426,2.85929,-0.866189
0.816946,371.902,2.26087e-005,2.85317,1.44422,2.2951,-0.370795
0.816946,371.902,2.27826e-005,2.78933,1.45914,1.71591,0.13154
0.816946,371.902,2.29565e-005,2.71448,1.46891,1.1238,0.639066
0.816946,371.902,2.31304e-005,2.62892,1.47344,0.520946,1.14999
0.816946,371.902,2.33043e-005,2.53298,1.47265,-0.0904452,1.66249
0.816946,371.902,2.34783e-005,2.42705,1.46649,-0.708092,2.17472
0.816946,371.902,2.36522e-005,2.31154,1.45493,-1.32967,2.6848
0.816946,371.902,2.38261e-005,2.18691,1.43795,-1.95283,3.19087
0.816946,371.902,2.4e-005,2.05364,1.41556,-2.57518,3.69102
0.816946,371.902,2.41739e-005,1.91227,1.38778,-3.19431,4.18339
0.816946,371.902,2.43478e-005,1.76336,1.35467,-3.80782,4.6661
0.816946,371.902,2.45217e-005,1.60748,1.31629,-4.41329,5.13729
0.816946,371.902,2.46957e-005,1.44526,1.27274,-5.00832,5.59513
0.816946,371.902,2.48696e-005,1.27734,1.22413,-5.59053,6.03782
0.816946,371.902,2.50435e-005,1.10437,1.17059,-6.15758,6.46361
0.816946,371.902,2.52174e-005,0.927051,1.11226,-6.70714,6.87077
0.816946,371.902,2.53913e-005,0.74607,1.04933,-7.23696,7.25764
0.816946,371.902,2.55652e-005,0.562144,0.981986,-7.74483,7.62263
0.816946,371.902,2.57391e-005,0.376,0.910433,-8.22861,7.96419
0.816946,371.902,2.5913e-005,0.188372,0.834901,-8.68625,8.28086
0.816946,371.902,2.6087e-005,1.10215e-015,0.755633,-9.11576,8.57126
0.816946,371.902,2.62609e-005,-0.188372,0.672892,-9.51526,8.83409
0.816946,371.902,2.64348e-005,-0.376,0.586953,-9.88298,9.06814
0.816946,371.902,2.66087e-005,-0.562144,0.498107,-10.2172,9.27229
0.816946,371.902,2.67826e-005,-0.74607,0.40666,-10.5165,9.44555
0.816946,371.902,2.69565e-005,-0.927051,0.312927,-10.7793,9.587
0.816946,371.902,2.71304e-005,-1.10437,0.217237,-11.0043,9.69584
0.816946,371.902,2.73043e-005,-1.27734,0.119929,-11.1904,9.7714
0.816946,371.902,2.74783e-005,-1.44526,0.0213504,-11.3366,9.81312
0.816946,371.902,2.76522e-005,-1.60748,-0.0781448,-11.4419,9.82054
0.816946,371.902,2.78261e-005,-1.76336,-0.178195,-11.5058,9.79336
0.816946,371.902,2.8e-005,-1.91227,-0.278433,-11.5274,9.73138
0.816946,371.902,2.81739e-005,-2.05364,-0.378491,-11.5066,9.63453
0.816946,371.902,2.83478e-005,-2.18691,-0.477995,-11.4429,9.50288
0.816946,371.902,2.85217e-005,-2.31154,-0.576572,-11.3364,9.33663
0.816946,371.902,2.86957e-005,-2.42705,-0.673851,-11.1871,9.13608
0.816946,371.902,2.88696e-005,-2.53298,-0.769462,-10.9952,8.9017
0.816946,371.902,2.90435e-005,-2.62892,-0.863037,-10.7612,8.63406
0.816946,371.902,2.92174e-005,-2.71448,-0.954215,-10.4855,8.33387
0.816946,371.902,2.93913e-005,-2.78933,-1.04264,-10.169,8.00197
0.816946,371.902,2.95652e-005,-2.85317,-1.12797,-9.8125,7.63931
0.816946,371.902,2.97391e-005,-2.90575,-1.20986,-9.41709,7.24697
0.816946,371.902,2.9913e-005,-2.94686,-1.28798,-8.98398,6.82616
0.816946,371.902,3.0087e-005,-2.97634,-1.36202,-8.51452,6.37816
0.816946,371.902,3.02609e-005,-2.99408,-1.43167,-8.01023,5.90442
0.816946,371.902,3.04348e-005,-3,-1.49665,-7.47275,5.40645
0.816946,371.902,3.06087e-005,-2.99408,-1.55668,-6.90388,4.88587
0.816946,371.902,3.07826e-005,-2.97634,-1.61152,-6.30553,4.34442
0.816946,371.902,3.09565e-005,-2.94686,-1.6609,-5.67976,3.78389
0.816946,371.902,3.11304e-005,-2.90575,-1.70463,-5.02873,3.20618
0.816946,371.902,3.13043e-005,-2.85317,-1.7425,-4.35472,2.61327
0.816946,371.902,3.14783e-005,-2.78933,-1.77433,-3.6601,2.00718
0.816946,371.902,3.16522e-005,-2.71448,-1.79996,-2.94734,1.39002
0.816946,371.902,3.18261e-005,-2.62892,-1.81925,-2.21899,0.763953
0.816946,371.902,3.2e-005,-2.53298,-1.8321,-1.47769,0.13117
0.816946,371.902,3.21739e-005,-2.42705,-1.83841,-0.72612,-0.506083
0.816946,371.902,3.23478e-005,-2.31154,-1.83813,0.0329576,-1.14553
0.816946,371.902,3.25217e-005,-2.18691,-1.8312,0.796753,-1.78488
0.816946,371.902,3.26957e-005,-2.05364,-1.81761,1.56244,-2.42182
0.816946,371.902,3.28696e-005,-1.91227,-1.79738,2.32716,-3.05403
0.816946,371.902,3.30435e-005,-1.76336,-1.77052,3.08805,-3.67921
0.816946,371.902,3.32174e-005,-1.60748,-1.73711,3.84225,-4.29504
0.816946,371.902,3.33913e-005,-1.44526,-1.69723,4.58689,-4.89926
0.816946,371.902,3.35652e-005,-1.27734,-1.65097,5.31915,-5.4896
0.816946,371.902,3.37391e-005,-1.10437,-1.59849,6.0362,-6.06385
0.816946,371.902,3.3913e-005,-0.927051,-1.53992,6.73528,-6.61984
0.816946,371.902,3.4087e-005,-0.74607,-1.47545,7.41369,-7.15547
0.816946,371.902,3.42609e-005,-0.562144,-1.40529,8.06877,-7.66867
0.816946,371.902,3.44348e-005,-0.376,-1.32965,8.69795,-8.15746
0.816946,371.902,3.46087e-005,-0.188372,-1.24879,9.29874,-8.61995
0.816946,371.902,3.47826e-005,-6.7986e-015,-1.16298,9.86874,-9.05431
0.816946,371.902,3.49565e-005,0.188372,-1.0725,10.4057,-9.45883
0.816946,371.902,3.51304e-005,0.376,-0.977649,10.9073,-9.83187
0.816946,371.902,3.53043e-005,0.562144,-0.878765,11.3717,-10.1719
0.816946,371.902,3.54783e-005,0.74607,-0.776185,11.7968,-10.4776
0.816946,371.902,3.56522e-005,0.927051,-0.670265,12.1808,-10.7476
0.816946,371.902,3.58261e-005,1.10437,-0.561376,12.5222,-10.9807
0.816946,371.902,3.6e-005,1.27734,-0.449903,12.8194,-11.176
0.816946,371.902,3.61739e-005,1.44526,-0.336241,13.0711,-11.3324
0.816946,371.902,3.63478e-005,1.60748,-0.220796,13.2762,-11.4494
0.816946,371.902,3.65217e-005,1.76336,-0.103983,13.4335,-11.5262
0.816946,371.902,3.66957e-005,1.91227,0.0137778,13.5424,-11.5624
0.816946,371.902,3.68696e-005,2.05364,0.132058,13.6022,-11.5576
0.816946,371.902,3.70435e-005,2.18691,0.250427,13.6124,-11.5116
0.816946,371.902,3.72174e-005,2.31154,0.368451,13.5727,-11.4245
0.816946,371.902,3.73913e-005,2.42705,0.485695,13.4831,-11.2964
0.816946,371.902,3.75652e-005,2.53298,0.601727,13.3437,-11.1274
0.816946,371.902,3.77391e-005,2.62892,0.716115,13.1546,-10.9181
0.816946,371.902,3.7913e-005,2.71448,0.828433,12.9165,-10.6691
0.816946,371.902,3.8087e-005,2.78933,0.938258,12.63,-10.3809
0.816946,371.902,3.82609e-005,2.85317,1.04518,12.2958,-10.0546
0.816946,371.902,3.84348e-005,2.90575,1.14879,11.9151,-9.69101
0.816946,371.902,3.86087e-005,2.94686,1.24869,11.4891,-9.29144
0.816946,371.902,3.87826e-005,2.97634,1.34451,11.0191,-8.85711
0.816946,371.902,3.89565e-005,2.99408,1.43587,10.5067,-8.38945
0.816946,371.902,3.91304e-005,3,1.52243,9.95358,-7.89002
0.816946,371.902,3.93043e-005,2.99408,1.60383,9.36167,-7.36048
0.816946,371.902,3.94783e-005,2.97634,1.67977,8.73299,-6.80262
0.816946,371.902,3.96522e-005,2.94686,1.74994,8.06971,-6.21835
0.816946,371.902,3.98261e-005,2.90575,1.81407,7.37416,-5.60968
0.816946,371.902,4e-005,2.85317,1.87188,6.64878,-4.9787
0.816946,371.902,4.01739e-005,2.78933,1.92315,5.89615,-4.32761
0.816946,371.902,4.03478e-005,2.71448,1.96767,5.11894,-3.65869
0.816946,371.902,4.05217e-005,2.62892,2.00523,4.31994,-2.97428
0.816946,371.902,4.06957e-005,2.53298,2.03568,3.50204,-2.27681
0.816946,371.902,4.08696e-005,2.42705,2.05888,2.66818,-1.56875
0.816946,371.902,4.10435e-005,2.31154,2.07472,1.8214,-0.852613
0.816946,371.902,4.12174e-005,2.18691,2.08311,0.964797,-0.130971
0.816946,371.902,4.13913e-005,2.05364,2.08399,0.1015,0.59359
0.816946,371.902,4.15652e-005,1.91227,2.07734,-0.765312,1.31846
0.816946,371.902,4.17391e-005,1.76336,2.06314,-1.63244,2.04101
0.816946,371.902,4.1913e-005,1.60748,2.04143,-2.49667,2.75863
0.816946,371.902,4.2087e-005,1.44526,2.01226,-3.3548,3.46869
0.816946,371.902,4.22609e-005,1.27734,1.97571,-4.20361,4.16861
0.816946,371.902,4.24348e-005,1.10437,1.93188,-5.03994,4.85581
0.816946,371.902,4.26087e-005,0.927051,1.88092,-5.86064,5.52777
0.816946,371.902,4.27826e-005,0.74607,1.82299,-6.66262,6.182
0.816946,371.902,4.29565e-005,0.562144,1.75826,-7.44284,6.81608
0.816946,371.902,4.31304e-005,0.376,1.68697,-8.19835,7.42765
0.816946,371.902,4.33043e-005,0.188372,1.60936,-8.92626,8.01443
0.816946,371.902,4.34783e-005,7.16598e-015,1.52567,-9.62378,8.5742
0.816946,371.902,4.36522e-005,-0.188372,1.43621,-10.2882,9.10487
0.816946,371.902,4.38261e-005,-0.376,1.34128,-10.9171,9.60442
0.816946,371.902,4.4e-005,-0.562144,1.24121,-11.5078,10.071
0.816946,371.902,4.41739e-005,-0.74607,1.13635,-12.0582,10.5027
0.816946,371.902,4.43478e-005,-0.927051,1.02708,-12.5661,10.8979
0.816946,371.902,4.45217e-005,-1.10437,0.913784,-13.0294,11.2552
0.816946,371.902,4.46957e-005,-1.27734,0.79686,-13.4463,11.573
0.816946,371.902,4.48696e-005,-1.44526,0.676728,-13.8151,11.8502
0.816946,371.902,4.50435e-005,-1.60748,0.553821,-14.1344,12.0856
0.816946,371.902,4.52174e-005,-1.76336,0.428579,-14.4027,12.2782
0.816946,371.902,4.53913e-005,-1.91227,0.301457,-14.6191,12.4273
0.816946,371.902,4.55652e-005,-2.05364,0.172915,-14.7824,12.5321
0.816946,371.902,4.57391e-005,-2.18691,0.0434196,-14.8919,12.5923
0.816946,371.902,4.5913e-005,-2.31154,-0.0865564,-14.9472,12.6074
0.816946,371.902,4.6087e-005,-2.42705,-0.216538,-14.9479,12.5773
0.816946,371.902,4.62609e-005,-2.53298,-0.346048,-14.8937,12.5019
0.816946,371.902,4.64348e-005,-2.62892,-0.474612,-14.7848,12.3816
0.816946,371.902,4.66087e-005,-2.71448,-0.601755,-14.6215,12.2165
0.816946,371.902,4.67826e-005,-2.78933,-0.727008,-14.4041,12.0072
0.816946,371.902,4.69565e-005,-2.85317,-0.849907,-14.1334,11.7543
0.816946,371.902,4.71304e-005,-2.90575,-0.969995,-13.8102,11.4587
0.816946,371.902,4.73043e-005,-2.94686,-1.08683,-13.4356,11.1213
0.816946,371.902,4.74783e-005,-2.97634,-1.19996,-13.0108,10.7433
0.816946,371.902,4.76522e-005,-2.99408,-1.30898,-12.5374,10.3259
0.816946,371.902,4.78261e-005,-3,-1.41348,-12.0169,9.87061
0.816946,371.902,4.8e-005,-2.99408,-1.51306,-11.4512,9.37897
0.816946,371.902,4.81739e-005,-2.97634,-1.60734,-10.8423,8.85269
0.816946,371.902,4.83478e-005,-2.94686,-1.69596,-10.1922,8.29361
0.816946,371.902,4.85217e-005,-2.90575,-1.7786,-9.5034,7.70371
0.816946,371.902,4.86957e-005,-2.85317,-1.85493,-8.77828,7.08507
0.816946,371.902,4.88696e-005,-2.78933,-1.92467,-8.01946,6.43987
0.816946,371.902,4.90435e-005,-2.71448,-1.98754,-7.22968,5.77042
0.816946,371.902,4.92174e-005,-2.62892,-2.04329,-6.41181,5.07911
0.816946,371.902,4.93913e-005,-2.53298,-2.09172,-5.5688,4.3684
0.816946,371.902,4.95652e-005,-2.42705,-2.13262,-4.70373,3.64084
0.816946,371.902,4.97391e-005,-2.31154,-2.16583,-3.81976,2.89906
0.816946,371.902,4.9913e-005,-2.18691,-2.19123,-2.92014,2.14573
0.816946,371.902,5.0087e-005,-2.05364,-2.20869,-2.00814,1.38356
0.816946,371.902,5.02609e-005,-1.91227,-2.21814,-1.08715,0.615324
0.816946,371.902,5.04348e-005,-1.76336,-2.21954,-0.160539,-0.156203
0.816946,371.902,5.06087e-005,-1.60748,-2.21286,0.768259,-0.928216
0.816946,371.902,5.07826e-005,-1.44526,-2.19811,1.69581,-1.6979
0.816946,371.902,5.09565e-005,-1.27734,-2.17534,2.61868,-2.46246
0.816946,371.902,5.11304e-005,-1.10437,-2.14461,3.53343,-3.2191
0.816946,371.902,5.13043e-005,-0.927051,-2.10603,4.43667,-3.96506
0.816946,371.902,5.14783e-005,-0.74607,-2.05973,5.32502,-4.69759
0.816946,371.902,5.16522e-005,-0.562144,-2.00586,6.19518,-5.41402
0.816946,371.902,5.18261e-005,-0.376,-1.94461,7.04388,-6.11171
0.816946,371.902,5.2e-005,-0.188372,-1.87619,7.86794,-6.78809
0.816946,371.902,5.21739e-005,-2.20429e-015,-1.80085,8.66428,-7.44068
0.816946,371.902,5.23478e-005,0.188372,-1.71885,9.4299,-8.06706
0.816946,371.902,5.25217e-005,0.376,-1.63049,10.1619,-8.66492
0.816946,371.902,5.26957e-005,0.562144,-1.53607,10.8576,-9.23205
0.816946,371.902,5.28696e-005,0.74607,-1.43595,11.5142,-9.76633
0.816946,371.902,5.30435e-005,0.927051,-1.33048,12.1293,-10.2658
0.816946,371.902,5.32174e-005,1.10437,-1.22004,12.7006,-10.7286
0.816946,371.902,5.33913e-005,1.27734,-1.10503,13.2259,-11.1529
0.816946,371.902,5.35652e-005,1.44526,-0.985869,13.7032,-11.5373
0.816946,371.902,5.37391e-005,1.60748,-0.862994,14.1306,-11.8802
0.816946,371.902,5.3913e-005,1.76336,-0.73685,14.5065,-12.1804
0.816946,371.902,5.4087e-005,1.91227,-0.607898,14.8295,-12.4367
0.816946,371.902,5.42609e-005,2.05364,-0.476609,15.0982,-12.6481
0.816946,371.902,5.44348e-005,2.18691,-0.343464,15.3116,-12.8139
0.816946,371.902,5.46087e-005,2.31154,-0.208952,15.4689,-12.9333
0.816946,371.902,5.47826e-005,2.42705,-0.0735666,15.5694,-13.006
0.816946,371.902,5.49565e-005,2.53298,0.062195,15.6126,-13.0316
0.816946,371.902,5.51304e-005,2.62892,0.197833,15.5983,-13.01
0.816946,371.902,5.53043e-005,2.71448,0.332847,15.5266,-12.9412
0.816946,371.902,5.54783e-005,2.78933,0.46674,15.3977,-12.8254
0.816946,371.902,5.56522e-005,2.85317,0.599016,15.2118,-12.6631
0.816946,371.902,5.58261e-005,2.90575,0.729188,14.9698,-12.4547
0.816946,371.902,5.6e-005,2.94686,0.856774,14.6724,-12.2011
0.816946,371.902,5.61739e-005,2.97634,0.981302,14.3206,-11.9031
0.816946,371.902,5.63478e-005,2.99408,1.10231,13.9158,-11.5617
0.816946,371.902,5.65217e-005,3,1.21935,13.4594,-11.1783
0.816946,371.902,5.66957e-005,2.99408,1.33198,12.9531,-10.7542
0.816946,371.902,5.68696e-005,2.97634,1.4398,12.3986,-10.2909
0.816946,371.902,5.70435e-005,2.94686,1.54239,11.798,-9.79011
0.816946,371.902,5.72174e-005,2.90575,1.63937,11.1535,-9.25363
0.816946,371.902,5.73913e-005,2.85317,1.7304,10.4674,-8.68341
0.816946,371.902,5.75652e-005,2.78933,1.81511,9.74235,-8.08153
0.816946,371.902,5.77391e-005,2.71448,1.89321,8.9809,-7.45019
0.816946,371.902,5.7913e-005,2.62892,1.96439,8.18591,-6.79169
0.816946,371.902,5.8087e-005,2.53298,2.02839,7.36028,-6.10842
0.816946,371.902,5.82609e-005,2.42705,2.08497,6.50708,-5.40289
0.816946,371.902,5.84348e-005,2.31154,2.13393,5.62946,-4.67768
0.816946,371.902,5.86087e-005,2.18691,2.17506,4.73066,-3.93545
0.816946,371.902,5.87826e-005,2.05364,2.20823,3.81403,-3.17891
0.816946,371.902,5.89565e-005,1.91227,2.2333,2.88295,-2.41083
0.816946,371.902,5.91304e-005,1.76336,2.25017,1.94089,-1.63403
0.816946,371.902,5.93043e-005,1.60748,2.25879,0.991335,-0.851359
0.816946,371.902,5.94783e-005,1.44526,2.25912,0.0378263,-0.0656918
0.816946,371.902,5.96522e-005,1.27734,2.25116,-0.916093,0.72009
0.816946,371.902,5.98261e-005,1.10437,2.23492,-1.86687,1.5031
0.816946,371.902,6e-005,0.927051,2.21048,-2.81097,2.28047
0.816946,371.902,6.01739e-005,0.74607,2.17792,-3.74488,3.04933
0.816946,371.902,6.03478e-005,0.562144,2.13735,-4.6651,3.80686
0.816946,371.902,6.05217e-005,0.376,2.08893,-5.56821,4.55029
0.816946,371.902,6.06957e-005,0.188372,2.03284,-6.45085,5.27687
0.816946,371.902,6.08696e-005,1.32298e-014,1.96927,-7.30971,5.98395
0.816946,371.902,6.10435e-005,-0.188372,1.89848,-8.14159,6.66891
0.816946,371.902,6.12174e-005,-0.376,1.82071,-8.94339,7.32925
0.816946,371.902,6.13913e-005,-0.562144,1.73626,-9.7121,7.96254
0.816946,371.902,6.15652e-005,-0.74607,1.64543,-10.4449,8.56646
0.816946,371.902,6.17391e-005,-0.927051,1.54857,-11.1389,9.13878
0.816946,371.902,6.1913e-005,-1.10437,1.44603,-11.7917,9.67741
0.816946,371.902,6.2087e-005,-1.27734,1.3382,-12.4008,10.1804
0.816946,371.902,6.22609e-005,-1.44526,1.22547,-12.9638,10.6458
0.816946,371.902,6.24348e-005,-1.60748,1.10826,-13.4788,11.0721
0.816946,371.902,6.26087e-005,-1.76336,0.987015,-13.9437,11.4576
0.816946,371.902,6.27826e-005,-1.91227,0.862172,-14.3569,11.8009
0.816946,371.902,6.29565e-005,-2.05364,0.734201,-14.7167,12.1008
0.816946,371.902,6.31304e-005,-2.18691,0.603576,-15.0219,12.3561
0.816946,371.902,6.33043e-005,-2.31154,0.470782,-15.2713,12.5661
0.816946,371.902,6.34783e-005,-2.42705,0.336314,-15.4639,12.7298
0.816946,371.902,6.36522e-005,-2.53298,0.200669,-15.5991,12.8468
0.816946,371.902,6.38261e-005,-2.62892,0.0643524,-15.6764,12.9166
0.816946,371.902,6.4e-005,-2.71448,-0.0721298,-15.6954,12.939
0.816946,371.902,6.41739e-005,-2.78933,-0.208271,-15.6562,12.9139
0.816946,371.902,6.43478e-005,-2.85317,-0.343565,-15.5588,12.8415
0.816946,371.902,6.45217e-005,-2.90575,-0.477509,-15.4037,12.722
0.816946,371.902,6.46957e-005,-2.94686,-0.609608,-15.1913,12.5559
0.816946,371.902,6.48696e-005,-2.97634,-0.73937,-14.9226,12.3438
0.816946,371.902,6.50435e-005,-2.99408,-0.866314,-14.5985,12.0867
0.816946,371.902,6.52174e-005,-3,-0.989969,-14.2204,11.7853
0.816946,371.902,6.53913e-005,-2.99408,-1.10988,-13.7895,11.441
0.816946,371.902,6.55652e-005,-2.97634,-1.22559,-13.3075,11.055
0.816946,371.902,6.57391e-005,-2.94686,-1.33669,-12.7762,10.6287
0.816946,371.902,6.5913e-005,-2.90575,-1.44276,-12.1977,10.1637
0.816946,371.902,6.6087e-005,-2.85317,-1.5434,-11.5741,9.6619
0.816946,371.902,6.62609e-005,-2.78933,-1.63825,-10.9078,9.12506
0.816946,371.902,6.64348e-005,-2.71448,-1.72696,-10.2013,8.55524
0.816946,371.902,6.66087e-005,-2.62892,-1.8092,-9.45719,7.95455
0.816946,371.902,6.67826e-005,-2.53298,-1.88466,-8.67834,7.32527
0.816946,371.902,6.69565e-005,-2.42705,-1.95308,-7.86766,6.66973
0.816946,371.902,6.71304e-005,-2.31154,-2.01419,-7.0282,5.9904
0.816946,371.902,6.73043e-005,-2.18691,-2.06778,-6.16312,5.28981
0.816946,371.902,6.74783e-005,-2.05364,-2.11366,-5.27567,4.57059
0.816946,371.902,6.76522e-005,-1.91227,-2.15165,-4.3692,3.8354
0.816946,371.902,6.78261e-005,-1.76336,-2.18163,-3.4471,3.087
0.816946,371.902,6.8e-005,-1.60748,-2.20348,-2.51285,2.32817
0.816946,371.902,6.81739e-005,-1.44526,-2.21713,-1.56996,1.56175
0.816946,371.902,6.83478e-005,-1.27734,-2.22254,-0.621955,0.790571
0.816946,371.902,6.85217e-005,-1.10437,-2.21969,0.327593,0.0175141
0.816946,371.902,6.86957e-005,-0.927051,-2.2086,1.27512,-0.754551
0.816946,371.902,6.88696e-005,-0.74607,-2.18932,2.21708,-1.52276
0.816946,371.902,6.90435e-005,-0.562144,-2.16193,3.14994,-2.28426
0.816946,371.902,6.92174e-005,-0.376,-2.12654,4.07019,-3.03624
0.816946,371.902,6.93913e-005,-0.188372,-2.08328,4.97441,-3.7759
0.816946,371.902,6.95652e-005,-1.35972e-014,-2.03233,5.85919,-4.50052
0.816946,371.902,6.97391e-005,0.188372,-1.97389,6.72123,-5.20742
0.816946,371.902,6.9913e-005,0.376,-1.90817,7.55731,-5.89399
0.816946,371.902,7.0087e-005,0.562144,-1.83544,8.36431,-6.5577
0.816946,371.902,7.02609e-005,0.74607,-1.75597,9.13921,-7.19612
0.816946,371.902,7.04348e-005,0.927051,-1.67006,9.87914,-7.80689
0.816946,371.902,7.06087e-005,1.10437,-1.57805,10.5813,-8.38778
0.816946,371.902,7.07826e-005,1.27734,-1.48028,11.2432,-8.93667
0.816946,371.902,7.09565e-005,1.44526,-1.37713,11.8622,-9.45155
0.816946,371.902,7.11304e-005,1.60748,-1.26899,12.4362,-9.93055
0.816946,371.902,7.13043e-005,1.76336,-1.15627,12.9629,-10.3719
0.816946,371.902,7.14783e-005,1.91227,-1.0394,13.4405,-10.7741
0.816946,371.902,7.16522e-005,2.05364,-0.918814,13.8672,-11.1357
0.816946,371.902,7.18261e-005,2.18691,-0.794976,14.2414,-11.4552
0.816946,371.902,7.2e-005,2.31154,-0.668352,14.5618,-11.7318
0.816946,371.902,7.21739e-005,2.42705,-0.539421,14.8272,-11.9642
0.816946,371.902,7.23478e-005,2.53298,-0.408667,15.0366,-12.1518
0.816946,371.902,7.25217e-005,2.62892,-0.276585,15.1894,-12.294
0.816946,371.902,7.26957e-005,2.71448,-0.143672,15.2851,-12.3902
0.816946,371.902,7.28696e-005,2.78933,-0.0104266,15.3232,-12.4402
0.816946,371.902,7.30435e-005,2.85317,0.12265,15.3038,-12.4438
0.816946,371.902,7.32174e-005,2.90575,0.255057,15.2269,-12.4011
0.816946,371.902,7.33913e-005,2.94686,0.3863,15.0929,-12.3124
0.816946,371.902,7.35652e-005,2.97634,0.515887,14.9025,-12.1781
0.816946,371.902,7.37391e-005,2.99408,0.643333,14.6562,-11.9986
0.816946,371.902,7.3913e-005,3,0.768161,14.3553,-11.7748
0.816946,371.902,7.4087e-005,2.99408,0.889907,14.0008,-11.5077
0.816946,371.902,7.42609e-005,2.97634,1.00812,13.5941,-11.1981
0.816946,371.902,7.44348e-005,2.94686,1.12235,13.1369,-10.8475
0.816946,371.902,7.46087e-005,2.90575,1.23218,12.6309,-10.4571
0.816946,371.902,7.47826e-005,2.85317,1.33721,12.0781,-10.0285
0.816946,371.902,7.49565e-005,2.78933,1.43704,11.4806,-9.56339
0.816946,371.902,7.51304e-005,2.71448,1.53131,10.8408,-9.06355
0.816946,371.902,7.53043e-005,2.62892,1.61967,10.1612,-8.53092
0.816946,371.902,7.54783e-005,2.53298,1.70179,9.44424,-7.96756
0.816946,371.902,7.56522e-005,2.42705,1.77738,8.69282,-7.37563
0.816946,371.902,7.58261e-005,2.31154,1.84616,7.90979,-6.75741
0.816946,371.902,7.6e-005,2.18691,1.90789,7.09816,-6.11527
0.816946,371.902,7.61739e-005,2.05364,1.96233,6.26102,-5.45166
0.816946,371.902,7.63478e-005,1.91227,2.0093,5.4016,-4.76911
0.816946,371.902,7.65217e-005,1.76336,2.04863,4.52316,-4.07022
0.816946,371.902,7.66957e-005,1.60748,2.08019,3.62907,-3.35765
0.816946,371.902,7.68696e-005,1.44526,2.10386,2.72272,-2.63411
0.816946,371.902,7.70435e-005,1.27734,2.11958,1.80758,-1.90233
0.816946,371.902,7.72174e-005,1.10437,2.1273,0.887121,-1.16508
0.816946,371.902,7.73913e-005,0.927051,2.12699,-0.0351624,-0.425154
0.816946,371.902,7.75652e-005,0.74607,2.11868,-0.955767,0.314669
0.816946,371.902,7.77391e-005,0.562144,2.10241,-1.8712,1.0516
0.816946,371.902,7.7913e-005,0.376,2.07825,-2.77801,1.78287
0.816946,371.902,7.8087e-005,0.188372,2.04632,-3.67275,2.50574
0.816946,371.902,7.82609e-005,1.39646e-014,2.00673,-4.55206,3.21751
0.816946,371.902,7.84348e-005,-0.188372,1.95967,-5.41261,3.9155
0.816946,371.902,7.86087e-005,-0.376,1.90531,-6.25116,4.59712
0.816946,371.902,7.87826e-005,-0.562144,1.84388,-7.06457,5.25984
0.816946,371.902,7.89565e-005,-0.74607,1.77562,-7.84978,5.90119
0.816946,371.902,7.91304e-005,-0.927051,1.7008,-8.60386,6.51879
0.816946,371.902,7.93043e-005,-1.10437,1.61972,-9.32397,7.11038
0.816946,371.902,7.94783e-005,-1.27734,1.5327,-10.0074,7.67376
0.816946,371.902,7.96522e-005,-1.44526,1.44008,-10.6517,8.20687
0.816946,371.902,7.98261e-005,-1.60748,1.34221,-11.2544,8.70777
0.816946,371.902,8e-005,-1.76336,1.23949,-11.8133,9.17463
0.816946,371.902,8.01739e-005,-1.91227,1.1323,-12.3264,9.60575
0.816946,371.902,8.03478e-005,-2.05364,1.02107,-12.7917,9.9996
0.816946,371.902,8.05217e-005,-2.18691,0.906223,-13.2076,10.3548
0.816946,371.902,8.06957e-005,-2.31154,0.788201,-13.5725,10.67
0.816946,371.902,8.08696e-005,-2.42705,0.66746,-13.8852,10.9441
0.816946,371.902,8.10435e-005,-2.53298,0.544464,-14.1446,11.1763
0.816946,371.902,8.12174e-005,-2.62892,0.419684,-14.3497,11.3657
0.816946,371.902,8.13913e-005,-2.71448,0.293599,-14.4998,11.5116
0.816946,371.902,8.15652e-005,-2.78933,0.16669,-14.5946,11.6138
0.816946,371.902,8.17391e-005,-2.85317,0.0394407,-14.6336,11.6717
0.816946,371.902,8.1913e-005,-2.90575,-0.087663,-14.6169,11.6855
0.816946,371.902,8.2087e-005,-2.94686,-0.214138,-14.5447,11.655
0.816946,371.902,8.22609e-005,-2.97634,-0.339505,-14.4172,11.5805
0.816946,371.902,8.24348e-005,-2.99408,-0.463288,-14.2351,11.4624
0.816946,371.902,8.26087e-005,-3,-0.585019,-13.9991,11.3012
0.816946,371.902,8.27826e-005,-2.99408,-0.704239,-13.7103,11.0978
0.816946,371.902,8.29565e-005,-2.97634,-0.820499,-13.3699,10.8528
0.816946,371.902,8.31304e-005,-2.94686,-0.933361,-12.9792,10.5674
0.816946,371.902,8.33043e-005,-2.90575,-1.0424,-12.5398,10.2428
0.816946,371.902,8.34783e-005,-2.85317,-1.14722,-12.0535,9.88019
0.816946,371.902,8.36522e-005,-2.78933,-1.24741,-11.5223,9.48116
0.816946,371.902,8.38261e-005,-2.71448,-1.34261,-10.9482,9.04728
0.816946,371.902,8.4e-005,-2.62892,-1.43247,-10.3336,8.58029
0.816946,371.902,8.41739e-005,-2.53298,-1.51665,-9.6808,8.08203
0.816946,371.902,8.43478e-005,-2.42705,-1.59485,-8.99244,7.5545
0.816946,371.902,8.45217e-005,-2.31154,-1.66677,-8.2712,6.99978
0.816946,371.902,8.46957e-005,-2.18691,-1.73216,-7.51991,6.42003
0.816946,371.902,8.48696e-005,-2.05364,-1.79078,-6.74151,5.81754
0.816946,371.902,8.50435e-005,-1.91227,-1.84243,-5.93903,5.19466
0.816946,371.902,8.52174e-005,-1.76336,-1.88691,-5.11559,4.55381
0.816946,371.902,8.53913e-005,-1.60748,-1.92408,-4.27439,3.8975
0.816946,371.902,8.55652e-005,-1.44526,-1.9538,-3.41868,3.22825
0.816946,371.902,8.57391e-005,-1.27734,-1.97599,-2.55179,2.54867
0.816946,371.902,8.5913e-005,-1.10437,-1.99058,-1.67705,1.86137
0.816946,371.902,8.6087e-005,-0.927051,-1.99752,-0.797841,1.16899
0.816946,371.902,8.62609e-005,-0.74607,-1.9968,0.0824525,0.474205
0.816946,371.902,8.64348e-005,-0.562144,-1.98845,0.960449,-0.220333
0.816946,371.902,8.66087e-005,-0.376,-1.97251,1.83278,-0.911967
0.816946,371.902,8.67826e-005,-0.188372,-1.94906,2.6961,-1.59806
0.816946,371.902,8.69565e-005,-1.4332e-014,-1.91822,3.54712,-2.27599
0.816946,371.902,8.71304e-005,0.188372,-1.88011,4.38258,-2.9432
0.816946,371.902,8.73043e-005,0.376,-1.8349,5.19931,-3.59715
0.816946,371.902,8.74783e-005,0.562144,-1.78278,5.99419,-4.23538
0.816946,371.902,8.76522e-005,0.74607,-1.72396,6.76422,-4.85547
0.816946,371.902,8.78261e-005,0.927051,-1.65868,7.50648,-5.45511
0.816946,371.902,8.8e-005,1.10437,-1.58722,8.21817,-6.03204
0.816946,371.902,8.81739e-005,1.27734,-1.50986,8.8966,-6.58412
0.816946,371.902,8.83478e-005,1.44526,-1.42691,9.53924,-7.10929
0.816946,371.902,8.85217e-005,1.60748,-1.3387,10.1437,-7.6056
0.816946,371.902,8.86957e-005,1.76336,-1.24559,10.7077,-8.07124
0.816946,371.902,8.88696e-005,1.91227,-1.14795,11.2291,-8.50449
0.816946,371.902,8.90435e-005,2.05364,-1.04616,11.7061,-8.90378
0.816946,371.902,8.92174e-005,2.18691,-0.940619,12.1368,-9.26766
0.816946,371.902,8.93913e-005,2.31154,-0.831751,12.5198,-9.59483
0.816946,371.902,8.95652e-005,2.42705,-0.71998,12.8536,-9.88413
0.816946,371.902,8.97391e-005,2.53298,-0.605745,13.1371,-10.1346
0.816946,371.902,8.9913e-005,2.62892,-0.48949,13.3692,-10.3453
0.816946,371.902,9.0087e-005,2.71448,-0.371671,13.5492,-10.5155
0.816946,371.902,9.02609e-005,2.78933,-0.252745,13.6765,-10.6448
0.816946,371.902,9.04348e-005,2.85317,-0.133173,13.7507,-10.7327
0.816946,371.902,9.06087e-005,2.90575,-0.0134202,13.7716,-10.779
0.816946,371.902,9.07826e-005,2.94686,0.106052,13.7393,-10.7837
0.816946,371.902,9.09565e-005,2.97634,0.224782,13.654,-10.7468
0.816946,371.902,9.11304e-005,2.99408,0.342314,13.5161,-10.6686
0.816946,371.902,9.13043e-005,3,0.458194,13.3263,-10.5496
0.816946,371.902,9.14783e-005,2.99408,0.571981,13.0854,-10.3902
0.816946,371.902,9.16522e-005,2.97634,0.683238,12.7945,-10.1912
0.816946,371.902,9.18261e-005,2.94686,0.791541,12.4549,-9.95358
0.816946,371.902,9.2e-005,2.90575,0.896478,12.0678,-9.67826
0.816946,371.902,9.21739e-005,2.85317,0.997652,11.635,-9.36645
0.816946,371.902,9.23478e-005,2.78933,1.09468,11.1581,-9.01944
0.816946,371.902,9.25217e-005,2.71448,1.18719,10.6392,-8.63868
0.816946,371.902,9.26957e-005,2.62892,1.27485,10.0804,-8.22574
0.816946,371.902,9.28696e-005,2.53298,1.35732,9.48387,-7.78231
0.816946,371.902,9.30435e-005,2.42705,1.43429,8.85205,-7.3102
0.816946,371.902,9.32174e-005,2.31154,1.50549,8.18745,-6.81132
0.816946,371.902,9.33913e-005,2.18691,1.57064,7.49274,-6.28767
0.816946,371.902,9.35652e-005,2.05364,1.62952,6.77067,-5.74136
0.816946,371.902,9.37391e-005,1.91227,1.6819,6.02412,-5.17457
0.816946,371.902,9.3913e-005,1.76336,1.72761,5.25603,-4.58956
0.816946,371.902,9.4087e-005,1.60748,1.76647,4.46944,-3.98866
0.816946,371.902,9.42609e-005,1.44526,1.79836,3.66745,-3.37423
0.816946,371.902,9.44348e-005,1.27734,1.82317,2.85321,-2.74872
0.816946,371.902,9.46087e-005,1.10437,1.84082,2.02992,-2.11457
0.816946,371.902,9.47826e-005,0.927051,1.85126,1.2008,-1.47428
0.816946,371.902,9.49565e-005,0.74607,1.85447,0.369088,-0.830365
0.816946,371.902,9.51304e-005,0.562144,1.85046,-0.461965,-0.185331
0.816946,371.902,9.53043e-005,0.376,1.83925,-1.28913,0.458306
0.816946,371.902,9.54783e-005,0.188372,1.82091,-2.10918,1.09804
0.816946,371.902,9.56522e-005,1.46993e-014,1.79552,-2.91895,1.7314
0.816946,371.902,9.58261e-005,-0.188372,1.76322,-3.7153,2.35593
0.816946,371.902,9.6e-005,-0.376,1.72413,-4.49515,2.96923
0.816946,371.902,9.61739e-005,-0.562144,1.67843,-5.2555,3.56892
0.816946,371.902,9.63478e-005,-0.74607,1.62631,-5.99342,4.15273
0.816946,371.902,9.65217e-005,-0.927051,1.568,-6.70609,4.7184
0.816946,371.902,9.66957e-005,-1.10437,1.50373,-7.39077,5.26379
0.816946,371.902,9.68696e-005,-1.27734,1.43378,-8.04486,5.78683
0.816946,371.902,9.70435e-005,-1.44526,1.35842,-8.66586,6.28553
0.816946,371.902,9.72174e-005,-1.60748,1.27797,-9.25143,6.75803
0.816946,371.902,9.73913e-005,-1.76336,1.19276,-9.79935,7.20254
0.816946,371.902,9.75652e-005,-1.91227,1.10313,-10.3076,7.61741
0.816946,371.902,9.77391e-005,-2.05364,1.00944,-10.7742,8.00111
0.816946,371.902,9.7913e-005,-2.18691,0.912073,-11.1975,8.35222
0.816946,371.902,9.8087e-005,-2.31154,0.811413,-11.5758,8.66946
0.816946,371.902,9.82609e-005,-2.42705,0.707866,-11.9079,8.95169
0.816946,371.902,9.84348e-005,-2.53298,0.601844,-12.1925,9.19791
0.816946,371.902,9.86087e-005,-2.62892,0.493769,-12.4287,9.40724
0.816946,371.902,9.87826e-005,-2.71448,0.384069,-12.6155,9.57899
0.816946,371.902,9.89565e-005,-2.78933,0.273178,-12.7524,9.71258
0.816946,371.902,9.91304e-005,-2.85317,0.161535,-12.8389,9.8076
0.816946,371.902,9.93043e-005,-2.90575,0.0495799,-12.8749,9.86378
0.816946,371.902,9.94783e-005,-2.94686,-0.0622481,-12.8602,9.88103
0.816946,371.902,9.96522e-005,-2.97634,-0.17351,-12.7951,9.85938
0.816946,371.902,9.98261e-005,-2.99408,-0.28377,-12.6799,9.79903
0.816946,371.902,0.0001,-3,-0.392599,-12.5153,9.70032
0.816946,371.902,0.000100174,-2.99408,-0.499571,-12.3018,9.56377
0.816946,371.902,0.000100348,-2.97634,-0.604271,-12.0405,9.39
0.816946,371.902,0.000100522,-2.94686,-0.706294,-11.7326,9.17982
0.816946,371.902,0.000100696,-2.90575,-0.805244,-11.3793,8.93415
0.816946,371.902,0.00010087,-2.85317,-0.90074,-10.9821,8.65407
0.816946,371.902,0.000101043,-2.78933,-0.992416,-10.5427,8.34077
0.816946,371.902,0.000101217,-2.71448,-1.07992,-10.0628,7.99558
0.816946,371.902,0.000101391,-2.62892,-1.16292,-9.54458,7.61996
0.816946,371.902,0.000101565,-2.53298,-1.24109,-8.99003,7.21546
0.816946,371.902,0.000101739,-2.42705,-1.31415,-8.40143,6.78378
0.816946,371.902,0.000101913,-2.31154,-1.38181,-7.78118,6.32669
0.816946,371.902,0.000102087,-2.18691,-1.44382,-7.13179,5.84606
0.816946,371.902,0.000102261,-2.05364,-1.49996,-6.45588,5.34386
0.816946,371.902,0.000102435,-1.91227,-1.55001,-5.75617,4.82213
0.816946,371.902,0.000102609,-1.76336,-1.5938,-5.03547,4.283
0.816946,371.902,0.000102783,-1.60748,-1.63116,-4.29668,3.72863
0.816946,371.902,0.000102957,-1.44526,-1.66197,-3.54273,3.16127
0.816946,371.902,0.00010313,-1.27734,-1.68611,-2.77664,2.58319
0.816946,371.902,0.000103304,-1.10437,-1.70352,-2.00145,1.99672
0.816946,371.902,0.000103478,-0.927051,-1.71413,-1.22025,1.40419
0.816946,371.902,0.000103652,-0.74607,-1.71792,-0.436131,0.807973
0.816946,371.902,0.000103826,-0.562144,-1.7149,0.347806,0.210434
0.816946,371.902,0.000104,-0.376,-1.70509,1.12846,-0.386052
0.816946,371.902,0.000104174,-0.188372,-1.68854,1.90277,-0.979125
0.816946,371.902,0.000104348,-4.40858e-015,-1.66534,2.66766,-1.56644
0.816946,371.902,0.000956522,-1.46993e-013,-1.54085,4.40855,-3.37865
0.816946,371.902,0.000956696,0.188372,-1.49643,5.10787,-3.9146
0.816946,371.902,0.00095687,0.376,-1.44611,5.78703,-4.4351
0.816946,371.902,0.000957043,0.562144,-1.39008,6.44335,-4.93809
0.816946,371.902,0.000957217,0.74607,-1.32856,7.07424,-5.42159
0.816946,371.902,0.000957391,0.927051,-1.26181,7.67721,-5.8837
0.816946,371.902,0.000957565,1.10437,-1.19007,8.24988,-6.32259
0.816946,371.902,0.000957739,1.27734,-1.11363,8.79,-6.73653
0.816946,371.902,0.000957913,1.44526,-1.0328,9.29542,-7.12388
0.816946,371.902,0.000958087,1.60748,-0.947897,9.76416,-7.48311
0.816946,371.902,0.000958261,1.76336,-0.85925,10.1944,-7.81282
0.816946,371.902,0.000958435,1.91227,-0.767212,10.5843,-8.11169
0.816946,371.902,0.000958609,2.05364,-0.672147,10.9325,-8.37854
0.816946,371.902,0.000958783,2.18691,-0.574428,11.2376,-8.61233
0.816946,371.902,0.000958957,2.31154,-0.474443,11.4983,-8.81214
0.816946,371.902,0.00095913,2.42705,-0.372586,11.7136,-8.97716
0.816946,371.902,0.000959304,2.53298,-0.269258,11.8827,-9.10675
0.816946,371.902,0.000959478,2.62892,-0.164867,12.0049,-9.20041
0.816946,371.902,0.000959652,2.71448,-0.0598254,12.0798,-9.25775
0.816946,371.902,0.000959826,2.78933,0.045452,12.1069,-9.27856
0.816946,371.902,0.00096,2.85317,0.15055,12.0863,-9.26275
0.816946,371.902,0.000960174,2.90575,0.255054,12.018,-9.21039
0.816946,371.902,0.000960348,2.94686,0.358551,11.9022,-9.12167
0.816946,371.902,0.000960522,2.97634,0.460634,11.7395,-8.99696
0.816946,371.902,0.000960696,2.99408,0.560898,11.5304,-8.83674
0.816946,371.902,0.00096087,3,0.658949,11.2758,-8.64164
0.816946,371.902,0.000961043,2.99408,0.754399,10.9768,-8.41245
0.816946,371.902,0.000961217,2.97634,0.846872,10.6344,-8.15005
0.816946,371.902,0.000961391,2.94686,0.936003,10.25,-7.85548
0.816946,371.902,0.000961565,2.90575,1.02144,9.82523,-7.52991
0.816946,371.902,0.000961739,2.85317,1.10285,9.36164,-7.17463
0.816946,371.902,0.000961913,2.78933,1.1799,8.86112,-6.79103
0.816946,371.902,0.000962087,2.71448,1.2523,8.32562,-6.38063
0.816946,371.902,0.000962261,2.62892,1.31975,7.75726,-5.94505
0.816946,371.902,0.000962435,2.53298,1.382,7.15829,-5.48601
0.816946,371.902,0.000962609,2.42705,1.43879,6.53107,-5.00532
0.816946,371.902,0.000962783,2.31154,1.4899,5.87807,-4.50487
0.816946,371.902,0.000962957,2.18691,1.53513,5.20187,-3.98664
0.816946,371.902,0.00096313,2.05364,1.57431,4.50515,-3.45268
0.816946,371.902,0.000963304,1.91227,1.60727,3.79064,-2.9051
0.816946,371.902,0.000963478,1.76336,1.63389,3.06118,-2.34604
0.816946,371.902,0.000963652,1.60748,1.65406,2.31963,-1.77773
0.816946,371.902,0.000963826,1.44526,1.6677,1.56893,-1.20241
0.816946,371.902,0.000964,1.27734,1.67477,0.812042,-0.622338
0.816946,371.902,0.000964174,1.10437,1.67522,0.0519454,-0.0398103
0.816946,371.902,0.000964348,0.927051,1.66906,-0.708356,0.542874
0.816946,371.902,0.000964522,0.74607,1.65631,-1.46586,1.12342
0.816946,371.902,0.000964696,0.562144,1.63703,-2.21758,1.69952
0.816946,371.902,0.00096487,0.376,1.61128,-2.96055,2.26893
0.816946,371.902,0.000965043,0.188372,1.57918,-3.69184,2.82937
0.816946,371.902,0.000965217,1.79335e-013,1.54085,-4.40855,3.37865
0.816946,371.902,0.000965391,-0.188372,1.49643,-5.10787,3.9146
0.816946,371.902,0.000965565,-0.376,1.44611,-5.78703,4.4351
0.816946,371.902,0.000965739,-0.562144,1.39008,-6.44335,4.93809
0.816946,371.902,0.000965913,-0.74607,1.32856,-7.07424,5.4216
0.816946,371.902,0.000966087,-0.927051,1.2618,-7.67721,5.8837
0.816946,371.902,0.000966261,-1.10437,1.19007,-8.24988,6.32259
0.816946,371.902,0.000966435,-1.27734,1.11363,-8.79,6.73653
0.816946,371.902,0.000966609,-1.44526,1.0328,-9.29542,7.12388
0.816946,371.902,0.000966783,-1.60748,0.947897,-9.76416,7.48312
0.816946,371.902,0.000966957,-1.76336,0.85925,-10.1944,7.81282
0.816946,371.902,0.00096713,-1.91227,0.767212,-10.5843,8.11169
0.816946,371.902,0.000967304,-2.05364,0.672147,-10.9325,8.37854
0.816946,371.902,0.000967478,-2.18691,0.574428,-11.2376,8.61233
0.816946,371.902,0.000967652,-2.31154,0.474443,-11.4983,8.81214
0.816946,371.902,0.000967826,-2.42705,0.372585,-11.7136,8.97716
0.816946,371.902,0.000968,-2.53298,0.269257,-11.8827,9.10675
0.816946,371.902,0.000968174,-2.62892,0.164867,-12.0049,9.20041
0.816946,371.902,0.000968348,-2.71448,0.0598253,-12.0798,9.25775
0.816946,371.902,0.000968522,-2.78933,-0.0454521,-12.1069,9.27856
0.816946,371.902,0.000968696,-2.85317,-0.15055,-12.0863,9.26275
0.816946,371.902,0.00096887,-2.90575,-0.255054,-12.018,9.21039
0.816946,371.902,0.000969043,-2.94686,-0.358551,-11.9022,9.12167
0.816946,371.902,0.000969217,-2.97634,-0.460634,-11.7395,8.99696
0.816946,371.902,0.000969391,-2.99408,-0.560898,-11.5304,8.83674
0.816946,371.902,0.000969565,-3,-0.658949,-11.2758,8.64164
0.816946,371.902,0.000969739,-2.99408,-0.754399,-10.9768,8.41244
0.816946,371.902,0.000969913,-2.97634,-0.846872,-10.6344,8.15005
0.816946,371.902,0.000970087,-2.94686,-0.936003,-10.25,7.85548
0.816946,371.902,0.000970261,-2.90575,-1.02144,-9.82523,7.52991
0.816946,371.902,0.000970435,-2.85317,-1.10285,-9.36164,7.17463
0.816946,371.902,0.000970609,-2.78933,-1.1799,-8.86112,6.79103
0.816946,371.902,0.000970783,-2.71448,-1.2523,-8.32562,6.38063
0.816946,371.902,0.000970957,-2.62892,-1.31975,-7.75726,5.94505
0.816946,371.902,0.00097113,-2.53298,-1.382,-7.15829,5.48601
0.816946,371.902,0.000971304,-2.42705,-1.43879,-6.53106,5.00532
0.816946,371.902,0.000971478,-2.31154,-1.4899,-5.87807,4.50487
0.816946,371.902,0.000971652,-2.18691,-1.53513,-5.20187,3.98664
0.816946,371.902,0.000971826,-2.05364,-1.57431,-4.50515,3.45268
0.816946,371.902,0.000972,-1.91227,-1.60727,-3.79064,2.90509
0.816946,371.902,0.000972174,-1.76336,-1.63389,-3.06118,2.34604
0.816946,371.902,0.000972348,-1.60748,-1.65406,-2.31963,1.77773
0.816946,371.902,0.000972522,-1.44526,-1.6677,-1.56893,1.20241
0.816946,371.902,0.000972696,-1.27734,-1.67477,-0.812041,0.622337
0.816946,371.902,0.00097287,-1.10437,-1.67522,-0.0519449,0.0398097
0.816946,371.902,0.000973043,-0.927051,-1.66906,0.708357,-0.542875
0.816946,371.902,0.000973217,-0.74607,-1.65631,1.46586,-1.12342
0.816946,371.902,0.000973391,-0.562144,-1.63703,2.21758,-1.69952
0.816946,371.902,0.000973565,-0.376,-1.61128,2.96055,-2.26893
0.816946,371.902,0.000973739,-0.188372,-1.57918,3.69184,-2.82937
0.816946,371.902,0.000973913,-2.11677e-013,-1.54085,4.40855,-3.37865
0.816946,371.902,0.000974087,0.188372,-1.49643,5.10787,-3.9146
0.816946,371.902,0.000974261,0.376,-1.44611,5.78703,-4.4351
0.816946,371.902,0.000974435,0.562144,-1.39008,6.44335,-4.93809
0.816946,371.902,0.000974609,0.74607,-1.32856,7.07424,-5.4216
0.816946,371.902,0.000974783,0.927051,-1.2618,7.67721,-5.8837
0.816946,371.902,0.000974957,1.10437,-1.19007,8.24988,-6.32259
0.816946,371.902,0.00097513,1.27734,-1.11363,8.79,-6.73653
0.816946,371.902,0.000975304,1.44526,-1.0328,9.29542,-7.12388
0.816946,371.902,0.000975478,1.60748,-0.947897,9.76416,-7.48312
0.816946,371.902,0.000975652,1.76336,-0.85925,10.1944,-7.81282
0.816946,371.902,0.000975826,1.91227,-0.767212,10.5843,-8.11169
0.816946,371.902,0.000976,2.05364,-0.672147,10.9325,-8.37854
0.816946,371.902,0.000976174,2.18691,-0.574428,11.2376,-8.61233
0.816946,371.902,0.000976348,2.31154,-0.474443,11.4983,-8.81214
0.816946,371.902,0.000976522,2.42705,-0.372585,11.7136,-8.97716
0.816946,371.902,0.000976696,2.53298,-0.269257,11.8827,-9.10675
0.816946,371.902,0.00097687,2.62892,-0.164867,12.0049,-9.20041
0.816946,371.902,0.000977043,2.71448,-0.0598253,12.0798,-9.25775
0.816946,371.902,0.000977217,2.78933,0.0454522,12.1069,-9.27856
0.816946,371.902,0.000977391,2.85317,0.15055,12.0863,-9.26275
0.816946,371.902,0.000977565,2.90575,0.255054,12.018,-9.21039
0.816946,371.902,0.000977739,2.94686,0.358552,11.9022,-9.12167
0.816946,371.902,0.000977913,2.97634,0.460634,11.7395,-8.99696
0.816946,371.902,0.000978087,2.99408,0.560898,11.5304,-8.83674
0.816946,371.902,0.000978261,3,0.658949,11.2758,-8.64164
0.816946,371.902,0.000978435,2.99408,0.754399,10.9768,-8.41244
0.816946,371.902,0.000978609,2.97634,0.846872,10.6344,-8.15004
0.816946,371.902,0.000978783,2.94686,0.936003,10.25,-7.85548
0.816946,371.902,0.000978957,2.90575,1.02144,9.82523,-7.52991
0.816946,371.902,0.00097913,2.85317,1.10285,9.36164,-7.17463
0.816946,371.902,0.000979304,2.78933,1.1799,8.86112,-6.79103
0.816946,371.902,0.000979478,2.71448,1.2523,8.32562,-6.38063
0.816946,371.902,0.000979652,2.62892,1.31975,7.75726,-5.94505
0.816946,371.902,0.000979826,2.53298,1.382,7.15829,-5.48601
0.816946,371.902,0.00098,2.42705,1.43879,6.53106,-5.00531
0.816946,371.902,0.000980174,2.31154,1.4899,5.87807,-4.50487
0.816946,371.902,0.000980348,2.18691,1.53513,5.20187,-3.98664
0.816946,371.902,0.000980522,2.05364,1.57431,4.50515,-3.45268
0.816946,371.902,0.000980696,1.91227,1.60727,3.79064,-2.90509
0.816946,371.902,0.00098087,1.76336,1.63389,3.06118,-2.34604
0.816946,371.902,0.000981043,1.60748,1.65406,2.31963,-1.77773
0.816946,371.902,0.000981217,1.44526,1.6677,1.56893,-1.20241
0.816946,371.902,0.000981391,1.27734,1.67477,0.812041,-0.622337
0.816946,371.902,0.000981565,1.10437,1.67522,0.0519444,-0.0398093
0.816946,371.902,0.000981739,0.927051,1.66906,-0.708357,0.542875
0.816946,371.902,0.000981913,0.74607,1.65631,-1.46586,1.12342
0.816946,371.902,0.000982087,0.562144,1.63703,-2.21758,1.69953
0.816946,371.902,0.000982261,0.376,1.61128,-2.96055,2.26893
0.816946,371.902,0.000982435,0.188372,1.57918,-3.69184,2.82937
0.816946,371.902,0.000982609,2.44019e-013,1.54085,-4.40855,3.37865
0.816946,371.902,0.000982783,-0.188372,1.49643,-5.10787,3.9146
0.816946,371.902,0.000982957,-0.376,1.44611,-5.78703,4.4351
0.816946,371.902,0.00098313,-0.562144,1.39008,-6.44335,4.93809
0.816946,371.902,0.000983304,-0.74607,1.32856,-7.07424,5.4216
0.816946,371.902,0.000983478,-0.927051,1.2618,-7.67721,5.88371
0.816946,371.902,0.000983652,-1.10437,1.19007,-8.24988,6.32259
0.816946,371.902,0.000983826,-1.27734,1.11363,-8.79,6.73653
0.816946,371.902,0.000984,-1.44526,1.0328,-9.29542,7.12388
0.816946,371.902,0.000984174,-1.60748,0.947896,-9.76416,7.48312
0.816946,371.902,0.000984348,-1.76336,0.85925,-10.1944,7.81282
0.816946,371.902,0.000984522,-1.91227,0.767212,-10.5843,8.11169
0.816946,371.902,0.000984696,-2.05364,0.672146,-10.9325,8.37854
0.816946,371.902,0.00098487,-2.18691,0.574428,-11.2376,8.61233
0.816946,371.902,0.000985043,-2.31154,0.474443,-11.4983,8.81214
0.816946,371.902,0.000985217,-2.42705,0.372585,-11.7136,8.97716
0.816946,371.902,0.000985391,-2.53298,0.269257,-11.8827,9.10675
0.816946,371.902,0.000985565,-2.62892,0.164867,-12.0049,9.20041
0.816946,371.902,0.000985739,-2.71448,0.0598252,-12.0798,9.25775
0.816946,371.902,0.000985913,-2.78933,-0.0454523,-12.1069,9.27856
0.816946,371.902,0.000986087,-2.85317,-0.15055,-12.0863,9.26275
0.816946,371.902,0.000986261,-2.90575,-0.255054,-12.018,9.21039
0.816946,371.902,0.000986435,-2.94686,-0.358552,-11.9022,9.12167
0.816946,371.902,0.000986609,-2.97634,-0.460634,-11.7395,8.99696
0.816946,371.902,0.000986783,-2.99408,-0.560898,-11.5304,8.83674
0.816946,371.902,0.000986957,-3,-0.658949,-11.2758,8.64164
0.816946,371.902,0.00098713,-2.99408,-0.754399,-10.9768,8.41244
0.816946,371.902,0.000987304,-2.97634,-0.846872,-10.6344,8.15004
0.816946,371.902,0.000987478,-2.94686,-0.936003,-10.25,7.85548
0.816946,371.902,0.000987652,-2.90575,-1.02144,-9.82523,7.52991
0.816946,371.902,0.000987826,-2.85317,-1.10285,-9.36164,7.17463
0.816946,371.902,0.000988,-2.78933,-1.1799,-8.86111,6.79103
0.816946,371.902,0.000988174,-2.71448,-1.2523,-8.32562,6.38063
0.816946,371.902,0.000988348,-2.62892,-1.31975,-7.75726,5.94505
0.816946,371.902,0.000988522,-2.53298,-1.382,-7.15829,5.48601
0.816946,371.902,0.000988696,-2.42705,-1.43879,-6.53106,5.00531
0.816946,371.902,0.00098887,-2.31154,-1.4899,-5.87807,4.50487
0.816946,371.902,0.000989043,-2.18691,-1.53513,-5.20187,3.98664
0.816946,371.902,0.000989217,-2.05364,-1.57431,-4.50515,3.45268
0.816946,371.902,0.000989391,-1.91227,-1.60727,-3.79064,2.90509
0.816946,371.902,0.000989565,-1.76336,-1.63389,-3.06118,2.34604
0.816946,371.902,0.000989739,-1.60748,-1.65406,-2.31963,1.77773
0.816946,371.902,0.000989913,-1.44526,-1.6677,-1.56893,1.20241
0.816946,371.902,0.000990087,-1.27734,-1.67477,-0.812041,0.622336
0.816946,371.902,0.000990261,-1.10437,-1.67522,-0.051944,0.039809
0.816946,371.902,0.000990435,-0.927051,-1.66906,0.708358,-0.542875
0.816946,371.902,0.000990609,-0.74607,-1.65631,1.46586,-1.12342
0.816946,371.902,0.000990783,-0.562144,-1.63703,2.21758,-1.69953
0.816946,371.902,0.000990957,-0.376,-1.61128,2.96055,-2.26893
0.816946,371.902,0.00099113,-0.188372,-1.57918,3.69184,-2.82937
0.816946,371.902,0.000991304,-1.0583e-013,-1.54085,4.40855,-3.37865
0.816946,371.902,0.000991478,0.188372,-1.49643,5.10787,-3.9146
0.816946,371.902,0.000991652,0.376,-1.44611,5.78703,-4.4351
0.816946,371.902,0.000991826,0.562144,-1.39008,6.44335,-4.93809
0.816946,371.902,0.000992,0.74607,-1.32856,7.07424,-5.4216
0.816946,371.902,0.000992174,0.927051,-1.2618,7.67721,-5.88371
0.816946,371.902,0.000992348,1.10437,-1.19007,8.24988,-6.32259
0.816946,371.902,0.000992522,1.27734,-1.11363,8.79,-6.73653
0.816946,371.902,0.000992696,1.44526,-1.0328,9.29542,-7.12388
0.816946,371.902,0.00099287,1.60748,-0.947896,9.76416,-7.48312
0.816946,371.902,0.000993043,1.76336,-0.85925,10.1944,-7.81282
0.816946,371.902,0.000993217,1.91227,-0.767212,10.5843,-8.11169
0.816946,371.902,0.000993391,2.05364,-0.672146,10.9325,-8.37855
0.816946,371.902,0.000993565,2.18691,-0.574428,11.2376,-8.61234
0.816946,371.902,0.000993739,2.31154,-0.474443,11.4983,-8.81214
0.816946,371.902,0.000993913,2.42705,-0.372585,11.7136,-8.97716
0.816946,371.902,0.000994087,2.53298,-0.269257,11.8827,-9.10676
0.816946,371.902,0.000994261,2.62892,-0.164867,12.0049,-9.20041
0.816946,371.902,0.000994435,2.71448,-0.0598252,12.0798,-9.25775
0.816946,371.902,0.000994609,2.78933,0.0454523,12.1069,-9.27856
0.816946,371.902,0.000994783,2.85317,0.15055,12.0863,-9.26275
0.816946,371.902,0.000994957,2.90575,0.255054,12.018,-9.21039
0.816946,371.902,0.00099513,2.94686,0.358552,11.9022,-9.12167
0.816946,371.902,0.000995304,2.97634,0.460634,11.7395,-8.99696
0.816946,371.902,0.000995478,2.99408,0.560898,11.5304,-8.83674
0.816946,371.902,0.000995652,3,0.658949,11.2758,-8.64164
0.816946,371.902,0.000995826,2.99408,0.754399,10.9768,-8.41244
0.816946,371.902,0.000996,2.97634,0.846872,10.6344,-8.15005
0.816946,371.902,0.000996174,2.94686,0.936003,10.25,-7.85548
0.816946,371.902,0.000996348,2.90575,1.02144,9.82523,-7.52991
0.816946,371.902,0.000996522,2.85317,1.10285,9.36164,-7.17463
0.816946,371.902,0.000996696,2.78933,1.1799,8.86112,-6.79103
0.816946,371.902,0.00099687,2.71448,1.2523,8.32562,-6.38063
0.816946,371.902,0.000997043,2.62892,1.31975,7.75726,-5.94505
0.816946,371.902,0.000997217,2.53298,1.382,7.15829,-5.48601
0.816946,371.902,0.000997391,2.42705,1.43879,6.53106,-5.00531
0.816946,371.902,0.000997565,2.31154,1.4899,5.87807,-4.50487
0.816946,371.902,0.000997739,2.18691,1.53513,5.20187,-3.98664
0.816946,371.902,0.000997913,2.05364,1.57431,4.50515,-3.45268
0.816946,371.902,0.000998087,1.91227,1.60727,3.79064,-2.90509
0.816946,371.902,0.000998261,1.76336,1.63389,3.06118,-2.34604
0.816946,371.902,0.000998435,1.60748,1.65406,2.31963,-1.77773
0.816946,371.902,0.000998609,1.44526,1.6677,1.56893,-1.20241
0.816946,371.902,0.000998783,1.27734,1.67477,0.81204,-0.622336
0.816946,371.902,0.000998957,1.10437,1.67522,0.0519438,-0.0398088
0.816946,371.902,0.00099913,0.927051,1.66906,-0.708358,0.542876
0.816946,371.902,0.000999304,0.74607,1.65631,-1.46586,1.12342
0.816946,371.902,0.000999478,0.562144,1.63703,-2.21758,1.69953
0.816946,371.902,0.000999652,0.376,1.61128,-2.96055,2.26893
0.816946,371.902,0.000999826,0.188372,1.57918,-3.69184,2.82937
0.816946,371.902,0.001,3.08702e-013,1.54085,-4.40855,3.37865
0.816946,371.902,0.00100017,-0.188372,1.49643,-5.10787,3.9146
0.816946,371.902,0.00100035,-0.376,1.44611,-5.78703,4.4351
0.816946,371.902,0.00100052,-0.562144,1.39008,-6.44335,4.93809
0.816946,371.902,0.0010007,-0.74607,1.32856,-7.07424,5.4216
0.816946,371.902,0.00100087,-0.927051,1.2618,-7.67721,5.88371
0.816946,371.902,0.00100104,-1.10437,1.19007,-8.24988,6.32259
0.816946,371.902,0.00100122,-1.27734,1.11363,-8.79,6.73653
0.816946,371.902,0.00100139,-1.44526,1.0328,-9.29542,7.12388
0.816946,371.902,0.00100157,-1.60748,0.947897,-9.76416,7.48312
0.816946,371.902,0.00100174,-1.76336,0.85925,-10.1944,7.81282
0.816946,371.902,0.00100191,-1.91227,0.767212,-10.5843,8.11169
0.816946,371.902,0.00100209,-2.05364,0.672146,-10.9325,8.37855
0.816946,371.902,0.00100226,-2.18691,0.574428,-11.2376,8.61234
0.816946,371.902,0.00100243,-2.31154,0.474443,-11.4983,8.81214
0.816946,371.902,0.00100261,-2.42705,0.372585,-11.7136,8.97716
0.816946,371.902,0.00100278,-2.53298,0.269257,-11.8827,9.10676
0.816946,371.902,0.00100296,-2.62892,0.164867,-12.0049,9.20041
0.816946,371.902,0.00100313,-2.71448,0.0598251,-12.0798,9.25775
0.816946,371.902,0.0010033,-2.78933,-0.0454523,-12.1069,9.27856
0.816946,371.902,0.00100348,-2.85317,-0.15055,-12.0863,9.26275
0.816946,371.902,0.00100365,-2.90575,-0.255054,-12.018,9.21039
0.816946,371.902,0.00100383,-2.94686,-0.358552,-11.9022,9.12167
0.816946,371.902,0.001004,-2.97634,-0.460634,-11.7395,8.99696
0.816946,371.902,0.00100417,-2.99408,-0.560898,-11.5304,8.83674
0.816946,371.902,0.00100435,-3,-0.658949,-11.2758,8.64164
0.816946,371.902,0.00100452,-2.99408,-0.754399,-10.9768,8.41245
0.816946,371.902,0.0010047,-2.97634,-0.846872,-10.6344,8.15005
0.816946,371.902,0.00100487,-2.94686,-0.936003,-10.25,7.85548
0.816946,371.902,0.00100504,-2.90575,-1.02144,-9.82523,7.52991
0.816946,371.902,0.00100522,-2.85317,-1.10285,-9.36164,7.17463
0.816946,371.902,0.00100539,-2.78933,-1.1799,-8.86112,6.79103
0.816946,371.902,0.00100557,-2.71448,-1.2523,-8.32562,6.38063
0.816946,371.902,0.00100574,-2.62892,-1.31975,-7.75726,5.94505
0.816946,371.902,0.00100591,-2.53298,-1.382,-7.15829,5.48601
0.816946,371.902,0.00100609,-2.42705,-1.43879,-6.53106,5.00531
0.816946,371.902,0.00100626,-2.31154,-1.4899,-5.87807,4.50487
0.816946,371.902,0.00100643,-2.18691,-1.53513,-5.20187,3.98664
0.816946,371.902,0.00100661,-2.05364,-1.57431,-4.50515,3.45268
0.816946,371.902,0.00100678,-1.91227,-1.60727,-3.79064,2.90509
0.816946,371.902,0.00100696,-1.76336,-1.63389,-3.06118,2.34604
0.816946,371.902,0.00100713,-1.60748,-1.65406,-2.31963,1.77773
0.816946,371.902,0.0010073,-1.44526,-1.6677,-1.56893,1.20241
0.816946,371.902,0.00100748,-1.27734,-1.67477,-0.81204,0.622336
0.816946,371.902,0.00100765,-1.10437,-1.67522,-0.0519438,0.0398088
0.816946,371.902,0.00100783,-0.927051,-1.66906,0.708358,-0.542876
0.816946,371.902,0.001008,-0.74607,-1.65631,1.46586,-1.12342
0.816946,371.902,0.00100817,-0.562144,-1.63703,2.21758,-1.69953
0.816946,371.902,0.00100835,-0.376,-1.61128,2.96055,-2.26893
0.816946,371.902,0.00100852,-0.188372,-1.57918,3.69184,-2.82937
0.816946,371.902,0.0010087,-1.70514e-013,-1.54085,4.40855,-3.37865
0.816946,371.902,0.00100887,0.188372,-1.49643,5.10787,-3.9146
0.816946,371.902,0.00100904,0.376,-1.44611,5.78703,-4.4351
0.816946,371.902,0.00100922,0.562144,-1.39008,6.44335,-4.93809
0.816946,371.902,0.00100939,0.74607,-1.32856,7.07424,-5.4216
0.816946,371.902,0.00100957,0.927051,-1.2618,7.67721,-5.88371
0.816946,371.902,0.00100974,1.10437,-1.19007,8.24988,-6.32259
0.816946,371.902,0.00100991,1.27734,-1.11363,8.79,-6.73653
0.816946,371.902,0.00101009,1.44526,-1.0328,9.29542,-7.12388
0.816946,371.902,0.00101026,1.60748,-0.947897,9.76416,-7.48312
0.816946,371.902,0.00101043,1.76336,-0.85925,10.1944,-7.81282
0.816946,371.902,0.00101061,1.91227,-0.767212,10.5843,-8.11169
0.816946,371.902,0.00101078,2.05364,-0.672146,10.9325,-8.37855
0.816946,371.902,0.00101096,2.18691,-0.574428,11.2376,-8.61234
0.816946,371.902,0.00101113,2.31154,-0.474443,11.4983,-8.81214
0.816946,371.902,0.0010113,2.42705,-0.372585,11.7136,-8.97716
0.816946,371.902,0.00101148,2.53298,-0.269257,11.8827,-9.10676
0.816946,371.902,0.00101165,2.62892,-0.164867,12.0049,-9.20041
0.816946,371.902,0.00101183,2.71448,-0.0598252,12.0798,-9.25776
0.816946,371.902,0.001012,2.78933,0.0454523,12.1069,-9.27856
0.816946,371.902,0.00101217,2.85317,0.15055,12.0863,-9.26275
0.816946,371.902,0.00101235,2.90575,0.255054,12.018,-9.21039
0.816946,371.902,0.00101252,2.94686,0.358552,11.9022,-9.12167
0.816946,371.902,0.0010127,2.97634,0.460634,11.7395,-8.99696
0.816946,371.902,0.00101287,2.99408,0.560898,11.5304,-8.83674
0.816946,371.902,0.00101304,3,0.658949,11.2758,-8.64165
0.816946,371.902,0.00101322,2.99408,0.754399,10.9768,-8.41245
0.816946,371.902,0.00101339,2.97634,0.846872,10.6344,-8.15005
0.816946,371.902,0.00101357,2.94686,0.936003,10.25,-7.85548
0.816946,371.902,0.00101374,2.90575,1.02144,9.82523,-7.52992
0.816946,371.902,0.00101391,2.85317,1.10285,9.36164,-7.17463
0.816946,371.902,0.00101409,2.78933,1.1799,8.86112,-6.79103
0.816946,371.902,0.00101426,2.71448,1.2523,8.32562,-6.38063
0.816946,371.902,0.00101443,2.62892,1.31975,7.75726,-5.94505
0.816946,371.902,0.00101461,2.53298,1.382,7.15829,-5.48601
0.816946,371.902,0.00101478,2.42705,1.43879,6.53106,-5.00532
0.816946,371.902,0.00101496,2.31154,1.4899,5.87807,-4.50487
0.816946,371.902,0.00101513,2.18691,1.53513,5.20187,-3.98664
0.816946,371.902,0.0010153,2.05364,1.57431,4.50515,-3.45268
0.816946,371.902,0.00101548,1.91227,1.60727,3.79064,-2.90509
0.816946,371.902,0.00101565,1.76336,1.63389,3.06118,-2.34604
0.816946,371.902,0.00101583,1.60748,1.65406,2.31963,-1.77773
0.816946,371.902,0.001016,1.44526,1.6677,1.56893,-1.20241
0.816946,371.902,0.00101617,1.27734,1.67477,0.812041,-0.622336
0.816946,371.902,0.00101635,1.10437,1.67522,0.0519439,-0.0398089
0.816946,371.902,0.00101652,0.927051,1.66906,-0.708358,0.542876
0.816946,371.902,0.0010167,0.74607,1.65631,-1.46586,1.12342
0.816946,371.902,0.00101687,0.562144,1.63703,-2.21758,1.69953
0.816946,371.902,0.00101704,0.376,1.61128,-2.96055,2.26893
0.816946,371.902,0.00101722,0.188372,1.57918,-3.69184,2.82937
0.816946,371.902,0.00101739,2.02856e-013,1.54085,-4.40855,3.37865
0.816946,371.902,0.00101757,-0.188372,1.49643,-5.10787,3.9146
0.816946,371.902,0.00101774,-0.376,1.44611,-5.78703,4.4351
0.816946,371.902,0.00101791,-0.562144,1.39008,-6.44335,4.93809
0.816946,371.902,0.00101809,-0.74607,1.32856,-7.07424,5.4216
0.816946,371.902,0.00101826,-0.927051,1.26181,-7.67721,5.88371
0.816946,371.902,0.00101843,-1.10437,1.19007,-8.24988,6.32259
0.816946,371.902,0.00101861,-1.27734,1.11363,-8.79,6.73653
0.816946,371.902,0.00101878,-1.44526,1.0328,-9.29542,7.12388
0.816946,371.902,0.00101896,-1.60748,0.947897,-9.76416,7.48312
0.816946,371.902,0.00101913,-1.76336,0.85925,-10.1944,7.81282
0.816946,371.902,0.0010193,-1.91227,0.767212,-10.5843,8.11169
0.816946,371.902,0.00101948,-2.05364,0.672147,-10.9325,8.37855
0.816946,371.902,0.00101965,-2.18691,0.574428,-11.2376,8.61234
0.816946,371.902,0.00101983,-2.31154,0.474443,-11.4983,8.81214
0.816946,371.902,0.00102,-2.42705,0.372585,-11.7136,8.97716
0.816946,371.902,0.00102017,-2.53298,0.269257,-11.8827,9.10676
0.816946,371.902,0.00102035,-2.62892,0.164867,-12.0049,9.20041
0.816946,371.902,0.00102052,-2.71448,0.0598252,-12.0798,9.25776
0.816946,371.902,0.0010207,-2.78933,-0.0454523,-12.1069,9.27856
0.816946,371.902,0.00102087,-2.85317,-0.15055,-12.0863,9.26275
0.816946,371.902,0.00102104,-2.90575,-0.255054,-12.018,9.21039
0.816946,371.902,0.00102122,-2.94686,-0.358552,-11.9022,9.12167
0.816946,371.902,0.00102139,-2.97634,-0.460634,-11.7395,8.99696
0.816946,371.902,0.00102157,-2.99408,-0.560898,-11.5304,8.83674
0.816946,371.902,0.00102174,-3,-0.658949,-11.2758,8.64165
0.816946,371.902,0.00102191,-2.99408,-0.754399,-10.9768,8.41245
0.816946,371.902,0.00102209,-2.97634,-0.846872,-10.6344,8.15005
0.816946,371.902,0.00102226,-2.94686,-0.936003,-10.25,7.85548
0.816946,371.902,0.00102243,-2.90575,-1.02144,-9.82523,7.52992
0.816946,371.902,0.00102261,-2.85317,-1.10285,-9.36164,7.17463
0.816946,371.902,0.00102278,-2.78933,-1.1799,-8.86112,6.79103
0.816946,371.902,0.00102296,-2.71448,-1.2523,-8.32562,6.38063
0.816946,371.902,0.00102313,-2.62892,-1.31975,-7.75726,5.94505
0.816946,371.902,0.0010233,-2.53298,-1.382,-7.15829,5.48601
0.816946,371.902,0.00102348,-2.42705,-1.43879,-6.53106,5.00532
0.816946,371.902,0.00102365,-2.31154,-1.4899,-5.87807,4.50487
0.816946,371.902,0.00102383,-2.18691,-1.53513,-5.20187,3.98664
0.816946,371.902,0.001024,-2.05364,-1.57431,-4.50515,3.45268
0.816946,371.902,0.00102417,-1.91227,-1.60727,-3.79064,2.90509
0.816946,371.902,0.00102435,-1.76336,-1.63389,-3.06118,2.34604
0.816946,371.902,0.00102452,-1.60748,-1.65406,-2.31963,1.77773
0.816946,371.902,0.0010247,-1.44526,-1.6677,-1.56893,1.20241
0.816946,371.902,0.00102487,-1.27734,-1.67477,-0.812041,0.622336
0.816946,371.902,0.00102504,-1.10437,-1.67522,-0.051944,0.0398091
0.816946,371.902,0.00102522,-0.927051,-1.66906,0.708358,-0.542875
0.816946,371.902,0.00102539,-0.74607,-1.65631,1.46586,-1.12342
0.816946,371.902,0.00102557,-0.562144,-1.63703,2.21758,-1.69953
0.816946,371.902,0.00102574,-0.376,-1.61128,2.96055,-2.26893
0.816946,371.902,0.00102591,-0.188372,-1.57918,3.69184,-2.82937
0.816946,371.902,0.00102609,-6.46673e-014,-1.54085,4.40855,-3.37865
0.816946,371.902,0.00102626,0.188372,-1.49643,5.10787,-3.9146
0.816946,371.902,0.00102643,0.376,-1.44611,5.78703,-4.4351
0.816946,371.902,0.00102661,0.562144,-1.39008,6.44335,-4.93809
0.816946,371.902,0.00102678,0.74607,-1.32856,7.07424,-5.4216
0.816946,371.902,0.00102696,0.927051,-1.26181,7.67721,-5.88371
0.816946,371.902,0.00102713,1.10437,-1.19007,8.24988,-6.32259
0.816946,371.902,0.0010273,1.27734,-1.11363,8.79,-6.73653
0.816946,371.902,0.00102748,1.44526,-1.0328,9.29542,-7.12388
0.816946,371.902,0.00102765,1.60748,-0.947897,9.76416,-7.48312
0.816946,371.902,0.00102783,1.76336,-0.85925,10.1944,-7.81282
0.816946,371.902,0.001028,1.91227,-0.767212,10.5843,-8.11169
0.816946,371.902,0.00102817,2.05364,-0.672147,10.9325,-8.37855
0.816946,371.902,0.00102835,2.18691,-0.574428,11.2376,-8.61234
0.816946,371.902,0.00102852,2.31154,-0.474443,11.4983,-8.81214
0.816946,371.902,0.0010287,2.42705,-0.372585,11.7136,-8.97716
0.816946,371.902,0.00102887,2.53298,-0.269257,11.8827,-9.10676
0.816946,371.902,0.00102904,2.62892,-0.164867,12.0049,-9.20041
0.816946,371.902,0.00102922,2.71448,-0.0598252,12.0798,-9.25776
0.816946,371.902,0.00102939,2.78933,0.0454523,12.1069,-9.27856
0.816946,371.902,0.00102957,2.85317,0.15055,12.0863,-9.26275
0.816946,371.902,0.00102974,2.90575,0.255054,12.018,-9.21039
0.816946,371.902,0.00102991,2.94686,0.358552,11.9022,-9.12167
0.816946,371.902,0.00103009,2.97634,0.460634,11.7395,-8.99696
0.816946,371.902,0.00103026,2.99408,0.560898,11.5304,-8.83674
0.816946,371.902,0.00103043,3,0.658949,11.2758,-8.64165
0.816946,371.902,0.00103061,2.99408,0.754399,10.9768,-8.41245
0.816946,371.902,0.00103078,2.97634,0.846872,10.6344,-8.15005
0.816946,371.902,0.00103096,2.94686,0.936003,10.25,-7.85548
0.816946,371.902,0.00103113,2.90575,1.02144,9.82523,-7.52992
0.816946,371.902,0.0010313,2.85317,1.10285,9.36165,-7.17463
0.816946,371.902,0.00103148,2.78933,1.1799,8.86112,-6.79103
0.816946,371.902,0.00103165,2.71448,1.2523,8.32562,-6.38063
0.816946,371.902,0.00103183,2.62892,1.31975,7.75726,-5.94505
0.816946,371.902,0.001032,2.53298,1.382,7.15829,-5.48601
0.816946,371.902,0.00103217,2.42705,1.43879,6.53106,-5.00532
0.816946,371.902,0.00103235,2.31154,1.4899,5.87807,-4.50487
0.816946,371.902,0.00103252,2.18691,1.53513,5.20187,-3.98664
0.816946,371.902,0.0010327,2.05364,1.57431,4.50515,-3.45268
0.816946,371.902,0.00103287,1.91227,1.60727,3.79064,-2.90509
0.816946,371.902,0.00103304,1.76336,1.63389,3.06118,-2.34604
0.816946,371.902,0.00103322,1.60748,1.65406,2.31963,-1.77773
0.816946,371.902,0.00103339,1.44526,1.6677,1.56893,-1.20241
0.816946,371.902,0.00103357,1.27734,1.67477,0.812041,-0.622337
0.816946,371.902,0.00103374,1.10437,1.67522,0.0519442,-0.0398093
0.816946,371.902,0.00103391,0.927051,1.66906,-0.708357,0.542875
0.816946,371.902,0.00103409,0.74607,1.65631,-1.46586,1.12342
0.816946,371.902,0.00103426,0.562144,1.63703,-2.21758,1.69953
0.816946,371.902,0.00103443,0.376,1.61128,-2.96055,2.26893
0.816946,371.902,0.00103461,0.188372,1.57918,-3.69184,2.82937
0.816946,371.902,0.00103478,2.67539e-013,1.54085,-4.40855,3.37865
0.816946,371.902,0.00103496,-0.188372,1.49643,-5.10787,3.9146
0.816946,371.902,0.00103513,-0.376,1.44611,-5.78703,4.4351
0.816946,371.902,0.0010353,-0.562144,1.39008,-6.44335,4.93809
0.816946,371.902,0.00103548,-0.74607,1.32856,-7.07424,5.4216
0.816946,371.902,0.00103565,-0.927051,1.26181,-7.67721,5.88371
0.816946,371.902,0.00103583,-1.10437,1.19007,-8.24988,6.32259
0.816946,371.902,0.001036,-1.27734,1.11363,-8.79,6.73653
0.816946,371.902,0.00103617,-1.44526,1.0328,-9.29542,7.12388
0.816946,371.902,0.00103635,-1.60748,0.947897,-9.76416,7.48312
0.816946,371.902,0.00103652,-1.76336,0.85925,-10.1944,7.81282
0.816946,371.902,0.0010367,-1.91227,0.767212,-10.5843,8.11169
0.816946,371.902,0.00103687,-2.05364,0.672147,-10.9325,8.37855
0.816946,371.902,0.00103704,-2.18691,0.574428,-11.2376,8.61234
0.816946,371.902,0.00103722,-2.31154,0.474443,-11.4983,8.81214
0.816946,371.902,0.00103739,-2.42705,0.372585,-11.7136,8.97716
0.816946,371.902,0.00103757,-2.53298,0.269257,-11.8827,9.10676
0.816946,371.902,0.00103774,-2.62892,0.164867,-12.0049,9.20041
0.816946,371.902,0.00103791,-2.71448,0.0598252,-12.0798,9.25776
0.816946,371.902,0.00103809,-2.78933,-0.0454522,-12.1069,9.27856
0.816946,371.902,0.00103826,-2.85317,-0.15055,-12.0863,9.26275
0.816946,371.902,0.00103843,-2.90575,-0.255054,-12.018,9.21039
0.816946,371.902,0.00103861,-2.94686,-0.358552,-11.9022,9.12168
0.816946,371.902,0.00103878,-2.97634,-0.460634,-11.7395,8.99696
0.816946,371.902,0.00103896,-2.99408,-0.560898,-11.5304,8.83674
0.816946,371.902,0.00103913,-3,-0.658949,-11.2758,8.64165
0.816946,371.902,0.0010393,-2.99408,-0.754399,-10.9768,8.41245
0.816946,371.902,0.00103948,-2.97634,-0.846872,-10.6344,8.15005
0.816946,371.902,0.00103965,-2.94686,-0.936003,-10.25,7.85548
0.816946,371.902,0.00103983,-2.90575,-1.02144,-9.82523,7.52992
0.816946,371.902,0.00104,-2.85317,-1.10285,-9.36165,7.17463
0.816946,371.902,0.00104017,-2.78933,-1.1799,-8.86112,6.79103
0.816946,371.902,0.00104035,-2.71448,-1.2523,-8.32562,6.38063
0.816946,371.902,0.00104052,-2.62892,-1.31975,-7.75726,5.94505
0.816946,371.902,0.0010407,-2.53298,-1.382,-7.15829,5.48601
0.816946,371.902,0.00104087,-2.42705,-1.43879,-6.53107,5.00532
0.816946,371.902,0.00104104,-2.31154,-1.4899,-5.87807,4.50487
0.816946,371.902,0.00104122,-2.18691,-1.53513,-5.20187,3.98664
0.816946,371.902,0.00104139,-2.05364,-1.57431,-4.50515,3.45268
0.816946,371.902,0.00104157,-1.91227,-1.60727,-3.79064,2.9051
0.816946,371.902,0.00104174,-1.76336,-1.63389,-3.06118,2.34604
0.816946,371.902,0.00104191,-1.60748,-1.65406,-2.31963,1.77773
0.816946,371.902,0.00104209,-1.44526,-1.6677,-1.56893,1.20241
0.816946,371.902,0.00104226,-1.27734,-1.67477,-0.812041,0.622337
0.816946,371.902,0.00104243,-1.10437,-1.67522,-0.0519444,0.0398095
0.816946,371.902,0.00104261,-0.927051,-1.66906,0.708357,-0.542875
0.816946,371.902,0.00104278,-0.74607,-1.65631,1.46586,-1.12342
0.816946,371.902,0.00104296,-0.562144,-1.63703,2.21758,-1.69953
0.816946,371.902,0.00104313,-0.376,-1.61128,2.96055,-2.26893
0.816946,371.902,0.0010433,-0.188372,-1.57918,3.69184,-2.82937
0.816946,371.902,0.00104348,-1.29351e-013,-1.54085,4.40855,-3.37865
