Amp, Phaseshift, Time, Vd, Vr, VL, VC
-0.254027,372.404,0,0,0,0,0
-0.254027,372.404,2.8169e-007,0.188372,0.00265312,0.188372,0
-0.254027,372.404,5.6338e-007,0.376,0.00791152,0.373347,0.00149472
-0.254027,372.404,8.4507e-007,0.562144,0.0156966,0.552738,0.00595191
-0.254027,372.404,1.12676e-006,0.74607,0.0258997,0.724421,0.014795
-0.254027,372.404,1.40845e-006,0.927051,0.0383836,0.886356,0.0293864
-0.254027,372.404,1.69014e-006,1.10437,0.0529836,1.0366,0.051011
-0.254027,372.404,1.97183e-006,1.27734,0.0695096,1.17334,0.0808609
-0.254027,372.404,2.25352e-006,1.44526,0.0877475,1.29489,0.120021
-0.254027,372.404,2.53521e-006,1.60748,0.107462,1.39971,0.169456
-0.254027,372.404,2.8169e-006,1.76336,0.128397,1.48644,0.229998
-0.254027,372.404,3.09859e-006,1.91227,0.150283,1.55388,0.302335
-0.254027,372.404,3.38028e-006,2.05364,0.172833,1.60102,0.387001
-0.254027,372.404,3.66197e-006,2.18691,0.195749,1.62707,0.484372
-0.254027,372.404,3.94366e-006,2.31154,0.218727,1.63142,0.594653
-0.254027,372.404,4.22535e-006,2.42705,0.241455,1.61367,0.71788
-0.254027,372.404,4.50704e-006,2.53298,0.263619,1.57365,0.85391
-0.254027,372.404,4.78873e-006,2.62892,0.284906,1.51139,1.00243
-0.254027,372.404,5.07042e-006,2.71448,0.305007,1.42715,1.16294
-0.254027,372.404,5.35211e-006,2.78933,0.323618,1.32138,1.33477
-0.254027,372.404,5.6338e-006,2.85317,0.340446,1.19478,1.51709
-0.254027,372.404,5.91549e-006,2.90575,0.355209,1.04821,1.70889
-0.254027,372.404,6.19718e-006,2.94686,0.367642,0.88276,1.90901
-0.254027,372.404,6.47887e-006,2.97634,0.377497,0.699691,2.11613
-0.254027,372.404,6.76056e-006,2.99408,0.384546,0.50045,2.32881
-0.254027,372.404,7.04225e-006,3,0.388583,0.286647,2.54545
-0.254027,372.404,7.32394e-006,2.99408,0.389429,0.060044,2.76437
-0.254027,372.404,7.60563e-006,2.97634,0.386929,-0.177458,2.98377
-0.254027,372.404,7.88732e-006,2.94686,0.38096,-0.423837,3.20176
-0.254027,372.404,8.16901e-006,2.90575,0.371425,-0.676968,3.41638
-0.254027,372.404,8.4507e-006,2.85317,0.358261,-0.934639,3.62564
-0.254027,372.404,8.73239e-006,2.78933,0.341436,-1.19457,3.82747
-0.254027,372.404,9.01408e-006,2.71448,0.320951,-1.45443,4.01983
-0.254027,372.404,9.29577e-006,2.62892,0.29684,-1.71186,4.20065
-0.254027,372.404,9.57746e-006,2.53298,0.269171,-1.96451,4.36788
-0.254027,372.404,9.85915e-006,2.42705,0.238045,-2.21,4.51953
-0.254027,372.404,1.01408e-005,2.31154,0.203593,-2.44603,4.65364
-0.254027,372.404,1.04225e-005,2.18691,0.165983,-2.67033,4.76834
-0.254027,372.404,1.07042e-005,2.05364,0.12541,-2.88068,4.86185
-0.254027,372.404,1.09859e-005,1.91227,0.0821004,-3.07499,4.9325
-0.254027,372.404,1.12676e-005,1.76336,0.0363082,-3.25125,4.97876
-0.254027,372.404,1.15493e-005,1.60748,-0.011686,-3.40759,4.99921
-0.254027,372.404,1.1831e-005,1.44526,-0.0615771,-3.54227,4.99263
-0.254027,372.404,1.21127e-005,1.27734,-0.113038,-3.65372,4.95794
-0.254027,372.404,1.23944e-005,1.10437,-0.165721,-3.74053,4.89426
-0.254027,372.404,1.26761e-005,0.927051,-0.219263,-3.80148,4.80089
-0.254027,372.404,1.29577e-005,0.74607,-0.273285,-3.83556,4.67736
-0.254027,372.404,1.32394e-005,0.562144,-0.327397,-3.84193,4.5234
-0.254027,372.404,1.35211e-005,0.376,-0.3812,-3.82,4.33895
-0.254027,372.404,1.38028e-005,0.188372,-0.43429,-3.76938,4.12419
-0.254027,372.404,1.40845e-005,3.67382e-016,-0.48626,-3.6899,3.87952
-0.254027,372.404,1.43662e-005,-0.188372,-0.536706,-3.58163,3.60557
-0.254027,372.404,1.46479e-005,-0.376,-0.585225,-3.44486,3.3032
-0.254027,372.404,1.49296e-005,-0.562144,-0.631424,-3.28012,2.9735
-0.254027,372.404,1.52113e-005,-0.74607,-0.674919,-3.08814,2.61776
-0.254027,372.404,1.5493e-005,-0.927051,-0.71534,-2.8699,2.23753
-0.254027,372.404,1.57746e-005,-1.10437,-0.752334,-2.62656,1.83452
-0.254027,372.404,1.60563e-005,-1.27734,-0.785566,-2.35952,1.41067
-0.254027,372.404,1.6338e-005,-1.44526,-0.814726,-2.07037,0.968098
-0.254027,372.404,1.66197e-005,-1.60748,-0.839527,-1.76085,0.509097
-0.254027,372.404,1.69014e-005,-1.76336,-0.859709,-1.43293,0.0361241
-0.254027,372.404,1.71831e-005,-1.91227,-0.875043,-1.08869,-0.448219
-0.254027,372.404,1.74648e-005,-2.05364,-0.88533,-0.730379,-0.941201
-0.254027,372.404,1.77465e-005,-2.18691,-0.890406,-0.360375,-1.43998
-0.254027,372.404,1.80282e-005,-2.31154,-0.89014,0.0188444,-1.94162
-0.254027,372.404,1.83099e-005,-2.42705,-0.88444,0.404705,-2.4431
-0.254027,372.404,1.85915e-005,-2.53298,-0.873249,0.794559,-2.94138
-0.254027,372.404,1.88732e-005,-2.62892,-0.856549,1.18571,-3.43335
-0.254027,372.404,1.91549e-005,-2.71448,-0.83436,1.57542,-3.91591
-0.254027,372.404,1.94366e-005,-2.78933,-0.806741,1.96094,-4.38598
-0.254027,372.404,1.97183e-005,-2.85317,-0.77379,2.33955,-4.84048
-0.254027,372.404,2e-005,-2.90575,-0.735642,2.70852,-5.27642
-0.254027,372.404,2.02817e-005,-2.94686,-0.69247,3.0652,-5.69086
-0.254027,372.404,2.05634e-005,-2.97634,-0.644484,3.40699,-6.08099
-0.254027,372.404,2.08451e-005,-2.99408,-0.591929,3.73139,-6.44407
-0.254027,372.404,2.11268e-005,-3,-0.535084,4.036,-6.77756
-0.254027,372.404,2.14085e-005,-2.99408,-0.474259,4.31856,-7.07901
-0.254027,372.404,2.16901e-005,-2.97634,-0.409796,4.57693,-7.3462
-0.254027,372.404,2.19718e-005,-2.94686,-0.342061,4.80913,-7.57707
-0.254027,372.404,2.22535e-005,-2.90575,-0.27145,5.01338,-7.76978
-0.254027,372.404,2.25352e-005,-2.85317,-0.198379,5.18806,-7.92271
-0.254027,372.404,2.28169e-005,-2.78933,-0.123284,5.33176,-8.03447
-0.254027,372.404,2.30986e-005,-2.71448,-0.046618,5.44328,-8.10393
-0.254027,372.404,2.33803e-005,-2.62892,0.0311515,5.52163,-8.13019
-0.254027,372.404,2.3662e-005,-2.53298,0.109547,5.56606,-8.11264
-0.254027,372.404,2.39437e-005,-2.42705,0.188083,5.57605,-8.05093
-0.254027,372.404,2.42254e-005,-2.31154,0.26627,5.5513,-7.94497
-0.254027,372.404,2.4507e-005,-2.18691,0.343619,5.49179,-7.79495
-0.254027,372.404,2.47887e-005,-2.05364,0.419643,5.39769,-7.60137
-0.254027,372.404,2.50704e-005,-1.91227,0.493861,5.26945,-7.36495
-0.254027,372.404,2.53521e-005,-1.76336,0.5658,5.10773,-7.08672
-0.254027,372.404,2.56338e-005,-1.60748,0.635004,4.91344,-6.76796
-0.254027,372.404,2.59155e-005,-1.44526,0.701028,4.68769,-6.41021
-0.254027,372.404,2.61972e-005,-1.27734,0.763448,4.43184,-6.01526
-0.254027,372.404,2.64789e-005,-1.10437,0.821862,4.14744,-5.58515
-0.254027,372.404,2.67606e-005,-0.927051,0.875894,3.83624,-5.12213
-0.254027,372.404,2.70423e-005,-0.74607,0.925192,3.50017,-4.62867
-0.254027,372.404,2.73239e-005,-0.562144,0.969436,3.14133,-4.10743
-0.254027,372.404,2.76056e-005,-0.376,1.00834,2.762,-3.56127
-0.254027,372.404,2.78873e-005,-0.188372,1.04164,2.36456,-2.99319
-0.254027,372.404,2.8169e-005,-7.34764e-016,1.06913,1.95155,-2.40635
-0.254027,372.404,2.84507e-005,0.188372,1.09062,1.5256,-1.80403
-0.254027,372.404,2.87324e-005,0.376,1.10596,1.08941,-1.1896
-0.254027,372.404,2.90141e-005,0.562144,1.11505,0.645782,-0.566522
-0.254027,372.404,2.92958e-005,0.74607,1.11784,0.197537,0.0616781
-0.254027,372.404,2.95775e-005,0.927051,1.11428,-0.252464,0.691445
-0.254027,372.404,2.98592e-005,1.10437,1.1044,-0.701353,1.31921
-0.254027,372.404,3.01408e-005,1.27734,1.08826,-1.14627,1.94141
-0.254027,372.404,3.04225e-005,1.44526,1.06594,-1.5844,2.55451
-0.254027,372.404,3.07042e-005,1.60748,1.03759,-2.01297,3.15504
-0.254027,372.404,3.09859e-005,1.76336,1.00338,-2.42928,3.7396
-0.254027,372.404,3.12676e-005,1.91227,0.963506,-2.8307,4.30488
-0.254027,372.404,3.15493e-005,2.05364,0.918228,-3.21475,4.8477
-0.254027,372.404,3.1831e-005,2.18691,0.86782,-3.57903,5.36501
-0.254027,372.404,3.21127e-005,2.31154,0.81259,-3.92129,5.85393
-0.254027,372.404,3.23944e-005,2.42705,0.752879,-4.23947,6.31172
-0.254027,372.404,3.26761e-005,2.53298,0.689054,-4.53162,6.73588
-0.254027,372.404,3.29577e-005,2.62892,0.621504,-4.79602,7.12408
-0.254027,372.404,3.32394e-005,2.71448,0.550644,-5.0311,7.47422
-0.254027,372.404,3.35211e-005,2.78933,0.476904,-5.23554,7.78445
-0.254027,372.404,3.38028e-005,2.85317,0.400732,-5.40818,8.05312
-0.254027,372.404,3.40845e-005,2.90575,0.32259,-5.54811,8.27889
-0.254027,372.404,3.43662e-005,2.94686,0.242947,-5.65462,8.46063
-0.254027,372.404,3.46479e-005,2.97634,0.162282,-5.72723,8.5975
-0.254027,372.404,3.49296e-005,2.99408,0.0810749,-5.7657,8.68893
-0.254027,372.404,3.52113e-005,3,-0.000192749,-5.77,8.7346
-0.254027,372.404,3.5493e-005,2.99408,-0.0810425,-5.74033,8.73449
-0.254027,372.404,3.57746e-005,2.97634,-0.161002,-5.67711,8.68884
-0.254027,372.404,3.60563e-005,2.94686,-0.239607,-5.58097,8.59813
-0.254027,372.404,3.6338e-005,2.90575,-0.316407,-5.45277,8.46314
-0.254027,372.404,3.66197e-005,2.85317,-0.390964,-5.29357,8.28488
-0.254027,372.404,3.69014e-005,2.78933,-0.46286,-5.10459,8.06462
-0.254027,372.404,3.71831e-005,2.71448,-0.531694,-4.88728,7.80386
-0.254027,372.404,3.74648e-005,2.62892,-0.597092,-4.64324,7.50431
-0.254027,372.404,3.77465e-005,2.53298,-0.658701,-4.37423,7.16792
-0.254027,372.404,3.80282e-005,2.42705,-0.716197,-4.08217,6.79682
-0.254027,372.404,3.83099e-005,2.31154,-0.769282,-3.76909,6.39333
-0.254027,372.404,3.85915e-005,2.18691,-0.817693,-3.43714,5.95993
-0.254027,372.404,3.88732e-005,2.05364,-0.861194,-3.0886,5.49926
-0.254027,372.404,3.91549e-005,1.91227,-0.899586,-2.72579,5.01408
-0.254027,372.404,3.94366e-005,1.76336,-0.9327,-2.35114,4.50727
-0.254027,372.404,3.97183e-005,1.60748,-0.960406,-1.96709,3.98181
-0.254027,372.404,4e-005,1.44526,-0.982605,-1.57614,3.44073
-0.254027,372.404,4.02817e-005,1.27734,-0.999236,-1.18079,2.88715
-0.254027,372.404,4.05634e-005,1.10437,-1.01027,-0.783543,2.3242
-0.254027,372.404,4.08451e-005,0.927051,-1.01572,-0.386881,1.75504
-0.254027,372.404,4.11268e-005,0.74607,-1.01563,0.00675414,1.1828
-0.254027,372.404,4.14085e-005,0.562144,-1.01006,0.39497,0.610616
-0.254027,372.404,4.16901e-005,0.376,-0.999141,0.775446,0.0415665
-0.254027,372.404,4.19718e-005,0.188372,-0.983001,1.14595,-0.52133
-0.254027,372.404,4.22535e-005,1.10215e-015,-0.961813,1.50433,-1.07513
-0.254027,372.404,4.25352e-005,-0.188372,-0.935777,1.84857,-1.617
-0.254027,372.404,4.28169e-005,-0.376,-0.905118,2.17678,-2.1442
-0.254027,372.404,4.30986e-005,-0.562144,-0.870087,2.48717,-2.65412
-0.254027,372.404,4.33803e-005,-0.74607,-0.830958,2.77814,-3.14431
-0.254027,372.404,4.3662e-005,-0.927051,-0.788026,3.04822,-3.61246
-0.254027,372.404,4.39437e-005,-1.10437,-0.741602,3.29611,-4.05642
-0.254027,372.404,4.42254e-005,-1.27734,-0.692015,3.52068,-4.47422
-0.254027,372.404,4.4507e-005,-1.44526,-0.639607,3.72097,-4.86409
-0.254027,372.404,4.47887e-005,-1.60748,-0.58473,3.89621,-5.22443
-0.254027,372.404,4.50704e-005,-1.76336,-0.527747,4.0458,-5.55385
-0.254027,372.404,4.53521e-005,-1.91227,-0.469024,4.16933,-5.85118
-0.254027,372.404,4.56338e-005,-2.05364,-0.408932,4.26656,-6.11542
-0.254027,372.404,4.59155e-005,-2.18691,-0.347841,4.33744,-6.3458
-0.254027,372.404,4.61972e-005,-2.31154,-0.286121,4.3821,-6.54177
-0.254027,372.404,4.64789e-005,-2.42705,-0.224138,4.40084,-6.70296
-0.254027,372.404,4.67606e-005,-2.53298,-0.162249,4.39412,-6.82924
-0.254027,372.404,4.70423e-005,-2.62892,-0.100804,4.36257,-6.92064
-0.254027,372.404,4.73239e-005,-2.71448,-0.0401426,4.30697,-6.97744
-0.254027,372.404,4.76056e-005,-2.78933,0.0194102,4.22825,-7.00005
-0.254027,372.404,4.78873e-005,-2.85317,0.0775436,4.12747,-6.98912
-0.254027,372.404,4.8169e-005,-2.90575,0.133964,4.00582,-6.94543
-0.254027,372.404,4.84507e-005,-2.94686,0.188395,3.8646,-6.86996
-0.254027,372.404,4.87324e-005,-2.97634,0.240581,3.70522,-6.76382
-0.254027,372.404,4.90141e-005,-2.99408,0.290287,3.52916,-6.62828
-0.254027,372.404,4.92958e-005,-3,0.337301,3.33799,-6.46474
-0.254027,372.404,4.95775e-005,-2.99408,0.381433,3.13336,-6.27471
-0.254027,372.404,4.98592e-005,-2.97634,0.422517,2.91693,-6.05982
-0.254027,372.404,5.01408e-005,-2.94686,0.46041,2.69044,-5.82178
-0.254027,372.404,5.04225e-005,-2.90575,0.494996,2.45562,-5.56239
-0.254027,372.404,5.07042e-005,-2.85317,0.526183,2.21423,-5.28352
-0.254027,372.404,5.09859e-005,-2.78933,0.553901,1.96801,-4.98708
-0.254027,372.404,5.12676e-005,-2.71448,0.578108,1.7187,-4.67503
-0.254027,372.404,5.15493e-005,-2.62892,0.598784,1.468,-4.34933
-0.254027,372.404,5.1831e-005,-2.53298,0.615933,1.21756,-4.01199
-0.254027,372.404,5.21127e-005,-2.42705,0.629581,0.969003,-3.66498
-0.254027,372.404,5.23944e-005,-2.31154,0.639776,0.723862,-3.31029
-0.254027,372.404,5.26761e-005,-2.18691,0.646588,0.483607,-2.94985
-0.254027,372.404,5.29577e-005,-2.05364,0.650103,0.249623,-2.58558
-0.254027,372.404,5.32394e-005,-1.91227,0.65043,0.0232021,-2.21932
-0.254027,372.404,5.35211e-005,-1.76336,0.647691,-0.194464,-1.85288
-0.254027,372.404,5.38028e-005,-1.60748,0.642025,-0.402289,-1.48799
-0.254027,372.404,5.40845e-005,-1.44526,0.633584,-0.5993,-1.12628
-0.254027,372.404,5.43662e-005,-1.27734,0.622533,-0.78464,-0.769333
-0.254027,372.404,5.46479e-005,-1.10437,0.609046,-0.957574,-0.41861
-0.254027,372.404,5.49296e-005,-0.927051,0.593307,-1.11749,-0.0754855
-0.254027,372.404,5.52113e-005,-0.74607,0.575506,-1.26389,0.258772
-0.254027,372.404,5.5493e-005,-0.562144,0.555838,-1.39642,0.583
-0.254027,372.404,5.57746e-005,-0.376,0.534502,-1.51484,0.896148
-0.254027,372.404,5.60563e-005,-0.188372,0.511699,-1.61902,1.19728
-0.254027,372.404,5.6338e-005,-1.46953e-015,0.487629,-1.70897,1.48556
-0.254027,372.404,5.66197e-005,0.188372,0.46249,-1.78481,1.76028
-0.254027,372.404,5.69014e-005,0.376,0.43648,-1.84677,2.02084
-0.254027,372.404,5.71831e-005,0.562144,0.409787,-1.89517,2.26674
-0.254027,372.404,5.74648e-005,0.74607,0.382598,-1.93046,2.49761
-0.254027,372.404,5.77465e-005,0.927051,0.355088,-1.95315,2.71315
-0.254027,372.404,5.80282e-005,1.10437,0.327428,-1.96387,2.9132
-0.254027,372.404,5.83099e-005,1.27734,0.299776,-1.96329,3.09767
-0.254027,372.404,5.85915e-005,1.44526,0.272281,-1.95219,3.26656
-0.254027,372.404,5.88732e-005,1.60748,0.245078,-1.93136,3.41996
-0.254027,372.404,5.91549e-005,1.76336,0.218294,-1.90168,3.55803
-0.254027,372.404,5.94366e-005,1.91227,0.19204,-1.86405,3.68101
-0.254027,372.404,5.97183e-005,2.05364,0.166415,-1.81941,3.7892
-0.254027,372.404,6e-005,2.18691,0.141503,-1.76871,3.88296
-0.254027,372.404,6.02817e-005,2.31154,0.117377,-1.71292,3.96268
-0.254027,372.404,6.05634e-005,2.42705,0.0940958,-1.653,4.0288
-0.254027,372.404,6.08451e-005,2.53298,0.0717026,-1.58992,4.08182
-0.254027,372.404,6.11268e-005,2.62892,0.0502293,-1.5246,4.12221
-0.254027,372.404,6.14085e-005,2.71448,0.0296947,-1.45796,4.15051
-0.254027,372.404,6.16901e-005,2.78933,0.0101049,-1.39088,4.16724
-0.254027,372.404,6.19718e-005,2.85317,-0.00854548,-1.32418,4.17293
-0.254027,372.404,6.22535e-005,2.90575,-0.0262728,-1.25864,4.16812
-0.254027,372.404,6.25352e-005,2.94686,-0.0431035,-1.19498,4.15332
-0.254027,372.404,6.28169e-005,2.97634,-0.0590735,-1.13387,4.12903
-0.254027,372.404,6.30986e-005,2.99408,-0.0742268,-1.07588,4.09575
-0.254027,372.404,6.33803e-005,3,-0.0886144,-1.02153,4.05393
-0.254027,372.404,6.3662e-005,2.99408,-0.102294,-0.97124,4.00401
-0.254027,372.404,6.39437e-005,2.97634,-0.115327,-0.925373,3.94638
-0.254027,372.404,6.42254e-005,2.94686,-0.127781,-0.884191,3.88141
-0.254027,372.404,6.4507e-005,2.90575,-0.139723,-0.847877,3.80942
-0.254027,372.404,6.47887e-005,2.85317,-0.151223,-0.816526,3.7307
-0.254027,372.404,6.50704e-005,2.78933,-0.162352,-0.790149,3.64551
-0.254027,372.404,6.53521e-005,2.71448,-0.173178,-0.768672,3.55404
-0.254027,372.404,6.56338e-005,2.62892,-0.183769,-0.751941,3.45647
-0.254027,372.404,6.59155e-005,2.53298,-0.194188,-0.739721,3.35294
-0.254027,372.404,6.61972e-005,2.42705,-0.204493,-0.731704,3.24354
-0.254027,372.404,6.64789e-005,2.31154,-0.21474,-0.727508,3.12833
-0.254027,372.404,6.67606e-005,2.18691,-0.224975,-0.726688,3.00735
-0.254027,372.404,6.70423e-005,2.05364,-0.235239,-0.728737,2.88061
-0.254027,372.404,6.73239e-005,1.91227,-0.245564,-0.733096,2.74808
-0.254027,372.404,6.76056e-005,1.76336,-0.255975,-0.739158,2.60973
-0.254027,372.404,6.78873e-005,1.60748,-0.266486,-0.746277,2.46552
-0.254027,372.404,6.8169e-005,1.44526,-0.277102,-0.753774,2.31539
-0.254027,372.404,6.84507e-005,1.27734,-0.28782,-0.760948,2.15927
-0.254027,372.404,6.87324e-005,1.10437,-0.298624,-0.767081,1.99712
-0.254027,372.404,6.90141e-005,0.927051,-0.309489,-0.771447,1.82888
-0.254027,372.404,6.92958e-005,0.74607,-0.320381,-0.773325,1.65452
-0.254027,372.404,6.95775e-005,0.562144,-0.331254,-0.771998,1.47403
-0.254027,372.404,6.98592e-005,0.376,-0.342054,-0.766773,1.2874
-0.254027,372.404,7.01408e-005,0.188372,-0.352716,-0.756979,1.0947
-0.254027,372.404,7.04225e-005,1.83691e-015,-0.363166,-0.741983,0.895985
-0.254027,372.404,7.07042e-005,-0.188372,-0.373324,-0.721191,0.691385
-0.254027,372.404,7.09859e-005,-0.376,-0.383099,-0.694061,0.481061
-0.254027,372.404,7.12676e-005,-0.562144,-0.392396,-0.660106,0.265231
-0.254027,372.404,7.15493e-005,-0.74607,-0.401113,-0.618904,0.0441624
-0.254027,372.404,7.1831e-005,-0.927051,-0.409143,-0.5701,-0.181817
-0.254027,372.404,7.21127e-005,-1.10437,-0.416374,-0.513414,-0.41232
-0.254027,372.404,7.23944e-005,-1.27734,-0.422693,-0.448644,-0.646897
-0.254027,372.404,7.26761e-005,-1.44526,-0.427984,-0.375671,-0.885034
-0.254027,372.404,7.29577e-005,-1.60748,-0.432132,-0.294462,-1.12615
-0.254027,372.404,7.32394e-005,-1.76336,-0.43502,-0.205072,-1.36961
-0.254027,372.404,7.35211e-005,-1.91227,-0.436536,-0.107646,-1.61469
-0.254027,372.404,7.38028e-005,-2.05364,-0.43657,-0.00241719,-1.86062
-0.254027,372.404,7.40845e-005,-2.18691,-0.435017,0.110288,-2.10658
-0.254027,372.404,7.43662e-005,-2.31154,-0.431777,0.230056,-2.35166
-0.254027,372.404,7.46479e-005,-2.42705,-0.426757,0.356384,-2.59491
-0.254027,372.404,7.49296e-005,-2.53298,-0.419874,0.488686,-2.83534
-0.254027,372.404,7.52113e-005,-2.62892,-0.411053,0.626294,-3.07189
-0.254027,372.404,7.5493e-005,-2.71448,-0.40023,0.76846,-3.30347
-0.254027,372.404,7.57746e-005,-2.78933,-0.387351,0.914368,-3.52895
-0.254027,372.404,7.60563e-005,-2.85317,-0.372378,1.06313,-3.74718
-0.254027,372.404,7.6338e-005,-2.90575,-0.355282,1.2138,-3.95697
-0.254027,372.404,7.66197e-005,-2.94686,-0.336051,1.36539,-4.15712
-0.254027,372.404,7.69014e-005,-2.97634,-0.314687,1.51683,-4.34645
-0.254027,372.404,7.71831e-005,-2.99408,-0.291208,1.66706,-4.52374
-0.254027,372.404,7.74648e-005,-3,-0.265645,1.81494,-4.6878
-0.254027,372.404,7.77465e-005,-2.99408,-0.238048,1.95936,-4.83746
-0.254027,372.404,7.80282e-005,-2.97634,-0.208483,2.09916,-4.97157
-0.254027,372.404,7.83099e-005,-2.94686,-0.177029,2.23319,-5.08902
-0.254027,372.404,7.85915e-005,-2.90575,-0.143786,2.3603,-5.18876
-0.254027,372.404,7.88732e-005,-2.85317,-0.108865,2.47937,-5.26976
-0.254027,372.404,7.91549e-005,-2.78933,-0.0723958,2.5893,-5.3311
-0.254027,372.404,7.94366e-005,-2.71448,-0.0345224,2.68901,-5.37188
-0.254027,372.404,7.97183e-005,-2.62892,0.00459715,2.77749,-5.39133
-0.254027,372.404,8e-005,-2.53298,0.0447908,2.85375,-5.38874
-0.254027,372.404,8.02817e-005,-2.42705,0.0858739,2.9169,-5.36351
-0.254027,372.404,8.05634e-005,-2.31154,0.12765,2.96609,-5.31513
-0.254027,372.404,8.08451e-005,-2.18691,0.169912,3.00057,-5.24321
-0.254027,372.404,8.11268e-005,-2.05364,0.212442,3.01966,-5.14749
-0.254027,372.404,8.14085e-005,-1.91227,0.255016,3.02277,-5.0278
-0.254027,372.404,8.16901e-005,-1.76336,0.297403,3.00943,-4.88413
-0.254027,372.404,8.19718e-005,-1.60748,0.339364,2.97925,-4.71658
-0.254027,372.404,8.22535e-005,-1.44526,0.380659,2.93196,-4.52539
-0.254027,372.404,8.25352e-005,-1.27734,0.421045,2.86739,-4.31093
-0.254027,372.404,8.28169e-005,-1.10437,0.460277,2.78552,-4.07373
-0.254027,372.404,8.30986e-005,-0.927051,0.498114,2.6864,-3.81441
-0.254027,372.404,8.33803e-005,-0.74607,0.534314,2.57023,-3.53379
-0.254027,372.404,8.3662e-005,-0.562144,0.568643,2.43733,-3.23276
-0.254027,372.404,8.39437e-005,-0.376,0.60087,2.28812,-2.9124
-0.254027,372.404,8.42254e-005,-0.188372,0.630774,2.12316,-2.57388
-0.254027,372.404,8.4507e-005,-2.20429e-015,0.658141,1.94311,-2.21852
-0.254027,372.404,8.47887e-005,0.188372,0.682772,1.74875,-1.84773
-0.254027,372.404,8.50704e-005,0.376,0.704475,1.54096,-1.46307
-0.254027,372.404,8.53521e-005,0.562144,0.723077,1.32074,-1.06619
-0.254027,372.404,8.56338e-005,0.74607,0.738418,1.08918,-0.658819
-0.254027,372.404,8.59155e-005,0.927051,0.750354,0.847452,-0.242809
-0.254027,372.404,8.61972e-005,1.10437,0.75876,0.596829,0.179925
-0.254027,372.404,8.64789e-005,1.27734,0.76353,0.338653,0.607396
-0.254027,372.404,8.67606e-005,1.44526,0.764577,0.0743355,1.03755
-0.254027,372.404,8.70423e-005,1.60748,0.761835,-0.19465,1.4683
-0.254027,372.404,8.73239e-005,1.76336,0.755261,-0.46678,1.8975
-0.254027,372.404,8.76056e-005,1.91227,0.744831,-0.740493,2.323
-0.254027,372.404,8.78873e-005,2.05364,0.730547,-1.01419,2.74263
-0.254027,372.404,8.8169e-005,2.18691,0.712431,-1.28627,3.1542
-0.254027,372.404,8.84507e-005,2.31154,0.690528,-1.55509,3.55557
-0.254027,372.404,8.87324e-005,2.42705,0.664907,-1.81905,3.9446
-0.254027,372.404,8.90141e-005,2.53298,0.635661,-2.07652,4.3192
-0.254027,372.404,8.92958e-005,2.62892,0.602901,-2.32594,4.67732
-0.254027,372.404,8.95775e-005,2.71448,0.566764,-2.56573,5.01698
-0.254027,372.404,8.98592e-005,2.78933,0.527406,-2.79441,5.33628
-0.254027,372.404,9.01408e-005,2.85317,0.485004,-3.01052,5.63341
-0.254027,372.404,9.04225e-005,2.90575,0.439755,-3.21267,5.90665
-0.254027,372.404,9.07042e-005,2.94686,0.391874,-3.39955,6.1544
-0.254027,372.404,9.09859e-005,2.97634,0.341594,-3.56993,6.37518
-0.254027,372.404,9.12676e-005,2.99408,0.289161,-3.72269,6.56762
-0.254027,372.404,9.15493e-005,3,0.234841,-3.85679,6.73053
-0.254027,372.404,9.1831e-005,2.99408,0.178907,-3.97129,6.86284
-0.254027,372.404,9.21127e-005,2.97634,0.121648,-4.0654,6.96363
-0.254027,372.404,9.23944e-005,2.94686,0.0633601,-4.13842,7.03216
-0.254027,372.404,9.26761e-005,2.90575,0.00434925,-4.18977,7.06786
-0.254027,372.404,9.29577e-005,2.85317,-0.0550738,-4.21904,7.07031
-0.254027,372.404,9.32394e-005,2.78933,-0.114594,-4.22591,7.03928
-0.254027,372.404,9.35211e-005,2.71448,-0.173892,-4.21021,6.97472
-0.254027,372.404,9.38028e-005,2.62892,-0.232652,-4.17191,6.87675
-0.254027,372.404,9.40845e-005,2.53298,-0.290555,-4.11112,6.74568
-0.254027,372.404,9.43662e-005,2.42705,-0.347288,-4.02808,6.58199
-0.254027,372.404,9.46479e-005,2.31154,-0.402544,-3.92316,6.38633
-0.254027,372.404,9.49296e-005,2.18691,-0.456021,-3.79689,6.15955
-0.254027,372.404,9.52113e-005,2.05364,-0.507428,-3.64989,5.90264
-0.254027,372.404,9.5493e-005,1.91227,-0.556484,-3.48294,5.61676
-0.254027,372.404,9.57746e-005,1.76336,-0.602919,-3.29692,5.30325
-0.254027,372.404,9.60563e-005,1.60748,-0.64648,-3.09285,4.96358
-0.254027,372.404,9.6338e-005,1.44526,-0.686929,-2.87184,4.59936
-0.254027,372.404,9.66197e-005,1.27734,-0.724043,-2.6351,4.21236
-0.254027,372.404,9.69014e-005,1.10437,-0.757619,-2.38394,3.80445
-0.254027,372.404,9.71831e-005,0.927051,-0.787475,-2.11978,3.37762
-0.254027,372.404,9.74648e-005,0.74607,-0.813448,-1.84408,2.93397
-0.254027,372.404,9.77465e-005,0.562144,-0.835397,-1.55838,2.47569
-0.254027,372.404,9.80282e-005,0.376,-0.853204,-1.2643,2.00505
-0.254027,372.404,9.83099e-005,0.188372,-0.866774,-0.96347,1.52437
-0.254027,372.404,9.85915e-005,-8.08647e-015,-0.876036,-0.657593,1.03604
-0.254027,372.404,9.88732e-005,-0.188372,-0.880943,-0.348379,0.542502
-0.254027,372.404,9.91549e-005,-0.376,-0.881472,-0.0375589,0.0461963
-0.254027,372.404,9.94366e-005,-0.562144,-0.877625,0.273132,-0.450408
-0.254027,372.404,9.97183e-005,-0.74607,-0.869428,0.581963,-0.944844
-0.254027,372.404,0.0001,-0.927051,-0.856932,0.887222,-1.43466
-0.254027,372.404,0.000100282,-1.10437,-0.840211,1.18722,-1.91744
-0.254027,372.404,0.000100563,-1.27734,-0.819361,1.48031,-2.3908
-0.254027,372.404,0.000100845,-1.44526,-0.794504,1.7649,-2.85241
-0.254027,372.404,0.000101127,-1.60748,-0.765779,2.03944,-3.30002
-0.254027,372.404,0.000101408,-1.76336,-0.73335,2.30244,-3.73144
-0.254027,372.404,0.00010169,-1.91227,-0.697399,2.55252,-4.1446
-0.254027,372.404,0.000101972,-2.05364,-0.658127,2.78836,-4.5375
-0.254027,372.404,0.000102254,-2.18691,-0.61575,3.00872,-4.90828
-0.254027,372.404,0.000102535,-2.31154,-0.570504,3.21249,-5.25518
-0.254027,372.404,0.000102817,-2.42705,-0.522636,3.39863,-5.57659
-0.254027,372.404,0.000103099,-2.53298,-0.472407,3.56624,-5.87103
-0.254027,372.404,0.00010338,-2.62892,-0.42009,3.71452,-6.13718
-0.254027,372.404,0.000103662,-2.71448,-0.365966,3.84279,-6.37385
-0.254027,372.404,0.000103944,-2.78933,-0.310326,3.95048,-6.58003
-0.254027,372.404,0.000104225,-2.85317,-0.253464,4.03718,-6.75486
-0.254027,372.404,0.000104507,-2.90575,-0.195681,4.10257,-6.89765
-0.254027,372.404,0.000104789,-2.94686,-0.13728,4.14647,-7.0079
-0.254027,372.404,0.00010507,-2.97634,-0.0785644,4.16883,-7.08524
-0.254027,372.404,0.000105352,-2.99408,-0.0198359,4.16972,-7.1295
-0.254027,372.404,0.000105634,-3,0.0386054,4.14933,-7.14067
-0.254027,372.404,0.000105915,-2.99408,0.0964644,4.10799,-7.11892
-0.254027,372.404,0.000106197,-2.97634,0.153452,4.04612,-7.06458
-0.254027,372.404,0.000106479,-2.94686,0.209287,3.96426,-6.97813
-0.254027,372.404,0.000106761,-2.90575,0.263696,3.86309,-6.86022
-0.254027,372.404,0.000107042,-2.85317,0.31642,3.74335,-6.71166
-0.254027,372.404,0.000107324,-2.78933,0.367207,3.60591,-6.53339
-0.254027,372.404,0.000107606,-2.71448,0.415823,3.4517,-6.32652
-0.254027,372.404,0.000107887,-2.62892,0.462045,3.28177,-6.09225
-0.254027,372.404,0.000108169,-2.53298,0.505668,3.09722,-5.83194
-0.254027,372.404,0.000108451,-2.42705,0.546502,2.89922,-5.54706
-0.254027,372.404,0.000108732,-2.31154,0.584375,2.68902,-5.23917
-0.254027,372.404,0.000109014,-2.18691,0.619134,2.46789,-4.90995
-0.254027,372.404,0.000109296,-2.05364,0.650644,2.23717,-4.56114
-0.254027,372.404,0.000109577,-1.91227,0.678788,1.99822,-4.19458
-0.254027,372.404,0.000109859,-1.76336,0.70347,1.75243,-3.81216
-0.254027,372.404,0.000110141,-1.60748,0.724614,1.50121,-3.41584
-0.254027,372.404,0.000110423,-1.44526,0.742162,1.24597,-3.00761
-0.254027,372.404,0.000110704,-1.27734,0.756079,0.988107,-2.58949
-0.254027,372.404,0.000110986,-1.10437,0.766348,0.729035,-2.16353
-0.254027,372.404,0.000111268,-0.927051,0.772969,0.470129,-1.73178
-0.254027,372.404,0.000111549,-0.74607,0.775965,0.212744,-1.29631
-0.254027,372.404,0.000111831,-0.562144,0.775377,-0.0418026,-0.859143
-0.254027,372.404,0.000112113,-0.376,0.771261,-0.292233,-0.422311
-0.254027,372.404,0.000112394,-0.188372,0.763693,-0.537321,0.0122019
-0.254027,372.404,0.000112676,-2.93906e-015,0.752765,-0.775895,0.442451
-0.254027,372.404,0.000112958,0.188372,0.738584,-1.00684,0.866544
-0.254027,372.404,0.000113239,0.376,0.721272,-1.22913,1.28265
-0.254027,372.404,0.000113521,0.562144,0.700965,-1.44178,1.689
-0.254027,372.404,0.000113803,0.74607,0.677812,-1.64389,2.08391
-0.254027,372.404,0.000114085,0.927051,0.651972,-1.83467,2.46577
-0.254027,372.404,0.000114366,1.10437,0.623614,-2.01337,2.83308
-0.254027,372.404,0.000114648,1.27734,0.592919,-2.17936,3.18441
-0.254027,372.404,0.00011493,1.44526,0.560073,-2.33207,3.51845
-0.254027,372.404,0.000115211,1.60748,0.52527,-2.47105,3.83399
-0.254027,372.404,0.000115493,1.76336,0.488708,-2.5959,4.12991
-0.254027,372.404,0.000115775,1.91227,0.45059,-2.70635,4.40524
-0.254027,372.404,0.000116056,2.05364,0.411122,-2.80219,4.6591
-0.254027,372.404,0.000116338,2.18691,0.370512,-2.88331,4.89071
-0.254027,372.404,0.00011662,2.31154,0.328968,-2.94969,5.09945
-0.254027,372.404,0.000116901,2.42705,0.286695,-3.00137,5.28479
-0.254027,372.404,0.000117183,2.53298,0.243899,-3.0385,5.44631
-0.254027,372.404,0.000117465,2.62892,0.200782,-3.06128,5.58371
-0.254027,372.404,0.000117746,2.71448,0.157543,-3.07001,5.69683
-0.254027,372.404,0.000118028,2.78933,0.114373,-3.06504,5.78559
-0.254027,372.404,0.00011831,2.85317,0.0714605,-3.04679,5.85002
-0.254027,372.404,0.000118592,2.90575,0.0289854,-3.01573,5.89028
-0.254027,372.404,0.000118873,2.94686,-0.0128794,-2.9724,5.90661
-0.254027,372.404,0.000119155,2.97634,-0.0539694,-2.91739,5.89936
-0.254027,372.404,0.000119437,2.99408,-0.0941286,-2.85131,5.86895
-0.254027,372.404,0.000119718,3,-0.133211,-2.77482,5.81592
-0.254027,372.404,0.00012,2.99408,-0.171079,-2.68863,5.74087
-0.254027,372.404,0.000120282,2.97634,-0.207606,-2.59345,5.64449
-0.254027,372.404,0.000120563,2.94686,-0.242677,-2.49002,5.52753
-0.254027,372.404,0.000120845,2.90575,-0.276185,-2.3791,5.39081
-0.254027,372.404,0.000121127,2.85317,-0.308037,-2.26145,5.23521
-0.254027,372.404,0.000121408,2.78933,-0.338147,-2.13784,5.06167
-0.254027,372.404,0.00012169,2.71448,-0.366444,-2.00904,4.87116
-0.254027,372.404,0.000121972,2.62892,-0.392863,-1.8758,4.66472
-0.254027,372.404,0.000122254,2.53298,-0.417354,-1.73887,4.44339
-0.254027,372.404,0.000122535,2.42705,-0.439875,-1.59898,4.20826
-0.254027,372.404,0.000122817,2.31154,-0.460394,-1.45684,3.96044
-0.254027,372.404,0.000123099,2.18691,-0.478889,-1.31314,3.70106
-0.254027,372.404,0.00012338,2.05364,-0.495347,-1.16853,3.43127
-0.254027,372.404,0.000123662,1.91227,-0.509765,-1.02365,3.1522
-0.254027,372.404,0.000123944,1.76336,-0.522146,-0.879076,2.86501
-0.254027,372.404,0.000124225,1.60748,-0.532504,-0.735378,2.57084
-0.254027,372.404,0.000124507,1.44526,-0.540857,-0.593074,2.27084
-0.254027,372.404,0.000124789,1.27734,-0.547232,-0.452642,1.96613
-0.254027,372.404,0.00012507,1.10437,-0.551662,-0.314522,1.65783
-0.254027,372.404,0.000125352,0.927051,-0.554185,-0.179116,1.34703
-0.254027,372.404,0.000125634,0.74607,-0.554843,-0.0467787,1.03482
-0.254027,372.404,0.000125915,0.562144,-0.553686,0.0821711,0.722228
-0.254027,372.404,0.000126197,0.376,-0.550764,0.207457,0.410293
-0.254027,372.404,0.000126479,0.188372,-0.546133,0.328843,0.100003
-0.254027,372.404,0.000126761,-7.3517e-015,-0.539849,0.44613,-0.207678
-0.254027,372.404,0.000127042,-0.188372,-0.531974,0.559155,-0.511818
-0.254027,372.404,0.000127324,-0.376,-0.522568,0.667792,-0.811521
-0.254027,372.404,0.000127606,-0.562144,-0.511696,0.771946,-1.10593
-0.254027,372.404,0.000127887,-0.74607,-0.49942,0.871552,-1.39421
-0.254027,372.404,0.000128169,-0.927051,-0.485807,0.966575,-1.67557
-0.254027,372.404,0.000128451,-1.10437,-0.470919,1.057,-1.94926
-0.254027,372.404,0.000128732,-1.27734,-0.454823,1.14284,-2.21457
-0.254027,372.404,0.000129014,-1.44526,-0.437582,1.22413,-2.47081
-0.254027,372.404,0.000129296,-1.60748,-0.419259,1.30091,-2.71733
-0.254027,372.404,0.000129577,-1.76336,-0.399918,1.37324,-2.95353
-0.254027,372.404,0.000129859,-1.91227,-0.379619,1.44118,-3.17884
-0.254027,372.404,0.000130141,-2.05364,-0.358425,1.50482,-3.39271
-0.254027,372.404,0.000130423,-2.18691,-0.336393,1.56423,-3.59464
-0.254027,372.404,0.000130704,-2.31154,-0.313583,1.61949,-3.78416
-0.254027,372.404,0.000130986,-2.42705,-0.290053,1.67069,-3.96082
-0.254027,372.404,0.000131268,-2.53298,-0.265857,1.71789,-4.12423
-0.254027,372.404,0.000131549,-2.62892,-0.241052,1.76117,-4.27401
-0.254027,372.404,0.000131831,-2.71448,-0.215691,1.80058,-4.40982
-0.254027,372.404,0.000132113,-2.78933,-0.18983,1.83618,-4.53133
-0.254027,372.404,0.000132394,-2.85317,-0.16352,1.86799,-4.63828
-0.254027,372.404,0.000132676,-2.90575,-0.136815,1.89605,-4.7304
-0.254027,372.404,0.000132958,-2.94686,-0.109768,1.92036,-4.80748
-0.254027,372.404,0.000133239,-2.97634,-0.0824312,1.94091,-4.86932
-0.254027,372.404,0.000133521,-2.99408,-0.0548583,1.95767,-4.91576
-0.254027,372.404,0.000133803,-3,-0.0271031,1.97062,-4.94667
-0.254027,372.404,0.000134085,-2.99408,0.000779915,1.97969,-4.96194
-0.254027,372.404,0.000134366,-2.97634,0.028735,1.98481,-4.9615
-0.254027,372.404,0.000134648,-2.94686,0.0567055,1.9859,-4.94531
-0.254027,372.404,0.00013493,-2.90575,0.084633,1.98285,-4.91336
-0.254027,372.404,0.000135211,-2.85317,0.112458,1.97556,-4.86568
-0.254027,372.404,0.000135493,-2.78933,0.140118,1.9639,-4.80233
-0.254027,372.404,0.000135775,-2.71448,0.167551,1.94773,-4.72339
-0.254027,372.404,0.000136056,-2.62892,0.194691,1.92691,-4.62899
-0.254027,372.404,0.000136338,-2.53298,0.22147,1.90132,-4.51931
-0.254027,372.404,0.00013662,-2.42705,0.247819,1.87079,-4.39453
-0.254027,372.404,0.000136901,-2.31154,0.273666,1.83518,-4.25492
-0.254027,372.404,0.000137183,-2.18691,0.298939,1.79435,-4.10074
-0.254027,372.404,0.000137465,-2.05364,0.323561,1.74816,-3.93232
-0.254027,372.404,0.000137746,-1.91227,0.347455,1.69649,-3.75004
-0.254027,372.404,0.000138028,-1.76336,0.370543,1.63922,-3.55429
-0.254027,372.404,0.00013831,-1.60748,0.392744,1.57626,-3.34553
-0.254027,372.404,0.000138592,-1.44526,0.413976,1.50753,-3.12427
-0.254027,372.404,0.000138873,-1.27734,0.434159,1.43295,-2.89104
-0.254027,372.404,0.000139155,-1.10437,0.453208,1.35251,-2.64644
-0.254027,372.404,0.000139437,-0.927051,0.471042,1.26618,-2.39111
-0.254027,372.404,0.000139718,-0.74607,0.487577,1.174,-2.12574
-0.254027,372.404,0.00014,-0.562144,0.502732,1.07602,-1.85105
-0.254027,372.404,0.000140282,-0.376,0.516427,0.972315,-1.56782
-0.254027,372.404,0.000140563,-0.188372,0.528582,0.86302,-1.27687
-0.254027,372.404,0.000140845,-3.67382e-015,0.539121,0.748291,-0.979081
-0.254027,372.404,0.000141127,0.188372,0.547971,0.628331,-0.67535
-0.254027,372.404,0.000141408,0.376,0.555061,0.503379,-0.366634
-0.254027,372.404,0.00014169,0.562144,0.560325,0.373717,-0.0539237
-0.254027,372.404,0.000141972,0.74607,0.5637,0.239669,0.261752
-0.254027,372.404,0.000142254,0.927051,0.565131,0.101599,0.57933
-0.254027,372.404,0.000142535,1.10437,0.564567,-0.0400872,0.897713
-0.254027,372.404,0.000142817,1.27734,0.561962,-0.184942,1.21578
-0.254027,372.404,0.000143099,1.44526,0.557279,-0.33248,1.53238
-0.254027,372.404,0.00014338,1.60748,0.550488,-0.482176,1.84634
-0.254027,372.404,0.000143662,1.76336,0.541566,-0.633469,2.15647
-0.254027,372.404,0.000143944,1.91227,0.530498,-0.785765,2.46158
-0.254027,372.404,0.000144225,2.05364,0.517281,-0.938436,2.76045
-0.254027,372.404,0.000144507,2.18691,0.501917,-1.09083,3.05188
-0.254027,372.404,0.000144789,2.31154,0.484421,-1.24225,3.33465
-0.254027,372.404,0.00014507,2.42705,0.464815,-1.39202,3.60756
-0.254027,372.404,0.000145352,2.53298,0.443133,-1.53939,3.86943
-0.254027,372.404,0.000145634,2.62892,0.41942,-1.68364,4.11908
-0.254027,372.404,0.000145915,2.71448,0.39373,-1.82402,4.35537
-0.254027,372.404,0.000146197,2.78933,0.366127,-1.95977,4.57719
-0.254027,372.404,0.000146479,2.85317,0.336688,-2.09015,4.78346
-0.254027,372.404,0.000146761,2.90575,0.3055,-2.2144,4.97315
-0.254027,372.404,0.000147042,2.94686,0.272658,-2.33178,5.14526
-0.254027,372.404,0.000147324,2.97634,0.238269,-2.44157,5.29887
-0.254027,372.404,0.000147606,2.99408,0.202452,-2.54306,5.4331
-0.254027,372.404,0.000147887,3,0.165331,-2.63556,5.54716
-0.254027,372.404,0.000148169,2.99408,0.127044,-2.71841,5.64031
-0.254027,372.404,0.000148451,2.97634,0.0877337,-2.79101,5.71188
-0.254027,372.404,0.000148732,2.94686,0.0475541,-2.85275,5.76131
-0.254027,372.404,0.000149014,2.90575,0.00666524,-2.90311,5.7881
-0.254027,372.404,0.000149296,2.85317,-0.0347657,-2.94159,5.79185
-0.254027,372.404,0.000149577,2.78933,-0.0765651,-2.96776,5.77227
-0.254027,372.404,0.000149859,2.71448,-0.118554,-2.98122,5.72913
-0.254027,372.404,0.000150141,2.62892,-0.160549,-2.98166,5.66234
-0.254027,372.404,0.000150423,2.53298,-0.202363,-2.96881,5.57189
-0.254027,372.404,0.000150704,2.42705,-0.243807,-2.94248,5.45788
-0.254027,372.404,0.000150986,2.31154,-0.284688,-2.90254,5.32053
-0.254027,372.404,0.000151268,2.18691,-0.324813,-2.84893,5.16014
-0.254027,372.404,0.000151549,2.05364,-0.363992,-2.78168,4.97715
-0.254027,372.404,0.000151831,1.91227,-0.402033,-2.70088,4.77208
-0.254027,372.404,0.000152113,1.76336,-0.438747,-2.60669,4.54558
-0.254027,372.404,0.000152394,1.60748,-0.473949,-2.49936,4.2984
-0.254027,372.404,0.000152676,1.44526,-0.507459,-2.37919,4.03139
-0.254027,372.404,0.000152958,1.27734,-0.539101,-2.24659,3.7455
-0.254027,372.404,0.000153239,1.10437,-0.568707,-2.10202,3.44178
-0.254027,372.404,0.000153521,0.927051,-0.596115,-1.94602,3.12138
-0.254027,372.404,0.000153803,0.74607,-0.621174,-1.77919,2.78554
-0.254027,372.404,0.000154085,0.562144,-0.643741,-1.60222,2.43558
-0.254027,372.404,0.000154366,0.376,-0.663682,-1.41584,2.07291
-0.254027,372.404,0.000154648,0.188372,-0.680878,-1.22086,1.69901
-0.254027,372.404,0.00015493,-6.61694e-015,-0.695217,-1.01813,1.31541
-0.254027,372.404,0.000155211,-0.188372,-0.706606,-0.808567,0.923741
-0.254027,372.404,0.000155493,-0.376,-0.71496,-0.593135,0.525653
-0.254027,372.404,0.000155775,-0.562144,-0.720211,-0.372837,0.122859
-0.254027,372.404,0.000156056,-0.74607,-0.722306,-0.148718,-0.282894
-0.254027,372.404,0.000156338,-0.927051,-0.721205,0.0781482,-0.689826
-0.254027,372.404,0.00015662,-1.10437,-0.716886,0.306658,-1.09614
-0.254027,372.404,0.000156901,-1.27734,-0.709341,0.535687,-1.50002
-0.254027,372.404,0.000157183,-1.44526,-0.698579,0.764098,-1.89965
-0.254027,372.404,0.000157465,-1.60748,-0.684625,0.990745,-2.29321
-0.254027,372.404,0.000157746,-1.76336,-0.667519,1.21448,-2.67892
-0.254027,372.404,0.000158028,-1.91227,-0.64732,1.43416,-3.05498
-0.254027,372.404,0.00015831,-2.05364,-0.624099,1.64866,-3.41967
-0.254027,372.404,0.000158592,-2.18691,-0.597946,1.85686,-3.77128
-0.254027,372.404,0.000158873,-2.31154,-0.568965,2.05768,-4.10815
-0.254027,372.404,0.000159155,-2.42705,-0.537274,2.25006,-4.42869
-0.254027,372.404,0.000159437,-2.53298,-0.503006,2.43298,-4.73138
-0.254027,372.404,0.000159718,-2.62892,-0.46631,2.60547,-5.01476
-0.254027,372.404,0.00016,-2.71448,-0.427344,2.76659,-5.27747
-0.254027,372.404,0.000160282,-2.78933,-0.38628,2.91549,-5.51823
-0.254027,372.404,0.000160563,-2.85317,-0.343304,3.05134,-5.73585
-0.254027,372.404,0.000160845,-2.90575,-0.298608,3.17341,-5.92926
-0.254027,372.404,0.000161127,-2.94686,-0.252396,3.28101,-6.09749
-0.254027,372.404,0.000161408,-2.97634,-0.204882,3.37355,-6.23969
-0.254027,372.404,0.00016169,-2.99408,-0.156283,3.45049,-6.35512
-0.254027,372.404,0.000161972,-3,-0.106827,3.5114,-6.44316
-0.254027,372.404,0.000162254,-2.99408,-0.0567437,3.55591,-6.50335
-0.254027,372.404,0.000162535,-2.97634,-0.00626843,3.58375,-6.53532
-0.254027,372.404,0.000162817,-2.94686,0.0443615,3.59472,-6.53885
-0.254027,372.404,0.000163099,-2.90575,0.094907,3.58874,-6.51385
-0.254027,372.404,0.00016338,-2.85317,0.145129,3.56578,-6.46039
-0.254027,372.404,0.000163662,-2.78933,0.19479,3.52593,-6.37862
-0.254027,372.404,0.000163944,-2.71448,0.243654,3.46935,-6.26888
-0.254027,372.404,0.000164225,-2.62892,0.29149,3.39631,-6.13161
-0.254027,372.404,0.000164507,-2.53298,0.338069,3.30714,-5.96739
-0.254027,372.404,0.000164789,-2.42705,0.383171,3.20227,-5.77693
-0.254027,372.404,0.00016507,-2.31154,0.426583,3.08222,-5.56106
-0.254027,372.404,0.000165352,-2.18691,0.468098,2.94757,-5.32073
-0.254027,372.404,0.000165634,-2.05364,0.50752,2.79899,-5.05701
-0.254027,372.404,0.000165915,-1.91227,0.544664,2.63722,-4.77109
-0.254027,372.404,0.000166197,-1.76336,0.579356,2.46307,-4.46423
-0.254027,372.404,0.000166479,-1.60748,0.611432,2.2774,-4.13784
-0.254027,372.404,0.000166761,-1.44526,0.640743,2.08114,-3.79337
-0.254027,372.404,0.000167042,-1.27734,0.667156,1.87529,-3.43239
-0.254027,372.404,0.000167324,-1.10437,0.690548,1.66086,-3.05652
-0.254027,372.404,0.000167606,-0.927051,0.710815,1.43892,-2.66748
-0.254027,372.404,0.000167887,-0.74607,0.727865,1.2106,-2.26702
-0.254027,372.404,0.000168169,-0.562144,0.741626,0.977013,-1.85696
-0.254027,372.404,0.000168451,-0.376,0.752039,0.739332,-1.43914
-0.254027,372.404,0.000168732,-0.188372,0.759064,0.498729,-1.01546
-0.254027,372.404,0.000169014,-4.40858e-015,0.762675,0.256392,-0.587814
-0.254027,372.404,0.00154958,0.188372,0.66045,0.0983463,-0.197735
-0.254027,372.404,0.00154986,0.376,0.659228,-0.0867147,0.174349
-0.254027,372.404,0.00155014,0.562144,0.655405,-0.271434,0.545745
-0.254027,372.404,0.00155042,0.74607,0.648996,-0.455081,0.914988
-0.254027,372.404,0.0015507,0.927051,0.640025,-0.636933,1.28062
-0.254027,372.404,0.00155099,1.10437,0.628528,-0.816271,1.6412
-0.254027,372.404,0.00155127,1.27734,0.614551,-0.992387,1.9953
-0.254027,372.404,0.00155155,1.44526,0.598148,-1.16459,2.34152
-0.254027,372.404,0.00155183,1.60748,0.579385,-1.33219,2.67851
-0.254027,372.404,0.00155211,1.76336,0.558335,-1.49454,3.00492
-0.254027,372.404,0.00155239,1.91227,0.535082,-1.65099,3.31948
-0.254027,372.404,0.00155268,2.05364,0.509717,-1.80092,3.62093
-0.254027,372.404,0.00155296,2.18691,0.48234,-1.94374,3.9081
-0.254027,372.404,0.00155324,2.31154,0.45306,-2.0789,4.17984
-0.254027,372.404,0.00155352,2.42705,0.421992,-2.20585,4.43508
-0.254027,372.404,0.0015538,2.53298,0.389258,-2.32409,4.67282
-0.254027,372.404,0.00155408,2.62892,0.354988,-2.43316,4.89212
-0.254027,372.404,0.00155437,2.71448,0.319317,-2.53263,5.09212
-0.254027,372.404,0.00155465,2.78933,0.282386,-2.62211,5.27201
-0.254027,372.404,0.00155493,2.85317,0.244341,-2.70123,5.43111
-0.254027,372.404,0.00155521,2.90575,0.205331,-2.7697,5.56876
-0.254027,372.404,0.00155549,2.94686,0.165511,-2.82723,5.68444
-0.254027,372.404,0.00155577,2.97634,0.125037,-2.87361,5.77769
-0.254027,372.404,0.00155606,2.99408,0.0840706,-2.90864,5.84813
-0.254027,372.404,0.00155634,3,0.042772,-2.9322,5.89549
-0.254027,372.404,0.00155662,2.99408,0.00130455,-2.94419,5.91959
-0.254027,372.404,0.0015569,2.97634,-0.040168,-2.94455,5.92033
-0.254027,372.404,0.00155718,2.94686,-0.0814821,-2.9333,5.8977
-0.254027,372.404,0.00155746,2.90575,-0.122475,-2.91046,5.85179
-0.254027,372.404,0.00155775,2.85317,-0.162984,-2.87615,5.78279
-0.254027,372.404,0.00155803,2.78933,-0.20285,-2.83048,5.69097
-0.254027,372.404,0.00155831,2.71448,-0.241915,-2.77364,5.57669
-0.254027,372.404,0.00155859,2.62892,-0.280025,-2.70585,5.4404
-0.254027,372.404,0.00155887,2.53298,-0.317031,-2.62739,5.28264
-0.254027,372.404,0.00155915,2.42705,-0.352785,-2.53856,5.10403
-0.254027,372.404,0.00155944,2.31154,-0.387147,-2.4397,4.90528
-0.254027,372.404,0.00155972,2.18691,-0.419981,-2.33122,4.68716
-0.254027,372.404,0.00156,2.05364,-0.451158,-2.21354,4.45056
-0.254027,372.404,0.00156028,1.91227,-0.480554,-2.08713,4.19638
-0.254027,372.404,0.00156056,1.76336,-0.508054,-1.95247,3.92565
-0.254027,372.404,0.00156085,1.60748,-0.533548,-1.81011,3.63942
-0.254027,372.404,0.00156113,1.44526,-0.556937,-1.66061,3.33883
-0.254027,372.404,0.00156141,1.27734,-0.578128,-1.50455,3.02506
-0.254027,372.404,0.00156169,1.10437,-0.597037,-1.34256,2.69936
-0.254027,372.404,0.00156197,0.927051,-0.61359,-1.17527,2.363
-0.254027,372.404,0.00156225,0.74607,-0.627722,-1.00334,2.01731
-0.254027,372.404,0.00156254,0.562144,-0.639376,-0.827446,1.66367
-0.254027,372.404,0.00156282,0.376,-0.648507,-0.64829,1.30345
-0.254027,372.404,0.0015631,0.188372,-0.655078,-0.466575,0.938098
-0.254027,372.404,0.00156338,8.80497e-015,-0.659065,-0.283019,0.56904
-0.254027,372.404,0.00156366,-0.188372,-0.66045,-0.0983464,0.197735
-0.254027,372.404,0.00156394,-0.376,-0.659229,0.0867147,-0.174349
-0.254027,372.404,0.00156423,-0.562144,-0.655405,0.271433,-0.545745
-0.254027,372.404,0.00156451,-0.74607,-0.648996,0.455081,-0.914988
-0.254027,372.404,0.00156479,-0.927051,-0.640025,0.636933,-1.28062
-0.254027,372.404,0.00156507,-1.10437,-0.628528,0.816271,-1.6412
-0.254027,372.404,0.00156535,-1.27734,-0.614551,0.992387,-1.9953
-0.254027,372.404,0.00156563,-1.44526,-0.598148,1.16459,-2.34152
-0.254027,372.404,0.00156592,-1.60748,-0.579385,1.33219,-2.67851
-0.254027,372.404,0.0015662,-1.76336,-0.558335,1.49454,-3.00492
-0.254027,372.404,0.00156648,-1.91227,-0.535082,1.65099,-3.31948
-0.254027,372.404,0.00156676,-2.05364,-0.509717,1.80092,-3.62093
-0.254027,372.404,0.00156704,-2.18691,-0.48234,1.94374,-3.9081
-0.254027,372.404,0.00156732,-2.31154,-0.45306,2.0789,-4.17984
-0.254027,372.404,0.00156761,-2.42705,-0.421992,2.20585,-4.43508
-0.254027,372.404,0.00156789,-2.53298,-0.389258,2.32409,-4.67282
-0.254027,372.404,0.00156817,-2.62892,-0.354988,2.43316,-4.89212
-0.254027,372.404,0.00156845,-2.71448,-0.319317,2.53263,-5.09212
-0.254027,372.404,0.00156873,-2.78933,-0.282386,2.62211,-5.27201
-0.254027,372.404,0.00156901,-2.85317,-0.244341,2.70123,-5.43111
-0.254027,372.404,0.0015693,-2.90575,-0.205331,2.7697,-5.56876
-0.254027,372.404,0.00156958,-2.94686,-0.165511,2.82723,-5.68444
-0.254027,372.404,0.00156986,-2.97634,-0.125037,2.87361,-5.77769
-0.254027,372.404,0.00157014,-2.99408,-0.0840706,2.90864,-5.84813
-0.254027,372.404,0.00157042,-3,-0.042772,2.9322,-5.89549
-0.254027,372.404,0.0015707,-2.99408,-0.00130454,2.94419,-5.91959
-0.254027,372.404,0.00157099,-2.97634,0.040168,2.94455,-5.92033
-0.254027,372.404,0.00157127,-2.94686,0.0814821,2.9333,-5.8977
-0.254027,372.404,0.00157155,-2.90575,0.122475,2.91047,-5.85179
-0.254027,372.404,0.00157183,-2.85317,0.162984,2.87615,-5.78279
-0.254027,372.404,0.00157211,-2.78933,0.20285,2.83048,-5.69097
-0.254027,372.404,0.00157239,-2.71448,0.241915,2.77364,-5.57669
-0.254027,372.404,0.00157268,-2.62892,0.280025,2.70585,-5.4404
-0.254027,372.404,0.00157296,-2.53298,0.317031,2.62739,-5.28264
-0.254027,372.404,0.00157324,-2.42705,0.352785,2.53856,-5.10403
-0.254027,372.404,0.00157352,-2.31154,0.387147,2.4397,-4.90528
-0.254027,372.404,0.0015738,-2.18691,0.419981,2.33122,-4.68717
-0.254027,372.404,0.00157408,-2.05364,0.451158,2.21354,-4.45056
-0.254027,372.404,0.00157437,-1.91227,0.480554,2.08713,-4.19638
-0.254027,372.404,0.00157465,-1.76336,0.508054,1.95247,-3.92565
-0.254027,372.404,0.00157493,-1.60748,0.533548,1.81011,-3.63942
-0.254027,372.404,0.00157521,-1.44526,0.556937,1.66061,-3.33883
-0.254027,372.404,0.00157549,-1.27734,0.578128,1.50455,-3.02506
-0.254027,372.404,0.00157577,-1.10437,0.597037,1.34256,-2.69936
-0.254027,372.404,0.00157606,-0.927051,0.613591,1.17527,-2.363
-0.254027,372.404,0.00157634,-0.74607,0.627722,1.00334,-2.01731
-0.254027,372.404,0.00157662,-0.562144,0.639376,0.827446,-1.66367
-0.254027,372.404,0.0015769,-0.376,0.648507,0.64829,-1.30345
-0.254027,372.404,0.00157718,-0.188372,0.655079,0.466575,-0.938098
-0.254027,372.404,0.00157746,1.29383e-013,0.659065,0.283019,-0.569039
-0.254027,372.404,0.00157775,0.188372,0.66045,0.0983463,-0.197735
-0.254027,372.404,0.00157803,0.376,0.659229,-0.0867148,0.174349
-0.254027,372.404,0.00157831,0.562144,0.655406,-0.271434,0.545745
-0.254027,372.404,0.00157859,0.74607,0.648996,-0.455081,0.914988
-0.254027,372.404,0.00157887,0.927051,0.640025,-0.636933,1.28062
-0.254027,372.404,0.00157915,1.10437,0.628528,-0.816271,1.6412
-0.254027,372.404,0.00157944,1.27734,0.614551,-0.992387,1.9953
-0.254027,372.404,0.00157972,1.44526,0.598148,-1.16459,2.34152
-0.254027,372.404,0.00158,1.60748,0.579385,-1.33219,2.67851
-0.254027,372.404,0.00158028,1.76336,0.558335,-1.49454,3.00492
-0.254027,372.404,0.00158056,1.91227,0.535082,-1.65099,3.31948
-0.254027,372.404,0.00158085,2.05364,0.509717,-1.80092,3.62093
-0.254027,372.404,0.00158113,2.18691,0.48234,-1.94374,3.9081
-0.254027,372.404,0.00158141,2.31154,0.45306,-2.0789,4.17984
-0.254027,372.404,0.00158169,2.42705,0.421992,-2.20585,4.43508
-0.254027,372.404,0.00158197,2.53298,0.389258,-2.32409,4.67282
-0.254027,372.404,0.00158225,2.62892,0.354988,-2.43316,4.89212
-0.254027,372.404,0.00158254,2.71448,0.319317,-2.53263,5.09212
-0.254027,372.404,0.00158282,2.78933,0.282386,-2.62211,5.27202
-0.254027,372.404,0.0015831,2.85317,0.244341,-2.70123,5.43111
-0.254027,372.404,0.00158338,2.90575,0.205331,-2.7697,5.56876
-0.254027,372.404,0.00158366,2.94686,0.165511,-2.82723,5.68444
-0.254027,372.404,0.00158394,2.97634,0.125037,-2.87361,5.77769
-0.254027,372.404,0.00158423,2.99408,0.0840705,-2.90864,5.84813
-0.254027,372.404,0.00158451,3,0.0427719,-2.9322,5.89549
-0.254027,372.404,0.00158479,2.99408,0.00130451,-2.94419,5.91959
-0.254027,372.404,0.00158507,2.97634,-0.0401681,-2.94455,5.92033
-0.254027,372.404,0.00158535,2.94686,-0.0814821,-2.9333,5.8977
-0.254027,372.404,0.00158563,2.90575,-0.122475,-2.91047,5.85179
-0.254027,372.404,0.00158592,2.85317,-0.162984,-2.87615,5.78279
-0.254027,372.404,0.0015862,2.78933,-0.20285,-2.83048,5.69097
-0.254027,372.404,0.00158648,2.71448,-0.241915,-2.77364,5.57669
-0.254027,372.404,0.00158676,2.62892,-0.280026,-2.70585,5.4404
-0.254027,372.404,0.00158704,2.53298,-0.317031,-2.62739,5.28264
-0.254027,372.404,0.00158732,2.42705,-0.352785,-2.53856,5.10403
-0.254027,372.404,0.00158761,2.31154,-0.387147,-2.4397,4.90528
-0.254027,372.404,0.00158789,2.18691,-0.419981,-2.33122,4.68716
-0.254027,372.404,0.00158817,2.05364,-0.451158,-2.21354,4.45056
-0.254027,372.404,0.00158845,1.91227,-0.480554,-2.08713,4.19638
-0.254027,372.404,0.00158873,1.76336,-0.508054,-1.95247,3.92565
-0.254027,372.404,0.00158901,1.60748,-0.533548,-1.81011,3.63942
-0.254027,372.404,0.0015893,1.44526,-0.556937,-1.66061,3.33883
-0.254027,372.404,0.00158958,1.27734,-0.578128,-1.50455,3.02506
-0.254027,372.404,0.00158986,1.10437,-0.597037,-1.34256,2.69936
-0.254027,372.404,0.00159014,0.927051,-0.613591,-1.17527,2.363
-0.254027,372.404,0.00159042,0.74607,-0.627722,-1.00334,2.01731
-0.254027,372.404,0.0015907,0.562144,-0.639376,-0.827446,1.66367
-0.254027,372.404,0.00159099,0.376,-0.648507,-0.64829,1.30345
-0.254027,372.404,0.00159127,0.188372,-0.655078,-0.466575,0.938098
-0.254027,372.404,0.00159155,7.34886e-014,-0.659065,-0.283019,0.569039
-0.254027,372.404,0.00159183,-0.188372,-0.66045,-0.0983461,0.197735
-0.254027,372.404,0.00159211,-0.376,-0.659228,0.0867149,-0.174349
-0.254027,372.404,0.00159239,-0.562144,-0.655405,0.271434,-0.545746
-0.254027,372.404,0.00159268,-0.74607,-0.648996,0.455081,-0.914988
-0.254027,372.404,0.00159296,-0.927051,-0.640025,0.636933,-1.28062
-0.254027,372.404,0.00159324,-1.10437,-0.628528,0.816271,-1.6412
-0.254027,372.404,0.00159352,-1.27734,-0.614551,0.992387,-1.9953
-0.254027,372.404,0.0015938,-1.44526,-0.598148,1.16459,-2.34152
-0.254027,372.404,0.00159408,-1.60748,-0.579385,1.33219,-2.67851
-0.254027,372.404,0.00159437,-1.76336,-0.558335,1.49454,-3.00492
-0.254027,372.404,0.00159465,-1.91227,-0.535082,1.65099,-3.31948
-0.254027,372.404,0.00159493,-2.05364,-0.509717,1.80092,-3.62093
-0.254027,372.404,0.00159521,-2.18691,-0.48234,1.94374,-3.9081
-0.254027,372.404,0.00159549,-2.31154,-0.45306,2.0789,-4.17984
-0.254027,372.404,0.00159577,-2.42705,-0.421992,2.20585,-4.43508
-0.254027,372.404,0.00159606,-2.53298,-0.389258,2.32409,-4.67282
-0.254027,372.404,0.00159634,-2.62892,-0.354988,2.43316,-4.89212
-0.254027,372.404,0.00159662,-2.71448,-0.319317,2.53263,-5.09212
-0.254027,372.404,0.0015969,-2.78933,-0.282386,2.62211,-5.27201
-0.254027,372.404,0.00159718,-2.85317,-0.244341,2.70123,-5.43111
-0.254027,372.404,0.00159746,-2.90575,-0.205331,2.7697,-5.56876
-0.254027,372.404,0.00159775,-2.94686,-0.165511,2.82723,-5.68444
-0.254027,372.404,0.00159803,-2.97634,-0.125037,2.87361,-5.77769
-0.254027,372.404,0.00159831,-2.99408,-0.0840705,2.90864,-5.84813
-0.254027,372.404,0.00159859,-3,-0.0427719,2.9322,-5.89549
-0.254027,372.404,0.00159887,-2.99408,-0.00130451,2.94419,-5.91959
-0.254027,372.404,0.00159915,-2.97634,0.0401681,2.94455,-5.92033
-0.254027,372.404,0.00159944,-2.94686,0.0814821,2.9333,-5.8977
-0.254027,372.404,0.00159972,-2.90575,0.122475,2.91046,-5.85179
-0.254027,372.404,0.0016,-2.85317,0.162984,2.87615,-5.78279
-0.254027,372.404,0.00160028,-2.78933,0.20285,2.83048,-5.69097
-0.254027,372.404,0.00160056,-2.71448,0.241915,2.77364,-5.57669
-0.254027,372.404,0.00160085,-2.62892,0.280026,2.70585,-5.4404
-0.254027,372.404,0.00160113,-2.53298,0.317031,2.62739,-5.28264
-0.254027,372.404,0.00160141,-2.42705,0.352785,2.53856,-5.10403
-0.254027,372.404,0.00160169,-2.31154,0.387147,2.4397,-4.90528
-0.254027,372.404,0.00160197,-2.18691,0.419981,2.33122,-4.68716
-0.254027,372.404,0.00160225,-2.05364,0.451158,2.21354,-4.45056
-0.254027,372.404,0.00160254,-1.91227,0.480554,2.08713,-4.19638
-0.254027,372.404,0.00160282,-1.76336,0.508054,1.95247,-3.92565
-0.254027,372.404,0.0016031,-1.60748,0.533548,1.81011,-3.63942
-0.254027,372.404,0.00160338,-1.44526,0.556937,1.66061,-3.33883
-0.254027,372.404,0.00160366,-1.27734,0.578128,1.50455,-3.02506
-0.254027,372.404,0.00160394,-1.10437,0.597037,1.34256,-2.69936
-0.254027,372.404,0.00160423,-0.927051,0.61359,1.17527,-2.363
-0.254027,372.404,0.00160451,-0.74607,0.627722,1.00334,-2.01731
-0.254027,372.404,0.00160479,-0.562144,0.639376,0.827446,-1.66367
-0.254027,372.404,0.00160507,-0.376,0.648507,0.64829,-1.30345
-0.254027,372.404,0.00160535,-0.188372,0.655078,0.466575,-0.938098
-0.254027,372.404,0.00160563,6.46999e-014,0.659065,0.283019,-0.569039
-0.254027,372.404,0.00160592,0.188372,0.66045,0.0983462,-0.197735
-0.254027,372.404,0.0016062,0.376,0.659228,-0.0867148,0.174349
-0.254027,372.404,0.00160648,0.562144,0.655405,-0.271434,0.545745
-0.254027,372.404,0.00160676,0.74607,0.648996,-0.455081,0.914988
-0.254027,372.404,0.00160704,0.927051,0.640025,-0.636933,1.28062
-0.254027,372.404,0.00160732,1.10437,0.628528,-0.816271,1.6412
-0.254027,372.404,0.00160761,1.27734,0.614551,-0.992387,1.9953
-0.254027,372.404,0.00160789,1.44526,0.598148,-1.16459,2.34152
-0.254027,372.404,0.00160817,1.60748,0.579385,-1.33219,2.67851
-0.254027,372.404,0.00160845,1.76336,0.558335,-1.49454,3.00492
-0.254027,372.404,0.00160873,1.91227,0.535082,-1.65099,3.31948
-0.254027,372.404,0.00160901,2.05364,0.509717,-1.80092,3.62093
-0.254027,372.404,0.0016093,2.18691,0.48234,-1.94374,3.9081
-0.254027,372.404,0.00160958,2.31154,0.45306,-2.0789,4.17984
-0.254027,372.404,0.00160986,2.42705,0.421992,-2.20585,4.43508
-0.254027,372.404,0.00161014,2.53298,0.389258,-2.32409,4.67282
-0.254027,372.404,0.00161042,2.62892,0.354988,-2.43316,4.89212
-0.254027,372.404,0.0016107,2.71448,0.319317,-2.53263,5.09212
-0.254027,372.404,0.00161099,2.78933,0.282386,-2.62211,5.27201
-0.254027,372.404,0.00161127,2.85317,0.244341,-2.70123,5.43111
-0.254027,372.404,0.00161155,2.90575,0.205331,-2.7697,5.56876
-0.254027,372.404,0.00161183,2.94686,0.165511,-2.82723,5.68444
-0.254027,372.404,0.00161211,2.97634,0.125037,-2.87361,5.77769
-0.254027,372.404,0.00161239,2.99408,0.0840705,-2.90864,5.84813
-0.254027,372.404,0.00161268,3,0.0427719,-2.9322,5.89549
-0.254027,372.404,0.00161296,2.99408,0.00130452,-2.94419,5.91959
-0.254027,372.404,0.00161324,2.97634,-0.040168,-2.94455,5.92033
-0.254027,372.404,0.00161352,2.94686,-0.0814821,-2.9333,5.8977
-0.254027,372.404,0.0016138,2.90575,-0.122475,-2.91046,5.85179
-0.254027,372.404,0.00161408,2.85317,-0.162984,-2.87615,5.78279
-0.254027,372.404,0.00161437,2.78933,-0.20285,-2.83048,5.69097
-0.254027,372.404,0.00161465,2.71448,-0.241915,-2.77364,5.57669
-0.254027,372.404,0.00161493,2.62892,-0.280025,-2.70585,5.4404
-0.254027,372.404,0.00161521,2.53298,-0.317031,-2.62739,5.28264
-0.254027,372.404,0.00161549,2.42705,-0.352785,-2.53856,5.10403
-0.254027,372.404,0.00161577,2.31154,-0.387147,-2.4397,4.90528
-0.254027,372.404,0.00161606,2.18691,-0.419981,-2.33122,4.68716
-0.254027,372.404,0.00161634,2.05364,-0.451158,-2.21354,4.45056
-0.254027,372.404,0.00161662,1.91227,-0.480554,-2.08713,4.19638
-0.254027,372.404,0.0016169,1.76336,-0.508054,-1.95247,3.92565
-0.254027,372.404,0.00161718,1.60748,-0.533548,-1.81011,3.63942
-0.254027,372.404,0.00161746,1.44526,-0.556937,-1.66061,3.33883
-0.254027,372.404,0.00161775,1.27734,-0.578128,-1.50455,3.02506
-0.254027,372.404,0.00161803,1.10437,-0.597037,-1.34256,2.69936
-0.254027,372.404,0.00161831,0.927051,-0.61359,-1.17527,2.363
-0.254027,372.404,0.00161859,0.74607,-0.627722,-1.00334,2.01731
-0.254027,372.404,0.00161887,0.562144,-0.639376,-0.827446,1.66367
-0.254027,372.404,0.00161915,0.376,-0.648507,-0.64829,1.30345
-0.254027,372.404,0.00161944,0.188372,-0.655078,-0.466575,0.938098
-0.254027,372.404,0.00161972,-3.23581e-014,-0.659065,-0.283019,0.569039
-0.254027,372.404,0.00162,-0.188372,-0.66045,-0.0983463,0.197735
-0.254027,372.404,0.00162028,-0.376,-0.659228,0.0867147,-0.174349
-0.254027,372.404,0.00162056,-0.562144,-0.655405,0.271434,-0.545745
-0.254027,372.404,0.00162085,-0.74607,-0.648996,0.455081,-0.914988
-0.254027,372.404,0.00162113,-0.927051,-0.640025,0.636933,-1.28062
-0.254027,372.404,0.00162141,-1.10437,-0.628528,0.816271,-1.6412
-0.254027,372.404,0.00162169,-1.27734,-0.614551,0.992387,-1.9953
-0.254027,372.404,0.00162197,-1.44526,-0.598148,1.16459,-2.34152
-0.254027,372.404,0.00162225,-1.60748,-0.579385,1.33219,-2.67851
-0.254027,372.404,0.00162254,-1.76336,-0.558335,1.49454,-3.00492
-0.254027,372.404,0.00162282,-1.91227,-0.535082,1.65099,-3.31948
-0.254027,372.404,0.0016231,-2.05364,-0.509717,1.80092,-3.62093
-0.254027,372.404,0.00162338,-2.18691,-0.48234,1.94374,-3.9081
-0.254027,372.404,0.00162366,-2.31154,-0.45306,2.0789,-4.17984
-0.254027,372.404,0.00162394,-2.42705,-0.421992,2.20585,-4.43508
-0.254027,372.404,0.00162423,-2.53298,-0.389258,2.32409,-4.67282
-0.254027,372.404,0.00162451,-2.62892,-0.354988,2.43316,-4.89212
-0.254027,372.404,0.00162479,-2.71448,-0.319317,2.53263,-5.09212
-0.254027,372.404,0.00162507,-2.78933,-0.282386,2.62211,-5.27201
-0.254027,372.404,0.00162535,-2.85317,-0.244341,2.70123,-5.43111
-0.254027,372.404,0.00162563,-2.90575,-0.205331,2.7697,-5.56876
-0.254027,372.404,0.00162592,-2.94686,-0.165511,2.82723,-5.68444
-0.254027,372.404,0.0016262,-2.97634,-0.125037,2.87361,-5.77769
-0.254027,372.404,0.00162648,-2.99408,-0.0840706,2.90864,-5.84813
-0.254027,372.404,0.00162676,-3,-0.0427719,2.9322,-5.89549
-0.254027,372.404,0.00162704,-2.99408,-0.00130453,2.94419,-5.91959
-0.254027,372.404,0.00162732,-2.97634,0.040168,2.94455,-5.92033
-0.254027,372.404,0.00162761,-2.94686,0.0814821,2.9333,-5.8977
-0.254027,372.404,0.00162789,-2.90575,0.122475,2.91046,-5.85179
-0.254027,372.404,0.00162817,-2.85317,0.162984,2.87615,-5.78279
-0.254027,372.404,0.00162845,-2.78933,0.20285,2.83048,-5.69097
-0.254027,372.404,0.00162873,-2.71448,0.241915,2.77364,-5.57669
-0.254027,372.404,0.00162901,-2.62892,0.280025,2.70585,-5.4404
-0.254027,372.404,0.0016293,-2.53298,0.317031,2.62739,-5.28264
-0.254027,372.404,0.00162958,-2.42705,0.352785,2.53856,-5.10403
-0.254027,372.404,0.00162986,-2.31154,0.387147,2.4397,-4.90528
-0.254027,372.404,0.00163014,-2.18691,0.419981,2.33122,-4.68716
-0.254027,372.404,0.00163042,-2.05364,0.451158,2.21354,-4.45056
-0.254027,372.404,0.0016307,-1.91227,0.480554,2.08713,-4.19638
-0.254027,372.404,0.00163099,-1.76336,0.508054,1.95247,-3.92565
-0.254027,372.404,0.00163127,-1.60748,0.533548,1.81011,-3.63942
-0.254027,372.404,0.00163155,-1.44526,0.556937,1.66061,-3.33883
-0.254027,372.404,0.00163183,-1.27734,0.578128,1.50455,-3.02506
-0.254027,372.404,0.00163211,-1.10437,0.597037,1.34256,-2.69936
-0.254027,372.404,0.00163239,-0.927051,0.61359,1.17527,-2.363
-0.254027,372.404,0.00163268,-0.74607,0.627722,1.00334,-2.01731
-0.254027,372.404,0.00163296,-0.562144,0.639376,0.827446,-1.66367
-0.254027,372.404,0.00163324,-0.376,0.648507,0.64829,-1.30345
-0.254027,372.404,0.00163352,-0.188372,0.655078,0.466575,-0.938098
-0.254027,372.404,0.0016338,1.6263e-017,0.659065,0.283019,-0.569039
-0.254027,372.404,0.00163408,0.188372,0.66045,0.0983463,-0.197735
-0.254027,372.404,0.00163437,0.376,0.659228,-0.0867147,0.174349
-0.254027,372.404,0.00163465,0.562144,0.655405,-0.271434,0.545745
-0.254027,372.404,0.00163493,0.74607,0.648996,-0.455081,0.914988
-0.254027,372.404,0.00163521,0.927051,0.640025,-0.636933,1.28062
-0.254027,372.404,0.00163549,1.10437,0.628528,-0.816271,1.6412
-0.254027,372.404,0.00163577,1.27734,0.614551,-0.992387,1.9953
-0.254027,372.404,0.00163606,1.44526,0.598148,-1.16459,2.34152
-0.254027,372.404,0.00163634,1.60748,0.579385,-1.33219,2.67851
-0.254027,372.404,0.00163662,1.76336,0.558335,-1.49454,3.00492
-0.254027,372.404,0.0016369,1.91227,0.535082,-1.65099,3.31948
-0.254027,372.404,0.00163718,2.05364,0.509717,-1.80092,3.62093
-0.254027,372.404,0.00163746,2.18691,0.48234,-1.94374,3.9081
-0.254027,372.404,0.00163775,2.31154,0.45306,-2.0789,4.17984
-0.254027,372.404,0.00163803,2.42705,0.421992,-2.20585,4.43508
-0.254027,372.404,0.00163831,2.53298,0.389258,-2.32409,4.67282
-0.254027,372.404,0.00163859,2.62892,0.354988,-2.43316,4.89212
-0.254027,372.404,0.00163887,2.71448,0.319317,-2.53263,5.09212
-0.254027,372.404,0.00163915,2.78933,0.282386,-2.62211,5.27201
-0.254027,372.404,0.00163944,2.85317,0.244341,-2.70123,5.43111
-0.254027,372.404,0.00163972,2.90575,0.205331,-2.7697,5.56876
-0.254027,372.404,0.00164,2.94686,0.165511,-2.82723,5.68444
-0.254027,372.404,0.00164028,2.97634,0.125037,-2.87361,5.77769
-0.254027,372.404,0.00164056,2.99408,0.0840706,-2.90864,5.84813
-0.254027,372.404,0.00164085,3,0.0427719,-2.9322,5.89549
-0.254027,372.404,0.00164113,2.99408,0.00130453,-2.94419,5.91959
-0.254027,372.404,0.00164141,2.97634,-0.040168,-2.94455,5.92033
-0.254027,372.404,0.00164169,2.94686,-0.0814821,-2.9333,5.8977
-0.254027,372.404,0.00164197,2.90575,-0.122475,-2.91047,5.85179
-0.254027,372.404,0.00164225,2.85317,-0.162984,-2.87615,5.78279
-0.254027,372.404,0.00164254,2.78933,-0.20285,-2.83048,5.69097
-0.254027,372.404,0.00164282,2.71448,-0.241915,-2.77364,5.57669
-0.254027,372.404,0.0016431,2.62892,-0.280025,-2.70585,5.4404
-0.254027,372.404,0.00164338,2.53298,-0.317031,-2.62739,5.28264
-0.254027,372.404,0.00164366,2.42705,-0.352785,-2.53856,5.10403
-0.254027,372.404,0.00164394,2.31154,-0.387147,-2.4397,4.90528
-0.254027,372.404,0.00164423,2.18691,-0.419981,-2.33122,4.68716
-0.254027,372.404,0.00164451,2.05364,-0.451158,-2.21354,4.45056
-0.254027,372.404,0.00164479,1.91227,-0.480554,-2.08713,4.19638
-0.254027,372.404,0.00164507,1.76336,-0.508054,-1.95247,3.92565
-0.254027,372.404,0.00164535,1.60748,-0.533548,-1.81011,3.63942
-0.254027,372.404,0.00164563,1.44526,-0.556937,-1.66061,3.33883
-0.254027,372.404,0.00164592,1.27734,-0.578128,-1.50455,3.02506
-0.254027,372.404,0.0016462,1.10437,-0.597037,-1.34256,2.69936
-0.254027,372.404,0.00164648,0.927051,-0.613591,-1.17527,2.363
-0.254027,372.404,0.00164676,0.74607,-0.627722,-1.00334,2.01731
-0.254027,372.404,0.00164704,0.562144,-0.639376,-0.827446,1.66367
-0.254027,372.404,0.00164732,0.376,-0.648507,-0.64829,1.30345
-0.254027,372.404,0.00164761,0.188372,-0.655078,-0.466575,0.938098
-0.254027,372.404,0.00164789,3.23255e-014,-0.659065,-0.283019,0.569039
-0.254027,372.404,0.00164817,-0.188372,-0.66045,-0.0983462,0.197735
-0.254027,372.404,0.00164845,-0.376,-0.659229,0.0867148,-0.174349
-0.254027,372.404,0.00164873,-0.562144,-0.655405,0.271434,-0.545745
-0.254027,372.404,0.00164901,-0.74607,-0.648996,0.455081,-0.914988
-0.254027,372.404,0.0016493,-0.927051,-0.640025,0.636933,-1.28062
-0.254027,372.404,0.00164958,-1.10437,-0.628528,0.816271,-1.6412
-0.254027,372.404,0.00164986,-1.27734,-0.614551,0.992387,-1.9953
-0.254027,372.404,0.00165014,-1.44526,-0.598148,1.16459,-2.34152
-0.254027,372.404,0.00165042,-1.60748,-0.579385,1.33219,-2.67851
-0.254027,372.404,0.0016507,-1.76336,-0.558335,1.49454,-3.00492
-0.254027,372.404,0.00165099,-1.91227,-0.535082,1.65099,-3.31948
-0.254027,372.404,0.00165127,-2.05364,-0.509717,1.80092,-3.62093
-0.254027,372.404,0.00165155,-2.18691,-0.48234,1.94374,-3.9081
-0.254027,372.404,0.00165183,-2.31154,-0.45306,2.0789,-4.17984
-0.254027,372.404,0.00165211,-2.42705,-0.421992,2.20585,-4.43508
-0.254027,372.404,0.00165239,-2.53298,-0.389258,2.32409,-4.67282
-0.254027,372.404,0.00165268,-2.62892,-0.354988,2.43316,-4.89212
-0.254027,372.404,0.00165296,-2.71448,-0.319317,2.53263,-5.09212
-0.254027,372.404,0.00165324,-2.78933,-0.282386,2.62211,-5.27201
-0.254027,372.404,0.00165352,-2.85317,-0.244341,2.70123,-5.43111
-0.254027,372.404,0.0016538,-2.90575,-0.205331,2.7697,-5.56876
-0.254027,372.404,0.00165408,-2.94686,-0.165511,2.82723,-5.68444
-0.254027,372.404,0.00165437,-2.97634,-0.125037,2.87361,-5.77769
-0.254027,372.404,0.00165465,-2.99408,-0.0840705,2.90864,-5.84813
-0.254027,372.404,0.00165493,-3,-0.0427719,2.9322,-5.89549
-0.254027,372.404,0.00165521,-2.99408,-0.00130452,2.94419,-5.91959
-0.254027,372.404,0.00165549,-2.97634,0.040168,2.94455,-5.92033
-0.254027,372.404,0.00165577,-2.94686,0.0814821,2.9333,-5.8977
-0.254027,372.404,0.00165606,-2.90575,0.122475,2.91047,-5.85179
-0.254027,372.404,0.00165634,-2.85317,0.162984,2.87615,-5.78279
-0.254027,372.404,0.00165662,-2.78933,0.20285,2.83048,-5.69097
-0.254027,372.404,0.0016569,-2.71448,0.241915,2.77364,-5.57669
-0.254027,372.404,0.00165718,-2.62892,0.280026,2.70585,-5.4404
-0.254027,372.404,0.00165746,-2.53298,0.317031,2.62739,-5.28264
-0.254027,372.404,0.00165775,-2.42705,0.352785,2.53856,-5.10403
-0.254027,372.404,0.00165803,-2.31154,0.387147,2.4397,-4.90528
-0.254027,372.404,0.00165831,-2.18691,0.419981,2.33122,-4.68716
-0.254027,372.404,0.00165859,-2.05364,0.451158,2.21354,-4.45056
-0.254027,372.404,0.00165887,-1.91227,0.480554,2.08713,-4.19638
-0.254027,372.404,0.00165915,-1.76336,0.508054,1.95247,-3.92565
-0.254027,372.404,0.00165944,-1.60748,0.533548,1.81011,-3.63942
-0.254027,372.404,0.00165972,-1.44526,0.556937,1.66061,-3.33883
-0.254027,372.404,0.00166,-1.27734,0.578128,1.50455,-3.02506
-0.254027,372.404,0.00166028,-1.10437,0.597037,1.34256,-2.69936
-0.254027,372.404,0.00166056,-0.927051,0.61359,1.17527,-2.363
-0.254027,372.404,0.00166085,-0.74607,0.627722,1.00334,-2.01731
-0.254027,372.404,0.00166113,-0.562144,0.639376,0.827446,-1.66367
-0.254027,372.404,0.00166141,-0.376,0.648507,0.64829,-1.30345
-0.254027,372.404,0.00166169,-0.188372,0.655078,0.466575,-0.938098
-0.254027,372.404,0.00166197,1.05863e-013,0.659065,0.283019,-0.569039
-0.254027,372.404,0.00166225,0.188372,0.66045,0.0983462,-0.197735
-0.254027,372.404,0.00166254,0.376,0.659228,-0.0867149,0.174349
-0.254027,372.404,0.00166282,0.562144,0.655405,-0.271434,0.545745
-0.254027,372.404,0.0016631,0.74607,0.648996,-0.455081,0.914988
-0.254027,372.404,0.00166338,0.927051,0.640025,-0.636933,1.28062
-0.254027,372.404,0.00166366,1.10437,0.628528,-0.816271,1.6412
-0.254027,372.404,0.00166394,1.27734,0.614551,-0.992387,1.9953
-0.254027,372.404,0.00166423,1.44526,0.598148,-1.16459,2.34152
-0.254027,372.404,0.00166451,1.60748,0.579385,-1.33219,2.67851
-0.254027,372.404,0.00166479,1.76336,0.558335,-1.49454,3.00492
-0.254027,372.404,0.00166507,1.91227,0.535082,-1.65099,3.31948
-0.254027,372.404,0.00166535,2.05364,0.509717,-1.80092,3.62093
-0.254027,372.404,0.00166563,2.18691,0.48234,-1.94374,3.9081
-0.254027,372.404,0.00166592,2.31154,0.45306,-2.0789,4.17984
-0.254027,372.404,0.0016662,2.42705,0.421992,-2.20585,4.43508
-0.254027,372.404,0.00166648,2.53298,0.389258,-2.32409,4.67282
-0.254027,372.404,0.00166676,2.62892,0.354988,-2.43316,4.89212
-0.254027,372.404,0.00166704,2.71448,0.319317,-2.53263,5.09212
-0.254027,372.404,0.00166732,2.78933,0.282386,-2.62211,5.27201
-0.254027,372.404,0.00166761,2.85317,0.244341,-2.70123,5.43111
-0.254027,372.404,0.00166789,2.90575,0.205331,-2.7697,5.56876
-0.254027,372.404,0.00166817,2.94686,0.165511,-2.82723,5.68444
-0.254027,372.404,0.00166845,2.97634,0.125037,-2.87361,5.77769
-0.254027,372.404,0.00166873,2.99408,0.0840705,-2.90864,5.84813
-0.254027,372.404,0.00166901,3,0.0427719,-2.9322,5.89549
-0.254027,372.404,0.0016693,2.99408,0.00130452,-2.94419,5.91959
-0.254027,372.404,0.00166958,2.97634,-0.040168,-2.94455,5.92033
-0.254027,372.404,0.00166986,2.94686,-0.0814821,-2.9333,5.8977
-0.254027,372.404,0.00167014,2.90575,-0.122475,-2.91046,5.85179
-0.254027,372.404,0.00167042,2.85317,-0.162984,-2.87615,5.78279
-0.254027,372.404,0.0016707,2.78933,-0.20285,-2.83048,5.69097
-0.254027,372.404,0.00167099,2.71448,-0.241915,-2.77364,5.57669
-0.254027,372.404,0.00167127,2.62892,-0.280025,-2.70585,5.4404
-0.254027,372.404,0.00167155,2.53298,-0.317031,-2.62739,5.28264
-0.254027,372.404,0.00167183,2.42705,-0.352785,-2.53856,5.10403
-0.254027,372.404,0.00167211,2.31154,-0.387147,-2.4397,4.90528
-0.254027,372.404,0.00167239,2.18691,-0.419981,-2.33122,4.68716
-0.254027,372.404,0.00167268,2.05364,-0.451158,-2.21354,4.45056
-0.254027,372.404,0.00167296,1.91227,-0.480554,-2.08713,4.19638
-0.254027,372.404,0.00167324,1.76336,-0.508054,-1.95247,3.92565
-0.254027,372.404,0.00167352,1.60748,-0.533548,-1.81011,3.63942
-0.254027,372.404,0.0016738,1.44526,-0.556937,-1.66061,3.33883
-0.254027,372.404,0.00167408,1.27734,-0.578128,-1.50455,3.02506
-0.254027,372.404,0.00167437,1.10437,-0.597037,-1.34256,2.69936
-0.254027,372.404,0.00167465,0.927051,-0.61359,-1.17527,2.363
-0.254027,372.404,0.00167493,0.74607,-0.627722,-1.00334,2.01731
-0.254027,372.404,0.00167521,0.562144,-0.639376,-0.827446,1.66367
-0.254027,372.404,0.00167549,0.376,-0.648507,-0.64829,1.30345
-0.254027,372.404,0.00167577,0.188372,-0.655078,-0.466575,0.938098
-0.254027,372.404,0.00167606,9.70092e-014,-0.659065,-0.283019,0.569039
-0.254027,372.404,0.00167634,-0.188372,-0.66045,-0.0983462,0.197735
-0.254027,372.404,0.00167662,-0.376,-0.659228,0.0867148,-0.174349
-0.254027,372.404,0.0016769,-0.562144,-0.655405,0.271434,-0.545745
-0.254027,372.404,0.00167718,-0.74607,-0.648996,0.455081,-0.914988
-0.254027,372.404,0.00167746,-0.927051,-0.640025,0.636933,-1.28062
-0.254027,372.404,0.00167775,-1.10437,-0.628528,0.816271,-1.6412
-0.254027,372.404,0.00167803,-1.27734,-0.614551,0.992387,-1.9953
-0.254027,372.404,0.00167831,-1.44526,-0.598148,1.16459,-2.34152
-0.254027,372.404,0.00167859,-1.60748,-0.579385,1.33219,-2.67851
-0.254027,372.404,0.00167887,-1.76336,-0.558335,1.49454,-3.00492
-0.254027,372.404,0.00167915,-1.91227,-0.535082,1.65099,-3.31948
-0.254027,372.404,0.00167944,-2.05364,-0.509717,1.80092,-3.62093
-0.254027,372.404,0.00167972,-2.18691,-0.48234,1.94374,-3.9081
-0.254027,372.404,0.00168,-2.31154,-0.45306,2.0789,-4.17984
-0.254027,372.404,0.00168028,-2.42705,-0.421992,2.20585,-4.43508
-0.254027,372.404,0.00168056,-2.53298,-0.389258,2.32409,-4.67282
-0.254027,372.404,0.00168085,-2.62892,-0.354988,2.43316,-4.89212
-0.254027,372.404,0.00168113,-2.71448,-0.319317,2.53263,-5.09212
-0.254027,372.404,0.00168141,-2.78933,-0.282386,2.62211,-5.27201
-0.254027,372.404,0.00168169,-2.85317,-0.244341,2.70123,-5.43111
-0.254027,372.404,0.00168197,-2.90575,-0.205331,2.7697,-5.56876
-0.254027,372.404,0.00168225,-2.94686,-0.165511,2.82723,-5.68444
-0.254027,372.404,0.00168254,-2.97634,-0.125037,2.87361,-5.77769
-0.254027,372.404,0.00168282,-2.99408,-0.0840706,2.90864,-5.84813
-0.254027,372.404,0.0016831,-3,-0.0427719,2.9322,-5.89549
-0.254027,372.404,0.00168338,-2.99408,-0.00130453,2.94419,-5.91959
-0.254027,372.404,0.00168366,-2.97634,0.040168,2.94455,-5.92033
-0.254027,372.404,0.00168394,-2.94686,0.0814821,2.9333,-5.8977
-0.254027,372.404,0.00168423,-2.90575,0.122475,2.91046,-5.85179
-0.254027,372.404,0.00168451,-2.85317,0.162984,2.87615,-5.78279
-0.254027,372.404,0.00168479,-2.78933,0.20285,2.83048,-5.69097
-0.254027,372.404,0.00168507,-2.71448,0.241915,2.77364,-5.57669
-0.254027,372.404,0.00168535,-2.62892,0.280025,2.70585,-5.4404
-0.254027,372.404,0.00168563,-2.53298,0.317031,2.62739,-5.28264
-0.254027,372.404,0.00168592,-2.42705,0.352785,2.53856,-5.10403
-0.254027,372.404,0.0016862,-2.31154,0.387147,2.4397,-4.90528
-0.254027,372.404,0.00168648,-2.18691,0.419981,2.33122,-4.68716
-0.254027,372.404,0.00168676,-2.05364,0.451158,2.21354,-4.45056
-0.254027,372.404,0.00168704,-1.91227,0.480554,2.08713,-4.19638
-0.254027,372.404,0.00168732,-1.76336,0.508054,1.95247,-3.92565
-0.254027,372.404,0.00168761,-1.60748,0.533548,1.81011,-3.63942
-0.254027,372.404,0.00168789,-1.44526,0.556937,1.66061,-3.33883
-0.254027,372.404,0.00168817,-1.27734,0.578128,1.50455,-3.02506
-0.254027,372.404,0.00168845,-1.10437,0.597037,1.34256,-2.69936
-0.254027,372.404,0.00168873,-0.927051,0.61359,1.17527,-2.363
-0.254027,372.404,0.00168901,-0.74607,0.627722,1.00334,-2.01731
-0.254027,372.404,0.0016893,-0.562144,0.639376,0.827446,-1.66367
-0.254027,372.404,0.00168958,-0.376,0.648507,0.64829,-1.30345
-0.254027,372.404,0.00168986,-0.188372,0.655078,0.466575,-0.938098
