Amp, Phaseshift, Time, Vd, Vr, VL, VC
0.325975,372.09,0,0,0,0,0
0.325975,372.09,1.43885e-007,0.188372,0.00135519,0.188372,0
0.325975,372.09,2.8777e-007,0.376,0.00405048,0.374645,0.000389983
0.325975,372.09,4.31655e-007,0.562144,0.00806273,0.557703,0.00155559
0.325975,372.09,5.7554e-007,0.74607,0.0133609,0.736451,0.0038758
0.325975,372.09,7.19424e-007,0.927051,0.0199064,0.909814,0.00772067
0.325975,372.09,8.63309e-007,1.10437,0.0276527,1.07675,0.0134491
0.325975,372.09,1.00719e-006,1.27734,0.0365465,1.23624,0.0214067
0.325975,372.09,1.15108e-006,1.44526,0.0465272,1.38731,0.0319237
0.325975,372.09,1.29496e-006,1.60748,0.0575274,1.52903,0.0453128
0.325975,372.09,1.43885e-006,1.76336,0.0694735,1.66052,0.0618675
0.325975,372.09,1.58273e-006,1.91227,0.082286,1.78093,0.0818599
0.325975,372.09,1.72662e-006,2.05364,0.0958795,1.8895,0.105539
0.325975,372.09,1.8705e-006,2.18691,0.110164,1.98549,0.133131
0.325975,372.09,2.01439e-006,2.31154,0.125043,2.06825,0.164832
0.325975,372.09,2.15827e-006,2.42705,0.140418,2.13718,0.200816
0.325975,372.09,2.30216e-006,2.53298,0.156186,2.19175,0.241224
0.325975,372.09,2.44604e-006,2.62892,0.17224,2.23151,0.28617
0.325975,372.09,2.58993e-006,2.71448,0.188471,2.25607,0.335735
0.325975,372.09,2.73381e-006,2.78933,0.204767,2.26512,0.389972
0.325975,372.09,2.8777e-006,2.85317,0.221015,2.25843,0.448897
0.325975,372.09,3.02158e-006,2.90575,0.2371,2.23584,0.512499
0.325975,372.09,3.16547e-006,2.94686,0.252907,2.19726,0.580729
0.325975,372.09,3.30935e-006,2.97634,0.268323,2.14271,0.653508
0.325975,372.09,3.45324e-006,2.99408,0.283231,2.07225,0.730723
0.325975,372.09,3.59712e-006,3,0.297519,1.98605,0.812228
0.325975,372.09,3.74101e-006,2.99408,0.311075,1.88433,0.897845
0.325975,372.09,3.88489e-006,2.97634,0.323791,1.76742,0.987364
0.325975,372.09,4.02878e-006,2.94686,0.335558,1.63571,1.08054
0.325975,372.09,4.17266e-006,2.90575,0.346275,1.48965,1.1771
0.325975,372.09,4.31655e-006,2.85317,0.355842,1.32979,1.27675
0.325975,372.09,4.46043e-006,2.78933,0.364164,1.15674,1.37915
0.325975,372.09,4.60432e-006,2.71448,0.371151,0.971165,1.48395
0.325975,372.09,4.7482e-006,2.62892,0.376718,0.773822,1.59075
0.325975,372.09,4.89209e-006,2.53298,0.380786,0.565512,1.69916
0.325975,372.09,5.03597e-006,2.42705,0.383283,0.347103,1.80874
0.325975,372.09,5.17986e-006,2.31154,0.384143,0.119516,1.91904
0.325975,372.09,5.32374e-006,2.18691,0.383307,-0.116275,2.02958
0.325975,372.09,5.46763e-006,2.05364,0.380722,-0.359248,2.13989
0.325975,372.09,5.61151e-006,1.91227,0.376346,-0.608337,2.24945
0.325975,372.09,5.7554e-006,1.76336,0.370141,-0.862437,2.35775
0.325975,372.09,5.89928e-006,1.60748,0.362081,-1.12041,2.46426
0.325975,372.09,6.04317e-006,1.44526,0.352145,-1.38108,2.56846
0.325975,372.09,6.18705e-006,1.27734,0.340323,-1.64327,2.6698
0.325975,372.09,6.33094e-006,1.10437,0.326612,-1.90574,2.76773
0.325975,372.09,6.47482e-006,0.927051,0.31102,-2.16729,2.86172
0.325975,372.09,6.61871e-006,0.74607,0.293562,-2.42667,2.95122
0.325975,372.09,6.76259e-006,0.562144,0.274263,-2.68264,3.0357
0.325975,372.09,6.90647e-006,0.376,0.253155,-2.93396,3.11462
0.325975,372.09,7.05036e-006,0.188372,0.230282,-3.17941,3.18747
0.325975,372.09,7.19424e-006,1.69965e-015,0.205693,-3.41776,3.25374
0.325975,372.09,7.33813e-006,-0.188372,0.17945,-3.64781,3.31294
0.325975,372.09,7.48201e-006,-0.376,0.15162,-3.86839,3.36458
0.325975,372.09,7.6259e-006,-0.562144,0.122279,-4.07834,3.40821
0.325975,372.09,7.76978e-006,-0.74607,0.0915128,-4.27656,3.4434
0.325975,372.09,7.91367e-006,-0.927051,0.0594124,-4.46196,3.46973
0.325975,372.09,8.05755e-006,-1.10437,0.0260778,-4.63352,3.48683
0.325975,372.09,8.20144e-006,-1.27734,-0.00838442,-4.79024,3.49433
0.325975,372.09,8.34532e-006,-1.44526,-0.0438607,-4.93121,3.49192
0.325975,372.09,8.48921e-006,-1.60748,-0.0802315,-5.05554,3.4793
0.325975,372.09,8.63309e-006,-1.76336,-0.117371,-5.16242,3.45621
0.325975,372.09,8.77698e-006,-1.91227,-0.155149,-5.25111,3.42243
0.325975,372.09,8.92086e-006,-2.05364,-0.193429,-5.32093,3.37779
0.325975,372.09,9.06475e-006,-2.18691,-0.232071,-5.37126,3.32212
0.325975,372.09,9.20863e-006,-2.31154,-0.270932,-5.40159,3.25534
0.325975,372.09,9.35252e-006,-2.42705,-0.309863,-5.41146,3.17737
0.325975,372.09,9.4964e-006,-2.53298,-0.348715,-5.40049,3.0882
0.325975,372.09,9.64029e-006,-2.62892,-0.387337,-5.36841,2.98785
0.325975,372.09,9.78417e-006,-2.71448,-0.425574,-5.315,2.87639
0.325975,372.09,9.92806e-006,-2.78933,-0.463273,-5.24015,2.75392
0.325975,372.09,1.00719e-005,-2.85317,-0.500279,-5.14382,2.62061
0.325975,372.09,1.02158e-005,-2.90575,-0.536438,-5.02608,2.47664
0.325975,372.09,1.03597e-005,-2.94686,-0.571597,-4.88707,2.32227
0.325975,372.09,1.05036e-005,-2.97634,-0.605604,-4.72702,2.15778
0.325975,372.09,1.06475e-005,-2.99408,-0.638311,-4.54626,1.98351
0.325975,372.09,1.07914e-005,-3,-0.669571,-4.3452,1.79982
0.325975,372.09,1.09353e-005,-2.99408,-0.699243,-4.12433,1.60714
0.325975,372.09,1.10791e-005,-2.97634,-0.727187,-3.88424,1.40592
0.325975,372.09,1.1223e-005,-2.94686,-0.753271,-3.62559,1.19666
0.325975,372.09,1.13669e-005,-2.90575,-0.777365,-3.34913,0.979887
0.325975,372.09,1.15108e-005,-2.85317,-0.799348,-3.05569,0.756185
0.325975,372.09,1.16547e-005,-2.78933,-0.819105,-2.74617,0.526157
0.325975,372.09,1.17986e-005,-2.71448,-0.836526,-2.42153,0.290443
0.325975,372.09,1.19424e-005,-2.62892,-0.851511,-2.08284,0.0497164
0.325975,372.09,1.20863e-005,-2.53298,-0.863965,-1.73119,-0.195323
0.325975,372.09,1.22302e-005,-2.42705,-0.873805,-1.36776,-0.443946
0.325975,372.09,1.23741e-005,-2.31154,-0.880955,-0.993789,-0.6954
0.325975,372.09,1.2518e-005,-2.18691,-0.885347,-0.610551,-0.948913
0.325975,372.09,1.26619e-005,-2.05364,-0.886925,-0.219382,-1.20369
0.325975,372.09,1.28058e-005,-1.91227,-0.885642,0.178342,-1.45892
0.325975,372.09,1.29496e-005,-1.76336,-0.881461,0.581206,-1.71378
0.325975,372.09,1.30935e-005,-1.60748,-0.874355,0.987761,-1.96744
0.325975,372.09,1.32374e-005,-1.44526,-0.864308,1.39653,-2.21905
0.325975,372.09,1.33813e-005,-1.27734,-0.851315,1.80602,-2.46777
0.325975,372.09,1.35252e-005,-1.10437,-0.835382,2.21471,-2.71276
0.325975,372.09,1.36691e-005,-0.927051,-0.816525,2.62109,-2.95315
0.325975,372.09,1.38129e-005,-0.74607,-0.794772,3.02361,-3.18812
0.325975,372.09,1.39568e-005,-0.562144,-0.770163,3.42075,-3.41684
0.325975,372.09,1.41007e-005,-0.376,-0.742745,3.811,-3.63847
0.325975,372.09,1.42446e-005,-0.188372,-0.712581,4.19284,-3.8522
0.325975,372.09,1.43885e-005,-3.3993e-015,-0.679741,4.56479,-4.05726
0.325975,372.09,1.45324e-005,0.188372,-0.644307,4.92538,-4.25287
0.325975,372.09,1.46763e-005,0.376,-0.60637,5.27318,-4.43829
0.325975,372.09,1.48201e-005,0.562144,-0.566033,5.6068,-4.61278
0.325975,372.09,1.4964e-005,0.74607,-0.523408,5.92488,-4.77567
0.325975,372.09,1.51079e-005,0.927051,-0.478616,6.22613,-4.92629
0.325975,372.09,1.52518e-005,1.10437,-0.431787,6.50928,-5.06402
0.325975,372.09,1.53957e-005,1.27734,-0.383059,6.77314,-5.18827
0.325975,372.09,1.55396e-005,1.44526,-0.33258,7.01659,-5.29851
0.325975,372.09,1.56835e-005,1.60748,-0.280504,7.23857,-5.39421
0.325975,372.09,1.58273e-005,1.76336,-0.226993,7.43807,-5.47493
0.325975,372.09,1.59712e-005,1.91227,-0.172214,7.6142,-5.54026
0.325975,372.09,1.61151e-005,2.05364,-0.116343,7.76611,-5.58981
0.325975,372.09,1.6259e-005,2.18691,-0.0595582,7.89306,-5.62329
0.325975,372.09,1.64029e-005,2.31154,-0.00204461,7.99439,-5.64043
0.325975,372.09,1.65468e-005,2.42705,0.0560096,8.06953,-5.64102
0.325975,372.09,1.66906e-005,2.53298,0.114412,8.118,-5.6249
0.325975,372.09,1.68345e-005,2.62892,0.172969,8.13941,-5.59198
0.325975,372.09,1.69784e-005,2.71448,0.231484,8.13349,-5.5422
0.325975,372.09,1.71223e-005,2.78933,0.289757,8.10005,-5.47559
0.325975,372.09,1.72662e-005,2.85317,0.347592,8.039,-5.39221
0.325975,372.09,1.74101e-005,2.90575,0.404789,7.95036,-5.29218
0.325975,372.09,1.7554e-005,2.94686,0.46115,7.83425,-5.17569
0.325975,372.09,1.76978e-005,2.97634,0.51648,7.69089,-5.04299
0.325975,372.09,1.78417e-005,2.99408,0.570585,7.52059,-4.89436
0.325975,372.09,1.79856e-005,3,0.623274,7.32378,-4.73016
0.325975,372.09,1.81295e-005,2.99408,0.674361,7.10097,-4.5508
0.325975,372.09,1.82734e-005,2.97634,0.723661,6.85279,-4.35674
0.325975,372.09,1.84173e-005,2.94686,0.770999,6.57994,-4.1485
0.325975,372.09,1.85612e-005,2.90575,0.816202,6.28325,-3.92663
0.325975,372.09,1.8705e-005,2.85317,0.859106,5.96359,-3.69175
0.325975,372.09,1.88489e-005,2.78933,0.899552,5.62197,-3.44452
0.325975,372.09,1.89928e-005,2.71448,0.937389,5.25945,-3.18566
0.325975,372.09,1.91367e-005,2.62892,0.972477,4.87719,-2.91591
0.325975,372.09,1.92806e-005,2.53298,1.00468,4.47641,-2.63606
0.325975,372.09,1.94245e-005,2.42705,1.03388,4.05843,-2.34694
0.325975,372.09,1.95683e-005,2.31154,1.05996,3.6246,-2.04942
0.325975,372.09,1.97122e-005,2.18691,1.08281,3.17637,-1.7444
0.325975,372.09,1.98561e-005,2.05364,1.10234,2.71523,-1.4328
0.325975,372.09,2e-005,1.91227,1.11848,2.24273,-1.11558
0.325975,372.09,2.01439e-005,1.76336,1.13114,1.76046,-0.793716
0.325975,372.09,2.02878e-005,1.60748,1.14028,1.27006,-0.468208
0.325975,372.09,2.04317e-005,1.44526,1.14584,0.773191,-0.14007
0.325975,372.09,2.05755e-005,1.27734,1.14779,0.271568,0.189668
0.325975,372.09,2.07194e-005,1.10437,1.14612,-0.233088,0.519968
0.325975,372.09,2.08633e-005,0.927051,1.1408,-0.739035,0.849786
0.325975,372.09,2.10072e-005,0.74607,1.13185,-1.24452,1.17807
0.325975,372.09,2.11511e-005,0.562144,1.11927,-1.74778,1.50379
0.325975,372.09,2.1295e-005,0.376,1.10311,-2.24706,1.82588
0.325975,372.09,2.14388e-005,0.188372,1.08339,-2.74061,2.14332
0.325975,372.09,2.15827e-005,1.10215e-015,1.06018,-3.22671,2.45509
0.325975,372.09,2.17266e-005,-0.188372,1.03353,-3.70363,2.76017
0.325975,372.09,2.18705e-005,-0.376,1.00353,-4.1697,3.05759
0.325975,372.09,2.20144e-005,-0.562144,0.970273,-4.62327,3.34638
0.325975,372.09,2.21583e-005,-0.74607,0.933851,-5.06272,3.62559
0.325975,372.09,2.23022e-005,-0.927051,0.894379,-5.4865,3.89433
0.325975,372.09,2.2446e-005,-1.10437,0.851983,-5.89308,4.1517
0.325975,372.09,2.25899e-005,-1.27734,0.806796,-6.28102,4.39688
0.325975,372.09,2.27338e-005,-1.44526,0.758962,-6.64894,4.62905
0.325975,372.09,2.28777e-005,-1.60748,0.708635,-6.99549,4.84746
0.325975,372.09,2.30216e-005,-1.76336,0.655977,-7.31945,5.05138
0.325975,372.09,2.31655e-005,-1.91227,0.601159,-7.61963,5.24015
0.325975,372.09,2.33094e-005,-2.05364,0.544361,-7.89495,5.41315
0.325975,372.09,2.34532e-005,-2.18691,0.485768,-8.14441,5.5698
0.325975,372.09,2.35971e-005,-2.31154,0.425573,-8.3671,5.70959
0.325975,372.09,2.3741e-005,-2.42705,0.363974,-8.56221,5.83205
0.325975,372.09,2.38849e-005,-2.53298,0.301176,-8.72901,5.93679
0.325975,372.09,2.40288e-005,-2.62892,0.237385,-8.86689,6.02346
0.325975,372.09,2.41727e-005,-2.71448,0.172815,-8.97533,6.09178
0.325975,372.09,2.43165e-005,-2.78933,0.107678,-9.05392,6.14151
0.325975,372.09,2.44604e-005,-2.85317,0.0421938,-9.10235,6.17249
0.325975,372.09,2.46043e-005,-2.90575,-0.0234208,-9.12044,6.18463
0.325975,372.09,2.47482e-005,-2.94686,-0.0889465,-9.10808,6.1779
0.325975,372.09,2.48921e-005,-2.97634,-0.154164,-9.06529,6.1523
0.325975,372.09,2.5036e-005,-2.99408,-0.218857,-8.99221,6.10794
0.325975,372.09,2.51799e-005,-3,-0.282807,-8.88908,6.04495
0.325975,372.09,2.53237e-005,-2.99408,-0.345801,-8.75623,5.96357
0.325975,372.09,2.54676e-005,-2.97634,-0.407629,-8.59411,5.86406
0.325975,372.09,2.56115e-005,-2.94686,-0.468085,-8.40329,5.74676
0.325975,372.09,2.57554e-005,-2.90575,-0.526966,-8.18442,5.61206
0.325975,372.09,2.58993e-005,-2.85317,-0.584075,-7.93826,5.46041
0.325975,372.09,2.60432e-005,-2.78933,-0.639224,-7.66567,5.29233
0.325975,372.09,2.61871e-005,-2.71448,-0.692228,-7.36759,5.10838
0.325975,372.09,2.63309e-005,-2.62892,-0.742912,-7.04507,4.90918
0.325975,372.09,2.64748e-005,-2.53298,-0.791108,-6.69925,4.69539
0.325975,372.09,2.66187e-005,-2.42705,-0.836657,-6.33134,4.46774
0.325975,372.09,2.67626e-005,-2.31154,-0.87941,-5.94262,4.22697
0.325975,372.09,2.69065e-005,-2.18691,-0.919226,-5.53447,3.9739
0.325975,372.09,2.70504e-005,-2.05364,-0.955977,-5.10832,3.70938
0.325975,372.09,2.71942e-005,-1.91227,-0.989543,-4.66567,3.43428
0.325975,372.09,2.73381e-005,-1.76336,-1.01982,-4.20809,3.14952
0.325975,372.09,2.7482e-005,-1.60748,-1.0467,-3.73718,2.85604
0.325975,372.09,2.76259e-005,-1.44526,-1.07012,-3.2546,2.55483
0.325975,372.09,2.77698e-005,-1.27734,-1.08999,-2.76205,2.24689
0.325975,372.09,2.79137e-005,-1.10437,-1.10626,-2.26127,1.93322
0.325975,372.09,2.80576e-005,-0.927051,-1.11888,-1.75402,1.61487
0.325975,372.09,2.82014e-005,-0.74607,-1.12781,-1.24207,1.29289
0.325975,372.09,2.83453e-005,-0.562144,-1.13304,-0.727228,0.968345
0.325975,372.09,2.84892e-005,-0.376,-1.13456,-0.211302,0.642289
0.325975,372.09,2.86331e-005,-0.188372,-1.13238,0.303902,0.315796
0.325975,372.09,2.8777e-005,-6.7986e-015,-1.1265,0.81658,-0.0100673
0.325975,372.09,2.89209e-005,0.188372,-1.11697,1.32494,-0.334241
0.325975,372.09,2.90647e-005,0.376,-1.10382,1.82721,-0.655671
0.325975,372.09,2.92086e-005,0.562144,-1.08712,2.32164,-0.973318
0.325975,372.09,2.93525e-005,0.74607,-1.06693,2.80651,-1.28616
0.325975,372.09,2.94964e-005,0.927051,-1.04333,3.28014,-1.59319
0.325975,372.09,2.96403e-005,1.10437,-1.01642,3.7409,-1.89343
0.325975,372.09,2.97842e-005,1.27734,-0.986297,4.18719,-2.18592
0.325975,372.09,2.99281e-005,1.44526,-0.953078,4.61748,-2.46975
0.325975,372.09,3.00719e-005,1.60748,-0.916888,5.03031,-2.74402
0.325975,372.09,3.02158e-005,1.76336,-0.877865,5.42426,-3.00787
0.325975,372.09,3.03597e-005,1.91227,-0.836153,5.79801,-3.26049
0.325975,372.09,3.05036e-005,2.05364,-0.791906,6.15029,-3.50111
0.325975,372.09,3.06475e-005,2.18691,-0.745288,6.47993,-3.729
0.325975,372.09,3.07914e-005,2.31154,-0.696469,6.78583,-3.94347
0.325975,372.09,3.09353e-005,2.42705,-0.645627,7.06699,-4.14389
0.325975,372.09,3.10791e-005,2.53298,-0.592947,7.3225,-4.32969
0.325975,372.09,3.1223e-005,2.62892,-0.53862,7.55155,-4.50032
0.325975,372.09,3.13669e-005,2.71448,-0.48284,7.75342,-4.65532
0.325975,372.09,3.15108e-005,2.78933,-0.425807,7.92749,-4.79426
0.325975,372.09,3.16547e-005,2.85317,-0.367726,8.07324,-4.9168
0.325975,372.09,3.17986e-005,2.90575,-0.308804,8.19027,-5.02262
0.325975,372.09,3.19424e-005,2.94686,-0.249248,8.27828,-5.11148
0.325975,372.09,3.20863e-005,2.97634,-0.189269,8.33707,-5.18321
0.325975,372.09,3.22302e-005,2.99408,-0.129078,8.36656,-5.23767
0.325975,372.09,3.23741e-005,3,-0.0688851,8.36675,-5.27482
0.325975,372.09,3.2518e-005,2.99408,-0.00890103,8.33778,-5.29464
0.325975,372.09,3.26619e-005,2.97634,0.0506665,8.27989,-5.2972
0.325975,372.09,3.28058e-005,2.94686,0.109612,8.1934,-5.28262
0.325975,372.09,3.29496e-005,2.90575,0.167732,8.07876,-5.25108
0.325975,372.09,3.30935e-005,2.85317,0.22483,7.93652,-5.20281
0.325975,372.09,3.32374e-005,2.78933,0.28071,7.76731,-5.13811
0.325975,372.09,3.33813e-005,2.71448,0.335184,7.57188,-5.05733
0.325975,372.09,3.35252e-005,2.62892,0.388069,7.35107,-4.96088
0.325975,372.09,3.36691e-005,2.53298,0.43919,7.10579,-4.8492
0.325975,372.09,3.38129e-005,2.42705,0.488377,6.83706,-4.72282
0.325975,372.09,3.39568e-005,2.31154,0.535471,6.54598,-4.58228
0.325975,372.09,3.41007e-005,2.18691,0.580317,6.23371,-4.42818
0.325975,372.09,3.42446e-005,2.05364,0.622774,5.90151,-4.26119
0.325975,372.09,3.43885e-005,1.91227,0.662707,5.55068,-4.08197
0.325975,372.09,3.45324e-005,1.76336,0.699992,5.18262,-3.89126
0.325975,372.09,3.46763e-005,1.60748,0.734516,4.79875,-3.68983
0.325975,372.09,3.48201e-005,1.44526,0.766175,4.40057,-3.47846
0.325975,372.09,3.4964e-005,1.27734,0.794877,3.98962,-3.25797
0.325975,372.09,3.51079e-005,1.10437,0.820542,3.56747,-3.02923
0.325975,372.09,3.52518e-005,0.927051,0.843101,3.13574,-2.79311
0.325975,372.09,3.53957e-005,0.74607,0.862498,2.69607,-2.55049
0.325975,372.09,3.55396e-005,0.562144,0.878686,2.25013,-2.30229
0.325975,372.09,3.56835e-005,0.376,0.891632,1.7996,-2.04943
0.325975,372.09,3.58273e-005,0.188372,0.901317,1.34617,-1.79284
0.325975,372.09,3.59712e-005,1.83691e-015,0.907731,0.891524,-1.53347
0.325975,372.09,3.61151e-005,-0.188372,0.910877,0.437367,-1.27225
0.325975,372.09,3.6259e-005,-0.376,0.910772,-0.0146253,-1.01013
0.325975,372.09,3.64029e-005,-0.562144,0.907443,-0.462787,-0.748036
0.325975,372.09,3.65468e-005,-0.74607,0.900929,-0.905476,-0.486901
0.325975,372.09,3.66906e-005,-0.927051,0.891281,-1.34108,-0.227641
0.325975,372.09,3.68345e-005,-1.10437,0.878561,-1.76801,0.0288422
0.325975,372.09,3.69784e-005,-1.27734,0.862843,-2.18474,0.281665
0.325975,372.09,3.71223e-005,-1.44526,0.844212,-2.58977,0.529966
0.325975,372.09,3.72662e-005,-1.60748,0.822761,-2.98166,0.772904
0.325975,372.09,3.74101e-005,-1.76336,0.798596,-3.35902,1.00967
0.325975,372.09,3.7554e-005,-1.91227,0.771829,-3.72054,1.23948
0.325975,372.09,3.76978e-005,-2.05364,0.742585,-4.06495,1.46159
0.325975,372.09,3.78417e-005,-2.18691,0.710994,-4.39108,1.67528
0.325975,372.09,3.79856e-005,-2.31154,0.677197,-4.69782,1.87989
0.325975,372.09,3.81295e-005,-2.42705,0.64134,-4.98414,2.07476
0.325975,372.09,3.82734e-005,-2.53298,0.603577,-5.24909,2.25932
0.325975,372.09,3.84173e-005,-2.62892,0.564067,-5.49182,2.43301
0.325975,372.09,3.85612e-005,-2.71448,0.522977,-5.71156,2.59534
0.325975,372.09,3.8705e-005,-2.78933,0.480476,-5.90764,2.74583
0.325975,372.09,3.88489e-005,-2.85317,0.436739,-6.07948,2.8841
0.325975,372.09,3.89928e-005,-2.90575,0.391943,-6.22659,3.00978
0.325975,372.09,3.91367e-005,-2.94686,0.34627,-6.34858,3.12257
0.325975,372.09,3.92806e-005,-2.97634,0.299902,-6.44518,3.22221
0.325975,372.09,3.94245e-005,-2.99408,0.253022,-6.5162,3.30852
0.325975,372.09,3.95683e-005,-3,0.205817,-6.56154,3.38133
0.325975,372.09,3.97122e-005,-2.99408,0.15847,-6.58123,3.44056
0.325975,372.09,3.98561e-005,-2.97634,0.111165,-6.57537,3.48616
0.325975,372.09,4e-005,-2.94686,0.0640849,-6.54419,3.51815
0.325975,372.09,4.01439e-005,-2.90575,0.0174088,-6.48798,3.53659
0.325975,372.09,4.02878e-005,-2.85317,-0.028686,-6.40717,3.5416
0.325975,372.09,4.04317e-005,-2.78933,-0.0740259,-6.30224,3.53335
0.325975,372.09,4.05755e-005,-2.71448,-0.118442,-6.1738,3.51204
0.325975,372.09,4.07194e-005,-2.62892,-0.161769,-6.02252,3.47796
0.325975,372.09,4.08633e-005,-2.53298,-0.20385,-5.84917,3.43141
0.325975,372.09,4.10072e-005,-2.42705,-0.24453,-5.65461,3.37275
0.325975,372.09,4.11511e-005,-2.31154,-0.283665,-5.43976,3.30238
0.325975,372.09,4.1295e-005,-2.18691,-0.321116,-5.20562,3.22075
0.325975,372.09,4.14388e-005,-2.05364,-0.356751,-4.95327,3.12834
0.325975,372.09,4.15827e-005,-1.91227,-0.390448,-4.68386,3.02568
0.325975,372.09,4.17266e-005,-1.76336,-0.422092,-4.39859,2.91332
0.325975,372.09,4.18705e-005,-1.60748,-0.451579,-4.09871,2.79185
0.325975,372.09,4.20144e-005,-1.44526,-0.478813,-3.78554,2.6619
0.325975,372.09,4.21583e-005,-1.27734,-0.503708,-3.46043,2.52411
0.325975,372.09,4.23022e-005,-1.10437,-0.526189,-3.12478,2.37916
0.325975,372.09,4.2446e-005,-0.927051,-0.546189,-2.78002,2.22774
0.325975,372.09,4.25899e-005,-0.74607,-0.563654,-2.42762,2.07056
0.325975,372.09,4.27338e-005,-0.562144,-0.578539,-2.06905,1.90836
0.325975,372.09,4.28777e-005,-0.376,-0.590811,-1.70582,1.74188
0.325975,372.09,4.30216e-005,-0.188372,-0.600448,-1.33944,1.57186
0.325975,372.09,4.31655e-005,-2.20429e-015,-0.607436,-0.971411,1.39907
0.325975,372.09,4.33094e-005,0.188372,-0.611776,-0.60326,1.22427
0.325975,372.09,4.34532e-005,0.376,-0.613477,-0.23649,1.04822
0.325975,372.09,4.35971e-005,0.562144,-0.612561,0.127406,0.871675
0.325975,372.09,4.3741e-005,0.74607,-0.609058,0.486956,0.695398
0.325975,372.09,4.38849e-005,0.927051,-0.603009,0.84071,0.52013
0.325975,372.09,4.40288e-005,1.10437,-0.594468,1.18725,0.346602
0.325975,372.09,4.41727e-005,1.27734,-0.583495,1.5252,0.175532
0.325975,372.09,4.43165e-005,1.44526,-0.570163,1.85322,0.00762003
0.325975,372.09,4.44604e-005,1.60748,-0.554551,2.17002,-0.156456
0.325975,372.09,4.46043e-005,1.76336,-0.53675,2.47436,-0.316039
0.325975,372.09,4.47482e-005,1.91227,-0.516857,2.76506,-0.470499
0.325975,372.09,4.48921e-005,2.05364,-0.49498,3.041,-0.619235
0.325975,372.09,4.5036e-005,2.18691,-0.471231,3.30112,-0.761675
0.325975,372.09,4.51799e-005,2.31154,-0.445731,3.54445,-0.897281
0.325975,372.09,4.53237e-005,2.42705,-0.418608,3.77006,-1.02555
0.325975,372.09,4.54676e-005,2.53298,-0.389996,3.97714,-1.14601
0.325975,372.09,4.56115e-005,2.62892,-0.360032,4.16493,-1.25824
0.325975,372.09,4.57554e-005,2.71448,-0.328861,4.33275,-1.36185
0.325975,372.09,4.58993e-005,2.78933,-0.296631,4.48004,-1.45648
0.325975,372.09,4.60432e-005,2.85317,-0.263492,4.60628,-1.54184
0.325975,372.09,4.61871e-005,2.90575,-0.229599,4.71109,-1.61767
0.325975,372.09,4.63309e-005,2.94686,-0.195109,4.79413,-1.68374
0.325975,372.09,4.64748e-005,2.97634,-0.16018,4.85519,-1.73989
0.325975,372.09,4.66187e-005,2.99408,-0.12497,4.89415,-1.78598
0.325975,372.09,4.67626e-005,3,-0.0896395,4.91095,-1.82195
0.325975,372.09,4.69065e-005,2.99408,-0.0543469,4.90567,-1.84774
0.325975,372.09,4.70504e-005,2.97634,-0.0192503,4.87843,-1.86338
0.325975,372.09,4.71942e-005,2.94686,0.0154943,4.82949,-1.86892
0.325975,372.09,4.73381e-005,2.90575,0.049733,4.75918,-1.86446
0.325975,372.09,4.7482e-005,2.85317,0.083315,4.6679,-1.85015
0.325975,372.09,4.76259e-005,2.78933,0.116093,4.55616,-1.82617
0.325975,372.09,4.77698e-005,2.71448,0.147924,4.42456,-1.79277
0.325975,372.09,4.79137e-005,2.62892,0.178671,4.27376,-1.7502
0.325975,372.09,4.80576e-005,2.53298,0.2082,4.10451,-1.69878
0.325975,372.09,4.82014e-005,2.42705,0.236384,3.91763,-1.63887
0.325975,372.09,4.83453e-005,2.31154,0.263104,3.71402,-1.57084
0.325975,372.09,4.84892e-005,2.18691,0.288245,3.49465,-1.49513
0.325975,372.09,4.86331e-005,2.05364,0.311702,3.26053,-1.41218
0.325975,372.09,4.8777e-005,1.91227,0.333377,3.01275,-1.32248
0.325975,372.09,4.89209e-005,1.76336,0.353179,2.75246,-1.22655
0.325975,372.09,4.90647e-005,1.60748,0.371026,2.48085,-1.12491
0.325975,372.09,4.92086e-005,1.44526,0.386848,2.19915,-1.01814
0.325975,372.09,4.93525e-005,1.27734,0.400579,1.90863,-0.906821
0.325975,372.09,4.94964e-005,1.10437,0.412166,1.61062,-0.791546
0.325975,372.09,4.96403e-005,0.927051,0.421565,1.30643,-0.672937
0.325975,372.09,4.97842e-005,0.74607,0.428741,0.997442,-0.551624
0.325975,372.09,4.99281e-005,0.562144,0.433669,0.685027,-0.428245
0.325975,372.09,5.00719e-005,0.376,0.436335,0.370576,-0.303448
0.325975,372.09,5.02158e-005,0.188372,0.436734,0.0554851,-0.177884
0.325975,372.09,5.03597e-005,1.32298e-014,0.434872,-0.25885,-0.0522056
0.325975,372.09,5.05036e-005,-0.188372,0.430764,-0.571038,0.0729374
0.325975,372.09,5.06475e-005,-0.376,0.424435,-0.879701,0.196898
0.325975,372.09,5.07914e-005,-0.562144,0.415921,-1.18348,0.319038
0.325975,372.09,5.09353e-005,-0.74607,0.405266,-1.48103,0.438727
0.325975,372.09,5.10791e-005,-0.927051,0.392524,-1.77104,0.55535
0.325975,372.09,5.1223e-005,-1.10437,0.37776,-2.05225,0.668307
0.325975,372.09,5.13669e-005,-1.27734,0.361045,-2.3234,0.777015
0.325975,372.09,5.15108e-005,-1.44526,0.34246,-2.58332,0.880913
0.325975,372.09,5.16547e-005,-1.60748,0.322094,-2.83085,0.979462
0.325975,372.09,5.17986e-005,-1.76336,0.300044,-3.06491,1.07215
0.325975,372.09,5.19424e-005,-1.91227,0.276415,-3.28447,1.15849
0.325975,372.09,5.20863e-005,-2.05364,0.251318,-3.48855,1.23804
0.325975,372.09,5.22302e-005,-2.18691,0.22487,-3.67626,1.31036
0.325975,372.09,5.23741e-005,-2.31154,0.197195,-3.84677,1.37507
0.325975,372.09,5.2518e-005,-2.42705,0.168423,-3.99932,1.43182
0.325975,372.09,5.26619e-005,-2.53298,0.138688,-4.13322,1.48028
0.325975,372.09,5.28058e-005,-2.62892,0.108127,-4.24789,1.52019
0.325975,372.09,5.29496e-005,-2.71448,0.076884,-4.3428,1.55131
0.325975,372.09,5.30935e-005,-2.78933,0.0451032,-4.41752,1.57344
0.325975,372.09,5.32374e-005,-2.85317,0.0129326,-4.47171,1.58641
0.325975,372.09,5.33813e-005,-2.90575,-0.0194781,-4.5051,1.59014
0.325975,372.09,5.35252e-005,-2.94686,-0.0519783,-4.51752,1.58453
0.325975,372.09,5.36691e-005,-2.97634,-0.0844164,-4.5089,1.56957
0.325975,372.09,5.38129e-005,-2.99408,-0.116641,-4.47924,1.54528
0.325975,372.09,5.39568e-005,-3,-0.148502,-4.42864,1.51172
0.325975,372.09,5.41007e-005,-2.99408,-0.179849,-4.35729,1.46898
0.325975,372.09,5.42446e-005,-2.97634,-0.210536,-4.26548,1.41723
0.325975,372.09,5.43885e-005,-2.94686,-0.240418,-4.15355,1.35664
0.325975,372.09,5.45324e-005,-2.90575,-0.269353,-4.02197,1.28745
0.325975,372.09,5.46763e-005,-2.85317,-0.297204,-3.87127,1.20994
0.325975,372.09,5.48201e-005,-2.78933,-0.323837,-3.70207,1.12442
0.325975,372.09,5.4964e-005,-2.71448,-0.349126,-3.51506,1.03123
0.325975,372.09,5.51079e-005,-2.62892,-0.372946,-3.31102,0.930759
0.325975,372.09,5.52518e-005,-2.53298,-0.395182,-3.0908,0.823436
0.325975,372.09,5.53957e-005,-2.42705,-0.415724,-2.85531,0.709715
0.325975,372.09,5.55396e-005,-2.31154,-0.434468,-2.60553,0.590082
0.325975,372.09,5.56835e-005,-2.18691,-0.451321,-2.34252,0.465055
0.325975,372.09,5.58273e-005,-2.05364,-0.466194,-2.06738,0.335179
0.325975,372.09,5.59712e-005,-1.91227,-0.479009,-1.78126,0.201022
0.325975,372.09,5.61151e-005,-1.76336,-0.489695,-1.48537,0.0631776
0.325975,372.09,5.6259e-005,-1.60748,-0.498191,-1.18096,-0.0777418
0.325975,372.09,5.64029e-005,-1.44526,-0.504445,-0.869328,-0.221106
0.325975,372.09,5.65468e-005,-1.27734,-0.508415,-0.551786,-0.36627
0.325975,372.09,5.66906e-005,-1.10437,-0.510068,-0.229688,-0.512577
0.325975,372.09,5.68345e-005,-0.927051,-0.50938,0.0955934,-0.659359
0.325975,372.09,5.69784e-005,-0.74607,-0.506339,0.422669,-0.805943
0.325975,372.09,5.71223e-005,-0.562144,-0.500942,0.750138,-0.951652
0.325975,372.09,5.72662e-005,-0.376,-0.493197,1.07659,-1.09581
0.325975,372.09,5.74101e-005,-0.188372,-0.483121,1.40063,-1.23774
0.325975,372.09,5.7554e-005,-1.35972e-014,-0.47074,1.72086,-1.37676
0.325975,372.09,5.76978e-005,0.188372,-0.456094,2.03587,-1.51223
0.325975,372.09,5.78417e-005,0.376,-0.439228,2.34432,-1.64348
0.325975,372.09,5.79856e-005,0.562144,-0.4202,2.64485,-1.76987
0.325975,372.09,5.81295e-005,0.74607,-0.399077,2.93614,-1.8908
0.325975,372.09,5.82734e-005,0.927051,-0.375934,3.21692,-2.00564
0.325975,372.09,5.84173e-005,1.10437,-0.350855,3.48594,-2.11382
0.325975,372.09,5.85612e-005,1.27734,-0.323934,3.74201,-2.21479
0.325975,372.09,5.8705e-005,1.44526,-0.295272,3.98398,-2.308
0.325975,372.09,5.88489e-005,1.60748,-0.264979,4.21076,-2.39297
0.325975,372.09,5.89928e-005,1.76336,-0.233171,4.42131,-2.46923
0.325975,372.09,5.91367e-005,1.91227,-0.199972,4.61467,-2.53633
0.325975,372.09,5.92806e-005,2.05364,-0.165512,4.78994,-2.59387
0.325975,372.09,5.94245e-005,2.18691,-0.129927,4.94629,-2.6415
0.325975,372.09,5.95683e-005,2.31154,-0.0933591,5.08297,-2.67889
0.325975,372.09,5.97122e-005,2.42705,-0.0559541,5.1993,-2.70576
0.325975,372.09,5.98561e-005,2.53298,-0.0178627,5.2947,-2.72186
0.325975,372.09,6e-005,2.62892,0.0207606,5.36864,-2.727
0.325975,372.09,6.01439e-005,2.71448,0.0597586,5.42072,-2.72103
0.325975,372.09,6.02878e-005,2.78933,0.0989715,5.4506,-2.70383
0.325975,372.09,6.04317e-005,2.85317,0.138238,5.45803,-2.67535
0.325975,372.09,6.05755e-005,2.90575,0.177395,5.44286,-2.63557
0.325975,372.09,6.07194e-005,2.94686,0.21628,5.40503,-2.58452
0.325975,372.09,6.08633e-005,2.97634,0.254731,5.34458,-2.52228
0.325975,372.09,6.10072e-005,2.99408,0.292584,5.26163,-2.44898
0.325975,372.09,6.11511e-005,3,0.32968,5.15639,-2.36478
0.325975,372.09,6.1295e-005,2.99408,0.365861,5.02918,-2.26991
0.325975,372.09,6.14388e-005,2.97634,0.400972,4.88039,-2.16462
0.325975,372.09,6.15827e-005,2.94686,0.434861,4.71051,-2.04923
0.325975,372.09,6.17266e-005,2.90575,0.46738,4.52012,-1.92409
0.325975,372.09,6.18705e-005,2.85317,0.498386,4.30988,-1.7896
0.325975,372.09,6.20144e-005,2.78933,0.527742,4.08054,-1.64618
0.325975,372.09,6.21583e-005,2.71448,0.555317,3.83292,-1.49431
0.325975,372.09,6.23022e-005,2.62892,0.580986,3.56791,-1.3345
0.325975,372.09,6.2446e-005,2.53298,0.60463,3.2865,-1.16731
0.325975,372.09,6.25899e-005,2.42705,0.626139,2.98974,-0.993321
0.325975,372.09,6.27338e-005,2.31154,0.64541,2.67872,-0.813137
0.325975,372.09,6.28777e-005,2.18691,0.66235,2.35463,-0.627408
0.325975,372.09,6.30216e-005,2.05364,0.676873,2.0187,-0.436803
0.325975,372.09,6.31655e-005,1.91227,0.688903,1.6722,-0.24202
0.325975,372.09,6.33094e-005,1.76336,0.698374,1.31647,-0.0437743
0.325975,372.09,6.34532e-005,1.60748,0.705229,0.952881,0.157197
0.325975,372.09,6.35971e-005,1.44526,0.709422,0.582835,0.36014
0.325975,372.09,6.3741e-005,1.27734,0.710917,0.207775,0.564291
0.325975,372.09,6.38849e-005,1.10437,0.709688,-0.170834,0.768871
0.325975,372.09,6.40288e-005,0.927051,0.70572,-0.551508,0.973098
0.325975,372.09,6.41727e-005,0.74607,0.69901,-0.932749,1.17618
0.325975,372.09,6.43165e-005,0.562144,0.689564,-1.31305,1.37734
0.325975,372.09,6.44604e-005,0.376,0.677399,-1.6909,1.57577
0.325975,372.09,6.46043e-005,0.188372,0.662544,-2.0648,1.77071
0.325975,372.09,6.47482e-005,1.39646e-014,0.645039,-2.43325,1.96137
0.325975,372.09,6.48921e-005,-0.188372,0.624932,-2.79478,2.14699
0.325975,372.09,6.5036e-005,-0.376,0.602285,-3.14792,2.32683
0.325975,372.09,6.51799e-005,-0.562144,0.577169,-3.49126,2.50015
0.325975,372.09,6.53237e-005,-0.74607,0.549662,-3.82338,2.66624
0.325975,372.09,6.54676e-005,-0.927051,0.519857,-4.14295,2.82441
0.325975,372.09,6.56115e-005,-1.10437,0.487852,-4.44864,2.97401
0.325975,372.09,6.57554e-005,-1.27734,0.453757,-4.7392,3.1144
0.325975,372.09,6.58993e-005,-1.44526,0.417689,-5.01342,3.24498
0.325975,372.09,6.60432e-005,-1.60748,0.379775,-5.27015,3.36518
0.325975,372.09,6.61871e-005,-1.76336,0.340147,-5.50831,3.47447
0.325975,372.09,6.63309e-005,-1.91227,0.298946,-5.72688,3.57235
0.325975,372.09,6.64748e-005,-2.05364,0.25632,-5.92494,3.65838
0.325975,372.09,6.66187e-005,-2.18691,0.212424,-6.1016,3.73214
0.325975,372.09,6.67626e-005,-2.31154,0.167416,-6.2561,3.79327
0.325975,372.09,6.69065e-005,-2.42705,0.121461,-6.38774,3.84145
0.325975,372.09,6.70504e-005,-2.53298,0.0747281,-6.49589,3.8764
0.325975,372.09,6.71942e-005,-2.62892,0.0273897,-6.58005,3.8979
0.325975,372.09,6.73381e-005,-2.71448,-0.0203785,-6.63977,3.90578
0.325975,372.09,6.7482e-005,-2.78933,-0.0683982,-6.67474,3.89992
0.325975,372.09,6.76259e-005,-2.85317,-0.116489,-6.68469,3.88024
0.325975,372.09,6.77698e-005,-2.90575,-0.164471,-6.6695,3.84672
0.325975,372.09,6.79137e-005,-2.94686,-0.212163,-6.62911,3.79939
0.325975,372.09,6.80576e-005,-2.97634,-0.259383,-6.56357,3.73833
0.325975,372.09,6.82014e-005,-2.99408,-0.305951,-6.47303,3.66369
0.325975,372.09,6.83453e-005,-3,-0.35169,-6.35774,3.57565
0.325975,372.09,6.84892e-005,-2.99408,-0.396424,-6.21803,3.47444
0.325975,372.09,6.86331e-005,-2.97634,-0.439981,-6.05436,3.36036
0.325975,372.09,6.8777e-005,-2.94686,-0.482191,-5.86724,3.23375
0.325975,372.09,6.89209e-005,-2.90575,-0.522891,-5.65731,3.09499
0.325975,372.09,6.90647e-005,-2.85317,-0.561922,-5.42526,2.94451
0.325975,372.09,6.92086e-005,-2.78933,-0.59913,-5.17192,2.78281
0.325975,372.09,6.93525e-005,-2.71448,-0.634369,-4.89816,2.6104
0.325975,372.09,6.94964e-005,-2.62892,-0.667498,-4.60495,2.42785
0.325975,372.09,6.96403e-005,-2.53298,-0.698385,-4.29333,2.23576
0.325975,372.09,6.97842e-005,-2.42705,-0.726906,-3.96443,2.03479
0.325975,372.09,6.99281e-005,-2.31154,-0.752945,-3.61942,1.82561
0.325975,372.09,7.00719e-005,-2.18691,-0.776395,-3.25957,1.60893
0.325975,372.09,7.02158e-005,-2.05364,-0.797159,-2.88618,1.38551
0.325975,372.09,7.03597e-005,-1.91227,-0.815149,-2.50062,1.15611
0.325975,372.09,7.05036e-005,-1.76336,-0.830288,-2.10432,0.921533
0.325975,372.09,7.06475e-005,-1.60748,-0.842509,-1.69873,0.682602
0.325975,372.09,7.07914e-005,-1.44526,-0.851756,-1.28535,0.440153
0.325975,372.09,7.09353e-005,-1.27734,-0.857985,-0.865734,0.195043
0.325975,372.09,7.10791e-005,-1.10437,-0.86116,-0.441432,-0.051859
0.325975,372.09,7.1223e-005,-0.927051,-0.861261,-0.0140314,-0.299675
0.325975,372.09,7.13669e-005,-0.74607,-0.858277,0.414867,-0.54752
0.325975,372.09,7.15108e-005,-0.562144,-0.852207,0.843653,-0.794506
0.325975,372.09,7.16547e-005,-0.376,-0.843066,1.27071,-1.03975
0.325975,372.09,7.17986e-005,-0.188372,-0.830875,1.69444,-1.28235
0.325975,372.09,7.19424e-005,-3.67382e-015,-0.815672,2.11323,-1.52146
0.325975,372.09,7.20863e-005,0.188372,-0.797503,2.5255,-1.75618
0.325975,372.09,7.22302e-005,0.376,-0.776426,2.92968,-1.98568
0.325975,372.09,7.23741e-005,0.562144,-0.752511,3.32425,-2.20911
0.325975,372.09,7.2518e-005,0.74607,-0.725837,3.70769,-2.42566
0.325975,372.09,7.26619e-005,0.927051,-0.696495,4.07855,-2.63453
0.325975,372.09,7.28058e-005,1.10437,-0.664585,4.4354,-2.83496
0.325975,372.09,7.29496e-005,1.27734,-0.630219,4.77689,-3.02621
0.325975,372.09,7.30935e-005,1.44526,-0.593516,5.10169,-3.20757
0.325975,372.09,7.32374e-005,1.60748,-0.554606,5.40857,-3.37837
0.325975,372.09,7.33813e-005,1.76336,-0.513625,5.69633,-3.53796
0.325975,372.09,7.35252e-005,1.91227,-0.47072,5.96386,-3.68577
0.325975,372.09,7.36691e-005,2.05364,-0.426042,6.21013,-3.82123
0.325975,372.09,7.38129e-005,2.18691,-0.379753,6.43418,-3.94383
0.325975,372.09,7.39568e-005,2.31154,-0.332019,6.63512,-4.05311
0.325975,372.09,7.41007e-005,2.42705,-0.28301,6.81218,-4.14866
0.325975,372.09,7.42446e-005,2.53298,-0.232905,6.96465,-4.2301
0.325975,372.09,7.43885e-005,2.62892,-0.181884,7.09192,-4.29712
0.325975,372.09,7.45324e-005,2.71448,-0.130132,7.19349,-4.34946
0.325975,372.09,7.46763e-005,2.78933,-0.0778376,7.26892,-4.38691
0.325975,372.09,7.48201e-005,2.85317,-0.0251907,7.31792,-4.40931
0.325975,372.09,7.4964e-005,2.90575,0.0276169,7.34025,-4.41656
0.325975,372.09,7.51079e-005,2.94686,0.0803925,7.3358,-4.40861
0.325975,372.09,7.52518e-005,2.97634,0.132943,7.30456,-4.38548
0.325975,372.09,7.53957e-005,2.99408,0.185077,7.24662,-4.34722
0.325975,372.09,7.55396e-005,3,0.236603,7.16214,-4.29396
0.325975,372.09,7.56835e-005,2.99408,0.287333,7.05144,-4.22587
0.325975,372.09,7.58273e-005,2.97634,0.337081,6.91489,-4.14319
0.325975,372.09,7.59712e-005,2.94686,0.385663,6.75297,-4.04619
0.325975,372.09,7.61151e-005,2.90575,0.432902,6.56627,-3.9352
0.325975,372.09,7.6259e-005,2.85317,0.478625,6.35547,-3.81063
0.325975,372.09,7.64029e-005,2.78933,0.522664,6.12133,-3.67289
0.325975,372.09,7.65468e-005,2.71448,0.564856,5.86471,-3.52249
0.325975,372.09,7.66906e-005,2.62892,0.605047,5.58655,-3.35994
0.325975,372.09,7.68345e-005,2.53298,0.643089,5.28788,-3.18582
0.325975,372.09,7.69784e-005,2.42705,0.678843,4.96979,-3.00076
0.325975,372.09,7.71223e-005,2.31154,0.712177,4.63346,-2.80541
0.325975,372.09,7.72662e-005,2.18691,0.74297,4.28014,-2.60047
0.325975,372.09,7.74101e-005,2.05364,0.771107,3.91114,-2.38667
0.325975,372.09,7.7554e-005,1.91227,0.796487,3.52783,-2.16476
0.325975,372.09,7.76978e-005,1.76336,0.819017,3.13163,-1.93556
0.325975,372.09,7.78417e-005,1.60748,0.838614,2.72402,-1.69987
0.325975,372.09,7.79856e-005,1.44526,0.855208,2.30652,-1.45854
0.325975,372.09,7.81295e-005,1.27734,0.868738,1.88067,-1.21244
0.325975,372.09,7.82734e-005,1.10437,0.879156,1.44808,-0.962443
0.325975,372.09,7.84173e-005,0.927051,0.886425,1.01034,-0.709449
0.325975,372.09,7.85612e-005,0.74607,0.890519,0.569094,-0.454363
0.325975,372.09,7.8705e-005,0.562144,0.891425,0.125988,-0.198098
0.325975,372.09,7.88489e-005,0.376,0.889142,-0.317327,0.058427
0.325975,372.09,7.89928e-005,0.188372,0.88368,-0.759198,0.314295
0.325975,372.09,7.91367e-005,1.46993e-014,0.875062,-1.19798,0.568592
0.325975,372.09,7.92806e-005,-0.188372,0.863321,-1.63203,0.820408
0.325975,372.09,7.94245e-005,-0.376,0.848502,-2.05973,1.06885
0.325975,372.09,7.95683e-005,-0.562144,0.830664,-2.47949,1.31302
0.325975,372.09,7.97122e-005,-0.74607,0.809875,-2.88975,1.55206
0.325975,372.09,7.98561e-005,-0.927051,0.786213,-3.28898,1.78512
0.325975,372.09,8e-005,-1.10437,0.759769,-3.6757,2.01136
0.325975,372.09,8.01439e-005,-1.27734,0.730643,-4.04847,2.23
0.325975,372.09,8.02878e-005,-1.44526,0.698946,-4.40591,2.44026
0.325975,372.09,8.04317e-005,-1.60748,0.664797,-4.74669,2.6414
0.325975,372.09,8.05755e-005,-1.76336,0.628326,-5.06955,2.8327
0.325975,372.09,8.07194e-005,-1.91227,0.589669,-5.3733,3.01352
0.325975,372.09,8.08633e-005,-2.05364,0.548972,-5.65683,3.18321
0.325975,372.09,8.10072e-005,-2.18691,0.506389,-5.91909,3.34118
0.325975,372.09,8.11511e-005,-2.31154,0.462079,-6.15911,3.48691
0.325975,372.09,8.1295e-005,-2.42705,0.416208,-6.37604,3.61988
0.325975,372.09,8.14388e-005,-2.53298,0.368949,-6.56907,3.73965
0.325975,372.09,8.15827e-005,-2.62892,0.320477,-6.73752,3.84582
0.325975,372.09,8.17266e-005,-2.71448,0.270975,-6.88078,3.93805
0.325975,372.09,8.18705e-005,-2.78933,0.220627,-6.99835,4.01603
0.325975,372.09,8.20144e-005,-2.85317,0.169621,-7.08982,4.07952
0.325975,372.09,8.21583e-005,-2.90575,0.118147,-7.15489,4.12833
0.325975,372.09,8.23022e-005,-2.94686,0.0663967,-7.19334,4.16233
0.325975,372.09,8.2446e-005,-2.97634,0.0145617,-7.20507,4.18143
0.325975,372.09,8.25899e-005,-2.99408,-0.0371655,-7.19008,4.18563
0.325975,372.09,8.27338e-005,-3,-0.0885933,-7.14846,4.17493
0.325975,372.09,8.28777e-005,-2.99408,-0.139532,-7.08042,4.14944
0.325975,372.09,8.30216e-005,-2.97634,-0.189792,-6.98625,4.10928
0.325975,372.09,8.31655e-005,-2.94686,-0.239191,-6.86635,4.05467
0.325975,372.09,8.33094e-005,-2.90575,-0.287545,-6.72123,3.98583
0.325975,372.09,8.34532e-005,-2.85317,-0.334677,-6.55146,3.90309
0.325975,372.09,8.35971e-005,-2.78933,-0.380417,-6.35774,3.80678
0.325975,372.09,8.3741e-005,-2.71448,-0.424595,-6.14084,3.69731
0.325975,372.09,8.38849e-005,-2.62892,-0.467053,-5.90163,3.57512
0.325975,372.09,8.40288e-005,-2.53298,-0.507636,-5.64105,3.44072
0.325975,372.09,8.41727e-005,-2.42705,-0.546198,-5.36013,3.29463
0.325975,372.09,8.43165e-005,-2.31154,-0.582601,-5.05997,3.13745
0.325975,372.09,8.44604e-005,-2.18691,-0.616714,-4.74176,2.9698
0.325975,372.09,8.46043e-005,-2.05364,-0.648417,-4.40673,2.79233
0.325975,372.09,8.47482e-005,-1.91227,-0.677599,-4.05618,2.60573
0.325975,372.09,8.48921e-005,-1.76336,-0.704156,-3.69149,2.41074
0.325975,372.09,8.5036e-005,-1.60748,-0.727998,-3.31406,2.20811
0.325975,372.09,8.51799e-005,-1.44526,-0.749044,-2.92537,1.99861
0.325975,372.09,8.53237e-005,-1.27734,-0.767223,-2.5269,1.78306
0.325975,372.09,8.54676e-005,-1.10437,-0.782476,-2.12021,1.56227
0.325975,372.09,8.56115e-005,-0.927051,-0.794756,-1.70685,1.3371
0.325975,372.09,8.57554e-005,-0.74607,-0.804025,-1.28841,1.10839
0.325975,372.09,8.58993e-005,-0.562144,-0.810259,-0.866512,0.877019
0.325975,372.09,8.60432e-005,-0.376,-0.813444,-0.44276,0.643851
0.325975,372.09,8.61871e-005,-0.188372,-0.813579,-0.0187785,0.409767
0.325975,372.09,8.63309e-005,-4.40858e-015,-0.810674,0.403813,0.175643
0.325975,372.09,0.000791511,0.188372,-0.691004,1.44702,-0.759085
0.325975,372.09,0.000791655,0.376,-0.677866,1.82609,-0.957935
0.325975,372.09,0.000791799,0.562144,-0.662054,2.19794,-1.153
0.325975,372.09,0.000791942,0.74607,-0.643628,2.56113,-1.34352
0.325975,372.09,0.000792086,0.927051,-0.622663,2.9142,-1.52874
0.325975,372.09,0.00079223,1.10437,-0.59924,3.25578,-1.70792
0.325975,372.09,0.000792374,1.27734,-0.573452,3.5845,-1.88037
0.325975,372.09,0.000792518,1.44526,-0.545401,3.89908,-2.04539
0.325975,372.09,0.000792662,1.60748,-0.515198,4.19827,-2.20234
0.325975,372.09,0.000792806,1.76336,-0.482961,4.48089,-2.3506
0.325975,372.09,0.00079295,1.91227,-0.448819,4.74583,-2.48958
0.325975,372.09,0.000793094,2.05364,-0.412905,4.99204,-2.61874
0.325975,372.09,0.000793237,2.18691,-0.375361,5.21855,-2.73756
0.325975,372.09,0.000793381,2.31154,-0.336336,5.42446,-2.84557
0.325975,372.09,0.000793525,2.42705,-0.295984,5.60896,-2.94236
0.325975,372.09,0.000793669,2.53298,-0.254464,5.77133,-3.02754
0.325975,372.09,0.000793813,2.62892,-0.211939,5.91092,-3.10076
0.325975,372.09,0.000793957,2.71448,-0.168578,6.02718,-3.16175
0.325975,372.09,0.000794101,2.78933,-0.124552,6.11966,-3.21027
0.325975,372.09,0.000794245,2.85317,-0.0800339,6.18799,-3.24611
0.325975,372.09,0.000794388,2.90575,-0.0352001,6.23189,-3.26914
0.325975,372.09,0.000794532,2.94686,0.00977254,6.2512,-3.27927
0.325975,372.09,0.000794676,2.97634,0.0547066,6.24584,-3.27646
0.325975,372.09,0.00079482,2.99408,0.0994248,6.21583,-3.26071
0.325975,372.09,0.000794964,3,0.143751,6.16129,-3.2321
0.325975,372.09,0.000795108,2.99408,0.187509,6.08243,-3.19074
0.325975,372.09,0.000795252,2.97634,0.230528,5.97957,-3.13678
0.325975,372.09,0.000795396,2.94686,0.272636,5.85311,-3.07044
0.325975,372.09,0.00079554,2.90575,0.313669,5.70355,-2.99198
0.325975,372.09,0.000795683,2.85317,0.353464,5.53148,-2.90172
0.325975,372.09,0.000795827,2.78933,0.391864,5.33758,-2.8
0.325975,372.09,0.000795971,2.71448,0.428717,5.12262,-2.68723
0.325975,372.09,0.000796115,2.62892,0.463879,4.88744,-2.56386
0.325975,372.09,0.000796259,2.53298,0.497209,4.63297,-2.43037
0.325975,372.09,0.000796403,2.42705,0.528578,4.36021,-2.28729
0.325975,372.09,0.000796547,2.31154,0.55786,4.07025,-2.13518
0.325975,372.09,0.000796691,2.18691,0.584941,3.76423,-1.97465
0.325975,372.09,0.000796835,2.05364,0.609713,3.44335,-1.80632
0.325975,372.09,0.000796978,1.91227,0.632079,3.10888,-1.63086
0.325975,372.09,0.000797122,1.76336,0.651951,2.76214,-1.44897
0.325975,372.09,0.000797266,1.60748,0.669249,2.4045,-1.26136
0.325975,372.09,0.00079741,1.44526,0.683906,2.03737,-1.06877
0.325975,372.09,0.000797554,1.27734,0.695865,1.6622,-0.871958
0.325975,372.09,0.000797698,1.10437,0.705077,1.28047,-0.671709
0.325975,372.09,0.000797842,0.927051,0.711506,0.893683,-0.468809
0.325975,372.09,0.000797986,0.74607,0.715127,0.503373,-0.264059
0.325975,372.09,0.000798129,0.562144,0.715927,0.111076,-0.0582671
0.325975,372.09,0.000798273,0.376,0.7139,-0.28166,0.147755
0.325975,372.09,0.000798417,0.188372,0.709056,-0.673284,0.353194
0.325975,372.09,0.000798561,8.80497e-015,0.701414,-1.06225,0.557239
0.325975,372.09,0.000798705,-0.188372,0.691004,-1.44702,0.759085
0.325975,372.09,0.000798849,-0.376,0.677867,-1.82609,0.957935
0.325975,372.09,0.000798993,-0.562144,0.662054,-2.19795,1.153
0.325975,372.09,0.000799137,-0.74607,0.643629,-2.56113,1.34352
0.325975,372.09,0.000799281,-0.927051,0.622663,-2.9142,1.52874
0.325975,372.09,0.000799424,-1.10437,0.599241,-3.25578,1.70792
0.325975,372.09,0.000799568,-1.27734,0.573453,-3.5845,1.88037
0.325975,372.09,0.000799712,-1.44526,0.545402,-3.89908,2.04539
0.325975,372.09,0.000799856,-1.60748,0.515198,-4.19827,2.20234
0.325975,372.09,0.0008,-1.76336,0.482962,-4.48089,2.3506
0.325975,372.09,0.000800144,-1.91227,0.448819,-4.74583,2.48958
0.325975,372.09,0.000800288,-2.05364,0.412905,-4.99204,2.61874
0.325975,372.09,0.000800432,-2.18691,0.375362,-5.21855,2.73756
0.325975,372.09,0.000800576,-2.31154,0.336337,-5.42446,2.84558
0.325975,372.09,0.000800719,-2.42705,0.295984,-5.60896,2.94236
0.325975,372.09,0.000800863,-2.53298,0.254464,-5.77133,3.02754
0.325975,372.09,0.000801007,-2.62892,0.211939,-5.91092,3.10077
0.325975,372.09,0.000801151,-2.71448,0.168578,-6.02719,3.16176
0.325975,372.09,0.000801295,-2.78933,0.124552,-6.11966,3.21027
0.325975,372.09,0.000801439,-2.85317,0.0800341,-6.18799,3.24611
0.325975,372.09,0.000801583,-2.90575,0.0352003,-6.23189,3.26914
0.325975,372.09,0.000801727,-2.94686,-0.00977235,-6.2512,3.27927
0.325975,372.09,0.000801871,-2.97634,-0.0547065,-6.24584,3.27646
0.325975,372.09,0.000802014,-2.99408,-0.0994247,-6.21583,3.26072
0.325975,372.09,0.000802158,-3,-0.143751,-6.16129,3.2321
0.325975,372.09,0.000802302,-2.99408,-0.187509,-6.08243,3.19074
0.325975,372.09,0.000802446,-2.97634,-0.230528,-5.97957,3.13678
0.325975,372.09,0.00080259,-2.94686,-0.272636,-5.85311,3.07044
0.325975,372.09,0.000802734,-2.90575,-0.313669,-5.70355,2.99198
0.325975,372.09,0.000802878,-2.85317,-0.353464,-5.53148,2.90172
0.325975,372.09,0.000803022,-2.78933,-0.391864,-5.33758,2.8
0.325975,372.09,0.000803165,-2.71448,-0.428717,-5.12262,2.68724
0.325975,372.09,0.000803309,-2.62892,-0.463879,-4.88744,2.56386
0.325975,372.09,0.000803453,-2.53298,-0.497209,-4.63297,2.43037
0.325975,372.09,0.000803597,-2.42705,-0.528578,-4.36022,2.28729
0.325975,372.09,0.000803741,-2.31154,-0.55786,-4.07025,2.13518
0.325975,372.09,0.000803885,-2.18691,-0.584941,-3.76423,1.97465
0.325975,372.09,0.000804029,-2.05364,-0.609713,-3.44335,1.80632
0.325975,372.09,0.000804173,-1.91227,-0.632079,-3.10888,1.63086
0.325975,372.09,0.000804317,-1.76336,-0.651951,-2.76214,1.44897
0.325975,372.09,0.00080446,-1.60748,-0.669249,-2.4045,1.26136
0.325975,372.09,0.000804604,-1.44526,-0.683907,-2.03737,1.06877
0.325975,372.09,0.000804748,-1.27734,-0.695865,-1.6622,0.87196
0.325975,372.09,0.000804892,-1.10437,-0.705077,-1.28047,0.671711
0.325975,372.09,0.000805036,-0.927051,-0.711506,-0.893685,0.468811
0.325975,372.09,0.00080518,-0.74607,-0.715128,-0.503375,0.264061
0.325975,372.09,0.000805324,-0.562144,-0.715927,-0.111078,0.0582691
0.325975,372.09,0.000805468,-0.376,-0.7139,0.281658,-0.147753
0.325975,372.09,0.000805612,-0.188372,-0.709057,0.673282,-0.353192
0.325975,372.09,0.000805755,-2.11677e-013,-0.701415,1.06225,-0.557237
0.325975,372.09,0.000805899,0.188372,-0.691004,1.44702,-0.759083
0.325975,372.09,0.000806043,0.376,-0.677867,1.82609,-0.957933
0.325975,372.09,0.000806187,0.562144,-0.662055,2.19794,-1.153
0.325975,372.09,0.000806331,0.74607,-0.643629,2.56113,-1.34352
0.325975,372.09,0.000806475,0.927051,-0.622664,2.9142,-1.52874
0.325975,372.09,0.000806619,1.10437,-0.599241,3.25578,-1.70792
0.325975,372.09,0.000806763,1.27734,-0.573453,3.5845,-1.88037
0.325975,372.09,0.000806906,1.44526,-0.545402,3.89908,-2.04539
0.325975,372.09,0.00080705,1.60748,-0.515199,4.19827,-2.20234
0.325975,372.09,0.000807194,1.76336,-0.482962,4.48089,-2.3506
0.325975,372.09,0.000807338,1.91227,-0.448819,4.74583,-2.48958
0.325975,372.09,0.000807482,2.05364,-0.412905,4.99204,-2.61874
0.325975,372.09,0.000807626,2.18691,-0.375362,5.21855,-2.73756
0.325975,372.09,0.00080777,2.31154,-0.336337,5.42446,-2.84558
0.325975,372.09,0.000807914,2.42705,-0.295985,5.60896,-2.94236
0.325975,372.09,0.000808058,2.53298,-0.254464,5.77133,-3.02754
0.325975,372.09,0.000808201,2.62892,-0.21194,5.91092,-3.10077
0.325975,372.09,0.000808345,2.71448,-0.168579,6.02719,-3.16176
0.325975,372.09,0.000808489,2.78933,-0.124552,6.11966,-3.21027
0.325975,372.09,0.000808633,2.85317,-0.0800345,6.18799,-3.24611
0.325975,372.09,0.000808777,2.90575,-0.0352007,6.23189,-3.26914
0.325975,372.09,0.000808921,2.94686,0.00977201,6.2512,-3.27927
0.325975,372.09,0.000809065,2.97634,0.0547061,6.24584,-3.27646
0.325975,372.09,0.000809209,2.99408,0.0994244,6.21583,-3.26072
0.325975,372.09,0.000809353,3,0.14375,6.16129,-3.23211
0.325975,372.09,0.000809496,2.99408,0.187509,6.08244,-3.19074
0.325975,372.09,0.00080964,2.97634,0.230527,5.97957,-3.13678
0.325975,372.09,0.000809784,2.94686,0.272636,5.85311,-3.07044
0.325975,372.09,0.000809928,2.90575,0.313669,5.70355,-2.99198
0.325975,372.09,0.000810072,2.85317,0.353464,5.53148,-2.90172
0.325975,372.09,0.000810216,2.78933,0.391863,5.33759,-2.8
0.325975,372.09,0.00081036,2.71448,0.428717,5.12262,-2.68724
0.325975,372.09,0.000810504,2.62892,0.463878,4.88744,-2.56387
0.325975,372.09,0.000810647,2.53298,0.497209,4.63297,-2.43037
0.325975,372.09,0.000810791,2.42705,0.528578,4.36022,-2.28729
0.325975,372.09,0.000810935,2.31154,0.55786,4.07026,-2.13518
0.325975,372.09,0.000811079,2.18691,0.584941,3.76423,-1.97465
0.325975,372.09,0.000811223,2.05364,0.609713,3.44335,-1.80632
0.325975,372.09,0.000811367,1.91227,0.632079,3.10888,-1.63086
0.325975,372.09,0.000811511,1.76336,0.651951,2.76214,-1.44897
0.325975,372.09,0.000811655,1.60748,0.669249,2.4045,-1.26136
0.325975,372.09,0.000811799,1.44526,0.683906,2.03737,-1.06877
0.325975,372.09,0.000811942,1.27734,0.695865,1.6622,-0.871962
0.325975,372.09,0.000812086,1.10437,0.705077,1.28047,-0.671713
0.325975,372.09,0.00081223,0.927051,0.711506,0.893687,-0.468813
0.325975,372.09,0.000812374,0.74607,0.715128,0.503377,-0.264063
0.325975,372.09,0.000812518,0.562144,0.715927,0.11108,-0.0582711
0.325975,372.09,0.000812662,0.376,0.7139,-0.281656,0.147751
0.325975,372.09,0.000812806,0.188372,0.709057,-0.67328,0.35319
0.325975,372.09,0.00081295,7.34886e-014,0.701415,-1.06225,0.557235
0.325975,372.09,0.000813094,-0.188372,0.691004,-1.44702,0.759081
0.325975,372.09,0.000813237,-0.376,0.677867,-1.82609,0.957931
0.325975,372.09,0.000813381,-0.562144,0.662055,-2.19794,1.153
0.325975,372.09,0.000813525,-0.74607,0.643629,-2.56113,1.34352
0.325975,372.09,0.000813669,-0.927051,0.622664,-2.9142,1.52874
0.325975,372.09,0.000813813,-1.10437,0.599241,-3.25577,1.70792
0.325975,372.09,0.000813957,-1.27734,0.573453,-3.5845,1.88036
0.325975,372.09,0.000814101,-1.44526,0.545402,-3.89908,2.04539
0.325975,372.09,0.000814245,-1.60748,0.515199,-4.19827,2.20234
0.325975,372.09,0.000814388,-1.76336,0.482962,-4.48089,2.3506
0.325975,372.09,0.000814532,-1.91227,0.44882,-4.74583,2.48958
0.325975,372.09,0.000814676,-2.05364,0.412906,-4.99204,2.61873
0.325975,372.09,0.00081482,-2.18691,0.375362,-5.21855,2.73756
0.325975,372.09,0.000814964,-2.31154,0.336337,-5.42446,2.84557
0.325975,372.09,0.000815108,-2.42705,0.295985,-5.60896,2.94236
0.325975,372.09,0.000815252,-2.53298,0.254465,-5.77133,3.02754
0.325975,372.09,0.000815396,-2.62892,0.21194,-5.91092,3.10076
0.325975,372.09,0.00081554,-2.71448,0.168579,-6.02719,3.16175
0.325975,372.09,0.000815683,-2.78933,0.124553,-6.11966,3.21027
0.325975,372.09,0.000815827,-2.85317,0.0800347,-6.18799,3.24611
0.325975,372.09,0.000815971,-2.90575,0.0352009,-6.23189,3.26914
0.325975,372.09,0.000816115,-2.94686,-0.00977177,-6.2512,3.27927
0.325975,372.09,0.000816259,-2.97634,-0.0547059,-6.24584,3.27646
0.325975,372.09,0.000816403,-2.99408,-0.0994241,-6.21583,3.26072
0.325975,372.09,0.000816547,-3,-0.14375,-6.16129,3.2321
0.325975,372.09,0.000816691,-2.99408,-0.187508,-6.08243,3.19074
0.325975,372.09,0.000816835,-2.97634,-0.230527,-5.97957,3.13678
0.325975,372.09,0.000816978,-2.94686,-0.272636,-5.85311,3.07044
0.325975,372.09,0.000817122,-2.90575,-0.313668,-5.70355,2.99198
0.325975,372.09,0.000817266,-2.85317,-0.353463,-5.53148,2.90172
0.325975,372.09,0.00081741,-2.78933,-0.391863,-5.33758,2.8
0.325975,372.09,0.000817554,-2.71448,-0.428717,-5.12262,2.68724
0.325975,372.09,0.000817698,-2.62892,-0.463878,-4.88744,2.56386
0.325975,372.09,0.000817842,-2.53298,-0.497209,-4.63297,2.43037
0.325975,372.09,0.000817986,-2.42705,-0.528577,-4.36022,2.28729
0.325975,372.09,0.000818129,-2.31154,-0.55786,-4.07026,2.13518
0.325975,372.09,0.000818273,-2.18691,-0.58494,-3.76423,1.97465
0.325975,372.09,0.000818417,-2.05364,-0.609713,-3.44335,1.80632
0.325975,372.09,0.000818561,-1.91227,-0.632079,-3.10888,1.63086
0.325975,372.09,0.000818705,-1.76336,-0.65195,-2.76214,1.44897
0.325975,372.09,0.000818849,-1.60748,-0.669249,-2.4045,1.26136
0.325975,372.09,0.000818993,-1.44526,-0.683906,-2.03737,1.06877
0.325975,372.09,0.000819137,-1.27734,-0.695864,-1.6622,0.871962
0.325975,372.09,0.000819281,-1.10437,-0.705077,-1.28047,0.671713
0.325975,372.09,0.000819424,-0.927051,-0.711506,-0.893688,0.468814
0.325975,372.09,0.000819568,-0.74607,-0.715127,-0.503377,0.264064
0.325975,372.09,0.000819712,-0.562144,-0.715926,-0.11108,0.0582718
0.325975,372.09,0.000819856,-0.376,-0.7139,0.281655,-0.14775
0.325975,372.09,0.00082,-0.188372,-0.709056,0.673279,-0.353189
0.325975,372.09,0.000820144,-2.76361e-013,-0.701414,1.06225,-0.557234
0.325975,372.09,0.000820288,0.188372,-0.691004,1.44702,-0.75908
0.325975,372.09,0.000820432,0.376,-0.677867,1.82608,-0.95793
0.325975,372.09,0.000820576,0.562144,-0.662054,2.19794,-1.153
0.325975,372.09,0.000820719,0.74607,-0.643629,2.56112,-1.34352
0.325975,372.09,0.000820863,0.927051,-0.622664,2.9142,-1.52874
0.325975,372.09,0.000821007,1.10437,-0.599241,3.25577,-1.70792
0.325975,372.09,0.000821151,1.27734,-0.573453,3.5845,-1.88036
0.325975,372.09,0.000821295,1.44526,-0.545402,3.89908,-2.04539
0.325975,372.09,0.000821439,1.60748,-0.515199,4.19827,-2.20234
0.325975,372.09,0.000821583,1.76336,-0.482962,4.48089,-2.35059
0.325975,372.09,0.000821727,1.91227,-0.448819,4.74583,-2.48958
0.325975,372.09,0.000821871,2.05364,-0.412905,4.99204,-2.61873
0.325975,372.09,0.000822014,2.18691,-0.375362,5.21854,-2.73755
0.325975,372.09,0.000822158,2.31154,-0.336337,5.42446,-2.84557
0.325975,372.09,0.000822302,2.42705,-0.295985,5.60896,-2.94236
0.325975,372.09,0.000822446,2.53298,-0.254465,5.77133,-3.02754
0.325975,372.09,0.00082259,2.62892,-0.21194,5.91092,-3.10076
0.325975,372.09,0.000822734,2.71448,-0.168579,6.02718,-3.16175
0.325975,372.09,0.000822878,2.78933,-0.124553,6.11966,-3.21026
0.325975,372.09,0.000823022,2.85317,-0.0800347,6.18799,-3.24611
0.325975,372.09,0.000823165,2.90575,-0.0352009,6.23189,-3.26914
0.325975,372.09,0.000823309,2.94686,0.00977176,6.2512,-3.27927
0.325975,372.09,0.000823453,2.97634,0.0547059,6.24584,-3.27646
0.325975,372.09,0.000823597,2.99408,0.0994241,6.21583,-3.26071
0.325975,372.09,0.000823741,3,0.14375,6.16129,-3.2321
0.325975,372.09,0.000823885,2.99408,0.187508,6.08243,-3.19074
0.325975,372.09,0.000824029,2.97634,0.230527,5.97957,-3.13678
0.325975,372.09,0.000824173,2.94686,0.272636,5.85311,-3.07044
0.325975,372.09,0.000824317,2.90575,0.313668,5.70355,-2.99198
0.325975,372.09,0.00082446,2.85317,0.353463,5.53148,-2.90172
0.325975,372.09,0.000824604,2.78933,0.391863,5.33758,-2.8
0.325975,372.09,0.000824748,2.71448,0.428716,5.12262,-2.68723
0.325975,372.09,0.000824892,2.62892,0.463878,4.88744,-2.56386
0.325975,372.09,0.000825036,2.53298,0.497209,4.63297,-2.43037
0.325975,372.09,0.00082518,2.42705,0.528577,4.36022,-2.28729
0.325975,372.09,0.000825324,2.31154,0.557859,4.07025,-2.13518
0.325975,372.09,0.000825468,2.18691,0.58494,3.76423,-1.97465
0.325975,372.09,0.000825612,2.05364,0.609713,3.44335,-1.80632
0.325975,372.09,0.000825755,1.91227,0.632079,3.10888,-1.63086
0.325975,372.09,0.000825899,1.76336,0.65195,2.76214,-1.44897
0.325975,372.09,0.000826043,1.60748,0.669249,2.4045,-1.26136
0.325975,372.09,0.000826187,1.44526,0.683906,2.03737,-1.06877
0.325975,372.09,0.000826331,1.27734,0.695864,1.6622,-0.871961
0.325975,372.09,0.000826475,1.10437,0.705076,1.28047,-0.671713
0.325975,372.09,0.000826619,0.927051,0.711506,0.893687,-0.468813
0.325975,372.09,0.000826763,0.74607,0.715127,0.503377,-0.264063
0.325975,372.09,0.000826906,0.562144,0.715926,0.11108,-0.058271
0.325975,372.09,0.00082705,0.376,0.7139,-0.281655,0.147751
0.325975,372.09,0.000827194,0.188372,0.709056,-0.673279,0.35319
0.325975,372.09,0.000827338,1.38172e-013,0.701414,-1.06225,0.557235
0.325975,372.09,0.000827482,-0.188372,0.691004,-1.44702,0.75908
0.325975,372.09,0.000827626,-0.376,0.677867,-1.82608,0.957931
0.325975,372.09,0.00082777,-0.562144,0.662054,-2.19794,1.153
0.325975,372.09,0.000827914,-0.74607,0.643629,-2.56112,1.34352
0.325975,372.09,0.000828058,-0.927051,0.622663,-2.9142,1.52874
0.325975,372.09,0.000828201,-1.10437,0.59924,-3.25577,1.70792
0.325975,372.09,0.000828345,-1.27734,0.573453,-3.5845,1.88036
0.325975,372.09,0.000828489,-1.44526,0.545402,-3.89908,2.04539
0.325975,372.09,0.000828633,-1.60748,0.515198,-4.19827,2.20234
0.325975,372.09,0.000828777,-1.76336,0.482962,-4.48089,2.35059
0.325975,372.09,0.000828921,-1.91227,0.448819,-4.74583,2.48958
0.325975,372.09,0.000829065,-2.05364,0.412905,-4.99204,2.61873
0.325975,372.09,0.000829209,-2.18691,0.375362,-5.21854,2.73755
0.325975,372.09,0.000829353,-2.31154,0.336337,-5.42446,2.84557
0.325975,372.09,0.000829496,-2.42705,0.295985,-5.60896,2.94236
0.325975,372.09,0.00082964,-2.53298,0.254464,-5.77133,3.02754
0.325975,372.09,0.000829784,-2.62892,0.21194,-5.91092,3.10076
0.325975,372.09,0.000829928,-2.71448,0.168579,-6.02718,3.16175
0.325975,372.09,0.000830072,-2.78933,0.124552,-6.11966,3.21026
0.325975,372.09,0.000830216,-2.85317,0.0800345,-6.18799,3.24611
0.325975,372.09,0.00083036,-2.90575,0.0352007,-6.23189,3.26914
0.325975,372.09,0.000830504,-2.94686,-0.00977193,-6.2512,3.27927
0.325975,372.09,0.000830647,-2.97634,-0.054706,-6.24584,3.27646
0.325975,372.09,0.000830791,-2.99408,-0.0994242,-6.21583,3.26071
0.325975,372.09,0.000830935,-3,-0.14375,-6.16129,3.2321
0.325975,372.09,0.000831079,-2.99408,-0.187509,-6.08243,3.19073
0.325975,372.09,0.000831223,-2.97634,-0.230527,-5.97957,3.13678
0.325975,372.09,0.000831367,-2.94686,-0.272636,-5.85311,3.07044
0.325975,372.09,0.000831511,-2.90575,-0.313668,-5.70355,2.99198
0.325975,372.09,0.000831655,-2.85317,-0.353463,-5.53148,2.90172
0.325975,372.09,0.000831799,-2.78933,-0.391863,-5.33758,2.8
0.325975,372.09,0.000831942,-2.71448,-0.428717,-5.12262,2.68723
0.325975,372.09,0.000832086,-2.62892,-0.463878,-4.88744,2.56386
0.325975,372.09,0.00083223,-2.53298,-0.497209,-4.63297,2.43037
0.325975,372.09,0.000832374,-2.42705,-0.528577,-4.36021,2.28729
0.325975,372.09,0.000832518,-2.31154,-0.557859,-4.07025,2.13518
0.325975,372.09,0.000832662,-2.18691,-0.58494,-3.76423,1.97465
0.325975,372.09,0.000832806,-2.05364,-0.609713,-3.44335,1.80632
0.325975,372.09,0.00083295,-1.91227,-0.632079,-3.10888,1.63086
0.325975,372.09,0.000833094,-1.76336,-0.65195,-2.76214,1.44897
0.325975,372.09,0.000833237,-1.60748,-0.669249,-2.4045,1.26136
0.325975,372.09,0.000833381,-1.44526,-0.683906,-2.03737,1.06877
0.325975,372.09,0.000833525,-1.27734,-0.695864,-1.6622,0.87196
0.325975,372.09,0.000833669,-1.10437,-0.705076,-1.28047,0.671711
0.325975,372.09,0.000833813,-0.927051,-0.711506,-0.893686,0.468811
0.325975,372.09,0.000833957,-0.74607,-0.715127,-0.503375,0.264062
0.325975,372.09,0.000834101,-0.562144,-0.715926,-0.111079,0.0582697
0.325975,372.09,0.000834245,-0.376,-0.7139,0.281657,-0.147752
0.325975,372.09,0.000834388,-0.188372,-0.709056,0.673281,-0.353191
0.325975,372.09,0.000834532,1.6263e-017,-0.701414,1.06225,-0.557236
0.325975,372.09,0.000834676,0.188372,-0.691004,1.44702,-0.759082
0.325975,372.09,0.00083482,0.376,-0.677867,1.82609,-0.957932
0.325975,372.09,0.000834964,0.562144,-0.662054,2.19794,-1.153
0.325975,372.09,0.000835108,0.74607,-0.643629,2.56112,-1.34352
0.325975,372.09,0.000835252,0.927051,-0.622663,2.9142,-1.52874
0.325975,372.09,0.000835396,1.10437,-0.59924,3.25577,-1.70792
0.325975,372.09,0.00083554,1.27734,-0.573453,3.5845,-1.88036
0.325975,372.09,0.000835683,1.44526,-0.545402,3.89908,-2.04539
0.325975,372.09,0.000835827,1.60748,-0.515198,4.19827,-2.20234
0.325975,372.09,0.000835971,1.76336,-0.482962,4.48089,-2.3506
0.325975,372.09,0.000836115,1.91227,-0.448819,4.74583,-2.48958
0.325975,372.09,0.000836259,2.05364,-0.412905,4.99204,-2.61873
0.325975,372.09,0.000836403,2.18691,-0.375362,5.21854,-2.73756
0.325975,372.09,0.000836547,2.31154,-0.336337,5.42446,-2.84557
0.325975,372.09,0.000836691,2.42705,-0.295984,5.60896,-2.94236
0.325975,372.09,0.000836835,2.53298,-0.254464,5.77133,-3.02754
0.325975,372.09,0.000836978,2.62892,-0.21194,5.91092,-3.10076
0.325975,372.09,0.000837122,2.71448,-0.168578,6.02718,-3.16175
0.325975,372.09,0.000837266,2.78933,-0.124552,6.11966,-3.21026
0.325975,372.09,0.00083741,2.85317,-0.0800343,6.18799,-3.24611
0.325975,372.09,0.000837554,2.90575,-0.0352005,6.23189,-3.26914
0.325975,372.09,0.000837698,2.94686,0.00977214,6.2512,-3.27927
0.325975,372.09,0.000837842,2.97634,0.0547062,6.24584,-3.27646
0.325975,372.09,0.000837986,2.99408,0.0994244,6.21583,-3.26071
0.325975,372.09,0.000838129,3,0.14375,6.16129,-3.2321
0.325975,372.09,0.000838273,2.99408,0.187509,6.08243,-3.19073
0.325975,372.09,0.000838417,2.97634,0.230527,5.97957,-3.13678
0.325975,372.09,0.000838561,2.94686,0.272636,5.85311,-3.07044
0.325975,372.09,0.000838705,2.90575,0.313669,5.70355,-2.99198
0.325975,372.09,0.000838849,2.85317,0.353464,5.53148,-2.90172
0.325975,372.09,0.000838993,2.78933,0.391863,5.33758,-2.8
0.325975,372.09,0.000839137,2.71448,0.428717,5.12262,-2.68723
0.325975,372.09,0.000839281,2.62892,0.463878,4.88744,-2.56386
0.325975,372.09,0.000839424,2.53298,0.497209,4.63297,-2.43037
0.325975,372.09,0.000839568,2.42705,0.528577,4.36021,-2.28729
0.325975,372.09,0.000839712,2.31154,0.55786,4.07025,-2.13518
0.325975,372.09,0.000839856,2.18691,0.58494,3.76423,-1.97465
0.325975,372.09,0.00084,2.05364,0.609713,3.44335,-1.80632
0.325975,372.09,0.000840144,1.91227,0.632079,3.10888,-1.63086
0.325975,372.09,0.000840288,1.76336,0.65195,2.76214,-1.44897
0.325975,372.09,0.000840432,1.60748,0.669249,2.4045,-1.26136
0.325975,372.09,0.000840576,1.44526,0.683906,2.03737,-1.06877
0.325975,372.09,0.000840719,1.27734,0.695864,1.6622,-0.871959
0.325975,372.09,0.000840863,1.10437,0.705076,1.28047,-0.67171
0.325975,372.09,0.000841007,0.927051,0.711506,0.893685,-0.468811
0.325975,372.09,0.000841151,0.74607,0.715127,0.503374,-0.264061
0.325975,372.09,0.000841295,0.562144,0.715926,0.111077,-0.0582687
0.325975,372.09,0.000841439,0.376,0.7139,-0.281658,0.147753
0.325975,372.09,0.000841583,0.188372,0.709056,-0.673282,0.353192
0.325975,372.09,0.000841727,2.02856e-013,0.701414,-1.06225,0.557237
0.325975,372.09,0.000841871,-0.188372,0.691004,-1.44702,0.759083
0.325975,372.09,0.000842014,-0.376,0.677867,-1.82609,0.957933
0.325975,372.09,0.000842158,-0.562144,0.662054,-2.19794,1.153
0.325975,372.09,0.000842302,-0.74607,0.643629,-2.56113,1.34352
0.325975,372.09,0.000842446,-0.927051,0.622663,-2.9142,1.52874
0.325975,372.09,0.00084259,-1.10437,0.59924,-3.25578,1.70792
0.325975,372.09,0.000842734,-1.27734,0.573453,-3.5845,1.88037
0.325975,372.09,0.000842878,-1.44526,0.545402,-3.89908,2.04539
0.325975,372.09,0.000843022,-1.60748,0.515198,-4.19827,2.20234
0.325975,372.09,0.000843165,-1.76336,0.482962,-4.48089,2.3506
0.325975,372.09,0.000843309,-1.91227,0.448819,-4.74583,2.48958
0.325975,372.09,0.000843453,-2.05364,0.412905,-4.99204,2.61873
0.325975,372.09,0.000843597,-2.18691,0.375362,-5.21855,2.73756
0.325975,372.09,0.000843741,-2.31154,0.336337,-5.42446,2.84557
0.325975,372.09,0.000843885,-2.42705,0.295984,-5.60896,2.94236
0.325975,372.09,0.000844029,-2.53298,0.254464,-5.77133,3.02754
0.325975,372.09,0.000844173,-2.62892,0.211939,-5.91092,3.10076
0.325975,372.09,0.000844317,-2.71448,0.168578,-6.02718,3.16175
0.325975,372.09,0.00084446,-2.78933,0.124552,-6.11966,3.21027
0.325975,372.09,0.000844604,-2.85317,0.0800342,-6.18799,3.24611
0.325975,372.09,0.000844748,-2.90575,0.0352004,-6.23189,3.26914
0.325975,372.09,0.000844892,-2.94686,-0.00977224,-6.2512,3.27927
0.325975,372.09,0.000845036,-2.97634,-0.0547063,-6.24584,3.27646
0.325975,372.09,0.00084518,-2.99408,-0.0994245,-6.21583,3.26071
0.325975,372.09,0.000845324,-3,-0.14375,-6.16129,3.2321
0.325975,372.09,0.000845468,-2.99408,-0.187509,-6.08243,3.19074
0.325975,372.09,0.000845612,-2.97634,-0.230527,-5.97957,3.13678
0.325975,372.09,0.000845755,-2.94686,-0.272636,-5.85311,3.07044
0.325975,372.09,0.000845899,-2.90575,-0.313669,-5.70355,2.99198
0.325975,372.09,0.000846043,-2.85317,-0.353464,-5.53148,2.90172
0.325975,372.09,0.000846187,-2.78933,-0.391864,-5.33758,2.8
0.325975,372.09,0.000846331,-2.71448,-0.428717,-5.12262,2.68723
0.325975,372.09,0.000846475,-2.62892,-0.463878,-4.88744,2.56386
0.325975,372.09,0.000846619,-2.53298,-0.497209,-4.63297,2.43037
0.325975,372.09,0.000846763,-2.42705,-0.528577,-4.36021,2.28729
0.325975,372.09,0.000846906,-2.31154,-0.55786,-4.07025,2.13518
0.325975,372.09,0.00084705,-2.18691,-0.584941,-3.76423,1.97465
0.325975,372.09,0.000847194,-2.05364,-0.609713,-3.44335,1.80632
0.325975,372.09,0.000847338,-1.91227,-0.632079,-3.10888,1.63086
0.325975,372.09,0.000847482,-1.76336,-0.65195,-2.76214,1.44897
0.325975,372.09,0.000847626,-1.60748,-0.669249,-2.4045,1.26136
0.325975,372.09,0.00084777,-1.44526,-0.683906,-2.03737,1.06877
0.325975,372.09,0.000847914,-1.27734,-0.695865,-1.6622,0.871959
0.325975,372.09,0.000848058,-1.10437,-0.705077,-1.28047,0.67171
0.325975,372.09,0.000848201,-0.927051,-0.711506,-0.893685,0.468811
0.325975,372.09,0.000848345,-0.74607,-0.715127,-0.503374,0.264061
0.325975,372.09,0.000848489,-0.562144,-0.715926,-0.111077,0.0582686
0.325975,372.09,0.000848633,-0.376,-0.7139,0.281658,-0.147753
0.325975,372.09,0.000848777,-0.188372,-0.709056,0.673282,-0.353192
0.325975,372.09,0.000848921,-6.46673e-014,-0.701414,1.06225,-0.557237
0.325975,372.09,0.000849065,0.188372,-0.691004,1.44702,-0.759083
0.325975,372.09,0.000849209,0.376,-0.677867,1.82609,-0.957933
0.325975,372.09,0.000849353,0.562144,-0.662054,2.19794,-1.153
0.325975,372.09,0.000849496,0.74607,-0.643629,2.56113,-1.34352
0.325975,372.09,0.00084964,0.927051,-0.622663,2.9142,-1.52874
0.325975,372.09,0.000849784,1.10437,-0.59924,3.25578,-1.70792
0.325975,372.09,0.000849928,1.27734,-0.573453,3.5845,-1.88037
0.325975,372.09,0.000850072,1.44526,-0.545402,3.89908,-2.04539
0.325975,372.09,0.000850216,1.60748,-0.515198,4.19827,-2.20234
0.325975,372.09,0.00085036,1.76336,-0.482962,4.48089,-2.3506
0.325975,372.09,0.000850504,1.91227,-0.448819,4.74583,-2.48958
0.325975,372.09,0.000850647,2.05364,-0.412905,4.99204,-2.61874
0.325975,372.09,0.000850791,2.18691,-0.375362,5.21855,-2.73756
0.325975,372.09,0.000850935,2.31154,-0.336337,5.42446,-2.84557
0.325975,372.09,0.000851079,2.42705,-0.295985,5.60896,-2.94236
0.325975,372.09,0.000851223,2.53298,-0.254464,5.77133,-3.02754
0.325975,372.09,0.000851367,2.62892,-0.21194,5.91092,-3.10076
0.325975,372.09,0.000851511,2.71448,-0.168578,6.02719,-3.16175
0.325975,372.09,0.000851655,2.78933,-0.124552,6.11966,-3.21027
0.325975,372.09,0.000851799,2.85317,-0.0800342,6.18799,-3.24611
0.325975,372.09,0.000851942,2.90575,-0.0352005,6.23189,-3.26914
0.325975,372.09,0.000852086,2.94686,0.00977219,6.2512,-3.27927
0.325975,372.09,0.00085223,2.97634,0.0547063,6.24584,-3.27646
0.325975,372.09,0.000852374,2.99408,0.0994245,6.21583,-3.26071
0.325975,372.09,0.000852518,3,0.14375,6.16129,-3.2321
0.325975,372.09,0.000852662,2.99408,0.187509,6.08243,-3.19074
0.325975,372.09,0.000852806,2.97634,0.230527,5.97957,-3.13678
0.325975,372.09,0.00085295,2.94686,0.272636,5.85311,-3.07044
0.325975,372.09,0.000853094,2.90575,0.313669,5.70355,-2.99198
0.325975,372.09,0.000853237,2.85317,0.353464,5.53148,-2.90172
0.325975,372.09,0.000853381,2.78933,0.391864,5.33758,-2.8
0.325975,372.09,0.000853525,2.71448,0.428717,5.12262,-2.68723
0.325975,372.09,0.000853669,2.62892,0.463878,4.88744,-2.56386
0.325975,372.09,0.000853813,2.53298,0.497209,4.63297,-2.43037
0.325975,372.09,0.000853957,2.42705,0.528577,4.36021,-2.28729
0.325975,372.09,0.000854101,2.31154,0.55786,4.07025,-2.13518
0.325975,372.09,0.000854245,2.18691,0.584941,3.76423,-1.97465
0.325975,372.09,0.000854388,2.05364,0.609713,3.44335,-1.80632
0.325975,372.09,0.000854532,1.91227,0.632079,3.10888,-1.63086
0.325975,372.09,0.000854676,1.76336,0.65195,2.76214,-1.44897
0.325975,372.09,0.00085482,1.60748,0.669249,2.4045,-1.26136
0.325975,372.09,0.000854964,1.44526,0.683906,2.03737,-1.06877
0.325975,372.09,0.000855108,1.27734,0.695865,1.6622,-0.87196
0.325975,372.09,0.000855252,1.10437,0.705077,1.28047,-0.671711
0.325975,372.09,0.000855396,0.927051,0.711506,0.893685,-0.468811
0.325975,372.09,0.00085554,0.74607,0.715127,0.503375,-0.264061
0.325975,372.09,0.000855683,0.562144,0.715927,0.111078,-0.0582693
0.325975,372.09,0.000855827,0.376,0.7139,-0.281658,0.147753
0.325975,372.09,0.000855971,0.188372,0.709056,-0.673281,0.353192
0.325975,372.09,0.000856115,2.67539e-013,0.701414,-1.06225,0.557237
0.325975,372.09,0.000856259,-0.188372,0.691004,-1.44702,0.759083
0.325975,372.09,0.000856403,-0.376,0.677867,-1.82609,0.957933
0.325975,372.09,0.000856547,-0.562144,0.662054,-2.19794,1.153
0.325975,372.09,0.000856691,-0.74607,0.643629,-2.56113,1.34352
0.325975,372.09,0.000856835,-0.927051,0.622663,-2.9142,1.52874
0.325975,372.09,0.000856978,-1.10437,0.599241,-3.25578,1.70792
0.325975,372.09,0.000857122,-1.27734,0.573453,-3.5845,1.88037
0.325975,372.09,0.000857266,-1.44526,0.545402,-3.89908,2.04539
0.325975,372.09,0.00085741,-1.60748,0.515199,-4.19827,2.20234
0.325975,372.09,0.000857554,-1.76336,0.482962,-4.48089,2.3506
0.325975,372.09,0.000857698,-1.91227,0.448819,-4.74583,2.48958
0.325975,372.09,0.000857842,-2.05364,0.412905,-4.99204,2.61874
0.325975,372.09,0.000857986,-2.18691,0.375362,-5.21855,2.73756
0.325975,372.09,0.000858129,-2.31154,0.336337,-5.42446,2.84557
0.325975,372.09,0.000858273,-2.42705,0.295985,-5.60896,2.94236
0.325975,372.09,0.000858417,-2.53298,0.254464,-5.77133,3.02754
0.325975,372.09,0.000858561,-2.62892,0.21194,-5.91092,3.10076
0.325975,372.09,0.000858705,-2.71448,0.168579,-6.02719,3.16175
0.325975,372.09,0.000858849,-2.78933,0.124552,-6.11966,3.21027
0.325975,372.09,0.000858993,-2.85317,0.0800344,-6.18799,3.24611
0.325975,372.09,0.000859137,-2.90575,0.0352006,-6.23189,3.26914
0.325975,372.09,0.000859281,-2.94686,-0.00977206,-6.2512,3.27927
0.325975,372.09,0.000859424,-2.97634,-0.0547062,-6.24584,3.27646
0.325975,372.09,0.000859568,-2.99408,-0.0994244,-6.21583,3.26072
0.325975,372.09,0.000859712,-3,-0.14375,-6.16129,3.2321
0.325975,372.09,0.000859856,-2.99408,-0.187509,-6.08243,3.19074
0.325975,372.09,0.00086,-2.97634,-0.230527,-5.97957,3.13678
0.325975,372.09,0.000860144,-2.94686,-0.272636,-5.85311,3.07044
0.325975,372.09,0.000860288,-2.90575,-0.313669,-5.70355,2.99198
0.325975,372.09,0.000860432,-2.85317,-0.353464,-5.53148,2.90172
0.325975,372.09,0.000860576,-2.78933,-0.391863,-5.33758,2.8
0.325975,372.09,0.000860719,-2.71448,-0.428717,-5.12262,2.68724
0.325975,372.09,0.000860863,-2.62892,-0.463878,-4.88744,2.56386
0.325975,372.09,0.000861007,-2.53298,-0.497209,-4.63297,2.43037
0.325975,372.09,0.000861151,-2.42705,-0.528577,-4.36022,2.28729
0.325975,372.09,0.000861295,-2.31154,-0.55786,-4.07025,2.13518
0.325975,372.09,0.000861439,-2.18691,-0.584941,-3.76423,1.97465
0.325975,372.09,0.000861583,-2.05364,-0.609713,-3.44335,1.80632
0.325975,372.09,0.000861727,-1.91227,-0.632079,-3.10888,1.63086
0.325975,372.09,0.000861871,-1.76336,-0.65195,-2.76214,1.44897
0.325975,372.09,0.000862014,-1.60748,-0.669249,-2.4045,1.26136
0.325975,372.09,0.000862158,-1.44526,-0.683906,-2.03737,1.06877
0.325975,372.09,0.000862302,-1.27734,-0.695865,-1.6622,0.871961
0.325975,372.09,0.000862446,-1.10437,-0.705077,-1.28047,0.671712
0.325975,372.09,0.00086259,-0.927051,-0.711506,-0.893686,0.468812
0.325975,372.09,0.000862734,-0.74607,-0.715127,-0.503376,0.264062
0.325975,372.09,0.000862878,-0.562144,-0.715927,-0.111079,0.0582701
0.325975,372.09,0.000863022,-0.376,-0.7139,0.281657,-0.147752
0.325975,372.09,0.000863165,-0.188372,-0.709057,0.673281,-0.353191
0.325975,372.09,0.000863309,-1.29351e-013,-0.701414,1.06225,-0.557236
