Amp, Phaseshift, Time, Vd, Vr, VL, VC
0.25867,372.153,0,0,0,0,0
0.25867,372.153,1.33333e-007,0.188372,0.00125581,0.188372,0
0.25867,372.153,2.66667e-007,0.376,0.0037541,0.374744,0.000334883
0.25867,372.153,4e-007,0.562144,0.00747447,0.558055,0.00133598
0.25867,372.153,5.33333e-007,0.74607,0.0123895,0.737259,0.00332917
0.25867,372.153,6.66667e-007,0.927051,0.0184651,0.911332,0.00663304
0.25867,372.153,8e-007,1.10437,0.0256602,1.07928,0.0115571
0.25867,372.153,9.33333e-007,1.27734,0.0339277,1.24012,0.0183998
0.25867,372.153,1.06667e-006,1.44526,0.0432139,1.39293,0.0274472
0.25867,372.153,1.2e-006,1.60748,0.0534594,1.53682,0.0389709
0.25867,372.153,1.33333e-006,1.76336,0.0645989,1.67093,0.0532267
0.25867,372.153,1.46667e-006,1.91227,0.0765619,1.79445,0.0704531
0.25867,372.153,1.6e-006,2.05364,0.0892727,1.90663,0.0908696
0.25867,372.153,1.73333e-006,2.18691,0.102651,2.00676,0.114676
0.25867,372.153,1.86667e-006,2.31154,0.116613,2.09421,0.142049
0.25867,372.153,2e-006,2.42705,0.131068,2.16839,0.173146
0.25867,372.153,2.13333e-006,2.53298,0.145927,2.22877,0.208098
0.25867,372.153,2.26667e-006,2.62892,0.161093,2.2749,0.247011
0.25867,372.153,2.4e-006,2.71448,0.176469,2.30638,0.28997
0.25867,372.153,2.53333e-006,2.78933,0.191955,2.32289,0.337028
0.25867,372.153,2.66667e-006,2.85317,0.207449,2.32419,0.388216
0.25867,372.153,2.8e-006,2.90575,0.22285,2.31008,0.443536
0.25867,372.153,2.93333e-006,2.94686,0.238053,2.28048,0.502962
0.25867,372.153,3.06667e-006,2.97634,0.252955,2.23533,0.566443
0.25867,372.153,3.2e-006,2.99408,0.267453,2.17468,0.633898
0.25867,372.153,3.33333e-006,3,0.281444,2.09865,0.705219
0.25867,372.153,3.46667e-006,2.99408,0.294827,2.00742,0.78027
0.25867,372.153,3.6e-006,2.97634,0.307502,1.90125,0.858891
0.25867,372.153,3.73333e-006,2.94686,0.319372,1.78047,0.940891
0.25867,372.153,3.86667e-006,2.90575,0.330342,1.64549,1.02606
0.25867,372.153,4e-006,2.85317,0.34032,1.49677,1.11415
0.25867,372.153,4.13333e-006,2.78933,0.349219,1.33486,1.2049
0.25867,372.153,4.26667e-006,2.71448,0.356955,1.16036,1.29803
0.25867,372.153,4.4e-006,2.62892,0.363448,0.97394,1.39321
0.25867,372.153,4.53333e-006,2.53298,0.368623,0.776323,1.49013
0.25867,372.153,4.66667e-006,2.42705,0.372412,0.568295,1.58843
0.25867,372.153,4.8e-006,2.31154,0.37475,0.350696,1.68774
0.25867,372.153,4.93333e-006,2.18691,0.375579,0.124414,1.78768
0.25867,372.153,5.06667e-006,2.05364,0.374849,-0.109613,1.88783
0.25867,372.153,5.2e-006,1.91227,0.372512,-0.350406,1.98779
0.25867,372.153,5.33333e-006,1.76336,0.368533,-0.596946,2.08713
0.25867,372.153,5.46667e-006,1.60748,0.362878,-0.848179,2.1854
0.25867,372.153,5.6e-006,1.44526,0.355525,-1.10302,2.28217
0.25867,372.153,5.73333e-006,1.27734,0.346456,-1.36036,2.37698
0.25867,372.153,5.86667e-006,1.10437,0.335662,-1.61906,2.46936
0.25867,372.153,6e-006,0.927051,0.323142,-1.87798,2.55887
0.25867,372.153,6.13333e-006,0.74607,0.308903,-2.13595,2.64505
0.25867,372.153,6.26667e-006,0.562144,0.292957,-2.3918,2.72742
0.25867,372.153,6.4e-006,0.376,0.275328,-2.64438,2.80554
0.25867,372.153,6.53333e-006,0.188372,0.256045,-2.8925,2.87896
0.25867,372.153,6.66667e-006,3.67382e-016,0.235145,-3.13501,2.94724
0.25867,372.153,6.8e-006,-0.188372,0.212673,-3.37076,3.00995
0.25867,372.153,6.93333e-006,-0.376,0.188682,-3.59862,3.06666
0.25867,372.153,7.06667e-006,-0.562144,0.163232,-3.81748,3.11697
0.25867,372.153,7.2e-006,-0.74607,0.13639,-4.02628,3.1605
0.25867,372.153,7.33333e-006,-0.927051,0.108231,-4.22394,3.19687
0.25867,372.153,7.46667e-006,-1.10437,0.0788343,-4.40948,3.22573
0.25867,372.153,7.6e-006,-1.27734,0.0482883,-4.58191,3.24676
0.25867,372.153,7.73333e-006,-1.44526,0.0166863,-4.74031,3.25963
0.25867,372.153,7.86667e-006,-1.60748,-0.0158724,-4.8838,3.26408
0.25867,372.153,8e-006,-1.76336,-0.0492829,-5.01157,3.25985
0.25867,372.153,8.13333e-006,-1.91227,-0.0834351,-5.12284,3.24671
0.25867,372.153,8.26667e-006,-2.05364,-0.118215,-5.21692,3.22446
0.25867,372.153,8.4e-006,-2.18691,-0.153502,-5.29315,3.19294
0.25867,372.153,8.53333e-006,-2.31154,-0.189175,-5.35097,3.152
0.25867,372.153,8.66667e-006,-2.42705,-0.225108,-5.38988,3.10156
0.25867,372.153,8.8e-006,-2.53298,-0.261171,-5.40943,3.04153
0.25867,372.153,8.93333e-006,-2.62892,-0.297233,-5.40928,2.97188
0.25867,372.153,9.06667e-006,-2.71448,-0.33316,-5.38913,2.89262
0.25867,372.153,9.2e-006,-2.78933,-0.368819,-5.34879,2.80378
0.25867,372.153,9.33333e-006,-2.85317,-0.404073,-5.28813,2.70542
0.25867,372.153,9.46667e-006,-2.90575,-0.438787,-5.2071,2.59767
0.25867,372.153,9.6e-006,-2.94686,-0.472825,-5.10575,2.48066
0.25867,372.153,9.73333e-006,-2.97634,-0.506053,-4.98418,2.35458
0.25867,372.153,9.86667e-006,-2.99408,-0.538337,-4.8426,2.21963
0.25867,372.153,1e-005,-3,-0.569546,-4.68129,2.07607
0.25867,372.153,1.01333e-005,-2.99408,-0.59955,-4.50061,1.92419
0.25867,372.153,1.02667e-005,-2.97634,-0.628223,-4.30099,1.76431
0.25867,372.153,1.04e-005,-2.94686,-0.655443,-4.08295,1.59679
0.25867,372.153,1.05333e-005,-2.90575,-0.68109,-3.84709,1.422
0.25867,372.153,1.06667e-005,-2.85317,-0.705051,-3.59408,1.24038
0.25867,372.153,1.08e-005,-2.78933,-0.727215,-3.32466,1.05236
0.25867,372.153,1.09333e-005,-2.71448,-0.747479,-3.03963,0.85844
0.25867,372.153,1.10667e-005,-2.62892,-0.765745,-2.73988,0.659112
0.25867,372.153,1.12e-005,-2.53298,-0.781921,-2.42635,0.454914
0.25867,372.153,1.13333e-005,-2.42705,-0.795921,-2.10004,0.246401
0.25867,372.153,1.14667e-005,-2.31154,-0.807668,-1.76202,0.0341558
0.25867,372.153,1.16e-005,-2.18691,-0.81709,-1.41339,-0.181222
0.25867,372.153,1.17333e-005,-2.05364,-0.824126,-1.05533,-0.399113
0.25867,372.153,1.18667e-005,-1.91227,-0.828719,-0.689033,-0.61888
0.25867,372.153,1.2e-005,-1.76336,-0.830824,-0.315756,-0.839872
0.25867,372.153,1.21333e-005,-1.60748,-0.830403,0.0632159,-1.06142
0.25867,372.153,1.22667e-005,-1.44526,-0.827426,0.446567,-1.28287
0.25867,372.153,1.24e-005,-1.27734,-0.821873,0.832954,-1.50351
0.25867,372.153,1.25333e-005,-1.10437,-0.813733,1.22101,-1.72268
0.25867,372.153,1.26667e-005,-0.927051,-0.803004,1.60936,-1.93967
0.25867,372.153,1.28e-005,-0.74607,-0.789693,1.99661,-2.15381
0.25867,372.153,1.29333e-005,-0.562144,-0.773817,2.38136,-2.36439
0.25867,372.153,1.30667e-005,-0.376,-0.755403,2.76221,-2.57074
0.25867,372.153,1.32e-005,-0.188372,-0.734484,3.13778,-2.77219
0.25867,372.153,1.33333e-005,-7.34764e-016,-0.711106,3.50667,-2.96805
0.25867,372.153,1.34667e-005,0.188372,-0.685323,3.86753,-3.15768
0.25867,372.153,1.36e-005,0.376,-0.657196,4.219,-3.34043
0.25867,372.153,1.37333e-005,0.562144,-0.626798,4.55977,-3.51568
0.25867,372.153,1.38667e-005,0.74607,-0.594207,4.88855,-3.68283
0.25867,372.153,1.4e-005,0.927051,-0.559513,5.20409,-3.84128
0.25867,372.153,1.41333e-005,1.10437,-0.522812,5.50517,-3.99049
0.25867,372.153,1.42667e-005,1.27734,-0.484208,5.79064,-4.1299
0.25867,372.153,1.44e-005,1.44526,-0.443812,6.05937,-4.25902
0.25867,372.153,1.45333e-005,1.60748,-0.401743,6.31032,-4.37737
0.25867,372.153,1.46667e-005,1.76336,-0.358127,6.54247,-4.48451
0.25867,372.153,1.48e-005,1.91227,-0.313094,6.75491,-4.58001
0.25867,372.153,1.49333e-005,2.05364,-0.266783,6.94674,-4.6635
0.25867,372.153,1.50667e-005,2.18691,-0.219335,7.11719,-4.73464
0.25867,372.153,1.52e-005,2.31154,-0.170898,7.26552,-4.79313
0.25867,372.153,1.53333e-005,2.42705,-0.121624,7.39108,-4.8387
0.25867,372.153,1.54667e-005,2.53298,-0.0716687,7.49331,-4.87114
0.25867,372.153,1.56e-005,2.62892,-0.0211905,7.57172,-4.89025
0.25867,372.153,1.57333e-005,2.71448,0.0296489,7.62592,-4.8959
0.25867,372.153,1.58667e-005,2.78933,0.0806861,7.65558,-4.88799
0.25867,372.153,1.6e-005,2.85317,0.131756,7.66048,-4.86648
0.25867,372.153,1.61333e-005,2.90575,0.182692,7.64047,-4.83134
0.25867,372.153,1.62667e-005,2.94686,0.233329,7.59551,-4.78262
0.25867,372.153,1.64e-005,2.97634,0.2835,7.52564,-4.7204
0.25867,372.153,1.65333e-005,2.99408,0.33304,7.43098,-4.6448
0.25867,372.153,1.66667e-005,3,0.381785,7.31176,-4.55599
0.25867,372.153,1.68e-005,2.99408,0.429574,7.16829,-4.45418
0.25867,372.153,1.69333e-005,2.97634,0.476247,7.00095,-4.33963
0.25867,372.153,1.70667e-005,2.94686,0.521648,6.81024,-4.21263
0.25867,372.153,1.72e-005,2.90575,0.565626,6.59673,-4.07352
0.25867,372.153,1.73333e-005,2.85317,0.608034,6.36107,-3.92269
0.25867,372.153,1.74667e-005,2.78933,0.648727,6.10399,-3.76055
0.25867,372.153,1.76e-005,2.71448,0.687569,5.8263,-3.58755
0.25867,372.153,1.77333e-005,2.62892,0.724428,5.5289,-3.4042
0.25867,372.153,1.78667e-005,2.53298,0.75918,5.21276,-3.21102
0.25867,372.153,1.8e-005,2.42705,0.791706,4.87889,-3.00857
0.25867,372.153,1.81333e-005,2.31154,0.821895,4.52841,-2.79745
0.25867,372.153,1.82667e-005,2.18691,0.849645,4.16246,-2.57828
0.25867,372.153,1.84e-005,2.05364,0.87486,3.78228,-2.35171
0.25867,372.153,1.85333e-005,1.91227,0.897454,3.38912,-2.11841
0.25867,372.153,1.86667e-005,1.76336,0.91735,2.98431,-1.87909
0.25867,372.153,1.88e-005,1.60748,0.934478,2.56922,-1.63446
0.25867,372.153,1.89333e-005,1.44526,0.948779,2.14525,-1.38527
0.25867,372.153,1.90667e-005,1.27734,0.960205,1.71383,-1.13226
0.25867,372.153,1.92e-005,1.10437,0.968715,1.27643,-0.876207
0.25867,372.153,1.93333e-005,0.927051,0.974278,0.834544,-0.617883
0.25867,372.153,1.94667e-005,0.74607,0.976876,0.389675,-0.358076
0.25867,372.153,1.96e-005,0.562144,0.976498,-0.0566563,-0.0975755
0.25867,372.153,1.97333e-005,0.376,0.973145,-0.502923,0.162824
0.25867,372.153,1.98667e-005,0.188372,0.966828,-0.947598,0.422329
0.25867,372.153,2e-005,1.10215e-015,0.957567,-1.38916,0.68015
0.25867,372.153,2.01333e-005,-0.188372,0.945393,-1.82609,0.935502
0.25867,372.153,2.02667e-005,-0.376,0.930347,-2.25689,1.18761
0.25867,372.153,2.04e-005,-0.562144,0.91248,-2.6801,1.4357
0.25867,372.153,2.05333e-005,-0.74607,0.891852,-3.09425,1.67903
0.25867,372.153,2.06667e-005,-0.927051,0.868532,-3.49793,1.91685
0.25867,372.153,2.08e-005,-1.10437,0.8426,-3.88976,2.14846
0.25867,372.153,2.09333e-005,-1.27734,0.814144,-4.2684,2.37316
0.25867,372.153,2.10667e-005,-1.44526,0.783261,-4.63256,2.59026
0.25867,372.153,2.12e-005,-1.60748,0.750054,-4.981,2.79913
0.25867,372.153,2.13333e-005,-1.76336,0.714637,-5.31254,2.99914
0.25867,372.153,2.14667e-005,-1.91227,0.67713,-5.62605,3.18971
0.25867,372.153,2.16e-005,-2.05364,0.63766,-5.92049,3.37028
0.25867,372.153,2.17333e-005,-2.18691,0.596361,-6.19485,3.54033
0.25867,372.153,2.18667e-005,-2.31154,0.553373,-6.44823,3.69936
0.25867,372.153,2.2e-005,-2.42705,0.508841,-6.67978,3.84692
0.25867,372.153,2.21333e-005,-2.53298,0.462916,-6.88875,3.98261
0.25867,372.153,2.22667e-005,-2.62892,0.415753,-7.07445,4.10606
0.25867,372.153,2.24e-005,-2.71448,0.367511,-7.23629,4.21692
0.25867,372.153,2.25333e-005,-2.78933,0.318353,-7.37376,4.31493
0.25867,372.153,2.26667e-005,-2.85317,0.268443,-7.48645,4.39982
0.25867,372.153,2.28e-005,-2.90575,0.21795,-7.57401,4.47141
0.25867,372.153,2.29333e-005,-2.94686,0.167041,-7.63622,4.52953
0.25867,372.153,2.30667e-005,-2.97634,0.115889,-7.67291,4.57407
0.25867,372.153,2.32e-005,-2.99408,0.0646618,-7.68404,4.60497
0.25867,372.153,2.33333e-005,-3,0.0135309,-7.66964,4.62222
0.25867,372.153,2.34667e-005,-2.99408,-0.0373346,-7.62983,4.62582
0.25867,372.153,2.36e-005,-2.97634,-0.0877669,-7.56483,4.61587
0.25867,372.153,2.37333e-005,-2.94686,-0.1376,-7.47496,4.59246
0.25867,372.153,2.38667e-005,-2.90575,-0.186671,-7.36061,4.55577
0.25867,372.153,2.4e-005,-2.85317,-0.234819,-7.22227,4.50599
0.25867,372.153,2.41333e-005,-2.78933,-0.281889,-7.0605,4.44337
0.25867,372.153,2.42667e-005,-2.71448,-0.327729,-6.87597,4.3682
0.25867,372.153,2.44e-005,-2.62892,-0.372192,-6.66939,4.28081
0.25867,372.153,2.45333e-005,-2.53298,-0.415136,-6.4416,4.18156
0.25867,372.153,2.46667e-005,-2.42705,-0.456425,-6.19347,4.07086
0.25867,372.153,2.48e-005,-2.31154,-0.495932,-5.92597,3.94914
0.25867,372.153,2.49333e-005,-2.18691,-0.533533,-5.64012,3.81689
0.25867,372.153,2.50667e-005,-2.05364,-0.569113,-5.337,3.67462
0.25867,372.153,2.52e-005,-1.91227,-0.602565,-5.01778,3.52285
0.25867,372.153,2.53333e-005,-1.76336,-0.633789,-4.68365,3.36217
0.25867,372.153,2.54667e-005,-1.60748,-0.662695,-4.33586,3.19316
0.25867,372.153,2.56e-005,-1.44526,-0.689199,-3.97573,3.01644
0.25867,372.153,2.57333e-005,-1.27734,-0.71323,-3.60458,2.83266
0.25867,372.153,2.58667e-005,-1.10437,-0.734722,-3.2238,2.64246
0.25867,372.153,2.6e-005,-0.927051,-0.753621,-2.83479,2.44653
0.25867,372.153,2.61333e-005,-0.74607,-0.76988,-2.43898,2.24557
0.25867,372.153,2.62667e-005,-0.562144,-0.783466,-2.03783,2.04027
0.25867,372.153,2.64e-005,-0.376,-0.794351,-1.6328,1.83134
0.25867,372.153,2.65333e-005,-0.188372,-0.80252,-1.22536,1.61952
0.25867,372.153,2.66667e-005,-1.46953e-015,-0.807967,-0.816996,1.40551
0.25867,372.153,2.68e-005,0.188372,-0.810695,-0.409172,1.19005
0.25867,372.153,2.69333e-005,0.376,-0.810717,-0.00335845,0.973868
0.25867,372.153,2.70667e-005,0.562144,-0.808057,0.398993,0.757676
0.25867,372.153,2.72e-005,0.74607,-0.802748,0.796451,0.542195
0.25867,372.153,2.73333e-005,0.927051,-0.79483,1.1876,0.328128
0.25867,372.153,2.74667e-005,1.10437,-0.784356,1.57108,0.116174
0.25867,372.153,2.76e-005,1.27734,-0.771386,1.94552,-0.092988
0.25867,372.153,2.77333e-005,1.44526,-0.755989,2.30964,-0.298691
0.25867,372.153,2.78667e-005,1.60748,-0.738241,2.66216,-0.500288
0.25867,372.153,2.8e-005,1.76336,-0.718228,3.00188,-0.697152
0.25867,372.153,2.81333e-005,1.91227,-0.696044,3.32765,-0.88868
0.25867,372.153,2.82667e-005,2.05364,-0.671788,3.63837,-1.07429
0.25867,372.153,2.84e-005,2.18691,-0.645568,3.93299,-1.25344
0.25867,372.153,2.85333e-005,2.31154,-0.617498,4.21054,-1.42559
0.25867,372.153,2.86667e-005,2.42705,-0.587697,4.47014,-1.59025
0.25867,372.153,2.88e-005,2.53298,-0.556291,4.71093,-1.74697
0.25867,372.153,2.89333e-005,2.62892,-0.52341,4.93218,-1.89532
0.25867,372.153,2.90667e-005,2.71448,-0.489188,5.13321,-2.03489
0.25867,372.153,2.92e-005,2.78933,-0.453766,5.31341,-2.16534
0.25867,372.153,2.93333e-005,2.85317,-0.417284,5.47228,-2.28635
0.25867,372.153,2.94667e-005,2.90575,-0.379888,5.60938,-2.39762
0.25867,372.153,2.96e-005,2.94686,-0.341725,5.72437,-2.49893
0.25867,372.153,2.97333e-005,2.97634,-0.302945,5.817,-2.59005
0.25867,372.153,2.98667e-005,2.99408,-0.263698,5.88708,-2.67084
0.25867,372.153,3e-005,3,-0.224135,5.93454,-2.74116
0.25867,372.153,3.01333e-005,2.99408,-0.184406,5.95937,-2.80093
0.25867,372.153,3.02667e-005,2.97634,-0.144661,5.96168,-2.8501
0.25867,372.153,3.04e-005,2.94686,-0.10505,5.94162,-2.88868
0.25867,372.153,3.05333e-005,2.90575,-0.0657204,5.89948,-2.91669
0.25867,372.153,3.06667e-005,2.85317,-0.0268165,5.83558,-2.93422
0.25867,372.153,3.08e-005,2.78933,0.0115193,5.75036,-2.94137
0.25867,372.153,3.09333e-005,2.71448,0.0491481,5.64433,-2.9383
0.25867,372.153,3.10667e-005,2.62892,0.0859352,5.51807,-2.92519
0.25867,372.153,3.12e-005,2.53298,0.12175,5.37224,-2.90227
0.25867,372.153,3.13333e-005,2.42705,0.156467,5.20757,-2.86981
0.25867,372.153,3.14667e-005,2.31154,0.189967,5.02488,-2.82808
0.25867,372.153,3.16e-005,2.18691,0.222133,4.82502,-2.77742
0.25867,372.153,3.17333e-005,2.05364,0.25286,4.60893,-2.71819
0.25867,372.153,3.18667e-005,1.91227,0.282044,4.3776,-2.65076
0.25867,372.153,3.2e-005,1.76336,0.309591,4.13207,-2.57555
0.25867,372.153,3.21333e-005,1.60748,0.335414,3.87344,-2.49299
0.25867,372.153,3.22667e-005,1.44526,0.359433,3.60284,-2.40355
0.25867,372.153,3.24e-005,1.27734,0.381576,3.32145,-2.3077
0.25867,372.153,3.25333e-005,1.10437,0.401779,3.0305,-2.20595
0.25867,372.153,3.26667e-005,0.927051,0.419987,2.73122,-2.0988
0.25867,372.153,3.28e-005,0.74607,0.436153,2.42489,-1.98681
0.25867,372.153,3.29333e-005,0.562144,0.450238,2.1128,-1.8705
0.25867,372.153,3.30667e-005,0.376,0.462213,1.79626,-1.75044
0.25867,372.153,3.32e-005,0.188372,0.472057,1.47659,-1.62718
0.25867,372.153,3.33333e-005,1.83691e-015,0.479758,1.15512,-1.5013
0.25867,372.153,3.34667e-005,-0.188372,0.485313,0.833168,-1.37336
0.25867,372.153,3.36e-005,-0.376,0.488726,0.51205,-1.24395
0.25867,372.153,3.37333e-005,-0.562144,0.490013,0.193075,-1.11362
0.25867,372.153,3.38667e-005,-0.74607,0.489197,-0.122465,-0.982948
0.25867,372.153,3.4e-005,-0.927051,0.486308,-0.4333,-0.852496
0.25867,372.153,3.41333e-005,-1.10437,0.481387,-0.738186,-0.722814
0.25867,372.153,3.42667e-005,-1.27734,0.474481,-1.03591,-0.594444
0.25867,372.153,3.44e-005,-1.44526,0.465646,-1.3253,-0.467915
0.25867,372.153,3.45333e-005,-1.60748,0.454944,-1.60521,-0.343743
0.25867,372.153,3.46667e-005,-1.76336,0.442447,-1.87456,-0.222425
0.25867,372.153,3.48e-005,-1.91227,0.428232,-2.13229,-0.104439
0.25867,372.153,3.49333e-005,-2.05364,0.412382,-2.37743,0.0097563
0.25867,372.153,3.50667e-005,-2.18691,0.394989,-2.60904,0.119725
0.25867,372.153,3.52e-005,-2.31154,0.376147,-2.82625,0.225055
0.25867,372.153,3.53333e-005,-2.42705,0.355959,-3.02825,0.325361
0.25867,372.153,3.54667e-005,-2.53298,0.33453,-3.2143,0.420283
0.25867,372.153,3.56e-005,-2.62892,0.311972,-3.38373,0.509491
0.25867,372.153,3.57333e-005,-2.71448,0.288399,-3.53594,0.592684
0.25867,372.153,3.58667e-005,-2.78933,0.263929,-3.67041,0.66959
0.25867,372.153,3.6e-005,-2.85317,0.238685,-3.78669,0.739971
0.25867,372.153,3.61333e-005,-2.90575,0.212789,-3.88441,0.803621
0.25867,372.153,3.62667e-005,-2.94686,0.186367,-3.96327,0.860364
0.25867,372.153,3.64e-005,-2.97634,0.159546,-4.02308,0.910062
0.25867,372.153,3.65333e-005,-2.99408,0.132455,-4.06369,0.952608
0.25867,372.153,3.66667e-005,-3,0.105221,-4.08506,0.987929
0.25867,372.153,3.68e-005,-2.99408,0.0779732,-4.08723,1.01599
0.25867,372.153,3.69333e-005,-2.97634,0.0508378,-4.07031,1.03678
0.25867,372.153,3.70667e-005,-2.94686,0.0239413,-4.03448,1.05034
0.25867,372.153,3.72e-005,-2.90575,-0.00259222,-3.98003,1.05672
0.25867,372.153,3.73333e-005,-2.85317,-0.0286409,-3.9073,1.05603
0.25867,372.153,3.74667e-005,-2.78933,-0.0540857,-3.81672,1.04839
0.25867,372.153,3.76e-005,-2.71448,-0.0788109,-3.70879,1.03397
0.25867,372.153,3.77333e-005,-2.62892,-0.102705,-3.58408,1.01295
0.25867,372.153,3.78667e-005,-2.53298,-0.12566,-3.44323,0.985566
0.25867,372.153,3.8e-005,-2.42705,-0.147573,-3.28696,0.952057
0.25867,372.153,3.81333e-005,-2.31154,-0.168346,-3.11602,0.912704
0.25867,372.153,3.82667e-005,-2.18691,-0.187888,-2.93126,0.867812
0.25867,372.153,3.84e-005,-2.05364,-0.206112,-2.73357,0.817709
0.25867,372.153,3.85333e-005,-1.91227,-0.222938,-2.52387,0.762746
0.25867,372.153,3.86667e-005,-1.76336,-0.238292,-2.30316,0.703296
0.25867,372.153,3.88e-005,-1.60748,-0.252109,-2.07248,0.639751
0.25867,372.153,3.89333e-005,-1.44526,-0.264328,-1.8329,0.572522
0.25867,372.153,3.90667e-005,-1.27734,-0.274898,-1.58553,0.502035
0.25867,372.153,3.92e-005,-1.10437,-0.283775,-1.33151,0.428728
0.25867,372.153,3.93333e-005,-0.927051,-0.290922,-1.072,0.353055
0.25867,372.153,3.94667e-005,-0.74607,-0.29631,-0.808203,0.275476
0.25867,372.153,3.96e-005,-0.562144,-0.299918,-0.54131,0.19646
0.25867,372.153,3.97333e-005,-0.376,-0.301735,-0.272542,0.116482
0.25867,372.153,3.98667e-005,-0.188372,-0.301756,-0.00311826,0.0360192
0.25867,372.153,4e-005,-2.20429e-015,-0.299984,0.265737,-0.0444491
0.25867,372.153,4.01333e-005,0.188372,-0.296432,0.532805,-0.124445
0.25867,372.153,4.02667e-005,0.376,-0.29112,0.796877,-0.203494
0.25867,372.153,4.04e-005,0.562144,-0.284075,1.05676,-0.281126
0.25867,372.153,4.05333e-005,0.74607,-0.275333,1.31127,-0.356879
0.25867,372.153,4.06667e-005,0.927051,-0.264938,1.55926,-0.430301
0.25867,372.153,4.08e-005,1.10437,-0.252941,1.79961,-0.500951
0.25867,372.153,4.09333e-005,1.27734,-0.239399,2.03123,-0.568402
0.25867,372.153,4.10667e-005,1.44526,-0.224379,2.25306,-0.632242
0.25867,372.153,4.12e-005,1.60748,-0.207951,2.4641,-0.692076
0.25867,372.153,4.13333e-005,1.76336,-0.190195,2.66338,-0.74753
0.25867,372.153,4.14667e-005,1.91227,-0.171195,2.85,-0.798248
0.25867,372.153,4.16e-005,2.05364,-0.151042,3.02309,-0.843901
0.25867,372.153,4.17333e-005,2.18691,-0.129829,3.18185,-0.884178
0.25867,372.153,4.18667e-005,2.31154,-0.107659,3.32555,-0.918799
0.25867,372.153,4.2e-005,2.42705,-0.0846355,3.45351,-0.947508
0.25867,372.153,4.21333e-005,2.53298,-0.060868,3.56513,-0.970078
0.25867,372.153,4.22667e-005,2.62892,-0.0364689,3.65987,-0.986309
0.25867,372.153,4.24e-005,2.71448,-0.0115538,3.73726,-0.996034
0.25867,372.153,4.25333e-005,2.78933,0.013759,3.79692,-0.999115
0.25867,372.153,4.26667e-005,2.85317,0.0393492,3.83853,-0.995446
0.25867,372.153,4.28e-005,2.90575,0.0650948,3.86185,-0.984953
0.25867,372.153,4.29333e-005,2.94686,0.0908729,3.86672,-0.967595
0.25867,372.153,4.30667e-005,2.97634,0.11656,3.85307,-0.943362
0.25867,372.153,4.32e-005,2.99408,0.142033,3.82088,-0.912279
0.25867,372.153,4.33333e-005,3,0.167168,3.77025,-0.874404
0.25867,372.153,4.34667e-005,2.99408,0.191843,3.70132,-0.829826
0.25867,372.153,4.36e-005,2.97634,0.215939,3.61433,-0.778668
0.25867,372.153,4.37333e-005,2.94686,0.239336,3.50959,-0.721084
0.25867,372.153,4.38667e-005,2.90575,0.261919,3.3875,-0.657261
0.25867,372.153,4.4e-005,2.85317,0.283576,3.24851,-0.587416
0.25867,372.153,4.41333e-005,2.78933,0.304197,3.09317,-0.511796
0.25867,372.153,4.42667e-005,2.71448,0.323678,2.92208,-0.430677
0.25867,372.153,4.44e-005,2.62892,0.341917,2.73592,-0.344363
0.25867,372.153,4.45333e-005,2.53298,0.35882,2.53543,-0.253185
0.25867,372.153,4.46667e-005,2.42705,0.374296,2.32142,-0.157499
0.25867,372.153,4.48e-005,2.31154,0.388261,2.09474,-0.0576872
0.25867,372.153,4.49333e-005,2.18691,0.400636,1.85633,0.0458491
0.25867,372.153,4.50667e-005,2.05364,0.411351,1.60716,0.152685
0.25867,372.153,4.52e-005,1.91227,0.420339,1.34824,0.262379
0.25867,372.153,4.53333e-005,1.76336,0.427543,1.08064,0.374469
0.25867,372.153,4.54667e-005,1.60748,0.432913,0.805468,0.488481
0.25867,372.153,4.56e-005,1.44526,0.436406,0.523867,0.603924
0.25867,372.153,4.57333e-005,1.27734,0.437986,0.237008,0.720299
0.25867,372.153,4.58667e-005,1.10437,0.437626,-0.0539112,0.837095
0.25867,372.153,4.6e-005,0.927051,0.435308,-0.347671,0.953796
0.25867,372.153,4.61333e-005,0.74607,0.431021,-0.643034,1.06988
0.25867,372.153,4.62667e-005,0.562144,0.424763,-0.938756,1.18482
0.25867,372.153,4.64e-005,0.376,0.416539,-1.23358,1.29809
0.25867,372.153,4.65333e-005,0.188372,0.406364,-1.52625,1.40916
0.25867,372.153,4.66667e-005,2.57167e-015,0.394261,-1.81553,1.51753
0.25867,372.153,4.68e-005,-0.188372,0.38026,-2.10016,1.62266
0.25867,372.153,4.69333e-005,-0.376,0.3644,-2.37892,1.72407
0.25867,372.153,4.70667e-005,-0.562144,0.346729,-2.65061,1.82124
0.25867,372.153,4.72e-005,-0.74607,0.327302,-2.91404,1.9137
0.25867,372.153,4.73333e-005,-0.927051,0.306182,-3.16805,2.00098
0.25867,372.153,4.74667e-005,-1.10437,0.283439,-3.41154,2.08263
0.25867,372.153,4.76e-005,-1.27734,0.259149,-3.64341,2.15821
0.25867,372.153,4.77333e-005,-1.44526,0.233398,-3.86262,2.22732
0.25867,372.153,4.78667e-005,-1.60748,0.206277,-4.0682,2.28956
0.25867,372.153,4.8e-005,-1.76336,0.177882,-4.25919,2.34457
0.25867,372.153,4.81333e-005,-1.91227,0.148318,-4.43472,2.392
0.25867,372.153,4.82667e-005,-2.05364,0.117691,-4.59396,2.43155
0.25867,372.153,4.84e-005,-2.18691,0.0861168,-4.73615,2.46294
0.25867,372.153,4.85333e-005,-2.31154,0.0537128,-4.86059,2.4859
0.25867,372.153,4.86667e-005,-2.42705,0.0206017,-4.96667,2.50023
0.25867,372.153,4.88e-005,-2.53298,-0.0130904,-5.05381,2.50572
0.25867,372.153,4.89333e-005,-2.62892,-0.047234,-5.12155,2.50223
0.25867,372.153,4.90667e-005,-2.71448,-0.0816972,-5.16948,2.48963
0.25867,372.153,4.92e-005,-2.78933,-0.116346,-5.19727,2.46785
0.25867,372.153,4.93333e-005,-2.85317,-0.151043,-5.20467,2.43682
0.25867,372.153,4.94667e-005,-2.90575,-0.185654,-5.19153,2.39654
0.25867,372.153,4.96e-005,-2.94686,-0.220039,-5.15775,2.34704
0.25867,372.153,4.97333e-005,-2.97634,-0.254061,-5.10334,2.28836
0.25867,372.153,4.98667e-005,-2.99408,-0.287583,-5.02838,2.22061
0.25867,372.153,5e-005,-3,-0.32047,-4.93303,2.14392
0.25867,372.153,5.01333e-005,-2.99408,-0.352587,-4.81753,2.05846
0.25867,372.153,5.02667e-005,-2.97634,-0.383802,-4.68222,1.96444
0.25867,372.153,5.04e-005,-2.94686,-0.413985,-4.5275,1.86209
0.25867,372.153,5.05333e-005,-2.90575,-0.443011,-4.35386,1.7517
0.25867,372.153,5.06667e-005,-2.85317,-0.470757,-4.16185,1.63356
0.25867,372.153,5.08e-005,-2.78933,-0.497104,-3.95213,1.50802
0.25867,372.153,5.09333e-005,-2.71448,-0.52194,-3.7254,1.37546
0.25867,372.153,5.10667e-005,-2.62892,-0.545157,-3.48244,1.23628
0.25867,372.153,5.12e-005,-2.53298,-0.566651,-3.22411,1.0909
0.25867,372.153,5.13333e-005,-2.42705,-0.586326,-2.9513,0.939797
0.25867,372.153,5.14667e-005,-2.31154,-0.604093,-2.66501,0.783443
0.25867,372.153,5.16e-005,-2.18691,-0.619868,-2.36626,0.622352
0.25867,372.153,5.17333e-005,-2.05364,-0.633575,-2.05613,0.457054
0.25867,372.153,5.18667e-005,-1.91227,-0.645147,-1.73575,0.288101
0.25867,372.153,5.2e-005,-1.76336,-0.654522,-1.40631,0.116061
0.25867,372.153,5.21333e-005,-1.60748,-0.661649,-1.06902,-0.0584778
0.25867,372.153,5.22667e-005,-1.44526,-0.666483,-0.725134,-0.234918
0.25867,372.153,5.24e-005,-1.27734,-0.66899,-0.375937,-0.412646
0.25867,372.153,5.25333e-005,-1.10437,-0.669141,-0.0227376,-0.591044
0.25867,372.153,5.26667e-005,-0.927051,-0.66692,0.333134,-0.769481
0.25867,372.153,5.28e-005,-0.74607,-0.662318,0.690332,-0.947327
0.25867,372.153,5.29333e-005,-0.562144,-0.655335,1.0475,-1.12394
0.25867,372.153,5.30667e-005,-0.376,-0.645979,1.40328,-1.2987
0.25867,372.153,5.32e-005,-0.188372,-0.634271,1.75631,-1.47096
0.25867,372.153,5.33333e-005,-2.93906e-015,-0.620236,2.10523,-1.6401
0.25867,372.153,5.34667e-005,0.188372,-0.603911,2.44871,-1.8055
0.25867,372.153,5.36e-005,0.376,-0.585342,2.78541,-1.96654
0.25867,372.153,5.37333e-005,0.562144,-0.564582,3.11403,-2.12263
0.25867,372.153,5.38667e-005,0.74607,-0.541693,3.43328,-2.27319
0.25867,372.153,5.4e-005,0.927051,-0.516747,3.74193,-2.41764
0.25867,372.153,5.41333e-005,1.10437,-0.489822,4.03876,-2.55544
0.25867,372.153,5.42667e-005,1.27734,-0.461004,4.3226,-2.68606
0.25867,372.153,5.44e-005,1.44526,-0.430389,4.59232,-2.80899
0.25867,372.153,5.45333e-005,1.60748,-0.398077,4.84686,-2.92376
0.25867,372.153,5.46667e-005,1.76336,-0.364175,5.08519,-3.02991
0.25867,372.153,5.48e-005,1.91227,-0.3288,5.30636,-3.12703
0.25867,372.153,5.49333e-005,2.05364,-0.29207,5.50947,-3.21471
0.25867,372.153,5.50667e-005,2.18691,-0.254112,5.69368,-3.29259
0.25867,372.153,5.52e-005,2.31154,-0.215057,5.85824,-3.36036
0.25867,372.153,5.53333e-005,2.42705,-0.17504,6.00246,-3.41771
0.25867,372.153,5.54667e-005,2.53298,-0.134202,6.12573,-3.46438
0.25867,372.153,5.56e-005,2.62892,-0.0926856,6.2275,-3.50017
0.25867,372.153,5.57333e-005,2.71448,-0.0506367,6.30734,-3.52489
0.25867,372.153,5.58667e-005,2.78933,-0.00820434,6.36485,-3.53839
0.25867,372.153,5.6e-005,2.85317,0.0344607,6.39976,-3.54058
0.25867,372.153,5.61333e-005,2.90575,0.0772065,6.41187,-3.53139
0.25867,372.153,5.62667e-005,2.94686,0.11988,6.40104,-3.5108
0.25867,372.153,5.64e-005,2.97634,0.162329,6.36726,-3.47883
0.25867,372.153,5.65333e-005,2.99408,0.204399,6.31058,-3.43554
0.25867,372.153,5.66667e-005,3,0.24594,6.23114,-3.38104
0.25867,372.153,5.68e-005,2.99408,0.286801,6.12918,-3.31545
0.25867,372.153,5.69333e-005,2.97634,0.326835,6.005,-3.23897
0.25867,372.153,5.70667e-005,2.94686,0.365895,5.859,-3.15182
0.25867,372.153,5.72e-005,2.90575,0.403839,5.69167,-3.05424
0.25867,372.153,5.73333e-005,2.85317,0.44053,5.50358,-2.94655
0.25867,372.153,5.74667e-005,2.78933,0.475832,5.29535,-2.82908
0.25867,372.153,5.76e-005,2.71448,0.509617,5.06773,-2.70219
0.25867,372.153,5.77333e-005,2.62892,0.54176,4.82149,-2.56629
0.25867,372.153,5.78667e-005,2.53298,0.572143,4.55752,-2.42182
0.25867,372.153,5.8e-005,2.42705,0.600655,4.27673,-2.26925
0.25867,372.153,5.81333e-005,2.31154,0.627189,3.98014,-2.10908
0.25867,372.153,5.82667e-005,2.18691,0.651648,3.66879,-1.94183
0.25867,372.153,5.84e-005,2.05364,0.67394,3.34382,-1.76805
0.25867,372.153,5.85333e-005,1.91227,0.693983,3.00639,-1.58834
0.25867,372.153,5.86667e-005,1.76336,0.711701,2.65771,-1.40328
0.25867,372.153,5.88e-005,1.60748,0.727028,2.29905,-1.21349
0.25867,372.153,5.89333e-005,1.44526,0.739906,1.93172,-1.01961
0.25867,372.153,5.90667e-005,1.27734,0.750286,1.55705,-0.822306
0.25867,372.153,5.92e-005,1.10437,0.758129,1.17639,-0.62223
0.25867,372.153,5.93333e-005,0.927051,0.763403,0.791152,-0.420062
0.25867,372.153,5.94667e-005,0.74607,0.766088,0.402729,-0.216488
0.25867,372.153,5.96e-005,0.562144,0.766172,0.0125439,-0.0121978
0.25867,372.153,5.97333e-005,0.376,0.763652,-0.377974,0.192115
0.25867,372.153,5.98667e-005,0.188372,0.758536,-0.767395,0.395755
0.25867,372.153,6e-005,3.30644e-015,0.750841,-1.15429,0.598031
0.25867,372.153,6.01333e-005,-0.188372,0.740592,-1.53724,0.798256
0.25867,372.153,6.02667e-005,-0.376,0.727827,-1.91485,0.995747
0.25867,372.153,6.04e-005,-0.562144,0.712589,-2.28572,1.18983
0.25867,372.153,6.05333e-005,-0.74607,0.694932,-2.64849,1.37986
0.25867,372.153,6.06667e-005,-0.927051,0.67492,-3.00184,1.56517
0.25867,372.153,6.08e-005,-1.10437,0.652623,-3.34447,1.74515
0.25867,372.153,6.09333e-005,-1.27734,0.628122,-3.67511,1.91918
0.25867,372.153,6.10667e-005,-1.44526,0.601505,-3.99257,2.08668
0.25867,372.153,6.12e-005,-1.60748,0.572868,-4.29567,2.24708
0.25867,372.153,6.13333e-005,-1.76336,0.542312,-4.58331,2.39985
0.25867,372.153,6.14667e-005,-1.91227,0.509949,-4.85443,2.54447
0.25867,372.153,6.16e-005,-2.05364,0.475896,-5.10806,2.68045
0.25867,372.153,6.17333e-005,-2.18691,0.440274,-5.34325,2.80736
0.25867,372.153,6.18667e-005,-2.31154,0.403213,-5.55917,2.92476
0.25867,372.153,6.2e-005,-2.42705,0.364846,-5.75503,3.03229
0.25867,372.153,6.21333e-005,-2.53298,0.325312,-5.93012,3.12958
0.25867,372.153,6.22667e-005,-2.62892,0.284753,-6.08381,3.21633
0.25867,372.153,6.24e-005,-2.71448,0.243316,-6.21556,3.29226
0.25867,372.153,6.25333e-005,-2.78933,0.20115,-6.32491,3.35715
0.25867,372.153,6.26667e-005,-2.85317,0.158407,-6.41147,3.41079
0.25867,372.153,6.28e-005,-2.90575,0.11524,-6.47494,3.45303
0.25867,372.153,6.29333e-005,-2.94686,0.0718062,-6.51513,3.48376
0.25867,372.153,6.30667e-005,-2.97634,0.0282601,-6.53191,3.50291
0.25867,372.153,6.32e-005,-2.99408,-0.0152415,-6.52525,3.51045
0.25867,372.153,6.33333e-005,-3,-0.0585429,-6.4952,3.50638
0.25867,372.153,6.34667e-005,-2.99408,-0.101489,-6.44192,3.49077
0.25867,372.153,6.36e-005,-2.97634,-0.143926,-6.36562,3.46371
0.25867,372.153,6.37333e-005,-2.94686,-0.185704,-6.26664,3.42533
0.25867,372.153,6.38667e-005,-2.90575,-0.226673,-6.14537,3.3758
0.25867,372.153,6.4e-005,-2.85317,-0.266689,-6.0023,3.31536
0.25867,372.153,6.41333e-005,-2.78933,-0.305609,-5.838,3.24424
0.25867,372.153,6.42667e-005,-2.71448,-0.343296,-5.65311,3.16275
0.25867,372.153,6.44e-005,-2.62892,-0.379618,-5.44837,3.0712
0.25867,372.153,6.45333e-005,-2.53298,-0.414449,-5.22456,2.96997
0.25867,372.153,6.46667e-005,-2.42705,-0.447666,-4.98257,2.85945
0.25867,372.153,6.48e-005,-2.31154,-0.479155,-4.72332,2.74007
0.25867,372.153,6.49333e-005,-2.18691,-0.508807,-4.44782,2.6123
0.25867,372.153,6.50667e-005,-2.05364,-0.536521,-4.15713,2.47661
0.25867,372.153,6.52e-005,-1.91227,-0.562204,-3.85237,2.33354
0.25867,372.153,6.53333e-005,-1.76336,-0.585768,-3.53469,2.18362
0.25867,372.153,6.54667e-005,-1.60748,-0.607137,-3.20533,2.02742
0.25867,372.153,6.56e-005,-1.44526,-0.626241,-2.86554,1.86551
0.25867,372.153,6.57333e-005,-1.27734,-0.643018,-2.51661,1.69852
0.25867,372.153,6.58667e-005,-1.10437,-0.657417,-2.15987,1.52704
0.25867,372.153,6.6e-005,-0.927051,-0.669395,-1.79668,1.35173
0.25867,372.153,6.61333e-005,-0.74607,-0.678918,-1.42841,1.17323
0.25867,372.153,6.62667e-005,-0.562144,-0.685961,-1.05645,0.992182
0.25867,372.153,6.64e-005,-0.376,-0.690509,-0.682221,0.80926
0.25867,372.153,6.65333e-005,-0.188372,-0.692556,-0.307122,0.625124
0.25867,372.153,6.66667e-005,-3.67382e-015,-0.692107,0.0674326,0.440442
0.25867,372.153,6.68e-005,0.188372,-0.689173,0.440036,0.25588
0.25867,372.153,6.69333e-005,0.376,-0.683778,0.809293,0.0721007
0.25867,372.153,6.70667e-005,0.562144,-0.675953,1.17382,-0.11024
0.25867,372.153,6.72e-005,0.74607,-0.665738,1.53226,-0.290494
0.25867,372.153,6.73333e-005,0.927051,-0.653182,1.88328,-0.468024
0.25867,372.153,6.74667e-005,1.10437,-0.638345,2.22558,-0.642206
0.25867,372.153,6.76e-005,1.27734,-0.621292,2.55789,-0.812431
0.25867,372.153,6.77333e-005,1.44526,-0.602099,2.87898,-0.978109
0.25867,372.153,6.78667e-005,1.60748,-0.580848,3.18769,-1.13867
0.25867,372.153,6.8e-005,1.76336,-0.557629,3.48287,-1.29356
0.25867,372.153,6.81333e-005,1.91227,-0.532539,3.76346,-1.44226
0.25867,372.153,6.82667e-005,2.05364,-0.505683,4.02844,-1.58427
0.25867,372.153,6.84e-005,2.18691,-0.47717,4.27686,-1.71912
0.25867,372.153,6.85333e-005,2.31154,-0.447118,4.50783,-1.84637
0.25867,372.153,6.86667e-005,2.42705,-0.415648,4.72054,-1.9656
0.25867,372.153,6.88e-005,2.53298,-0.382886,4.91423,-2.07644
0.25867,372.153,6.89333e-005,2.62892,-0.348965,5.08825,-2.17854
0.25867,372.153,6.90667e-005,2.71448,-0.314018,5.24199,-2.2716
0.25867,372.153,6.92e-005,2.78933,-0.278185,5.37495,-2.35534
0.25867,372.153,6.93333e-005,2.85317,-0.241607,5.48669,-2.42952
0.25867,372.153,6.94667e-005,2.90575,-0.204428,5.57688,-2.49395
0.25867,372.153,6.96e-005,2.94686,-0.166793,5.64524,-2.54846
0.25867,372.153,6.97333e-005,2.97634,-0.128849,5.6916,-2.59294
0.25867,372.153,6.98667e-005,2.99408,-0.0907434,5.71587,-2.6273
0.25867,372.153,7e-005,3,-0.0526231,5.71804,-2.6515
0.25867,372.153,7.01333e-005,2.99408,-0.014635,5.6982,-2.66553
0.25867,372.153,7.02667e-005,2.97634,0.023075,5.65651,-2.66943
0.25867,372.153,7.04e-005,2.94686,0.0603632,5.59322,-2.66328
0.25867,372.153,7.05333e-005,2.90575,0.0970876,5.50867,-2.64718
0.25867,372.153,7.06667e-005,2.85317,0.133109,5.40327,-2.62129
0.25867,372.153,7.08e-005,2.78933,0.168293,5.27751,-2.5858
0.25867,372.153,7.09333e-005,2.71448,0.202506,5.13199,-2.54092
0.25867,372.153,7.10667e-005,2.62892,0.235622,4.96733,-2.48692
0.25867,372.153,7.12e-005,2.53298,0.267517,4.78428,-2.42409
0.25867,372.153,7.13333e-005,2.42705,0.298074,4.58362,-2.35275
0.25867,372.153,7.14667e-005,2.31154,0.327182,4.36621,-2.27326
0.25867,372.153,7.16e-005,2.18691,0.354736,4.13299,-2.18601
0.25867,372.153,7.17333e-005,2.05364,0.380635,3.88492,-2.09142
0.25867,372.153,7.18667e-005,1.91227,0.404789,3.62305,-1.98991
0.25867,372.153,7.2e-005,1.76336,0.427112,3.34848,-1.88197
0.25867,372.153,7.21333e-005,1.60748,0.447528,3.06234,-1.76807
0.25867,372.153,7.22667e-005,1.44526,0.465966,2.76581,-1.64873
0.25867,372.153,7.24e-005,1.27734,0.482367,2.4601,-1.52448
0.25867,372.153,7.25333e-005,1.10437,0.496677,2.14648,-1.39584
0.25867,372.153,7.26667e-005,0.927051,0.508852,1.82622,-1.2634
0.25867,372.153,7.28e-005,0.74607,0.518856,1.50062,-1.1277
0.25867,372.153,7.29333e-005,0.562144,0.526662,1.17099,-0.989342
0.25867,372.153,7.30667e-005,0.376,0.532254,0.838679,-0.848899
0.25867,372.153,7.32e-005,0.188372,0.53562,0.505017,-0.706964
0.25867,372.153,7.33333e-005,1.46993e-014,0.536763,0.171344,-0.564132
0.25867,372.153,7.34667e-005,-0.188372,0.535689,-0.161002,-0.420996
0.25867,372.153,7.36e-005,-0.376,0.532418,-0.490693,-0.278145
0.25867,372.153,7.37333e-005,-0.562144,0.526975,-0.816417,-0.136167
0.25867,372.153,7.38667e-005,-0.74607,0.519396,-1.13688,0.00435967
0.25867,372.153,7.4e-005,-0.927051,0.509724,-1.45081,0.142865
0.25867,372.153,7.41333e-005,-1.10437,0.498011,-1.75696,0.278792
0.25867,372.153,7.42667e-005,-1.27734,0.484317,-2.05414,0.411595
0.25867,372.153,7.44e-005,-1.44526,0.468709,-2.34117,0.540746
0.25867,372.153,7.45333e-005,-1.60748,0.451263,-2.61693,0.665735
0.25867,372.153,7.46667e-005,-1.76336,0.43206,-2.88035,0.786071
0.25867,372.153,7.48e-005,-1.91227,0.411191,-3.1304,0.901287
0.25867,372.153,7.49333e-005,-2.05364,0.38875,-3.36612,1.01094
0.25867,372.153,7.50667e-005,-2.18691,0.364839,-3.58659,1.11461
0.25867,372.153,7.52e-005,-2.31154,0.339566,-3.79098,1.2119
0.25867,372.153,7.53333e-005,-2.42705,0.313043,-3.97851,1.30245
0.25867,372.153,7.54667e-005,-2.53298,0.285386,-4.14847,1.38592
0.25867,372.153,7.56e-005,-2.62892,0.256718,-4.30023,1.46203
0.25867,372.153,7.57333e-005,-2.71448,0.227163,-4.43323,1.53049
0.25867,372.153,7.58667e-005,-2.78933,0.19685,-4.54698,1.59106
0.25867,372.153,7.6e-005,-2.85317,0.16591,-4.64108,1.64356
0.25867,372.153,7.61333e-005,-2.90575,0.134475,-4.71522,1.6878
0.25867,372.153,7.62667e-005,-2.94686,0.102681,-4.76914,1.72366
0.25867,372.153,7.64e-005,-2.97634,0.0706626,-4.80268,1.75104
0.25867,372.153,7.65333e-005,-2.99408,0.0385574,-4.81578,1.76988
0.25867,372.153,7.66667e-005,-3,0.00650115,-4.80844,1.78017
0.25867,372.153,7.68e-005,-2.99408,-0.0253705,-4.78075,1.7819
0.25867,372.153,7.69333e-005,-2.97634,-0.056923,-4.73287,1.77513
0.25867,372.153,7.70667e-005,-2.94686,-0.0880235,-4.66507,1.75995
0.25867,372.153,7.72e-005,-2.90575,-0.118541,-4.57768,1.73648
0.25867,372.153,7.73333e-005,-2.85317,-0.148349,-4.47111,1.70487
0.25867,372.153,7.74667e-005,-2.78933,-0.177321,-4.34585,1.66531
0.25867,372.153,7.76e-005,-2.71448,-0.205338,-4.20247,1.61802
0.25867,372.153,7.77333e-005,-2.62892,-0.232282,-4.04161,1.56327
0.25867,372.153,7.78667e-005,-2.53298,-0.258041,-3.86397,1.50133
0.25867,372.153,7.8e-005,-2.42705,-0.28251,-3.67034,1.43252
0.25867,372.153,7.81333e-005,-2.31154,-0.305587,-3.46154,1.35718
0.25867,372.153,7.82667e-005,-2.18691,-0.327177,-3.2385,1.27569
0.25867,372.153,7.84e-005,-2.05364,-0.347192,-3.00215,1.18844
0.25867,372.153,7.85333e-005,-1.91227,-0.365548,-2.75352,1.09586
0.25867,372.153,7.86667e-005,-1.76336,-0.382173,-2.49367,0.998378
0.25867,372.153,7.88e-005,-1.60748,-0.396997,-2.22369,0.896465
0.25867,372.153,7.89333e-005,-1.44526,-0.409962,-1.94473,0.790599
0.25867,372.153,7.90667e-005,-1.27734,-0.421015,-1.65797,0.681276
0.25867,372.153,7.92e-005,-1.10437,-0.430113,-1.36463,0.569005
0.25867,372.153,7.93333e-005,-0.927051,-0.437219,-1.06594,0.454309
0.25867,372.153,7.94667e-005,-0.74607,-0.442307,-0.763159,0.337717
0.25867,372.153,7.96e-005,-0.562144,-0.445357,-0.457554,0.219768
0.25867,372.153,7.97333e-005,-0.376,-0.44636,-0.15041,0.101006
0.25867,372.153,7.98667e-005,-0.188372,-0.445314,0.156982,-0.0180232
0.25867,372.153,0.000733333,2.35368e-014,-0.567559,0.764187,-0.344241
0.25867,372.153,0.000733467,0.188372,-0.560224,1.10017,-0.49559
0.25867,372.153,0.0007336,0.376,-0.550679,1.43181,-0.644983
0.25867,372.153,0.000733733,0.562144,-0.53896,1.75781,-0.791831
0.25867,372.153,0.000733867,0.74607,-0.525115,2.07686,-0.935553
0.25867,372.153,0.000734,0.927051,-0.509196,2.38772,-1.07558
0.25867,372.153,0.000734133,1.10437,-0.491269,2.68915,-1.21137
0.25867,372.153,0.000734267,1.27734,-0.471402,2.97998,-1.34237
0.25867,372.153,0.0007344,1.44526,-0.449675,3.25904,-1.46808
0.25867,372.153,0.000734533,1.60748,-0.426174,3.52524,-1.588
0.25867,372.153,0.000734667,1.76336,-0.40099,3.77752,-1.70164
0.25867,372.153,0.0007348,1.91227,-0.374224,4.0149,-1.80857
0.25867,372.153,0.000734933,2.05364,-0.345981,4.23644,-1.90837
0.25867,372.153,0.000735067,2.18691,-0.316373,4.44125,-2.00063
0.25867,372.153,0.0007352,2.31154,-0.285516,4.62854,-2.08499
0.25867,372.153,0.000735333,2.42705,-0.253532,4.79756,-2.16113
0.25867,372.153,0.000735467,2.53298,-0.220548,4.94765,-2.22874
0.25867,372.153,0.0007356,2.62892,-0.186693,5.07821,-2.28755
0.25867,372.153,0.000735733,2.71448,-0.152102,5.18873,-2.33734
0.25867,372.153,0.000735867,2.78933,-0.11691,5.27877,-2.3779
0.25867,372.153,0.000736,2.85317,-0.0812568,5.34798,-2.40907
0.25867,372.153,0.000736133,2.90575,-0.0452829,5.39608,-2.43074
0.25867,372.153,0.000736267,2.94686,-0.00913031,5.42289,-2.44282
0.25867,372.153,0.0007364,2.97634,0.0270583,5.42829,-2.44525
0.25867,372.153,0.000736533,2.99408,0.0631401,5.41227,-2.43804
0.25867,372.153,0.000736667,3,0.0989728,5.3749,-2.4212
0.25867,372.153,0.0007368,2.99408,0.134415,5.31631,-2.39481
0.25867,372.153,0.000736933,2.97634,0.169326,5.23674,-2.35896
0.25867,372.153,0.000737067,2.94686,0.20357,5.1365,-2.31381
0.25867,372.153,0.0007372,2.90575,0.23701,5.01599,-2.25952
0.25867,372.153,0.000737333,2.85317,0.269514,4.87568,-2.19632
0.25867,372.153,0.000737467,2.78933,0.300955,4.71614,-2.12445
0.25867,372.153,0.0007376,2.71448,0.331208,4.53798,-2.0442
0.25867,372.153,0.000737733,2.62892,0.360154,4.34191,-1.95587
0.25867,372.153,0.000737867,2.53298,0.387679,4.1287,-1.85983
0.25867,372.153,0.000738,2.42705,0.413674,3.8992,-1.75645
0.25867,372.153,0.000738133,2.31154,0.438036,3.65432,-1.64614
0.25867,372.153,0.000738267,2.18691,0.460669,3.39501,-1.52933
0.25867,372.153,0.0007384,2.05364,0.481485,3.1223,-1.40648
0.25867,372.153,0.000738533,1.91227,0.5004,2.83727,-1.27809
0.25867,372.153,0.000738667,1.76336,0.51734,2.54104,-1.14465
0.25867,372.153,0.0007388,1.60748,0.532239,2.23479,-1.00669
0.25867,372.153,0.000738933,1.44526,0.545037,1.91971,-0.86476
0.25867,372.153,0.000739067,1.27734,0.555684,1.59706,-0.719417
0.25867,372.153,0.0007392,1.10437,0.564138,1.26811,-0.571235
0.25867,372.153,0.000739333,0.927051,0.570365,0.934148,-0.420798
0.25867,372.153,0.000739467,0.74607,0.574342,0.596502,-0.268701
0.25867,372.153,0.0007396,0.562144,0.576052,0.256503,-0.115543
0.25867,372.153,0.000739733,0.376,0.575489,-0.0845096,0.038071
0.25867,372.153,0.000739867,0.188372,0.572654,-0.425188,0.191535
0.25867,372.153,0.00074,8.80497e-015,0.56756,-0.764189,0.344242
0.25867,372.153,0.000740133,-0.188372,0.560225,-1.10017,0.495592
0.25867,372.153,0.000740267,-0.376,0.55068,-1.43182,0.644985
0.25867,372.153,0.0007404,-0.562144,0.538961,-1.75781,0.791833
0.25867,372.153,0.000740533,-0.74607,0.525115,-2.07686,0.935556
0.25867,372.153,0.000740667,-0.927051,0.509197,-2.38772,1.07559
0.25867,372.153,0.0007408,-1.10437,0.491269,-2.68916,1.21137
0.25867,372.153,0.000740933,-1.27734,0.471403,-2.97998,1.34238
0.25867,372.153,0.000741067,-1.44526,0.449676,-3.25904,1.46809
0.25867,372.153,0.0007412,-1.60748,0.426174,-3.52524,1.588
0.25867,372.153,0.000741333,-1.76336,0.400991,-3.77753,1.70165
0.25867,372.153,0.000741467,-1.91227,0.374225,-4.01491,1.80858
0.25867,372.153,0.0007416,-2.05364,0.345982,-4.23644,1.90837
0.25867,372.153,0.000741733,-2.18691,0.316373,-4.44126,2.00063
0.25867,372.153,0.000741867,-2.31154,0.285516,-4.62854,2.085
0.25867,372.153,0.000742,-2.42705,0.253533,-4.79756,2.16113
0.25867,372.153,0.000742133,-2.53298,0.220548,-4.94765,2.22874
0.25867,372.153,0.000742267,-2.62892,0.186694,-5.07821,2.28756
0.25867,372.153,0.0007424,-2.71448,0.152102,-5.18873,2.33734
0.25867,372.153,0.000742533,-2.78933,0.11691,-5.27877,2.3779
0.25867,372.153,0.000742667,-2.85317,0.0812569,-5.34798,2.40908
0.25867,372.153,0.0007428,-2.90575,0.0452831,-5.39608,2.43075
0.25867,372.153,0.000742933,-2.94686,0.00913044,-5.42289,2.44282
0.25867,372.153,0.000743067,-2.97634,-0.0270582,-5.4283,2.44526
0.25867,372.153,0.0007432,-2.99408,-0.0631401,-5.41228,2.43804
0.25867,372.153,0.000743333,-3,-0.0989727,-5.3749,2.4212
0.25867,372.153,0.000743467,-2.99408,-0.134415,-5.31631,2.39481
0.25867,372.153,0.0007436,-2.97634,-0.169326,-5.23674,2.35897
0.25867,372.153,0.000743733,-2.94686,-0.20357,-5.1365,2.31381
0.25867,372.153,0.000743867,-2.90575,-0.23701,-5.01599,2.25953
0.25867,372.153,0.000744,-2.85317,-0.269514,-4.87569,2.19633
0.25867,372.153,0.000744133,-2.78933,-0.300955,-4.71614,2.12446
0.25867,372.153,0.000744267,-2.71448,-0.331208,-4.53798,2.0442
0.25867,372.153,0.0007444,-2.62892,-0.360155,-4.34191,1.95588
0.25867,372.153,0.000744533,-2.53298,-0.387679,-4.12871,1.85984
0.25867,372.153,0.000744667,-2.42705,-0.413674,-3.89921,1.75646
0.25867,372.153,0.0007448,-2.31154,-0.438036,-3.65432,1.64614
0.25867,372.153,0.000744933,-2.18691,-0.46067,-3.39501,1.52933
0.25867,372.153,0.000745067,-2.05364,-0.481485,-3.1223,1.40649
0.25867,372.153,0.0007452,-1.91227,-0.5004,-2.83727,1.27809
0.25867,372.153,0.000745333,-1.76336,-0.51734,-2.54105,1.14465
0.25867,372.153,0.000745467,-1.60748,-0.532239,-2.23479,1.00669
0.25867,372.153,0.0007456,-1.44526,-0.545037,-1.91972,0.864764
0.25867,372.153,0.000745733,-1.27734,-0.555684,-1.59706,0.719421
0.25867,372.153,0.000745867,-1.10437,-0.564138,-1.26811,0.571238
0.25867,372.153,0.000746,-0.927051,-0.570366,-0.934151,0.420802
0.25867,372.153,0.000746133,-0.74607,-0.574343,-0.596505,0.268704
0.25867,372.153,0.000746267,-0.562144,-0.576053,-0.256505,0.115546
0.25867,372.153,0.0007464,-0.376,-0.575489,0.0845071,-0.0380681
0.25867,372.153,0.000746533,-0.188372,-0.572655,0.425186,-0.191532
0.25867,372.153,0.000746667,-4.11468e-014,-0.56756,0.764187,-0.34424
0.25867,372.153,0.0007468,0.188372,-0.560226,1.10017,-0.495589
0.25867,372.153,0.000746933,0.376,-0.55068,1.43181,-0.644983
0.25867,372.153,0.000747067,0.562144,-0.538962,1.75781,-0.791831
0.25867,372.153,0.0007472,0.74607,-0.525116,2.07686,-0.935554
0.25867,372.153,0.000747333,0.927051,-0.509198,2.38772,-1.07558
0.25867,372.153,0.000747467,1.10437,-0.49127,2.68916,-1.21137
0.25867,372.153,0.0007476,1.27734,-0.471403,2.97998,-1.34238
0.25867,372.153,0.000747733,1.44526,-0.449676,3.25904,-1.46808
0.25867,372.153,0.000747867,1.60748,-0.426175,3.52524,-1.588
0.25867,372.153,0.000748,1.76336,-0.400991,3.77753,-1.70164
0.25867,372.153,0.000748133,1.91227,-0.374225,4.01491,-1.80858
0.25867,372.153,0.000748267,2.05364,-0.345982,4.23644,-1.90837
0.25867,372.153,0.0007484,2.18691,-0.316374,4.44126,-2.00063
0.25867,372.153,0.000748533,2.31154,-0.285517,4.62854,-2.085
0.25867,372.153,0.000748667,2.42705,-0.253533,4.79756,-2.16113
0.25867,372.153,0.0007488,2.53298,-0.220549,4.94765,-2.22874
0.25867,372.153,0.000748933,2.62892,-0.186694,5.07821,-2.28756
0.25867,372.153,0.000749067,2.71448,-0.152103,5.18873,-2.33734
0.25867,372.153,0.0007492,2.78933,-0.116911,5.27877,-2.3779
0.25867,372.153,0.000749333,2.85317,-0.0812576,5.34798,-2.40908
0.25867,372.153,0.000749467,2.90575,-0.0452837,5.39609,-2.43075
0.25867,372.153,0.0007496,2.94686,-0.00913104,5.42289,-2.44282
0.25867,372.153,0.000749733,2.97634,0.0270576,5.4283,-2.44526
0.25867,372.153,0.000749867,2.99408,0.0631395,5.41228,-2.43804
0.25867,372.153,0.00075,3,0.0989722,5.3749,-2.42121
0.25867,372.153,0.000750133,2.99408,0.134414,5.31631,-2.39481
0.25867,372.153,0.000750267,2.97634,0.169326,5.23674,-2.35897
0.25867,372.153,0.0007504,2.94686,0.203569,5.1365,-2.31382
0.25867,372.153,0.000750533,2.90575,0.237009,5.016,-2.25953
0.25867,372.153,0.000750667,2.85317,0.269514,4.87569,-2.19633
0.25867,372.153,0.0007508,2.78933,0.300955,4.71614,-2.12446
0.25867,372.153,0.000750933,2.71448,0.331208,4.53798,-2.0442
0.25867,372.153,0.000751067,2.62892,0.360154,4.34191,-1.95588
0.25867,372.153,0.0007512,2.53298,0.387679,4.12871,-1.85984
0.25867,372.153,0.000751333,2.42705,0.413674,3.89921,-1.75646
0.25867,372.153,0.000751467,2.31154,0.438036,3.65432,-1.64615
0.25867,372.153,0.0007516,2.18691,0.460669,3.39502,-1.52934
0.25867,372.153,0.000751733,2.05364,0.481485,3.12231,-1.40649
0.25867,372.153,0.000751867,1.91227,0.5004,2.83728,-1.2781
0.25867,372.153,0.000752,1.76336,0.51734,2.54105,-1.14466
0.25867,372.153,0.000752133,1.60748,0.532239,2.2348,-1.0067
0.25867,372.153,0.000752267,1.44526,0.545037,1.91972,-0.864767
0.25867,372.153,0.0007524,1.27734,0.555684,1.59707,-0.719424
0.25867,372.153,0.000752533,1.10437,0.564138,1.26811,-0.571242
0.25867,372.153,0.000752667,0.927051,0.570366,0.934155,-0.420805
0.25867,372.153,0.0007528,0.74607,0.574343,0.596509,-0.268708
0.25867,372.153,0.000752933,0.562144,0.576053,0.256509,-0.11555
0.25867,372.153,0.000753067,0.376,0.575489,-0.0845033,0.0380645
0.25867,372.153,0.0007532,0.188372,0.572655,-0.425182,0.191528
0.25867,372.153,0.000753333,-9.70417e-014,0.56756,-0.764183,0.344236
0.25867,372.153,0.000753467,-0.188372,0.560226,-1.10017,0.495586
0.25867,372.153,0.0007536,-0.376,0.55068,-1.43181,0.644979
0.25867,372.153,0.000753733,-0.562144,0.538962,-1.7578,0.791827
0.25867,372.153,0.000753867,-0.74607,0.525116,-2.07686,0.93555
0.25867,372.153,0.000754,-0.927051,0.509198,-2.38772,1.07558
0.25867,372.153,0.000754133,-1.10437,0.49127,-2.68915,1.21137
0.25867,372.153,0.000754267,-1.27734,0.471404,-2.97998,1.34237
0.25867,372.153,0.0007544,-1.44526,0.449677,-3.25904,1.46808
0.25867,372.153,0.000754533,-1.60748,0.426175,-3.52524,1.58799
0.25867,372.153,0.000754667,-1.76336,0.400992,-3.77752,1.70164
0.25867,372.153,0.0007548,-1.91227,0.374226,-4.0149,1.80857
0.25867,372.153,0.000754933,-2.05364,0.345983,-4.23644,1.90837
0.25867,372.153,0.000755067,-2.18691,0.316374,-4.44125,2.00063
0.25867,372.153,0.0007552,-2.31154,0.285517,-4.62854,2.08499
0.25867,372.153,0.000755333,-2.42705,0.253534,-4.79756,2.16113
0.25867,372.153,0.000755467,-2.53298,0.220549,-4.94765,2.22874
0.25867,372.153,0.0007556,-2.62892,0.186695,-5.07821,2.28755
0.25867,372.153,0.000755733,-2.71448,0.152103,-5.18873,2.33734
0.25867,372.153,0.000755867,-2.78933,0.116911,-5.27877,2.3779
0.25867,372.153,0.000756,-2.85317,0.081258,-5.34798,2.40908
0.25867,372.153,0.000756133,-2.90575,0.0452841,-5.39608,2.43074
0.25867,372.153,0.000756267,-2.94686,0.00913147,-5.42289,2.44282
0.25867,372.153,0.0007564,-2.97634,-0.0270572,-5.4283,2.44526
0.25867,372.153,0.000756533,-2.99408,-0.063139,-5.41228,2.43804
0.25867,372.153,0.000756667,-3,-0.0989717,-5.3749,2.4212
0.25867,372.153,0.0007568,-2.99408,-0.134414,-5.31631,2.39481
0.25867,372.153,0.000756933,-2.97634,-0.169325,-5.23674,2.35897
0.25867,372.153,0.000757067,-2.94686,-0.203569,-5.1365,2.31381
0.25867,372.153,0.0007572,-2.90575,-0.237009,-5.01599,2.25953
0.25867,372.153,0.000757333,-2.85317,-0.269513,-4.87569,2.19633
0.25867,372.153,0.000757467,-2.78933,-0.300954,-4.71614,2.12446
0.25867,372.153,0.0007576,-2.71448,-0.331207,-4.53798,2.0442
0.25867,372.153,0.000757733,-2.62892,-0.360154,-4.34191,1.95588
0.25867,372.153,0.000757867,-2.53298,-0.387678,-4.12871,1.85984
0.25867,372.153,0.000758,-2.42705,-0.413673,-3.89921,1.75646
0.25867,372.153,0.000758133,-2.31154,-0.438035,-3.65432,1.64615
0.25867,372.153,0.000758267,-2.18691,-0.460669,-3.39502,1.52934
0.25867,372.153,0.0007584,-2.05364,-0.481484,-3.12231,1.40649
0.25867,372.153,0.000758533,-1.91227,-0.500399,-2.83728,1.27809
0.25867,372.153,0.000758667,-1.76336,-0.51734,-2.54105,1.14466
0.25867,372.153,0.0007588,-1.60748,-0.532238,-2.2348,1.0067
0.25867,372.153,0.000758933,-1.44526,-0.545036,-1.91972,0.864768
0.25867,372.153,0.000759067,-1.27734,-0.555683,-1.59707,0.719425
0.25867,372.153,0.0007592,-1.10437,-0.564138,-1.26811,0.571242
0.25867,372.153,0.000759333,-0.927051,-0.570365,-0.934156,0.420806
0.25867,372.153,0.000759467,-0.74607,-0.574342,-0.59651,0.268708
0.25867,372.153,0.0007596,-0.562144,-0.576052,-0.25651,0.115551
0.25867,372.153,0.000759733,-0.376,-0.575489,0.0845019,-0.0380634
0.25867,372.153,0.000759867,-0.188372,-0.572654,0.425181,-0.191527
0.25867,372.153,0.00076,6.46999e-014,-0.56756,0.764181,-0.344235
0.25867,372.153,0.000760133,0.188372,-0.560225,1.10017,-0.495584
0.25867,372.153,0.000760267,0.376,-0.55068,1.43181,-0.644977
0.25867,372.153,0.0007604,0.562144,-0.538961,1.7578,-0.791825
0.25867,372.153,0.000760533,0.74607,-0.525115,2.07686,-0.935548
0.25867,372.153,0.000760667,0.927051,-0.509197,2.38771,-1.07558
0.25867,372.153,0.0007608,1.10437,-0.49127,2.68915,-1.21137
0.25867,372.153,0.000760933,1.27734,-0.471403,2.97997,-1.34237
0.25867,372.153,0.000761067,1.44526,-0.449676,3.25903,-1.46808
0.25867,372.153,0.0007612,1.60748,-0.426175,3.52523,-1.58799
0.25867,372.153,0.000761333,1.76336,-0.400991,3.77752,-1.70164
0.25867,372.153,0.000761467,1.91227,-0.374225,4.0149,-1.80857
0.25867,372.153,0.0007616,2.05364,-0.345982,4.23644,-1.90836
0.25867,372.153,0.000761733,2.18691,-0.316374,4.44125,-2.00062
0.25867,372.153,0.000761867,2.31154,-0.285517,4.62854,-2.08499
0.25867,372.153,0.000762,2.42705,-0.253533,4.79756,-2.16113
0.25867,372.153,0.000762133,2.53298,-0.220549,4.94765,-2.22874
0.25867,372.153,0.000762267,2.62892,-0.186694,5.07821,-2.28755
0.25867,372.153,0.0007624,2.71448,-0.152103,5.18873,-2.33734
0.25867,372.153,0.000762533,2.78933,-0.116911,5.27877,-2.3779
0.25867,372.153,0.000762667,2.85317,-0.0812579,5.34798,-2.40907
0.25867,372.153,0.0007628,2.90575,-0.045284,5.39608,-2.43074
0.25867,372.153,0.000762933,2.94686,-0.0091314,5.42289,-2.44282
0.25867,372.153,0.000763067,2.97634,0.0270572,5.42829,-2.44525
0.25867,372.153,0.0007632,2.99408,0.0631391,5.41228,-2.43804
0.25867,372.153,0.000763333,3,0.0989717,5.3749,-2.4212
0.25867,372.153,0.000763467,2.99408,0.134414,5.31631,-2.39481
0.25867,372.153,0.0007636,2.97634,0.169325,5.23674,-2.35896
0.25867,372.153,0.000763733,2.94686,0.203569,5.1365,-2.31381
0.25867,372.153,0.000763867,2.90575,0.237009,5.01599,-2.25953
0.25867,372.153,0.000764,2.85317,0.269513,4.87569,-2.19632
0.25867,372.153,0.000764133,2.78933,0.300954,4.71614,-2.12445
0.25867,372.153,0.000764267,2.71448,0.331207,4.53798,-2.0442
0.25867,372.153,0.0007644,2.62892,0.360153,4.34191,-1.95588
0.25867,372.153,0.000764533,2.53298,0.387678,4.12871,-1.85984
0.25867,372.153,0.000764667,2.42705,0.413673,3.89921,-1.75645
0.25867,372.153,0.0007648,2.31154,0.438035,3.65432,-1.64614
0.25867,372.153,0.000764933,2.18691,0.460668,3.39501,-1.52933
0.25867,372.153,0.000765067,2.05364,0.481484,3.12231,-1.40649
0.25867,372.153,0.0007652,1.91227,0.500399,2.83728,-1.27809
0.25867,372.153,0.000765333,1.76336,0.517339,2.54105,-1.14465
0.25867,372.153,0.000765467,1.60748,0.532238,2.23479,-1.0067
0.25867,372.153,0.0007656,1.44526,0.545036,1.91972,-0.864765
0.25867,372.153,0.000765733,1.27734,0.555683,1.59707,-0.719422
0.25867,372.153,0.000765867,1.10437,0.564137,1.26811,-0.57124
0.25867,372.153,0.000766,0.927051,0.570365,0.934154,-0.420804
0.25867,372.153,0.000766133,0.74607,0.574342,0.596508,-0.268706
0.25867,372.153,0.000766267,0.562144,0.576052,0.256509,-0.115548
0.25867,372.153,0.0007664,0.376,0.575488,-0.0845035,0.0380653
0.25867,372.153,0.000766533,0.188372,0.572654,-0.425182,0.191529
0.25867,372.153,0.000766667,-3.23581e-014,0.567559,-0.764183,0.344237
0.25867,372.153,0.0007668,-0.188372,0.560225,-1.10017,0.495586
0.25867,372.153,0.000766933,-0.376,0.550679,-1.43181,0.644979
0.25867,372.153,0.000767067,-0.562144,0.538961,-1.7578,0.791827
0.25867,372.153,0.0007672,-0.74607,0.525115,-2.07686,0.93555
0.25867,372.153,0.000767333,-0.927051,0.509197,-2.38772,1.07558
0.25867,372.153,0.000767467,-1.10437,0.491269,-2.68915,1.21137
0.25867,372.153,0.0007676,-1.27734,0.471403,-2.97997,1.34237
0.25867,372.153,0.000767733,-1.44526,0.449676,-3.25904,1.46808
0.25867,372.153,0.000767867,-1.60748,0.426174,-3.52523,1.58799
0.25867,372.153,0.000768,-1.76336,0.400991,-3.77752,1.70164
0.25867,372.153,0.000768133,-1.91227,0.374225,-4.0149,1.80857
0.25867,372.153,0.000768267,-2.05364,0.345982,-4.23644,1.90836
0.25867,372.153,0.0007684,-2.18691,0.316374,-4.44125,2.00062
0.25867,372.153,0.000768533,-2.31154,0.285517,-4.62854,2.08499
0.25867,372.153,0.000768667,-2.42705,0.253533,-4.79756,2.16113
0.25867,372.153,0.0007688,-2.53298,0.220549,-4.94765,2.22874
0.25867,372.153,0.000768933,-2.62892,0.186694,-5.07821,2.28755
0.25867,372.153,0.000769067,-2.71448,0.152102,-5.18873,2.33734
0.25867,372.153,0.0007692,-2.78933,0.116911,-5.27877,2.3779
0.25867,372.153,0.000769333,-2.85317,0.0812574,-5.34798,2.40907
0.25867,372.153,0.000769467,-2.90575,0.0452836,-5.39608,2.43074
0.25867,372.153,0.0007696,-2.94686,0.00913099,-5.42289,2.44282
0.25867,372.153,0.000769733,-2.97634,-0.0270576,-5.42829,2.44525
0.25867,372.153,0.000769867,-2.99408,-0.0631394,-5.41227,2.43804
0.25867,372.153,0.00077,-3,-0.0989721,-5.3749,2.4212
0.25867,372.153,0.000770133,-2.99408,-0.134414,-5.31631,2.39481
0.25867,372.153,0.000770267,-2.97634,-0.169326,-5.23674,2.35896
0.25867,372.153,0.0007704,-2.94686,-0.203569,-5.1365,2.31381
0.25867,372.153,0.000770533,-2.90575,-0.237009,-5.01599,2.25952
0.25867,372.153,0.000770667,-2.85317,-0.269514,-4.87568,2.19632
0.25867,372.153,0.0007708,-2.78933,-0.300954,-4.71614,2.12445
0.25867,372.153,0.000770933,-2.71448,-0.331208,-4.53798,2.0442
0.25867,372.153,0.000771067,-2.62892,-0.360154,-4.34191,1.95587
0.25867,372.153,0.0007712,-2.53298,-0.387678,-4.1287,1.85983
0.25867,372.153,0.000771333,-2.42705,-0.413673,-3.89921,1.75645
0.25867,372.153,0.000771467,-2.31154,-0.438035,-3.65432,1.64614
0.25867,372.153,0.0007716,-2.18691,-0.460669,-3.39501,1.52933
0.25867,372.153,0.000771733,-2.05364,-0.481484,-3.1223,1.40649
0.25867,372.153,0.000771867,-1.91227,-0.500399,-2.83727,1.27809
0.25867,372.153,0.000772,-1.76336,-0.517339,-2.54105,1.14465
0.25867,372.153,0.000772133,-1.60748,-0.532238,-2.23479,1.00669
0.25867,372.153,0.000772267,-1.44526,-0.545036,-1.91972,0.864763
0.25867,372.153,0.0007724,-1.27734,-0.555683,-1.59706,0.71942
0.25867,372.153,0.000772533,-1.10437,-0.564137,-1.26811,0.571238
0.25867,372.153,0.000772667,-0.927051,-0.570365,-0.934151,0.420801
0.25867,372.153,0.0007728,-0.74607,-0.574342,-0.596506,0.268704
0.25867,372.153,0.000772933,-0.562144,-0.576052,-0.256506,0.115546
0.25867,372.153,0.000773067,-0.376,-0.575488,0.0845061,-0.0380679
0.25867,372.153,0.0007732,-0.188372,-0.572654,0.425185,-0.191531
0.25867,372.153,0.000773333,1.6263e-017,-0.567559,0.764185,-0.344239
0.25867,372.153,0.000773467,0.188372,-0.560225,1.10017,-0.495588
0.25867,372.153,0.0007736,0.376,-0.550679,1.43181,-0.644982
0.25867,372.153,0.000773733,0.562144,-0.538961,1.7578,-0.791829
0.25867,372.153,0.000773867,0.74607,-0.525115,2.07686,-0.935552
0.25867,372.153,0.000774,0.927051,-0.509197,2.38772,-1.07558
0.25867,372.153,0.000774133,1.10437,-0.491269,2.68915,-1.21137
0.25867,372.153,0.000774267,1.27734,-0.471403,2.97998,-1.34237
0.25867,372.153,0.0007744,1.44526,-0.449676,3.25904,-1.46808
0.25867,372.153,0.000774533,1.60748,-0.426174,3.52524,-1.58799
0.25867,372.153,0.000774667,1.76336,-0.400991,3.77752,-1.70164
0.25867,372.153,0.0007748,1.91227,-0.374225,4.0149,-1.80857
0.25867,372.153,0.000774933,2.05364,-0.345982,4.23644,-1.90837
0.25867,372.153,0.000775067,2.18691,-0.316373,4.44125,-2.00063
0.25867,372.153,0.0007752,2.31154,-0.285516,4.62854,-2.08499
0.25867,372.153,0.000775333,2.42705,-0.253533,4.79756,-2.16113
0.25867,372.153,0.000775467,2.53298,-0.220548,4.94765,-2.22874
0.25867,372.153,0.0007756,2.62892,-0.186694,5.07821,-2.28755
0.25867,372.153,0.000775733,2.71448,-0.152102,5.18873,-2.33734
0.25867,372.153,0.000775867,2.78933,-0.11691,5.27877,-2.3779
0.25867,372.153,0.000776,2.85317,-0.0812571,5.34798,-2.40907
0.25867,372.153,0.000776133,2.90575,-0.0452833,5.39608,-2.43074
0.25867,372.153,0.000776267,2.94686,-0.00913068,5.42289,-2.44282
0.25867,372.153,0.0007764,2.97634,0.0270579,5.42829,-2.44525
0.25867,372.153,0.000776533,2.99408,0.0631398,5.41228,-2.43804
0.25867,372.153,0.000776667,3,0.0989724,5.3749,-2.4212
0.25867,372.153,0.0007768,2.99408,0.134414,5.31631,-2.39481
0.25867,372.153,0.000776933,2.97634,0.169326,5.23674,-2.35896
0.25867,372.153,0.000777067,2.94686,0.203569,5.1365,-2.31381
0.25867,372.153,0.0007772,2.90575,0.237009,5.01599,-2.25953
0.25867,372.153,0.000777333,2.85317,0.269514,4.87569,-2.19632
0.25867,372.153,0.000777467,2.78933,0.300955,4.71614,-2.12445
0.25867,372.153,0.0007776,2.71448,0.331208,4.53798,-2.0442
0.25867,372.153,0.000777733,2.62892,0.360154,4.34191,-1.95588
0.25867,372.153,0.000777867,2.53298,0.387679,4.12871,-1.85983
0.25867,372.153,0.000778,2.42705,0.413673,3.89921,-1.75645
0.25867,372.153,0.000778133,2.31154,0.438036,3.65432,-1.64614
0.25867,372.153,0.000778267,2.18691,0.460669,3.39501,-1.52933
0.25867,372.153,0.0007784,2.05364,0.481484,3.1223,-1.40649
0.25867,372.153,0.000778533,1.91227,0.5004,2.83727,-1.27809
0.25867,372.153,0.000778667,1.76336,0.51734,2.54105,-1.14465
0.25867,372.153,0.0007788,1.60748,0.532238,2.23479,-1.00669
0.25867,372.153,0.000778933,1.44526,0.545037,1.91972,-0.864763
0.25867,372.153,0.000779067,1.27734,0.555684,1.59706,-0.71942
0.25867,372.153,0.0007792,1.10437,0.564138,1.26811,-0.571237
0.25867,372.153,0.000779333,0.927051,0.570365,0.934151,-0.420801
0.25867,372.153,0.000779467,0.74607,0.574342,0.596505,-0.268703
0.25867,372.153,0.0007796,0.562144,0.576052,0.256505,-0.115545
0.25867,372.153,0.000779733,0.376,0.575489,-0.0845072,0.0380687
0.25867,372.153,0.000779867,0.188372,0.572654,-0.425186,0.191532
0.25867,372.153,0.00078,3.23255e-014,0.56756,-0.764187,0.34424
0.25867,372.153,0.000780133,-0.188372,0.560225,-1.10017,0.495589
0.25867,372.153,0.000780267,-0.376,0.55068,-1.43181,0.644983
0.25867,372.153,0.0007804,-0.562144,0.538961,-1.75781,0.791831
0.25867,372.153,0.000780533,-0.74607,0.525115,-2.07686,0.935554
0.25867,372.153,0.000780667,-0.927051,0.509197,-2.38772,1.07558
0.25867,372.153,0.0007808,-1.10437,0.491269,-2.68916,1.21137
0.25867,372.153,0.000780933,-1.27734,0.471403,-2.97998,1.34238
0.25867,372.153,0.000781067,-1.44526,0.449676,-3.25904,1.46808
0.25867,372.153,0.0007812,-1.60748,0.426174,-3.52524,1.588
0.25867,372.153,0.000781333,-1.76336,0.400991,-3.77753,1.70164
0.25867,372.153,0.000781467,-1.91227,0.374225,-4.01491,1.80857
0.25867,372.153,0.0007816,-2.05364,0.345982,-4.23644,1.90837
0.25867,372.153,0.000781733,-2.18691,0.316374,-4.44125,2.00063
0.25867,372.153,0.000781867,-2.31154,0.285517,-4.62854,2.085
0.25867,372.153,0.000782,-2.42705,0.253533,-4.79756,2.16113
0.25867,372.153,0.000782133,-2.53298,0.220548,-4.94765,2.22874
0.25867,372.153,0.000782267,-2.62892,0.186694,-5.07821,2.28755
0.25867,372.153,0.0007824,-2.71448,0.152102,-5.18873,2.33734
0.25867,372.153,0.000782533,-2.78933,0.11691,-5.27877,2.3779
0.25867,372.153,0.000782667,-2.85317,0.0812572,-5.34798,2.40908
0.25867,372.153,0.0007828,-2.90575,0.0452833,-5.39608,2.43074
0.25867,372.153,0.000782933,-2.94686,0.00913072,-5.42289,2.44282
0.25867,372.153,0.000783067,-2.97634,-0.0270579,-5.4283,2.44526
0.25867,372.153,0.0007832,-2.99408,-0.0631398,-5.41228,2.43804
0.25867,372.153,0.000783333,-3,-0.0989724,-5.3749,2.4212
0.25867,372.153,0.000783467,-2.99408,-0.134414,-5.31631,2.39481
0.25867,372.153,0.0007836,-2.97634,-0.169326,-5.23674,2.35897
0.25867,372.153,0.000783733,-2.94686,-0.203569,-5.1365,2.31381
0.25867,372.153,0.000783867,-2.90575,-0.237009,-5.01599,2.25953
0.25867,372.153,0.000784,-2.85317,-0.269514,-4.87569,2.19632
0.25867,372.153,0.000784133,-2.78933,-0.300955,-4.71614,2.12445
0.25867,372.153,0.000784267,-2.71448,-0.331208,-4.53798,2.0442
0.25867,372.153,0.0007844,-2.62892,-0.360154,-4.34191,1.95588
0.25867,372.153,0.000784533,-2.53298,-0.387679,-4.12871,1.85984
0.25867,372.153,0.000784667,-2.42705,-0.413674,-3.89921,1.75646
0.25867,372.153,0.0007848,-2.31154,-0.438036,-3.65432,1.64614
0.25867,372.153,0.000784933,-2.18691,-0.460669,-3.39501,1.52933
0.25867,372.153,0.000785067,-2.05364,-0.481485,-3.1223,1.40649
0.25867,372.153,0.0007852,-1.91227,-0.5004,-2.83728,1.27809
0.25867,372.153,0.000785333,-1.76336,-0.51734,-2.54105,1.14465
0.25867,372.153,0.000785467,-1.60748,-0.532239,-2.23479,1.00669
0.25867,372.153,0.0007856,-1.44526,-0.545037,-1.91972,0.864764
0.25867,372.153,0.000785733,-1.27734,-0.555684,-1.59707,0.719421
0.25867,372.153,0.000785867,-1.10437,-0.564138,-1.26811,0.571239
0.25867,372.153,0.000786,-0.927051,-0.570366,-0.934152,0.420802
0.25867,372.153,0.000786133,-0.74607,-0.574342,-0.596506,0.268704
0.25867,372.153,0.000786267,-0.562144,-0.576052,-0.256506,0.115547
0.25867,372.153,0.0007864,-0.376,-0.575489,0.0845061,-0.0380674
0.25867,372.153,0.000786533,-0.188372,-0.572654,0.425185,-0.191531
0.25867,372.153,0.000786667,-6.46673e-014,-0.56756,0.764186,-0.344239
0.25867,372.153,0.0007868,0.188372,-0.560225,1.10017,-0.495588
0.25867,372.153,0.000786933,0.376,-0.55068,1.43181,-0.644982
0.25867,372.153,0.000787067,0.562144,-0.538961,1.75781,-0.79183
0.25867,372.153,0.0007872,0.74607,-0.525116,2.07686,-0.935553
0.25867,372.153,0.000787333,0.927051,-0.509197,2.38772,-1.07558
0.25867,372.153,0.000787467,1.10437,-0.49127,2.68915,-1.21137
0.25867,372.153,0.0007876,1.27734,-0.471403,2.97998,-1.34237
0.25867,372.153,0.000787733,1.44526,-0.449676,3.25904,-1.46808
0.25867,372.153,0.000787867,1.60748,-0.426175,3.52524,-1.588
0.25867,372.153,0.000788,1.76336,-0.400991,3.77753,-1.70164
0.25867,372.153,0.000788133,1.91227,-0.374225,4.01491,-1.80857
0.25867,372.153,0.000788267,2.05364,-0.345982,4.23644,-1.90837
0.25867,372.153,0.0007884,2.18691,-0.316374,4.44125,-2.00063
0.25867,372.153,0.000788533,2.31154,-0.285517,4.62854,-2.085
0.25867,372.153,0.000788667,2.42705,-0.253533,4.79756,-2.16113
0.25867,372.153,0.0007888,2.53298,-0.220549,4.94765,-2.22874
0.25867,372.153,0.000788933,2.62892,-0.186694,5.07821,-2.28755
0.25867,372.153,0.000789067,2.71448,-0.152103,5.18873,-2.33734
0.25867,372.153,0.0007892,2.78933,-0.116911,5.27877,-2.3779
0.25867,372.153,0.000789333,2.85317,-0.0812575,5.34798,-2.40908
0.25867,372.153,0.000789467,2.90575,-0.0452836,5.39608,-2.43075
0.25867,372.153,0.0007896,2.94686,-0.009131,5.42289,-2.44282
0.25867,372.153,0.000789733,2.97634,0.0270576,5.4283,-2.44526
0.25867,372.153,0.000789867,2.99408,0.0631395,5.41228,-2.43804
0.25867,372.153,0.00079,3,0.0989722,5.3749,-2.4212
0.25867,372.153,0.000790133,2.99408,0.134414,5.31631,-2.39481
0.25867,372.153,0.000790267,2.97634,0.169326,5.23674,-2.35897
0.25867,372.153,0.0007904,2.94686,0.203569,5.1365,-2.31381
0.25867,372.153,0.000790533,2.90575,0.237009,5.01599,-2.25953
0.25867,372.153,0.000790667,2.85317,0.269514,4.87569,-2.19633
0.25867,372.153,0.0007908,2.78933,0.300955,4.71614,-2.12446
0.25867,372.153,0.000790933,2.71448,0.331208,4.53798,-2.0442
0.25867,372.153,0.000791067,2.62892,0.360154,4.34191,-1.95588
0.25867,372.153,0.0007912,2.53298,0.387679,4.12871,-1.85984
0.25867,372.153,0.000791333,2.42705,0.413673,3.89921,-1.75646
0.25867,372.153,0.000791467,2.31154,0.438036,3.65432,-1.64614
0.25867,372.153,0.0007916,2.18691,0.460669,3.39501,-1.52933
0.25867,372.153,0.000791733,2.05364,0.481484,3.12231,-1.40649
0.25867,372.153,0.000791867,1.91227,0.5004,2.83728,-1.27809
0.25867,372.153,0.000792,1.76336,0.51734,2.54105,-1.14465
0.25867,372.153,0.000792133,1.60748,0.532239,2.23479,-1.0067
0.25867,372.153,0.000792267,1.44526,0.545037,1.91972,-0.864766
0.25867,372.153,0.0007924,1.27734,0.555684,1.59707,-0.719423
0.25867,372.153,0.000792533,1.10437,0.564138,1.26811,-0.571241
0.25867,372.153,0.000792667,0.927051,0.570366,0.934154,-0.420804
0.25867,372.153,0.0007928,0.74607,0.574342,0.596508,-0.268706
0.25867,372.153,0.000792933,0.562144,0.576052,0.256508,-0.115548
0.25867,372.153,0.000793067,0.376,0.575489,-0.0845043,0.0380656
0.25867,372.153,0.0007932,0.188372,0.572654,-0.425183,0.191529
0.25867,372.153,0.000793333,-7.35211e-014,0.56756,-0.764184,0.344237
0.25867,372.153,0.000793467,-0.188372,0.560225,-1.10017,0.495587
0.25867,372.153,0.0007936,-0.376,0.55068,-1.43181,0.64498
0.25867,372.153,0.000793733,-0.562144,0.538961,-1.7578,0.791828
0.25867,372.153,0.000793867,-0.74607,0.525116,-2.07686,0.935551
0.25867,372.153,0.000794,-0.927051,0.509197,-2.38772,1.07558
0.25867,372.153,0.000794133,-1.10437,0.49127,-2.68915,1.21137
0.25867,372.153,0.000794267,-1.27734,0.471403,-2.97998,1.34237
0.25867,372.153,0.0007944,-1.44526,0.449676,-3.25904,1.46808
0.25867,372.153,0.000794533,-1.60748,0.426175,-3.52524,1.58799
0.25867,372.153,0.000794667,-1.76336,0.400991,-3.77752,1.70164
0.25867,372.153,0.0007948,-1.91227,0.374225,-4.0149,1.80857
0.25867,372.153,0.000794933,-2.05364,0.345982,-4.23644,1.90837
0.25867,372.153,0.000795067,-2.18691,0.316374,-4.44125,2.00063
0.25867,372.153,0.0007952,-2.31154,0.285517,-4.62854,2.08499
0.25867,372.153,0.000795333,-2.42705,0.253533,-4.79756,2.16113
0.25867,372.153,0.000795467,-2.53298,0.220549,-4.94765,2.22874
0.25867,372.153,0.0007956,-2.62892,0.186694,-5.07821,2.28755
0.25867,372.153,0.000795733,-2.71448,0.152103,-5.18873,2.33734
0.25867,372.153,0.000795867,-2.78933,0.116911,-5.27877,2.3779
0.25867,372.153,0.000796,-2.85317,0.0812577,-5.34798,2.40908
0.25867,372.153,0.000796133,-2.90575,0.0452838,-5.39608,2.43074
0.25867,372.153,0.000796267,-2.94686,0.00913122,-5.42289,2.44282
0.25867,372.153,0.0007964,-2.97634,-0.0270574,-5.4283,2.44525
0.25867,372.153,0.000796533,-2.99408,-0.0631393,-5.41228,2.43804
0.25867,372.153,0.000796667,-3,-0.0989719,-5.3749,2.4212
0.25867,372.153,0.0007968,-2.99408,-0.134414,-5.31631,2.39481
0.25867,372.153,0.000796933,-2.97634,-0.169326,-5.23674,2.35897
0.25867,372.153,0.000797067,-2.94686,-0.203569,-5.1365,2.31381
0.25867,372.153,0.0007972,-2.90575,-0.237009,-5.01599,2.25953
0.25867,372.153,0.000797333,-2.85317,-0.269514,-4.87569,2.19633
0.25867,372.153,0.000797467,-2.78933,-0.300954,-4.71614,2.12446
0.25867,372.153,0.0007976,-2.71448,-0.331208,-4.53798,2.0442
0.25867,372.153,0.000797733,-2.62892,-0.360154,-4.34191,1.95588
0.25867,372.153,0.000797867,-2.53298,-0.387678,-4.12871,1.85984
0.25867,372.153,0.000798,-2.42705,-0.413673,-3.89921,1.75646
0.25867,372.153,0.000798133,-2.31154,-0.438035,-3.65432,1.64614
0.25867,372.153,0.000798267,-2.18691,-0.460669,-3.39501,1.52933
0.25867,372.153,0.0007984,-2.05364,-0.481484,-3.12231,1.40649
0.25867,372.153,0.000798533,-1.91227,-0.500399,-2.83728,1.27809
0.25867,372.153,0.000798667,-1.76336,-0.51734,-2.54105,1.14465
0.25867,372.153,0.0007988,-1.60748,-0.532238,-2.23479,1.0067
0.25867,372.153,0.000798933,-1.44526,-0.545036,-1.91972,0.864766
0.25867,372.153,0.000799067,-1.27734,-0.555684,-1.59707,0.719423
0.25867,372.153,0.0007992,-1.10437,-0.564138,-1.26811,0.571241
0.25867,372.153,0.000799333,-0.927051,-0.570365,-0.934154,0.420804
0.25867,372.153,0.000799467,-0.74607,-0.574342,-0.596509,0.268707
0.25867,372.153,0.0007996,-0.562144,-0.576052,-0.256509,0.115549
0.25867,372.153,0.000799733,-0.376,-0.575489,0.0845035,-0.038065
0.25867,372.153,0.000799867,-0.188372,-0.572654,0.425182,-0.191529
