Amp, Phaseshift, Time, Vd, Vr, VL, VC
-0.220444,372.342,0,0,0,0,0
-0.220444,372.342,2.98507e-007,0.188372,0.00281152,0.188372,0
-0.220444,372.342,5.97015e-007,0.376,0.00838149,0.373188,0.00167852
-0.220444,372.342,8.95522e-007,0.562144,0.0166215,0.552084,0.00668239
-0.220444,372.342,1.19403e-006,0.74607,0.0274091,0.722766,0.0166057
-0.220444,372.342,1.49254e-006,0.927051,0.0405887,0.883036,0.0329693
-0.220444,372.342,1.79104e-006,1.10437,0.055974,1.03082,0.0572014
-0.220444,372.342,2.08955e-006,1.27734,0.0733496,1.16416,0.0906188
-0.220444,372.342,2.38806e-006,1.44526,0.0924734,1.28129,0.13441
-0.220444,372.342,2.68657e-006,1.60748,0.113079,1.3806,0.189618
-0.220444,372.342,2.98507e-006,1.76336,0.13488,1.46066,0.257128
-0.220444,372.342,3.28358e-006,1.91227,0.157571,1.52026,0.337653
-0.220444,372.342,3.58209e-006,2.05364,0.180831,1.55842,0.431725
-0.220444,372.342,3.8806e-006,2.18691,0.204328,1.57435,0.539684
-0.220444,372.342,4.1791e-006,2.31154,0.227724,1.56753,0.661671
-0.220444,372.342,4.47761e-006,2.42705,0.250674,1.53766,0.797626
-0.220444,372.342,4.77612e-006,2.53298,0.272834,1.48468,0.947282
-0.220444,372.342,5.07463e-006,2.62892,0.293861,1.4088,1.11017
-0.220444,372.342,5.37313e-006,2.71448,0.31342,1.31045,1.28561
-0.220444,372.342,5.67164e-006,2.78933,0.331186,1.1903,1.47272
-0.220444,372.342,5.97015e-006,2.85317,0.346846,1.04926,1.67045
-0.220444,372.342,6.26866e-006,2.90575,0.360107,0.888457,1.87752
-0.220444,372.342,6.56716e-006,2.94686,0.370692,0.709236,2.09251
-0.220444,372.342,6.86567e-006,2.97634,0.378351,0.513144,2.31382
-0.220444,372.342,7.16418e-006,2.99408,0.382857,0.301913,2.5397
-0.220444,372.342,7.46269e-006,3,0.384013,0.0774449,2.76827
-0.220444,372.342,7.76119e-006,2.99408,0.381652,-0.158202,2.99753
-0.220444,372.342,8.0597e-006,2.97634,0.375639,-0.402839,3.22538
-0.220444,372.342,8.35821e-006,2.94686,0.365876,-0.654161,3.44965
-0.220444,372.342,8.65672e-006,2.90575,0.352297,-0.909772,3.66808
-0.220444,372.342,8.95522e-006,2.85317,0.334876,-1.16721,3.87841
-0.220444,372.342,9.25373e-006,2.78933,0.313623,-1.42395,4.07833
-0.220444,372.342,9.55224e-006,2.71448,0.288586,-1.67747,4.26557
-0.220444,372.342,9.85075e-006,2.62892,0.259851,-1.92524,4.43786
-0.220444,372.342,1.01493e-005,2.53298,0.227542,-2.16473,4.59299
-0.220444,372.342,1.04478e-005,2.42705,0.191818,-2.39349,4.72884
-0.220444,372.342,1.07463e-005,2.31154,0.152876,-2.60912,4.84336
-0.220444,372.342,1.10448e-005,2.18691,0.110946,-2.80933,4.93463
-0.220444,372.342,1.13433e-005,2.05364,0.0662903,-2.99193,5.00086
-0.220444,372.342,1.16418e-005,1.91227,0.0192025,-3.15488,5.04044
-0.220444,372.342,1.19403e-005,1.76336,-0.0299958,-3.29629,5.05191
-0.220444,372.342,1.22388e-005,1.60748,-0.0809575,-3.41443,5.034
-0.220444,372.342,1.25373e-005,1.44526,-0.133312,-3.50778,4.98566
-0.220444,372.342,1.28358e-005,1.27734,-0.186671,-3.57501,4.90608
-0.220444,372.342,1.31343e-005,1.10437,-0.240626,-3.61503,4.79463
-0.220444,372.342,1.34328e-005,0.927051,-0.29476,-3.62695,4.65097
-0.220444,372.342,1.37313e-005,0.74607,-0.348643,-3.61014,4.475
-0.220444,372.342,1.40299e-005,0.562144,-0.40184,-3.56421,4.26685
-0.220444,372.342,1.43284e-005,0.376,-0.453915,-3.48901,4.02695
-0.220444,372.342,1.46269e-005,0.188372,-0.504432,-3.38466,3.75595
-0.220444,372.342,1.49254e-005,1.69965e-015,-0.552962,-3.25152,3.4548
-0.220444,372.342,1.52239e-005,-0.188372,-0.599085,-3.09021,3.12467
-0.220444,372.342,1.55224e-005,-0.376,-0.642392,-2.90159,2.76701
-0.220444,372.342,1.58209e-005,-0.562144,-0.682493,-2.68676,2.38349
-0.220444,372.342,1.61194e-005,-0.74607,-0.719016,-2.44707,1.97603
-0.220444,372.342,1.64179e-005,-0.927051,-0.751614,-2.18407,1.54677
-0.220444,372.342,1.67164e-005,-1.10437,-0.779966,-1.89953,1.09805
-0.220444,372.342,1.70149e-005,-1.27734,-0.803778,-1.59542,0.632394
-0.220444,372.342,1.73134e-005,-1.44526,-0.822791,-1.27388,0.152527
-0.220444,372.342,1.76119e-005,-1.60748,-0.836779,-0.937216,-0.338692
-0.220444,372.342,1.79104e-005,-1.76336,-0.845554,-0.587885,-0.838261
-0.220444,372.342,1.8209e-005,-1.91227,-0.848963,-0.228457,-1.34307
-0.220444,372.342,1.85075e-005,-2.05364,-0.846898,0.138392,-1.84991
-0.220444,372.342,1.8806e-005,-2.18691,-0.839287,0.509905,-2.35552
-0.220444,372.342,1.91045e-005,-2.31154,-0.826104,0.883272,-2.85659
-0.220444,372.342,1.9403e-005,-2.42705,-0.807363,1.25564,-3.34979
-0.220444,372.342,1.97015e-005,-2.53298,-0.783122,1.62417,-3.8318
-0.220444,372.342,2e-005,-2.62892,-0.75348,1.986,-4.29933
-0.220444,372.342,2.02985e-005,-2.71448,-0.71858,2.33833,-4.74917
-0.220444,372.342,2.0597e-005,-2.78933,-0.678603,2.67842,-5.17817
-0.220444,372.342,2.08955e-005,-2.85317,-0.633773,3.00361,-5.58331
-0.220444,372.342,2.1194e-005,-2.90575,-0.58435,3.31133,-5.96168
-0.220444,372.342,2.14925e-005,-2.94686,-0.530632,3.59917,-6.31055
-0.220444,372.342,2.1791e-005,-2.97634,-0.472947,3.86483,-6.62734
-0.220444,372.342,2.20896e-005,-2.99408,-0.411661,4.10621,-6.9097
-0.220444,372.342,2.23881e-005,-3,-0.347163,4.32136,-7.15547
-0.220444,372.342,2.26866e-005,-2.99408,-0.279871,4.50855,-7.36273
-0.220444,372.342,2.29851e-005,-2.97634,-0.210225,4.66625,-7.52981
-0.220444,372.342,2.32836e-005,-2.94686,-0.138685,4.79318,-7.65532
-0.220444,372.342,2.35821e-005,-2.90575,-0.0657264,4.88826,-7.73812
-0.220444,372.342,2.38806e-005,-2.85317,0.0081643,4.95068,-7.77736
-0.220444,372.342,2.41791e-005,-2.78933,0.0824907,4.97987,-7.77249
-0.220444,372.342,2.44776e-005,-2.71448,0.156752,4.97551,-7.72324
-0.220444,372.342,2.47761e-005,-2.62892,0.230447,4.93757,-7.62965
-0.220444,372.342,2.50746e-005,-2.53298,0.303077,4.86622,-7.49207
-0.220444,372.342,2.53731e-005,-2.42705,0.374151,4.76195,-7.31113
-0.220444,372.342,2.56716e-005,-2.31154,0.443187,4.62544,-7.08776
-0.220444,372.342,2.59701e-005,-2.18691,0.50972,4.45766,-6.82317
-0.220444,372.342,2.62687e-005,-2.05364,0.573299,4.25981,-6.51886
-0.220444,372.342,2.65672e-005,-1.91227,0.633497,4.03329,-6.17659
-0.220444,372.342,2.68657e-005,-1.76336,0.689911,3.77974,-5.79838
-0.220444,372.342,2.71642e-005,-1.60748,0.742165,3.50099,-5.3865
-0.220444,372.342,2.74627e-005,-1.44526,0.789912,3.19907,-4.94341
-0.220444,372.342,2.77612e-005,-1.27734,0.83284,2.87616,-4.47182
-0.220444,372.342,2.80597e-005,-1.10437,0.87067,2.53461,-3.9746
-0.220444,372.342,2.83582e-005,-0.927051,0.903161,2.17688,-3.4548
-0.220444,372.342,2.86567e-005,-0.74607,0.93011,1.80557,-2.9156
-0.220444,372.342,2.89552e-005,-0.562144,0.951354,1.42335,-2.36031
-0.220444,372.342,2.92537e-005,-0.376,0.966771,1.03296,-1.79234
-0.220444,372.342,2.95522e-005,-0.188372,0.976281,0.637197,-1.21516
-0.220444,372.342,2.98507e-005,-3.3993e-015,0.979847,0.238882,-0.632308
-0.220444,372.342,3.01493e-005,0.188372,0.977471,-0.159167,-0.0473252
-0.220444,372.342,3.04478e-005,0.376,0.9692,-0.554146,0.53624
-0.220444,372.342,3.07463e-005,0.562144,0.955121,-0.943296,1.11487
-0.220444,372.342,3.10448e-005,0.74607,0.935361,-1.32392,1.68509
-0.220444,372.342,3.13433e-005,0.927051,0.910087,-1.6934,2.24351
-0.220444,372.342,3.16418e-005,1.10437,0.879501,-2.04923,2.78685
-0.220444,372.342,3.19403e-005,1.27734,0.843844,-2.38901,3.31192
-0.220444,372.342,3.22388e-005,1.44526,0.803389,-2.71051,3.81571
-0.220444,372.342,3.25373e-005,1.60748,0.758439,-3.01162,4.29535
-0.220444,372.342,3.28358e-005,1.76336,0.709329,-3.29043,4.74815
-0.220444,372.342,3.31343e-005,1.91227,0.656415,-3.5452,5.17163
-0.220444,372.342,3.34328e-005,2.05364,0.600081,-3.7744,5.56352
-0.220444,372.342,3.37313e-005,2.18691,0.540727,-3.97669,5.92177
-0.220444,372.342,3.40299e-005,2.31154,0.478773,-4.15096,6.24459
-0.220444,372.342,3.43284e-005,2.42705,0.414648,-4.29632,6.53043
-0.220444,372.342,3.46269e-005,2.53298,0.348796,-4.41209,6.77798
-0.220444,372.342,3.49254e-005,2.62892,0.281664,-4.49786,6.98622
-0.220444,372.342,3.52239e-005,2.71448,0.213703,-4.5534,7.15437
-0.220444,372.342,3.55224e-005,2.78933,0.145363,-4.57875,7.28196
-0.220444,372.342,3.58209e-005,2.85317,0.0770924,-4.57415,7.36874
-0.220444,372.342,3.61194e-005,2.90575,0.00932996,-4.54009,7.41477
-0.220444,372.342,3.64179e-005,2.94686,-0.0574945,-4.47724,7.42034
-0.220444,372.342,3.67164e-005,2.97634,-0.122965,-4.3865,7.38601
-0.220444,372.342,3.70149e-005,2.99408,-0.186681,-4.26897,7.3126
-0.220444,372.342,3.73134e-005,3,-0.248261,-4.12592,7.20115
-0.220444,372.342,3.76119e-005,2.99408,-0.307348,-3.95881,7.05293
-0.220444,372.342,3.79104e-005,2.97634,-0.363605,-3.76924,6.86944
-0.220444,372.342,3.8209e-005,2.94686,-0.416725,-3.55898,6.65236
-0.220444,372.342,3.85075e-005,2.90575,-0.466424,-3.32989,6.40357
-0.220444,372.342,3.8806e-005,2.85317,-0.512454,-3.08398,6.12511
-0.220444,372.342,3.91045e-005,2.78933,-0.554593,-2.82333,5.81917
-0.220444,372.342,3.9403e-005,2.71448,-0.592654,-2.55009,5.48807
-0.220444,372.342,3.97015e-005,2.62892,-0.626483,-2.26649,5.13425
-0.220444,372.342,4e-005,2.53298,-0.655957,-1.97478,4.76023
-0.220444,372.342,4.02985e-005,2.42705,-0.68099,-1.67722,4.36861
-0.220444,372.342,4.0597e-005,2.31154,-0.701528,-1.37608,3.96205
-0.220444,372.342,4.08955e-005,2.18691,-0.717553,-1.07361,3.54323
-0.220444,372.342,4.1194e-005,2.05364,-0.729075,-0.772032,3.11484
-0.220444,372.342,4.14925e-005,1.91227,-0.736142,-0.473489,2.67957
-0.220444,372.342,4.1791e-005,1.76336,-0.73883,-0.180069,2.24008
-0.220444,372.342,4.20896e-005,1.60748,-0.737245,0.106231,1.79899
-0.220444,372.342,4.23881e-005,1.44526,-0.73152,0.383519,1.35884
-0.220444,372.342,4.26866e-005,1.27734,-0.721819,0.650018,0.922112
-0.220444,372.342,4.29851e-005,1.10437,-0.708325,0.90408,0.491176
-0.220444,372.342,4.32836e-005,0.927051,-0.691247,1.1442,0.0682951
-0.220444,372.342,4.35821e-005,0.74607,-0.670814,1.36902,-0.34439
-0.220444,372.342,4.38806e-005,0.562144,-0.647272,1.57735,-0.744876
-0.220444,372.342,4.41791e-005,0.376,-0.620881,1.76815,-1.13131
-0.220444,372.342,4.44776e-005,0.188372,-0.591918,1.94056,-1.50198
-0.220444,372.342,4.47761e-005,1.10215e-015,-0.560666,2.0939,-1.85537
-0.220444,372.342,4.50746e-005,-0.188372,-0.527417,2.22766,-2.19009
-0.220444,372.342,4.53731e-005,-0.376,-0.492469,2.34151,-2.50497
-0.220444,372.342,4.56716e-005,-0.562144,-0.456121,2.43529,-2.79898
-0.220444,372.342,4.59701e-005,-0.74607,-0.418673,2.50903,-3.07129
-0.220444,372.342,4.62687e-005,-0.927051,-0.380421,2.56291,-3.32124
-0.220444,372.342,4.65672e-005,-1.10437,-0.341655,2.59729,-3.54836
-0.220444,372.342,4.68657e-005,-1.27734,-0.30266,2.61268,-3.75233
-0.220444,372.342,4.71642e-005,-1.44526,-0.263709,2.60973,-3.93303
-0.220444,372.342,4.74627e-005,-1.60748,-0.225063,2.58925,-4.09046
-0.220444,372.342,4.77612e-005,-1.76336,-0.186971,2.55217,-4.22483
-0.220444,372.342,4.80597e-005,-1.91227,-0.149665,2.49953,-4.33645
-0.220444,372.342,4.83582e-005,-2.05364,-0.113359,2.43248,-4.42581
-0.220444,372.342,4.86567e-005,-2.18691,-0.0782506,2.35226,-4.49348
-0.220444,372.342,4.89552e-005,-2.31154,-0.0445164,2.26019,-4.5402
-0.220444,372.342,4.92537e-005,-2.42705,-0.0123124,2.15767,-4.56678
-0.220444,372.342,4.95522e-005,-2.53298,0.0182265,2.04611,-4.57413
-0.220444,372.342,4.98507e-005,-2.62892,0.0469874,1.92698,-4.56325
-0.220444,372.342,5.01493e-005,-2.71448,0.0738797,1.80178,-4.53519
-0.220444,372.342,5.04478e-005,-2.78933,0.0988347,1.67199,-4.49109
-0.220444,372.342,5.07463e-005,-2.85317,0.121806,1.53908,-4.43208
-0.220444,372.342,5.10448e-005,-2.90575,0.142769,1.40453,-4.35936
-0.220444,372.342,5.13433e-005,-2.94686,0.16172,1.26973,-4.27413
-0.220444,372.342,5.16418e-005,-2.97634,0.178676,1.13606,-4.17758
-0.220444,372.342,5.19403e-005,-2.99408,0.193674,1.00482,-4.0709
-0.220444,372.342,5.22388e-005,-3,0.206767,0.877231,-3.95528
-0.220444,372.342,5.25373e-005,-2.99408,0.218027,0.754431,-3.83184
-0.220444,372.342,5.28358e-005,-2.97634,0.227541,0.637464,-3.70167
-0.220444,372.342,5.31343e-005,-2.94686,0.235411,0.527267,-3.56582
-0.220444,372.342,5.34328e-005,-2.90575,0.241749,0.424664,-3.42528
-0.220444,372.342,5.37313e-005,-2.85317,0.24668,0.330362,-3.28095
-0.220444,372.342,5.40299e-005,-2.78933,0.250336,0.244943,-3.13368
-0.220444,372.342,5.43284e-005,-2.71448,0.252856,0.168864,-2.98423
-0.220444,372.342,5.46269e-005,-2.62892,0.254385,0.10245,-2.83327
-0.220444,372.342,5.49254e-005,-2.53298,0.25507,0.0458985,-2.6814
-0.220444,372.342,5.52239e-005,-2.42705,0.25506,-0.000725589,-2.52911
-0.220444,372.342,5.55224e-005,-2.31154,0.2545,-0.0374844,-2.37684
-0.220444,372.342,5.58209e-005,-2.18691,0.253536,-0.0645654,-2.2249
-0.220444,372.342,5.61194e-005,-2.05364,0.252308,-0.0822776,-2.07354
-0.220444,372.342,5.64179e-005,-1.91227,0.25095,-0.0910453,-1.9229
-0.220444,372.342,5.67164e-005,-1.76336,0.249585,-0.0914021,-1.77308
-0.220444,372.342,5.70149e-005,-1.60748,0.248332,-0.0839831,-1.62408
-0.220444,372.342,5.73134e-005,-1.44526,0.247294,-0.0695164,-1.47582
-0.220444,372.342,5.76119e-005,-1.27734,0.246566,-0.0488136,-1.32818
-0.220444,372.342,5.79104e-005,-1.10437,0.246226,-0.0227592,-1.18098
-0.220444,372.342,5.8209e-005,-0.927051,0.246341,0.00769974,-1.03398
-0.220444,372.342,5.85075e-005,-0.74607,0.246961,0.0415655,-0.886907
-0.220444,372.342,5.8806e-005,-0.562144,0.248123,0.0778016,-0.739467
-0.220444,372.342,5.91045e-005,-0.376,0.249844,0.115345,-0.591334
-0.220444,372.342,5.9403e-005,-0.188372,0.252129,0.153119,-0.442174
-0.220444,372.342,5.97015e-005,-6.7986e-015,0.254966,0.190044,-0.291649
-0.220444,372.342,6e-005,0.188372,0.258325,0.225054,-0.13943
-0.220444,372.342,6.02985e-005,0.376,0.262162,0.257105,0.0147937
-0.220444,372.342,6.0597e-005,0.562144,0.266419,0.285188,0.171309
-0.220444,372.342,6.08955e-005,0.74607,0.271021,0.308342,0.330365
-0.220444,372.342,6.1194e-005,0.927051,0.275882,0.325665,0.492168
-0.220444,372.342,6.14925e-005,1.10437,0.280901,0.336324,0.656874
-0.220444,372.342,6.1791e-005,1.27734,0.28597,0.339563,0.824576
-0.220444,372.342,6.20896e-005,1.44526,0.290965,0.334715,0.995304
-0.220444,372.342,6.23881e-005,1.60748,0.29576,0.321211,1.16901
-0.220444,372.342,6.26866e-005,1.76336,0.300216,0.298581,1.34559
-0.220444,372.342,6.29851e-005,1.91227,0.304193,0.266468,1.52482
-0.220444,372.342,6.32836e-005,2.05364,0.307546,0.224627,1.70643
-0.220444,372.342,6.35821e-005,2.18691,0.310127,0.172931,1.89004
-0.220444,372.342,6.38806e-005,2.31154,0.311789,0.111375,2.07519
-0.220444,372.342,6.41791e-005,2.42705,0.312387,0.0400732,2.26133
-0.220444,372.342,6.44776e-005,2.53298,0.311779,-0.0407349,2.44783
-0.220444,372.342,6.47761e-005,2.62892,0.309829,-0.13069,2.63397
-0.220444,372.342,6.50746e-005,2.71448,0.306406,-0.229316,2.81894
-0.220444,372.342,6.53731e-005,2.78933,0.301391,-0.336017,3.00187
-0.220444,372.342,6.56716e-005,2.85317,0.294673,-0.450091,3.1818
-0.220444,372.342,6.59701e-005,2.90575,0.286155,-0.570728,3.35773
-0.220444,372.342,6.62687e-005,2.94686,0.275751,-0.697021,3.52857
-0.220444,372.342,6.65672e-005,2.97634,0.263394,-0.827974,3.69319
-0.220444,372.342,6.68657e-005,2.99408,0.249028,-0.962508,3.85044
-0.220444,372.342,6.71642e-005,3,0.232618,-1.09947,3.99912
-0.220444,372.342,6.74627e-005,2.99408,0.214145,-1.23766,4.13799
-0.220444,372.342,6.77612e-005,2.97634,0.193611,-1.3758,4.26584
-0.220444,372.342,6.80597e-005,2.94686,0.171035,-1.51259,4.38143
-0.220444,372.342,6.83582e-005,2.90575,0.146457,-1.64672,4.48354
-0.220444,372.342,6.86567e-005,2.85317,0.119937,-1.77683,4.57098
-0.220444,372.342,6.89552e-005,2.78933,0.0915555,-1.90159,4.64258
-0.220444,372.342,6.92537e-005,2.71448,0.0614113,-2.01966,4.69724
-0.220444,372.342,6.95522e-005,2.62892,0.0296243,-2.12973,4.73391
-0.220444,372.342,6.98507e-005,2.53298,-0.00366749,-2.23055,4.75159
-0.220444,372.342,7.01493e-005,2.42705,-0.0383074,-2.32087,4.7494
-0.220444,372.342,7.04478e-005,2.31154,-0.0741217,-2.39956,4.72653
-0.220444,372.342,7.07463e-005,2.18691,-0.11092,-2.46551,4.68228
-0.220444,372.342,7.10448e-005,2.05364,-0.148498,-2.51772,4.61606
-0.220444,372.342,7.13433e-005,1.91227,-0.186637,-2.55529,4.5274
-0.220444,372.342,7.16418e-005,1.76336,-0.225106,-2.57741,4.41598
-0.220444,372.342,7.19403e-005,1.60748,-0.263664,-2.58339,4.28159
-0.220444,372.342,7.22388e-005,1.44526,-0.302062,-2.57266,4.12418
-0.220444,372.342,7.25373e-005,1.27734,-0.340043,-2.54478,3.94384
-0.220444,372.342,7.28358e-005,1.10437,-0.377348,-2.49942,3.74083
-0.220444,372.342,7.31343e-005,0.927051,-0.413713,-2.43643,3.51555
-0.220444,372.342,7.34328e-005,0.74607,-0.448874,-2.35577,3.26856
-0.220444,372.342,7.37313e-005,0.562144,-0.482568,-2.25754,3.00057
-0.220444,372.342,7.40299e-005,0.376,-0.514538,-2.142,2.71247
-0.220444,372.342,7.43284e-005,0.188372,-0.544532,-2.00956,2.40528
-0.220444,372.342,7.46269e-005,1.83691e-015,-0.572304,-1.86075,2.08019
-0.220444,372.342,7.49254e-005,-0.188372,-0.597622,-1.69626,1.73852
-0.220444,372.342,7.52239e-005,-0.376,-0.620262,-1.51689,1.38173
-0.220444,372.342,7.55224e-005,-0.562144,-0.640017,-1.32361,1.01142
-0.220444,372.342,7.58209e-005,-0.74607,-0.656696,-1.11747,0.629321
-0.220444,372.342,7.61194e-005,-0.927051,-0.670124,-0.899676,0.237264
-0.220444,372.342,7.64179e-005,-1.10437,-0.680146,-0.671514,-0.16281
-0.220444,372.342,7.67164e-005,-1.27734,-0.68663,-0.434382,-0.568867
-0.220444,372.342,7.70149e-005,-1.44526,-0.689462,-0.189764,-0.978796
-0.220444,372.342,7.73134e-005,-1.60748,-0.688555,0.0607772,-1.39041
-0.220444,372.342,7.76119e-005,-1.76336,-0.683844,0.315614,-1.80149
-0.220444,372.342,7.79104e-005,-1.91227,-0.675291,0.573065,-2.20976
-0.220444,372.342,7.8209e-005,-2.05364,-0.662882,0.831407,-2.61292
-0.220444,372.342,7.85075e-005,-2.18691,-0.64663,1.08889,-3.00867
-0.220444,372.342,7.8806e-005,-2.31154,-0.626574,1.34376,-3.39471
-0.220444,372.342,7.91045e-005,-2.42705,-0.602779,1.59424,-3.76879
-0.220444,372.342,7.9403e-005,-2.53298,-0.575338,1.83858,-4.12866
-0.220444,372.342,7.97015e-005,-2.62892,-0.544366,2.07507,-4.47214
-0.220444,372.342,8e-005,-2.71448,-0.510008,2.30203,-4.79714
-0.220444,372.342,8.02985e-005,-2.78933,-0.472428,2.51781,-5.10162
-0.220444,372.342,8.0597e-005,-2.85317,-0.431818,2.72088,-5.38367
-0.220444,372.342,8.08955e-005,-2.90575,-0.388389,2.90973,-5.64147
-0.220444,372.342,8.1194e-005,-2.94686,-0.342375,3.083,-5.87334
-0.220444,372.342,8.14925e-005,-2.97634,-0.294026,3.23937,-6.07774
-0.220444,372.342,8.1791e-005,-2.99408,-0.243612,3.37769,-6.25328
-0.220444,372.342,8.20896e-005,-3,-0.19142,3.49689,-6.39872
-0.220444,372.342,8.23881e-005,-2.99408,-0.137747,3.59606,-6.513
-0.220444,372.342,8.26866e-005,-2.97634,-0.0829056,3.67441,-6.59524
-0.220444,372.342,8.29851e-005,-2.94686,-0.0272147,3.73128,-6.64474
-0.220444,372.342,8.32836e-005,-2.90575,0.0289972,3.7662,-6.66098
-0.220444,372.342,8.35821e-005,-2.85317,0.0853975,3.77882,-6.64367
-0.220444,372.342,8.38806e-005,-2.78933,0.14165,3.76895,-6.59269
-0.220444,372.342,8.41791e-005,-2.71448,0.19742,3.73656,-6.50812
-0.220444,372.342,8.44776e-005,-2.62892,0.252372,3.68178,-6.39026
-0.220444,372.342,8.47761e-005,-2.53298,0.306176,3.6049,-6.23959
-0.220444,372.342,8.50746e-005,-2.42705,0.35851,3.50636,-6.0568
-0.220444,372.342,8.53731e-005,-2.31154,0.409059,3.38675,-5.84276
-0.220444,372.342,8.56716e-005,-2.18691,0.457518,3.2468,-5.59855
-0.220444,372.342,8.59701e-005,-2.05364,0.503599,3.08739,-5.3254
-0.220444,372.342,8.62687e-005,-1.91227,0.547024,2.90953,-5.02475
-0.220444,372.342,8.65672e-005,-1.76336,0.587537,2.71437,-4.69816
-0.220444,372.342,8.68657e-005,-1.60748,0.624898,2.50315,-4.3474
-0.220444,372.342,8.71642e-005,-1.44526,0.658886,2.27724,-3.97432
-0.220444,372.342,8.74627e-005,-1.27734,0.689306,2.0381,-3.58096
-0.220444,372.342,8.77612e-005,-1.10437,0.715982,1.78728,-3.16943
-0.220444,372.342,8.80597e-005,-0.927051,0.738764,1.5264,-2.74198
-0.220444,372.342,8.83582e-005,-0.74607,0.757527,1.25715,-2.30093
-0.220444,372.342,8.86567e-005,-0.562144,0.772173,0.981256,-1.84867
-0.220444,372.342,8.89552e-005,-0.376,0.782628,0.700499,-1.38767
-0.220444,372.342,8.92537e-005,-0.188372,0.788847,0.416674,-0.920433
-0.220444,372.342,8.95522e-005,-2.20429e-015,0.790811,0.131586,-0.449479
-0.220444,372.342,8.98507e-005,0.188372,0.788528,-0.15296,0.0226465
-0.220444,372.342,9.01493e-005,0.376,0.782033,-0.435175,0.493409
-0.220444,372.342,9.04478e-005,0.562144,0.771386,-0.713298,0.960295
-0.220444,372.342,9.07463e-005,0.74607,0.756676,-0.985611,1.42082
-0.220444,372.342,9.10448e-005,0.927051,0.738012,-1.25045,1.87257
-0.220444,372.342,9.13433e-005,1.10437,0.715532,-1.50621,2.31318
-0.220444,372.342,9.16418e-005,1.27734,0.689392,-1.75137,2.74036
-0.220444,372.342,9.19403e-005,1.44526,0.659773,-1.98449,3.15194
-0.220444,372.342,9.22388e-005,1.60748,0.626874,-2.20423,3.54583
-0.220444,372.342,9.25373e-005,1.76336,0.590913,-2.40935,3.92008
-0.220444,372.342,9.28358e-005,1.91227,0.552126,-2.59872,4.27287
-0.220444,372.342,9.31343e-005,2.05364,0.510763,-2.77135,4.60249
-0.220444,372.342,9.34328e-005,2.18691,0.467086,-2.92635,4.90743
-0.220444,372.342,9.37313e-005,2.31154,0.42137,-3.06297,5.18628
-0.220444,372.342,9.40299e-005,2.42705,0.373898,-3.1806,5.43785
-0.220444,372.342,9.43284e-005,2.53298,0.324962,-3.27876,5.66107
-0.220444,372.342,9.46269e-005,2.62892,0.274855,-3.35711,5.85508
-0.220444,372.342,9.49254e-005,2.71448,0.223878,-3.41545,6.01917
-0.220444,372.342,9.52239e-005,2.78933,0.17233,-3.45372,6.15283
-0.220444,372.342,9.55224e-005,2.85317,0.12051,-3.47199,6.25571
-0.220444,372.342,9.58209e-005,2.90575,0.0687115,-3.47047,6.32766
-0.220444,372.342,9.61194e-005,2.94686,0.0172263,-3.44951,6.36868
-0.220444,372.342,9.64179e-005,2.97634,-0.0336627,-3.40956,6.37897
-0.220444,372.342,9.67164e-005,2.99408,-0.083681,-3.35122,6.35887
-0.220444,372.342,9.70149e-005,3,-0.132564,-3.27519,6.30891
-0.220444,372.342,9.73134e-005,2.99408,-0.180061,-3.18227,6.22977
-0.220444,372.342,9.76119e-005,2.97634,-0.225932,-3.07336,6.12227
-0.220444,372.342,9.79104e-005,2.94686,-0.269954,-2.94947,5.98738
-0.220444,372.342,9.8209e-005,2.90575,-0.311919,-2.81168,5.82622
-0.220444,372.342,9.85075e-005,2.85317,-0.351638,-2.66113,5.64
-0.220444,372.342,9.8806e-005,2.78933,-0.388937,-2.49903,5.43006
-0.220444,372.342,9.91045e-005,2.71448,-0.423663,-2.32665,5.19786
-0.220444,372.342,9.9403e-005,2.62892,-0.455682,-2.14528,4.94493
-0.220444,372.342,9.97015e-005,2.53298,-0.48488,-1.95626,4.67288
-0.220444,372.342,0.0001,2.42705,-0.511163,-1.76095,4.3834
-0.220444,372.342,0.000100299,2.31154,-0.534457,-1.5607,4.07823
-0.220444,372.342,0.000100597,2.18691,-0.554708,-1.35687,3.75915
-0.220444,372.342,0.000100896,2.05364,-0.571884,-1.1508,3.42798
-0.220444,372.342,0.000101194,1.91227,-0.585971,-0.943825,3.08656
-0.220444,372.342,0.000101493,1.76336,-0.596975,-0.73723,2.73672
-0.220444,372.342,0.000101791,1.60748,-0.604919,-0.532269,2.38032
-0.220444,372.342,0.00010209,1.44526,-0.609847,-0.330141,2.01918
-0.220444,372.342,0.000102388,1.27734,-0.611817,-0.131991,1.65509
-0.220444,372.342,0.000102687,1.10437,-0.610905,0.0611025,1.28982
-0.220444,372.342,0.000102985,0.927051,-0.607201,0.248132,0.925105
-0.220444,372.342,0.000103284,0.74607,-0.600811,0.428166,0.562597
-0.220444,372.342,0.000103582,0.562144,-0.59185,0.600358,0.203904
-0.220444,372.342,0.000103881,0.376,-0.580448,0.763946,-0.149439
-0.220444,372.342,0.000104179,0.188372,-0.566743,0.918259,-0.495976
-0.220444,372.342,0.000104478,2.57167e-015,-0.550881,1.06272,-0.834329
-0.220444,372.342,0.000104776,-0.188372,-0.533018,1.19684,-1.16321
-0.220444,372.342,0.000105075,-0.376,-0.513313,1.32023,-1.48143
-0.220444,372.342,0.000105373,-0.562144,-0.491931,1.4326,-1.78789
-0.220444,372.342,0.000105672,-0.74607,-0.469039,1.53375,-2.08158
-0.220444,372.342,0.00010597,-0.927051,-0.444807,1.62357,-2.3616
-0.220444,372.342,0.000106269,-1.10437,-0.419403,1.70203,-2.62716
-0.220444,372.342,0.000106567,-1.27734,-0.392997,1.76922,-2.87755
-0.220444,372.342,0.000106866,-1.44526,-0.365754,1.82528,-3.11217
-0.220444,372.342,0.000107164,-1.60748,-0.337837,1.87045,-3.33053
-0.220444,372.342,0.000107463,-1.76336,-0.309404,1.90501,-3.53223
-0.220444,372.342,0.000107761,-1.91227,-0.280607,1.92936,-3.71695
-0.220444,372.342,0.00010806,-2.05364,-0.251594,1.94391,-3.88447
-0.220444,372.342,0.000108358,-2.18691,-0.222502,1.94916,-4.03468
-0.220444,372.342,0.000108657,-2.31154,-0.193462,1.94564,-4.16751
-0.220444,372.342,0.000108955,-2.42705,-0.164598,1.93393,-4.28301
-0.220444,372.342,0.000109254,-2.53298,-0.136021,1.91463,-4.38128
-0.220444,372.342,0.000109552,-2.62892,-0.107836,1.88838,-4.46249
-0.220444,372.342,0.000109851,-2.71448,-0.0801372,1.85584,-4.52687
-0.220444,372.342,0.000110149,-2.78933,-0.0530077,1.81768,-4.57471
-0.220444,372.342,0.000110448,-2.85317,-0.0265219,1.77455,-4.60636
-0.220444,372.342,0.000110746,-2.90575,-0.000743877,1.72713,-4.62219
-0.220444,372.342,0.000111045,-2.94686,0.0242721,1.67607,-4.62264
-0.220444,372.342,0.000111343,-2.97634,0.0484814,1.62202,-4.60814
-0.220444,372.342,0.000111642,-2.99408,0.0718483,1.56558,-4.5792
-0.220444,372.342,0.00011194,-3,0.0943461,1.50735,-4.53631
-0.220444,372.342,0.000112239,-2.99408,0.115956,1.44788,-4.47998
-0.220444,372.342,0.000112537,-2.97634,0.136668,1.38768,-4.41075
-0.220444,372.342,0.000112836,-2.94686,0.156477,1.32722,-4.32916
-0.220444,372.342,0.000113134,-2.90575,0.175387,1.26693,-4.23574
-0.220444,372.342,0.000113433,-2.85317,0.193404,1.20718,-4.13103
-0.220444,372.342,0.000113731,-2.78933,0.210543,1.1483,-4.01557
-0.220444,372.342,0.00011403,-2.71448,0.22682,1.09054,-3.88987
-0.220444,372.342,0.000114328,-2.62892,0.242255,1.03413,-3.75445
-0.220444,372.342,0.000114627,-2.53298,0.25687,0.979216,-3.60982
-0.220444,372.342,0.000114925,-2.42705,0.270689,0.925904,-3.45647
-0.220444,372.342,0.000115224,-2.31154,0.283738,0.874241,-3.29486
-0.220444,372.342,0.000115522,-2.18691,0.296039,0.824221,-3.12547
-0.220444,372.342,0.000115821,-2.05364,0.307618,0.775788,-2.94873
-0.220444,372.342,0.000116119,-1.91227,0.318497,0.728839,-2.76508
-0.220444,372.342,0.000116418,-1.76336,0.328694,0.683224,-2.57493
-0.220444,372.342,0.000116716,-1.60748,0.338228,0.638755,-2.37869
-0.220444,372.342,0.000117015,-1.44526,0.347111,0.595205,-2.17677
-0.220444,372.342,0.000117313,-1.27734,0.355355,0.552318,-1.96954
-0.220444,372.342,0.000117612,-1.10437,0.362964,0.509808,-1.75738
-0.220444,372.342,0.00011791,-0.927051,0.369939,0.467369,-1.54069
-0.220444,372.342,0.000118209,-0.74607,0.376278,0.42468,-1.31983
-0.220444,372.342,0.000118507,-0.562144,0.381971,0.381408,-1.09519
-0.220444,372.342,0.000118806,-0.376,0.387004,0.337216,-0.867144
-0.220444,372.342,0.000119104,-0.188372,0.391358,0.291769,-0.636097
-0.220444,372.342,0.000119403,-1.35972e-014,0.395011,0.244739,-0.40245
-0.220444,372.342,0.000119701,0.188372,0.397934,0.195811,-0.166623
-0.220444,372.342,0.00012,0.376,0.400093,0.144689,0.0709496
-0.220444,372.342,0.000120299,0.562144,0.401453,0.0911009,0.309811
-0.220444,372.342,0.000120597,0.74607,0.401973,0.0348052,0.549485
-0.220444,372.342,0.000120896,0.927051,0.401608,-0.0244064,0.789468
-0.220444,372.342,0.000121194,1.10437,0.400314,-0.0867031,1.02923
-0.220444,372.342,0.000121493,1.27734,0.398042,-0.152211,1.26823
-0.220444,372.342,0.000121791,1.44526,0.394744,-0.22101,1.50587
-0.220444,372.342,0.00012209,1.60748,0.390369,-0.293129,1.74153
-0.220444,372.342,0.000122388,1.76336,0.384868,-0.368546,1.97459
-0.220444,372.342,0.000122687,1.91227,0.378194,-0.447185,2.20436
-0.220444,372.342,0.000122985,2.05364,0.370299,-0.528914,2.43015
-0.220444,372.342,0.000123284,2.18691,0.361142,-0.613542,2.65122
-0.220444,372.342,0.000123582,2.31154,0.350682,-0.700825,2.86683
-0.220444,372.342,0.000123881,2.42705,0.338884,-0.790461,3.07619
-0.220444,372.342,0.000124179,2.53298,0.325718,-0.882093,3.27851
-0.220444,372.342,0.000124478,2.62892,0.311162,-0.97531,3.47297
-0.220444,372.342,0.000124776,2.71448,0.295197,-1.06965,3.65874
-0.220444,372.342,0.000125075,2.78933,0.277815,-1.16461,3.83497
-0.220444,372.342,0.000125373,2.85317,0.259014,-1.25962,4.00083
-0.220444,372.342,0.000125672,2.90575,0.238804,-1.3541,4.15547
-0.220444,372.342,0.00012597,2.94686,0.217201,-1.44741,4.29804
-0.220444,372.342,0.000126269,2.97634,0.194232,-1.5389,4.42771
-0.220444,372.342,0.000126567,2.99408,0.169936,-1.62786,4.54367
-0.220444,372.342,0.000126866,3,0.144359,-1.71361,4.64512
-0.220444,372.342,0.000127164,2.99408,0.117562,-1.7954,4.73131
-0.220444,372.342,0.000127463,2.97634,0.0896141,-1.87253,4.8015
-0.220444,372.342,0.000127761,2.94686,0.0605955,-1.94425,4.855
-0.220444,372.342,0.00012806,2.90575,0.0305978,-2.00984,4.89117
-0.220444,372.342,0.000128358,2.85317,-0.000276809,-2.0686,4.90944
-0.220444,372.342,0.000128657,2.78933,-0.0319161,-2.11983,4.90928
-0.220444,372.342,0.000128955,2.71448,-0.0641979,-2.16288,4.89022
-0.220444,372.342,0.000129254,2.62892,-0.0969905,-2.1971,4.85189
-0.220444,372.342,0.000129552,2.53298,-0.130153,-2.22192,4.79399
-0.220444,372.342,0.000129851,2.42705,-0.163538,-2.23678,4.71629
-0.220444,372.342,0.000130149,2.31154,-0.196989,-2.24121,4.61865
-0.220444,372.342,0.000130448,2.18691,-0.230344,-2.23476,4.50105
-0.220444,372.342,0.000130746,2.05364,-0.263434,-2.21706,4.36353
-0.220444,372.342,0.000131045,1.91227,-0.296088,-2.18782,4.20625
-0.220444,372.342,0.000131343,1.76336,-0.32813,-2.14681,4.02948
-0.220444,372.342,0.000131642,1.60748,-0.359382,-2.09387,3.83358
-0.220444,372.342,0.00013194,1.44526,-0.389665,-2.02894,3.61903
-0.220444,372.342,0.000132239,1.27734,-0.418799,-1.95203,3.38639
-0.220444,372.342,0.000132537,1.10437,-0.446609,-1.86322,3.13636
-0.220444,372.342,0.000132836,0.927051,-0.472918,-1.7627,2.86973
-0.220444,372.342,0.000133134,0.74607,-0.497556,-1.65074,2.58739
-0.220444,372.342,0.000133433,0.562144,-0.520357,-1.52769,2.29034
-0.220444,372.342,0.000133731,0.376,-0.541163,-1.39399,1.97968
-0.220444,372.342,0.00013403,0.188372,-0.559822,-1.25015,1.6566
-0.220444,372.342,0.000134328,3.30644e-015,-0.576192,-1.09678,1.32238
-0.220444,372.342,0.000134627,-0.188372,-0.59014,-0.934559,0.978384
-0.220444,372.342,0.000134925,-0.376,-0.601547,-0.764244,0.626062
-0.220444,372.342,0.000135224,-0.562144,-0.610303,-0.586659,0.266929
-0.220444,372.342,0.000135522,-0.74607,-0.616313,-0.402696,-0.0974306
-0.220444,372.342,0.000135821,-0.927051,-0.619497,-0.213307,-0.465379
-0.220444,372.342,0.000136119,-1.10437,-0.619788,-0.0194978,-0.835228
-0.220444,372.342,0.000136418,-1.27734,-0.617136,0.177678,-1.20525
-0.220444,372.342,0.000136716,-1.44526,-0.611507,0.377126,-1.57369
-0.220444,372.342,0.000137015,-1.60748,-0.602885,0.577717,-1.93877
-0.220444,372.342,0.000137313,-1.76336,-0.591268,0.778298,-2.2987
-0.220444,372.342,0.000137612,-1.91227,-0.576676,0.977697,-2.6517
-0.220444,372.342,0.00013791,-2.05364,-0.559143,1.17473,-2.99598
-0.220444,372.342,0.000138209,-2.18691,-0.538721,1.36822,-3.3298
-0.220444,372.342,0.000138507,-2.31154,-0.515483,1.55698,-3.65142
-0.220444,372.342,0.000138806,-2.42705,-0.489515,1.73985,-3.95917
-0.220444,372.342,0.000139104,-2.53298,-0.460922,1.9157,-4.25142
-0.220444,372.342,0.000139403,-2.62892,-0.429827,2.08342,-4.5266
-0.220444,372.342,0.000139701,-2.71448,-0.396365,2.24194,-4.78321
-0.220444,372.342,0.00014,-2.78933,-0.360689,2.39025,-5.01985
-0.220444,372.342,0.000140299,-2.85317,-0.322967,2.52737,-5.23518
-0.220444,372.342,0.000140597,-2.90575,-0.283379,2.6524,-5.428
-0.220444,372.342,0.000140896,-2.94686,-0.242118,2.76452,-5.59718
-0.220444,372.342,0.000141194,-2.97634,-0.199387,2.86296,-5.74173
-0.220444,372.342,0.000141493,-2.99408,-0.155402,2.94704,-5.86077
-0.220444,372.342,0.000141791,-3,-0.110384,3.01617,-5.95354
-0.220444,372.342,0.00014209,-2.99408,-0.0645656,3.06985,-6.01944
-0.220444,372.342,0.000142388,-2.97634,-0.0181825,3.10767,-6.05799
-0.220444,372.342,0.000142687,-2.94686,0.0285236,3.12931,-6.06885
-0.220444,372.342,0.000142985,-2.90575,0.0753083,3.13457,-6.05182
-0.220444,372.342,0.000143284,-2.85317,0.121925,3.12334,-6.00686
-0.220444,372.342,0.000143582,-2.78933,0.168128,3.0956,-5.93407
-0.220444,372.342,0.000143881,-2.71448,0.213672,3.05146,-5.83369
-0.220444,372.342,0.000144179,-2.62892,0.258316,2.9911,-5.70613
-0.220444,372.342,0.000144478,-2.53298,0.301821,2.91483,-5.55191
-0.220444,372.342,0.000144776,-2.42705,0.343955,2.82304,-5.37172
-0.220444,372.342,0.000145075,-2.31154,0.384496,2.71622,-5.16637
-0.220444,372.342,0.000145373,-2.18691,0.423227,2.59497,-4.93682
-0.220444,372.342,0.000145672,-2.05364,0.459943,2.45995,-4.68415
-0.220444,372.342,0.00014597,-1.91227,0.494449,2.31193,-4.40955
-0.220444,372.342,0.000146269,-1.76336,0.526565,2.15175,-4.11436
-0.220444,372.342,0.000146567,-1.60748,0.556122,1.98032,-3.79999
-0.220444,372.342,0.000146866,-1.44526,0.582967,1.79861,-3.46798
-0.220444,372.342,0.000147164,-1.27734,0.606962,1.60768,-3.11994
-0.220444,372.342,0.000147463,-1.10437,0.627986,1.40861,-2.75758
-0.220444,372.342,0.000147761,-0.927051,0.645934,1.20254,-2.38266
-0.220444,372.342,0.00014806,-0.74607,0.66072,0.990655,-1.99703
-0.220444,372.342,0.000148358,-0.562144,0.672275,0.774163,-1.60257
-0.220444,372.342,0.000148657,-0.376,0.680548,0.554292,-1.20121
-0.220444,372.342,0.000148955,-0.188372,0.685507,0.33229,-0.794912
-0.220444,372.342,0.000149254,-3.67382e-015,0.68714,0.109405,-0.385654
-0.220444,372.342,0.000149552,0.188372,0.685452,-0.113115,0.0245792
-0.220444,372.342,0.000149851,0.376,0.680466,-0.334031,0.433804
-0.220444,372.342,0.000150149,0.562144,0.672226,-0.552126,0.840053
-0.220444,372.342,0.000150448,0.74607,0.66079,-0.766208,1.24138
-0.220444,372.342,0.000150746,0.927051,0.646236,-0.97512,1.63588
-0.220444,372.342,0.000151045,1.10437,0.628657,-1.17774,2.02169
-0.220444,372.342,0.000151343,1.27734,0.608165,-1.37301,2.39701
-0.220444,372.342,0.000151642,1.44526,0.584882,-1.55992,2.7601
-0.220444,372.342,0.00015194,1.60748,0.558949,-1.7375,3.10928
-0.220444,372.342,0.000152239,1.76336,0.530518,-1.90487,3.44298
-0.220444,372.342,0.000152537,1.91227,0.499754,-2.06123,3.75971
-0.220444,372.342,0.000152836,2.05364,0.466831,-2.20582,4.05807
-0.220444,372.342,0.000153134,2.18691,0.431936,-2.33799,4.33677
-0.220444,372.342,0.000153433,2.31154,0.395262,-2.45717,4.59465
-0.220444,372.342,0.000153731,2.42705,0.35701,-2.56286,4.83062
-0.220444,372.342,0.00015403,2.53298,0.317388,-2.65465,5.04376
-0.220444,372.342,0.000154328,2.62892,0.276609,-2.73223,5.23325
-0.220444,372.342,0.000154627,2.71448,0.234887,-2.79538,5.39839
-0.220444,372.342,0.000154925,2.78933,0.19244,-2.84395,5.53862
-0.220444,372.342,0.000155224,2.85317,0.149486,-2.87789,5.65351
-0.220444,372.342,0.000155522,2.90575,0.106244,-2.89725,5.74275
-0.220444,372.342,0.000155821,2.94686,0.0629283,-2.90214,5.80618
-0.220444,372.342,0.000156119,2.97634,0.0197527,-2.89277,5.84375
-0.220444,372.342,0.000156418,2.99408,-0.0230746,-2.86942,5.85555
-0.220444,372.342,0.000156716,3,-0.0653502,-2.83247,5.84177
-0.220444,372.342,0.000157015,2.99408,-0.106878,-2.78234,5.80275
-0.220444,372.342,0.000157313,2.97634,-0.147468,-2.71953,5.73895
-0.220444,372.342,0.000157612,2.94686,-0.18694,-2.64462,5.65091
-0.220444,372.342,0.00015791,2.90575,-0.225122,-2.55822,5.5393
-0.220444,372.342,0.000158209,2.85317,-0.261853,-2.46101,5.4049
-0.220444,372.342,0.000158507,2.78933,-0.296984,-2.35372,5.24857
-0.220444,372.342,0.000158806,2.71448,-0.330373,-2.2371,5.07127
-0.220444,372.342,0.000159104,2.62892,-0.361895,-2.11197,4.87403
-0.220444,372.342,0.000159403,2.53298,-0.391435,-1.97915,4.65797
-0.220444,372.342,0.000159701,2.42705,-0.41889,-1.83949,4.42428
-0.220444,372.342,0.00016,2.31154,-0.444171,-1.69385,4.1742
-0.220444,372.342,0.000160299,2.18691,-0.467203,-1.54312,3.90902
-0.220444,372.342,0.000160597,2.05364,-0.487922,-1.38817,3.63009
-0.220444,372.342,0.000160896,1.91227,-0.506278,-1.2299,3.33879
-0.220444,372.342,0.000161194,1.76336,-0.522236,-1.06916,3.03654
-0.220444,372.342,0.000161493,1.60748,-0.535771,-0.906823,2.72476
-0.220444,372.342,0.000161791,1.44526,-0.546871,-0.743725,2.40489
-0.220444,372.342,0.00016209,1.27734,-0.555538,-0.580685,2.0784
-0.220444,372.342,0.000162388,1.10437,-0.561784,-0.418492,1.74674
-0.220444,372.342,0.000162687,0.927051,-0.565633,-0.257904,1.41135
-0.220444,372.342,0.000162985,0.74607,-0.567121,-0.0996425,1.07365
-0.220444,372.342,0.000163284,0.562144,-0.566291,0.0556105,0.735075
-0.220444,372.342,0.000163582,0.376,-0.563198,0.207216,0.396991
-0.220444,372.342,0.000163881,0.188372,-0.557906,0.354579,0.0607531
-0.220444,372.342,0.000164179,-6.61694e-015,-0.550485,0.497152,-0.272325
-0.220444,372.342,0.000164478,-0.188372,-0.541016,0.634439,-0.600973
-0.220444,372.342,0.000164776,-0.376,-0.529583,0.765989,-0.923968
-0.220444,372.342,0.000165075,-0.562144,-0.516279,0.891407,-1.24014
-0.220444,372.342,0.000165373,-0.74607,-0.501199,1.01035,-1.54836
-0.220444,372.342,0.000165672,-0.927051,-0.484445,1.12251,-1.84759
-0.220444,372.342,0.00016597,-1.10437,-0.466122,1.22766,-2.13681
-0.220444,372.342,0.000166269,-1.27734,-0.446337,1.32559,-2.41509
-0.220444,372.342,0.000166567,-1.44526,-0.4252,1.41617,-2.68156
-0.220444,372.342,0.000166866,-1.60748,-0.402823,1.49928,-2.93541
-0.220444,372.342,0.000167164,-1.76336,-0.379317,1.57488,-3.1759
-0.220444,372.342,0.000167463,-1.91227,-0.354796,1.64295,-3.40236
-0.220444,372.342,0.000167761,-2.05364,-0.32937,1.70351,-3.61418
-0.220444,372.342,0.00016806,-2.18691,-0.303152,1.75664,-3.81082
-0.220444,372.342,0.000168358,-2.31154,-0.27625,1.80243,-3.9918
-0.220444,372.342,0.000168657,-2.42705,-0.248772,1.841,-4.15673
-0.220444,372.342,0.000168955,-2.53298,-0.220824,1.87252,-4.30525
-0.220444,372.342,0.000169254,-2.62892,-0.192508,1.89715,-4.43708
-0.220444,372.342,0.000169552,-2.71448,-0.163925,1.91511,-4.55201
-0.220444,372.342,0.000169851,-2.78933,-0.135169,1.92661,-4.64988
-0.220444,372.342,0.000170149,-2.85317,-0.106335,1.93188,-4.73058
-0.220444,372.342,0.000170448,-2.90575,-0.0775119,1.93116,-4.79406
-0.220444,372.342,0.000170746,-2.94686,-0.0487849,1.92471,-4.84034
-0.220444,372.342,0.000171045,-2.97634,-0.020236,1.91278,-4.86946
-0.220444,372.342,0.000171343,-2.99408,0.00805685,1.89562,-4.88154
-0.220444,372.342,0.000171642,-3,0.0360193,1.87349,-4.87673
-0.220444,372.342,0.00017194,-2.99408,0.063581,1.84663,-4.85523
-0.220444,372.342,0.000172239,-2.97634,0.0906751,1.8153,-4.81727
-0.220444,372.342,0.000172537,-2.94686,0.117238,1.77973,-4.76314
-0.220444,372.342,0.000172836,-2.90575,0.143211,1.74015,-4.69314
-0.220444,372.342,0.000173134,-2.85317,0.168535,1.69676,-4.60764
-0.220444,372.342,0.000173433,-2.78933,0.193159,1.64978,-4.50703
-0.220444,372.342,0.000173731,-2.71448,0.21703,1.59939,-4.39171
-0.220444,372.342,0.00017403,-2.62892,0.240101,1.54576,-4.26214
-0.220444,372.342,0.000174328,-2.53298,0.262326,1.48905,-4.11879
-0.220444,372.342,0.000174627,-2.42705,0.283661,1.42942,-3.96218
-0.220444,372.342,0.000174925,-2.31154,0.304063,1.36698,-3.79283
-0.220444,372.342,0.000175224,-2.18691,0.323494,1.30186,-3.6113
-0.220444,372.342,0.000175522,-2.05364,0.341914,1.23416,-3.41817
-0.220444,372.342,0.000175821,-1.91227,0.359287,1.16398,-3.21404
-0.220444,372.342,0.000176119,-1.76336,0.375577,1.0914,-2.99954
-0.220444,372.342,0.000176418,-1.60748,0.390748,1.01648,-2.77532
-0.220444,372.342,0.000176716,-1.44526,0.404768,0.939307,-2.54203
-0.220444,372.342,0.000177015,-1.27734,0.417603,0.859928,-2.30038
-0.220444,372.342,0.000177313,-1.10437,0.42922,0.778405,-2.05107
-0.220444,372.342,0.000177612,-0.927051,0.439591,0.694795,-1.79482
-0.220444,372.342,0.00017791,-0.74607,0.448682,0.609155,-1.53237
-0.220444,372.342,0.000178209,-0.562144,0.456467,0.521547,-1.2645
-0.220444,372.342,0.000178507,-0.376,0.462915,0.432036,-0.991985
-0.220444,372.342,0.000178806,-0.188372,0.468,0.340699,-0.715618
-0.220444,372.342,0.000179104,-4.40858e-015,0.471696,0.247618,-0.436215
-0.220444,372.342,0.00164209,0.188372,0.563577,0.0306532,-0.0692104
-0.220444,372.342,0.00164239,0.376,0.56181,-0.118367,0.267253
-0.220444,372.342,0.00164269,0.562144,0.557826,-0.26692,0.602663
-0.220444,372.342,0.00164299,0.74607,0.551641,-0.414419,0.935693
-0.220444,372.342,0.00164328,0.927051,0.543279,-0.560284,1.26503
-0.220444,372.342,0.00164358,1.10437,0.532772,-0.703936,1.58938
-0.220444,372.342,0.00164388,1.27734,0.520163,-0.844811,1.90745
-0.220444,372.342,0.00164418,1.44526,0.505501,-0.982352,2.21799
-0.220444,372.342,0.00164448,1.60748,0.488844,-1.11602,2.51979
-0.220444,372.342,0.00164478,1.76336,0.470258,-1.24527,2.81163
-0.220444,372.342,0.00164507,1.91227,0.449816,-1.36962,3.09238
-0.220444,372.342,0.00164537,2.05364,0.427599,-1.48856,3.36093
-0.220444,372.342,0.00164567,2.18691,0.403694,-1.60162,3.61621
-0.220444,372.342,0.00164597,2.31154,0.378196,-1.70837,3.85723
-0.220444,372.342,0.00164627,2.42705,0.351205,-1.80837,4.08301
-0.220444,372.342,0.00164657,2.53298,0.322828,-1.90124,4.29269
-0.220444,372.342,0.00164687,2.62892,0.293178,-1.9866,4.48542
-0.220444,372.342,0.00164716,2.71448,0.26237,-2.06412,4.66045
-0.220444,372.342,0.00164746,2.78933,0.230527,-2.13349,4.81709
-0.220444,372.342,0.00164776,2.85317,0.197774,-2.19445,4.95472
-0.220444,372.342,0.00164806,2.90575,0.16424,-2.24674,5.07279
-0.220444,372.342,0.00164836,2.94686,0.130059,-2.29017,5.17085
-0.220444,372.342,0.00164866,2.97634,0.0953637,-2.32456,5.2485
-0.220444,372.342,0.00164896,2.99408,0.0602923,-2.34978,5.30543
-0.220444,372.342,0.00164925,3,0.0249831,-2.36572,5.34142
-0.220444,372.342,0.00164955,2.99408,-0.0104248,-2.37233,5.35634
-0.220444,372.342,0.00164985,2.97634,-0.0457915,-2.36957,5.35012
-0.220444,372.342,0.00165015,2.94686,-0.0809775,-2.35746,5.32278
-0.220444,372.342,0.00165045,2.90575,-0.115844,-2.33605,5.27443
-0.220444,372.342,0.00165075,2.85317,-0.150253,-2.30542,5.20527
-0.220444,372.342,0.00165104,2.78933,-0.184069,-2.26569,5.11557
-0.220444,372.342,0.00165134,2.71448,-0.217159,-2.21702,5.00568
-0.220444,372.342,0.00165164,2.62892,-0.249392,-2.1596,4.87603
-0.220444,372.342,0.00165194,2.53298,-0.280641,-2.09365,4.72714
-0.220444,372.342,0.00165224,2.42705,-0.310782,-2.01945,4.55959
-0.220444,372.342,0.00165254,2.31154,-0.339696,-1.93727,4.37405
-0.220444,372.342,0.00165284,2.18691,-0.36727,-1.84745,4.17125
-0.220444,372.342,0.00165313,2.05364,-0.393394,-1.75034,3.95198
-0.220444,372.342,0.00165343,1.91227,-0.417966,-1.64631,3.71712
-0.220444,372.342,0.00165373,1.76336,-0.440889,-1.5358,3.46759
-0.220444,372.342,0.00165403,1.60748,-0.462071,-1.41922,3.20437
-0.220444,372.342,0.00165433,1.44526,-0.48143,-1.29704,2.92851
-0.220444,372.342,0.00165463,1.27734,-0.498888,-1.16974,2.64109
-0.220444,372.342,0.00165493,1.10437,-0.514378,-1.03782,2.34324
-0.220444,372.342,0.00165522,0.927051,-0.527838,-0.901813,2.03615
-0.220444,372.342,0.00165552,0.74607,-0.539215,-0.762242,1.72102
-0.220444,372.342,0.00165582,0.562144,-0.548464,-0.619664,1.3991
-0.220444,372.342,0.00165612,0.376,-0.555548,-0.47464,1.07166
-0.220444,372.342,0.00165642,0.188372,-0.56044,-0.327743,0.739992
-0.220444,372.342,0.00165672,8.80497e-015,-0.563119,-0.179553,0.405401
-0.220444,372.342,0.00165701,-0.188372,-0.563577,-0.0306535,0.0692107
-0.220444,372.342,0.00165731,-0.376,-0.56181,0.118367,-0.267253
-0.220444,372.342,0.00165761,-0.562144,-0.557826,0.26692,-0.602662
-0.220444,372.342,0.00165791,-0.74607,-0.551641,0.414419,-0.935693
-0.220444,372.342,0.00165821,-0.927051,-0.543279,0.560283,-1.26503
-0.220444,372.342,0.00165851,-1.10437,-0.532772,0.703936,-1.58938
-0.220444,372.342,0.00165881,-1.27734,-0.520163,0.844811,-1.90745
-0.220444,372.342,0.0016591,-1.44526,-0.505501,0.982352,-2.21799
-0.220444,372.342,0.0016594,-1.60748,-0.488844,1.11602,-2.51979
-0.220444,372.342,0.0016597,-1.76336,-0.470258,1.24527,-2.81163
-0.220444,372.342,0.00166,-1.91227,-0.449816,1.36962,-3.09238
-0.220444,372.342,0.0016603,-2.05364,-0.427599,1.48856,-3.36093
-0.220444,372.342,0.0016606,-2.18691,-0.403694,1.60162,-3.61621
-0.220444,372.342,0.0016609,-2.31154,-0.378196,1.70837,-3.85723
-0.220444,372.342,0.00166119,-2.42705,-0.351205,1.80837,-4.08301
-0.220444,372.342,0.00166149,-2.53298,-0.322828,1.90124,-4.29269
-0.220444,372.342,0.00166179,-2.62892,-0.293178,1.9866,-4.48542
-0.220444,372.342,0.00166209,-2.71448,-0.26237,2.06412,-4.66045
-0.220444,372.342,0.00166239,-2.78933,-0.230527,2.13349,-4.81709
-0.220444,372.342,0.00166269,-2.85317,-0.197774,2.19445,-4.95472
-0.220444,372.342,0.00166299,-2.90575,-0.16424,2.24674,-5.07279
-0.220444,372.342,0.00166328,-2.94686,-0.130059,2.29017,-5.17085
-0.220444,372.342,0.00166358,-2.97634,-0.0953637,2.32456,-5.24849
-0.220444,372.342,0.00166388,-2.99408,-0.0602924,2.34978,-5.30543
-0.220444,372.342,0.00166418,-3,-0.0249831,2.36572,-5.34142
-0.220444,372.342,0.00166448,-2.99408,0.0104247,2.37233,-5.35634
-0.220444,372.342,0.00166478,-2.97634,0.0457915,2.36957,-5.35012
-0.220444,372.342,0.00166507,-2.94686,0.0809775,2.35746,-5.32278
-0.220444,372.342,0.00166537,-2.90575,0.115844,2.33605,-5.27443
-0.220444,372.342,0.00166567,-2.85317,0.150253,2.30542,-5.20527
-0.220444,372.342,0.00166597,-2.78933,0.184069,2.26569,-5.11557
-0.220444,372.342,0.00166627,-2.71448,0.217159,2.21702,-5.00568
-0.220444,372.342,0.00166657,-2.62892,0.249392,2.1596,-4.87603
-0.220444,372.342,0.00166687,-2.53298,0.280641,2.09365,-4.72714
-0.220444,372.342,0.00166716,-2.42705,0.310782,2.01945,-4.55959
-0.220444,372.342,0.00166746,-2.31154,0.339696,1.93727,-4.37405
-0.220444,372.342,0.00166776,-2.18691,0.36727,1.84745,-4.17125
-0.220444,372.342,0.00166806,-2.05364,0.393394,1.75034,-3.95198
-0.220444,372.342,0.00166836,-1.91227,0.417966,1.64632,-3.71712
-0.220444,372.342,0.00166866,-1.76336,0.440889,1.5358,-3.46759
-0.220444,372.342,0.00166896,-1.60748,0.462071,1.41922,-3.20437
-0.220444,372.342,0.00166925,-1.44526,0.48143,1.29704,-2.92851
-0.220444,372.342,0.00166955,-1.27734,0.498888,1.16974,-2.64109
-0.220444,372.342,0.00166985,-1.10437,0.514378,1.03782,-2.34324
-0.220444,372.342,0.00167015,-0.927051,0.527838,0.901813,-2.03615
-0.220444,372.342,0.00167045,-0.74607,0.539215,0.762243,-1.72102
-0.220444,372.342,0.00167075,-0.562144,0.548464,0.619664,-1.3991
-0.220444,372.342,0.00167104,-0.376,0.555548,0.47464,-1.07166
-0.220444,372.342,0.00167134,-0.188372,0.56044,0.327743,-0.739992
-0.220444,372.342,0.00167164,-4.11468e-014,0.56312,0.179553,-0.405402
-0.220444,372.342,0.00167194,0.188372,0.563577,0.0306536,-0.0692108
-0.220444,372.342,0.00167224,0.376,0.56181,-0.118367,0.267253
-0.220444,372.342,0.00167254,0.562144,0.557827,-0.26692,0.602662
-0.220444,372.342,0.00167284,0.74607,0.551641,-0.414419,0.935693
-0.220444,372.342,0.00167313,0.927051,0.543279,-0.560283,1.26503
-0.220444,372.342,0.00167343,1.10437,0.532772,-0.703936,1.58938
-0.220444,372.342,0.00167373,1.27734,0.520163,-0.844811,1.90745
-0.220444,372.342,0.00167403,1.44526,0.505501,-0.982352,2.21799
-0.220444,372.342,0.00167433,1.60748,0.488844,-1.11602,2.51979
-0.220444,372.342,0.00167463,1.76336,0.470258,-1.24527,2.81163
-0.220444,372.342,0.00167493,1.91227,0.449816,-1.36962,3.09238
-0.220444,372.342,0.00167522,2.05364,0.427599,-1.48856,3.36093
-0.220444,372.342,0.00167552,2.18691,0.403694,-1.60162,3.61621
-0.220444,372.342,0.00167582,2.31154,0.378196,-1.70837,3.85723
-0.220444,372.342,0.00167612,2.42705,0.351205,-1.80837,4.08301
-0.220444,372.342,0.00167642,2.53298,0.322828,-1.90124,4.29269
-0.220444,372.342,0.00167672,2.62892,0.293178,-1.9866,4.48542
-0.220444,372.342,0.00167701,2.71448,0.26237,-2.06412,4.66045
-0.220444,372.342,0.00167731,2.78933,0.230527,-2.13349,4.81709
-0.220444,372.342,0.00167761,2.85317,0.197774,-2.19445,4.95472
-0.220444,372.342,0.00167791,2.90575,0.16424,-2.24674,5.07279
-0.220444,372.342,0.00167821,2.94686,0.130059,-2.29017,5.17085
-0.220444,372.342,0.00167851,2.97634,0.0953637,-2.32456,5.2485
-0.220444,372.342,0.00167881,2.99408,0.0602924,-2.34978,5.30543
-0.220444,372.342,0.0016791,3,0.0249831,-2.36572,5.34142
-0.220444,372.342,0.0016794,2.99408,-0.0104247,-2.37233,5.35634
-0.220444,372.342,0.0016797,2.97634,-0.0457915,-2.36957,5.35012
-0.220444,372.342,0.00168,2.94686,-0.0809775,-2.35746,5.32278
-0.220444,372.342,0.0016803,2.90575,-0.115844,-2.33605,5.27443
-0.220444,372.342,0.0016806,2.85317,-0.150253,-2.30542,5.20527
-0.220444,372.342,0.0016809,2.78933,-0.184069,-2.26569,5.11557
-0.220444,372.342,0.00168119,2.71448,-0.217159,-2.21702,5.00568
-0.220444,372.342,0.00168149,2.62892,-0.249392,-2.1596,4.87603
-0.220444,372.342,0.00168179,2.53298,-0.280641,-2.09365,4.72714
-0.220444,372.342,0.00168209,2.42705,-0.310782,-2.01945,4.55959
-0.220444,372.342,0.00168239,2.31154,-0.339696,-1.93727,4.37405
-0.220444,372.342,0.00168269,2.18691,-0.36727,-1.84745,4.17125
-0.220444,372.342,0.00168299,2.05364,-0.393394,-1.75034,3.95198
-0.220444,372.342,0.00168328,1.91227,-0.417966,-1.64632,3.71712
-0.220444,372.342,0.00168358,1.76336,-0.440889,-1.5358,3.46759
-0.220444,372.342,0.00168388,1.60748,-0.462071,-1.41922,3.20437
-0.220444,372.342,0.00168418,1.44526,-0.48143,-1.29704,2.92851
-0.220444,372.342,0.00168448,1.27734,-0.498889,-1.16974,2.64109
-0.220444,372.342,0.00168478,1.10437,-0.514378,-1.03782,2.34324
-0.220444,372.342,0.00168507,0.927051,-0.527838,-0.901813,2.03615
-0.220444,372.342,0.00168537,0.74607,-0.539215,-0.762243,1.72102
-0.220444,372.342,0.00168567,0.562144,-0.548464,-0.619664,1.3991
-0.220444,372.342,0.00168597,0.376,-0.555548,-0.47464,1.07166
-0.220444,372.342,0.00168627,0.188372,-0.56044,-0.327743,0.739992
-0.220444,372.342,0.00168657,7.34886e-014,-0.56312,-0.179553,0.405401
-0.220444,372.342,0.00168687,-0.188372,-0.563577,-0.0306535,0.0692107
-0.220444,372.342,0.00168716,-0.376,-0.56181,0.118367,-0.267253
-0.220444,372.342,0.00168746,-0.562144,-0.557827,0.26692,-0.602662
-0.220444,372.342,0.00168776,-0.74607,-0.551641,0.414419,-0.935693
-0.220444,372.342,0.00168806,-0.927051,-0.543279,0.560283,-1.26503
-0.220444,372.342,0.00168836,-1.10437,-0.532772,0.703936,-1.58938
-0.220444,372.342,0.00168866,-1.27734,-0.520163,0.844811,-1.90745
-0.220444,372.342,0.00168896,-1.44526,-0.505501,0.982352,-2.21799
-0.220444,372.342,0.00168925,-1.60748,-0.488844,1.11602,-2.51979
-0.220444,372.342,0.00168955,-1.76336,-0.470258,1.24527,-2.81163
-0.220444,372.342,0.00168985,-1.91227,-0.449816,1.36962,-3.09238
-0.220444,372.342,0.00169015,-2.05364,-0.427599,1.48856,-3.36093
-0.220444,372.342,0.00169045,-2.18691,-0.403694,1.60162,-3.61621
-0.220444,372.342,0.00169075,-2.31154,-0.378196,1.70837,-3.85723
-0.220444,372.342,0.00169104,-2.42705,-0.351205,1.80837,-4.08301
-0.220444,372.342,0.00169134,-2.53298,-0.322828,1.90124,-4.29269
-0.220444,372.342,0.00169164,-2.62892,-0.293178,1.9866,-4.48542
-0.220444,372.342,0.00169194,-2.71448,-0.26237,2.06412,-4.66045
-0.220444,372.342,0.00169224,-2.78933,-0.230527,2.13349,-4.81709
-0.220444,372.342,0.00169254,-2.85317,-0.197774,2.19445,-4.95472
-0.220444,372.342,0.00169284,-2.90575,-0.16424,2.24674,-5.07279
-0.220444,372.342,0.00169313,-2.94686,-0.130059,2.29017,-5.17085
-0.220444,372.342,0.00169343,-2.97634,-0.0953637,2.32456,-5.2485
-0.220444,372.342,0.00169373,-2.99408,-0.0602924,2.34978,-5.30543
-0.220444,372.342,0.00169403,-3,-0.0249831,2.36572,-5.34142
-0.220444,372.342,0.00169433,-2.99408,0.0104248,2.37233,-5.35634
-0.220444,372.342,0.00169463,-2.97634,0.0457915,2.36957,-5.35012
-0.220444,372.342,0.00169493,-2.94686,0.0809775,2.35746,-5.32278
-0.220444,372.342,0.00169522,-2.90575,0.115844,2.33605,-5.27443
-0.220444,372.342,0.00169552,-2.85317,0.150253,2.30542,-5.20527
-0.220444,372.342,0.00169582,-2.78933,0.184069,2.26569,-5.11557
-0.220444,372.342,0.00169612,-2.71448,0.217159,2.21702,-5.00568
-0.220444,372.342,0.00169642,-2.62892,0.249392,2.1596,-4.87603
-0.220444,372.342,0.00169672,-2.53298,0.280641,2.09365,-4.72714
-0.220444,372.342,0.00169701,-2.42705,0.310782,2.01945,-4.55959
-0.220444,372.342,0.00169731,-2.31154,0.339696,1.93727,-4.37405
-0.220444,372.342,0.00169761,-2.18691,0.36727,1.84745,-4.17125
-0.220444,372.342,0.00169791,-2.05364,0.393394,1.75034,-3.95198
-0.220444,372.342,0.00169821,-1.91227,0.417966,1.64631,-3.71712
-0.220444,372.342,0.00169851,-1.76336,0.440889,1.5358,-3.46759
-0.220444,372.342,0.00169881,-1.60748,0.462071,1.41922,-3.20437
-0.220444,372.342,0.0016991,-1.44526,0.48143,1.29704,-2.92851
-0.220444,372.342,0.0016994,-1.27734,0.498889,1.16974,-2.64109
-0.220444,372.342,0.0016997,-1.10437,0.514378,1.03782,-2.34324
-0.220444,372.342,0.0017,-0.927051,0.527838,0.901813,-2.03615
-0.220444,372.342,0.0017003,-0.74607,0.539215,0.762242,-1.72102
-0.220444,372.342,0.0017006,-0.562144,0.548464,0.619664,-1.3991
-0.220444,372.342,0.0017009,-0.376,0.555548,0.47464,-1.07166
-0.220444,372.342,0.00170119,-0.188372,0.56044,0.327743,-0.739992
-0.220444,372.342,0.00170149,6.46999e-014,0.56312,0.179552,-0.405401
-0.220444,372.342,0.00170179,0.188372,0.563577,0.0306533,-0.0692105
-0.220444,372.342,0.00170209,0.376,0.56181,-0.118367,0.267253
-0.220444,372.342,0.00170239,0.562144,0.557826,-0.26692,0.602663
-0.220444,372.342,0.00170269,0.74607,0.551641,-0.414419,0.935693
-0.220444,372.342,0.00170299,0.927051,0.543279,-0.560283,1.26503
-0.220444,372.342,0.00170328,1.10437,0.532772,-0.703936,1.58938
-0.220444,372.342,0.00170358,1.27734,0.520163,-0.844811,1.90745
-0.220444,372.342,0.00170388,1.44526,0.505501,-0.982352,2.21799
-0.220444,372.342,0.00170418,1.60748,0.488844,-1.11602,2.51979
-0.220444,372.342,0.00170448,1.76336,0.470258,-1.24527,2.81163
-0.220444,372.342,0.00170478,1.91227,0.449816,-1.36962,3.09238
-0.220444,372.342,0.00170507,2.05364,0.427599,-1.48856,3.36093
-0.220444,372.342,0.00170537,2.18691,0.403694,-1.60162,3.61621
-0.220444,372.342,0.00170567,2.31154,0.378196,-1.70837,3.85723
-0.220444,372.342,0.00170597,2.42705,0.351205,-1.80837,4.08301
-0.220444,372.342,0.00170627,2.53298,0.322828,-1.90124,4.29269
-0.220444,372.342,0.00170657,2.62892,0.293178,-1.9866,4.48542
-0.220444,372.342,0.00170687,2.71448,0.26237,-2.06412,4.66045
-0.220444,372.342,0.00170716,2.78933,0.230527,-2.13349,4.81709
-0.220444,372.342,0.00170746,2.85317,0.197774,-2.19445,4.95472
-0.220444,372.342,0.00170776,2.90575,0.16424,-2.24674,5.07279
-0.220444,372.342,0.00170806,2.94686,0.130059,-2.29017,5.17085
-0.220444,372.342,0.00170836,2.97634,0.0953637,-2.32456,5.2485
-0.220444,372.342,0.00170866,2.99408,0.0602924,-2.34978,5.30543
-0.220444,372.342,0.00170896,3,0.0249831,-2.36572,5.34142
-0.220444,372.342,0.00170925,2.99408,-0.0104248,-2.37233,5.35634
-0.220444,372.342,0.00170955,2.97634,-0.0457915,-2.36957,5.35012
-0.220444,372.342,0.00170985,2.94686,-0.0809775,-2.35746,5.32278
-0.220444,372.342,0.00171015,2.90575,-0.115844,-2.33605,5.27443
-0.220444,372.342,0.00171045,2.85317,-0.150253,-2.30542,5.20527
-0.220444,372.342,0.00171075,2.78933,-0.184069,-2.26569,5.11557
-0.220444,372.342,0.00171104,2.71448,-0.217159,-2.21702,5.00568
-0.220444,372.342,0.00171134,2.62892,-0.249392,-2.1596,4.87603
-0.220444,372.342,0.00171164,2.53298,-0.280641,-2.09365,4.72714
-0.220444,372.342,0.00171194,2.42705,-0.310782,-2.01945,4.55959
-0.220444,372.342,0.00171224,2.31154,-0.339696,-1.93727,4.37405
-0.220444,372.342,0.00171254,2.18691,-0.36727,-1.84745,4.17125
-0.220444,372.342,0.00171284,2.05364,-0.393394,-1.75034,3.95198
-0.220444,372.342,0.00171313,1.91227,-0.417966,-1.64631,3.71712
-0.220444,372.342,0.00171343,1.76336,-0.440889,-1.5358,3.46759
-0.220444,372.342,0.00171373,1.60748,-0.462071,-1.41922,3.20437
-0.220444,372.342,0.00171403,1.44526,-0.48143,-1.29704,2.92851
-0.220444,372.342,0.00171433,1.27734,-0.498888,-1.16974,2.64109
-0.220444,372.342,0.00171463,1.10437,-0.514378,-1.03782,2.34324
-0.220444,372.342,0.00171493,0.927051,-0.527838,-0.901813,2.03615
-0.220444,372.342,0.00171522,0.74607,-0.539215,-0.762242,1.72102
-0.220444,372.342,0.00171552,0.562144,-0.548464,-0.619664,1.3991
-0.220444,372.342,0.00171582,0.376,-0.555548,-0.47464,1.07166
-0.220444,372.342,0.00171612,0.188372,-0.56044,-0.327743,0.739992
-0.220444,372.342,0.00171642,1.38172e-013,-0.56312,-0.179553,0.405401
-0.220444,372.342,0.00171672,-0.188372,-0.563577,-0.0306535,0.0692107
-0.220444,372.342,0.00171701,-0.376,-0.56181,0.118367,-0.267253
-0.220444,372.342,0.00171731,-0.562144,-0.557826,0.26692,-0.602662
-0.220444,372.342,0.00171761,-0.74607,-0.551641,0.414419,-0.935693
-0.220444,372.342,0.00171791,-0.927051,-0.543279,0.560283,-1.26503
-0.220444,372.342,0.00171821,-1.10437,-0.532772,0.703936,-1.58938
-0.220444,372.342,0.00171851,-1.27734,-0.520163,0.844811,-1.90745
-0.220444,372.342,0.00171881,-1.44526,-0.505501,0.982352,-2.21799
-0.220444,372.342,0.0017191,-1.60748,-0.488844,1.11602,-2.51979
-0.220444,372.342,0.0017194,-1.76336,-0.470258,1.24527,-2.81163
-0.220444,372.342,0.0017197,-1.91227,-0.449816,1.36962,-3.09238
-0.220444,372.342,0.00172,-2.05364,-0.427599,1.48856,-3.36093
-0.220444,372.342,0.0017203,-2.18691,-0.403694,1.60162,-3.61621
-0.220444,372.342,0.0017206,-2.31154,-0.378196,1.70837,-3.85723
-0.220444,372.342,0.0017209,-2.42705,-0.351205,1.80837,-4.08301
-0.220444,372.342,0.00172119,-2.53298,-0.322828,1.90124,-4.29269
-0.220444,372.342,0.00172149,-2.62892,-0.293178,1.9866,-4.48542
-0.220444,372.342,0.00172179,-2.71448,-0.26237,2.06412,-4.66045
-0.220444,372.342,0.00172209,-2.78933,-0.230527,2.13349,-4.81709
-0.220444,372.342,0.00172239,-2.85317,-0.197774,2.19445,-4.95472
-0.220444,372.342,0.00172269,-2.90575,-0.16424,2.24674,-5.07279
-0.220444,372.342,0.00172299,-2.94686,-0.130059,2.29017,-5.17085
-0.220444,372.342,0.00172328,-2.97634,-0.0953637,2.32456,-5.2485
-0.220444,372.342,0.00172358,-2.99408,-0.0602924,2.34978,-5.30543
-0.220444,372.342,0.00172388,-3,-0.0249831,2.36572,-5.34142
-0.220444,372.342,0.00172418,-2.99408,0.0104248,2.37233,-5.35634
-0.220444,372.342,0.00172448,-2.97634,0.0457915,2.36957,-5.35012
-0.220444,372.342,0.00172478,-2.94686,0.0809775,2.35746,-5.32278
-0.220444,372.342,0.00172507,-2.90575,0.115844,2.33605,-5.27443
-0.220444,372.342,0.00172537,-2.85317,0.150253,2.30542,-5.20527
-0.220444,372.342,0.00172567,-2.78933,0.184069,2.26569,-5.11557
-0.220444,372.342,0.00172597,-2.71448,0.217159,2.21702,-5.00568
-0.220444,372.342,0.00172627,-2.62892,0.249392,2.1596,-4.87603
-0.220444,372.342,0.00172657,-2.53298,0.280641,2.09365,-4.72714
-0.220444,372.342,0.00172687,-2.42705,0.310782,2.01945,-4.55959
-0.220444,372.342,0.00172716,-2.31154,0.339696,1.93727,-4.37405
-0.220444,372.342,0.00172746,-2.18691,0.36727,1.84745,-4.17125
-0.220444,372.342,0.00172776,-2.05364,0.393394,1.75034,-3.95198
-0.220444,372.342,0.00172806,-1.91227,0.417966,1.64632,-3.71712
-0.220444,372.342,0.00172836,-1.76336,0.440889,1.5358,-3.46759
-0.220444,372.342,0.00172866,-1.60748,0.462071,1.41922,-3.20437
-0.220444,372.342,0.00172896,-1.44526,0.48143,1.29704,-2.92851
-0.220444,372.342,0.00172925,-1.27734,0.498888,1.16974,-2.64109
-0.220444,372.342,0.00172955,-1.10437,0.514378,1.03782,-2.34324
-0.220444,372.342,0.00172985,-0.927051,0.527838,0.901813,-2.03615
-0.220444,372.342,0.00173015,-0.74607,0.539215,0.762243,-1.72102
-0.220444,372.342,0.00173045,-0.562144,0.548464,0.619664,-1.3991
-0.220444,372.342,0.00173075,-0.376,0.555548,0.47464,-1.07166
-0.220444,372.342,0.00173104,-0.188372,0.56044,0.327743,-0.739992
-0.220444,372.342,0.00173134,-1.70514e-013,0.56312,0.179553,-0.405402
-0.220444,372.342,0.00173164,0.188372,0.563577,0.0306535,-0.0692108
-0.220444,372.342,0.00173194,0.376,0.56181,-0.118367,0.267253
-0.220444,372.342,0.00173224,0.562144,0.557827,-0.26692,0.602662
-0.220444,372.342,0.00173254,0.74607,0.551641,-0.414419,0.935693
-0.220444,372.342,0.00173284,0.927051,0.543279,-0.560283,1.26503
-0.220444,372.342,0.00173313,1.10437,0.532772,-0.703936,1.58938
-0.220444,372.342,0.00173343,1.27734,0.520163,-0.844811,1.90745
-0.220444,372.342,0.00173373,1.44526,0.505501,-0.982352,2.21799
-0.220444,372.342,0.00173403,1.60748,0.488844,-1.11602,2.51979
-0.220444,372.342,0.00173433,1.76336,0.470258,-1.24527,2.81163
-0.220444,372.342,0.00173463,1.91227,0.449816,-1.36962,3.09238
-0.220444,372.342,0.00173493,2.05364,0.427599,-1.48856,3.36093
-0.220444,372.342,0.00173522,2.18691,0.403694,-1.60162,3.61621
-0.220444,372.342,0.00173552,2.31154,0.378196,-1.70837,3.85723
-0.220444,372.342,0.00173582,2.42705,0.351205,-1.80837,4.08301
-0.220444,372.342,0.00173612,2.53298,0.322828,-1.90124,4.29269
-0.220444,372.342,0.00173642,2.62892,0.293178,-1.9866,4.48542
-0.220444,372.342,0.00173672,2.71448,0.26237,-2.06412,4.66045
-0.220444,372.342,0.00173701,2.78933,0.230527,-2.13349,4.81709
-0.220444,372.342,0.00173731,2.85317,0.197774,-2.19445,4.95472
-0.220444,372.342,0.00173761,2.90575,0.16424,-2.24674,5.07279
-0.220444,372.342,0.00173791,2.94686,0.130059,-2.29017,5.17085
-0.220444,372.342,0.00173821,2.97634,0.0953637,-2.32456,5.2485
-0.220444,372.342,0.00173851,2.99408,0.0602924,-2.34978,5.30543
-0.220444,372.342,0.00173881,3,0.0249831,-2.36572,5.34142
-0.220444,372.342,0.0017391,2.99408,-0.0104248,-2.37233,5.35634
-0.220444,372.342,0.0017394,2.97634,-0.0457915,-2.36957,5.35012
-0.220444,372.342,0.0017397,2.94686,-0.0809775,-2.35746,5.32278
-0.220444,372.342,0.00174,2.90575,-0.115844,-2.33605,5.27443
-0.220444,372.342,0.0017403,2.85317,-0.150253,-2.30542,5.20527
-0.220444,372.342,0.0017406,2.78933,-0.184069,-2.26569,5.11557
-0.220444,372.342,0.0017409,2.71448,-0.217159,-2.21702,5.00568
-0.220444,372.342,0.00174119,2.62892,-0.249392,-2.1596,4.87603
-0.220444,372.342,0.00174149,2.53298,-0.280641,-2.09365,4.72714
-0.220444,372.342,0.00174179,2.42705,-0.310782,-2.01945,4.55959
-0.220444,372.342,0.00174209,2.31154,-0.339696,-1.93727,4.37405
-0.220444,372.342,0.00174239,2.18691,-0.36727,-1.84745,4.17125
-0.220444,372.342,0.00174269,2.05364,-0.393394,-1.75034,3.95198
-0.220444,372.342,0.00174299,1.91227,-0.417966,-1.64632,3.71712
-0.220444,372.342,0.00174328,1.76336,-0.440889,-1.5358,3.46759
-0.220444,372.342,0.00174358,1.60748,-0.462071,-1.41922,3.20437
-0.220444,372.342,0.00174388,1.44526,-0.48143,-1.29704,2.92851
-0.220444,372.342,0.00174418,1.27734,-0.498889,-1.16974,2.64109
-0.220444,372.342,0.00174448,1.10437,-0.514378,-1.03782,2.34324
-0.220444,372.342,0.00174478,0.927051,-0.527838,-0.901813,2.03615
-0.220444,372.342,0.00174507,0.74607,-0.539215,-0.762243,1.72102
-0.220444,372.342,0.00174537,0.562144,-0.548464,-0.619664,1.3991
-0.220444,372.342,0.00174567,0.376,-0.555548,-0.47464,1.07166
-0.220444,372.342,0.00174597,0.188372,-0.56044,-0.327743,0.739992
-0.220444,372.342,0.00174627,3.23255e-014,-0.56312,-0.179553,0.405401
-0.220444,372.342,0.00174657,-0.188372,-0.563577,-0.0306535,0.0692107
-0.220444,372.342,0.00174687,-0.376,-0.56181,0.118367,-0.267253
-0.220444,372.342,0.00174716,-0.562144,-0.557827,0.26692,-0.602662
-0.220444,372.342,0.00174746,-0.74607,-0.551641,0.414419,-0.935693
-0.220444,372.342,0.00174776,-0.927051,-0.543279,0.560283,-1.26503
-0.220444,372.342,0.00174806,-1.10437,-0.532772,0.703936,-1.58938
-0.220444,372.342,0.00174836,-1.27734,-0.520163,0.844811,-1.90745
-0.220444,372.342,0.00174866,-1.44526,-0.505501,0.982352,-2.21799
-0.220444,372.342,0.00174896,-1.60748,-0.488844,1.11602,-2.51979
-0.220444,372.342,0.00174925,-1.76336,-0.470258,1.24527,-2.81163
-0.220444,372.342,0.00174955,-1.91227,-0.449816,1.36962,-3.09238
-0.220444,372.342,0.00174985,-2.05364,-0.427599,1.48856,-3.36093
-0.220444,372.342,0.00175015,-2.18691,-0.403694,1.60162,-3.61621
-0.220444,372.342,0.00175045,-2.31154,-0.378196,1.70837,-3.85723
-0.220444,372.342,0.00175075,-2.42705,-0.351205,1.80837,-4.08301
-0.220444,372.342,0.00175104,-2.53298,-0.322828,1.90124,-4.29269
-0.220444,372.342,0.00175134,-2.62892,-0.293178,1.9866,-4.48542
-0.220444,372.342,0.00175164,-2.71448,-0.26237,2.06412,-4.66045
-0.220444,372.342,0.00175194,-2.78933,-0.230527,2.13349,-4.81709
-0.220444,372.342,0.00175224,-2.85317,-0.197774,2.19445,-4.95472
-0.220444,372.342,0.00175254,-2.90575,-0.16424,2.24674,-5.07279
-0.220444,372.342,0.00175284,-2.94686,-0.130059,2.29017,-5.17085
-0.220444,372.342,0.00175313,-2.97634,-0.0953637,2.32456,-5.2485
-0.220444,372.342,0.00175343,-2.99408,-0.0602924,2.34978,-5.30543
-0.220444,372.342,0.00175373,-3,-0.0249831,2.36572,-5.34142
-0.220444,372.342,0.00175403,-2.99408,0.0104248,2.37233,-5.35634
-0.220444,372.342,0.00175433,-2.97634,0.0457915,2.36957,-5.35012
-0.220444,372.342,0.00175463,-2.94686,0.0809775,2.35746,-5.32278
-0.220444,372.342,0.00175493,-2.90575,0.115844,2.33605,-5.27443
-0.220444,372.342,0.00175522,-2.85317,0.150253,2.30542,-5.20527
-0.220444,372.342,0.00175552,-2.78933,0.184069,2.26569,-5.11557
-0.220444,372.342,0.00175582,-2.71448,0.217159,2.21702,-5.00568
-0.220444,372.342,0.00175612,-2.62892,0.249392,2.1596,-4.87603
-0.220444,372.342,0.00175642,-2.53298,0.280641,2.09365,-4.72714
-0.220444,372.342,0.00175672,-2.42705,0.310782,2.01945,-4.55959
-0.220444,372.342,0.00175701,-2.31154,0.339696,1.93727,-4.37405
-0.220444,372.342,0.00175731,-2.18691,0.36727,1.84745,-4.17125
-0.220444,372.342,0.00175761,-2.05364,0.393394,1.75034,-3.95198
-0.220444,372.342,0.00175791,-1.91227,0.417966,1.64631,-3.71712
-0.220444,372.342,0.00175821,-1.76336,0.440889,1.5358,-3.46759
-0.220444,372.342,0.00175851,-1.60748,0.462071,1.41922,-3.20437
-0.220444,372.342,0.00175881,-1.44526,0.48143,1.29704,-2.92851
-0.220444,372.342,0.0017591,-1.27734,0.498888,1.16974,-2.64109
-0.220444,372.342,0.0017594,-1.10437,0.514378,1.03782,-2.34324
-0.220444,372.342,0.0017597,-0.927051,0.527838,0.901813,-2.03615
-0.220444,372.342,0.00176,-0.74607,0.539215,0.762242,-1.72102
-0.220444,372.342,0.0017603,-0.562144,0.548464,0.619664,-1.3991
-0.220444,372.342,0.0017606,-0.376,0.555548,0.47464,-1.07166
-0.220444,372.342,0.0017609,-0.188372,0.56044,0.327743,-0.739992
-0.220444,372.342,0.00176119,-6.46673e-014,0.56312,0.179553,-0.405401
-0.220444,372.342,0.00176149,0.188372,0.563577,0.0306534,-0.0692106
-0.220444,372.342,0.00176179,0.376,0.56181,-0.118367,0.267253
-0.220444,372.342,0.00176209,0.562144,0.557826,-0.26692,0.602662
-0.220444,372.342,0.00176239,0.74607,0.551641,-0.414419,0.935693
-0.220444,372.342,0.00176269,0.927051,0.543279,-0.560283,1.26503
-0.220444,372.342,0.00176299,1.10437,0.532772,-0.703936,1.58938
-0.220444,372.342,0.00176328,1.27734,0.520163,-0.844811,1.90745
-0.220444,372.342,0.00176358,1.44526,0.505501,-0.982352,2.21799
-0.220444,372.342,0.00176388,1.60748,0.488844,-1.11602,2.51979
-0.220444,372.342,0.00176418,1.76336,0.470258,-1.24527,2.81163
-0.220444,372.342,0.00176448,1.91227,0.449816,-1.36962,3.09238
-0.220444,372.342,0.00176478,2.05364,0.427599,-1.48856,3.36093
-0.220444,372.342,0.00176507,2.18691,0.403694,-1.60162,3.61621
-0.220444,372.342,0.00176537,2.31154,0.378196,-1.70837,3.85723
-0.220444,372.342,0.00176567,2.42705,0.351205,-1.80837,4.08301
-0.220444,372.342,0.00176597,2.53298,0.322828,-1.90124,4.29269
-0.220444,372.342,0.00176627,2.62892,0.293178,-1.9866,4.48542
-0.220444,372.342,0.00176657,2.71448,0.26237,-2.06412,4.66045
-0.220444,372.342,0.00176687,2.78933,0.230527,-2.13349,4.81709
-0.220444,372.342,0.00176716,2.85317,0.197774,-2.19445,4.95472
-0.220444,372.342,0.00176746,2.90575,0.16424,-2.24674,5.07279
-0.220444,372.342,0.00176776,2.94686,0.130059,-2.29017,5.17085
-0.220444,372.342,0.00176806,2.97634,0.0953637,-2.32456,5.2485
-0.220444,372.342,0.00176836,2.99408,0.0602924,-2.34978,5.30543
-0.220444,372.342,0.00176866,3,0.0249831,-2.36572,5.34142
-0.220444,372.342,0.00176896,2.99408,-0.0104248,-2.37233,5.35634
-0.220444,372.342,0.00176925,2.97634,-0.0457915,-2.36957,5.35012
-0.220444,372.342,0.00176955,2.94686,-0.0809775,-2.35746,5.32278
-0.220444,372.342,0.00176985,2.90575,-0.115844,-2.33605,5.27443
-0.220444,372.342,0.00177015,2.85317,-0.150253,-2.30542,5.20527
-0.220444,372.342,0.00177045,2.78933,-0.184069,-2.26569,5.11557
-0.220444,372.342,0.00177075,2.71448,-0.217159,-2.21702,5.00568
-0.220444,372.342,0.00177104,2.62892,-0.249392,-2.1596,4.87603
-0.220444,372.342,0.00177134,2.53298,-0.280641,-2.09365,4.72714
-0.220444,372.342,0.00177164,2.42705,-0.310782,-2.01945,4.55959
-0.220444,372.342,0.00177194,2.31154,-0.339696,-1.93727,4.37405
-0.220444,372.342,0.00177224,2.18691,-0.36727,-1.84745,4.17125
-0.220444,372.342,0.00177254,2.05364,-0.393394,-1.75034,3.95198
-0.220444,372.342,0.00177284,1.91227,-0.417966,-1.64631,3.71712
-0.220444,372.342,0.00177313,1.76336,-0.440889,-1.5358,3.46759
-0.220444,372.342,0.00177343,1.60748,-0.462071,-1.41922,3.20437
-0.220444,372.342,0.00177373,1.44526,-0.48143,-1.29704,2.92851
-0.220444,372.342,0.00177403,1.27734,-0.498888,-1.16974,2.64109
-0.220444,372.342,0.00177433,1.10437,-0.514378,-1.03782,2.34324
-0.220444,372.342,0.00177463,0.927051,-0.527838,-0.901813,2.03615
-0.220444,372.342,0.00177493,0.74607,-0.539215,-0.762243,1.72102
-0.220444,372.342,0.00177522,0.562144,-0.548464,-0.619664,1.3991
-0.220444,372.342,0.00177552,0.376,-0.555548,-0.47464,1.07166
-0.220444,372.342,0.00177582,0.188372,-0.56044,-0.327743,0.739992
-0.220444,372.342,0.00177612,9.70092e-014,-0.56312,-0.179553,0.405401
-0.220444,372.342,0.00177642,-0.188372,-0.563577,-0.0306535,0.0692107
-0.220444,372.342,0.00177672,-0.376,-0.56181,0.118367,-0.267253
-0.220444,372.342,0.00177701,-0.562144,-0.557826,0.26692,-0.602662
-0.220444,372.342,0.00177731,-0.74607,-0.551641,0.414419,-0.935693
-0.220444,372.342,0.00177761,-0.927051,-0.543279,0.560283,-1.26503
-0.220444,372.342,0.00177791,-1.10437,-0.532772,0.703936,-1.58938
-0.220444,372.342,0.00177821,-1.27734,-0.520163,0.844811,-1.90745
-0.220444,372.342,0.00177851,-1.44526,-0.505501,0.982352,-2.21799
-0.220444,372.342,0.00177881,-1.60748,-0.488844,1.11602,-2.51979
-0.220444,372.342,0.0017791,-1.76336,-0.470258,1.24527,-2.81163
-0.220444,372.342,0.0017794,-1.91227,-0.449816,1.36962,-3.09238
-0.220444,372.342,0.0017797,-2.05364,-0.427599,1.48856,-3.36093
-0.220444,372.342,0.00178,-2.18691,-0.403694,1.60162,-3.61621
-0.220444,372.342,0.0017803,-2.31154,-0.378196,1.70837,-3.85723
-0.220444,372.342,0.0017806,-2.42705,-0.351205,1.80837,-4.08301
-0.220444,372.342,0.0017809,-2.53298,-0.322828,1.90124,-4.29269
-0.220444,372.342,0.00178119,-2.62892,-0.293178,1.9866,-4.48542
-0.220444,372.342,0.00178149,-2.71448,-0.26237,2.06412,-4.66045
-0.220444,372.342,0.00178179,-2.78933,-0.230527,2.13349,-4.81709
-0.220444,372.342,0.00178209,-2.85317,-0.197774,2.19445,-4.95472
-0.220444,372.342,0.00178239,-2.90575,-0.16424,2.24674,-5.07279
-0.220444,372.342,0.00178269,-2.94686,-0.130059,2.29017,-5.17085
-0.220444,372.342,0.00178299,-2.97634,-0.0953637,2.32456,-5.2485
-0.220444,372.342,0.00178328,-2.99408,-0.0602924,2.34978,-5.30543
-0.220444,372.342,0.00178358,-3,-0.0249831,2.36572,-5.34142
-0.220444,372.342,0.00178388,-2.99408,0.0104248,2.37233,-5.35634
-0.220444,372.342,0.00178418,-2.97634,0.0457915,2.36957,-5.35012
-0.220444,372.342,0.00178448,-2.94686,0.0809775,2.35746,-5.32278
-0.220444,372.342,0.00178478,-2.90575,0.115844,2.33605,-5.27443
-0.220444,372.342,0.00178507,-2.85317,0.150253,2.30542,-5.20527
-0.220444,372.342,0.00178537,-2.78933,0.184069,2.26569,-5.11557
-0.220444,372.342,0.00178567,-2.71448,0.217159,2.21702,-5.00568
-0.220444,372.342,0.00178597,-2.62892,0.249392,2.1596,-4.87603
-0.220444,372.342,0.00178627,-2.53298,0.280641,2.09365,-4.72714
-0.220444,372.342,0.00178657,-2.42705,0.310782,2.01945,-4.55959
-0.220444,372.342,0.00178687,-2.31154,0.339696,1.93727,-4.37405
-0.220444,372.342,0.00178716,-2.18691,0.36727,1.84745,-4.17125
-0.220444,372.342,0.00178746,-2.05364,0.393394,1.75034,-3.95198
-0.220444,372.342,0.00178776,-1.91227,0.417966,1.64632,-3.71712
-0.220444,372.342,0.00178806,-1.76336,0.440889,1.5358,-3.46759
-0.220444,372.342,0.00178836,-1.60748,0.462071,1.41922,-3.20437
-0.220444,372.342,0.00178866,-1.44526,0.48143,1.29704,-2.92851
-0.220444,372.342,0.00178896,-1.27734,0.498888,1.16974,-2.64109
-0.220444,372.342,0.00178925,-1.10437,0.514378,1.03782,-2.34324
-0.220444,372.342,0.00178955,-0.927051,0.527838,0.901813,-2.03615
-0.220444,372.342,0.00178985,-0.74607,0.539215,0.762243,-1.72102
-0.220444,372.342,0.00179015,-0.562144,0.548464,0.619664,-1.3991
-0.220444,372.342,0.00179045,-0.376,0.555548,0.47464,-1.07166
-0.220444,372.342,0.00179075,-0.188372,0.56044,0.327743,-0.739992
-0.220444,372.342,0.00179104,4.11793e-014,0.56312,0.179553,-0.405401
