Amp, Phaseshift, Time, Vd, Vr, VL, VC
0.405435,372.09,0,0,0,0,0
0.405435,372.09,1.52672e-007,0.188372,0.00143795,0.188372,0
0.405435,372.09,3.05344e-007,0.376,0.0042972,0.374562,0.000439069
0.405435,372.09,4.58015e-007,0.562144,0.00855222,0.557408,0.00175119
0.405435,372.09,6.10687e-007,0.74607,0.0141688,0.735766,0.00436256
0.405435,372.09,7.63359e-007,0.927051,0.021104,0.90852,0.00868889
0.405435,372.09,9.16031e-007,1.10437,0.0293069,1.07458,0.0151329
0.405435,372.09,1.0687e-006,1.27734,0.0387184,1.2329,0.0240816
0.405435,372.09,1.22137e-006,1.44526,0.0492715,1.38246,0.035904
0.405435,372.09,1.37405e-006,1.60748,0.0608922,1.5223,0.0509487
0.405435,372.09,1.52672e-006,1.76336,0.0734991,1.65151,0.0695417
0.405435,372.09,1.67939e-006,1.91227,0.0870047,1.76923,0.0919842
0.405435,372.09,1.83206e-006,2.05364,0.101315,1.87465,0.118551
0.405435,372.09,1.98473e-006,2.18691,0.116331,1.96704,0.149486
0.405435,372.09,2.1374e-006,2.31154,0.131947,2.04572,0.185007
0.405435,372.09,2.29008e-006,2.42705,0.148054,2.1101,0.225296
0.405435,372.09,2.44275e-006,2.53298,0.16454,2.15963,0.270504
0.405435,372.09,2.59542e-006,2.62892,0.181287,2.19388,0.320745
0.405435,372.09,2.74809e-006,2.71448,0.198176,2.21245,0.3761
0.405435,372.09,2.90076e-006,2.78933,0.215085,2.21505,0.436612
0.405435,372.09,3.05344e-006,2.85317,0.23189,2.20147,0.502287
0.405435,372.09,3.20611e-006,2.90575,0.248467,2.17157,0.573093
0.405435,372.09,3.35878e-006,2.94686,0.264691,2.1253,0.648961
0.405435,372.09,3.51145e-006,2.97634,0.280436,2.06269,0.729782
0.405435,372.09,3.66412e-006,2.99408,0.29558,1.98386,0.815412
0.405435,372.09,3.81679e-006,3,0.31,1.88901,0.905665
0.405435,372.09,3.96947e-006,2.99408,0.323576,1.77841,1.00032
0.405435,372.09,4.12214e-006,2.97634,0.33619,1.65245,1.09912
0.405435,372.09,4.27481e-006,2.94686,0.347729,1.51155,1.20178
0.405435,372.09,4.42748e-006,2.90575,0.358082,1.35624,1.30795
0.405435,372.09,4.58015e-006,2.85317,0.367144,1.18713,1.41729
0.405435,372.09,4.73282e-006,2.78933,0.374815,1.00489,1.5294
0.405435,372.09,4.8855e-006,2.71448,0.381,0.81027,1.64384
0.405435,372.09,5.03817e-006,2.62892,0.385611,0.604076,1.76018
0.405435,372.09,5.19084e-006,2.53298,0.388567,0.387193,1.87792
0.405435,372.09,5.34351e-006,2.42705,0.389793,0.16056,1.99657
0.405435,372.09,5.49618e-006,2.31154,0.389221,-0.0748231,2.11559
0.405435,372.09,5.64885e-006,2.18691,0.386795,-0.317906,2.23444
0.405435,372.09,5.80153e-006,2.05364,0.382462,-0.56759,2.35254
0.405435,372.09,5.9542e-006,1.91227,0.376182,-0.822732,2.46932
0.405435,372.09,6.10687e-006,1.76336,0.367921,-1.08215,2.58419
0.405435,372.09,6.25954e-006,1.60748,0.357656,-1.34463,2.69653
0.405435,372.09,6.41221e-006,1.44526,0.345375,-1.60893,2.80574
0.405435,372.09,6.56489e-006,1.27734,0.331071,-1.87378,2.9112
0.405435,372.09,6.71756e-006,1.10437,0.314751,-2.13789,3.01229
0.405435,372.09,6.87023e-006,0.927051,0.296431,-2.39999,3.10839
0.405435,372.09,7.0229e-006,0.74607,0.276135,-2.65876,3.19891
0.405435,372.09,7.17557e-006,0.562144,0.253899,-2.9129,3.28322
0.405435,372.09,7.32824e-006,0.376,0.229768,-3.16112,3.36075
0.405435,372.09,7.48092e-006,0.188372,0.203798,-3.40215,3.43091
0.405435,372.09,7.63359e-006,3.67382e-016,0.176052,-3.63471,3.49314
0.405435,372.09,7.78626e-006,-0.188372,0.146605,-3.85756,3.54689
0.405435,372.09,7.93893e-006,-0.376,0.11554,-4.0695,3.59166
0.405435,372.09,8.0916e-006,-0.562144,0.0829495,-4.26934,3.62694
0.405435,372.09,8.24427e-006,-0.74607,0.0489345,-4.45596,3.65227
0.405435,372.09,8.39695e-006,-0.927051,0.0136044,-4.62825,3.66721
0.405435,372.09,8.54962e-006,-1.10437,-0.0229238,-4.78519,3.67136
0.405435,372.09,8.70229e-006,-1.27734,-0.0605251,-4.92578,3.66436
0.405435,372.09,8.85496e-006,-1.44526,-0.0990678,-5.0491,3.64588
0.405435,372.09,9.00763e-006,-1.60748,-0.138414,-5.15429,3.61563
0.405435,372.09,9.16031e-006,-1.76336,-0.178418,-5.24057,3.57337
0.405435,372.09,9.31298e-006,-1.91227,-0.218931,-5.30722,3.51889
0.405435,372.09,9.46565e-006,-2.05364,-0.259798,-5.3536,3.45204
0.405435,372.09,9.61832e-006,-2.18691,-0.30086,-5.37915,3.37271
0.405435,372.09,9.77099e-006,-2.31154,-0.341955,-5.38339,3.28085
0.405435,372.09,9.92366e-006,-2.42705,-0.382916,-5.36594,3.17643
0.405435,372.09,1.00763e-005,-2.53298,-0.423577,-5.3265,3.05951
0.405435,372.09,1.0229e-005,-2.62892,-0.463766,-5.26485,2.93017
0.405435,372.09,1.03817e-005,-2.71448,-0.503315,-5.18089,2.78857
0.405435,372.09,1.05344e-005,-2.78933,-0.542052,-5.07458,2.63488
0.405435,372.09,1.0687e-005,-2.85317,-0.579808,-4.946,2.46937
0.405435,372.09,1.08397e-005,-2.90575,-0.616414,-4.79531,2.29233
0.405435,372.09,1.09924e-005,-2.94686,-0.651702,-4.62278,2.10411
0.405435,372.09,1.1145e-005,-2.97634,-0.685509,-4.42875,1.90512
0.405435,372.09,1.12977e-005,-2.99408,-0.717675,-4.21369,1.6958
0.405435,372.09,1.14504e-005,-3,-0.748042,-3.97813,1.47667
0.405435,372.09,1.16031e-005,-2.99408,-0.77646,-3.7227,1.24826
0.405435,372.09,1.17557e-005,-2.97634,-0.802782,-3.44814,1.01117
0.405435,372.09,1.19084e-005,-2.94686,-0.826867,-3.15525,0.766045
0.405435,372.09,1.20611e-005,-2.90575,-0.848584,-2.84493,0.513566
0.405435,372.09,1.22137e-005,-2.85317,-0.867807,-2.51815,0.254456
0.405435,372.09,1.23664e-005,-2.78933,-0.884417,-2.17598,-0.0105229
0.405435,372.09,1.25191e-005,-2.71448,-0.898307,-1.81954,-0.280574
0.405435,372.09,1.26718e-005,-2.62892,-0.909376,-1.45004,-0.554866
0.405435,372.09,1.28244e-005,-2.53298,-0.917534,-1.06874,-0.832538
0.405435,372.09,1.29771e-005,-2.42705,-0.922702,-0.676978,-1.1127
0.405435,372.09,1.31298e-005,-2.31154,-0.92481,-0.276136,-1.39444
0.405435,372.09,1.32824e-005,-2.18691,-0.9238,0.132347,-1.67683
0.405435,372.09,1.34351e-005,-2.05364,-0.919624,0.546986,-1.9589
0.405435,372.09,1.35878e-005,-1.91227,-0.912248,0.966256,-2.23971
0.405435,372.09,1.37405e-005,-1.76336,-0.901648,1.3886,-2.51825
0.405435,372.09,1.38931e-005,-1.60748,-0.887813,1.81242,-2.79357
0.405435,372.09,1.40458e-005,-1.44526,-0.870743,2.23612,-3.06465
0.405435,372.09,1.41985e-005,-1.27734,-0.850453,2.65806,-3.33053
0.405435,372.09,1.43511e-005,-1.10437,-0.826967,3.07661,-3.59021
0.405435,372.09,1.45038e-005,-0.927051,-0.800325,3.49013,-3.84272
0.405435,372.09,1.46565e-005,-0.74607,-0.770577,3.89698,-4.08709
0.405435,372.09,1.48092e-005,-0.562144,-0.737787,4.29553,-4.32238
0.405435,372.09,1.49618e-005,-0.376,-0.70203,4.68417,-4.54766
0.405435,372.09,1.51145e-005,-0.188372,-0.663394,5.06132,-4.76202
0.405435,372.09,1.52672e-005,-7.34764e-016,-0.621979,5.42542,-4.96459
0.405435,372.09,1.54198e-005,0.188372,-0.577895,5.77494,-5.1545
0.405435,372.09,1.55725e-005,0.376,-0.531266,6.1084,-5.33096
0.405435,372.09,1.57252e-005,0.562144,-0.482225,6.42437,-5.49318
0.405435,372.09,1.58779e-005,0.74607,-0.430916,6.72147,-5.64042
0.405435,372.09,1.60305e-005,0.927051,-0.377493,6.99839,-5.772
0.405435,372.09,1.61832e-005,1.10437,-0.32212,7.25387,-5.88727
0.405435,372.09,1.63359e-005,1.27734,-0.26497,7.48672,-5.98562
0.405435,372.09,1.64885e-005,1.44526,-0.206223,7.69585,-6.06653
0.405435,372.09,1.66412e-005,1.60748,-0.146068,7.88023,-6.1295
0.405435,372.09,1.67939e-005,1.76336,-0.0847024,8.03892,-6.1741
0.405435,372.09,1.69466e-005,1.91227,-0.0223278,8.17107,-6.19996
0.405435,372.09,1.70992e-005,2.05364,0.0408472,8.27593,-6.20678
0.405435,372.09,1.72519e-005,2.18691,0.104609,8.35284,-6.19431
0.405435,372.09,1.74046e-005,2.31154,0.168741,8.40124,-6.16237
0.405435,372.09,1.75573e-005,2.42705,0.233021,8.42068,-6.11084
0.405435,372.09,1.77099e-005,2.53298,0.297226,8.4108,-6.03969
0.405435,372.09,1.78626e-005,2.62892,0.361129,8.37139,-5.94893
0.405435,372.09,1.80153e-005,2.71448,0.424505,8.30229,-5.83867
0.405435,372.09,1.81679e-005,2.78933,0.487128,8.20349,-5.70905
0.405435,372.09,1.83206e-005,2.85317,0.548769,8.07509,-5.56031
0.405435,372.09,1.84733e-005,2.90575,0.609207,7.91729,-5.39274
0.405435,372.09,1.8626e-005,2.94686,0.668217,7.7304,-5.20672
0.405435,372.09,1.87786e-005,2.97634,0.725583,7.51485,-5.00269
0.405435,372.09,1.89313e-005,2.99408,0.781088,7.27119,-4.78114
0.405435,372.09,1.9084e-005,3,0.834523,7.00005,-4.54264
0.405435,372.09,1.92366e-005,2.99408,0.885685,6.70219,-4.28782
0.405435,372.09,1.93893e-005,2.97634,0.934376,6.37848,-4.01738
0.405435,372.09,1.9542e-005,2.94686,0.980405,6.02987,-3.73208
0.405435,372.09,1.96947e-005,2.90575,1.02359,5.65742,-3.43272
0.405435,372.09,1.98473e-005,2.85317,1.06376,5.26229,-3.12017
0.405435,372.09,2e-005,2.78933,1.10075,4.84574,-2.79536
0.405435,372.09,2.01527e-005,2.71448,1.13441,4.40908,-2.45925
0.405435,372.09,2.03053e-005,2.62892,1.16459,3.95376,-2.11286
0.405435,372.09,2.0458e-005,2.53298,1.19117,3.48126,-1.75726
0.405435,372.09,2.06107e-005,2.42705,1.21401,2.99315,-1.39355
0.405435,372.09,2.07634e-005,2.31154,1.23303,2.49108,-1.02286
0.405435,372.09,2.0916e-005,2.18691,1.24812,1.97673,-0.64636
0.405435,372.09,2.10687e-005,2.05364,1.2592,1.45188,-0.265255
0.405435,372.09,2.12214e-005,1.91227,1.26621,0.918325,0.119234
0.405435,372.09,2.1374e-005,1.76336,1.2691,0.377909,0.505864
0.405435,372.09,2.15267e-005,1.60748,1.26782,-0.167481,0.893374
0.405435,372.09,2.16794e-005,1.44526,1.26235,-0.715932,1.28049
0.405435,372.09,2.18321e-005,1.27734,1.25269,-1.26551,1.66595
0.405435,372.09,2.19847e-005,1.10437,1.23884,-1.81427,2.04845
0.405435,372.09,2.21374e-005,0.927051,1.22083,-2.36024,2.42672
0.405435,372.09,2.22901e-005,0.74607,1.19868,-2.90148,2.79949
0.405435,372.09,2.24427e-005,0.562144,1.17245,-3.43603,3.1655
0.405435,372.09,2.25954e-005,0.376,1.1422,-3.96195,3.5235
0.405435,372.09,2.27481e-005,0.188372,1.10803,-4.47733,3.87227
0.405435,372.09,2.29008e-005,1.10215e-015,1.07001,-4.98029,4.21059
0.405435,372.09,2.30534e-005,-0.188372,1.02826,-5.46898,4.53731
0.405435,372.09,2.32061e-005,-0.376,0.982906,-5.94158,4.85129
0.405435,372.09,2.33588e-005,-0.562144,0.934079,-6.39634,5.15141
0.405435,372.09,2.35115e-005,-0.74607,0.88193,-6.83156,5.43663
0.405435,372.09,2.36641e-005,-0.927051,0.82662,-7.24561,5.70592
0.405435,372.09,2.38168e-005,-1.10437,0.768323,-7.63691,5.95832
0.405435,372.09,2.39695e-005,-1.27734,0.707223,-8.00398,6.19292
0.405435,372.09,2.41221e-005,-1.44526,0.643518,-8.34541,6.40887
0.405435,372.09,2.42748e-005,-1.60748,0.577412,-8.65987,6.60536
0.405435,372.09,2.44275e-005,-1.76336,0.509121,-8.94613,6.78167
0.405435,372.09,2.45802e-005,-1.91227,0.438869,-9.20307,6.93713
0.405435,372.09,2.47328e-005,-2.05364,0.366887,-9.42964,7.07113
0.405435,372.09,2.48855e-005,-2.18691,0.293414,-9.62493,7.18316
0.405435,372.09,2.50382e-005,-2.31154,0.218696,-9.78812,7.27275
0.405435,372.09,2.51908e-005,-2.42705,0.142982,-9.9185,7.33953
0.405435,372.09,2.53435e-005,-2.53298,0.0665277,-10.0155,7.38319
0.405435,372.09,2.54962e-005,-2.62892,-0.0104085,-10.0786,7.4035
0.405435,372.09,2.56489e-005,-2.71448,-0.0875656,-10.1076,7.40033
0.405435,372.09,2.58015e-005,-2.78933,-0.164681,-10.1021,7.37359
0.405435,372.09,2.59542e-005,-2.85317,-0.24149,-10.0621,7.3233
0.405435,372.09,2.61069e-005,-2.90575,-0.317731,-9.98756,7.24957
0.405435,372.09,2.62595e-005,-2.94686,-0.393141,-9.8787,7.15255
0.405435,372.09,2.64122e-005,-2.97634,-0.46746,-9.73575,7.03251
0.405435,372.09,2.65649e-005,-2.99408,-0.54043,-9.55913,6.88977
0.405435,372.09,2.67176e-005,-3,-0.611799,-9.34934,6.72475
0.405435,372.09,2.68702e-005,-2.99408,-0.681319,-9.10703,6.53794
0.405435,372.09,2.70229e-005,-2.97634,-0.748746,-8.83297,6.32991
0.405435,372.09,2.71756e-005,-2.94686,-0.813845,-8.52802,6.10128
0.405435,372.09,2.73282e-005,-2.90575,-0.876389,-8.19319,5.85278
0.405435,372.09,2.74809e-005,-2.85317,-0.936156,-7.82956,5.58518
0.405435,372.09,2.76336e-005,-2.78933,-0.992938,-7.43835,5.29933
0.405435,372.09,2.77863e-005,-2.71448,-1.04653,-7.02087,4.99614
0.405435,372.09,2.79389e-005,-2.62892,-1.09675,-6.57853,4.67659
0.405435,372.09,2.80916e-005,-2.53298,-1.14341,-6.11283,4.34171
0.405435,372.09,2.82443e-005,-2.42705,-1.18635,-5.62534,3.99257
0.405435,372.09,2.83969e-005,-2.31154,-1.22542,-5.11776,3.63033
0.405435,372.09,2.85496e-005,-2.18691,-1.26047,-4.59181,3.25615
0.405435,372.09,2.87023e-005,-2.05364,-1.29138,-4.04932,2.87128
0.405435,372.09,2.8855e-005,-1.91227,-1.31804,-3.49216,2.47696
0.405435,372.09,2.90076e-005,-1.76336,-1.34035,-2.92227,2.0745
0.405435,372.09,2.91603e-005,-1.60748,-1.35822,-2.34164,1.66524
0.405435,372.09,2.9313e-005,-1.44526,-1.3716,-1.75227,1.25051
0.405435,372.09,2.94656e-005,-1.27734,-1.38043,-1.15625,0.831703
0.405435,372.09,2.96183e-005,-1.10437,-1.38467,-0.55565,0.410199
0.405435,372.09,2.9771e-005,-0.927051,-1.38431,0.0474189,-0.012601
0.405435,372.09,2.99237e-005,-0.74607,-1.37934,0.650838,-0.43529
0.405435,372.09,3.00763e-005,-0.562144,-1.36978,1.25248,-0.856462
0.405435,372.09,3.0229e-005,-0.376,-1.35565,1.85024,-1.27471
0.405435,372.09,3.03817e-005,-0.188372,-1.33701,2.442,-1.68865
0.405435,372.09,3.05344e-005,-1.46953e-015,-1.31392,3.02567,-2.0969
0.405435,372.09,3.0687e-005,0.188372,-1.28644,3.59919,-2.4981
0.405435,372.09,3.08397e-005,0.376,-1.25468,4.16054,-2.8909
0.405435,372.09,3.09924e-005,0.562144,-1.21874,4.70773,-3.27401
0.405435,372.09,3.1145e-005,0.74607,-1.17875,5.23883,-3.64615
0.405435,372.09,3.12977e-005,0.927051,-1.13484,5.75195,-4.00607
0.405435,372.09,3.14504e-005,1.10437,-1.08717,6.24529,-4.35259
0.405435,372.09,3.16031e-005,1.27734,-1.0359,6.7171,-4.68455
0.405435,372.09,3.17557e-005,1.44526,-0.981195,7.16571,-5.00086
0.405435,372.09,3.19084e-005,1.60748,-0.92326,7.58953,-5.30046
0.405435,372.09,3.20611e-005,1.76336,-0.86229,7.98707,-5.58237
0.405435,372.09,3.22137e-005,1.91227,-0.798497,8.35693,-5.84566
0.405435,372.09,3.23664e-005,2.05364,-0.732101,8.6978,-6.08948
0.405435,372.09,3.25191e-005,2.18691,-0.663334,9.00849,-6.31302
0.405435,372.09,3.26718e-005,2.31154,-0.592434,9.28789,-6.51557
0.405435,372.09,3.28244e-005,2.42705,-0.519647,9.53505,-6.69646
0.405435,372.09,3.29771e-005,2.53298,-0.445227,9.74909,-6.85513
0.405435,372.09,3.31298e-005,2.62892,-0.369431,9.92928,-6.99108
0.405435,372.09,3.32824e-005,2.71448,-0.292523,10.075,-7.10388
0.405435,372.09,3.34351e-005,2.78933,-0.214769,10.1857,-7.1932
0.405435,372.09,3.35878e-005,2.85317,-0.13644,10.2611,-7.25878
0.405435,372.09,3.37405e-005,2.90575,-0.0578062,10.301,-7.30044
0.405435,372.09,3.38931e-005,2.94686,0.0208588,10.3051,-7.31809
0.405435,372.09,3.40458e-005,2.97634,0.099283,10.2736,-7.31172
0.405435,372.09,3.41985e-005,2.99408,0.177195,10.2065,-7.28141
0.405435,372.09,3.43511e-005,3,0.254327,10.1042,-7.2273
0.405435,372.09,3.45038e-005,2.99408,0.330411,9.96706,-7.14965
0.405435,372.09,3.46565e-005,2.97634,0.405187,9.79558,-7.04876
0.405435,372.09,3.48092e-005,2.94686,0.478396,9.59043,-6.92504
0.405435,372.09,3.49618e-005,2.90575,0.549788,9.35239,-6.77896
0.405435,372.09,3.51145e-005,2.85317,0.619119,9.08234,-6.61109
0.405435,372.09,3.52672e-005,2.78933,0.686152,8.7813,-6.42204
0.405435,372.09,3.54198e-005,2.71448,0.750659,8.45037,-6.21253
0.405435,372.09,3.55725e-005,2.62892,0.81242,8.09079,-5.98332
0.405435,372.09,3.57252e-005,2.53298,0.871229,7.70389,-5.73525
0.405435,372.09,3.58779e-005,2.42705,0.926886,7.29108,-5.46923
0.405435,372.09,3.60305e-005,2.31154,0.979205,6.85388,-5.18621
0.405435,372.09,3.61832e-005,2.18691,1.02801,6.39391,-4.88722
0.405435,372.09,3.63359e-005,2.05364,1.07315,5.91285,-4.57332
0.405435,372.09,3.64885e-005,1.91227,1.11447,5.41244,-4.24564
0.405435,372.09,3.66412e-005,1.76336,1.15183,4.89453,-3.90535
0.405435,372.09,3.67939e-005,1.60748,1.18512,4.361,-3.55364
0.405435,372.09,3.69466e-005,1.44526,1.21423,3.81378,-3.19177
0.405435,372.09,3.70992e-005,1.27734,1.23908,3.25488,-2.82102
0.405435,372.09,3.72519e-005,1.10437,1.25958,2.68631,-2.44267
0.405435,372.09,3.74046e-005,0.927051,1.27569,2.11014,-2.05807
0.405435,372.09,3.75573e-005,0.74607,1.28736,1.52844,-1.66854
0.405435,372.09,3.77099e-005,0.562144,1.29456,0.943324,-1.27545
0.405435,372.09,3.78626e-005,0.376,1.29729,0.356892,-0.880168
0.405435,372.09,3.80153e-005,0.188372,1.29554,-0.228747,-0.48405
0.405435,372.09,3.81679e-005,7.16598e-015,1.28934,-0.81149,-0.0884652
0.405435,372.09,3.83206e-005,-0.188372,1.27874,-1.38925,0.305228
0.405435,372.09,3.84733e-005,-0.376,1.26378,-1.95997,0.695683
0.405435,372.09,3.8626e-005,-0.562144,1.24453,-2.52161,1.08157
0.405435,372.09,3.87786e-005,-0.74607,1.22108,-3.07217,1.46158
0.405435,372.09,3.89313e-005,-0.927051,1.19352,-3.60971,1.83443
0.405435,372.09,3.9084e-005,-1.10437,1.16198,-4.13232,2.19886
0.405435,372.09,3.92366e-005,-1.27734,1.12657,-4.63818,2.55366
0.405435,372.09,3.93893e-005,-1.44526,1.08745,-5.1255,2.89765
0.405435,372.09,3.9542e-005,-1.60748,1.04475,-5.59258,3.2297
0.405435,372.09,3.96947e-005,-1.76336,0.998665,-6.03781,3.54871
0.405435,372.09,3.98473e-005,-1.91227,0.949355,-6.45965,3.85364
0.405435,372.09,4e-005,-2.05364,0.897014,-6.85664,4.14352
0.405435,372.09,4.01527e-005,-2.18691,0.841842,-7.22744,4.41742
0.405435,372.09,4.03053e-005,-2.31154,0.78405,-7.5708,4.67447
0.405435,372.09,4.0458e-005,-2.42705,0.723855,-7.88557,4.91388
0.405435,372.09,4.06107e-005,-2.53298,0.661483,-8.17072,5.1349
0.405435,372.09,4.07634e-005,-2.62892,0.597168,-8.4253,5.33688
0.405435,372.09,4.0916e-005,-2.71448,0.531148,-8.64853,5.51922
0.405435,372.09,4.10687e-005,-2.78933,0.46367,-8.8397,5.6814
0.405435,372.09,4.12214e-005,-2.85317,0.394981,-8.99824,5.82298
0.405435,372.09,4.1374e-005,-2.90575,0.325334,-9.12371,5.94359
0.405435,372.09,4.15267e-005,-2.94686,0.254985,-9.21578,6.04293
0.405435,372.09,4.16794e-005,-2.97634,0.184189,-9.27426,6.12078
0.405435,372.09,4.18321e-005,-2.99408,0.113204,-9.29905,6.17703
0.405435,372.09,4.19847e-005,-3,0.0422859,-9.29023,6.21159
0.405435,372.09,4.21374e-005,-2.99408,-0.0283092,-9.24796,6.2245
0.405435,372.09,4.22901e-005,-2.97634,-0.0983286,-9.17254,6.21586
0.405435,372.09,4.24427e-005,-2.94686,-0.167522,-9.06439,6.18584
0.405435,372.09,4.25954e-005,-2.90575,-0.235645,-8.92406,6.13468
0.405435,372.09,4.27481e-005,-2.85317,-0.302456,-8.75221,6.06273
0.405435,372.09,4.29008e-005,-2.78933,-0.36772,-8.5496,5.97038
0.405435,372.09,4.30534e-005,-2.71448,-0.43121,-8.31714,5.8581
0.405435,372.09,4.32061e-005,-2.62892,-0.492704,-8.05581,5.72643
0.405435,372.09,4.33588e-005,-2.53298,-0.551992,-7.76671,5.57599
0.405435,372.09,4.35115e-005,-2.42705,-0.60887,-7.45104,5.40744
0.405435,372.09,4.36641e-005,-2.31154,-0.663146,-7.11011,5.22152
0.405435,372.09,4.38168e-005,-2.18691,-0.714637,-6.74528,5.01904
0.405435,372.09,4.39695e-005,-2.05364,-0.763171,-6.35804,4.80083
0.405435,372.09,4.41221e-005,-1.91227,-0.808591,-5.94993,4.5678
0.405435,372.09,4.42748e-005,-1.76336,-0.850748,-5.52256,4.3209
0.405435,372.09,4.44275e-005,-1.60748,-0.889508,-5.07763,4.06113
0.405435,372.09,4.45802e-005,-1.44526,-0.924752,-4.61688,3.78952
0.405435,372.09,4.47328e-005,-1.27734,-0.956371,-4.14211,3.50716
0.405435,372.09,4.48855e-005,-1.10437,-0.984273,-3.65516,3.21514
0.405435,372.09,4.50382e-005,-0.927051,-1.00838,-3.15791,2.91459
0.405435,372.09,4.51908e-005,-0.74607,-1.02863,-2.65229,2.60669
0.405435,372.09,4.53435e-005,-0.562144,-1.04496,-2.14021,2.29261
0.405435,372.09,4.54962e-005,-0.376,-1.05736,-1.62365,1.97354
0.405435,372.09,4.56489e-005,-0.188372,-1.06579,-1.10455,1.65068
0.405435,372.09,4.58015e-005,-2.20429e-015,-1.07025,-0.58489,1.32525
0.405435,372.09,4.59542e-005,0.188372,-1.07076,-0.0666217,0.998452
0.405435,372.09,4.61069e-005,0.376,-1.06734,0.44831,0.671502
0.405435,372.09,4.62595e-005,0.562144,-1.06003,0.957982,0.345596
0.405435,372.09,4.64122e-005,0.74607,-1.04888,1.4605,0.0219239
0.405435,372.09,4.65649e-005,0.927051,-1.03396,1.95401,-0.298344
0.405435,372.09,4.67176e-005,1.10437,-1.01536,2.43668,-0.614058
0.405435,372.09,4.68702e-005,1.27734,-0.993173,2.90676,-0.924092
0.405435,372.09,4.70229e-005,1.44526,-0.967504,3.36253,-1.22735
0.405435,372.09,4.71756e-005,1.60748,-0.938479,3.80234,-1.52277
0.405435,372.09,4.73282e-005,1.76336,-0.90623,4.22461,-1.80933
0.405435,372.09,4.74809e-005,1.91227,-0.870903,4.62783,-2.08604
0.405435,372.09,4.76336e-005,2.05364,-0.832654,5.01059,-2.35197
0.405435,372.09,4.77863e-005,2.18691,-0.79165,5.37153,-2.60621
0.405435,372.09,4.79389e-005,2.31154,-0.748067,5.7094,-2.84794
0.405435,372.09,4.80916e-005,2.42705,-0.70209,6.02306,-3.07635
0.405435,372.09,4.82443e-005,2.53298,-0.653911,6.31143,-3.29073
0.405435,372.09,4.83969e-005,2.62892,-0.603731,6.57356,-3.4904
0.405435,372.09,4.85496e-005,2.71448,-0.551757,6.80861,-3.67475
0.405435,372.09,4.87023e-005,2.78933,-0.498201,7.01583,-3.84322
0.405435,372.09,4.8855e-005,2.85317,-0.44328,7.19459,-3.99534
0.405435,372.09,4.90076e-005,2.90575,-0.387216,7.34437,-4.1307
0.405435,372.09,4.91603e-005,2.94686,-0.330233,7.46477,-4.24893
0.405435,372.09,4.9313e-005,2.97634,-0.272558,7.55551,-4.34976
0.405435,372.09,4.94656e-005,2.99408,-0.214417,7.6164,-4.43299
0.405435,372.09,4.96183e-005,3,-0.15604,7.64741,-4.49846
0.405435,372.09,4.9771e-005,2.99408,-0.0976539,7.64858,-4.54611
0.405435,372.09,4.99237e-005,2.97634,-0.0394852,7.6201,-4.57592
0.405435,372.09,5.00763e-005,2.94686,0.0182421,7.56227,-4.58798
0.405435,372.09,5.0229e-005,2.90575,0.0753069,7.47549,-4.58241
0.405435,372.09,5.03817e-005,2.85317,0.131492,7.36027,-4.55942
0.405435,372.09,5.05344e-005,2.78933,0.186586,7.21725,-4.51926
0.405435,372.09,5.0687e-005,2.71448,0.240381,7.04716,-4.46229
0.405435,372.09,5.08397e-005,2.62892,0.292677,6.85083,-4.38889
0.405435,372.09,5.09924e-005,2.53298,0.343282,6.6292,-4.29953
0.405435,372.09,5.1145e-005,2.42705,0.392009,6.3833,-4.19471
0.405435,372.09,5.12977e-005,2.31154,0.438683,6.11424,-4.07501
0.405435,372.09,5.14504e-005,2.18691,0.483135,5.82323,-3.94106
0.405435,372.09,5.16031e-005,2.05364,0.525208,5.51157,-3.79354
0.405435,372.09,5.17557e-005,1.91227,0.564755,5.1806,-3.63317
0.405435,372.09,5.19084e-005,1.76336,0.601638,4.83177,-3.46073
0.405435,372.09,5.20611e-005,1.60748,0.635734,4.46657,-3.27702
0.405435,372.09,5.22137e-005,1.44526,0.666929,4.08655,-3.0829
0.405435,372.09,5.23664e-005,1.27734,0.695123,3.69331,-2.87926
0.405435,372.09,5.25191e-005,1.10437,0.720226,3.28851,-2.66701
0.405435,372.09,5.26718e-005,0.927051,0.742163,2.87383,-2.44709
0.405435,372.09,5.28244e-005,0.74607,0.760873,2.451,-2.22048
0.405435,372.09,5.29771e-005,0.562144,0.776306,2.02175,-1.98815
0.405435,372.09,5.31298e-005,0.376,0.788427,1.58784,-1.75111
0.405435,372.09,5.32824e-005,0.188372,0.797214,1.15105,-1.51037
0.405435,372.09,5.34351e-005,1.32298e-014,0.802658,0.713155,-1.26694
0.405435,372.09,5.35878e-005,-0.188372,0.804764,0.275915,-1.02186
0.405435,372.09,5.37405e-005,-0.376,0.803551,-0.158906,-0.776128
0.405435,372.09,5.38931e-005,-0.562144,0.799051,-0.589567,-0.530769
0.405435,372.09,5.40458e-005,-0.74607,0.791308,-1.01435,-0.286784
0.405435,372.09,5.41985e-005,-0.927051,0.780379,-1.43157,-0.0451638
0.405435,372.09,5.43511e-005,-1.10437,0.766337,-1.83959,0.19312
0.405435,372.09,5.45038e-005,-1.27734,0.749262,-2.23679,0.427116
0.405435,372.09,5.46565e-005,-1.44526,0.72925,-2.62164,0.655898
0.405435,372.09,5.48092e-005,-1.60748,0.706405,-2.99263,0.87857
0.405435,372.09,5.49618e-005,-1.76336,0.680845,-3.34833,1.09427
0.405435,372.09,5.51145e-005,-1.91227,0.652697,-3.68738,1.30216
0.405435,372.09,5.52672e-005,-2.05364,0.622098,-4.0085,1.50145
0.405435,372.09,5.54198e-005,-2.18691,0.589194,-4.31046,1.69141
0.405435,372.09,5.55725e-005,-2.31154,0.554139,-4.59214,1.87131
0.405435,372.09,5.57252e-005,-2.42705,0.517097,-4.85251,2.04052
0.405435,372.09,5.58779e-005,-2.53298,0.478238,-5.0906,2.19841
0.405435,372.09,5.60305e-005,-2.62892,0.437737,-5.30557,2.34444
0.405435,372.09,5.61832e-005,-2.71448,0.395778,-5.49666,2.4781
0.405435,372.09,5.63359e-005,-2.78933,0.352547,-5.6632,2.59895
0.405435,372.09,5.64885e-005,-2.85317,0.308237,-5.80466,2.70659
0.405435,372.09,5.66412e-005,-2.90575,0.263042,-5.92058,2.80071
0.405435,372.09,5.67939e-005,-2.94686,0.217159,-6.01062,2.88103
0.405435,372.09,5.69466e-005,-2.97634,0.170789,-6.07453,2.94734
0.405435,372.09,5.70992e-005,-2.99408,0.124131,-6.11221,2.99949
0.405435,372.09,5.72519e-005,-3,0.0773855,-6.12362,3.03739
0.405435,372.09,5.74046e-005,-2.99408,0.030753,-6.10886,3.06102
0.405435,372.09,5.75573e-005,-2.97634,-0.0155685,-6.06812,3.07041
0.405435,372.09,5.77099e-005,-2.94686,-0.061383,-6.0017,3.06566
0.405435,372.09,5.78626e-005,-2.90575,-0.106498,-5.91002,3.04691
0.405435,372.09,5.80153e-005,-2.85317,-0.150723,-5.79358,3.01439
0.405435,372.09,5.81679e-005,-2.78933,-0.193876,-5.653,2.96837
0.405435,372.09,5.83206e-005,-2.71448,-0.235777,-5.48898,2.90917
0.405435,372.09,5.84733e-005,-2.62892,-0.276252,-5.30232,2.83718
0.405435,372.09,5.8626e-005,-2.53298,-0.315137,-5.09391,2.75283
0.405435,372.09,5.87786e-005,-2.42705,-0.352273,-4.86474,2.6566
0.405435,372.09,5.89313e-005,-2.31154,-0.387508,-4.61587,2.54904
0.405435,372.09,5.9084e-005,-2.18691,-0.420702,-4.34844,2.43072
0.405435,372.09,5.92366e-005,-2.05364,-0.451723,-4.06365,2.30226
0.405435,372.09,5.93893e-005,-1.91227,-0.480446,-3.76281,2.16433
0.405435,372.09,5.9542e-005,-1.76336,-0.506761,-3.44724,2.01762
0.405435,372.09,5.96947e-005,-1.60748,-0.530565,-3.11834,1.86289
0.405435,372.09,5.98473e-005,-1.44526,-0.551768,-2.77758,1.70088
0.405435,372.09,6e-005,-1.27734,-0.570291,-2.42645,1.53241
0.405435,372.09,6.01527e-005,-1.10437,-0.586066,-2.06649,1.35827
0.405435,372.09,6.03053e-005,-0.927051,-0.599037,-1.69926,1.17932
0.405435,372.09,6.0458e-005,-0.74607,-0.609162,-1.32635,0.996407
0.405435,372.09,6.06107e-005,-0.562144,-0.616409,-0.949389,0.810403
0.405435,372.09,6.07634e-005,-0.376,-0.62076,-0.569994,0.622187
0.405435,372.09,6.0916e-005,-0.188372,-0.622209,-0.189798,0.432642
0.405435,372.09,6.10687e-005,-2.93906e-015,-0.620762,0.189567,0.242654
0.405435,372.09,6.12214e-005,0.188372,-0.616438,0.566479,0.0531087
0.405435,372.09,6.1374e-005,0.376,-0.609267,0.939329,-0.135117
0.405435,372.09,6.15267e-005,0.562144,-0.599294,1.30653,-0.321152
0.405435,372.09,6.16794e-005,0.74607,-0.586572,1.66652,-0.504143
0.405435,372.09,6.18321e-005,0.927051,-0.571169,2.01777,-0.683249
0.405435,372.09,6.19847e-005,1.10437,-0.553163,2.35879,-0.857652
0.405435,372.09,6.21374e-005,1.27734,-0.532643,2.68815,-1.02656
0.405435,372.09,6.22901e-005,1.44526,-0.509708,3.00446,-1.1892
0.405435,372.09,6.24427e-005,1.60748,-0.484469,3.30638,-1.34483
0.405435,372.09,6.25954e-005,1.76336,-0.457044,3.59266,-1.49276
0.405435,372.09,6.27481e-005,1.91227,-0.427562,3.86208,-1.63232
0.405435,372.09,6.29008e-005,2.05364,-0.396161,4.11352,-1.76287
0.405435,372.09,6.30534e-005,2.18691,-0.362986,4.34594,-1.88384
0.405435,372.09,6.32061e-005,2.31154,-0.32819,4.55836,-1.99467
0.405435,372.09,6.33588e-005,2.42705,-0.291931,4.74991,-2.09488
0.405435,372.09,6.35115e-005,2.53298,-0.254375,4.9198,-2.18402
0.405435,372.09,6.36641e-005,2.62892,-0.215693,5.06732,-2.26169
0.405435,372.09,6.38168e-005,2.71448,-0.176061,5.19187,-2.32755
0.405435,372.09,6.39695e-005,2.78933,-0.135657,5.29294,-2.38131
0.405435,372.09,6.41221e-005,2.85317,-0.0946632,5.37014,-2.42273
0.405435,372.09,6.42748e-005,2.90575,-0.0532652,5.42315,-2.45164
0.405435,372.09,6.44275e-005,2.94686,-0.0116486,5.45177,-2.4679
0.405435,372.09,6.45802e-005,2.97634,0.0299994,5.4559,-2.47146
0.405435,372.09,6.47328e-005,2.99408,0.0714921,5.43554,-2.4623
0.405435,372.09,6.48855e-005,3,0.112643,5.39081,-2.44047
0.405435,372.09,6.50382e-005,2.99408,0.153269,5.32191,-2.40608
0.405435,372.09,6.51908e-005,2.97634,0.193186,5.22915,-2.35928
0.405435,372.09,6.53435e-005,2.94686,0.232216,5.11295,-2.30029
0.405435,372.09,6.54962e-005,2.90575,0.270184,4.97382,-2.22938
0.405435,372.09,6.56489e-005,2.85317,0.30692,4.81237,-2.14688
0.405435,372.09,6.58015e-005,2.78933,0.342258,4.62929,-2.05317
0.405435,372.09,6.59542e-005,2.71448,0.376039,4.42539,-1.94866
0.405435,372.09,6.61069e-005,2.62892,0.408112,4.20154,-1.83384
0.405435,372.09,6.62595e-005,2.53298,0.438331,3.95871,-1.70923
0.405435,372.09,6.64122e-005,2.42705,0.46656,3.69794,-1.57538
0.405435,372.09,6.65649e-005,2.31154,0.49267,3.42036,-1.43292
0.405435,372.09,6.67176e-005,2.18691,0.516541,3.12716,-1.28249
0.405435,372.09,6.68702e-005,2.05364,0.538065,2.81959,-1.12477
0.405435,372.09,6.70229e-005,1.91227,0.557141,2.49897,-0.960472
0.405435,372.09,6.71756e-005,1.76336,0.57368,2.16669,-0.790353
0.405435,372.09,6.73282e-005,1.60748,0.587605,1.82415,-0.615183
0.405435,372.09,6.74809e-005,1.44526,0.598848,1.47284,-0.435762
0.405435,372.09,6.76336e-005,1.27734,0.607354,1.11425,-0.252907
0.405435,372.09,6.77863e-005,1.10437,0.613079,0.749927,-0.0674558
0.405435,372.09,6.79389e-005,0.927051,0.61599,0.381428,0.119744
0.405435,372.09,6.80916e-005,0.74607,0.616069,0.0103356,0.307832
0.405435,372.09,6.82443e-005,0.562144,0.613308,-0.361758,0.495945
0.405435,372.09,6.83969e-005,0.376,0.60771,-0.733253,0.683215
0.405435,372.09,6.85496e-005,0.188372,0.599294,-1.10255,0.868775
0.405435,372.09,6.87023e-005,1.39646e-014,0.588087,-1.46807,1.05177
0.405435,372.09,6.8855e-005,-0.188372,0.574131,-1.82822,1.23133
0.405435,372.09,6.90076e-005,-0.376,0.557479,-2.18147,1.40664
0.405435,372.09,6.91603e-005,-0.562144,0.538194,-2.52626,1.57686
0.405435,372.09,6.9313e-005,-0.74607,0.516354,-2.86113,1.7412
0.405435,372.09,6.94656e-005,-0.927051,0.492044,-3.1846,1.89886
0.405435,372.09,6.96183e-005,-1.10437,0.465362,-3.49528,2.04911
0.405435,372.09,6.9771e-005,-1.27734,0.436417,-3.79181,2.1912
0.405435,372.09,6.99237e-005,-1.44526,0.405327,-4.07288,2.32446
0.405435,372.09,7.00763e-005,-1.60748,0.372218,-4.33727,2.44822
0.405435,372.09,7.0229e-005,-1.76336,0.337227,-4.5838,2.56188
0.405435,372.09,7.03817e-005,-1.91227,0.300499,-4.81138,2.66485
0.405435,372.09,7.05344e-005,-2.05364,0.262186,-5.01899,2.7566
0.405435,372.09,7.0687e-005,-2.18691,0.222448,-5.20569,2.83666
0.405435,372.09,7.08397e-005,-2.31154,0.18145,-5.37065,2.90458
0.405435,372.09,7.09924e-005,-2.42705,0.139366,-5.51308,2.95999
0.405435,372.09,7.1145e-005,-2.53298,0.0963709,-5.63234,3.00254
0.405435,372.09,7.12977e-005,-2.62892,0.052647,-5.72783,3.03197
0.405435,372.09,7.14504e-005,-2.71448,0.00837914,-5.7991,3.04804
0.405435,372.09,7.16031e-005,-2.78933,-0.0362449,-5.84575,3.0506
0.405435,372.09,7.17557e-005,-2.85317,-0.0810352,-5.86753,3.03953
0.405435,372.09,7.19084e-005,-2.90575,-0.1258,-5.86425,3.01479
0.405435,372.09,7.20611e-005,-2.94686,-0.170349,-5.83585,2.97638
0.405435,372.09,7.22137e-005,-2.97634,-0.214489,-5.78237,2.92436
0.405435,372.09,7.23664e-005,-2.99408,-0.258031,-5.70395,2.85887
0.405435,372.09,7.25191e-005,-3,-0.300785,-5.60084,2.78008
0.405435,372.09,7.26718e-005,-2.99408,-0.342567,-5.47338,2.68824
0.405435,372.09,7.28244e-005,-2.97634,-0.383193,-5.32202,2.58364
0.405435,372.09,7.29771e-005,-2.94686,-0.422485,-5.14731,2.46663
0.405435,372.09,7.31298e-005,-2.90575,-0.460271,-4.9499,2.33763
0.405435,372.09,7.32824e-005,-2.85317,-0.496382,-4.73053,2.19709
0.405435,372.09,7.34351e-005,-2.78933,-0.530657,-4.49004,2.04552
0.405435,372.09,7.35878e-005,-2.71448,-0.562942,-4.22935,1.88349
0.405435,372.09,7.37405e-005,-2.62892,-0.59309,-3.94947,1.7116
0.405435,372.09,7.38931e-005,-2.53298,-0.620964,-3.65149,1.5305
0.405435,372.09,7.40458e-005,-2.42705,-0.646435,-3.33659,1.3409
0.405435,372.09,7.41985e-005,-2.31154,-0.669381,-3.006,1.14351
0.405435,372.09,7.43511e-005,-2.18691,-0.689694,-2.66104,0.939119
0.405435,372.09,7.45038e-005,-2.05364,-0.707275,-2.30307,0.728526
0.405435,372.09,7.46565e-005,-1.91227,-0.722035,-1.93352,0.512564
0.405435,372.09,7.48092e-005,-1.76336,-0.733897,-1.55388,0.292095
0.405435,372.09,7.49618e-005,-1.60748,-0.742795,-1.16568,0.0680047
0.405435,372.09,7.51145e-005,-1.44526,-0.748676,-0.770471,-0.158803
0.405435,372.09,7.52672e-005,-1.27734,-0.7515,-0.369859,-0.387406
0.405435,372.09,7.54198e-005,-1.10437,-0.751236,0.0345323,-0.616872
0.405435,372.09,7.55725e-005,-0.927051,-0.747869,0.441057,-0.846257
0.405435,372.09,7.57252e-005,-0.74607,-0.741395,0.848056,-1.07461
0.405435,372.09,7.58779e-005,-0.562144,-0.731824,1.25387,-1.30099
0.405435,372.09,7.60305e-005,-0.376,-0.719177,1.65682,-1.52445
0.405435,372.09,7.61832e-005,-0.188372,-0.703488,2.05526,-1.74405
0.405435,372.09,7.63359e-005,-1.4332e-014,-0.684804,2.44754,-1.95885
0.405435,372.09,7.64885e-005,0.188372,-0.663186,2.83203,-2.16795
0.405435,372.09,7.66412e-005,0.376,-0.638704,3.20714,-2.37045
0.405435,372.09,7.67939e-005,0.562144,-0.611442,3.5713,-2.56548
0.405435,372.09,7.69466e-005,0.74607,-0.581495,3.92299,-2.75218
0.405435,372.09,7.70992e-005,0.927051,-0.548971,4.26072,-2.92973
0.405435,372.09,7.72519e-005,1.10437,-0.513985,4.58308,-3.09736
0.405435,372.09,7.74046e-005,1.27734,-0.476667,4.88868,-3.2543
0.405435,372.09,7.75573e-005,1.44526,-0.437154,5.17623,-3.39985
0.405435,372.09,7.77099e-005,1.60748,-0.395593,5.44448,-3.53333
0.405435,372.09,7.78626e-005,1.76336,-0.352141,5.69228,-3.65412
0.405435,372.09,7.80153e-005,1.91227,-0.306961,5.91853,-3.76164
0.405435,372.09,7.81679e-005,2.05364,-0.260226,6.12225,-3.85537
0.405435,372.09,7.83206e-005,2.18691,-0.212115,6.3025,-3.93483
0.405435,372.09,7.84733e-005,2.31154,-0.162814,6.45849,-3.9996
0.405435,372.09,7.8626e-005,2.42705,-0.112513,6.58946,-4.04931
0.405435,372.09,7.87786e-005,2.53298,-0.0614074,6.69481,-4.08367
0.405435,372.09,7.89313e-005,2.62892,-0.00969747,6.774,-4.10242
0.405435,372.09,7.9084e-005,2.71448,0.042414,6.8266,-4.10538
0.405435,372.09,7.92366e-005,2.78933,0.0947216,6.8523,-4.09243
0.405435,372.09,7.93893e-005,2.85317,0.147018,6.85088,-4.06351
0.405435,372.09,7.9542e-005,2.90575,0.199096,6.82224,-4.01862
0.405435,372.09,7.96947e-005,2.94686,0.250748,6.76638,-3.95782
0.405435,372.09,7.98473e-005,2.97634,0.301767,6.68342,-3.88126
0.405435,372.09,8e-005,2.99408,0.351947,6.57357,-3.78912
0.405435,372.09,8.01527e-005,3,0.401085,6.43717,-3.68165
0.405435,372.09,8.03053e-005,2.99408,0.448983,6.27465,-3.55918
0.405435,372.09,8.0458e-005,2.97634,0.495446,6.08654,-3.42209
0.405435,372.09,8.06107e-005,2.94686,0.540281,5.8735,-3.27081
0.405435,372.09,8.07634e-005,2.90575,0.583306,5.63627,-3.10584
0.405435,372.09,8.0916e-005,2.85317,0.624342,5.3757,-2.92773
0.405435,372.09,8.10687e-005,2.78933,0.663218,5.09271,-2.73709
0.405435,372.09,8.12214e-005,2.71448,0.69977,4.78835,-2.53458
0.405435,372.09,8.1374e-005,2.62892,0.733845,4.46373,-2.32091
0.405435,372.09,8.15267e-005,2.53298,0.765295,4.12005,-2.09683
0.405435,372.09,8.16794e-005,2.42705,0.793987,3.75859,-1.86316
0.405435,372.09,8.18321e-005,2.31154,0.819794,3.38071,-1.62072
0.405435,372.09,8.19847e-005,2.18691,0.842602,2.98783,-1.3704
0.405435,372.09,8.21374e-005,2.05364,0.862307,2.58144,-1.11312
0.405435,372.09,8.22901e-005,1.91227,0.878819,2.16308,-0.849815
0.405435,372.09,8.24427e-005,1.76336,0.892059,1.73435,-0.581473
0.405435,372.09,8.25954e-005,1.60748,0.901959,1.2969,-0.309089
0.405435,372.09,8.27481e-005,1.44526,0.908465,0.852392,-0.033682
0.405435,372.09,8.29008e-005,1.27734,0.911538,0.402554,0.243712
0.405435,372.09,8.30534e-005,1.10437,0.91115,-0.0508767,0.522044
0.405435,372.09,8.32061e-005,0.927051,0.907286,-0.506143,0.800258
0.405435,372.09,8.33588e-005,0.74607,0.899947,-0.961475,1.07729
0.405435,372.09,8.35115e-005,0.562144,0.889145,-1.41509,1.35208
0.405435,372.09,8.36641e-005,0.376,0.874906,-1.86523,1.62358
0.405435,372.09,8.38168e-005,0.188372,0.857272,-2.31011,1.89073
0.405435,372.09,8.39695e-005,1.46993e-014,0.836295,-2.748,2.15249
0.405435,372.09,8.41221e-005,-0.188372,0.812041,-3.17715,2.40785
0.405435,372.09,8.42748e-005,-0.376,0.784592,-3.59589,2.6558
0.405435,372.09,8.44275e-005,-0.562144,0.754038,-4.00253,2.89537
0.405435,372.09,8.45802e-005,-0.74607,0.720485,-4.39548,3.12561
0.405435,372.09,8.47328e-005,-0.927051,0.684049,-4.77314,3.3456
0.405435,372.09,8.48855e-005,-1.10437,0.644858,-5.13403,3.55447
0.405435,372.09,8.50382e-005,-1.27734,0.603051,-5.47667,3.75138
0.405435,372.09,8.51908e-005,-1.44526,0.558779,-5.79969,3.93551
0.405435,372.09,8.53435e-005,-1.60748,0.5122,-6.10177,4.10613
0.405435,372.09,8.54962e-005,-1.76336,0.463485,-6.38169,4.26253
0.405435,372.09,8.56489e-005,-1.91227,0.412811,-6.63829,4.40405
0.405435,372.09,8.58015e-005,-2.05364,0.360365,-6.87051,4.5301
0.405435,372.09,8.59542e-005,-2.18691,0.306339,-7.07737,4.64014
0.405435,372.09,8.61069e-005,-2.31154,0.250934,-7.25802,4.73368
0.405435,372.09,8.62595e-005,-2.42705,0.194357,-7.41166,4.8103
0.405435,372.09,8.64122e-005,-2.53298,0.136817,-7.53764,4.86964
0.405435,372.09,8.65649e-005,-2.62892,0.078532,-7.63538,4.91142
0.405435,372.09,8.67176e-005,-2.71448,0.0197195,-7.70443,4.9354
0.405435,372.09,8.68702e-005,-2.78933,-0.0393984,-7.74445,4.94142
0.405435,372.09,8.70229e-005,-2.85317,-0.0985983,-7.75519,4.92939
0.405435,372.09,8.71756e-005,-2.90575,-0.157656,-7.73654,4.89928
0.405435,372.09,8.73282e-005,-2.94686,-0.216347,-7.68849,4.85114
0.405435,372.09,8.74809e-005,-2.97634,-0.274447,-7.61114,4.78508
0.405435,372.09,8.76336e-005,-2.99408,-0.331735,-7.50472,4.70128
0.405435,372.09,8.77863e-005,-3,-0.387991,-7.36955,4.59999
0.405435,372.09,8.79389e-005,-2.99408,-0.442999,-7.20608,4.48152
0.405435,372.09,8.80916e-005,-2.97634,-0.496548,-7.01486,4.34625
0.405435,372.09,8.82443e-005,-2.94686,-0.54843,-6.79657,4.19463
0.405435,372.09,8.83969e-005,-2.90575,-0.598445,-6.55195,4.02718
0.405435,372.09,8.85496e-005,-2.85317,-0.646398,-6.2819,3.84444
0.405435,372.09,8.87023e-005,-2.78933,-0.692103,-5.98738,3.64707
0.405435,372.09,8.8855e-005,-2.71448,-0.735382,-5.66945,3.43574
0.405435,372.09,8.90076e-005,-2.62892,-0.776063,-5.32928,3.2112
0.405435,372.09,8.91603e-005,-2.53298,-0.813988,-4.96812,2.97423
0.405435,372.09,8.9313e-005,-2.42705,-0.849005,-4.58729,2.72569
0.405435,372.09,8.94656e-005,-2.31154,-0.880976,-4.18822,2.46645
0.405435,372.09,8.96183e-005,-2.18691,-0.909773,-3.77238,2.19745
0.405435,372.09,8.9771e-005,-2.05364,-0.935279,-3.34131,1.91965
0.405435,372.09,8.99237e-005,-1.91227,-0.957391,-2.89665,1.63407
0.405435,372.09,9.00763e-005,-1.76336,-0.976017,-2.44004,1.34174
0.405435,372.09,9.0229e-005,-1.60748,-0.99108,-1.9732,1.04372
0.405435,372.09,9.03817e-005,-1.44526,-1.00251,-1.4979,0.741098
0.405435,372.09,9.05344e-005,-1.27734,-1.01027,-1.01592,0.434987
0.405435,372.09,9.0687e-005,-1.10437,-1.01431,-0.529091,0.126508
0.405435,372.09,9.08397e-005,-0.927051,-1.01461,-0.0392502,-0.183205
0.405435,372.09,9.09924e-005,-0.74607,-1.01116,0.451743,-0.493009
0.405435,372.09,9.1145e-005,-0.562144,-1.00397,0.942025,-0.80176
0.405435,372.09,9.12977e-005,-0.376,-0.993055,1.42973,-1.10832
0.405435,372.09,9.14504e-005,-0.188372,-0.978452,1.913,-1.41154
0.405435,372.09,9.16031e-005,-4.40858e-015,-0.960207,2.38999,-1.7103
0.405435,372.09,0.000839847,0.188372,-0.838686,1.90793,-1.12684
0.405435,372.09,0.00084,0.376,-0.820812,2.34152,-1.38293
0.405435,372.09,0.000840153,0.562144,-0.799698,2.76588,-1.63356
0.405435,372.09,0.000840305,0.74607,-0.775429,3.17932,-1.87774
0.405435,372.09,0.000840458,0.927051,-0.748099,3.58022,-2.11451
0.405435,372.09,0.000840611,1.10437,-0.717816,3.96698,-2.34294
0.405435,372.09,0.000840763,1.27734,-0.684701,4.33809,-2.56212
0.405435,372.09,0.000840916,1.44526,-0.648884,4.69208,-2.77119
0.405435,372.09,0.000841069,1.60748,-0.610506,5.02755,-2.96932
0.405435,372.09,0.000841221,1.76336,-0.569718,5.34318,-3.15573
0.405435,372.09,0.000841374,1.91227,-0.526682,5.63772,-3.32969
0.405435,372.09,0.000841527,2.05364,-0.481567,5.91002,-3.49051
0.405435,372.09,0.000841679,2.18691,-0.434552,6.15898,-3.63756
0.405435,372.09,0.000841832,2.31154,-0.385822,6.38365,-3.77024
0.405435,372.09,0.000841985,2.42705,-0.335569,6.58312,-3.88805
0.405435,372.09,0.000842137,2.53298,-0.283992,6.7566,-3.99051
0.405435,372.09,0.00084229,2.62892,-0.231294,6.90343,-4.07723
0.405435,372.09,0.000842443,2.71448,-0.177683,7.02301,-4.14785
0.405435,372.09,0.000842595,2.78933,-0.123371,7.11487,-4.20211
0.405435,372.09,0.000842748,2.85317,-0.0685725,7.17865,-4.23978
0.405435,372.09,0.000842901,2.90575,-0.0135031,7.2141,-4.26072
0.405435,372.09,0.000843053,2.94686,0.0416197,7.22108,-4.26484
0.405435,372.09,0.000843206,2.97634,0.0965782,7.19956,-4.25213
0.405435,372.09,0.000843359,2.99408,0.151156,7.14963,-4.22264
0.405435,372.09,0.000843511,3,0.205136,7.07149,-4.17649
0.405435,372.09,0.000843664,2.99408,0.258308,6.96543,-4.11385
0.405435,372.09,0.000843817,2.97634,0.310459,6.83189,-4.03498
0.405435,372.09,0.000843969,2.94686,0.361386,6.67138,-3.94018
0.405435,372.09,0.000844122,2.90575,0.410886,6.48455,-3.82983
0.405435,372.09,0.000844275,2.85317,0.458765,6.27212,-3.70437
0.405435,372.09,0.000844427,2.78933,0.504833,6.03494,-3.56429
0.405435,372.09,0.00084458,2.71448,0.548909,5.77394,-3.41014
0.405435,372.09,0.000844733,2.62892,0.590819,5.49016,-3.24254
0.405435,372.09,0.000844885,2.53298,0.630397,5.1847,-3.06214
0.405435,372.09,0.000845038,2.42705,0.667487,4.85879,-2.86965
0.405435,372.09,0.000845191,2.31154,0.701942,4.5137,-2.66584
0.405435,372.09,0.000845344,2.18691,0.733628,4.1508,-2.4515
0.405435,372.09,0.000845496,2.05364,0.762418,3.77152,-2.22749
0.405435,372.09,0.000845649,1.91227,0.788199,3.37735,-1.99469
0.405435,372.09,0.000845802,1.76336,0.81087,2.96985,-1.75402
0.405435,372.09,0.000845954,1.60748,0.830341,2.55063,-1.50643
0.405435,372.09,0.000846107,1.44526,0.846534,2.12135,-1.25289
0.405435,372.09,0.00084626,1.27734,0.859387,1.68369,-0.994406
0.405435,372.09,0.000846412,1.10437,0.868848,1.23939,-0.731998
0.405435,372.09,0.000846565,0.927051,0.87488,0.790201,-0.466701
0.405435,372.09,0.000846718,0.74607,0.877459,0.337891,-0.199562
0.405435,372.09,0.00084687,0.562144,0.876575,-0.115753,0.0683641
0.405435,372.09,0.000847023,0.376,0.872232,-0.56894,0.336021
0.405435,372.09,0.000847176,0.188372,0.864447,-1.01988,0.602351
0.405435,372.09,0.000847328,1.79335e-013,0.85325,-1.4668,0.866305
0.405435,372.09,0.000847481,-0.188372,0.838686,-1.90793,1.12684
0.405435,372.09,0.000847634,-0.376,0.820812,-2.34152,1.38293
0.405435,372.09,0.000847786,-0.562144,0.799698,-2.76588,1.63356
0.405435,372.09,0.000847939,-0.74607,0.775428,-3.17932,1.87774
0.405435,372.09,0.000848092,-0.927051,0.748098,-3.58022,2.11451
0.405435,372.09,0.000848244,-1.10437,0.717816,-3.96698,2.34294
0.405435,372.09,0.000848397,-1.27734,0.684701,-4.33809,2.56212
0.405435,372.09,0.00084855,-1.44526,0.648884,-4.69208,2.77119
0.405435,372.09,0.000848702,-1.60748,0.610505,-5.02755,2.96932
0.405435,372.09,0.000848855,-1.76336,0.569718,-5.34318,3.15573
0.405435,372.09,0.000849008,-1.91227,0.526682,-5.63772,3.32969
0.405435,372.09,0.00084916,-2.05364,0.481567,-5.91002,3.49051
0.405435,372.09,0.000849313,-2.18691,0.434552,-6.15898,3.63755
0.405435,372.09,0.000849466,-2.31154,0.385822,-6.38365,3.77024
0.405435,372.09,0.000849618,-2.42705,0.335569,-6.58311,3.88805
0.405435,372.09,0.000849771,-2.53298,0.283992,-6.7566,3.99051
0.405435,372.09,0.000849924,-2.62892,0.231294,-6.90343,4.07723
0.405435,372.09,0.000850076,-2.71448,0.177683,-7.023,4.14785
0.405435,372.09,0.000850229,-2.78933,0.123371,-7.11487,4.20211
0.405435,372.09,0.000850382,-2.85317,0.0685724,-7.17865,4.23978
0.405435,372.09,0.000850534,-2.90575,0.0135029,-7.2141,4.26072
0.405435,372.09,0.000850687,-2.94686,-0.0416199,-7.22108,4.26484
0.405435,372.09,0.00085084,-2.97634,-0.0965784,-7.19956,4.25213
0.405435,372.09,0.000850992,-2.99408,-0.151156,-7.14963,4.22264
0.405435,372.09,0.000851145,-3,-0.205137,-7.07149,4.17649
0.405435,372.09,0.000851298,-2.99408,-0.258308,-6.96543,4.11385
0.405435,372.09,0.00085145,-2.97634,-0.31046,-6.83189,4.03498
0.405435,372.09,0.000851603,-2.94686,-0.361386,-6.67138,3.94018
0.405435,372.09,0.000851756,-2.90575,-0.410886,-6.48454,3.82983
0.405435,372.09,0.000851908,-2.85317,-0.458765,-6.27212,3.70437
0.405435,372.09,0.000852061,-2.78933,-0.504833,-6.03494,3.56429
0.405435,372.09,0.000852214,-2.71448,-0.548909,-5.77394,3.41014
0.405435,372.09,0.000852366,-2.62892,-0.590819,-5.49015,3.24254
0.405435,372.09,0.000852519,-2.53298,-0.630397,-5.1847,3.06213
0.405435,372.09,0.000852672,-2.42705,-0.667487,-4.85879,2.86965
0.405435,372.09,0.000852824,-2.31154,-0.701942,-4.5137,2.66583
0.405435,372.09,0.000852977,-2.18691,-0.733628,-4.1508,2.4515
0.405435,372.09,0.00085313,-2.05364,-0.762418,-3.77151,2.22749
0.405435,372.09,0.000853282,-1.91227,-0.788199,-3.37735,1.99469
0.405435,372.09,0.000853435,-1.76336,-0.81087,-2.96985,1.75402
0.405435,372.09,0.000853588,-1.60748,-0.83034,-2.55063,1.50643
0.405435,372.09,0.00085374,-1.44526,-0.846534,-2.12135,1.25289
0.405435,372.09,0.000853893,-1.27734,-0.859387,-1.68369,0.994405
0.405435,372.09,0.000854046,-1.10437,-0.868848,-1.23939,0.731997
0.405435,372.09,0.000854198,-0.927051,-0.87488,-0.7902,0.4667
0.405435,372.09,0.000854351,-0.74607,-0.877459,-0.33789,0.199561
0.405435,372.09,0.000854504,-0.562144,-0.876575,0.115754,-0.0683655
0.405435,372.09,0.000854656,-0.376,-0.872232,0.568941,-0.336022
0.405435,372.09,0.000854809,-0.188372,-0.864447,1.01988,-0.602353
0.405435,372.09,0.000854962,-2.11677e-013,-0.85325,1.4668,-0.866306
0.405435,372.09,0.000855115,0.188372,-0.838686,1.90793,-1.12684
0.405435,372.09,0.000855267,0.376,-0.820811,2.34153,-1.38293
0.405435,372.09,0.00085542,0.562144,-0.799698,2.76588,-1.63356
0.405435,372.09,0.000855573,0.74607,-0.775428,3.17932,-1.87774
0.405435,372.09,0.000855725,0.927051,-0.748098,3.58022,-2.11451
0.405435,372.09,0.000855878,1.10437,-0.717816,3.96698,-2.34294
0.405435,372.09,0.000856031,1.27734,-0.684701,4.33809,-2.56212
0.405435,372.09,0.000856183,1.44526,-0.648883,4.69208,-2.77119
0.405435,372.09,0.000856336,1.60748,-0.610505,5.02755,-2.96932
0.405435,372.09,0.000856489,1.76336,-0.569717,5.34318,-3.15573
0.405435,372.09,0.000856641,1.91227,-0.526681,5.63772,-3.32969
0.405435,372.09,0.000856794,2.05364,-0.481567,5.91002,-3.49051
0.405435,372.09,0.000856947,2.18691,-0.434552,6.15898,-3.63756
0.405435,372.09,0.000857099,2.31154,-0.385821,6.38365,-3.77024
0.405435,372.09,0.000857252,2.42705,-0.335569,6.58312,-3.88805
0.405435,372.09,0.000857405,2.53298,-0.283992,6.7566,-3.99051
0.405435,372.09,0.000857557,2.62892,-0.231294,6.90343,-4.07723
0.405435,372.09,0.00085771,2.71448,-0.177683,7.023,-4.14785
0.405435,372.09,0.000857863,2.78933,-0.123371,7.11487,-4.20211
0.405435,372.09,0.000858015,2.85317,-0.0685721,7.17865,-4.23978
0.405435,372.09,0.000858168,2.90575,-0.0135027,7.2141,-4.26072
0.405435,372.09,0.000858321,2.94686,0.0416201,7.22108,-4.26484
0.405435,372.09,0.000858473,2.97634,0.0965786,7.19956,-4.25213
0.405435,372.09,0.000858626,2.99408,0.151156,7.14963,-4.22264
0.405435,372.09,0.000858779,3,0.205137,7.07149,-4.17649
0.405435,372.09,0.000858931,2.99408,0.258308,6.96543,-4.11385
0.405435,372.09,0.000859084,2.97634,0.31046,6.83189,-4.03498
0.405435,372.09,0.000859237,2.94686,0.361386,6.67138,-3.94018
0.405435,372.09,0.000859389,2.90575,0.410887,6.48454,-3.82983
0.405435,372.09,0.000859542,2.85317,0.458765,6.27212,-3.70437
0.405435,372.09,0.000859695,2.78933,0.504834,6.03494,-3.56429
0.405435,372.09,0.000859847,2.71448,0.548909,5.77394,-3.41014
0.405435,372.09,0.00086,2.62892,0.590819,5.49015,-3.24254
0.405435,372.09,0.000860153,2.53298,0.630397,5.1847,-3.06213
0.405435,372.09,0.000860305,2.42705,0.667487,4.85879,-2.86965
0.405435,372.09,0.000860458,2.31154,0.701943,4.5137,-2.66583
0.405435,372.09,0.000860611,2.18691,0.733628,4.1508,-2.4515
0.405435,372.09,0.000860763,2.05364,0.762418,3.77151,-2.22749
0.405435,372.09,0.000860916,1.91227,0.7882,3.37735,-1.99469
0.405435,372.09,0.000861069,1.76336,0.81087,2.96985,-1.75402
0.405435,372.09,0.000861221,1.60748,0.830341,2.55063,-1.50643
0.405435,372.09,0.000861374,1.44526,0.846534,2.12135,-1.25289
0.405435,372.09,0.000861527,1.27734,0.859387,1.68369,-0.994404
0.405435,372.09,0.000861679,1.10437,0.868848,1.23939,-0.731996
0.405435,372.09,0.000861832,0.927051,0.87488,0.790199,-0.466699
0.405435,372.09,0.000861985,0.74607,0.877459,0.337888,-0.19956
0.405435,372.09,0.000862137,0.562144,0.876575,-0.115755,0.0683667
0.405435,372.09,0.00086229,0.376,0.872232,-0.568942,0.336023
0.405435,372.09,0.000862443,0.188372,0.864447,-1.01988,0.602354
0.405435,372.09,0.000862595,2.44019e-013,0.85325,-1.4668,0.866307
0.405435,372.09,0.000862748,-0.188372,0.838686,-1.90793,1.12684
0.405435,372.09,0.000862901,-0.376,0.820811,-2.34153,1.38293
0.405435,372.09,0.000863053,-0.562144,0.799698,-2.76588,1.63356
0.405435,372.09,0.000863206,-0.74607,0.775428,-3.17933,1.87774
0.405435,372.09,0.000863359,-0.927051,0.748098,-3.58022,2.11451
0.405435,372.09,0.000863511,-1.10437,0.717816,-3.96698,2.34294
0.405435,372.09,0.000863664,-1.27734,0.684701,-4.33809,2.56212
0.405435,372.09,0.000863817,-1.44526,0.648883,-4.69208,2.77119
0.405435,372.09,0.000863969,-1.60748,0.610505,-5.02755,2.96932
0.405435,372.09,0.000864122,-1.76336,0.569717,-5.34318,3.15573
0.405435,372.09,0.000864275,-1.91227,0.526681,-5.63772,3.32969
0.405435,372.09,0.000864427,-2.05364,0.481567,-5.91002,3.49051
0.405435,372.09,0.00086458,-2.18691,0.434552,-6.15899,3.63756
0.405435,372.09,0.000864733,-2.31154,0.385821,-6.38365,3.77024
0.405435,372.09,0.000864885,-2.42705,0.335569,-6.58312,3.88805
0.405435,372.09,0.000865038,-2.53298,0.283991,-6.7566,3.99052
0.405435,372.09,0.000865191,-2.62892,0.231294,-6.90343,4.07723
0.405435,372.09,0.000865344,-2.71448,0.177683,-7.02301,4.14785
0.405435,372.09,0.000865496,-2.78933,0.123371,-7.11487,4.20211
0.405435,372.09,0.000865649,-2.85317,0.068572,-7.17865,4.23978
0.405435,372.09,0.000865802,-2.90575,0.0135025,-7.2141,4.26072
0.405435,372.09,0.000865954,-2.94686,-0.0416202,-7.22108,4.26484
0.405435,372.09,0.000866107,-2.97634,-0.0965787,-7.19956,4.25213
0.405435,372.09,0.00086626,-2.99408,-0.151156,-7.14963,4.22264
0.405435,372.09,0.000866412,-3,-0.205137,-7.07149,4.17649
0.405435,372.09,0.000866565,-2.99408,-0.258308,-6.96543,4.11385
0.405435,372.09,0.000866718,-2.97634,-0.31046,-6.83189,4.03498
0.405435,372.09,0.00086687,-2.94686,-0.361387,-6.67138,3.94018
0.405435,372.09,0.000867023,-2.90575,-0.410887,-6.48454,3.82983
0.405435,372.09,0.000867176,-2.85317,-0.458766,-6.27212,3.70437
0.405435,372.09,0.000867328,-2.78933,-0.504834,-6.03494,3.56429
0.405435,372.09,0.000867481,-2.71448,-0.54891,-5.77394,3.41014
0.405435,372.09,0.000867634,-2.62892,-0.590819,-5.49015,3.24254
0.405435,372.09,0.000867786,-2.53298,-0.630397,-5.1847,3.06213
0.405435,372.09,0.000867939,-2.42705,-0.667487,-4.85879,2.86965
0.405435,372.09,0.000868092,-2.31154,-0.701943,-4.5137,2.66583
0.405435,372.09,0.000868244,-2.18691,-0.733628,-4.1508,2.4515
0.405435,372.09,0.000868397,-2.05364,-0.762418,-3.77151,2.22749
0.405435,372.09,0.00086855,-1.91227,-0.7882,-3.37735,1.99469
0.405435,372.09,0.000868702,-1.76336,-0.81087,-2.96985,1.75402
0.405435,372.09,0.000868855,-1.60748,-0.830341,-2.55063,1.50643
0.405435,372.09,0.000869008,-1.44526,-0.846534,-2.12135,1.25289
0.405435,372.09,0.00086916,-1.27734,-0.859387,-1.68369,0.994403
0.405435,372.09,0.000869313,-1.10437,-0.868848,-1.23939,0.731995
0.405435,372.09,0.000869466,-0.927051,-0.87488,-0.790198,0.466698
0.405435,372.09,0.000869618,-0.74607,-0.877459,-0.337888,0.199559
0.405435,372.09,0.000869771,-0.562144,-0.876576,0.115756,-0.0683672
0.405435,372.09,0.000869924,-0.376,-0.872232,0.568943,-0.336024
0.405435,372.09,0.000870076,-0.188372,-0.864447,1.01988,-0.602354
0.405435,372.09,0.000870229,-1.0583e-013,-0.85325,1.4668,-0.866308
0.405435,372.09,0.000870382,0.188372,-0.838686,1.90793,-1.12684
0.405435,372.09,0.000870534,0.376,-0.820812,2.34153,-1.38293
0.405435,372.09,0.000870687,0.562144,-0.799698,2.76588,-1.63356
0.405435,372.09,0.00087084,0.74607,-0.775428,3.17933,-1.87774
0.405435,372.09,0.000870992,0.927051,-0.748098,3.58022,-2.11451
0.405435,372.09,0.000871145,1.10437,-0.717816,3.96699,-2.34294
0.405435,372.09,0.000871298,1.27734,-0.684701,4.33809,-2.56212
0.405435,372.09,0.00087145,1.44526,-0.648883,4.69208,-2.77119
0.405435,372.09,0.000871603,1.60748,-0.610505,5.02755,-2.96932
0.405435,372.09,0.000871756,1.76336,-0.569717,5.34318,-3.15574
0.405435,372.09,0.000871908,1.91227,-0.526681,5.63773,-3.3297
0.405435,372.09,0.000872061,2.05364,-0.481567,5.91002,-3.49051
0.405435,372.09,0.000872214,2.18691,-0.434552,6.15899,-3.63756
0.405435,372.09,0.000872366,2.31154,-0.385821,6.38365,-3.77024
0.405435,372.09,0.000872519,2.42705,-0.335569,6.58312,-3.88805
0.405435,372.09,0.000872672,2.53298,-0.283991,6.75661,-3.99052
0.405435,372.09,0.000872824,2.62892,-0.231294,6.90343,-4.07723
0.405435,372.09,0.000872977,2.71448,-0.177683,7.02301,-4.14786
0.405435,372.09,0.00087313,2.78933,-0.123371,7.11487,-4.20211
0.405435,372.09,0.000873282,2.85317,-0.068572,7.17865,-4.23978
0.405435,372.09,0.000873435,2.90575,-0.0135025,7.2141,-4.26072
0.405435,372.09,0.000873588,2.94686,0.0416203,7.22108,-4.26484
0.405435,372.09,0.00087374,2.97634,0.0965788,7.19957,-4.25213
0.405435,372.09,0.000873893,2.99408,0.151156,7.14963,-4.22264
0.405435,372.09,0.000874046,3,0.205137,7.07149,-4.17649
0.405435,372.09,0.000874198,2.99408,0.258308,6.96543,-4.11385
0.405435,372.09,0.000874351,2.97634,0.31046,6.83189,-4.03498
0.405435,372.09,0.000874504,2.94686,0.361387,6.67138,-3.94018
0.405435,372.09,0.000874656,2.90575,0.410887,6.48454,-3.82983
0.405435,372.09,0.000874809,2.85317,0.458766,6.27212,-3.70437
0.405435,372.09,0.000874962,2.78933,0.504834,6.03494,-3.56429
0.405435,372.09,0.000875115,2.71448,0.54891,5.77394,-3.41014
0.405435,372.09,0.000875267,2.62892,0.590819,5.49015,-3.24254
0.405435,372.09,0.00087542,2.53298,0.630397,5.1847,-3.06214
0.405435,372.09,0.000875573,2.42705,0.667487,4.85879,-2.86965
0.405435,372.09,0.000875725,2.31154,0.701943,4.5137,-2.66583
0.405435,372.09,0.000875878,2.18691,0.733628,4.1508,-2.4515
0.405435,372.09,0.000876031,2.05364,0.762419,3.77151,-2.22749
0.405435,372.09,0.000876183,1.91227,0.7882,3.37735,-1.99469
0.405435,372.09,0.000876336,1.76336,0.81087,2.96985,-1.75402
0.405435,372.09,0.000876489,1.60748,0.830341,2.55063,-1.50643
0.405435,372.09,0.000876641,1.44526,0.846534,2.12135,-1.25289
0.405435,372.09,0.000876794,1.27734,0.859387,1.68369,-0.994404
0.405435,372.09,0.000876947,1.10437,0.868848,1.23939,-0.731996
0.405435,372.09,0.000877099,0.927051,0.87488,0.790199,-0.466698
0.405435,372.09,0.000877252,0.74607,0.877459,0.337888,-0.19956
0.405435,372.09,0.000877405,0.562144,0.876576,-0.115756,0.068367
0.405435,372.09,0.000877557,0.376,0.872233,-0.568943,0.336024
0.405435,372.09,0.00087771,0.188372,0.864447,-1.01988,0.602354
0.405435,372.09,0.000877863,1.38172e-013,0.85325,-1.4668,0.866308
0.405435,372.09,0.000878015,-0.188372,0.838686,-1.90793,1.12684
0.405435,372.09,0.000878168,-0.376,0.820812,-2.34153,1.38293
0.405435,372.09,0.000878321,-0.562144,0.799698,-2.76589,1.63356
0.405435,372.09,0.000878473,-0.74607,0.775428,-3.17933,1.87774
0.405435,372.09,0.000878626,-0.927051,0.748098,-3.58022,2.11451
0.405435,372.09,0.000878779,-1.10437,0.717816,-3.96699,2.34294
0.405435,372.09,0.000878931,-1.27734,0.684701,-4.33809,2.56212
0.405435,372.09,0.000879084,-1.44526,0.648883,-4.69208,2.77119
0.405435,372.09,0.000879237,-1.60748,0.610505,-5.02755,2.96932
0.405435,372.09,0.000879389,-1.76336,0.569718,-5.34318,3.15574
0.405435,372.09,0.000879542,-1.91227,0.526681,-5.63773,3.3297
0.405435,372.09,0.000879695,-2.05364,0.481567,-5.91002,3.49051
0.405435,372.09,0.000879847,-2.18691,0.434552,-6.15899,3.63756
0.405435,372.09,0.00088,-2.31154,0.385822,-6.38365,3.77025
0.405435,372.09,0.000880153,-2.42705,0.335569,-6.58312,3.88805
0.405435,372.09,0.000880305,-2.53298,0.283992,-6.75661,3.99052
0.405435,372.09,0.000880458,-2.62892,0.231294,-6.90343,4.07723
0.405435,372.09,0.000880611,-2.71448,0.177683,-7.02301,4.14786
0.405435,372.09,0.000880763,-2.78933,0.123371,-7.11487,4.20211
0.405435,372.09,0.000880916,-2.85317,0.0685721,-7.17865,4.23978
0.405435,372.09,0.000881069,-2.90575,0.0135026,-7.2141,4.26072
0.405435,372.09,0.000881221,-2.94686,-0.0416202,-7.22108,4.26484
0.405435,372.09,0.000881374,-2.97634,-0.0965787,-7.19957,4.25213
0.405435,372.09,0.000881527,-2.99408,-0.151156,-7.14964,4.22264
0.405435,372.09,0.000881679,-3,-0.205137,-7.07149,4.17649
0.405435,372.09,0.000881832,-2.99408,-0.258308,-6.96543,4.11385
0.405435,372.09,0.000881985,-2.97634,-0.31046,-6.83189,4.03498
0.405435,372.09,0.000882137,-2.94686,-0.361387,-6.67138,3.94018
0.405435,372.09,0.00088229,-2.90575,-0.410887,-6.48455,3.82984
0.405435,372.09,0.000882443,-2.85317,-0.458766,-6.27212,3.70437
0.405435,372.09,0.000882595,-2.78933,-0.504834,-6.03494,3.56429
0.405435,372.09,0.000882748,-2.71448,-0.54891,-5.77394,3.41014
0.405435,372.09,0.000882901,-2.62892,-0.590819,-5.49016,3.24254
0.405435,372.09,0.000883053,-2.53298,-0.630397,-5.1847,3.06214
0.405435,372.09,0.000883206,-2.42705,-0.667487,-4.85879,2.86965
0.405435,372.09,0.000883359,-2.31154,-0.701943,-4.5137,2.66584
0.405435,372.09,0.000883511,-2.18691,-0.733628,-4.1508,2.4515
0.405435,372.09,0.000883664,-2.05364,-0.762419,-3.77151,2.22749
0.405435,372.09,0.000883817,-1.91227,-0.7882,-3.37735,1.99469
0.405435,372.09,0.000883969,-1.76336,-0.810871,-2.96985,1.75402
0.405435,372.09,0.000884122,-1.60748,-0.830341,-2.55063,1.50643
0.405435,372.09,0.000884275,-1.44526,-0.846534,-2.12135,1.25289
0.405435,372.09,0.000884427,-1.27734,-0.859387,-1.68369,0.994405
0.405435,372.09,0.00088458,-1.10437,-0.868848,-1.23939,0.731996
0.405435,372.09,0.000884733,-0.927051,-0.87488,-0.790199,0.466699
0.405435,372.09,0.000884885,-0.74607,-0.877459,-0.337889,0.19956
0.405435,372.09,0.000885038,-0.562144,-0.876576,0.115755,-0.0683663
0.405435,372.09,0.000885191,-0.376,-0.872233,0.568942,-0.336023
0.405435,372.09,0.000885344,-0.188372,-0.864447,1.01988,-0.602354
0.405435,372.09,0.000885496,-1.70514e-013,-0.85325,1.4668,-0.866307
0.405435,372.09,0.000885649,0.188372,-0.838686,1.90793,-1.12684
0.405435,372.09,0.000885802,0.376,-0.820812,2.34153,-1.38293
0.405435,372.09,0.000885954,0.562144,-0.799698,2.76588,-1.63356
0.405435,372.09,0.000886107,0.74607,-0.775429,3.17933,-1.87774
0.405435,372.09,0.00088626,0.927051,-0.748099,3.58022,-2.11451
0.405435,372.09,0.000886412,1.10437,-0.717816,3.96699,-2.34294
0.405435,372.09,0.000886565,1.27734,-0.684701,4.33809,-2.56212
0.405435,372.09,0.000886718,1.44526,-0.648884,4.69208,-2.77119
0.405435,372.09,0.00088687,1.60748,-0.610505,5.02755,-2.96932
0.405435,372.09,0.000887023,1.76336,-0.569718,5.34318,-3.15574
0.405435,372.09,0.000887176,1.91227,-0.526682,5.63773,-3.3297
0.405435,372.09,0.000887328,2.05364,-0.481567,5.91002,-3.49051
0.405435,372.09,0.000887481,2.18691,-0.434552,6.15899,-3.63756
0.405435,372.09,0.000887634,2.31154,-0.385822,6.38365,-3.77025
0.405435,372.09,0.000887786,2.42705,-0.335569,6.58312,-3.88805
0.405435,372.09,0.000887939,2.53298,-0.283992,6.75661,-3.99052
0.405435,372.09,0.000888092,2.62892,-0.231294,6.90343,-4.07723
0.405435,372.09,0.000888244,2.71448,-0.177683,7.02301,-4.14786
0.405435,372.09,0.000888397,2.78933,-0.123371,7.11487,-4.20211
0.405435,372.09,0.00088855,2.85317,-0.0685722,7.17865,-4.23978
0.405435,372.09,0.000888702,2.90575,-0.0135027,7.2141,-4.26072
0.405435,372.09,0.000888855,2.94686,0.0416201,7.22108,-4.26484
0.405435,372.09,0.000889008,2.97634,0.0965786,7.19957,-4.25213
0.405435,372.09,0.00088916,2.99408,0.151156,7.14964,-4.22264
0.405435,372.09,0.000889313,3,0.205137,7.07149,-4.17649
0.405435,372.09,0.000889466,2.99408,0.258308,6.96543,-4.11385
0.405435,372.09,0.000889618,2.97634,0.31046,6.83189,-4.03498
0.405435,372.09,0.000889771,2.94686,0.361386,6.67138,-3.94018
0.405435,372.09,0.000889924,2.90575,0.410887,6.48455,-3.82984
0.405435,372.09,0.000890076,2.85317,0.458766,6.27212,-3.70437
0.405435,372.09,0.000890229,2.78933,0.504834,6.03494,-3.56429
0.405435,372.09,0.000890382,2.71448,0.54891,5.77394,-3.41015
0.405435,372.09,0.000890534,2.62892,0.590819,5.49016,-3.24254
0.405435,372.09,0.000890687,2.53298,0.630397,5.1847,-3.06214
0.405435,372.09,0.00089084,2.42705,0.667487,4.85879,-2.86965
0.405435,372.09,0.000890992,2.31154,0.701943,4.5137,-2.66584
0.405435,372.09,0.000891145,2.18691,0.733628,4.1508,-2.4515
0.405435,372.09,0.000891298,2.05364,0.762419,3.77152,-2.22749
0.405435,372.09,0.00089145,1.91227,0.7882,3.37735,-1.99469
0.405435,372.09,0.000891603,1.76336,0.81087,2.96985,-1.75402
0.405435,372.09,0.000891756,1.60748,0.830341,2.55063,-1.50643
0.405435,372.09,0.000891908,1.44526,0.846534,2.12135,-1.25289
0.405435,372.09,0.000892061,1.27734,0.859387,1.68369,-0.994405
0.405435,372.09,0.000892214,1.10437,0.868848,1.23939,-0.731997
0.405435,372.09,0.000892366,0.927051,0.87488,0.7902,-0.4667
0.405435,372.09,0.000892519,0.74607,0.877459,0.33789,-0.199561
0.405435,372.09,0.000892672,0.562144,0.876576,-0.115754,0.0683655
0.405435,372.09,0.000892824,0.376,0.872233,-0.568942,0.336022
0.405435,372.09,0.000892977,0.188372,0.864447,-1.01988,0.602353
0.405435,372.09,0.00089313,2.02856e-013,0.85325,-1.4668,0.866306
0.405435,372.09,0.000893282,-0.188372,0.838686,-1.90793,1.12684
0.405435,372.09,0.000893435,-0.376,0.820812,-2.34153,1.38293
0.405435,372.09,0.000893588,-0.562144,0.799698,-2.76588,1.63356
0.405435,372.09,0.00089374,-0.74607,0.775429,-3.17933,1.87774
0.405435,372.09,0.000893893,-0.927051,0.748099,-3.58022,2.11451
0.405435,372.09,0.000894046,-1.10437,0.717816,-3.96698,2.34294
0.405435,372.09,0.000894198,-1.27734,0.684701,-4.33809,2.56212
0.405435,372.09,0.000894351,-1.44526,0.648884,-4.69208,2.77119
0.405435,372.09,0.000894504,-1.60748,0.610505,-5.02755,2.96932
0.405435,372.09,0.000894656,-1.76336,0.569718,-5.34318,3.15574
0.405435,372.09,0.000894809,-1.91227,0.526682,-5.63773,3.32969
0.405435,372.09,0.000894962,-2.05364,0.481567,-5.91002,3.49051
0.405435,372.09,0.000895115,-2.18691,0.434552,-6.15899,3.63756
0.405435,372.09,0.000895267,-2.31154,0.385822,-6.38365,3.77024
0.405435,372.09,0.00089542,-2.42705,0.335569,-6.58312,3.88805
0.405435,372.09,0.000895573,-2.53298,0.283992,-6.75661,3.99052
0.405435,372.09,0.000895725,-2.62892,0.231294,-6.90343,4.07723
0.405435,372.09,0.000895878,-2.71448,0.177683,-7.02301,4.14786
0.405435,372.09,0.000896031,-2.78933,0.123371,-7.11487,4.20211
0.405435,372.09,0.000896183,-2.85317,0.0685723,-7.17865,4.23978
0.405435,372.09,0.000896336,-2.90575,0.0135028,-7.2141,4.26072
0.405435,372.09,0.000896489,-2.94686,-0.04162,-7.22108,4.26484
0.405435,372.09,0.000896641,-2.97634,-0.0965785,-7.19957,4.25213
0.405435,372.09,0.000896794,-2.99408,-0.151156,-7.14964,4.22264
0.405435,372.09,0.000896947,-3,-0.205137,-7.07149,4.17649
0.405435,372.09,0.000897099,-2.99408,-0.258308,-6.96543,4.11385
0.405435,372.09,0.000897252,-2.97634,-0.31046,-6.83189,4.03498
0.405435,372.09,0.000897405,-2.94686,-0.361386,-6.67138,3.94018
0.405435,372.09,0.000897557,-2.90575,-0.410887,-6.48455,3.82984
0.405435,372.09,0.00089771,-2.85317,-0.458765,-6.27212,3.70437
0.405435,372.09,0.000897863,-2.78933,-0.504834,-6.03494,3.56429
0.405435,372.09,0.000898015,-2.71448,-0.54891,-5.77394,3.41015
0.405435,372.09,0.000898168,-2.62892,-0.590819,-5.49016,3.24254
0.405435,372.09,0.000898321,-2.53298,-0.630397,-5.1847,3.06214
0.405435,372.09,0.000898473,-2.42705,-0.667487,-4.85879,2.86965
0.405435,372.09,0.000898626,-2.31154,-0.701943,-4.5137,2.66584
0.405435,372.09,0.000898779,-2.18691,-0.733628,-4.1508,2.4515
0.405435,372.09,0.000898931,-2.05364,-0.762418,-3.77152,2.22749
0.405435,372.09,0.000899084,-1.91227,-0.7882,-3.37735,1.99469
0.405435,372.09,0.000899237,-1.76336,-0.81087,-2.96985,1.75402
0.405435,372.09,0.000899389,-1.60748,-0.830341,-2.55063,1.50643
0.405435,372.09,0.000899542,-1.44526,-0.846534,-2.12135,1.25289
0.405435,372.09,0.000899695,-1.27734,-0.859387,-1.68369,0.994406
0.405435,372.09,0.000899847,-1.10437,-0.868848,-1.23939,0.731997
0.405435,372.09,0.0009,-0.927051,-0.87488,-0.7902,0.4667
0.405435,372.09,0.000900153,-0.74607,-0.877459,-0.33789,0.199561
0.405435,372.09,0.000900305,-0.562144,-0.876576,0.115754,-0.0683651
0.405435,372.09,0.000900458,-0.376,-0.872233,0.568941,-0.336022
0.405435,372.09,0.000900611,-0.188372,-0.864447,1.01988,-0.602352
0.405435,372.09,0.000900763,-2.35198e-013,-0.85325,1.4668,-0.866306
0.405435,372.09,0.000900916,0.188372,-0.838686,1.90793,-1.12684
0.405435,372.09,0.000901069,0.376,-0.820812,2.34153,-1.38293
0.405435,372.09,0.000901221,0.562144,-0.799698,2.76588,-1.63356
0.405435,372.09,0.000901374,0.74607,-0.775429,3.17932,-1.87774
0.405435,372.09,0.000901527,0.927051,-0.748099,3.58022,-2.11451
0.405435,372.09,0.000901679,1.10437,-0.717816,3.96698,-2.34294
0.405435,372.09,0.000901832,1.27734,-0.684701,4.33809,-2.56212
0.405435,372.09,0.000901985,1.44526,-0.648884,4.69208,-2.77119
0.405435,372.09,0.000902137,1.60748,-0.610505,5.02755,-2.96932
0.405435,372.09,0.00090229,1.76336,-0.569718,5.34318,-3.15573
0.405435,372.09,0.000902443,1.91227,-0.526682,5.63772,-3.32969
0.405435,372.09,0.000902595,2.05364,-0.481567,5.91002,-3.49051
0.405435,372.09,0.000902748,2.18691,-0.434552,6.15899,-3.63756
0.405435,372.09,0.000902901,2.31154,-0.385822,6.38365,-3.77024
0.405435,372.09,0.000903053,2.42705,-0.335569,6.58312,-3.88805
0.405435,372.09,0.000903206,2.53298,-0.283992,6.7566,-3.99052
0.405435,372.09,0.000903359,2.62892,-0.231294,6.90343,-4.07723
0.405435,372.09,0.000903511,2.71448,-0.177683,7.02301,-4.14786
0.405435,372.09,0.000903664,2.78933,-0.123371,7.11487,-4.20211
0.405435,372.09,0.000903817,2.85317,-0.0685723,7.17865,-4.23978
0.405435,372.09,0.000903969,2.90575,-0.0135028,7.2141,-4.26072
0.405435,372.09,0.000904122,2.94686,0.0416199,7.22108,-4.26484
0.405435,372.09,0.000904275,2.97634,0.0965784,7.19957,-4.25213
0.405435,372.09,0.000904427,2.99408,0.151156,7.14963,-4.22264
0.405435,372.09,0.00090458,3,0.205137,7.07149,-4.17649
0.405435,372.09,0.000904733,2.99408,0.258308,6.96543,-4.11385
0.405435,372.09,0.000904885,2.97634,0.31046,6.83189,-4.03498
0.405435,372.09,0.000905038,2.94686,0.361386,6.67138,-3.94018
0.405435,372.09,0.000905191,2.90575,0.410887,6.48455,-3.82984
0.405435,372.09,0.000905344,2.85317,0.458765,6.27212,-3.70437
0.405435,372.09,0.000905496,2.78933,0.504834,6.03494,-3.56429
0.405435,372.09,0.000905649,2.71448,0.548909,5.77394,-3.41015
0.405435,372.09,0.000905802,2.62892,0.590819,5.49016,-3.24254
0.405435,372.09,0.000905954,2.53298,0.630397,5.1847,-3.06214
0.405435,372.09,0.000906107,2.42705,0.667487,4.85879,-2.86965
0.405435,372.09,0.00090626,2.31154,0.701943,4.5137,-2.66584
0.405435,372.09,0.000906412,2.18691,0.733628,4.1508,-2.4515
0.405435,372.09,0.000906565,2.05364,0.762418,3.77152,-2.22749
0.405435,372.09,0.000906718,1.91227,0.7882,3.37735,-1.99469
0.405435,372.09,0.00090687,1.76336,0.81087,2.96985,-1.75402
0.405435,372.09,0.000907023,1.60748,0.830341,2.55063,-1.50643
0.405435,372.09,0.000907176,1.44526,0.846534,2.12135,-1.25289
0.405435,372.09,0.000907328,1.27734,0.859387,1.68369,-0.994406
0.405435,372.09,0.000907481,1.10437,0.868848,1.23939,-0.731997
0.405435,372.09,0.000907634,0.927051,0.87488,0.7902,-0.4667
0.405435,372.09,0.000907786,0.74607,0.877459,0.33789,-0.199561
0.405435,372.09,0.000907939,0.562144,0.876576,-0.115754,0.0683651
0.405435,372.09,0.000908092,0.376,0.872233,-0.568941,0.336022
0.405435,372.09,0.000908244,0.188372,0.864447,-1.01988,0.602352
0.405435,372.09,0.000908397,9.70092e-014,0.85325,-1.4668,0.866306
0.405435,372.09,0.00090855,-0.188372,0.838686,-1.90793,1.12684
0.405435,372.09,0.000908702,-0.376,0.820812,-2.34153,1.38293
0.405435,372.09,0.000908855,-0.562144,0.799698,-2.76588,1.63356
0.405435,372.09,0.000909008,-0.74607,0.775428,-3.17932,1.87774
0.405435,372.09,0.00090916,-0.927051,0.748099,-3.58022,2.11451
0.405435,372.09,0.000909313,-1.10437,0.717816,-3.96698,2.34294
0.405435,372.09,0.000909466,-1.27734,0.684701,-4.33809,2.56212
0.405435,372.09,0.000909618,-1.44526,0.648884,-4.69208,2.77119
0.405435,372.09,0.000909771,-1.60748,0.610505,-5.02755,2.96932
0.405435,372.09,0.000909924,-1.76336,0.569718,-5.34318,3.15573
0.405435,372.09,0.000910076,-1.91227,0.526682,-5.63772,3.32969
0.405435,372.09,0.000910229,-2.05364,0.481567,-5.91002,3.49051
0.405435,372.09,0.000910382,-2.18691,0.434552,-6.15899,3.63756
0.405435,372.09,0.000910534,-2.31154,0.385822,-6.38365,3.77024
0.405435,372.09,0.000910687,-2.42705,0.335569,-6.58312,3.88805
0.405435,372.09,0.00091084,-2.53298,0.283992,-6.7566,3.99052
0.405435,372.09,0.000910992,-2.62892,0.231294,-6.90343,4.07723
0.405435,372.09,0.000911145,-2.71448,0.177683,-7.02301,4.14785
0.405435,372.09,0.000911298,-2.78933,0.123371,-7.11487,4.20211
0.405435,372.09,0.00091145,-2.85317,0.0685723,-7.17865,4.23978
0.405435,372.09,0.000911603,-2.90575,0.0135028,-7.2141,4.26072
0.405435,372.09,0.000911756,-2.94686,-0.04162,-7.22108,4.26484
0.405435,372.09,0.000911908,-2.97634,-0.0965785,-7.19956,4.25213
0.405435,372.09,0.000912061,-2.99408,-0.151156,-7.14963,4.22264
0.405435,372.09,0.000912214,-3,-0.205137,-7.07149,4.17649
0.405435,372.09,0.000912366,-2.99408,-0.258308,-6.96543,4.11385
0.405435,372.09,0.000912519,-2.97634,-0.31046,-6.83189,4.03498
0.405435,372.09,0.000912672,-2.94686,-0.361386,-6.67138,3.94018
0.405435,372.09,0.000912824,-2.90575,-0.410887,-6.48454,3.82983
0.405435,372.09,0.000912977,-2.85317,-0.458765,-6.27212,3.70437
0.405435,372.09,0.00091313,-2.78933,-0.504834,-6.03494,3.56429
0.405435,372.09,0.000913282,-2.71448,-0.548909,-5.77394,3.41014
0.405435,372.09,0.000913435,-2.62892,-0.590819,-5.49016,3.24254
0.405435,372.09,0.000913588,-2.53298,-0.630397,-5.1847,3.06214
0.405435,372.09,0.00091374,-2.42705,-0.667487,-4.85879,2.86965
0.405435,372.09,0.000913893,-2.31154,-0.701943,-4.5137,2.66584
0.405435,372.09,0.000914046,-2.18691,-0.733628,-4.1508,2.4515
0.405435,372.09,0.000914198,-2.05364,-0.762418,-3.77151,2.22749
0.405435,372.09,0.000914351,-1.91227,-0.7882,-3.37735,1.99469
0.405435,372.09,0.000914504,-1.76336,-0.81087,-2.96985,1.75402
0.405435,372.09,0.000914656,-1.60748,-0.830341,-2.55063,1.50643
0.405435,372.09,0.000914809,-1.44526,-0.846534,-2.12135,1.25289
0.405435,372.09,0.000914962,-1.27734,-0.859387,-1.68369,0.994405
0.405435,372.09,0.000915115,-1.10437,-0.868848,-1.23939,0.731997
0.405435,372.09,0.000915267,-0.927051,-0.87488,-0.7902,0.4667
0.405435,372.09,0.00091542,-0.74607,-0.877459,-0.33789,0.199561
0.405435,372.09,0.000915573,-0.562144,-0.876576,0.115754,-0.0683654
0.405435,372.09,0.000915725,-0.376,-0.872233,0.568941,-0.336022
0.405435,372.09,0.000915878,-0.188372,-0.864447,1.01988,-0.602353
0.405435,372.09,0.000916031,-2.99881e-013,-0.85325,1.4668,-0.866306
