Amp, Phaseshift, Time, Vd, Vr, VL, VC
-0.494598,372.907,0,0,0,0,0
-0.494598,372.907,2.10526e-007,0.188372,0.00198286,0.188372,0
-0.494598,372.907,4.21053e-007,0.376,0.00591988,0.374017,0.000834888
-0.494598,372.907,6.31579e-007,0.562144,0.0117661,0.555389,0.00332747
-0.494598,372.907,8.42105e-007,0.74607,0.0194606,0.730976,0.00828161
-0.494598,372.907,1.05263e-006,0.927051,0.028927,0.899309,0.0164755
-0.494598,372.907,1.26316e-006,1.10437,0.040074,1.05897,0.0286553
-0.494598,372.907,1.47368e-006,1.27734,0.0527962,1.20861,0.0455286
-0.494598,372.907,1.68421e-006,1.44526,0.0669745,1.34694,0.0677586
-0.494598,372.907,1.89474e-006,1.60748,0.0824771,1.47275,0.0959584
-0.494598,372.907,2.10526e-006,1.76336,0.0991605,1.58492,0.130686
-0.494598,372.907,2.31579e-006,1.91227,0.11687,1.68243,0.172437
-0.494598,372.907,2.52632e-006,2.05364,0.135442,1.76433,0.221646
-0.494598,372.907,2.73684e-006,2.18691,0.154703,1.82982,0.278674
-0.494598,372.907,2.94737e-006,2.31154,0.174474,1.87816,0.343812
-0.494598,372.907,3.15789e-006,2.42705,0.194566,1.90877,0.417275
-0.494598,372.907,3.36842e-006,2.53298,0.214788,1.92114,0.499197
-0.494598,372.907,3.57895e-006,2.62892,0.234946,1.91493,0.589635
-0.494598,372.907,3.78947e-006,2.71448,0.254839,1.8899,0.688559
-0.494598,372.907,4e-006,2.78933,0.27427,1.84593,0.79586
-0.494598,372.907,4.21053e-006,2.85317,0.293039,1.78304,0.911342
-0.494598,372.907,4.42105e-006,2.90575,0.310948,1.70137,1.03473
-0.494598,372.907,4.63158e-006,2.94686,0.327803,1.60119,1.16565
-0.494598,372.907,4.84211e-006,2.97634,0.343412,1.48289,1.30367
-0.494598,372.907,5.05263e-006,2.99408,0.357591,1.34699,1.44827
-0.494598,372.907,5.26316e-006,3,0.370161,1.19414,1.59883
-0.494598,372.907,5.47368e-006,2.99408,0.380951,1.02509,1.75469
-0.494598,372.907,5.68421e-006,2.97634,0.389801,0.840702,1.91509
-0.494598,372.907,5.89474e-006,2.94686,0.396558,0.64197,2.07922
-0.494598,372.907,6.10526e-006,2.90575,0.401084,0.429973,2.24619
-0.494598,372.907,6.31579e-006,2.85317,0.403252,0.205895,2.41507
-0.494598,372.907,6.52632e-006,2.78933,0.402946,-0.0289896,2.58486
-0.494598,372.907,6.73684e-006,2.71448,0.400069,-0.273323,2.75452
-0.494598,372.907,6.94737e-006,2.62892,0.394536,-0.525669,2.92297
-0.494598,372.907,7.15789e-006,2.53298,0.386278,-0.784522,3.08909
-0.494598,372.907,7.36842e-006,2.42705,0.375243,-1.04832,3.25173
-0.494598,372.907,7.57895e-006,2.31154,0.361396,-1.31544,3.40973
-0.494598,372.907,7.78947e-006,2.18691,0.34472,-1.58422,3.5619
-0.494598,372.907,8e-006,2.05364,0.325215,-1.85298,3.70704
-0.494598,372.907,8.21053e-006,1.91227,0.3029,-2.11999,3.84398
-0.494598,372.907,8.42105e-006,1.76336,0.27781,-2.38352,3.97151
-0.494598,372.907,8.63158e-006,1.60748,0.250001,-2.64184,4.08848
-0.494598,372.907,8.84211e-006,1.44526,0.219546,-2.89322,4.19375
-0.494598,372.907,9.05263e-006,1.27734,0.186536,-3.13596,4.28619
-0.494598,372.907,9.26316e-006,1.10437,0.15108,-3.36835,4.36473
-0.494598,372.907,9.47368e-006,0.927051,0.113303,-3.58876,4.42834
-0.494598,372.907,9.68421e-006,0.74607,0.0733499,-3.79558,4.47605
-0.494598,372.907,9.89474e-006,0.562144,0.0313788,-3.98726,4.50693
-0.494598,372.907,1.01053e-005,0.376,-0.0124351,-4.16231,4.52015
-0.494598,372.907,1.03158e-005,0.188372,-0.0579018,-4.31934,4.51491
-0.494598,372.907,1.05263e-005,3.67382e-016,-0.104818,-4.45701,4.49053
-0.494598,372.907,1.07368e-005,-0.188372,-0.152966,-4.57408,4.4464
-0.494598,372.907,1.09474e-005,-0.376,-0.202118,-4.66943,4.38199
-0.494598,372.907,1.11579e-005,-0.562144,-0.252034,-4.74202,4.29689
-0.494598,372.907,1.13684e-005,-0.74607,-0.302465,-4.79092,4.19077
-0.494598,372.907,1.15789e-005,-0.927051,-0.353152,-4.81535,4.06341
-0.494598,372.907,1.17895e-005,-1.10437,-0.403833,-4.81464,3.91472
-0.494598,372.907,1.2e-005,-1.27734,-0.454235,-4.78822,3.74468
-0.494598,372.907,1.22105e-005,-1.44526,-0.504085,-4.73571,3.55343
-0.494598,372.907,1.24211e-005,-1.60748,-0.553104,-4.65682,3.34118
-0.494598,372.907,1.26316e-005,-1.76336,-0.601014,-4.55143,3.10829
-0.494598,372.907,1.28421e-005,-1.91227,-0.647535,-4.41955,2.85524
-0.494598,372.907,1.30526e-005,-2.05364,-0.692392,-4.26134,2.58259
-0.494598,372.907,1.32632e-005,-2.18691,-0.735309,-4.0771,2.29106
-0.494598,372.907,1.34737e-005,-2.31154,-0.776017,-3.86729,1.98145
-0.494598,372.907,1.36842e-005,-2.42705,-0.814254,-3.63249,1.65471
-0.494598,372.907,1.38947e-005,-2.53298,-0.849763,-3.37344,1.31187
-0.494598,372.907,1.41053e-005,-2.62892,-0.8823,-3.09102,0.95407
-0.494598,372.907,1.43158e-005,-2.71448,-0.911629,-2.78625,0.582575
-0.494598,372.907,1.45263e-005,-2.78933,-0.937527,-2.46028,0.198731
-0.494598,372.907,1.47368e-005,-2.85317,-0.959784,-2.11437,-0.196017
-0.494598,372.907,1.49474e-005,-2.90575,-0.978204,-1.74995,-0.600136
-0.494598,372.907,1.51579e-005,-2.94686,-0.99261,-1.36852,-1.01201
-0.494598,372.907,1.53684e-005,-2.97634,-1.00284,-0.971723,-1.42995
-0.494598,372.907,1.55789e-005,-2.99408,-1.00875,-0.561289,-1.8522
-0.494598,372.907,1.57895e-005,-3,-1.01021,-0.139053,-2.27694
-0.494598,372.907,1.6e-005,-2.99408,-1.00713,0.293066,-2.70229
-0.494598,372.907,1.62105e-005,-2.97634,-0.999409,0.733069,-3.12634
-0.494598,372.907,1.64211e-005,-2.94686,-0.987,1.17889,-3.54714
-0.494598,372.907,1.66316e-005,-2.90575,-0.969859,1.62839,-3.96272
-0.494598,372.907,1.68421e-005,-2.85317,-0.94797,2.07941,-4.37108
-0.494598,372.907,1.70526e-005,-2.78933,-0.921341,2.52972,-4.77023
-0.494598,372.907,1.72632e-005,-2.71448,-0.890004,2.97709,-5.15816
-0.494598,372.907,1.74737e-005,-2.62892,-0.854011,3.41925,-5.5329
-0.494598,372.907,1.76842e-005,-2.53298,-0.813444,3.85393,-5.89248
-0.494598,372.907,1.78947e-005,-2.42705,-0.768403,4.27888,-6.23499
-0.494598,372.907,1.81053e-005,-2.31154,-0.719015,4.69185,-6.55853
-0.494598,372.907,1.83158e-005,-2.18691,-0.665429,5.09063,-6.86127
-0.494598,372.907,1.85263e-005,-2.05364,-0.607818,5.47306,-7.14145
-0.494598,372.907,1.87368e-005,-1.91227,-0.546376,5.837,-7.39737
-0.494598,372.907,1.89474e-005,-1.76336,-0.48132,6.18039,-7.62743
-0.494598,372.907,1.91579e-005,-1.60748,-0.412885,6.50127,-7.83009
-0.494598,372.907,1.93684e-005,-1.44526,-0.34133,6.79771,-8.00393
-0.494598,372.907,1.95789e-005,-1.27734,-0.266931,7.06793,-8.14765
-0.494598,372.907,1.97895e-005,-1.10437,-0.189981,7.31021,-8.26004
-0.494598,372.907,2e-005,-0.927051,-0.110792,7.52297,-8.34004
-0.494598,372.907,2.02105e-005,-0.74607,-0.0296896,7.70476,-8.38669
-0.494598,372.907,2.04211e-005,-0.562144,0.0529865,7.85423,-8.39919
-0.494598,372.907,2.06316e-005,-0.376,0.136883,7.9702,-8.37688
-0.494598,372.907,2.08421e-005,-0.188372,0.221637,8.05162,-8.31924
-0.494598,372.907,2.10526e-005,-7.34764e-016,0.306875,8.0976,-8.22592
-0.494598,372.907,2.12632e-005,0.188372,0.392216,8.10742,-8.09671
-0.494598,372.907,2.14737e-005,0.376,0.477274,8.08049,-7.93157
-0.494598,372.907,2.16842e-005,0.562144,0.561658,8.01644,-7.73061
-0.494598,372.907,2.18947e-005,0.74607,0.644974,7.91502,-7.49412
-0.494598,372.907,2.21053e-005,0.927051,0.726828,7.7762,-7.22255
-0.494598,372.907,2.23158e-005,1.10437,0.80683,7.6001,-6.91652
-0.494598,372.907,2.25263e-005,1.27734,0.884588,7.38703,-6.5768
-0.494598,372.907,2.27368e-005,1.44526,0.959719,7.13748,-6.20434
-0.494598,372.907,2.29474e-005,1.60748,1.03185,6.85211,-5.80025
-0.494598,372.907,2.31579e-005,1.76336,1.1006,6.53176,-5.36579
-0.494598,372.907,2.33684e-005,1.91227,1.16563,6.17746,-4.90238
-0.494598,372.907,2.35789e-005,2.05364,1.22658,5.79039,-4.41159
-0.494598,372.907,2.37895e-005,2.18691,1.28313,5.37191,-3.89513
-0.494598,372.907,2.4e-005,2.31154,1.33495,4.92355,-3.35487
-0.494598,372.907,2.42105e-005,2.42705,1.38176,4.44697,-2.79278
-0.494598,372.907,2.44211e-005,2.53298,1.42328,3.94401,-2.21099
-0.494598,372.907,2.46316e-005,2.62892,1.45924,3.41663,-1.61171
-0.494598,372.907,2.48421e-005,2.71448,1.48942,2.86695,-0.997297
-0.494598,372.907,2.50526e-005,2.78933,1.5136,2.2972,-0.370172
-0.494598,372.907,2.52632e-005,2.85317,1.5316,1.70974,0.267135
-0.494598,372.907,2.54737e-005,2.90575,1.54325,1.10702,0.912019
-0.494598,372.907,2.56842e-005,2.94686,1.54843,0.49159,1.56181
-0.494598,372.907,2.58947e-005,2.97634,1.54702,-0.133893,2.21378
-0.494598,372.907,2.61053e-005,2.99408,1.53895,-0.766716,2.86515
-0.494598,372.907,2.63158e-005,3,1.52417,-1.4041,3.51313
-0.494598,372.907,2.65263e-005,2.99408,1.50266,-2.04322,4.15489
-0.494598,372.907,2.67368e-005,2.97634,1.47444,-2.6812,4.78759
-0.494598,372.907,2.69474e-005,2.94686,1.43954,-3.31516,5.4084
-0.494598,372.907,2.71579e-005,2.90575,1.39804,-3.94219,6.01452
-0.494598,372.907,2.73684e-005,2.85317,1.35005,-4.5594,6.60317
-0.494598,372.907,2.75789e-005,2.78933,1.29569,-5.16389,7.17162
-0.494598,372.907,2.77895e-005,2.71448,1.23514,-5.75283,7.71717
-0.494598,372.907,2.8e-005,2.62892,1.16857,-6.32339,8.23723
-0.494598,372.907,2.82105e-005,2.53298,1.09623,-6.87282,8.72926
-0.494598,372.907,2.84211e-005,2.42705,1.01835,-7.39844,9.19083
-0.494598,372.907,2.86316e-005,2.31154,0.935218,-7.89764,9.61961
-0.494598,372.907,2.88421e-005,2.18691,0.847135,-8.36792,10.0134
-0.494598,372.907,2.90526e-005,2.05364,0.754431,-8.80688,10.3701
-0.494598,372.907,2.92632e-005,1.91227,0.65746,-9.21223,10.6877
-0.494598,372.907,2.94737e-005,1.76336,0.556598,-9.58183,10.9646
-0.494598,372.907,2.96842e-005,1.60748,0.452244,-9.91367,11.1989
-0.494598,372.907,2.98947e-005,1.44526,0.344814,-10.2059,11.3893
-0.494598,372.907,3.01053e-005,1.27734,0.234742,-10.4568,11.5345
-0.494598,372.907,3.03158e-005,1.10437,0.12248,-10.6649,11.6334
-0.494598,372.907,3.05263e-005,0.927051,0.0084928,-10.8288,11.6849
-0.494598,372.907,3.07368e-005,0.74607,-0.106742,-10.9473,11.6885
-0.494598,372.907,3.09474e-005,0.562144,-0.222738,-11.0196,11.6436
-0.494598,372.907,3.11579e-005,0.376,-0.339,-11.0448,11.5498
-0.494598,372.907,3.13684e-005,0.188372,-0.455025,-11.0224,11.407
-0.494598,372.907,3.15789e-005,1.10215e-015,-0.570309,-10.952,11.2154
-0.494598,372.907,3.17895e-005,-0.188372,-0.684346,-10.8335,10.9753
-0.494598,372.907,3.2e-005,-0.376,-0.79663,-10.667,10.6872
-0.494598,372.907,3.22105e-005,-0.562144,-0.906658,-10.4527,10.3517
-0.494598,372.907,3.24211e-005,-0.74607,-1.01393,-10.1912,9.96999
-0.494598,372.907,3.26316e-005,-0.927051,-1.11797,-9.88311,9.54307
-0.494598,372.907,3.28421e-005,-1.10437,-1.21828,-9.52948,9.07235
-0.494598,372.907,3.30526e-005,-1.27734,-1.3144,-9.13141,8.55939
-0.494598,372.907,3.32632e-005,-1.44526,-1.40587,-8.69026,8.00596
-0.494598,372.907,3.34737e-005,-1.60748,-1.49227,-8.20757,7.41402
-0.494598,372.907,3.36842e-005,-1.76336,-1.57316,-7.6851,6.78569
-0.494598,372.907,3.38947e-005,-1.91227,-1.64816,-7.1248,6.12331
-0.494598,372.907,3.41053e-005,-2.05364,-1.71689,-6.52879,5.42935
-0.494598,372.907,3.43158e-005,-2.18691,-1.77898,-5.89936,4.70645
-0.494598,372.907,3.45263e-005,-2.31154,-1.83413,-5.239,3.9574
-0.494598,372.907,3.47368e-005,-2.42705,-1.88203,-4.55032,3.18513
-0.494598,372.907,3.49474e-005,-2.53298,-1.92241,-3.83609,2.3927
-0.494598,372.907,3.51579e-005,-2.62892,-1.95503,-3.09921,1.58326
-0.494598,372.907,3.53684e-005,-2.71448,-1.97969,-2.34271,0.760091
-0.494598,372.907,3.55789e-005,-2.78933,-1.99622,-1.56973,-0.0734639
-0.494598,372.907,3.57895e-005,-2.85317,-2.00446,-0.783489,-0.913976
-0.494598,372.907,3.6e-005,-2.90575,-2.00433,0.0126912,-1.75796
-0.494598,372.907,3.62105e-005,-2.94686,-1.99575,0.81543,-2.60189
-0.494598,372.907,3.64211e-005,-2.97634,-1.97868,1.62129,-3.4422
-0.494598,372.907,3.66316e-005,-2.99408,-1.95314,2.42681,-4.27533
-0.494598,372.907,3.68421e-005,-3,-1.91915,3.22847,-5.09771
-0.494598,372.907,3.70526e-005,-2.99408,-1.87681,4.02278,-5.90577
-0.494598,372.907,3.72632e-005,-2.97634,-1.82621,4.80623,-6.696
-0.494598,372.907,3.74737e-005,-2.94686,-1.76753,5.57536,-7.46494
-0.494598,372.907,3.76842e-005,-2.90575,-1.70093,6.32671,-8.20916
-0.494598,372.907,3.78947e-005,-2.85317,-1.62665,7.05692,-8.92534
-0.494598,372.907,3.81053e-005,-2.78933,-1.54493,7.76266,-9.61024
-0.494598,372.907,3.83158e-005,-2.71448,-1.45608,8.4407,-10.2607
-0.494598,372.907,3.85263e-005,-2.62892,-1.36042,9.08791,-10.8738
-0.494598,372.907,3.87368e-005,-2.53298,-1.2583,9.70127,-11.4466
-0.494598,372.907,3.89474e-005,-2.42705,-1.15012,10.2779,-11.9765
-0.494598,372.907,3.91579e-005,-2.31154,-1.03627,10.815,-12.4607
-0.494598,372.907,3.93684e-005,-2.18691,-0.91722,11.3101,-12.897
-0.494598,372.907,3.95789e-005,-2.05364,-0.793424,11.7606,-13.2832
-0.494598,372.907,3.97895e-005,-1.91227,-0.665378,12.1644,-13.6173
-0.494598,372.907,4e-005,-1.76336,-0.533595,12.5193,-13.8975
-0.494598,372.907,4.02105e-005,-1.60748,-0.39861,12.8236,-14.1221
-0.494598,372.907,4.04211e-005,-1.44526,-0.260973,13.0755,-14.29
-0.494598,372.907,4.06316e-005,-1.27734,-0.121251,13.2736,-14.3999
-0.494598,372.907,4.08421e-005,-1.10437,0.0199776,13.4167,-14.4509
-0.494598,372.907,4.10526e-005,-0.927051,0.162124,13.5039,-14.4425
-0.494598,372.907,4.12632e-005,-0.74607,0.30459,13.5343,-14.3742
-0.494598,372.907,4.14737e-005,-0.562144,0.446774,13.5075,-14.246
-0.494598,372.907,4.16842e-005,-0.376,0.588071,13.4232,-14.0579
-0.494598,372.907,4.18947e-005,-0.188372,0.727876,13.2814,-13.8103
-0.494598,372.907,4.21053e-005,-1.46953e-015,0.865585,13.0824,-13.5038
-0.494598,372.907,4.23158e-005,0.188372,1.0006,12.8266,-13.1393
-0.494598,372.907,4.25263e-005,0.376,1.13234,12.5147,-12.718
-0.494598,372.907,4.27368e-005,0.562144,1.26021,12.1478,-12.2413
-0.494598,372.907,4.29474e-005,0.74607,1.38365,11.7271,-11.7106
-0.494598,372.907,4.31579e-005,0.927051,1.50211,11.254,-11.1281
-0.494598,372.907,4.33684e-005,1.10437,1.61507,10.7303,-10.4956
-0.494598,372.907,4.35789e-005,1.27734,1.72199,10.1579,-9.81555
-0.494598,372.907,4.37895e-005,1.44526,1.8224,9.53882,-9.09051
-0.494598,372.907,4.4e-005,1.60748,1.91583,8.87559,-8.32318
-0.494598,372.907,4.42105e-005,1.76336,2.00183,8.17071,-7.51652
-0.494598,372.907,4.44211e-005,1.91227,2.08001,7.42695,-6.67364
-0.494598,372.907,4.46316e-005,2.05364,2.14998,6.64727,-5.79784
-0.494598,372.907,4.48421e-005,2.18691,2.2114,5.83477,-4.89259
-0.494598,372.907,4.50526e-005,2.31154,2.26396,4.99273,-3.96147
-0.494598,372.907,4.52632e-005,2.42705,2.30737,4.12457,-3.00823
-0.494598,372.907,4.54737e-005,2.53298,2.34141,3.23384,-2.0367
-0.494598,372.907,4.56842e-005,2.62892,2.36588,2.32421,-1.05084
-0.494598,372.907,4.58947e-005,2.71448,2.38061,1.39944,-0.0546831
-0.494598,372.907,4.61053e-005,2.78933,2.38549,0.463402,0.947679
-0.494598,372.907,4.63158e-005,2.85317,2.38044,-0.479998,1.9521
-0.494598,372.907,4.65263e-005,2.90575,2.36542,-1.42678,2.95438
-0.494598,372.907,4.67368e-005,2.94686,2.34044,-2.37294,3.95035
-0.494598,372.907,4.69474e-005,2.97634,2.30555,-3.31444,4.9358
-0.494598,372.907,4.71579e-005,2.99408,2.26084,-4.24727,5.90655
-0.494598,372.907,4.73684e-005,3,2.20645,-5.1674,6.85849
-0.494598,372.907,4.75789e-005,2.99408,2.14254,-6.07085,7.78752
-0.494598,372.907,4.77895e-005,2.97634,2.06935,-6.95372,8.68964
-0.494598,372.907,4.8e-005,2.94686,1.98711,-7.81213,9.56095
-0.494598,372.907,4.82105e-005,2.90575,1.89614,-8.64231,10.3976
-0.494598,372.907,4.84211e-005,2.85317,1.79677,-9.4406,11.196
-0.494598,372.907,4.86316e-005,2.78933,1.68936,-10.2034,11.9525
-0.494598,372.907,4.88421e-005,2.71448,1.57434,-10.9274,12.6638
-0.494598,372.907,4.90526e-005,2.62892,1.45213,-11.6093,13.3267
-0.494598,372.907,4.92632e-005,2.53298,1.32323,-12.2459,13.9381
-0.494598,372.907,4.94737e-005,2.42705,1.18813,-12.8343,14.4953
-0.494598,372.907,4.96842e-005,2.31154,1.04738,-13.3719,14.9956
-0.494598,372.907,4.98947e-005,2.18691,0.901523,-13.856,15.4366
-0.494598,372.907,5.01053e-005,2.05364,0.75116,-14.2844,15.8162
-0.494598,372.907,5.03158e-005,1.91227,0.596897,-14.655,16.1324
-0.494598,372.907,5.05263e-005,1.76336,0.43936,-14.966,16.3838
-0.494598,372.907,5.07368e-005,1.60748,0.279196,-15.2156,16.5688
-0.494598,372.907,5.09474e-005,1.44526,0.117062,-15.4027,16.6863
-0.494598,372.907,5.11579e-005,1.27734,-0.0463699,-15.526,16.7356
-0.494598,372.907,5.13684e-005,1.10437,-0.210421,-15.5849,16.7161
-0.494598,372.907,5.15789e-005,0.927051,-0.374406,-15.5786,16.6275
-0.494598,372.907,5.17895e-005,0.74607,-0.537638,-15.507,16.4698
-0.494598,372.907,5.2e-005,0.562144,-0.699428,-15.37,16.2435
-0.494598,372.907,5.22105e-005,0.376,-0.859091,-15.168,15.949
-0.494598,372.907,5.24211e-005,0.188372,-1.01595,-14.9015,15.5872
-0.494598,372.907,5.26316e-005,1.83691e-015,-1.16933,-14.5713,15.1595
-0.494598,372.907,5.28421e-005,-0.188372,-1.31858,-14.1785,14.6671
-0.494598,372.907,5.30526e-005,-0.376,-1.46305,-13.7245,14.1119
-0.494598,372.907,5.32632e-005,-0.562144,-1.60211,-13.211,13.4959
-0.494598,372.907,5.34737e-005,-0.74607,-1.73516,-12.6399,12.8213
-0.494598,372.907,5.36842e-005,-0.927051,-1.86162,-12.0132,12.0907
-0.494598,372.907,5.38947e-005,-1.10437,-1.98092,-11.3335,11.3069
-0.494598,372.907,5.41053e-005,-1.27734,-2.09253,-10.6033,10.4728
-0.494598,372.907,5.43158e-005,-1.44526,-2.19596,-9.82556,9.59177
-0.494598,372.907,5.45263e-005,-1.60748,-2.29073,-9.00329,8.66715
-0.494598,372.907,5.47368e-005,-1.76336,-2.37641,-8.13978,7.70263
-0.494598,372.907,5.49474e-005,-1.91227,-2.45261,-7.2385,6.70204
-0.494598,372.907,5.51579e-005,-2.05364,-2.51895,-6.30308,5.66936
-0.494598,372.907,5.53684e-005,-2.18691,-2.57514,-5.33732,4.60875
-0.494598,372.907,5.55789e-005,-2.31154,-2.62087,-4.34516,3.52448
-0.494598,372.907,5.57895e-005,-2.42705,-2.65593,-3.33066,2.42096
-0.494598,372.907,5.6e-005,-2.53298,-2.68012,-2.29801,1.30267
-0.494598,372.907,5.62105e-005,-2.62892,-2.6933,-1.25147,0.174196
-0.494598,372.907,5.64211e-005,-2.71448,-2.69535,-0.19538,-0.959824
-0.494598,372.907,5.66316e-005,-2.78933,-2.68624,0.865848,-2.09471
-0.494598,372.907,5.68421e-005,-2.85317,-2.66595,1.92778,-3.22576
-0.494598,372.907,5.70526e-005,-2.90575,-2.63452,2.98596,-4.34826
-0.494598,372.907,5.72632e-005,-2.94686,-2.59203,4.03592,-5.45753
-0.494598,372.907,5.74737e-005,-2.97634,-2.53863,5.07322,-6.54891
-0.494598,372.907,5.76842e-005,-2.99408,-2.47449,6.09346,-7.61781
-0.494598,372.907,5.78947e-005,-3,-2.39983,7.0923,-8.6597
-0.494598,372.907,5.81053e-005,-2.99408,-2.31493,8.06545,-9.67016
-0.494598,372.907,5.83158e-005,-2.97634,-2.2201,9.00875,-10.6449
-0.494598,372.907,5.85263e-005,-2.94686,-2.1157,9.91811,-11.5796
-0.494598,372.907,5.87368e-005,-2.90575,-2.00213,10.7896,-12.4705
-0.494598,372.907,5.89474e-005,-2.85317,-1.87982,11.6194,-13.3135
-0.494598,372.907,5.91579e-005,-2.78933,-1.74925,12.404,-14.105
-0.494598,372.907,5.93684e-005,-2.71448,-1.61094,13.1397,-14.8415
-0.494598,372.907,5.95789e-005,-2.62892,-1.46543,13.8235,-15.5198
-0.494598,372.907,5.97895e-005,-2.53298,-1.3133,14.4522,-16.1368
-0.494598,372.907,6e-005,-2.42705,-1.15516,15.0231,-16.6898
-0.494598,372.907,6.02105e-005,-2.31154,-0.991651,15.5334,-17.1762
-0.494598,372.907,6.04211e-005,-2.18691,-0.823431,15.9809,-17.5937
-0.494598,372.907,6.06316e-005,-2.05364,-0.651184,16.3635,-17.9404
-0.494598,372.907,6.08421e-005,-1.91227,-0.475612,16.6793,-18.2146
-0.494598,372.907,6.10526e-005,-1.76336,-0.297435,16.9268,-18.4148
-0.494598,372.907,6.12632e-005,-1.60748,-0.117384,17.1048,-18.5401
-0.494598,372.907,6.14737e-005,-1.44526,0.0637969,17.2122,-18.5895
-0.494598,372.907,6.16842e-005,-1.27734,0.245359,17.2484,-18.5626
-0.494598,372.907,6.18947e-005,-1.10437,0.426547,17.2129,-18.4593
-0.494598,372.907,6.21053e-005,-0.927051,0.606608,17.1057,-18.2797
-0.494598,372.907,6.23158e-005,-0.74607,0.784787,16.9271,-18.0243
-0.494598,372.907,6.25263e-005,-0.562144,0.960339,16.6774,-17.6939
-0.494598,372.907,6.27368e-005,-0.376,1.13252,16.3576,-17.2895
-0.494598,372.907,6.29474e-005,-0.188372,1.30061,15.9686,-16.8127
-0.494598,372.907,6.31579e-005,-2.20429e-015,1.4639,15.5121,-16.2651
-0.494598,372.907,6.33684e-005,0.188372,1.62168,14.9895,-15.6487
-0.494598,372.907,6.35789e-005,0.376,1.77329,14.403,-14.9659
-0.494598,372.907,6.37895e-005,0.562144,1.91808,13.7547,-14.2192
-0.494598,372.907,6.4e-005,0.74607,2.05542,13.0472,-13.4116
-0.494598,372.907,6.42105e-005,0.927051,2.18472,12.2832,-12.5462
-0.494598,372.907,6.44211e-005,1.10437,2.30541,11.4658,-11.6263
-0.494598,372.907,6.46316e-005,1.27734,2.41697,10.5982,-10.6556
-0.494598,372.907,6.48421e-005,1.44526,2.51891,9.68387,-9.63791
-0.494598,372.907,6.50526e-005,1.60748,2.61076,8.72648,-8.57732
-0.494598,372.907,6.52632e-005,1.76336,2.69213,7.72991,-7.47805
-0.494598,372.907,6.54737e-005,1.91227,2.76264,6.69819,-6.34452
-0.494598,372.907,6.56842e-005,2.05364,2.82196,5.63552,-5.1813
-0.494598,372.907,6.58947e-005,2.18691,2.86981,4.54625,-3.99311
-0.494598,372.907,6.61053e-005,2.31154,2.90597,3.43484,-2.78477
-0.494598,372.907,6.63158e-005,2.42705,2.93024,2.30585,-1.5612
-0.494598,372.907,6.65263e-005,2.53298,2.94249,1.16394,-0.327415
-0.494598,372.907,6.67368e-005,2.62892,2.94264,0.0138401,0.91153
-0.494598,372.907,6.69474e-005,2.71448,2.93064,-1.13969,2.15054
-0.494598,372.907,6.71579e-005,2.78933,2.90652,-2.29185,3.38449
-0.494598,372.907,6.73684e-005,2.85317,2.87033,-3.43784,4.60829
-0.494598,372.907,6.75789e-005,2.90575,2.8222,-4.57287,5.81685
-0.494598,372.907,6.77895e-005,2.94686,2.76228,-5.69218,7.00514
-0.494598,372.907,6.8e-005,2.97634,2.69079,-6.79108,8.16821
-0.494598,372.907,6.82105e-005,2.99408,2.608,-7.86492,9.30117
-0.494598,372.907,6.84211e-005,3,2.51422,-8.90918,10.3993
-0.494598,372.907,6.86316e-005,2.99408,2.40981,-9.91942,11.4579
-0.494598,372.907,6.88421e-005,2.97634,2.29516,-10.8914,12.4726
-0.494598,372.907,6.90526e-005,2.94686,2.17073,-11.8209,13.4389
-0.494598,372.907,6.92632e-005,2.90575,2.03701,-12.7039,14.3529
-0.494598,372.907,6.94737e-005,2.85317,1.89451,-13.5368,15.2106
-0.494598,372.907,6.96842e-005,2.78933,1.74382,-14.3158,16.0083
-0.494598,372.907,6.98947e-005,2.71448,1.58553,-15.0377,16.7426
-0.494598,372.907,7.01053e-005,2.62892,1.42028,-15.6992,17.4101
-0.494598,372.907,7.03158e-005,2.53298,1.24872,-16.2974,18.0082
-0.494598,372.907,7.05263e-005,2.42705,1.07157,-16.8298,18.5339
-0.494598,372.907,7.07368e-005,2.31154,0.889527,-17.294,18.9851
-0.494598,372.907,7.09474e-005,2.18691,0.70334,-17.6877,19.3597
-0.494598,372.907,7.11579e-005,2.05364,0.513768,-18.0094,19.6558
-0.494598,372.907,7.13684e-005,1.91227,0.321586,-18.2573,19.8721
-0.494598,372.907,7.15789e-005,1.76336,0.127582,-18.4304,20.0075
-0.494598,372.907,7.17895e-005,1.60748,-0.0674456,-18.5276,20.0612
-0.494598,372.907,7.2e-005,1.44526,-0.262693,-18.5485,20.0329
-0.494598,372.907,7.22105e-005,1.27734,-0.457355,-18.4928,19.9222
-0.494598,372.907,7.24211e-005,1.10437,-0.650623,-18.3605,19.7297
-0.494598,372.907,7.26316e-005,0.927051,-0.841697,-18.152,19.4557
-0.494598,372.907,7.28421e-005,0.74607,-1.02978,-17.868,19.1013
-0.494598,372.907,7.30526e-005,0.562144,-1.21409,-17.5094,18.6677
-0.494598,372.907,7.32632e-005,0.376,-1.39385,-17.0776,18.1565
-0.494598,372.907,7.34737e-005,0.188372,-1.56832,-16.5743,17.5697
-0.494598,372.907,7.36842e-005,2.57167e-015,-1.73676,-16.0013,16.9093
-0.494598,372.907,7.38947e-005,-0.188372,-1.89845,-15.3609,16.178
-0.494598,372.907,7.41053e-005,-0.376,-2.05272,-14.6556,15.3787
-0.494598,372.907,7.43158e-005,-0.562144,-2.19891,-13.8881,14.5144
-0.494598,372.907,7.45263e-005,-0.74607,-2.3364,-13.0615,13.5885
-0.494598,372.907,7.47368e-005,-0.927051,-2.4646,-12.1792,12.6048
-0.494598,372.907,7.49474e-005,-1.10437,-2.58297,-11.2446,11.5671
-0.494598,372.907,7.51579e-005,-1.27734,-2.69098,-10.2614,10.4795
-0.494598,372.907,7.53684e-005,-1.44526,-2.78818,-9.23377,9.34645
-0.494598,372.907,7.55789e-005,-1.60748,-2.87413,-8.16575,8.17248
-0.494598,372.907,7.57895e-005,-1.76336,-2.94847,-7.0617,6.96232
-0.494598,372.907,7.6e-005,-1.91227,-3.01085,-5.92612,5.72086
-0.494598,372.907,7.62105e-005,-2.05364,-3.06099,-4.76365,4.45313
-0.494598,372.907,7.64211e-005,-2.18691,-3.09867,-3.57905,3.16429
-0.494598,372.907,7.66316e-005,-2.31154,-3.12369,-2.37717,1.85959
-0.494598,372.907,7.68421e-005,-2.42705,-3.13593,-1.16295,0.544355
-0.494598,372.907,7.70526e-005,-2.53298,-3.13531,0.0585918,-0.776037
-0.494598,372.907,7.72632e-005,-2.62892,-3.12181,1.28243,-2.09617
-0.494598,372.907,7.74737e-005,-2.71448,-3.09546,2.5035,-3.41062
-0.494598,372.907,7.76842e-005,-2.78933,-3.05634,3.71675,-4.71397
-0.494598,372.907,7.78947e-005,-2.85317,-3.00458,4.91714,-6.00085
-0.494598,372.907,7.81053e-005,-2.90575,-2.94037,6.09968,-7.26593
-0.494598,372.907,7.83158e-005,-2.94686,-2.86396,7.25944,-8.50399
-0.494598,372.907,7.85263e-005,-2.97634,-2.77562,8.3916,-9.70986
-0.494598,372.907,7.87368e-005,-2.99408,-2.67571,9.49141,-10.8785
-0.494598,372.907,7.89474e-005,-3,-2.56462,10.5543,-12.0052
-0.494598,372.907,7.91579e-005,-2.99408,-2.44277,11.5757,-13.085
-0.494598,372.907,7.93684e-005,-2.97634,-2.31065,12.5514,-14.1135
-0.494598,372.907,7.95789e-005,-2.94686,-2.16878,13.4773,-15.0864
-0.494598,372.907,7.97895e-005,-2.90575,-2.01773,14.3495,-15.9996
-0.494598,372.907,8e-005,-2.85317,-1.85811,15.1642,-16.8492
-0.494598,372.907,8.02105e-005,-2.78933,-1.69055,15.918,-17.6315
-0.494598,372.907,8.04211e-005,-2.71448,-1.51574,16.6076,-18.3434
-0.494598,372.907,8.06316e-005,-2.62892,-1.33437,17.2302,-18.9816
-0.494598,372.907,8.08421e-005,-2.53298,-1.14718,17.7829,-19.5434
-0.494598,372.907,8.10526e-005,-2.42705,-0.954929,18.2635,-20.0264
-0.494598,372.907,8.12632e-005,-2.31154,-0.758405,18.6698,-20.4285
-0.494598,372.907,8.14737e-005,-2.18691,-0.558405,19,-20.7478
-0.494598,372.907,8.16842e-005,-2.05364,-0.355746,19.2526,-20.9829
-0.494598,372.907,8.18947e-005,-1.91227,-0.151258,19.4264,-21.1327
-0.494598,372.907,8.21053e-005,-1.76336,0.0542226,19.5206,-21.1964
-0.494598,372.907,8.23158e-005,-1.60748,0.259851,19.5347,-21.1736
-0.494598,372.907,8.25263e-005,-1.44526,0.464782,19.4685,-21.0642
-0.494598,372.907,8.27368e-005,-1.27734,0.668173,19.3221,-20.8685
-0.494598,372.907,8.29474e-005,-1.10437,0.869182,19.0959,-20.5871
-0.494598,372.907,8.31579e-005,-0.927051,1.06698,18.7909,-20.2212
-0.494598,372.907,8.33684e-005,-0.74607,1.26075,18.4081,-19.7719
-0.494598,372.907,8.35789e-005,-0.562144,1.44969,17.949,-19.2411
-0.494598,372.907,8.37895e-005,-0.376,1.63301,17.4154,-18.6307
-0.494598,372.907,8.4e-005,-0.188372,1.80995,16.8093,-17.9431
-0.494598,372.907,8.42105e-005,-2.93906e-015,1.97977,16.1331,-17.181
-0.494598,372.907,8.44211e-005,0.188372,2.14177,15.3896,-16.3474
-0.494598,372.907,8.46316e-005,0.376,2.29526,14.5817,-15.4456
-0.494598,372.907,8.48421e-005,0.562144,2.4396,13.7125,-14.4792
-0.494598,372.907,8.50526e-005,0.74607,2.57419,12.7857,-13.452
-0.494598,372.907,8.52632e-005,0.927051,2.69845,11.8049,-12.3681
-0.494598,372.907,8.54737e-005,1.10437,2.81186,10.7741,-11.2319
-0.494598,372.907,8.56842e-005,1.27734,2.91394,9.69743,-10.048
-0.494598,372.907,8.58947e-005,1.44526,3.00425,8.57933,-8.82109
-0.494598,372.907,8.61053e-005,1.60748,3.0824,7.42432,-7.55614
-0.494598,372.907,8.63158e-005,1.76336,3.14805,6.2371,-6.25829
-0.494598,372.907,8.65263e-005,1.91227,3.20092,5.02251,-4.93279
-0.494598,372.907,8.67368e-005,2.05364,3.24077,3.78552,-3.58504
-0.494598,372.907,8.69474e-005,2.18691,3.26741,2.53118,-2.22051
-0.494598,372.907,8.71579e-005,2.31154,3.28072,1.26464,-0.844754
-0.494598,372.907,8.73684e-005,2.42705,3.28063,-0.00891693,0.536602
-0.494598,372.907,8.75789e-005,2.53298,3.26711,-1.28425,1.91792
-0.494598,372.907,8.77895e-005,2.62892,3.2402,-2.55611,3.29354
-0.494598,372.907,8.8e-005,2.71448,3.2,-3.81927,4.65784
-0.494598,372.907,8.82105e-005,2.78933,3.14665,-5.06851,6.00521
-0.494598,372.907,8.84211e-005,2.85317,3.08035,-6.29869,7.33011
-0.494598,372.907,8.86316e-005,2.90575,3.00135,-7.50471,8.6271
-0.494598,372.907,8.88421e-005,2.94686,2.90996,-8.68159,9.89083
-0.494598,372.907,8.90526e-005,2.97634,2.80655,-9.82445,11.1161
-0.494598,372.907,8.92632e-005,2.99408,2.69151,-10.9285,12.2978
-0.494598,372.907,8.94737e-005,3,2.56531,-11.9893,13.431
-0.494598,372.907,8.96842e-005,2.99408,2.42844,-13.0023,14.5112
-0.494598,372.907,8.98947e-005,2.97634,2.28146,-13.9633,15.5337
-0.494598,372.907,9.01053e-005,2.94686,2.12495,-14.8683,16.4943
-0.494598,372.907,9.03158e-005,2.90575,1.95955,-15.7135,17.389
-0.494598,372.907,9.05263e-005,2.85317,1.78591,-16.4954,18.2141
-0.494598,372.907,9.07368e-005,2.78933,1.60475,-17.2107,18.966
-0.494598,372.907,9.09474e-005,2.71448,1.41679,-17.8563,19.6417
-0.494598,372.907,9.11579e-005,2.62892,1.22279,-18.4296,20.2383
-0.494598,372.907,9.13684e-005,2.53298,1.02355,-18.9281,20.7531
-0.494598,372.907,9.15789e-005,2.42705,0.819866,-19.3496,21.1841
-0.494598,372.907,9.17895e-005,2.31154,0.612578,-19.6924,21.5293
-0.494598,372.907,9.2e-005,2.18691,0.402525,-19.955,21.7872
-0.494598,372.907,9.22105e-005,2.05364,0.190566,-20.1361,21.9567
-0.494598,372.907,9.24211e-005,1.91227,-0.022434,-20.235,22.037
-0.494598,372.907,9.26316e-005,1.76336,-0.235604,-20.2512,22.0275
-0.494598,372.907,9.28421e-005,1.60748,-0.448072,-20.1844,21.9283
-0.494598,372.907,9.30526e-005,1.44526,-0.658966,-20.035,21.7396
-0.494598,372.907,9.32632e-005,1.27734,-0.867422,-19.8033,21.4622
-0.494598,372.907,9.34737e-005,1.10437,-1.07258,-19.4904,21.097
-0.494598,372.907,9.36842e-005,0.927051,-1.27361,-19.0973,20.6453
-0.494598,372.907,9.38947e-005,0.74607,-1.46967,-18.6257,20.1091
-0.494598,372.907,9.41053e-005,0.562144,-1.65996,-18.0773,19.4903
-0.494598,372.907,9.43158e-005,0.376,-1.84369,-17.4543,18.7913
-0.494598,372.907,9.45263e-005,0.188372,-2.0201,-16.7593,18.0151
-0.494598,372.907,9.47368e-005,3.30644e-015,-2.18847,-15.995,17.1645
-0.494598,372.907,9.49474e-005,-0.188372,-2.34809,-15.1644,16.243
-0.494598,372.907,9.51579e-005,-0.376,-2.49831,-14.2709,15.2544
-0.494598,372.907,9.53684e-005,-0.562144,-2.6385,-13.3182,14.2024
-0.494598,372.907,9.55789e-005,-0.74607,-2.76808,-12.31,13.0915
-0.494598,372.907,9.57895e-005,-0.927051,-2.88651,-11.2505,11.926
-0.494598,372.907,9.6e-005,-1.10437,-2.99329,-10.1438,10.7106
-0.494598,372.907,9.62105e-005,-1.27734,-3.08797,-8.99466,9.45028
-0.494598,372.907,9.64211e-005,-1.44526,-3.17015,-7.80757,8.15008
-0.494598,372.907,9.66316e-005,-1.60748,-3.23949,-6.58741,6.81528
-0.494598,372.907,9.68421e-005,-1.76336,-3.29569,-5.33914,5.45128
-0.494598,372.907,9.70526e-005,-1.91227,-3.33851,-4.06786,4.06362
-0.494598,372.907,9.72632e-005,-2.05364,-3.36776,-2.77875,2.65793
-0.494598,372.907,9.74737e-005,-2.18691,-3.38331,-1.47708,1.23993
-0.494598,372.907,9.76842e-005,-2.31154,-3.38508,-0.168156,-0.184624
-0.494598,372.907,9.78947e-005,-2.42705,-3.37305,1.14266,-1.60992
-0.494598,372.907,9.81053e-005,-2.53298,-3.34726,2.44999,-3.03016
-0.494598,372.907,9.83158e-005,-2.62892,-3.30781,3.7485,-4.43953
-0.494598,372.907,9.85263e-005,-2.71448,-3.25483,5.03286,-5.83229
-0.494598,372.907,9.87368e-005,-2.78933,-3.18854,6.29779,-7.20275
-0.494598,372.907,9.89474e-005,-2.85317,-3.10919,7.53811,-8.54529
-0.494598,372.907,9.91579e-005,-2.90575,-3.0171,8.74873,-9.85442
-0.494598,372.907,9.93684e-005,-2.94686,-2.91263,9.92465,-11.1248
-0.494598,372.907,9.95789e-005,-2.97634,-2.79619,11.0611,-12.3511
-0.494598,372.907,9.97895e-005,-2.99408,-2.66827,12.1533,-13.5285
-0.494598,372.907,0.0001,-3,-2.52935,13.1968,-14.652
-0.494598,372.907,0.000100211,-2.99408,-2.38001,14.1872,-15.717
-0.494598,372.907,0.000100421,-2.97634,-2.22085,15.1206,-16.7191
-0.494598,372.907,0.000100632,-2.94686,-2.0525,15.9931,-17.6542
-0.494598,372.907,0.000100842,-2.90575,-1.87565,16.8009,-18.5184
-0.494598,372.907,0.000101053,-2.85317,-1.69101,17.5409,-19.3081
-0.494598,372.907,0.000101263,-2.78933,-1.49933,18.2098,-20.0201
-0.494598,372.907,0.000101474,-2.71448,-1.30138,18.805,-20.6514
-0.494598,372.907,0.000101684,-2.62892,-1.09797,19.3239,-21.1994
-0.494598,372.907,0.000101895,-2.53298,-0.889924,19.7644,-21.6617
-0.494598,372.907,0.000102105,-2.42705,-0.678086,20.1245,-22.0364
-0.494598,372.907,0.000102316,-2.31154,-0.463319,20.4029,-22.3219
-0.494598,372.907,0.000102526,-2.18691,-0.246494,20.5983,-22.517
-0.494598,372.907,0.000102737,-2.05364,-0.0284963,20.7098,-22.6208
-0.494598,372.907,0.000102947,-1.91227,0.189788,20.737,-22.6328
-0.494598,372.907,0.000103158,-1.76336,0.407468,20.6796,-22.5528
-0.494598,372.907,0.000103368,-1.60748,0.623656,20.5379,-22.3813
-0.494598,372.907,0.000103579,-1.44526,0.83747,20.3124,-22.1187
-0.494598,372.907,0.000103789,-1.27734,1.04804,20.0039,-21.7661
-0.494598,372.907,0.000104,-1.10437,1.2545,19.6137,-21.3248
-0.494598,372.907,0.000104211,-0.927051,1.456,19.1432,-20.7966
-0.494598,372.907,0.000104421,-0.74607,1.65174,18.5945,-20.1835
-0.494598,372.907,0.000104632,-0.562144,1.84089,17.9696,-19.4881
-0.494598,372.907,0.000104842,-0.376,2.02269,17.2712,-18.7129
-0.494598,372.907,0.000105053,-0.188372,2.1964,16.5019,-17.8613
-0.494598,372.907,0.000105263,-3.67382e-015,2.36129,15.6649,-16.9365
-0.494598,372.907,0.000105474,0.188372,2.5167,14.7636,-15.9423
-0.494598,372.907,0.000105684,0.376,2.66198,13.8016,-14.8826
-0.494598,372.907,0.000105895,0.562144,2.79653,12.7828,-13.7618
-0.494598,372.907,0.000106105,0.74607,2.91981,11.7113,-12.5843
-0.494598,372.907,0.000106316,0.927051,3.0313,10.5915,-11.3549
-0.494598,372.907,0.000106526,1.10437,3.13054,9.42796,-10.0785
-0.494598,372.907,0.000106737,1.27734,3.21712,8.22535,-8.76043
-0.494598,372.907,0.000106947,1.44526,3.29069,6.98857,-7.40585
-0.494598,372.907,0.000107158,1.60748,3.35092,5.72264,-6.0203
-0.494598,372.907,0.000107368,1.76336,3.39758,4.43273,-4.60938
-0.494598,372.907,0.000107579,1.91227,3.43047,3.12407,-3.17882
-0.494598,372.907,0.000107789,2.05364,3.44944,1.80199,-1.73441
-0.494598,372.907,0.000108,2.18691,3.4544,0.471881,-0.282018
-0.494598,372.907,0.000108211,2.31154,3.44534,-0.860847,1.17247
-0.494598,372.907,0.000108421,2.42705,3.42228,-2.19076,2.62314
-0.494598,372.907,0.000108632,2.53298,3.38531,-3.51244,4.0641
-0.494598,372.907,0.000108842,2.62892,3.33457,-4.82049,5.48949
-0.494598,372.907,0.000109053,2.71448,3.27026,-6.10958,6.89352
-0.494598,372.907,0.000109263,2.78933,3.19263,-7.37445,8.27047
-0.494598,372.907,0.000109474,2.85317,3.102,-8.60993,9.61474
-0.494598,372.907,0.000109684,2.90575,2.99873,-9.81099,10.9208
-0.494598,372.907,0.000109895,2.94686,2.88322,-10.9727,12.1835
-0.494598,372.907,0.000110105,2.97634,2.75596,-12.0903,13.3975
-0.494598,372.907,0.000110316,2.99408,2.61744,-13.1593,14.5579
-0.494598,372.907,0.000110526,3,2.46822,-14.1753,15.6599
-0.494598,372.907,0.000110737,2.99408,2.30892,-15.1341,16.6992
-0.494598,372.907,0.000110947,2.97634,2.14016,-16.0318,17.6714
-0.494598,372.907,0.000111158,2.94686,1.96264,-16.8647,18.5725
-0.494598,372.907,0.000111368,2.90575,1.77707,-17.6294,19.3989
-0.494598,372.907,0.000111579,2.85317,1.5842,-18.3228,20.1471
-0.494598,372.907,0.000111789,2.78933,1.38481,-18.942,20.8141
-0.494598,372.907,0.000112,2.71448,1.17971,-19.4845,21.3972
-0.494598,372.907,0.000112211,2.62892,0.969729,-19.948,21.8939
-0.494598,372.907,0.000112421,2.53298,0.755722,-20.3307,22.3022
-0.494598,372.907,0.000112632,2.42705,0.538554,-20.6309,22.6204
-0.494598,372.907,0.000112842,2.31154,0.319108,-20.8474,22.8472
-0.494598,372.907,0.000113053,2.18691,0.098272,-20.9794,22.9816
-0.494598,372.907,0.000113263,2.05364,-0.123056,-21.0262,23.0229
-0.494598,372.907,0.000113474,1.91227,-0.343978,-20.9876,22.9711
-0.494598,372.907,0.000113684,1.76336,-0.563597,-20.8638,22.8263
-0.494598,372.907,0.000113895,1.60748,-0.78102,-20.6552,22.589
-0.494598,372.907,0.000114105,1.44526,-0.995364,-20.3627,22.2601
-0.494598,372.907,0.000114316,1.27734,-1.20576,-19.9874,21.841
-0.494598,372.907,0.000114526,1.10437,-1.41135,-19.5309,21.3333
-0.494598,372.907,0.000114737,0.927051,-1.61129,-18.9949,20.7391
-0.494598,372.907,0.000114947,0.74607,-1.80479,-18.3817,20.0606
-0.494598,372.907,0.000115158,0.562144,-1.99104,-17.6937,19.3007
-0.494598,372.907,0.000115368,0.376,-2.16928,-16.9337,18.4624
-0.494598,372.907,0.000115579,0.188372,-2.33881,-16.1048,17.549
-0.494598,372.907,0.000115789,-6.61694e-015,-2.49892,-15.2102,16.5643
-0.494598,372.907,0.000116,-0.188372,-2.64895,-14.2537,15.5121
-0.494598,372.907,0.000116211,-0.376,-2.78831,-13.2391,14.3967
-0.494598,372.907,0.000116421,-0.562144,-2.91643,-12.1706,13.2227
-0.494598,372.907,0.000116632,-0.74607,-3.03277,-11.0524,11.9947
-0.494598,372.907,0.000116842,-0.927051,-3.13686,-9.88903,10.7178
-0.494598,372.907,0.000117053,-1.10437,-3.22829,-8.6853,9.39701
-0.494598,372.907,0.000117263,-1.27734,-3.30666,-7.44606,8.03773
-0.494598,372.907,0.000117474,-1.44526,-3.37168,-6.17632,6.64545
-0.494598,372.907,0.000117684,-1.60748,-3.42306,-4.88125,5.22579
-0.494598,372.907,0.000117895,-1.76336,-3.4606,-3.56609,3.7845
-0.494598,372.907,0.000118105,-1.91227,-3.48414,-2.23618,2.32741
-0.494598,372.907,0.000118316,-2.05364,-3.49358,-0.896915,0.860406
-0.494598,372.907,0.000118526,-2.18691,-3.48888,0.446266,-0.610574
-0.494598,372.907,0.000118737,-2.31154,-3.47006,1.78792,-2.07958
-0.494598,372.907,0.000118947,-2.42705,-3.43719,3.12259,-3.54065
-0.494598,372.907,0.000119158,-2.53298,-3.3904,4.44486,-4.98789
-0.494598,372.907,0.000119368,-2.62892,-3.32988,5.74938,-6.41543
-0.494598,372.907,0.000119579,-2.71448,-3.25587,7.03083,-7.81749
-0.494598,372.907,0.000119789,-2.78933,-3.16867,8.28403,-9.18838
-0.494598,372.907,0.00012,-2.85317,-3.06863,9.50389,-10.5226
-0.494598,372.907,0.000120211,-2.90575,-2.95615,10.6854,-11.8146
-0.494598,372.907,0.000120421,-2.94686,-2.83169,11.8239,-13.0593
-0.494598,372.907,0.000120632,-2.97634,-2.69575,12.9147,-14.2516
-0.494598,372.907,0.000120842,-2.99408,-2.54887,13.9533,-15.3867
-0.494598,372.907,0.000121053,-3,-2.39166,14.9355,-16.4599
-0.494598,372.907,0.000121263,-2.99408,-2.22474,15.8574,-17.4669
-0.494598,372.907,0.000121474,-2.97634,-2.04879,16.7153,-18.4036
-0.494598,372.907,0.000121684,-2.94686,-1.86452,17.5055,-19.2663
-0.494598,372.907,0.000121895,-2.90575,-1.67267,18.225,-20.0513
-0.494598,372.907,0.000122105,-2.85317,-1.47403,18.8708,-20.7556
-0.494598,372.907,0.000122316,-2.78933,-1.2694,19.4403,-21.3762
-0.494598,372.907,0.000122526,-2.71448,-1.0596,19.9312,-21.9107
-0.494598,372.907,0.000122737,-2.62892,-0.845478,20.3414,-22.3569
-0.494598,372.907,0.000122947,-2.53298,-0.627905,20.6694,-22.7129
-0.494598,372.907,0.000123158,-2.42705,-0.407761,20.9137,-22.9772
-0.494598,372.907,0.000123368,-2.31154,-0.185935,21.0735,-23.1489
-0.494598,372.907,0.000123579,-2.18691,0.0366754,21.148,-23.2272
-0.494598,372.907,0.000123789,-2.05364,0.259169,21.1369,-23.2118
-0.494598,372.907,0.000124,-1.91227,0.480646,21.0403,-23.1027
-0.494598,372.907,0.000124211,-1.76336,0.700211,20.8587,-22.9003
-0.494598,372.907,0.000124421,-1.60748,0.916975,20.5926,-22.6055
-0.494598,372.907,0.000124632,-1.44526,1.13006,20.2432,-22.2194
-0.494598,372.907,0.000124842,-1.27734,1.33861,19.812,-21.7435
-0.494598,372.907,0.000125053,-1.10437,1.54177,19.3006,-21.1799
-0.494598,372.907,0.000125263,-0.927051,1.73873,18.7111,-20.5308
-0.494598,372.907,0.000125474,-0.74607,1.92869,18.046,-19.7987
-0.494598,372.907,0.000125684,-0.562144,2.11088,17.3078,-18.9866
-0.494598,372.907,0.000125895,-0.376,2.28456,16.4997,-18.0978
-0.494598,372.907,0.000126105,-0.188372,2.44903,15.6249,-17.1359
-0.494598,372.907,0.000126316,-4.40858e-015,2.60363,14.6868,-16.1047
-0.494598,372.907,0.00115789,2.35368e-014,2.56453,11.4974,-12.9121
-0.494598,372.907,0.00115811,0.188372,2.67543,10.5359,-11.8323
-0.494598,372.907,0.00115832,0.376,2.77578,9.53282,-10.7058
-0.494598,372.907,0.00115853,0.562144,2.86517,8.49212,-9.537
-0.494598,372.907,0.00115874,0.74607,2.94325,7.4179,-8.33062
-0.494598,372.907,0.00115895,0.927051,3.00972,6.31442,-7.09135
-0.494598,372.907,0.00115916,1.10437,3.06431,5.18601,-5.8241
-0.494598,372.907,0.00115937,1.27734,3.10681,4.03713,-4.53387
-0.494598,372.907,0.00115958,1.44526,3.13704,2.87232,-3.22574
-0.494598,372.907,0.00115979,1.60748,3.15489,1.69618,-1.90488
-0.494598,372.907,0.00116,1.76336,3.1603,0.513341,-0.576503
-0.494598,372.907,0.00116021,1.91227,3.15323,-0.671524,0.754149
-0.494598,372.907,0.00116042,2.05364,3.13372,-1.85374,2.08182
-0.494598,372.907,0.00116063,2.18691,3.10184,-3.02864,3.40128
-0.494598,372.907,0.00116084,2.31154,3.05771,-4.19158,4.70732
-0.494598,372.907,0.00116105,2.42705,3.00153,-5.33798,5.99478
-0.494598,372.907,0.00116126,2.53298,2.93349,-6.46332,7.25858
-0.494598,372.907,0.00116147,2.62892,2.85388,-7.56315,8.49373
-0.494598,372.907,0.00116168,2.71448,2.763,-8.63313,9.69537
-0.494598,372.907,0.00116189,2.78933,2.66122,-9.66904,10.8587
-0.494598,372.907,0.00116211,2.85317,2.54894,-10.6668,11.9793
-0.494598,372.907,0.00116232,2.90575,2.4266,-11.6224,13.0525
-0.494598,372.907,0.00116253,2.94686,2.29468,-12.5322,14.0742
-0.494598,372.907,0.00116274,2.97634,2.15371,-13.3926,15.0404
-0.494598,372.907,0.00116295,2.99408,2.00423,-14.2,15.9472
-0.494598,372.907,0.00116316,3,1.84685,-14.9515,16.7911
-0.494598,372.907,0.00116337,2.99408,1.68218,-15.6439,17.5687
-0.494598,372.907,0.00116358,2.97634,1.51087,-16.2746,18.277
-0.494598,372.907,0.00116379,2.94686,1.33359,-16.841,18.9132
-0.494598,372.907,0.001164,2.90575,1.15106,-17.341,19.4747
-0.494598,372.907,0.00116421,2.85317,0.963976,-17.7726,19.9593
-0.494598,372.907,0.00116442,2.78933,0.773092,-18.134,20.3652
-0.494598,372.907,0.00116463,2.71448,0.579157,-18.4238,20.6907
-0.494598,372.907,0.00116484,2.62892,0.382936,-18.641,20.9346
-0.494598,372.907,0.00116505,2.53298,0.185204,-18.7845,21.0958
-0.494598,372.907,0.00116526,2.42705,-0.0132591,-18.854,21.1738
-0.494598,372.907,0.00116547,2.31154,-0.21167,-18.849,21.1682
-0.494598,372.907,0.00116568,2.18691,-0.409245,-18.7696,21.0791
-0.494598,372.907,0.00116589,2.05364,-0.605205,-18.6162,20.9068
-0.494598,372.907,0.00116611,1.91227,-0.798777,-18.3893,20.652
-0.494598,372.907,0.00116632,1.76336,-0.989196,-18.0898,20.3156
-0.494598,372.907,0.00116653,1.60748,-1.17571,-17.719,19.8991
-0.494598,372.907,0.00116674,1.44526,-1.35759,-17.2782,19.4041
-0.494598,372.907,0.00116695,1.27734,-1.5341,-16.7692,18.8325
-0.494598,372.907,0.00116716,1.10437,-1.70457,-16.194,18.1865
-0.494598,372.907,0.00116737,0.927051,-1.8683,-15.5549,17.4688
-0.494598,372.907,0.00116758,0.74607,-2.02467,-14.8545,16.6822
-0.494598,372.907,0.00116779,0.562144,-2.17304,-14.0954,15.8297
-0.494598,372.907,0.001168,0.376,-2.31283,-13.2806,14.9147
-0.494598,372.907,0.00116821,0.188372,-2.4435,-12.4135,13.9409
-0.494598,372.907,0.00116842,8.80497e-015,-2.56453,-11.4974,12.9121
-0.494598,372.907,0.00116863,-0.188372,-2.67543,-10.5359,11.8323
-0.494598,372.907,0.00116884,-0.376,-2.77578,-9.53282,10.7058
-0.494598,372.907,0.00116905,-0.562144,-2.86517,-8.49212,9.537
-0.494598,372.907,0.00116926,-0.74607,-2.94325,-7.4179,8.33062
-0.494598,372.907,0.00116947,-0.927051,-3.00972,-6.31442,7.09135
-0.494598,372.907,0.00116968,-1.10437,-3.06431,-5.18601,5.8241
-0.494598,372.907,0.00116989,-1.27734,-3.10681,-4.03713,4.53387
-0.494598,372.907,0.00117011,-1.44526,-3.13704,-2.87232,3.22574
-0.494598,372.907,0.00117032,-1.60748,-3.15489,-1.69618,1.90488
-0.494598,372.907,0.00117053,-1.76336,-3.1603,-0.51334,0.576503
-0.494598,372.907,0.00117074,-1.91227,-3.15323,0.671524,-0.754149
-0.494598,372.907,0.00117095,-2.05364,-3.13372,1.85374,-2.08182
-0.494598,372.907,0.00117116,-2.18691,-3.10184,3.02864,-3.40128
-0.494598,372.907,0.00117137,-2.31154,-3.05771,4.19158,-4.70732
-0.494598,372.907,0.00117158,-2.42705,-3.00153,5.33798,-5.99478
-0.494598,372.907,0.00117179,-2.53298,-2.93349,6.46332,-7.25858
-0.494598,372.907,0.001172,-2.62892,-2.85388,7.56315,-8.49373
-0.494598,372.907,0.00117221,-2.71448,-2.763,8.63313,-9.69537
-0.494598,372.907,0.00117242,-2.78933,-2.66122,9.66904,-10.8587
-0.494598,372.907,0.00117263,-2.85317,-2.54894,10.6668,-11.9793
-0.494598,372.907,0.00117284,-2.90575,-2.4266,11.6224,-13.0525
-0.494598,372.907,0.00117305,-2.94686,-2.29468,12.5322,-14.0742
-0.494598,372.907,0.00117326,-2.97634,-2.15371,13.3926,-15.0404
-0.494598,372.907,0.00117347,-2.99408,-2.00423,14.2,-15.9472
-0.494598,372.907,0.00117368,-3,-1.84685,14.9515,-16.7911
-0.494598,372.907,0.00117389,-2.99408,-1.68218,15.6439,-17.5687
-0.494598,372.907,0.00117411,-2.97634,-1.51087,16.2746,-18.277
-0.494598,372.907,0.00117432,-2.94686,-1.33359,16.841,-18.9132
-0.494598,372.907,0.00117453,-2.90575,-1.15106,17.341,-19.4747
-0.494598,372.907,0.00117474,-2.85317,-0.963976,17.7726,-19.9593
-0.494598,372.907,0.00117495,-2.78933,-0.773092,18.134,-20.3652
-0.494598,372.907,0.00117516,-2.71448,-0.579157,18.4238,-20.6907
-0.494598,372.907,0.00117537,-2.62892,-0.382936,18.641,-20.9346
-0.494598,372.907,0.00117558,-2.53298,-0.185204,18.7845,-21.0958
-0.494598,372.907,0.00117579,-2.42705,0.0132591,18.854,-21.1738
-0.494598,372.907,0.001176,-2.31154,0.21167,18.849,-21.1682
-0.494598,372.907,0.00117621,-2.18691,0.409245,18.7696,-21.0791
-0.494598,372.907,0.00117642,-2.05364,0.605205,18.6162,-20.9068
-0.494598,372.907,0.00117663,-1.91227,0.798777,18.3893,-20.652
-0.494598,372.907,0.00117684,-1.76336,0.989196,18.0898,-20.3156
-0.494598,372.907,0.00117705,-1.60748,1.17571,17.719,-19.8991
-0.494598,372.907,0.00117726,-1.44526,1.35759,17.2782,-19.4041
-0.494598,372.907,0.00117747,-1.27734,1.5341,16.7692,-18.8325
-0.494598,372.907,0.00117768,-1.10437,1.70457,16.194,-18.1865
-0.494598,372.907,0.00117789,-0.927051,1.8683,15.5549,-17.4688
-0.494598,372.907,0.00117811,-0.74607,2.02467,14.8545,-16.6822
-0.494598,372.907,0.00117832,-0.562144,2.17304,14.0954,-15.8297
-0.494598,372.907,0.00117853,-0.376,2.31283,13.2806,-14.9147
-0.494598,372.907,0.00117874,-0.188372,2.4435,12.4135,-13.9409
-0.494598,372.907,0.00117895,-4.11468e-014,2.56453,11.4974,-12.9121
-0.494598,372.907,0.00117916,0.188372,2.67543,10.5359,-11.8323
-0.494598,372.907,0.00117937,0.376,2.77578,9.53282,-10.7058
-0.494598,372.907,0.00117958,0.562144,2.86517,8.49212,-9.537
-0.494598,372.907,0.00117979,0.74607,2.94325,7.4179,-8.33062
-0.494598,372.907,0.00118,0.927051,3.00972,6.31442,-7.09135
-0.494598,372.907,0.00118021,1.10437,3.06431,5.18601,-5.8241
-0.494598,372.907,0.00118042,1.27734,3.10681,4.03713,-4.53387
-0.494598,372.907,0.00118063,1.44526,3.13704,2.87232,-3.22574
-0.494598,372.907,0.00118084,1.60748,3.15489,1.69618,-1.90488
-0.494598,372.907,0.00118105,1.76336,3.1603,0.51334,-0.576503
-0.494598,372.907,0.00118126,1.91227,3.15323,-0.671524,0.754149
-0.494598,372.907,0.00118147,2.05364,3.13372,-1.85374,2.08183
-0.494598,372.907,0.00118168,2.18691,3.10184,-3.02864,3.40128
-0.494598,372.907,0.00118189,2.31154,3.05771,-4.19158,4.70732
-0.494598,372.907,0.00118211,2.42705,3.00153,-5.33798,5.99478
-0.494598,372.907,0.00118232,2.53298,2.93349,-6.46332,7.25858
-0.494598,372.907,0.00118253,2.62892,2.85388,-7.56315,8.49373
-0.494598,372.907,0.00118274,2.71448,2.763,-8.63313,9.69537
-0.494598,372.907,0.00118295,2.78933,2.66122,-9.66904,10.8587
-0.494598,372.907,0.00118316,2.85317,2.54894,-10.6668,11.9793
-0.494598,372.907,0.00118337,2.90575,2.4266,-11.6224,13.0525
-0.494598,372.907,0.00118358,2.94686,2.29468,-12.5322,14.0742
-0.494598,372.907,0.00118379,2.97634,2.15371,-13.3926,15.0404
-0.494598,372.907,0.001184,2.99408,2.00423,-14.2,15.9472
-0.494598,372.907,0.00118421,3,1.84685,-14.9515,16.7911
-0.494598,372.907,0.00118442,2.99408,1.68218,-15.6439,17.5687
-0.494598,372.907,0.00118463,2.97634,1.51087,-16.2746,18.277
-0.494598,372.907,0.00118484,2.94686,1.33359,-16.841,18.9132
-0.494598,372.907,0.00118505,2.90575,1.15106,-17.341,19.4747
-0.494598,372.907,0.00118526,2.85317,0.963976,-17.7726,19.9593
-0.494598,372.907,0.00118547,2.78933,0.773092,-18.134,20.3652
-0.494598,372.907,0.00118568,2.71448,0.579157,-18.4238,20.6907
-0.494598,372.907,0.00118589,2.62892,0.382936,-18.641,20.9346
-0.494598,372.907,0.00118611,2.53298,0.185204,-18.7845,21.0958
-0.494598,372.907,0.00118632,2.42705,-0.0132591,-18.854,21.1738
-0.494598,372.907,0.00118653,2.31154,-0.21167,-18.849,21.1682
-0.494598,372.907,0.00118674,2.18691,-0.409245,-18.7696,21.0791
-0.494598,372.907,0.00118695,2.05364,-0.605205,-18.6162,20.9068
-0.494598,372.907,0.00118716,1.91227,-0.798777,-18.3893,20.652
-0.494598,372.907,0.00118737,1.76336,-0.989196,-18.0898,20.3156
-0.494598,372.907,0.00118758,1.60748,-1.17571,-17.719,19.8991
-0.494598,372.907,0.00118779,1.44526,-1.35759,-17.2782,19.4041
-0.494598,372.907,0.001188,1.27734,-1.5341,-16.7692,18.8325
-0.494598,372.907,0.00118821,1.10437,-1.70457,-16.194,18.1865
-0.494598,372.907,0.00118842,0.927051,-1.8683,-15.5549,17.4688
-0.494598,372.907,0.00118863,0.74607,-2.02467,-14.8545,16.6822
-0.494598,372.907,0.00118884,0.562144,-2.17304,-14.0954,15.8297
-0.494598,372.907,0.00118905,0.376,-2.31283,-13.2806,14.9147
-0.494598,372.907,0.00118926,0.188372,-2.4435,-12.4135,13.9409
-0.494598,372.907,0.00118947,7.34886e-014,-2.56453,-11.4974,12.9121
-0.494598,372.907,0.00118968,-0.188372,-2.67543,-10.5359,11.8323
-0.494598,372.907,0.00118989,-0.376,-2.77578,-9.53282,10.7058
-0.494598,372.907,0.00119011,-0.562144,-2.86517,-8.49212,9.537
-0.494598,372.907,0.00119032,-0.74607,-2.94325,-7.4179,8.33062
-0.494598,372.907,0.00119053,-0.927051,-3.00972,-6.31442,7.09135
-0.494598,372.907,0.00119074,-1.10437,-3.06431,-5.18601,5.8241
-0.494598,372.907,0.00119095,-1.27734,-3.10681,-4.03713,4.53387
-0.494598,372.907,0.00119116,-1.44526,-3.13704,-2.87232,3.22574
-0.494598,372.907,0.00119137,-1.60748,-3.15489,-1.69618,1.90488
-0.494598,372.907,0.00119158,-1.76336,-3.1603,-0.51334,0.576502
-0.494598,372.907,0.00119179,-1.91227,-3.15323,0.671524,-0.75415
-0.494598,372.907,0.001192,-2.05364,-3.13372,1.85374,-2.08183
-0.494598,372.907,0.00119221,-2.18691,-3.10184,3.02864,-3.40128
-0.494598,372.907,0.00119242,-2.31154,-3.05771,4.19158,-4.70732
-0.494598,372.907,0.00119263,-2.42705,-3.00153,5.33798,-5.99478
-0.494598,372.907,0.00119284,-2.53298,-2.93349,6.46332,-7.25858
-0.494598,372.907,0.00119305,-2.62892,-2.85388,7.56315,-8.49373
-0.494598,372.907,0.00119326,-2.71448,-2.763,8.63313,-9.69537
-0.494598,372.907,0.00119347,-2.78933,-2.66122,9.66904,-10.8587
-0.494598,372.907,0.00119368,-2.85317,-2.54894,10.6668,-11.9793
-0.494598,372.907,0.00119389,-2.90575,-2.4266,11.6224,-13.0525
-0.494598,372.907,0.00119411,-2.94686,-2.29468,12.5322,-14.0742
-0.494598,372.907,0.00119432,-2.97634,-2.15371,13.3926,-15.0404
-0.494598,372.907,0.00119453,-2.99408,-2.00423,14.2,-15.9472
-0.494598,372.907,0.00119474,-3,-1.84685,14.9515,-16.7911
-0.494598,372.907,0.00119495,-2.99408,-1.68218,15.6439,-17.5687
-0.494598,372.907,0.00119516,-2.97634,-1.51087,16.2746,-18.277
-0.494598,372.907,0.00119537,-2.94686,-1.33359,16.841,-18.9132
-0.494598,372.907,0.00119558,-2.90575,-1.15106,17.341,-19.4747
-0.494598,372.907,0.00119579,-2.85317,-0.963976,17.7726,-19.9593
-0.494598,372.907,0.001196,-2.78933,-0.773092,18.134,-20.3652
-0.494598,372.907,0.00119621,-2.71448,-0.579157,18.4238,-20.6907
-0.494598,372.907,0.00119642,-2.62892,-0.382936,18.641,-20.9346
-0.494598,372.907,0.00119663,-2.53298,-0.185204,18.7845,-21.0958
-0.494598,372.907,0.00119684,-2.42705,0.0132591,18.854,-21.1738
-0.494598,372.907,0.00119705,-2.31154,0.21167,18.849,-21.1682
-0.494598,372.907,0.00119726,-2.18691,0.409245,18.7696,-21.0791
-0.494598,372.907,0.00119747,-2.05364,0.605205,18.6162,-20.9068
-0.494598,372.907,0.00119768,-1.91227,0.798777,18.3893,-20.652
-0.494598,372.907,0.00119789,-1.76336,0.989196,18.0898,-20.3156
-0.494598,372.907,0.00119811,-1.60748,1.17571,17.719,-19.8991
-0.494598,372.907,0.00119832,-1.44526,1.35759,17.2782,-19.4041
-0.494598,372.907,0.00119853,-1.27734,1.5341,16.7692,-18.8325
-0.494598,372.907,0.00119874,-1.10437,1.70457,16.194,-18.1865
-0.494598,372.907,0.00119895,-0.927051,1.8683,15.5549,-17.4688
-0.494598,372.907,0.00119916,-0.74607,2.02467,14.8545,-16.6822
-0.494598,372.907,0.00119937,-0.562144,2.17304,14.0954,-15.8297
-0.494598,372.907,0.00119958,-0.376,2.31283,13.2806,-14.9147
-0.494598,372.907,0.00119979,-0.188372,2.4435,12.4135,-13.9409
-0.494598,372.907,0.0012,6.46999e-014,2.56453,11.4974,-12.9121
-0.494598,372.907,0.00120021,0.188372,2.67543,10.5359,-11.8323
-0.494598,372.907,0.00120042,0.376,2.77578,9.53282,-10.7058
-0.494598,372.907,0.00120063,0.562144,2.86517,8.49212,-9.537
-0.494598,372.907,0.00120084,0.74607,2.94325,7.4179,-8.33062
-0.494598,372.907,0.00120105,0.927051,3.00972,6.31442,-7.09135
-0.494598,372.907,0.00120126,1.10437,3.06431,5.18601,-5.8241
-0.494598,372.907,0.00120147,1.27734,3.10681,4.03713,-4.53387
-0.494598,372.907,0.00120168,1.44526,3.13704,2.87232,-3.22574
-0.494598,372.907,0.00120189,1.60748,3.15489,1.69618,-1.90488
-0.494598,372.907,0.00120211,1.76336,3.1603,0.51334,-0.576502
-0.494598,372.907,0.00120232,1.91227,3.15323,-0.671524,0.75415
-0.494598,372.907,0.00120253,2.05364,3.13372,-1.85374,2.08183
-0.494598,372.907,0.00120274,2.18691,3.10184,-3.02864,3.40129
-0.494598,372.907,0.00120295,2.31154,3.05771,-4.19158,4.70732
-0.494598,372.907,0.00120316,2.42705,3.00153,-5.33798,5.99478
-0.494598,372.907,0.00120337,2.53298,2.93349,-6.46332,7.25858
-0.494598,372.907,0.00120358,2.62892,2.85388,-7.56315,8.49373
-0.494598,372.907,0.00120379,2.71448,2.763,-8.63313,9.69537
-0.494598,372.907,0.001204,2.78933,2.66122,-9.66904,10.8587
-0.494598,372.907,0.00120421,2.85317,2.54894,-10.6668,11.9793
-0.494598,372.907,0.00120442,2.90575,2.4266,-11.6224,13.0525
-0.494598,372.907,0.00120463,2.94686,2.29468,-12.5322,14.0742
-0.494598,372.907,0.00120484,2.97634,2.15371,-13.3926,15.0404
-0.494598,372.907,0.00120505,2.99408,2.00423,-14.2,15.9472
-0.494598,372.907,0.00120526,3,1.84685,-14.9515,16.7911
-0.494598,372.907,0.00120547,2.99408,1.68218,-15.6439,17.5687
-0.494598,372.907,0.00120568,2.97634,1.51087,-16.2746,18.277
-0.494598,372.907,0.00120589,2.94686,1.33359,-16.841,18.9132
-0.494598,372.907,0.00120611,2.90575,1.15106,-17.341,19.4747
-0.494598,372.907,0.00120632,2.85317,0.963976,-17.7726,19.9593
-0.494598,372.907,0.00120653,2.78933,0.773092,-18.134,20.3652
-0.494598,372.907,0.00120674,2.71448,0.579157,-18.4238,20.6907
-0.494598,372.907,0.00120695,2.62892,0.382936,-18.641,20.9346
-0.494598,372.907,0.00120716,2.53298,0.185204,-18.7845,21.0958
-0.494598,372.907,0.00120737,2.42705,-0.0132592,-18.854,21.1738
-0.494598,372.907,0.00120758,2.31154,-0.21167,-18.849,21.1682
-0.494598,372.907,0.00120779,2.18691,-0.409245,-18.7696,21.0791
-0.494598,372.907,0.001208,2.05364,-0.605205,-18.6162,20.9068
-0.494598,372.907,0.00120821,1.91227,-0.798777,-18.3893,20.652
-0.494598,372.907,0.00120842,1.76336,-0.989196,-18.0898,20.3156
-0.494598,372.907,0.00120863,1.60748,-1.17571,-17.719,19.8991
-0.494598,372.907,0.00120884,1.44526,-1.35759,-17.2782,19.4041
-0.494598,372.907,0.00120905,1.27734,-1.5341,-16.7692,18.8325
-0.494598,372.907,0.00120926,1.10437,-1.70457,-16.194,18.1865
-0.494598,372.907,0.00120947,0.927051,-1.8683,-15.5549,17.4688
-0.494598,372.907,0.00120968,0.74607,-2.02467,-14.8545,16.6822
-0.494598,372.907,0.00120989,0.562144,-2.17304,-14.0954,15.8297
-0.494598,372.907,0.00121011,0.376,-2.31283,-13.2806,14.9147
-0.494598,372.907,0.00121032,0.188372,-2.4435,-12.4135,13.9409
-0.494598,372.907,0.00121053,-3.23581e-014,-2.56453,-11.4974,12.9121
-0.494598,372.907,0.00121074,-0.188372,-2.67543,-10.5359,11.8323
-0.494598,372.907,0.00121095,-0.376,-2.77578,-9.53282,10.7058
-0.494598,372.907,0.00121116,-0.562144,-2.86517,-8.49212,9.537
-0.494598,372.907,0.00121137,-0.74607,-2.94325,-7.4179,8.33062
-0.494598,372.907,0.00121158,-0.927051,-3.00972,-6.31442,7.09135
-0.494598,372.907,0.00121179,-1.10437,-3.06431,-5.18601,5.8241
-0.494598,372.907,0.001212,-1.27734,-3.10681,-4.03713,4.53387
-0.494598,372.907,0.00121221,-1.44526,-3.13704,-2.87232,3.22574
-0.494598,372.907,0.00121242,-1.60748,-3.15489,-1.69618,1.90488
-0.494598,372.907,0.00121263,-1.76336,-3.1603,-0.51334,0.576502
-0.494598,372.907,0.00121284,-1.91227,-3.15323,0.671524,-0.75415
-0.494598,372.907,0.00121305,-2.05364,-3.13372,1.85374,-2.08183
-0.494598,372.907,0.00121326,-2.18691,-3.10184,3.02864,-3.40129
-0.494598,372.907,0.00121347,-2.31154,-3.05771,4.19158,-4.70732
-0.494598,372.907,0.00121368,-2.42705,-3.00153,5.33798,-5.99478
-0.494598,372.907,0.00121389,-2.53298,-2.93349,6.46332,-7.25858
-0.494598,372.907,0.00121411,-2.62892,-2.85388,7.56315,-8.49373
-0.494598,372.907,0.00121432,-2.71448,-2.763,8.63313,-9.69537
-0.494598,372.907,0.00121453,-2.78933,-2.66122,9.66904,-10.8587
-0.494598,372.907,0.00121474,-2.85317,-2.54894,10.6668,-11.9793
-0.494598,372.907,0.00121495,-2.90575,-2.4266,11.6224,-13.0525
-0.494598,372.907,0.00121516,-2.94686,-2.29468,12.5322,-14.0742
-0.494598,372.907,0.00121537,-2.97634,-2.15371,13.3926,-15.0404
-0.494598,372.907,0.00121558,-2.99408,-2.00423,14.2,-15.9472
-0.494598,372.907,0.00121579,-3,-1.84685,14.9515,-16.7911
-0.494598,372.907,0.001216,-2.99408,-1.68218,15.6439,-17.5687
-0.494598,372.907,0.00121621,-2.97634,-1.51087,16.2746,-18.277
-0.494598,372.907,0.00121642,-2.94686,-1.33359,16.841,-18.9132
-0.494598,372.907,0.00121663,-2.90575,-1.15106,17.341,-19.4747
-0.494598,372.907,0.00121684,-2.85317,-0.963976,17.7726,-19.9593
-0.494598,372.907,0.00121705,-2.78933,-0.773092,18.134,-20.3652
-0.494598,372.907,0.00121726,-2.71448,-0.579157,18.4238,-20.6907
-0.494598,372.907,0.00121747,-2.62892,-0.382936,18.641,-20.9346
-0.494598,372.907,0.00121768,-2.53298,-0.185204,18.7845,-21.0958
-0.494598,372.907,0.00121789,-2.42705,0.0132592,18.854,-21.1738
-0.494598,372.907,0.00121811,-2.31154,0.21167,18.849,-21.1682
-0.494598,372.907,0.00121832,-2.18691,0.409245,18.7696,-21.0791
-0.494598,372.907,0.00121853,-2.05364,0.605205,18.6162,-20.9068
-0.494598,372.907,0.00121874,-1.91227,0.798777,18.3893,-20.652
-0.494598,372.907,0.00121895,-1.76336,0.989196,18.0898,-20.3156
-0.494598,372.907,0.00121916,-1.60748,1.17571,17.719,-19.8991
-0.494598,372.907,0.00121937,-1.44526,1.35759,17.2782,-19.4041
-0.494598,372.907,0.00121958,-1.27734,1.5341,16.7692,-18.8325
-0.494598,372.907,0.00121979,-1.10437,1.70457,16.194,-18.1865
-0.494598,372.907,0.00122,-0.927051,1.8683,15.5549,-17.4688
-0.494598,372.907,0.00122021,-0.74607,2.02467,14.8545,-16.6822
-0.494598,372.907,0.00122042,-0.562144,2.17304,14.0954,-15.8297
-0.494598,372.907,0.00122063,-0.376,2.31283,13.2806,-14.9147
-0.494598,372.907,0.00122084,-0.188372,2.4435,12.4135,-13.9409
-0.494598,372.907,0.00122105,1.6263e-017,2.56453,11.4974,-12.9121
-0.494598,372.907,0.00122126,0.188372,2.67543,10.5359,-11.8323
-0.494598,372.907,0.00122147,0.376,2.77578,9.53282,-10.7058
-0.494598,372.907,0.00122168,0.562144,2.86517,8.49212,-9.537
-0.494598,372.907,0.00122189,0.74607,2.94325,7.4179,-8.33062
-0.494598,372.907,0.00122211,0.927051,3.00972,6.31442,-7.09135
-0.494598,372.907,0.00122232,1.10437,3.06431,5.18601,-5.8241
-0.494598,372.907,0.00122253,1.27734,3.10681,4.03713,-4.53387
-0.494598,372.907,0.00122274,1.44526,3.13704,2.87232,-3.22574
-0.494598,372.907,0.00122295,1.60748,3.15489,1.69618,-1.90488
-0.494598,372.907,0.00122316,1.76336,3.1603,0.51334,-0.576502
-0.494598,372.907,0.00122337,1.91227,3.15323,-0.671524,0.75415
-0.494598,372.907,0.00122358,2.05364,3.13372,-1.85374,2.08183
-0.494598,372.907,0.00122379,2.18691,3.10184,-3.02864,3.40129
-0.494598,372.907,0.001224,2.31154,3.05771,-4.19158,4.70732
-0.494598,372.907,0.00122421,2.42705,3.00153,-5.33798,5.99478
-0.494598,372.907,0.00122442,2.53298,2.93349,-6.46332,7.25858
-0.494598,372.907,0.00122463,2.62892,2.85388,-7.56315,8.49373
-0.494598,372.907,0.00122484,2.71448,2.763,-8.63313,9.69537
-0.494598,372.907,0.00122505,2.78933,2.66122,-9.66904,10.8587
-0.494598,372.907,0.00122526,2.85317,2.54894,-10.6668,11.9793
-0.494598,372.907,0.00122547,2.90575,2.4266,-11.6224,13.0525
-0.494598,372.907,0.00122568,2.94686,2.29468,-12.5322,14.0742
-0.494598,372.907,0.00122589,2.97634,2.15371,-13.3926,15.0404
-0.494598,372.907,0.00122611,2.99408,2.00423,-14.2,15.9472
-0.494598,372.907,0.00122632,3,1.84685,-14.9515,16.7911
-0.494598,372.907,0.00122653,2.99408,1.68218,-15.6439,17.5687
-0.494598,372.907,0.00122674,2.97634,1.51087,-16.2746,18.277
-0.494598,372.907,0.00122695,2.94686,1.33359,-16.841,18.9132
-0.494598,372.907,0.00122716,2.90575,1.15106,-17.341,19.4747
-0.494598,372.907,0.00122737,2.85317,0.963976,-17.7726,19.9593
-0.494598,372.907,0.00122758,2.78933,0.773092,-18.134,20.3652
-0.494598,372.907,0.00122779,2.71448,0.579157,-18.4238,20.6907
-0.494598,372.907,0.001228,2.62892,0.382936,-18.641,20.9346
-0.494598,372.907,0.00122821,2.53298,0.185204,-18.7845,21.0958
-0.494598,372.907,0.00122842,2.42705,-0.0132592,-18.854,21.1738
-0.494598,372.907,0.00122863,2.31154,-0.21167,-18.849,21.1682
-0.494598,372.907,0.00122884,2.18691,-0.409245,-18.7696,21.0791
-0.494598,372.907,0.00122905,2.05364,-0.605205,-18.6162,20.9068
-0.494598,372.907,0.00122926,1.91227,-0.798777,-18.3893,20.652
-0.494598,372.907,0.00122947,1.76336,-0.989196,-18.0898,20.3156
-0.494598,372.907,0.00122968,1.60748,-1.17571,-17.719,19.8991
-0.494598,372.907,0.00122989,1.44526,-1.35759,-17.2782,19.4041
-0.494598,372.907,0.00123011,1.27734,-1.5341,-16.7692,18.8325
-0.494598,372.907,0.00123032,1.10437,-1.70457,-16.194,18.1865
-0.494598,372.907,0.00123053,0.927051,-1.8683,-15.5549,17.4688
-0.494598,372.907,0.00123074,0.74607,-2.02467,-14.8545,16.6822
-0.494598,372.907,0.00123095,0.562144,-2.17304,-14.0954,15.8297
-0.494598,372.907,0.00123116,0.376,-2.31283,-13.2806,14.9147
-0.494598,372.907,0.00123137,0.188372,-2.4435,-12.4135,13.9409
-0.494598,372.907,0.00123158,3.23255e-014,-2.56453,-11.4974,12.9121
-0.494598,372.907,0.00123179,-0.188372,-2.67543,-10.5359,11.8322
-0.494598,372.907,0.001232,-0.376,-2.77578,-9.53282,10.7058
-0.494598,372.907,0.00123221,-0.562144,-2.86517,-8.49212,9.537
-0.494598,372.907,0.00123242,-0.74607,-2.94325,-7.4179,8.33062
-0.494598,372.907,0.00123263,-0.927051,-3.00972,-6.31442,7.09135
-0.494598,372.907,0.00123284,-1.10437,-3.06431,-5.18601,5.8241
-0.494598,372.907,0.00123305,-1.27734,-3.10681,-4.03713,4.53387
-0.494598,372.907,0.00123326,-1.44526,-3.13704,-2.87232,3.22574
-0.494598,372.907,0.00123347,-1.60748,-3.15489,-1.69618,1.90488
-0.494598,372.907,0.00123368,-1.76336,-3.1603,-0.51334,0.576502
-0.494598,372.907,0.00123389,-1.91227,-3.15323,0.671524,-0.75415
-0.494598,372.907,0.00123411,-2.05364,-3.13372,1.85374,-2.08183
-0.494598,372.907,0.00123432,-2.18691,-3.10184,3.02864,-3.40129
-0.494598,372.907,0.00123453,-2.31154,-3.05771,4.19158,-4.70732
-0.494598,372.907,0.00123474,-2.42705,-3.00153,5.33798,-5.99478
-0.494598,372.907,0.00123495,-2.53298,-2.93349,6.46332,-7.25858
-0.494598,372.907,0.00123516,-2.62892,-2.85388,7.56315,-8.49373
-0.494598,372.907,0.00123537,-2.71448,-2.763,8.63313,-9.69537
-0.494598,372.907,0.00123558,-2.78933,-2.66122,9.66904,-10.8587
-0.494598,372.907,0.00123579,-2.85317,-2.54894,10.6668,-11.9793
-0.494598,372.907,0.001236,-2.90575,-2.4266,11.6224,-13.0525
-0.494598,372.907,0.00123621,-2.94686,-2.29468,12.5322,-14.0742
-0.494598,372.907,0.00123642,-2.97634,-2.15371,13.3926,-15.0404
-0.494598,372.907,0.00123663,-2.99408,-2.00423,14.2,-15.9472
-0.494598,372.907,0.00123684,-3,-1.84685,14.9515,-16.7911
-0.494598,372.907,0.00123705,-2.99408,-1.68218,15.6439,-17.5687
-0.494598,372.907,0.00123726,-2.97634,-1.51087,16.2746,-18.277
-0.494598,372.907,0.00123747,-2.94686,-1.33359,16.841,-18.9132
-0.494598,372.907,0.00123768,-2.90575,-1.15106,17.341,-19.4747
-0.494598,372.907,0.00123789,-2.85317,-0.963976,17.7726,-19.9593
-0.494598,372.907,0.00123811,-2.78933,-0.773092,18.134,-20.3652
-0.494598,372.907,0.00123832,-2.71448,-0.579157,18.4238,-20.6907
-0.494598,372.907,0.00123853,-2.62892,-0.382936,18.641,-20.9346
-0.494598,372.907,0.00123874,-2.53298,-0.185204,18.7845,-21.0958
-0.494598,372.907,0.00123895,-2.42705,0.0132592,18.854,-21.1738
-0.494598,372.907,0.00123916,-2.31154,0.21167,18.849,-21.1682
-0.494598,372.907,0.00123937,-2.18691,0.409245,18.7696,-21.0791
-0.494598,372.907,0.00123958,-2.05364,0.605205,18.6162,-20.9068
-0.494598,372.907,0.00123979,-1.91227,0.798777,18.3893,-20.652
-0.494598,372.907,0.00124,-1.76336,0.989196,18.0898,-20.3156
-0.494598,372.907,0.00124021,-1.60748,1.17571,17.719,-19.8991
-0.494598,372.907,0.00124042,-1.44526,1.35759,17.2782,-19.4041
-0.494598,372.907,0.00124063,-1.27734,1.5341,16.7692,-18.8325
-0.494598,372.907,0.00124084,-1.10437,1.70457,16.194,-18.1865
-0.494598,372.907,0.00124105,-0.927051,1.8683,15.5549,-17.4688
-0.494598,372.907,0.00124126,-0.74607,2.02467,14.8545,-16.6822
-0.494598,372.907,0.00124147,-0.562144,2.17304,14.0954,-15.8297
-0.494598,372.907,0.00124168,-0.376,2.31283,13.2806,-14.9147
-0.494598,372.907,0.00124189,-0.188372,2.4435,12.4135,-13.9409
-0.494598,372.907,0.00124211,1.05863e-013,2.56453,11.4974,-12.9121
-0.494598,372.907,0.00124232,0.188372,2.67543,10.5359,-11.8322
-0.494598,372.907,0.00124253,0.376,2.77578,9.53282,-10.7058
-0.494598,372.907,0.00124274,0.562144,2.86517,8.49212,-9.537
-0.494598,372.907,0.00124295,0.74607,2.94325,7.4179,-8.33062
-0.494598,372.907,0.00124316,0.927051,3.00972,6.31442,-7.09135
-0.494598,372.907,0.00124337,1.10437,3.06431,5.18601,-5.8241
-0.494598,372.907,0.00124358,1.27734,3.10681,4.03713,-4.53387
-0.494598,372.907,0.00124379,1.44526,3.13704,2.87232,-3.22574
-0.494598,372.907,0.001244,1.60748,3.15489,1.69618,-1.90488
-0.494598,372.907,0.00124421,1.76336,3.1603,0.51334,-0.576502
-0.494598,372.907,0.00124442,1.91227,3.15323,-0.671524,0.75415
-0.494598,372.907,0.00124463,2.05364,3.13372,-1.85374,2.08183
-0.494598,372.907,0.00124484,2.18691,3.10184,-3.02864,3.40129
-0.494598,372.907,0.00124505,2.31154,3.05771,-4.19158,4.70732
-0.494598,372.907,0.00124526,2.42705,3.00153,-5.33799,5.99478
-0.494598,372.907,0.00124547,2.53298,2.93349,-6.46332,7.25858
-0.494598,372.907,0.00124568,2.62892,2.85388,-7.56315,8.49373
-0.494598,372.907,0.00124589,2.71448,2.763,-8.63313,9.69537
-0.494598,372.907,0.00124611,2.78933,2.66122,-9.66904,10.8587
-0.494598,372.907,0.00124632,2.85317,2.54894,-10.6668,11.9793
-0.494598,372.907,0.00124653,2.90575,2.4266,-11.6224,13.0525
-0.494598,372.907,0.00124674,2.94686,2.29468,-12.5322,14.0742
-0.494598,372.907,0.00124695,2.97634,2.15371,-13.3926,15.0404
-0.494598,372.907,0.00124716,2.99408,2.00423,-14.2,15.9472
-0.494598,372.907,0.00124737,3,1.84685,-14.9515,16.7911
-0.494598,372.907,0.00124758,2.99408,1.68218,-15.6439,17.5687
-0.494598,372.907,0.00124779,2.97634,1.51087,-16.2746,18.277
-0.494598,372.907,0.001248,2.94686,1.33359,-16.841,18.9132
-0.494598,372.907,0.00124821,2.90575,1.15106,-17.341,19.4747
-0.494598,372.907,0.00124842,2.85317,0.963976,-17.7726,19.9593
-0.494598,372.907,0.00124863,2.78933,0.773092,-18.134,20.3652
-0.494598,372.907,0.00124884,2.71448,0.579157,-18.4238,20.6907
-0.494598,372.907,0.00124905,2.62892,0.382936,-18.641,20.9346
-0.494598,372.907,0.00124926,2.53298,0.185204,-18.7845,21.0958
-0.494598,372.907,0.00124947,2.42705,-0.0132592,-18.854,21.1738
-0.494598,372.907,0.00124968,2.31154,-0.21167,-18.849,21.1682
-0.494598,372.907,0.00124989,2.18691,-0.409245,-18.7696,21.0791
-0.494598,372.907,0.00125011,2.05364,-0.605205,-18.6162,20.9068
-0.494598,372.907,0.00125032,1.91227,-0.798777,-18.3893,20.652
-0.494598,372.907,0.00125053,1.76336,-0.989196,-18.0898,20.3156
-0.494598,372.907,0.00125074,1.60748,-1.17571,-17.719,19.8991
-0.494598,372.907,0.00125095,1.44526,-1.35759,-17.2782,19.4041
-0.494598,372.907,0.00125116,1.27734,-1.5341,-16.7692,18.8325
-0.494598,372.907,0.00125137,1.10437,-1.70457,-16.194,18.1865
-0.494598,372.907,0.00125158,0.927051,-1.8683,-15.5549,17.4688
-0.494598,372.907,0.00125179,0.74607,-2.02467,-14.8545,16.6822
-0.494598,372.907,0.001252,0.562144,-2.17304,-14.0954,15.8297
-0.494598,372.907,0.00125221,0.376,-2.31283,-13.2806,14.9147
-0.494598,372.907,0.00125242,0.188372,-2.4435,-12.4135,13.9409
-0.494598,372.907,0.00125263,-7.35211e-014,-2.56453,-11.4974,12.9121
-0.494598,372.907,0.00125284,-0.188372,-2.67543,-10.5359,11.8322
-0.494598,372.907,0.00125305,-0.376,-2.77578,-9.53282,10.7058
-0.494598,372.907,0.00125326,-0.562144,-2.86517,-8.49212,9.537
-0.494598,372.907,0.00125347,-0.74607,-2.94325,-7.4179,8.33062
-0.494598,372.907,0.00125368,-0.927051,-3.00972,-6.31441,7.09135
-0.494598,372.907,0.00125389,-1.10437,-3.06431,-5.18601,5.8241
-0.494598,372.907,0.00125411,-1.27734,-3.10681,-4.03713,4.53387
-0.494598,372.907,0.00125432,-1.44526,-3.13704,-2.87232,3.22574
-0.494598,372.907,0.00125453,-1.60748,-3.15489,-1.69618,1.90488
-0.494598,372.907,0.00125474,-1.76336,-3.1603,-0.51334,0.576502
-0.494598,372.907,0.00125495,-1.91227,-3.15323,0.671524,-0.75415
-0.494598,372.907,0.00125516,-2.05364,-3.13372,1.85374,-2.08183
-0.494598,372.907,0.00125537,-2.18691,-3.10184,3.02864,-3.40129
-0.494598,372.907,0.00125558,-2.31154,-3.05771,4.19158,-4.70732
-0.494598,372.907,0.00125579,-2.42705,-3.00153,5.33799,-5.99478
-0.494598,372.907,0.001256,-2.53298,-2.93349,6.46332,-7.25858
-0.494598,372.907,0.00125621,-2.62892,-2.85388,7.56315,-8.49373
-0.494598,372.907,0.00125642,-2.71448,-2.763,8.63313,-9.69537
-0.494598,372.907,0.00125663,-2.78933,-2.66122,9.66904,-10.8587
-0.494598,372.907,0.00125684,-2.85317,-2.54894,10.6668,-11.9793
-0.494598,372.907,0.00125705,-2.90575,-2.4266,11.6224,-13.0525
-0.494598,372.907,0.00125726,-2.94686,-2.29468,12.5322,-14.0742
-0.494598,372.907,0.00125747,-2.97634,-2.15371,13.3926,-15.0404
-0.494598,372.907,0.00125768,-2.99408,-2.00423,14.2,-15.9472
-0.494598,372.907,0.00125789,-3,-1.84685,14.9515,-16.7911
-0.494598,372.907,0.00125811,-2.99408,-1.68218,15.6439,-17.5687
-0.494598,372.907,0.00125832,-2.97634,-1.51087,16.2746,-18.277
-0.494598,372.907,0.00125853,-2.94686,-1.33359,16.841,-18.9132
-0.494598,372.907,0.00125874,-2.90575,-1.15106,17.341,-19.4747
-0.494598,372.907,0.00125895,-2.85317,-0.963976,17.7726,-19.9593
-0.494598,372.907,0.00125916,-2.78933,-0.773092,18.134,-20.3652
-0.494598,372.907,0.00125937,-2.71448,-0.579157,18.4238,-20.6907
-0.494598,372.907,0.00125958,-2.62892,-0.382936,18.641,-20.9346
-0.494598,372.907,0.00125979,-2.53298,-0.185204,18.7845,-21.0958
-0.494598,372.907,0.00126,-2.42705,0.0132592,18.854,-21.1738
-0.494598,372.907,0.00126021,-2.31154,0.21167,18.849,-21.1682
-0.494598,372.907,0.00126042,-2.18691,0.409245,18.7696,-21.0791
-0.494598,372.907,0.00126063,-2.05364,0.605205,18.6162,-20.9068
-0.494598,372.907,0.00126084,-1.91227,0.798777,18.3893,-20.652
-0.494598,372.907,0.00126105,-1.76336,0.989196,18.0898,-20.3156
-0.494598,372.907,0.00126126,-1.60748,1.17571,17.719,-19.8991
-0.494598,372.907,0.00126147,-1.44526,1.35759,17.2782,-19.4041
-0.494598,372.907,0.00126168,-1.27734,1.5341,16.7692,-18.8325
-0.494598,372.907,0.00126189,-1.10437,1.70457,16.194,-18.1865
-0.494598,372.907,0.00126211,-0.927051,1.8683,15.5549,-17.4688
-0.494598,372.907,0.00126232,-0.74607,2.02467,14.8545,-16.6822
-0.494598,372.907,0.00126253,-0.562144,2.17304,14.0954,-15.8297
-0.494598,372.907,0.00126274,-0.376,2.31283,13.2806,-14.9147
-0.494598,372.907,0.00126295,-0.188372,2.4435,12.4135,-13.9409
-0.494598,372.907,0.00126316,4.11793e-014,2.56453,11.4974,-12.9121
