Amp, Phaseshift, Time, Vd, Vr, VL, VC
-0.384514,372.467,0,0,0,0,0
-0.384514,372.467,2.40964e-007,0.188372,0.00226954,0.188372,0
-0.384514,372.467,4.81928e-007,0.376,0.00677231,0.37373,0.00109375
-0.384514,372.467,7.22892e-007,0.562144,0.0134504,0.554278,0.00435752
-0.384514,372.467,9.63855e-007,0.74607,0.0222246,0.728262,0.0108396
-0.384514,372.467,1.20482e-006,0.927051,0.0329955,0.893987,0.0215503
-0.384514,372.467,1.44578e-006,1.10437,0.045644,1.04983,0.0374517
-0.384514,372.467,1.68675e-006,1.27734,0.0600325,1.19424,0.0594489
-0.384514,372.467,1.92771e-006,1.44526,0.0760058,1.32578,0.0883802
-0.384514,372.467,2.16867e-006,1.60748,0.0933924,1.44309,0.125009
-0.384514,372.467,2.40964e-006,1.76336,0.112006,1.54495,0.170018
-0.384514,372.467,2.6506e-006,1.91227,0.131648,1.63025,0.223997
-0.384514,372.467,2.89157e-006,2.05364,0.152106,1.698,0.287442
-0.384514,372.467,3.13253e-006,2.18691,0.173158,1.74736,0.360746
-0.384514,372.467,3.37349e-006,2.31154,0.194575,1.77764,0.444195
-0.384514,372.467,3.61446e-006,2.42705,0.216121,1.78828,0.537967
-0.384514,372.467,3.85542e-006,2.53298,0.237554,1.7789,0.642121
-0.384514,372.467,4.09639e-006,2.62892,0.258629,1.74925,0.756605
-0.384514,372.467,4.33735e-006,2.71448,0.279102,1.69925,0.881245
-0.384514,372.467,4.57831e-006,2.78933,0.298728,1.62898,1.01575
-0.384514,372.467,4.81928e-006,2.85317,0.317266,1.53869,1.15972
-0.384514,372.467,5.06024e-006,2.90575,0.33448,1.42877,1.31262
-0.384514,372.467,5.3012e-006,2.94686,0.35014,1.29976,1.47381
-0.384514,372.467,5.54217e-006,2.97634,0.364024,1.15239,1.64255
-0.384514,372.467,5.78313e-006,2.99408,0.375922,0.987501,1.81799
-0.384514,372.467,6.0241e-006,3,0.385634,0.80609,1.99916
-0.384514,372.467,6.26506e-006,2.99408,0.392975,0.609291,2.185
-0.384514,372.467,6.50602e-006,2.97634,0.397774,0.398366,2.37439
-0.384514,372.467,6.74699e-006,2.94686,0.399879,0.174699,2.56609
-0.384514,372.467,6.98795e-006,2.90575,0.399154,-0.0602166,2.7588
-0.384514,372.467,7.22892e-006,2.85317,0.395482,-0.304784,2.95116
-0.384514,372.467,7.46988e-006,2.78933,0.388767,-0.557315,3.14176
-0.384514,372.467,7.71084e-006,2.71448,0.378935,-0.816042,3.32911
-0.384514,372.467,7.95181e-006,2.62892,0.365934,-1.07913,3.51173
-0.384514,372.467,8.19277e-006,2.53298,0.349733,-1.34468,3.68809
-0.384514,372.467,8.43373e-006,2.42705,0.330326,-1.61077,3.85663
-0.384514,372.467,8.6747e-006,2.31154,0.30773,-1.87542,4.01583
-0.384514,372.467,8.91566e-006,2.18691,0.281988,-2.13665,4.16413
-0.384514,372.467,9.15663e-006,2.05364,0.253163,-2.39248,4.30003
-0.384514,372.467,9.39759e-006,1.91227,0.221344,-2.64092,4.42203
-0.384514,372.467,9.63855e-006,1.76336,0.186645,-2.88002,4.52871
-0.384514,372.467,9.87952e-006,1.60748,0.149201,-3.10787,4.61865
-0.384514,372.467,1.01205e-005,1.44526,0.10917,-3.32259,4.69056
-0.384514,372.467,1.03614e-005,1.27734,0.0667313,-3.52239,4.74317
-0.384514,372.467,1.06024e-005,1.10437,0.0220864,-3.70553,4.77533
-0.384514,372.467,1.08434e-005,0.927051,-0.0245446,-3.87037,4.78597
-0.384514,372.467,1.10843e-005,0.74607,-0.0729224,-4.01536,4.77415
-0.384514,372.467,1.13253e-005,0.562144,-0.122791,-4.13908,4.739
-0.384514,372.467,1.15663e-005,0.376,-0.173878,-4.24021,4.67983
-0.384514,372.467,1.18072e-005,0.188372,-0.225897,-4.31758,4.59603
-0.384514,372.467,1.20482e-005,3.67382e-016,-0.278549,-4.37013,4.48716
-0.384514,372.467,1.22892e-005,-0.188372,-0.331525,-4.39699,4.35292
-0.384514,372.467,1.25301e-005,-0.376,-0.384505,-4.3974,4.19315
-0.384514,372.467,1.27711e-005,-0.562144,-0.437165,-4.37079,4.00785
-0.384514,372.467,1.3012e-005,-0.74607,-0.489175,-4.31675,3.79717
-0.384514,372.467,1.3253e-005,-0.927051,-0.540199,-4.23504,3.56142
-0.384514,372.467,1.3494e-005,-1.10437,-0.589905,-4.12559,3.30108
-0.384514,372.467,1.37349e-005,-1.27734,-0.63796,-3.98852,3.01679
-0.384514,372.467,1.39759e-005,-1.44526,-0.684033,-3.82409,2.70934
-0.384514,372.467,1.42169e-005,-1.60748,-0.727801,-3.63279,2.37969
-0.384514,372.467,1.44578e-005,-1.76336,-0.768949,-3.41524,2.02894
-0.384514,372.467,1.46988e-005,-1.91227,-0.807169,-3.17226,1.65836
-0.384514,372.467,1.49398e-005,-2.05364,-0.842167,-2.90483,1.26936
-0.384514,372.467,1.51807e-005,-2.18691,-0.873662,-2.6141,0.8635
-0.384514,372.467,1.54217e-005,-2.31154,-0.90139,-2.30138,0.442458
-0.384514,372.467,1.56627e-005,-2.42705,-0.925102,-1.96812,0.00805355
-0.384514,372.467,1.59036e-005,-2.53298,-0.944571,-1.61594,-0.437779
-0.384514,372.467,1.61446e-005,-2.62892,-0.95959,-1.24657,-0.892994
-0.384514,372.467,1.63855e-005,-2.71448,-0.969974,-0.861898,-1.35545
-0.384514,372.467,1.66265e-005,-2.78933,-0.975563,-0.463909,-1.8229
-0.384514,372.467,1.68675e-005,-2.85317,-0.976223,-0.054702,-2.29306
-0.384514,372.467,1.71084e-005,-2.90575,-0.971843,0.363528,-2.76352
-0.384514,372.467,1.73494e-005,-2.94686,-0.962343,0.788505,-3.23188
-0.384514,372.467,1.75904e-005,-2.97634,-0.947669,1.21788,-3.69566
-0.384514,372.467,1.78313e-005,-2.99408,-0.927799,1.64925,-4.15237
-0.384514,372.467,1.80723e-005,-3,-0.902737,2.08017,-4.5995
-0.384514,372.467,1.83133e-005,-2.99408,-0.872518,2.50816,-5.03456
-0.384514,372.467,1.85542e-005,-2.97634,-0.837208,2.93073,-5.45505
-0.384514,372.467,1.87952e-005,-2.94686,-0.796902,3.34539,-5.85852
-0.384514,372.467,1.90361e-005,-2.90575,-0.751725,3.74967,-6.24257
-0.384514,372.467,1.92771e-005,-2.85317,-0.701832,4.14112,-6.60485
-0.384514,372.467,1.95181e-005,-2.78933,-0.647406,4.51735,-6.94308
-0.384514,372.467,1.9759e-005,-2.71448,-0.588659,4.876,-7.25508
-0.384514,372.467,2e-005,-2.62892,-0.52583,5.21482,-7.53877
-0.384514,372.467,2.0241e-005,-2.53298,-0.459184,5.53162,-7.79218
-0.384514,372.467,2.04819e-005,-2.42705,-0.389012,5.82432,-8.01348
-0.384514,372.467,2.07229e-005,-2.31154,-0.315627,6.09095,-8.20095
-0.384514,372.467,2.09639e-005,-2.18691,-0.239365,6.32967,-8.35306
-0.384514,372.467,2.12048e-005,-2.05364,-0.160585,6.53879,-8.46842
-0.384514,372.467,2.14458e-005,-1.91227,-0.0796604,6.71673,-8.54581
-0.384514,372.467,2.16867e-005,-1.76336,0.00301567,6.86211,-8.5842
-0.384514,372.467,2.19277e-005,-1.60748,0.0870362,6.9737,-8.58275
-0.384514,372.467,2.21687e-005,-1.44526,0.171981,7.05045,-8.5408
-0.384514,372.467,2.24096e-005,-1.27734,0.257421,7.09148,-8.45792
-0.384514,372.467,2.26506e-005,-1.10437,0.342916,7.09612,-8.33386
-0.384514,372.467,2.28916e-005,-0.927051,0.428024,7.06389,-8.1686
-0.384514,372.467,2.31325e-005,-0.74607,0.512295,6.99451,-7.96232
-0.384514,372.467,2.33735e-005,-0.562144,0.595281,6.88788,-7.71543
-0.384514,372.467,2.36145e-005,-0.376,0.676536,6.74415,-7.42855
-0.384514,372.467,2.38554e-005,-0.188372,0.755616,6.56364,-7.10251
-0.384514,372.467,2.40964e-005,-7.34764e-016,0.832085,6.34689,-6.73836
-0.384514,372.467,2.43373e-005,0.188372,0.905514,6.09464,-6.33735
-0.384514,372.467,2.45783e-005,0.376,0.975488,5.80784,-5.90096
-0.384514,372.467,2.48193e-005,0.562144,1.0416,5.48762,-5.43085
-0.384514,372.467,2.50602e-005,0.74607,1.10348,5.13531,-4.92887
-0.384514,372.467,2.53012e-005,0.927051,1.16073,4.75244,-4.39707
-0.384514,372.467,2.55422e-005,1.10437,1.21303,4.34071,-3.83768
-0.384514,372.467,2.57831e-005,1.27734,1.26004,3.90199,-3.25309
-0.384514,372.467,2.60241e-005,1.44526,1.30147,3.43831,-2.64584
-0.384514,372.467,2.62651e-005,1.60748,1.33703,2.95185,-2.01863
-0.384514,372.467,2.6506e-005,1.76336,1.36649,2.44495,-1.37427
-0.384514,372.467,2.6747e-005,1.91227,1.38962,1.92005,-0.715723
-0.384514,372.467,2.6988e-005,2.05364,1.40625,1.37974,-0.046025
-0.384514,372.467,2.72289e-005,2.18691,1.41621,0.826684,0.631684
-0.384514,372.467,2.74699e-005,2.31154,1.41938,0.263648,1.31419
-0.384514,372.467,2.77108e-005,2.42705,1.41569,-0.306526,1.99823
-0.384514,372.467,2.79518e-005,2.53298,1.40508,-0.880941,2.68049
-0.384514,372.467,2.81928e-005,2.62892,1.38753,-1.45665,3.35764
-0.384514,372.467,2.84337e-005,2.71448,1.36306,-2.03069,4.02633
-0.384514,372.467,2.86747e-005,2.78933,1.33173,-2.60006,4.68322
-0.384514,372.467,2.89157e-005,2.85317,1.29364,-3.16179,5.32502
-0.384514,372.467,2.91566e-005,2.90575,1.24891,-3.71292,5.94847
-0.384514,372.467,2.93976e-005,2.94686,1.1977,-4.25051,6.55035
-0.384514,372.467,2.96386e-005,2.97634,1.14021,-4.7717,7.12755
-0.384514,372.467,2.98795e-005,2.99408,1.07667,-5.27368,7.67705
-0.384514,372.467,3.01205e-005,3,1.00735,-5.75371,8.19592
-0.384514,372.467,3.03614e-005,2.99408,0.932536,-6.20919,8.68139
-0.384514,372.467,3.06024e-005,2.97634,0.852565,-6.63758,9.13081
-0.384514,372.467,3.08434e-005,2.94686,0.767788,-7.03651,9.54168
-0.384514,372.467,3.10843e-005,2.90575,0.678586,-7.40372,9.9117
-0.384514,372.467,3.13253e-005,2.85317,0.585368,-7.73712,10.2387
-0.384514,372.467,3.15663e-005,2.78933,0.488564,-8.03477,10.5208
-0.384514,372.467,3.18072e-005,2.71448,0.388625,-8.29492,10.7563
-0.384514,372.467,3.20482e-005,2.62892,0.286023,-8.51599,10.9436
-0.384514,372.467,3.22892e-005,2.53298,0.181244,-8.69661,11.0814
-0.384514,372.467,3.25301e-005,2.42705,0.074791,-8.83561,11.1688
-0.384514,372.467,3.27711e-005,2.31154,-0.0328236,-8.93201,11.2048
-0.384514,372.467,3.3012e-005,2.18691,-0.141078,-8.98508,11.189
-0.384514,372.467,3.3253e-005,2.05364,-0.249442,-8.99427,11.121
-0.384514,372.467,3.3494e-005,1.91227,-0.357385,-8.95929,11.0008
-0.384514,372.467,3.37349e-005,1.76336,-0.464374,-8.88005,10.8286
-0.384514,372.467,3.39759e-005,1.60748,-0.569876,-8.7567,10.6048
-0.384514,372.467,3.42169e-005,1.44526,-0.673366,-8.58962,10.3301
-0.384514,372.467,3.44578e-005,1.27734,-0.774323,-8.37942,10.0056
-0.384514,372.467,3.46988e-005,1.10437,-0.872237,-8.12691,9.63244
-0.384514,372.467,3.49398e-005,0.927051,-0.966612,-7.83315,9.21208
-0.384514,372.467,3.51807e-005,0.74607,-1.05697,-7.4994,8.74624
-0.384514,372.467,3.54217e-005,0.562144,-1.14284,-7.12713,8.23686
-0.384514,372.467,3.56627e-005,0.376,-1.22378,-6.71803,7.6861
-0.384514,372.467,3.59036e-005,0.188372,-1.29937,-6.27395,7.09633
-0.384514,372.467,3.61446e-005,1.10215e-015,-1.36921,-5.79696,6.47013
-0.384514,372.467,3.63855e-005,-0.188372,-1.43293,-5.28929,5.81027
-0.384514,372.467,3.66265e-005,-0.376,-1.4902,-4.75333,5.1197
-0.384514,372.467,3.68675e-005,-0.562144,-1.54071,-4.19164,4.40153
-0.384514,372.467,3.71084e-005,-0.74607,-1.58416,-3.60689,3.65902
-0.384514,372.467,3.73494e-005,-0.927051,-1.62033,-3.00191,2.89557
-0.384514,372.467,3.75904e-005,-1.10437,-1.649,-2.37961,2.11468
-0.384514,372.467,3.78313e-005,-1.27734,-1.67,-1.74302,1.31999
-0.384514,372.467,3.80723e-005,-1.44526,-1.6832,-1.09525,0.515166
-0.384514,372.467,3.83133e-005,-1.60748,-1.68849,-0.439451,-0.296012
-0.384514,372.467,3.85542e-005,-1.76336,-1.68583,0.221147,-1.10974
-0.384514,372.467,3.87952e-005,-1.91227,-1.67518,0.883297,-1.92219
-0.384514,372.467,3.90361e-005,-2.05364,-1.65658,1.54373,-2.72951
-0.384514,372.467,3.92771e-005,-2.18691,-1.63009,2.19919,-3.52786
-0.384514,372.467,3.95181e-005,-2.31154,-1.59579,2.84641,-4.31345
-0.384514,372.467,3.9759e-005,-2.42705,-1.55384,3.48219,-5.0825
-0.384514,372.467,4e-005,-2.53298,-1.5044,4.10336,-5.83134
-0.384514,372.467,4.0241e-005,-2.62892,-1.44769,4.70682,-6.55635
-0.384514,372.467,4.04819e-005,-2.71448,-1.38396,5.28957,-7.25404
-0.384514,372.467,4.07229e-005,-2.78933,-1.3135,5.84867,-7.92101
-0.384514,372.467,4.09639e-005,-2.85317,-1.23661,6.38134,-8.55402
-0.384514,372.467,4.12048e-005,-2.90575,-1.15366,6.88488,-9.14998
-0.384514,372.467,4.14458e-005,-2.94686,-1.06503,7.35678,-9.70596
-0.384514,372.467,4.16867e-005,-2.97634,-0.971117,7.79464,-10.2192
-0.384514,372.467,4.19277e-005,-2.99408,-0.872366,8.19626,-10.6872
-0.384514,372.467,4.21687e-005,-3,-0.769239,8.5596,-11.1077
-0.384514,372.467,4.24096e-005,-2.99408,-0.662217,8.88281,-11.4784
-0.384514,372.467,4.26506e-005,-2.97634,-0.551804,9.16424,-11.7975
-0.384514,372.467,4.28916e-005,-2.94686,-0.438522,9.40245,-12.0634
-0.384514,372.467,4.31325e-005,-2.90575,-0.322905,9.59621,-12.2748
-0.384514,372.467,4.33735e-005,-2.85317,-0.205501,9.74451,-12.4304
-0.384514,372.467,4.36145e-005,-2.78933,-0.0868676,9.84656,-12.5294
-0.384514,372.467,4.38554e-005,-2.71448,0.0324314,9.90182,-12.5713
-0.384514,372.467,4.40964e-005,-2.62892,0.151828,9.90994,-12.5557
-0.384514,372.467,4.43373e-005,-2.53298,0.270754,9.87085,-12.4825
-0.384514,372.467,4.45783e-005,-2.42705,0.388642,9.78469,-12.352
-0.384514,372.467,4.48193e-005,-2.31154,0.504929,9.65183,-12.1647
-0.384514,372.467,4.50602e-005,-2.18691,0.61906,9.47288,-11.9214
-0.384514,372.467,4.53012e-005,-2.05364,0.73049,9.24867,-11.623
-0.384514,372.467,4.55422e-005,-1.91227,0.838686,8.98027,-11.271
-0.384514,372.467,4.57831e-005,-1.76336,0.943131,8.66895,-10.8668
-0.384514,372.467,4.60241e-005,-1.60748,1.04333,8.31619,-10.4123
-0.384514,372.467,4.62651e-005,-1.44526,1.13879,7.92369,-9.90947
-0.384514,372.467,4.6506e-005,-1.27734,1.22907,7.49334,-9.36066
-0.384514,372.467,4.6747e-005,-1.10437,1.31374,7.02721,-8.76833
-0.384514,372.467,4.6988e-005,-0.927051,1.39238,6.52754,-8.13521
-0.384514,372.467,4.72289e-005,-0.74607,1.46463,5.99675,-7.46418
-0.384514,372.467,4.74699e-005,-0.562144,1.53014,5.4374,-6.75833
-0.384514,372.467,4.77108e-005,-0.376,1.5886,4.85218,-6.02091
-0.384514,372.467,4.79518e-005,-0.188372,1.63974,4.24393,-5.25532
-0.384514,372.467,4.81928e-005,-1.46953e-015,1.6833,3.61558,-4.46508
-0.384514,372.467,4.84337e-005,0.188372,1.71908,2.97016,-3.65386
-0.384514,372.467,4.86747e-005,0.376,1.74692,2.31077,-2.82538
-0.384514,372.467,4.89157e-005,0.562144,1.76669,1.6406,-1.98349
-0.384514,372.467,4.91566e-005,0.74607,1.77829,0.962871,-1.13207
-0.384514,372.467,4.93976e-005,0.927051,1.78167,0.280835,-0.275067
-0.384514,372.467,4.96386e-005,1.10437,1.77683,-0.402233,0.583571
-0.384514,372.467,4.98795e-005,1.27734,1.76378,-1.08306,1.43987
-0.384514,372.467,5.01205e-005,1.44526,1.74259,-1.75839,2.28989
-0.384514,372.467,5.03614e-005,1.60748,1.71338,-2.425,3.12969
-0.384514,372.467,5.06024e-005,1.76336,1.67627,-3.07971,3.95542
-0.384514,372.467,5.08434e-005,1.91227,1.63146,-3.71942,4.76326
-0.384514,372.467,5.10843e-005,2.05364,1.57916,-4.34108,5.5495
-0.384514,372.467,5.13253e-005,2.18691,1.51962,-4.94175,6.31054
-0.384514,372.467,5.15663e-005,2.31154,1.45313,-5.51862,7.04289
-0.384514,372.467,5.18072e-005,2.42705,1.38001,-6.06897,7.74319
-0.384514,372.467,5.20482e-005,2.53298,1.30061,-6.59022,8.40826
-0.384514,372.467,5.22892e-005,2.62892,1.21531,-7.07994,9.03505
-0.384514,372.467,5.25301e-005,2.71448,1.12451,-7.53588,9.62075
-0.384514,372.467,5.27711e-005,2.78933,1.02866,-7.95593,10.1627
-0.384514,372.467,5.3012e-005,2.85317,0.9282,-8.33817,10.6584
-0.384514,372.467,5.3253e-005,2.90575,0.823611,-8.68087,11.1057
-0.384514,372.467,5.3494e-005,2.94686,0.715388,-8.98249,11.5027
-0.384514,372.467,5.37349e-005,2.97634,0.604042,-9.24171,11.8474
-0.384514,372.467,5.39759e-005,2.99408,0.490098,-9.45739,12.1385
-0.384514,372.467,5.42169e-005,3,0.37409,-9.62863,12.3747
-0.384514,372.467,5.44578e-005,2.99408,0.256563,-9.75474,12.555
-0.384514,372.467,5.46988e-005,2.97634,0.138066,-9.83523,12.6787
-0.384514,372.467,5.49398e-005,2.94686,0.0191523,-9.86986,12.7452
-0.384514,372.467,5.51807e-005,2.90575,-0.0996259,-9.8586,12.7544
-0.384514,372.467,5.54217e-005,2.85317,-0.217718,-9.80163,12.7064
-0.384514,372.467,5.56627e-005,2.78933,-0.334578,-9.69936,12.6015
-0.384514,372.467,5.59036e-005,2.71448,-0.449667,-9.55243,12.4402
-0.384514,372.467,5.61446e-005,2.62892,-0.562458,-9.36166,12.2235
-0.384514,372.467,5.63855e-005,2.53298,-0.672435,-9.1281,11.9525
-0.384514,372.467,5.66265e-005,2.42705,-0.779098,-8.85299,11.6284
-0.384514,372.467,5.68675e-005,2.31154,-0.881963,-8.53777,11.2529
-0.384514,372.467,5.71084e-005,2.18691,-0.980566,-8.18407,10.8279
-0.384514,372.467,5.73494e-005,2.05364,-1.07447,-7.79369,10.3553
-0.384514,372.467,5.75904e-005,1.91227,-1.16324,-7.3686,9.83752
-0.384514,372.467,5.78313e-005,1.76336,-1.24651,-6.91092,9.27692
-0.384514,372.467,5.80723e-005,1.60748,-1.32389,-6.42293,8.67619
-0.384514,372.467,5.83133e-005,1.44526,-1.39506,-5.90704,8.03817
-0.384514,372.467,5.85542e-005,1.27734,-1.45971,-5.36577,7.36586
-0.384514,372.467,5.87952e-005,1.10437,-1.51756,-4.80177,6.66238
-0.384514,372.467,5.90361e-005,0.927051,-1.56838,-4.21777,5.93103
-0.384514,372.467,5.92771e-005,0.74607,-1.61195,-3.61658,5.17518
-0.384514,372.467,5.95181e-005,0.562144,-1.64811,-3.00108,4.39834
-0.384514,372.467,5.9759e-005,0.376,-1.67672,-2.37423,3.60407
-0.384514,372.467,6e-005,0.188372,-1.69767,-1.73898,2.79601
-0.384514,372.467,6.0241e-005,1.83691e-015,-1.7109,-1.09834,1.97786
-0.384514,372.467,6.04819e-005,-0.188372,-1.71639,-0.45533,1.15333
-0.384514,372.467,6.07229e-005,-0.376,-1.71413,0.187058,0.326154
-0.384514,372.467,6.09639e-005,-0.562144,-1.70418,0.825834,-0.499934
-0.384514,372.467,6.12048e-005,-0.74607,-1.68662,1.45805,-1.32123
-0.384514,372.467,6.14458e-005,-0.927051,-1.66155,2.08079,-2.13405
-0.384514,372.467,6.16867e-005,-1.10437,-1.62912,2.69122,-2.9348
-0.384514,372.467,6.19277e-005,-1.27734,-1.58952,3.28658,-3.71992
-0.384514,372.467,6.21687e-005,-1.44526,-1.54297,3.86418,-4.48595
-0.384514,372.467,6.24096e-005,-1.60748,-1.4897,4.42144,-5.22955
-0.384514,372.467,6.26506e-005,-1.76336,-1.42999,4.95589,-5.94748
-0.384514,372.467,6.28916e-005,-1.91227,-1.36414,5.46519,-6.63663
-0.384514,372.467,6.31325e-005,-2.05364,-1.29249,5.94713,-7.29404
-0.384514,372.467,6.33735e-005,-2.18691,-1.21539,6.39963,-7.91693
-0.384514,372.467,6.36145e-005,-2.31154,-1.13321,6.82078,-8.50266
-0.384514,372.467,6.38554e-005,-2.42705,-1.04635,7.20882,-9.04878
-0.384514,372.467,6.40964e-005,-2.53298,-0.955244,7.56215,-9.55305
-0.384514,372.467,6.43373e-005,-2.62892,-0.860312,7.87937,-10.0134
-0.384514,372.467,6.45783e-005,-2.71448,-0.762008,8.15924,-10.428
-0.384514,372.467,6.48193e-005,-2.78933,-0.660795,8.4007,-10.7953
-0.384514,372.467,6.50602e-005,-2.85317,-0.557145,8.60288,-11.1137
-0.384514,372.467,6.53012e-005,-2.90575,-0.451542,8.7651,-11.3822
-0.384514,372.467,6.55422e-005,-2.94686,-0.344471,8.88689,-11.5998
-0.384514,372.467,6.57831e-005,-2.97634,-0.236423,8.96795,-11.7658
-0.384514,372.467,6.60241e-005,-2.99408,-0.127891,9.00817,-11.8798
-0.384514,372.467,6.62651e-005,-3,-0.0193651,9.00766,-11.9414
-0.384514,372.467,6.6506e-005,-2.99408,0.0886673,8.96669,-11.9507
-0.384514,372.467,6.6747e-005,-2.97634,0.195724,8.88572,-11.908
-0.384514,372.467,6.6988e-005,-2.94686,0.301332,8.76542,-11.8137
-0.384514,372.467,6.72289e-005,-2.90575,0.405026,8.6066,-11.6685
-0.384514,372.467,6.74699e-005,-2.85317,0.506354,8.41026,-11.4733
-0.384514,372.467,6.77108e-005,-2.78933,0.604879,8.17758,-11.2292
-0.384514,372.467,6.79518e-005,-2.71448,0.700179,7.90988,-10.9377
-0.384514,372.467,6.81928e-005,-2.62892,0.791849,7.60863,-10.6003
-0.384514,372.467,6.84337e-005,-2.53298,0.879505,7.27546,-10.2187
-0.384514,372.467,6.86747e-005,-2.42705,0.962784,6.91213,-9.79482
-0.384514,372.467,6.89157e-005,-2.31154,1.04134,6.5205,-9.33083
-0.384514,372.467,6.91566e-005,-2.18691,1.11487,6.10258,-8.82898
-0.384514,372.467,6.93976e-005,-2.05364,1.18307,5.66047,-8.29169
-0.384514,372.467,6.96386e-005,-1.91227,1.24567,5.19635,-7.72154
-0.384514,372.467,6.98795e-005,-1.76336,1.30245,4.71251,-7.12121
-0.384514,372.467,7.01205e-005,-1.60748,1.35319,4.21128,-6.49353
-0.384514,372.467,7.03614e-005,-1.44526,1.39771,3.69508,-5.84139
-0.384514,372.467,7.06024e-005,-1.27734,1.43586,3.16634,-5.16779
-0.384514,372.467,7.08434e-005,-1.10437,1.46752,2.62756,-4.47581
-0.384514,372.467,7.10843e-005,-0.927051,1.49259,2.08125,-3.76858
-0.384514,372.467,7.13253e-005,-0.74607,1.51102,1.52992,-3.04926
-0.384514,372.467,7.15663e-005,-0.562144,1.52278,0.976089,-2.32105
-0.384514,372.467,7.18072e-005,-0.376,1.52787,0.42227,-1.58718
-0.384514,372.467,7.20482e-005,-0.188372,1.52632,-0.129061,-0.850858
-0.384514,372.467,7.22892e-005,-2.20429e-015,1.51818,-0.675458,-0.115284
-0.384514,372.467,7.25301e-005,0.188372,1.50354,-1.21452,0.616368
-0.384514,372.467,7.27711e-005,0.376,1.48253,-1.74391,1.34097
-0.384514,372.467,7.3012e-005,0.562144,1.45529,-2.26136,2.05544
-0.384514,372.467,7.3253e-005,0.74607,1.42198,-2.76466,2.75679
-0.384514,372.467,7.3494e-005,0.927051,1.3828,-3.25171,3.44208
-0.384514,372.467,7.37349e-005,1.10437,1.33798,-3.72051,4.10849
-0.384514,372.467,7.39759e-005,1.27734,1.28775,-4.16913,4.7533
-0.384514,372.467,7.42169e-005,1.44526,1.23238,-4.59578,5.3739
-0.384514,372.467,7.44578e-005,1.60748,1.17215,-4.99879,5.96781
-0.384514,372.467,7.46988e-005,1.76336,1.10737,-5.37661,6.5327
-0.384514,372.467,7.49398e-005,1.91227,1.03836,-5.7278,7.06638
-0.384514,372.467,7.51807e-005,2.05364,0.965456,-6.0511,7.56679
-0.384514,372.467,7.54217e-005,2.18691,0.889006,-6.34534,8.03207
-0.384514,372.467,7.56627e-005,2.31154,0.809373,-6.60954,8.46051
-0.384514,372.467,7.59036e-005,2.42705,0.72693,-6.84283,8.85057
-0.384514,372.467,7.61446e-005,2.53298,0.642056,-7.04451,9.2009
-0.384514,372.467,7.63855e-005,2.62892,0.55514,-7.21403,9.51032
-0.384514,372.467,7.66265e-005,2.71448,0.466574,-7.35098,9.77786
-0.384514,372.467,7.68675e-005,2.78933,0.376753,-7.4551,10.0027
-0.384514,372.467,7.71084e-005,2.85317,0.286075,-7.5263,10.1843
-0.384514,372.467,7.73494e-005,2.90575,0.194935,-7.56461,10.3221
-0.384514,372.467,7.75904e-005,2.94686,0.103728,-7.57022,10.4161
-0.384514,372.467,7.78313e-005,2.97634,0.0128426,-7.54348,10.4661
-0.384514,372.467,7.80723e-005,2.99408,-0.0773363,-7.48484,10.4723
-0.384514,372.467,7.83133e-005,3,-0.166432,-7.39493,10.435
-0.384514,372.467,7.85542e-005,2.99408,-0.254076,-7.27449,10.3548
-0.384514,372.467,7.87952e-005,2.97634,-0.339912,-7.12437,10.2323
-0.384514,372.467,7.90361e-005,2.94686,-0.423594,-6.94557,10.0685
-0.384514,372.467,7.92771e-005,2.90575,-0.504789,-6.73919,9.86439
-0.384514,372.467,7.95181e-005,2.85317,-0.58318,-6.50643,9.62112
-0.384514,372.467,7.9759e-005,2.78933,-0.658464,-6.24861,9.34007
-0.384514,372.467,8e-005,2.71448,-0.730357,-5.96712,9.02274
-0.384514,372.467,8.0241e-005,2.62892,-0.798592,-5.66346,8.67076
-0.384514,372.467,8.04819e-005,2.53298,-0.862919,-5.33918,8.28589
-0.384514,372.467,8.07229e-005,2.42705,-0.923111,-4.99592,7.87003
-0.384514,372.467,8.09639e-005,2.31154,-0.978959,-4.63538,7.42516
-0.384514,372.467,8.12048e-005,2.18691,-1.03028,-4.25929,6.95337
-0.384514,372.467,8.14458e-005,2.05364,-1.0769,-3.86945,6.45685
-0.384514,372.467,8.16867e-005,1.91227,-1.11867,-3.46768,5.93787
-0.384514,372.467,8.19277e-005,1.76336,-1.15549,-3.05584,5.39875
-0.384514,372.467,8.21687e-005,1.60748,-1.18725,-2.63577,4.84188
-0.384514,372.467,8.24096e-005,1.44526,-1.21387,-2.20937,4.26971
-0.384514,372.467,8.26506e-005,1.27734,-1.2353,-1.77851,3.68472
-0.384514,372.467,8.28916e-005,1.10437,-1.2515,-1.34505,3.08939
-0.384514,372.467,8.31325e-005,0.927051,-1.26247,-0.910843,2.48626
-0.384514,372.467,8.33735e-005,0.74607,-1.26823,-0.477717,1.87784
-0.384514,372.467,8.36145e-005,0.562144,-1.2688,-0.047466,1.26664
-0.384514,372.467,8.38554e-005,0.376,-1.26425,0.378157,0.655174
-0.384514,372.467,8.40964e-005,0.188372,-1.25464,0.797444,0.0458988
-0.384514,372.467,8.43373e-005,2.57167e-015,-1.24008,1.20874,-0.558746
-0.384514,372.467,8.45783e-005,-0.188372,-1.22067,1.61045,-1.15637
-0.384514,372.467,8.48193e-005,-0.376,-1.19656,2.00105,-1.74465
-0.384514,372.467,8.50602e-005,-0.562144,-1.1679,2.37907,-2.32131
-0.384514,372.467,8.53012e-005,-0.74607,-1.13485,2.74314,-2.88415
-0.384514,372.467,8.55422e-005,-0.927051,-1.0976,3.09195,-3.43106
-0.384514,372.467,8.57831e-005,-1.10437,-1.05634,3.42429,-3.96003
-0.384514,372.467,8.60241e-005,-1.27734,-1.01129,3.73903,-4.46911
-0.384514,372.467,8.62651e-005,-1.44526,-0.962676,4.03514,-4.95648
-0.384514,372.467,8.6506e-005,-1.60748,-0.910728,4.31167,-5.42042
-0.384514,372.467,8.6747e-005,-1.76336,-0.855695,4.56779,-5.85932
-0.384514,372.467,8.6988e-005,-1.91227,-0.79783,4.80275,-6.27171
-0.384514,372.467,8.72289e-005,-2.05364,-0.737398,5.01589,-6.6562
-0.384514,372.467,8.74699e-005,-2.18691,-0.674667,5.20669,-7.01157
-0.384514,372.467,8.77108e-005,-2.31154,-0.609911,5.3747,-7.33672
-0.384514,372.467,8.79518e-005,-2.42705,-0.54341,5.51958,-7.63065
-0.384514,372.467,8.81928e-005,-2.53298,-0.475446,5.64107,-7.89253
-0.384514,372.467,8.84337e-005,-2.62892,-0.4063,5.73906,-8.12166
-0.384514,372.467,8.86747e-005,-2.71448,-0.336258,5.81348,-8.31747
-0.384514,372.467,8.89157e-005,-2.78933,-0.265603,5.8644,-8.47952
-0.384514,372.467,8.91566e-005,-2.85317,-0.194616,5.89196,-8.60752
-0.384514,372.467,8.93976e-005,-2.90575,-0.123575,5.89639,-8.70131
-0.384514,372.467,8.96386e-005,-2.94686,-0.0527551,5.87803,-8.76087
-0.384514,372.467,8.98795e-005,-2.97634,0.0175736,5.83728,-8.78629
-0.384514,372.467,9.01205e-005,-2.99408,0.0871476,5.77464,-8.77782
-0.384514,372.467,9.03614e-005,-3,0.15571,5.69068,-8.73583
-0.384514,372.467,9.06024e-005,-2.99408,0.223012,5.58604,-8.66078
-0.384514,372.467,9.08434e-005,-2.97634,0.288812,5.46143,-8.55331
-0.384514,372.467,9.10843e-005,-2.94686,0.35288,5.31764,-8.41412
-0.384514,372.467,9.13253e-005,-2.90575,0.414994,5.15549,-8.24406
-0.384514,372.467,9.15663e-005,-2.85317,0.474945,4.9759,-8.04406
-0.384514,372.467,9.18072e-005,-2.78933,0.532533,4.77979,-7.81517
-0.384514,372.467,9.20482e-005,-2.71448,0.587571,4.56816,-7.55853
-0.384514,372.467,9.22892e-005,-2.62892,0.639884,4.34204,-7.27536
-0.384514,372.467,9.25301e-005,-2.53298,0.689312,4.1025,-6.96699
-0.384514,372.467,9.27711e-005,-2.42705,0.735705,3.85062,-6.63479
-0.384514,372.467,9.3012e-005,-2.31154,0.778928,3.58754,-6.28023
-0.384514,372.467,9.3253e-005,-2.18691,0.818861,3.3144,-5.90484
-0.384514,372.467,9.3494e-005,-2.05364,0.855395,3.03234,-5.51021
-0.384514,372.467,9.37349e-005,-1.91227,0.888438,2.74255,-5.09797
-0.384514,372.467,9.39759e-005,-1.76336,0.91791,2.44618,-4.66981
-0.384514,372.467,9.42169e-005,-1.60748,0.943746,2.14442,-4.22744
-0.384514,372.467,9.44578e-005,-1.44526,0.965896,1.83844,-3.77263
-0.384514,372.467,9.46988e-005,-1.27734,0.984323,1.52939,-3.30714
-0.384514,372.467,9.49398e-005,-1.10437,0.999003,1.21844,-2.83276
-0.384514,372.467,9.51807e-005,-0.927051,1.00993,0.906709,-2.35132
-0.384514,372.467,9.54217e-005,-0.74607,1.0171,0.595319,-1.8646
-0.384514,372.467,9.56627e-005,-0.562144,1.02054,0.285361,-1.37444
-0.384514,372.467,9.59036e-005,-0.376,1.02027,-0.0221016,-0.88261
-0.384514,372.467,9.61446e-005,-0.188372,1.01634,-0.326032,-0.390913
-0.384514,372.467,9.63855e-005,-2.93906e-015,1.00881,-0.62543,0.0988906
-0.384514,372.467,9.66265e-005,0.188372,0.997732,-0.919327,0.585063
-0.384514,372.467,9.68675e-005,0.376,0.983192,-1.20679,1.0659
-0.384514,372.467,9.71084e-005,0.562144,0.965277,-1.48695,1.53972
-0.384514,372.467,9.73494e-005,0.74607,0.944085,-1.75893,2.00492
-0.384514,372.467,9.75904e-005,0.927051,0.919724,-2.02195,2.4599
-0.384514,372.467,9.78313e-005,1.10437,0.892311,-2.27525,2.90314
-0.384514,372.467,9.80723e-005,1.27734,0.861973,-2.51811,3.33317
-0.384514,372.467,9.83133e-005,1.44526,0.828842,-2.74988,3.74858
-0.384514,372.467,9.85542e-005,1.60748,0.793059,-2.96994,4.14802
-0.384514,372.467,9.87952e-005,1.76336,0.754773,-3.17772,4.53022
-0.384514,372.467,9.90361e-005,1.91227,0.714138,-3.37272,4.89396
-0.384514,372.467,9.92771e-005,2.05364,0.671313,-3.55446,5.23813
-0.384514,372.467,9.95181e-005,2.18691,0.626464,-3.72253,5.56165
-0.384514,372.467,9.9759e-005,2.31154,0.579758,-3.87657,5.86356
-0.384514,372.467,0.0001,2.42705,0.531369,-4.01627,6.14296
-0.384514,372.467,0.000100241,2.53298,0.481473,-4.14135,6.39904
-0.384514,372.467,0.000100482,2.62892,0.430249,-4.2516,6.63108
-0.384514,372.467,0.000100723,2.71448,0.377878,-4.34685,6.83843
-0.384514,372.467,0.000100964,2.78933,0.324541,-4.42698,7.02054
-0.384514,372.467,0.000101205,2.85317,0.270421,-4.49191,7.17694
-0.384514,372.467,0.000101446,2.90575,0.215703,-4.54161,7.30727
-0.384514,372.467,0.000101687,2.94686,0.160569,-4.57611,7.41122
-0.384514,372.467,0.000101928,2.97634,0.105202,-4.59544,7.4886
-0.384514,372.467,0.000102169,2.99408,0.049784,-4.59972,7.5393
-0.384514,372.467,0.00010241,3,-0.00550622,-4.58909,7.56329
-0.384514,372.467,0.000102651,2.99408,-0.0604907,-4.56371,7.56064
-0.384514,372.467,0.000102892,2.97634,-0.114994,-4.52381,7.53149
-0.384514,372.467,0.000103133,2.94686,-0.168845,-4.46963,7.47607
-0.384514,372.467,0.000103373,2.90575,-0.221875,-4.40147,7.3947
-0.384514,372.467,0.000103614,2.85317,-0.273919,-4.31965,7.28777
-0.384514,372.467,0.000103855,2.78933,-0.324817,-4.22452,7.15576
-0.384514,372.467,0.000104096,2.71448,-0.374413,-4.11646,6.99922
-0.384514,372.467,0.000104337,2.62892,-0.422556,-3.99589,6.81878
-0.384514,372.467,0.000104578,2.53298,-0.469101,-3.86324,6.61514
-0.384514,372.467,0.000104819,2.42705,-0.513908,-3.71899,6.38907
-0.384514,372.467,0.00010506,2.31154,-0.556844,-3.56362,6.1414
-0.384514,372.467,0.000105301,2.18691,-0.597779,-3.39765,5.87304
-0.384514,372.467,0.000105542,2.05364,-0.636594,-3.22162,5.58496
-0.384514,372.467,0.000105783,1.91227,-0.673173,-3.03609,5.27816
-0.384514,372.467,0.000106024,1.76336,-0.70741,-2.84164,4.95374
-0.384514,372.467,0.000106265,1.60748,-0.739203,-2.63885,4.61282
-0.384514,372.467,0.000106506,1.44526,-0.768461,-2.42836,4.25658
-0.384514,372.467,0.000106747,1.27734,-0.795097,-2.21078,3.88624
-0.384514,372.467,0.000106988,1.10437,-0.819034,-1.98677,3.50306
-0.384514,372.467,0.000107229,0.927051,-0.840202,-1.75697,3.10834
-0.384514,372.467,0.00010747,0.74607,-0.85854,-1.52207,2.70343
-0.384514,372.467,0.000107711,0.562144,-0.873995,-1.28274,2.28967
-0.384514,372.467,0.000107952,0.376,-0.886521,-1.03968,1.86847
-0.384514,372.467,0.000108193,0.188372,-0.896082,-0.793579,1.44123
-0.384514,372.467,0.000108434,3.30644e-015,-0.90265,-0.54515,1.00939
-0.384514,372.467,0.000108675,-0.188372,-0.906206,-0.295106,0.574373
-0.384514,372.467,0.000108916,-0.376,-0.906738,-0.0441668,0.137647
-0.384514,372.467,0.000109157,-0.562144,-0.904245,0.206947,-0.299335
-0.384514,372.467,0.000109398,-0.74607,-0.898733,0.45751,-0.735115
-0.384514,372.467,0.000109639,-0.927051,-0.890217,0.706797,-1.16824
-0.384514,372.467,0.00010988,-1.10437,-0.878722,0.954083,-1.59726
-0.384514,372.467,0.00011012,-1.27734,-0.86428,1.19864,-2.02074
-0.384514,372.467,0.000110361,-1.44526,-0.846934,1.43976,-2.43726
-0.384514,372.467,0.000110602,-1.60748,-0.826733,1.67671,-2.84542
-0.384514,372.467,0.000110843,-1.76336,-0.803735,1.9088,-3.24385
-0.384514,372.467,0.000111084,-1.91227,-0.778008,2.13531,-3.63119
-0.384514,372.467,0.000111325,-2.05364,-0.749628,2.35556,-4.00613
-0.384514,372.467,0.000111566,-2.18691,-0.718678,2.56886,-4.3674
-0.384514,372.467,0.000111807,-2.31154,-0.68525,2.77454,-4.71375
-0.384514,372.467,0.000112048,-2.42705,-0.649443,2.97195,-5.04399
-0.384514,372.467,0.000112289,-2.53298,-0.611366,3.16045,-5.35698
-0.384514,372.467,0.00011253,-2.62892,-0.571132,3.33942,-5.65161
-0.384514,372.467,0.000112771,-2.71448,-0.528863,3.50826,-5.92685
-0.384514,372.467,0.000113012,-2.78933,-0.48469,3.66639,-6.18173
-0.384514,372.467,0.000113253,-2.85317,-0.438747,3.81325,-6.41531
-0.384514,372.467,0.000113494,-2.90575,-0.391177,3.94831,-6.62676
-0.384514,372.467,0.000113735,-2.94686,-0.342128,4.07107,-6.81528
-0.384514,372.467,0.000113976,-2.97634,-0.291754,4.18106,-6.98016
-0.384514,372.467,0.000114217,-2.99408,-0.240214,4.27783,-7.12076
-0.384514,372.467,0.000114458,-3,-0.187672,4.36098,-7.23653
-0.384514,372.467,0.000114699,-2.99408,-0.134297,4.43012,-7.32697
-0.384514,372.467,0.00011494,-2.97634,-0.0802617,4.48493,-7.39169
-0.384514,372.467,0.000115181,-2.94686,-0.0257425,4.52509,-7.43037
-0.384514,372.467,0.000115422,-2.90575,0.0290812,4.55037,-7.44278
-0.384514,372.467,0.000115663,-2.85317,0.0840273,4.56053,-7.42877
-0.384514,372.467,0.000115904,-2.78933,0.138912,4.55541,-7.38827
-0.384514,372.467,0.000116145,-2.71448,0.193549,4.53488,-7.32132
-0.384514,372.467,0.000116386,-2.62892,0.247752,4.49886,-7.22805
-0.384514,372.467,0.000116627,-2.53298,0.301334,4.44731,-7.10865
-0.384514,372.467,0.000116867,-2.42705,0.354108,4.38026,-6.96343
-0.384514,372.467,0.000117108,-2.31154,0.405889,4.29778,-6.79277
-0.384514,372.467,0.000117349,-2.18691,0.456491,4.19998,-6.59716
-0.384514,372.467,0.00011759,-2.05364,0.505732,4.08703,-6.37717
-0.384514,372.467,0.000117831,-1.91227,0.553433,3.95917,-6.13344
-0.384514,372.467,0.000118072,-1.76336,0.599417,3.81665,-5.86673
-0.384514,372.467,0.000118313,-1.60748,0.643511,3.65983,-5.57785
-0.384514,372.467,0.000118554,-1.44526,0.685548,3.48908,-5.26773
-0.384514,372.467,0.000118795,-1.27734,0.725366,3.30484,-4.93734
-0.384514,372.467,0.000119036,-1.10437,0.762807,3.1076,-4.58777
-0.384514,372.467,0.000119277,-0.927051,0.797721,2.89791,-4.22015
-0.384514,372.467,0.000119518,-0.74607,0.829967,2.67636,-3.83571
-0.384514,372.467,0.000119759,-0.562144,0.859407,2.4436,-3.43572
-0.384514,372.467,0.00012,-0.376,0.885917,2.20032,-3.02155
-0.384514,372.467,0.000120241,-0.188372,0.909378,1.94726,-2.5946
-0.384514,372.467,0.000120482,-3.67382e-015,0.929682,1.68522,-2.15635
-0.384514,372.467,0.000120723,0.188372,0.946731,1.41504,-1.70831
-0.384514,372.467,0.000120964,0.376,0.960437,1.13758,-1.25205
-0.384514,372.467,0.000121205,0.562144,0.970723,0.853759,-0.789191
-0.384514,372.467,0.000121446,0.74607,0.977524,0.564538,-0.321373
-0.384514,372.467,0.000121687,0.927051,0.980788,0.270899,0.149723
-0.384514,372.467,0.000121928,1.10437,0.980473,-0.0261379,0.622392
-0.384514,372.467,0.000122169,1.27734,0.976551,-0.325528,1.09491
-0.384514,372.467,0.00012241,1.44526,0.969007,-0.6262,1.56554
-0.384514,372.467,0.000122651,1.60748,0.957837,-0.927063,2.03253
-0.384514,372.467,0.000122892,1.76336,0.943054,-1.22701,2.49414
-0.384514,372.467,0.000123133,1.91227,0.924682,-1.52492,2.94862
-0.384514,372.467,0.000123373,2.05364,0.902758,-1.81966,3.39425
-0.384514,372.467,0.000123614,2.18691,0.877335,-2.1101,3.82931
-0.384514,372.467,0.000123855,2.31154,0.848478,-2.39511,4.25213
-0.384514,372.467,0.000124096,2.42705,0.816267,-2.67355,4.66103
-0.384514,372.467,0.000124337,2.53298,0.780793,-2.94431,5.05441
-0.384514,372.467,0.000124578,2.62892,0.742163,-3.20629,5.4307
-0.384514,372.467,0.000124819,2.71448,0.700496,-3.45838,5.78837
-0.384514,372.467,0.00012506,2.78933,0.655923,-3.69953,6.12596
-0.384514,372.467,0.000125301,2.85317,0.608589,-3.92871,6.44206
-0.384514,372.467,0.000125542,2.90575,0.558651,-4.1449,6.73536
-0.384514,372.467,0.000125783,2.94686,0.506276,-4.34715,7.00459
-0.384514,372.467,0.000126024,2.97634,0.451643,-4.53452,7.24858
-0.384514,372.467,0.000126265,2.99408,0.394942,-4.70614,7.46624
-0.384514,372.467,0.000126506,3,0.336374,-4.86118,7.65657
-0.384514,372.467,0.000126747,2.99408,0.276147,-4.99886,7.81868
-0.384514,372.467,0.000126988,2.97634,0.214478,-5.11848,7.95176
-0.384514,372.467,0.000127229,2.94686,0.151594,-5.21938,8.05512
-0.384514,372.467,0.00012747,2.90575,0.087727,-5.30097,8.12818
-0.384514,372.467,0.000127711,2.85317,0.0231157,-5.36274,8.17046
-0.384514,372.467,0.000127952,2.78933,-0.0419957,-5.40425,8.1816
-0.384514,372.467,0.000128193,2.71448,-0.107359,-5.42512,8.16136
-0.384514,372.467,0.000128434,2.62892,-0.172721,-5.42508,8.10962
-0.384514,372.467,0.000128675,2.53298,-0.237829,-5.40392,8.02638
-0.384514,372.467,0.000128916,2.42705,-0.302425,-5.3615,7.91177
-0.384514,372.467,0.000129157,2.31154,-0.366254,-5.2978,7.76602
-0.384514,372.467,0.000129398,2.18691,-0.429059,-5.21286,7.58951
-0.384514,372.467,0.000129639,2.05364,-0.490587,-5.10681,7.38274
-0.384514,372.467,0.00012988,1.91227,-0.550586,-4.97988,7.14631
-0.384514,372.467,0.00013012,1.76336,-0.608807,-4.83237,6.88097
-0.384514,372.467,0.000130361,1.60748,-0.665008,-4.66468,6.58756
-0.384514,372.467,0.000130602,1.44526,-0.718951,-4.4773,6.26708
-0.384514,372.467,0.000130843,1.27734,-0.770407,-4.27079,5.9206
-0.384514,372.467,0.000131084,1.10437,-0.819151,-4.04582,5.54932
-0.384514,372.467,0.000131325,0.927051,-0.864972,-3.80311,5.15454
-0.384514,372.467,0.000131566,0.74607,-0.907665,-3.5435,4.73769
-0.384514,372.467,0.000131807,0.562144,-0.947037,-3.26788,4.30026
-0.384514,372.467,0.000132048,0.376,-0.982907,-2.97722,3.84386
-0.384514,372.467,0.000132289,0.188372,-1.01511,-2.67258,3.37017
-0.384514,372.467,0.00013253,-6.61694e-015,-1.04348,-2.35506,2.88096
-0.384514,372.467,0.000132771,-0.188372,-1.06789,-2.02585,2.37808
-0.384514,372.467,0.000133012,-0.376,-1.0882,-1.68619,1.86343
-0.384514,372.467,0.000133253,-0.562144,-1.10432,-1.33737,1.339
-0.384514,372.467,0.000133494,-0.74607,-1.11613,-0.980749,0.806795
-0.384514,372.467,0.000133735,-0.927051,-1.12358,-0.617713,0.268899
-0.384514,372.467,0.000133976,-1.10437,-1.12658,-0.249697,-0.272583
-0.384514,372.467,0.000134217,-1.27734,-1.12512,0.121829,-0.815515
-0.384514,372.467,0.000134458,-1.44526,-1.11915,0.495371,-1.35774
-0.384514,372.467,0.000134699,-1.60748,-1.10867,0.869408,-1.89709
-0.384514,372.467,0.00013494,-1.76336,-1.0937,1.24241,-2.43139
-0.384514,372.467,0.000135181,-1.91227,-1.07427,1.61282,-2.95848
-0.384514,372.467,0.000135422,-2.05364,-1.05043,1.97911,-3.4762
-0.384514,372.467,0.000135663,-2.18691,-1.02224,2.33972,-3.98243
-0.384514,372.467,0.000135904,-2.31154,-0.989792,2.69313,-4.47507
-0.384514,372.467,0.000136145,-2.42705,-0.953191,3.03781,-4.95208
-0.384514,372.467,0.000136386,-2.53298,-0.912562,3.37229,-5.41145
-0.384514,372.467,0.000136627,-2.62892,-0.868042,3.69509,-5.85124
-0.384514,372.467,0.000136867,-2.71448,-0.819792,4.0048,-6.26957
-0.384514,372.467,0.000137108,-2.78933,-0.767984,4.30004,-6.66465
-0.384514,372.467,0.000137349,-2.85317,-0.71281,4.57947,-7.03477
-0.384514,372.467,0.00013759,-2.90575,-0.654474,4.84183,-7.37829
-0.384514,372.467,0.000137831,-2.94686,-0.593199,5.0859,-7.6937
-0.384514,372.467,0.000138072,-2.97634,-0.529216,5.31055,-7.97958
-0.384514,372.467,0.000138313,-2.99408,-0.462774,5.51471,-8.23462
-0.384514,372.467,0.000138554,-3,-0.39413,5.69739,-8.45764
-0.384514,372.467,0.000138795,-2.99408,-0.323556,5.85769,-8.64759
-0.384514,372.467,0.000139036,-2.97634,-0.251329,5.9948,-8.80352
-0.384514,372.467,0.000139277,-2.94686,-0.177739,6.10798,-8.92464
-0.384514,372.467,0.000139518,-2.90575,-0.103081,6.19663,-9.0103
-0.384514,372.467,0.000139759,-2.85317,-0.0276567,6.26021,-9.05997
-0.384514,372.467,0.00014,-2.78933,0.0482265,6.2983,-9.0733
-0.384514,372.467,0.000140241,-2.71448,0.124258,6.3106,-9.05006
-0.384514,372.467,0.000140482,-2.62892,0.200124,6.29688,-8.99018
-0.384514,372.467,0.000140723,-2.53298,0.27551,6.25707,-8.89373
-0.384514,372.467,0.000140964,-2.42705,0.350103,6.19117,-8.76096
-0.384514,372.467,0.000141205,-2.31154,0.423588,6.09931,-8.59223
-0.384514,372.467,0.000141446,-2.18691,0.495657,5.98174,-8.38809
-0.384514,372.467,0.000141687,-2.05364,0.566004,5.8388,-8.14922
-0.384514,372.467,0.000141928,-1.91227,0.634329,5.67095,-7.87645
-0.384514,372.467,0.000142169,-1.76336,0.700338,5.47876,-7.57075
-0.384514,372.467,0.00014241,-1.60748,0.763747,5.26293,-7.23324
-0.384514,372.467,0.000142651,-1.44526,0.82428,5.02423,-6.86517
-0.384514,372.467,0.000142892,-1.27734,0.881672,4.76355,-6.46792
-0.384514,372.467,0.000143133,-1.10437,0.935671,4.48188,-6.04302
-0.384514,372.467,0.000143373,-0.927051,0.986036,4.1803,-5.59209
-0.384514,372.467,0.000143614,-0.74607,1.03254,3.85999,-5.1169
-0.384514,372.467,0.000143855,-0.562144,1.07498,3.52221,-4.61929
-0.384514,372.467,0.000144096,-0.376,1.11315,3.16831,-4.10122
-0.384514,372.467,0.000144337,-0.188372,1.14688,2.7997,-3.56477
-0.384514,372.467,0.000144578,-4.40858e-015,1.17601,2.41789,-3.01205
-0.384514,372.467,0.0013253,-1.46993e-013,1.16902,1.26836,-1.86608
-0.384514,372.467,0.00132554,0.188372,1.17968,0.885435,-1.3027
-0.384514,372.467,0.00132578,0.376,1.1857,0.499015,-0.734176
-0.384514,372.467,0.00132602,0.562144,1.18703,0.110625,-0.162757
-0.384514,372.467,0.00132627,0.74607,1.18368,-0.278202,0.409305
-0.384514,372.467,0.00132651,0.927051,1.17565,-0.665931,0.979752
-0.384514,372.467,0.00132675,1.10437,1.16299,-1.05103,1.54633
-0.384514,372.467,0.00132699,1.27734,1.14574,-1.43198,2.10681
-0.384514,372.467,0.00132723,1.44526,1.12396,-1.80729,2.65897
-0.384514,372.467,0.00132747,1.60748,1.09775,-2.17545,3.20064
-0.384514,372.467,0.00132771,1.76336,1.06721,-2.53504,3.72968
-0.384514,372.467,0.00132795,1.91227,1.03246,-2.88462,4.244
-0.384514,372.467,0.00132819,2.05364,0.993627,-3.22281,4.74157
-0.384514,372.467,0.00132843,2.18691,0.950876,-3.54829,5.22042
-0.384514,372.467,0.00132867,2.31154,0.904373,-3.85976,5.67868
-0.384514,372.467,0.00132892,2.42705,0.854301,-4.156,6.11452
-0.384514,372.467,0.00132916,2.53298,0.800857,-4.43583,6.52623
-0.384514,372.467,0.0013294,2.62892,0.744253,-4.69817,6.91218
-0.384514,372.467,0.00132964,2.71448,0.684711,-4.94196,7.27086
-0.384514,372.467,0.00132988,2.78933,0.622467,-5.16624,7.60084
-0.384514,372.467,0.00133012,2.85317,0.557767,-5.37014,7.90083
-0.384514,372.467,0.00133036,2.90575,0.490865,-5.55284,8.16963
-0.384514,372.467,0.0013306,2.94686,0.422026,-5.71363,8.40619
-0.384514,372.467,0.00133084,2.97634,0.351522,-5.85187,8.60958
-0.384514,372.467,0.00133108,2.99408,0.27963,-5.96702,8.77898
-0.384514,372.467,0.00133133,3,0.206634,-6.05861,8.91375
-0.384514,372.467,0.00133157,2.99408,0.132824,-6.1263,9.01333
-0.384514,372.467,0.00133181,2.97634,0.0584886,-6.16981,9.07734
-0.384514,372.467,0.00133205,2.94686,-0.0160773,-6.18897,9.10553
-0.384514,372.467,0.00133229,2.90575,-0.0905797,-6.1837,9.09778
-0.384514,372.467,0.00133253,2.85317,-0.164725,-6.15403,9.05413
-0.384514,372.467,0.00133277,2.78933,-0.238219,-6.10007,8.97474
-0.384514,372.467,0.00133301,2.71448,-0.310774,-6.02204,8.85994
-0.384514,372.467,0.00133325,2.62892,-0.382102,-5.92024,8.71017
-0.384514,372.467,0.00133349,2.53298,-0.451923,-5.79508,8.52602
-0.384514,372.467,0.00133373,2.42705,-0.519959,-5.64705,8.30823
-0.384514,372.467,0.00133398,2.31154,-0.585944,-5.47673,8.05764
-0.384514,372.467,0.00133422,2.18691,-0.649616,-5.28479,7.77526
-0.384514,372.467,0.00133446,2.05364,-0.710725,-5.072,7.46219
-0.384514,372.467,0.0013347,1.91227,-0.769028,-4.8392,7.11967
-0.384514,372.467,0.00133494,1.76336,-0.824297,-4.58729,6.74906
-0.384514,372.467,0.00133518,1.60748,-0.876312,-4.31728,6.35181
-0.384514,372.467,0.00133542,1.44526,-0.924869,-4.03023,5.92949
-0.384514,372.467,0.00133566,1.27734,-0.969776,-3.72728,5.48377
-0.384514,372.467,0.0013359,1.10437,-1.01086,-3.40962,5.01641
-0.384514,372.467,0.00133614,0.927051,-1.04795,-3.0785,4.52925
-0.384514,372.467,0.00133639,0.74607,-1.0809,-2.73523,4.02421
-0.384514,372.467,0.00133663,0.562144,-1.10959,-2.38117,3.5033
-0.384514,372.467,0.00133687,0.376,-1.1339,-2.01771,2.96855
-0.384514,372.467,0.00133711,0.188372,-1.15373,-1.64628,2.4221
-0.384514,372.467,0.00133735,8.80497e-015,-1.16902,-1.26836,1.86608
-0.384514,372.467,0.00133759,-0.188372,-1.17968,-0.885436,1.3027
-0.384514,372.467,0.00133783,-0.376,-1.1857,-0.499015,0.734176
-0.384514,372.467,0.00133807,-0.562144,-1.18703,-0.110625,0.162757
-0.384514,372.467,0.00133831,-0.74607,-1.18368,0.278202,-0.409305
-0.384514,372.467,0.00133855,-0.927051,-1.17565,0.665931,-0.979752
-0.384514,372.467,0.0013388,-1.10437,-1.16299,1.05103,-1.54633
-0.384514,372.467,0.00133904,-1.27734,-1.14574,1.43198,-2.10681
-0.384514,372.467,0.00133928,-1.44526,-1.12396,1.80729,-2.65897
-0.384514,372.467,0.00133952,-1.60748,-1.09775,2.17545,-3.20064
-0.384514,372.467,0.00133976,-1.76336,-1.06721,2.53504,-3.72968
-0.384514,372.467,0.00134,-1.91227,-1.03246,2.88462,-4.244
-0.384514,372.467,0.00134024,-2.05364,-0.993627,3.22281,-4.74157
-0.384514,372.467,0.00134048,-2.18691,-0.950876,3.54829,-5.22042
-0.384514,372.467,0.00134072,-2.31154,-0.904373,3.85976,-5.67867
-0.384514,372.467,0.00134096,-2.42705,-0.854301,4.156,-6.11452
-0.384514,372.467,0.0013412,-2.53298,-0.800857,4.43583,-6.52623
-0.384514,372.467,0.00134145,-2.62892,-0.744253,4.69817,-6.91218
-0.384514,372.467,0.00134169,-2.71448,-0.684711,4.94196,-7.27086
-0.384514,372.467,0.00134193,-2.78933,-0.622467,5.16624,-7.60084
-0.384514,372.467,0.00134217,-2.85317,-0.557767,5.37014,-7.90083
-0.384514,372.467,0.00134241,-2.90575,-0.490865,5.55284,-8.16963
-0.384514,372.467,0.00134265,-2.94686,-0.422026,5.71363,-8.40619
-0.384514,372.467,0.00134289,-2.97634,-0.351522,5.85187,-8.60958
-0.384514,372.467,0.00134313,-2.99408,-0.27963,5.96702,-8.77898
-0.384514,372.467,0.00134337,-3,-0.206634,6.05861,-8.91375
-0.384514,372.467,0.00134361,-2.99408,-0.132824,6.1263,-9.01333
-0.384514,372.467,0.00134386,-2.97634,-0.0584886,6.16981,-9.07734
-0.384514,372.467,0.0013441,-2.94686,0.0160773,6.18897,-9.10553
-0.384514,372.467,0.00134434,-2.90575,0.0905797,6.1837,-9.09778
-0.384514,372.467,0.00134458,-2.85317,0.164725,6.15403,-9.05413
-0.384514,372.467,0.00134482,-2.78933,0.238219,6.10007,-8.97474
-0.384514,372.467,0.00134506,-2.71448,0.310774,6.02204,-8.85994
-0.384514,372.467,0.0013453,-2.62892,0.382102,5.92024,-8.71017
-0.384514,372.467,0.00134554,-2.53298,0.451923,5.79508,-8.52602
-0.384514,372.467,0.00134578,-2.42705,0.519959,5.64705,-8.30823
-0.384514,372.467,0.00134602,-2.31154,0.585944,5.47673,-8.05764
-0.384514,372.467,0.00134627,-2.18691,0.649616,5.28479,-7.77526
-0.384514,372.467,0.00134651,-2.05364,0.710725,5.072,-7.46219
-0.384514,372.467,0.00134675,-1.91227,0.769028,4.8392,-7.11967
-0.384514,372.467,0.00134699,-1.76336,0.824297,4.58729,-6.74906
-0.384514,372.467,0.00134723,-1.60748,0.876312,4.31728,-6.35181
-0.384514,372.467,0.00134747,-1.44526,0.924869,4.03023,-5.92949
-0.384514,372.467,0.00134771,-1.27734,0.969776,3.72728,-5.48377
-0.384514,372.467,0.00134795,-1.10437,1.01086,3.40962,-5.01641
-0.384514,372.467,0.00134819,-0.927051,1.04795,3.0785,-4.52925
-0.384514,372.467,0.00134843,-0.74607,1.0809,2.73523,-4.02421
-0.384514,372.467,0.00134867,-0.562144,1.10959,2.38117,-3.5033
-0.384514,372.467,0.00134892,-0.376,1.1339,2.01771,-2.96855
-0.384514,372.467,0.00134916,-0.188372,1.15373,1.64628,-2.4221
-0.384514,372.467,0.0013494,-4.11468e-014,1.16902,1.26836,-1.86608
-0.384514,372.467,0.00134964,0.188372,1.17968,0.885436,-1.3027
-0.384514,372.467,0.00134988,0.376,1.1857,0.499015,-0.734177
-0.384514,372.467,0.00135012,0.562144,1.18703,0.110625,-0.162757
-0.384514,372.467,0.00135036,0.74607,1.18368,-0.278202,0.409305
-0.384514,372.467,0.0013506,0.927051,1.17565,-0.665931,0.979752
-0.384514,372.467,0.00135084,1.10437,1.16299,-1.05103,1.54633
-0.384514,372.467,0.00135108,1.27734,1.14574,-1.43198,2.10681
-0.384514,372.467,0.00135133,1.44526,1.12396,-1.80729,2.65897
-0.384514,372.467,0.00135157,1.60748,1.09775,-2.17545,3.20064
-0.384514,372.467,0.00135181,1.76336,1.06721,-2.53504,3.72968
-0.384514,372.467,0.00135205,1.91227,1.03246,-2.88462,4.244
-0.384514,372.467,0.00135229,2.05364,0.993627,-3.22281,4.74156
-0.384514,372.467,0.00135253,2.18691,0.950876,-3.54829,5.22042
-0.384514,372.467,0.00135277,2.31154,0.904373,-3.85976,5.67867
-0.384514,372.467,0.00135301,2.42705,0.854301,-4.156,6.11452
-0.384514,372.467,0.00135325,2.53298,0.800857,-4.43583,6.52623
-0.384514,372.467,0.00135349,2.62892,0.744253,-4.69817,6.91218
-0.384514,372.467,0.00135373,2.71448,0.684711,-4.94196,7.27086
-0.384514,372.467,0.00135398,2.78933,0.622467,-5.16624,7.60084
-0.384514,372.467,0.00135422,2.85317,0.557767,-5.37014,7.90083
-0.384514,372.467,0.00135446,2.90575,0.490865,-5.55284,8.16963
-0.384514,372.467,0.0013547,2.94686,0.422026,-5.71363,8.40619
-0.384514,372.467,0.00135494,2.97634,0.351522,-5.85187,8.60958
-0.384514,372.467,0.00135518,2.99408,0.27963,-5.96702,8.77898
-0.384514,372.467,0.00135542,3,0.206634,-6.05861,8.91375
-0.384514,372.467,0.00135566,2.99408,0.132824,-6.1263,9.01333
-0.384514,372.467,0.0013559,2.97634,0.0584886,-6.16981,9.07734
-0.384514,372.467,0.00135614,2.94686,-0.0160773,-6.18897,9.10553
-0.384514,372.467,0.00135639,2.90575,-0.0905797,-6.1837,9.09778
-0.384514,372.467,0.00135663,2.85317,-0.164725,-6.15403,9.05413
-0.384514,372.467,0.00135687,2.78933,-0.238219,-6.10007,8.97474
-0.384514,372.467,0.00135711,2.71448,-0.310774,-6.02204,8.85994
-0.384514,372.467,0.00135735,2.62892,-0.382102,-5.92024,8.71017
-0.384514,372.467,0.00135759,2.53298,-0.451923,-5.79508,8.52602
-0.384514,372.467,0.00135783,2.42705,-0.519959,-5.64705,8.30823
-0.384514,372.467,0.00135807,2.31154,-0.585944,-5.47673,8.05764
-0.384514,372.467,0.00135831,2.18691,-0.649616,-5.28479,7.77526
-0.384514,372.467,0.00135855,2.05364,-0.710725,-5.072,7.46219
-0.384514,372.467,0.0013588,1.91227,-0.769028,-4.8392,7.11967
-0.384514,372.467,0.00135904,1.76336,-0.824297,-4.58729,6.74906
-0.384514,372.467,0.00135928,1.60748,-0.876312,-4.31728,6.35181
-0.384514,372.467,0.00135952,1.44526,-0.924869,-4.03023,5.92949
-0.384514,372.467,0.00135976,1.27734,-0.969776,-3.72728,5.48377
-0.384514,372.467,0.00136,1.10437,-1.01086,-3.40962,5.01641
-0.384514,372.467,0.00136024,0.927051,-1.04795,-3.0785,4.52925
-0.384514,372.467,0.00136048,0.74607,-1.0809,-2.73523,4.02421
-0.384514,372.467,0.00136072,0.562144,-1.10959,-2.38117,3.5033
-0.384514,372.467,0.00136096,0.376,-1.1339,-2.01771,2.96855
-0.384514,372.467,0.0013612,0.188372,-1.15373,-1.64628,2.4221
-0.384514,372.467,0.00136145,7.34886e-014,-1.16902,-1.26836,1.86608
-0.384514,372.467,0.00136169,-0.188372,-1.17968,-0.885436,1.3027
-0.384514,372.467,0.00136193,-0.376,-1.1857,-0.499015,0.734177
-0.384514,372.467,0.00136217,-0.562144,-1.18703,-0.110625,0.162757
-0.384514,372.467,0.00136241,-0.74607,-1.18368,0.278202,-0.409305
-0.384514,372.467,0.00136265,-0.927051,-1.17565,0.665931,-0.979751
-0.384514,372.467,0.00136289,-1.10437,-1.16299,1.05103,-1.54633
-0.384514,372.467,0.00136313,-1.27734,-1.14574,1.43198,-2.10681
-0.384514,372.467,0.00136337,-1.44526,-1.12396,1.80729,-2.65897
-0.384514,372.467,0.00136361,-1.60748,-1.09775,2.17545,-3.20064
-0.384514,372.467,0.00136386,-1.76336,-1.06721,2.53504,-3.72968
-0.384514,372.467,0.0013641,-1.91227,-1.03246,2.88462,-4.244
-0.384514,372.467,0.00136434,-2.05364,-0.993627,3.22281,-4.74156
-0.384514,372.467,0.00136458,-2.18691,-0.950876,3.54829,-5.22042
-0.384514,372.467,0.00136482,-2.31154,-0.904373,3.85976,-5.67867
-0.384514,372.467,0.00136506,-2.42705,-0.854301,4.156,-6.11452
-0.384514,372.467,0.0013653,-2.53298,-0.800857,4.43583,-6.52623
-0.384514,372.467,0.00136554,-2.62892,-0.744253,4.69817,-6.91218
-0.384514,372.467,0.00136578,-2.71448,-0.684711,4.94196,-7.27086
-0.384514,372.467,0.00136602,-2.78933,-0.622467,5.16624,-7.60084
-0.384514,372.467,0.00136627,-2.85317,-0.557767,5.37014,-7.90083
-0.384514,372.467,0.00136651,-2.90575,-0.490865,5.55284,-8.16963
-0.384514,372.467,0.00136675,-2.94686,-0.422026,5.71363,-8.40619
-0.384514,372.467,0.00136699,-2.97634,-0.351522,5.85187,-8.60958
-0.384514,372.467,0.00136723,-2.99408,-0.27963,5.96702,-8.77898
-0.384514,372.467,0.00136747,-3,-0.206634,6.05861,-8.91375
-0.384514,372.467,0.00136771,-2.99408,-0.132824,6.1263,-9.01333
-0.384514,372.467,0.00136795,-2.97634,-0.0584886,6.16981,-9.07734
-0.384514,372.467,0.00136819,-2.94686,0.0160773,6.18897,-9.10553
-0.384514,372.467,0.00136843,-2.90575,0.0905797,6.1837,-9.09778
-0.384514,372.467,0.00136867,-2.85317,0.164725,6.15403,-9.05413
-0.384514,372.467,0.00136892,-2.78933,0.238219,6.10007,-8.97474
-0.384514,372.467,0.00136916,-2.71448,0.310774,6.02204,-8.85994
-0.384514,372.467,0.0013694,-2.62892,0.382102,5.92024,-8.71017
-0.384514,372.467,0.00136964,-2.53298,0.451923,5.79508,-8.52602
-0.384514,372.467,0.00136988,-2.42705,0.519959,5.64705,-8.30823
-0.384514,372.467,0.00137012,-2.31154,0.585944,5.47673,-8.05764
-0.384514,372.467,0.00137036,-2.18691,0.649616,5.28479,-7.77526
-0.384514,372.467,0.0013706,-2.05364,0.710725,5.072,-7.46219
-0.384514,372.467,0.00137084,-1.91227,0.769028,4.8392,-7.11967
-0.384514,372.467,0.00137108,-1.76336,0.824297,4.58729,-6.74906
-0.384514,372.467,0.00137133,-1.60748,0.876312,4.31728,-6.35181
-0.384514,372.467,0.00137157,-1.44526,0.924869,4.03023,-5.92949
-0.384514,372.467,0.00137181,-1.27734,0.969776,3.72728,-5.48377
-0.384514,372.467,0.00137205,-1.10437,1.01086,3.40962,-5.01641
-0.384514,372.467,0.00137229,-0.927051,1.04795,3.0785,-4.52925
-0.384514,372.467,0.00137253,-0.74607,1.0809,2.73523,-4.02421
-0.384514,372.467,0.00137277,-0.562144,1.10959,2.38117,-3.5033
-0.384514,372.467,0.00137301,-0.376,1.1339,2.01771,-2.96855
-0.384514,372.467,0.00137325,-0.188372,1.15373,1.64628,-2.4221
-0.384514,372.467,0.00137349,-1.0583e-013,1.16902,1.26836,-1.86608
-0.384514,372.467,0.00137373,0.188372,1.17968,0.885436,-1.3027
-0.384514,372.467,0.00137398,0.376,1.1857,0.499015,-0.734177
-0.384514,372.467,0.00137422,0.562144,1.18703,0.110625,-0.162757
-0.384514,372.467,0.00137446,0.74607,1.18368,-0.278202,0.409305
-0.384514,372.467,0.0013747,0.927051,1.17565,-0.665931,0.979751
-0.384514,372.467,0.00137494,1.10437,1.16299,-1.05103,1.54633
-0.384514,372.467,0.00137518,1.27734,1.14574,-1.43198,2.10681
-0.384514,372.467,0.00137542,1.44526,1.12396,-1.80729,2.65897
-0.384514,372.467,0.00137566,1.60748,1.09775,-2.17545,3.20064
-0.384514,372.467,0.0013759,1.76336,1.06721,-2.53504,3.72968
-0.384514,372.467,0.00137614,1.91227,1.03246,-2.88462,4.244
-0.384514,372.467,0.00137639,2.05364,0.993627,-3.22281,4.74156
-0.384514,372.467,0.00137663,2.18691,0.950876,-3.54829,5.22042
-0.384514,372.467,0.00137687,2.31154,0.904373,-3.85976,5.67867
-0.384514,372.467,0.00137711,2.42705,0.854301,-4.156,6.11452
-0.384514,372.467,0.00137735,2.53298,0.800857,-4.43583,6.52623
-0.384514,372.467,0.00137759,2.62892,0.744253,-4.69817,6.91218
-0.384514,372.467,0.00137783,2.71448,0.684711,-4.94196,7.27086
-0.384514,372.467,0.00137807,2.78933,0.622467,-5.16624,7.60084
-0.384514,372.467,0.00137831,2.85317,0.557767,-5.37014,7.90083
-0.384514,372.467,0.00137855,2.90575,0.490865,-5.55284,8.16963
-0.384514,372.467,0.0013788,2.94686,0.422026,-5.71363,8.40619
-0.384514,372.467,0.00137904,2.97634,0.351522,-5.85187,8.60958
-0.384514,372.467,0.00137928,2.99408,0.27963,-5.96702,8.77898
-0.384514,372.467,0.00137952,3,0.206634,-6.05861,8.91375
-0.384514,372.467,0.00137976,2.99408,0.132824,-6.1263,9.01333
-0.384514,372.467,0.00138,2.97634,0.0584886,-6.16981,9.07734
-0.384514,372.467,0.00138024,2.94686,-0.0160773,-6.18897,9.10553
-0.384514,372.467,0.00138048,2.90575,-0.0905797,-6.1837,9.09778
-0.384514,372.467,0.00138072,2.85317,-0.164725,-6.15403,9.05413
-0.384514,372.467,0.00138096,2.78933,-0.238219,-6.10007,8.97474
-0.384514,372.467,0.0013812,2.71448,-0.310774,-6.02204,8.85994
-0.384514,372.467,0.00138145,2.62892,-0.382102,-5.92024,8.71017
-0.384514,372.467,0.00138169,2.53298,-0.451923,-5.79508,8.52602
-0.384514,372.467,0.00138193,2.42705,-0.519959,-5.64705,8.30823
-0.384514,372.467,0.00138217,2.31154,-0.585944,-5.47673,8.05764
-0.384514,372.467,0.00138241,2.18691,-0.649616,-5.28479,7.77526
-0.384514,372.467,0.00138265,2.05364,-0.710725,-5.072,7.46219
-0.384514,372.467,0.00138289,1.91227,-0.769028,-4.8392,7.11967
-0.384514,372.467,0.00138313,1.76336,-0.824297,-4.58729,6.74906
-0.384514,372.467,0.00138337,1.60748,-0.876312,-4.31728,6.35181
-0.384514,372.467,0.00138361,1.44526,-0.924869,-4.03023,5.92949
-0.384514,372.467,0.00138386,1.27734,-0.969776,-3.72728,5.48377
-0.384514,372.467,0.0013841,1.10437,-1.01086,-3.40962,5.01641
-0.384514,372.467,0.00138434,0.927051,-1.04795,-3.0785,4.52925
-0.384514,372.467,0.00138458,0.74607,-1.0809,-2.73523,4.02421
-0.384514,372.467,0.00138482,0.562144,-1.10959,-2.38117,3.5033
-0.384514,372.467,0.00138506,0.376,-1.1339,-2.01771,2.96855
-0.384514,372.467,0.0013853,0.188372,-1.15373,-1.64628,2.4221
-0.384514,372.467,0.00138554,-3.23581e-014,-1.16902,-1.26836,1.86608
-0.384514,372.467,0.00138578,-0.188372,-1.17968,-0.885436,1.3027
-0.384514,372.467,0.00138602,-0.376,-1.1857,-0.499015,0.734177
-0.384514,372.467,0.00138627,-0.562144,-1.18703,-0.110625,0.162757
-0.384514,372.467,0.00138651,-0.74607,-1.18368,0.278202,-0.409305
-0.384514,372.467,0.00138675,-0.927051,-1.17565,0.665931,-0.979751
-0.384514,372.467,0.00138699,-1.10437,-1.16299,1.05103,-1.54633
-0.384514,372.467,0.00138723,-1.27734,-1.14574,1.43198,-2.10681
-0.384514,372.467,0.00138747,-1.44526,-1.12396,1.80729,-2.65897
-0.384514,372.467,0.00138771,-1.60748,-1.09775,2.17545,-3.20064
-0.384514,372.467,0.00138795,-1.76336,-1.06721,2.53504,-3.72968
-0.384514,372.467,0.00138819,-1.91227,-1.03246,2.88462,-4.244
-0.384514,372.467,0.00138843,-2.05364,-0.993627,3.22281,-4.74157
-0.384514,372.467,0.00138867,-2.18691,-0.950876,3.54829,-5.22042
-0.384514,372.467,0.00138892,-2.31154,-0.904373,3.85976,-5.67867
-0.384514,372.467,0.00138916,-2.42705,-0.854301,4.156,-6.11452
-0.384514,372.467,0.0013894,-2.53298,-0.800857,4.43583,-6.52623
-0.384514,372.467,0.00138964,-2.62892,-0.744253,4.69817,-6.91218
-0.384514,372.467,0.00138988,-2.71448,-0.684711,4.94196,-7.27086
-0.384514,372.467,0.00139012,-2.78933,-0.622467,5.16624,-7.60084
-0.384514,372.467,0.00139036,-2.85317,-0.557767,5.37014,-7.90083
-0.384514,372.467,0.0013906,-2.90575,-0.490865,5.55284,-8.16963
-0.384514,372.467,0.00139084,-2.94686,-0.422026,5.71363,-8.40619
-0.384514,372.467,0.00139108,-2.97634,-0.351522,5.85187,-8.60958
-0.384514,372.467,0.00139133,-2.99408,-0.27963,5.96702,-8.77898
-0.384514,372.467,0.00139157,-3,-0.206634,6.05861,-8.91375
-0.384514,372.467,0.00139181,-2.99408,-0.132824,6.1263,-9.01333
-0.384514,372.467,0.00139205,-2.97634,-0.0584886,6.16981,-9.07734
-0.384514,372.467,0.00139229,-2.94686,0.0160773,6.18897,-9.10553
-0.384514,372.467,0.00139253,-2.90575,0.0905797,6.1837,-9.09778
-0.384514,372.467,0.00139277,-2.85317,0.164725,6.15403,-9.05413
-0.384514,372.467,0.00139301,-2.78933,0.238219,6.10007,-8.97474
-0.384514,372.467,0.00139325,-2.71448,0.310774,6.02204,-8.85994
-0.384514,372.467,0.00139349,-2.62892,0.382102,5.92024,-8.71017
-0.384514,372.467,0.00139373,-2.53298,0.451923,5.79508,-8.52602
-0.384514,372.467,0.00139398,-2.42705,0.519959,5.64705,-8.30823
-0.384514,372.467,0.00139422,-2.31154,0.585944,5.47673,-8.05764
-0.384514,372.467,0.00139446,-2.18691,0.649616,5.28479,-7.77526
-0.384514,372.467,0.0013947,-2.05364,0.710725,5.072,-7.46219
-0.384514,372.467,0.00139494,-1.91227,0.769028,4.8392,-7.11967
-0.384514,372.467,0.00139518,-1.76336,0.824297,4.58729,-6.74906
-0.384514,372.467,0.00139542,-1.60748,0.876312,4.31728,-6.35181
-0.384514,372.467,0.00139566,-1.44526,0.924869,4.03023,-5.92949
-0.384514,372.467,0.0013959,-1.27734,0.969776,3.72728,-5.48377
-0.384514,372.467,0.00139614,-1.10437,1.01086,3.40962,-5.01641
-0.384514,372.467,0.00139639,-0.927051,1.04795,3.0785,-4.52925
-0.384514,372.467,0.00139663,-0.74607,1.0809,2.73523,-4.02421
-0.384514,372.467,0.00139687,-0.562144,1.10959,2.38117,-3.5033
-0.384514,372.467,0.00139711,-0.376,1.1339,2.01771,-2.96855
-0.384514,372.467,0.00139735,-0.188372,1.15373,1.64628,-2.4221
-0.384514,372.467,0.00139759,-1.70514e-013,1.16902,1.26836,-1.86608
-0.384514,372.467,0.00139783,0.188372,1.17968,0.885436,-1.3027
-0.384514,372.467,0.00139807,0.376,1.1857,0.499015,-0.734177
-0.384514,372.467,0.00139831,0.562144,1.18703,0.110625,-0.162757
-0.384514,372.467,0.00139855,0.74607,1.18368,-0.278202,0.409305
-0.384514,372.467,0.0013988,0.927051,1.17565,-0.665931,0.979752
-0.384514,372.467,0.00139904,1.10437,1.16299,-1.05103,1.54633
-0.384514,372.467,0.00139928,1.27734,1.14574,-1.43198,2.10681
-0.384514,372.467,0.00139952,1.44526,1.12396,-1.80729,2.65897
-0.384514,372.467,0.00139976,1.60748,1.09775,-2.17545,3.20064
-0.384514,372.467,0.0014,1.76336,1.06721,-2.53504,3.72968
-0.384514,372.467,0.00140024,1.91227,1.03246,-2.88462,4.244
-0.384514,372.467,0.00140048,2.05364,0.993627,-3.22281,4.74157
-0.384514,372.467,0.00140072,2.18691,0.950876,-3.54829,5.22042
-0.384514,372.467,0.00140096,2.31154,0.904373,-3.85976,5.67867
-0.384514,372.467,0.0014012,2.42705,0.854301,-4.156,6.11452
-0.384514,372.467,0.00140145,2.53298,0.800857,-4.43583,6.52623
-0.384514,372.467,0.00140169,2.62892,0.744253,-4.69817,6.91218
-0.384514,372.467,0.00140193,2.71448,0.684711,-4.94196,7.27086
-0.384514,372.467,0.00140217,2.78933,0.622467,-5.16624,7.60084
-0.384514,372.467,0.00140241,2.85317,0.557767,-5.37014,7.90083
-0.384514,372.467,0.00140265,2.90575,0.490865,-5.55284,8.16963
-0.384514,372.467,0.00140289,2.94686,0.422026,-5.71363,8.40619
-0.384514,372.467,0.00140313,2.97634,0.351522,-5.85187,8.60958
-0.384514,372.467,0.00140337,2.99408,0.27963,-5.96702,8.77898
-0.384514,372.467,0.00140361,3,0.206634,-6.05861,8.91375
-0.384514,372.467,0.00140386,2.99408,0.132824,-6.1263,9.01333
-0.384514,372.467,0.0014041,2.97634,0.0584886,-6.16981,9.07734
-0.384514,372.467,0.00140434,2.94686,-0.0160773,-6.18897,9.10553
-0.384514,372.467,0.00140458,2.90575,-0.0905797,-6.1837,9.09778
-0.384514,372.467,0.00140482,2.85317,-0.164725,-6.15403,9.05413
-0.384514,372.467,0.00140506,2.78933,-0.238219,-6.10007,8.97474
-0.384514,372.467,0.0014053,2.71448,-0.310774,-6.02204,8.85994
-0.384514,372.467,0.00140554,2.62892,-0.382102,-5.92024,8.71017
-0.384514,372.467,0.00140578,2.53298,-0.451923,-5.79508,8.52602
-0.384514,372.467,0.00140602,2.42705,-0.519959,-5.64705,8.30823
-0.384514,372.467,0.00140627,2.31154,-0.585944,-5.47673,8.05764
-0.384514,372.467,0.00140651,2.18691,-0.649616,-5.28479,7.77526
-0.384514,372.467,0.00140675,2.05364,-0.710725,-5.072,7.46219
-0.384514,372.467,0.00140699,1.91227,-0.769028,-4.8392,7.11967
-0.384514,372.467,0.00140723,1.76336,-0.824297,-4.58729,6.74906
-0.384514,372.467,0.00140747,1.60748,-0.876312,-4.31728,6.35181
-0.384514,372.467,0.00140771,1.44526,-0.924869,-4.03023,5.92949
-0.384514,372.467,0.00140795,1.27734,-0.969776,-3.72728,5.48377
-0.384514,372.467,0.00140819,1.10437,-1.01086,-3.40962,5.01641
-0.384514,372.467,0.00140843,0.927051,-1.04795,-3.0785,4.52925
-0.384514,372.467,0.00140867,0.74607,-1.0809,-2.73523,4.02421
-0.384514,372.467,0.00140892,0.562144,-1.10959,-2.38117,3.5033
-0.384514,372.467,0.00140916,0.376,-1.1339,-2.01771,2.96855
-0.384514,372.467,0.0014094,0.188372,-1.15373,-1.64628,2.4221
-0.384514,372.467,0.00140964,3.23255e-014,-1.16902,-1.26836,1.86608
-0.384514,372.467,0.00140988,-0.188372,-1.17968,-0.885436,1.3027
-0.384514,372.467,0.00141012,-0.376,-1.1857,-0.499015,0.734177
-0.384514,372.467,0.00141036,-0.562144,-1.18703,-0.110625,0.162757
-0.384514,372.467,0.0014106,-0.74607,-1.18368,0.278202,-0.409305
-0.384514,372.467,0.00141084,-0.927051,-1.17565,0.665931,-0.979752
-0.384514,372.467,0.00141108,-1.10437,-1.16299,1.05103,-1.54633
-0.384514,372.467,0.00141133,-1.27734,-1.14574,1.43198,-2.10681
-0.384514,372.467,0.00141157,-1.44526,-1.12396,1.80729,-2.65897
-0.384514,372.467,0.00141181,-1.60748,-1.09775,2.17545,-3.20064
-0.384514,372.467,0.00141205,-1.76336,-1.06721,2.53504,-3.72968
-0.384514,372.467,0.00141229,-1.91227,-1.03246,2.88462,-4.244
-0.384514,372.467,0.00141253,-2.05364,-0.993627,3.22281,-4.74157
-0.384514,372.467,0.00141277,-2.18691,-0.950876,3.54829,-5.22042
-0.384514,372.467,0.00141301,-2.31154,-0.904373,3.85976,-5.67867
-0.384514,372.467,0.00141325,-2.42705,-0.854301,4.156,-6.11452
-0.384514,372.467,0.00141349,-2.53298,-0.800857,4.43583,-6.52623
-0.384514,372.467,0.00141373,-2.62892,-0.744253,4.69817,-6.91218
-0.384514,372.467,0.00141398,-2.71448,-0.684711,4.94196,-7.27086
-0.384514,372.467,0.00141422,-2.78933,-0.622467,5.16624,-7.60084
-0.384514,372.467,0.00141446,-2.85317,-0.557767,5.37014,-7.90083
-0.384514,372.467,0.0014147,-2.90575,-0.490865,5.55284,-8.16963
-0.384514,372.467,0.00141494,-2.94686,-0.422026,5.71363,-8.40619
-0.384514,372.467,0.00141518,-2.97634,-0.351522,5.85187,-8.60958
-0.384514,372.467,0.00141542,-2.99408,-0.27963,5.96702,-8.77898
-0.384514,372.467,0.00141566,-3,-0.206634,6.05861,-8.91375
-0.384514,372.467,0.0014159,-2.99408,-0.132824,6.1263,-9.01333
-0.384514,372.467,0.00141614,-2.97634,-0.0584886,6.16981,-9.07734
-0.384514,372.467,0.00141639,-2.94686,0.0160773,6.18897,-9.10553
-0.384514,372.467,0.00141663,-2.90575,0.0905797,6.1837,-9.09778
-0.384514,372.467,0.00141687,-2.85317,0.164725,6.15403,-9.05413
-0.384514,372.467,0.00141711,-2.78933,0.238219,6.10007,-8.97474
-0.384514,372.467,0.00141735,-2.71448,0.310774,6.02204,-8.85994
-0.384514,372.467,0.00141759,-2.62892,0.382102,5.92024,-8.71017
-0.384514,372.467,0.00141783,-2.53298,0.451923,5.79508,-8.52602
-0.384514,372.467,0.00141807,-2.42705,0.519959,5.64705,-8.30823
-0.384514,372.467,0.00141831,-2.31154,0.585944,5.47673,-8.05764
-0.384514,372.467,0.00141855,-2.18691,0.649616,5.28479,-7.77526
-0.384514,372.467,0.0014188,-2.05364,0.710725,5.072,-7.46219
-0.384514,372.467,0.00141904,-1.91227,0.769028,4.8392,-7.11967
-0.384514,372.467,0.00141928,-1.76336,0.824297,4.58729,-6.74906
-0.384514,372.467,0.00141952,-1.60748,0.876312,4.31728,-6.35181
-0.384514,372.467,0.00141976,-1.44526,0.924869,4.03023,-5.92949
-0.384514,372.467,0.00142,-1.27734,0.969776,3.72728,-5.48377
-0.384514,372.467,0.00142024,-1.10437,1.01086,3.40962,-5.01641
-0.384514,372.467,0.00142048,-0.927051,1.04795,3.0785,-4.52925
-0.384514,372.467,0.00142072,-0.74607,1.0809,2.73523,-4.02421
-0.384514,372.467,0.00142096,-0.562144,1.10959,2.38117,-3.5033
-0.384514,372.467,0.0014212,-0.376,1.1339,2.01771,-2.96855
-0.384514,372.467,0.00142145,-0.188372,1.15373,1.64628,-2.4221
-0.384514,372.467,0.00142169,-2.35198e-013,1.16902,1.26836,-1.86608
-0.384514,372.467,0.00142193,0.188372,1.17968,0.885436,-1.3027
-0.384514,372.467,0.00142217,0.376,1.1857,0.499015,-0.734177
-0.384514,372.467,0.00142241,0.562144,1.18703,0.110625,-0.162757
-0.384514,372.467,0.00142265,0.74607,1.18368,-0.278202,0.409305
-0.384514,372.467,0.00142289,0.927051,1.17565,-0.665931,0.979752
-0.384514,372.467,0.00142313,1.10437,1.16299,-1.05103,1.54633
-0.384514,372.467,0.00142337,1.27734,1.14574,-1.43198,2.10681
-0.384514,372.467,0.00142361,1.44526,1.12396,-1.80729,2.65897
-0.384514,372.467,0.00142386,1.60748,1.09775,-2.17545,3.20064
-0.384514,372.467,0.0014241,1.76336,1.06721,-2.53504,3.72968
-0.384514,372.467,0.00142434,1.91227,1.03246,-2.88462,4.244
-0.384514,372.467,0.00142458,2.05364,0.993627,-3.22281,4.74157
-0.384514,372.467,0.00142482,2.18691,0.950876,-3.54829,5.22042
-0.384514,372.467,0.00142506,2.31154,0.904373,-3.85976,5.67867
-0.384514,372.467,0.0014253,2.42705,0.854301,-4.156,6.11452
-0.384514,372.467,0.00142554,2.53298,0.800857,-4.43583,6.52623
-0.384514,372.467,0.00142578,2.62892,0.744253,-4.69817,6.91218
-0.384514,372.467,0.00142602,2.71448,0.684711,-4.94196,7.27086
-0.384514,372.467,0.00142627,2.78933,0.622467,-5.16624,7.60084
-0.384514,372.467,0.00142651,2.85317,0.557767,-5.37014,7.90083
-0.384514,372.467,0.00142675,2.90575,0.490865,-5.55284,8.16963
-0.384514,372.467,0.00142699,2.94686,0.422026,-5.71363,8.40619
-0.384514,372.467,0.00142723,2.97634,0.351522,-5.85187,8.60958
-0.384514,372.467,0.00142747,2.99408,0.27963,-5.96702,8.77898
-0.384514,372.467,0.00142771,3,0.206634,-6.05861,8.91375
-0.384514,372.467,0.00142795,2.99408,0.132824,-6.1263,9.01333
-0.384514,372.467,0.00142819,2.97634,0.0584886,-6.16981,9.07734
-0.384514,372.467,0.00142843,2.94686,-0.0160773,-6.18897,9.10553
-0.384514,372.467,0.00142867,2.90575,-0.0905797,-6.1837,9.09778
-0.384514,372.467,0.00142892,2.85317,-0.164725,-6.15403,9.05413
-0.384514,372.467,0.00142916,2.78933,-0.238219,-6.10007,8.97474
-0.384514,372.467,0.0014294,2.71448,-0.310774,-6.02204,8.85994
-0.384514,372.467,0.00142964,2.62892,-0.382102,-5.92024,8.71017
-0.384514,372.467,0.00142988,2.53298,-0.451923,-5.79508,8.52602
-0.384514,372.467,0.00143012,2.42705,-0.519959,-5.64705,8.30823
-0.384514,372.467,0.00143036,2.31154,-0.585944,-5.47673,8.05764
-0.384514,372.467,0.0014306,2.18691,-0.649616,-5.28479,7.77526
-0.384514,372.467,0.00143084,2.05364,-0.710725,-5.072,7.46219
-0.384514,372.467,0.00143108,1.91227,-0.769028,-4.8392,7.11967
-0.384514,372.467,0.00143133,1.76336,-0.824297,-4.58729,6.74906
-0.384514,372.467,0.00143157,1.60748,-0.876312,-4.31728,6.35181
-0.384514,372.467,0.00143181,1.44526,-0.924869,-4.03023,5.92949
-0.384514,372.467,0.00143205,1.27734,-0.969776,-3.72728,5.48377
-0.384514,372.467,0.00143229,1.10437,-1.01086,-3.40962,5.01641
-0.384514,372.467,0.00143253,0.927051,-1.04795,-3.0785,4.52925
-0.384514,372.467,0.00143277,0.74607,-1.0809,-2.73523,4.02421
-0.384514,372.467,0.00143301,0.562144,-1.10959,-2.38117,3.5033
-0.384514,372.467,0.00143325,0.376,-1.1339,-2.01771,2.96855
-0.384514,372.467,0.00143349,0.188372,-1.15373,-1.64628,2.4221
-0.384514,372.467,0.00143373,9.70092e-014,-1.16902,-1.26836,1.86608
-0.384514,372.467,0.00143398,-0.188372,-1.17968,-0.885436,1.3027
-0.384514,372.467,0.00143422,-0.376,-1.1857,-0.499015,0.734177
-0.384514,372.467,0.00143446,-0.562144,-1.18703,-0.110625,0.162757
-0.384514,372.467,0.0014347,-0.74607,-1.18368,0.278202,-0.409305
-0.384514,372.467,0.00143494,-0.927051,-1.17565,0.665931,-0.979752
-0.384514,372.467,0.00143518,-1.10437,-1.16299,1.05103,-1.54633
-0.384514,372.467,0.00143542,-1.27734,-1.14574,1.43198,-2.10681
-0.384514,372.467,0.00143566,-1.44526,-1.12396,1.80729,-2.65897
-0.384514,372.467,0.0014359,-1.60748,-1.09775,2.17545,-3.20064
-0.384514,372.467,0.00143614,-1.76336,-1.06721,2.53504,-3.72968
-0.384514,372.467,0.00143639,-1.91227,-1.03246,2.88462,-4.244
-0.384514,372.467,0.00143663,-2.05364,-0.993627,3.22281,-4.74157
-0.384514,372.467,0.00143687,-2.18691,-0.950876,3.54829,-5.22042
-0.384514,372.467,0.00143711,-2.31154,-0.904373,3.85976,-5.67867
-0.384514,372.467,0.00143735,-2.42705,-0.854301,4.156,-6.11452
-0.384514,372.467,0.00143759,-2.53298,-0.800857,4.43583,-6.52623
-0.384514,372.467,0.00143783,-2.62892,-0.744253,4.69817,-6.91218
-0.384514,372.467,0.00143807,-2.71448,-0.684711,4.94196,-7.27086
-0.384514,372.467,0.00143831,-2.78933,-0.622467,5.16624,-7.60084
-0.384514,372.467,0.00143855,-2.85317,-0.557767,5.37014,-7.90083
-0.384514,372.467,0.0014388,-2.90575,-0.490865,5.55284,-8.16963
-0.384514,372.467,0.00143904,-2.94686,-0.422026,5.71363,-8.40619
-0.384514,372.467,0.00143928,-2.97634,-0.351522,5.85187,-8.60958
-0.384514,372.467,0.00143952,-2.99408,-0.27963,5.96702,-8.77898
-0.384514,372.467,0.00143976,-3,-0.206634,6.05861,-8.91375
-0.384514,372.467,0.00144,-2.99408,-0.132824,6.1263,-9.01333
-0.384514,372.467,0.00144024,-2.97634,-0.0584886,6.16981,-9.07734
-0.384514,372.467,0.00144048,-2.94686,0.0160773,6.18897,-9.10553
-0.384514,372.467,0.00144072,-2.90575,0.0905797,6.1837,-9.09778
-0.384514,372.467,0.00144096,-2.85317,0.164725,6.15403,-9.05413
-0.384514,372.467,0.0014412,-2.78933,0.238219,6.10007,-8.97474
-0.384514,372.467,0.00144145,-2.71448,0.310774,6.02204,-8.85994
-0.384514,372.467,0.00144169,-2.62892,0.382102,5.92024,-8.71017
-0.384514,372.467,0.00144193,-2.53298,0.451923,5.79508,-8.52602
-0.384514,372.467,0.00144217,-2.42705,0.519959,5.64705,-8.30823
-0.384514,372.467,0.00144241,-2.31154,0.585944,5.47673,-8.05764
-0.384514,372.467,0.00144265,-2.18691,0.649616,5.28479,-7.77526
-0.384514,372.467,0.00144289,-2.05364,0.710725,5.072,-7.46219
-0.384514,372.467,0.00144313,-1.91227,0.769028,4.8392,-7.11967
-0.384514,372.467,0.00144337,-1.76336,0.824297,4.58729,-6.74906
-0.384514,372.467,0.00144361,-1.60748,0.876312,4.31728,-6.35181
-0.384514,372.467,0.00144386,-1.44526,0.924869,4.03023,-5.92949
-0.384514,372.467,0.0014441,-1.27734,0.969776,3.72728,-5.48377
-0.384514,372.467,0.00144434,-1.10437,1.01086,3.40962,-5.01641
-0.384514,372.467,0.00144458,-0.927051,1.04795,3.0785,-4.52925
-0.384514,372.467,0.00144482,-0.74607,1.0809,2.73523,-4.02421
-0.384514,372.467,0.00144506,-0.562144,1.10959,2.38117,-3.5033
-0.384514,372.467,0.0014453,-0.376,1.1339,2.01771,-2.96855
-0.384514,372.467,0.00144554,-0.188372,1.15373,1.64628,-2.4221
