Amp, Phaseshift, Time, Vd, Vr, VL, VC
-0.150991,372.342,0,0,0,0,0
-0.150991,372.342,3.50877e-007,0.188372,0.00330476,0.188372,0
-0.150991,372.342,7.01754e-007,0.376,0.00984327,0.372695,0.00231913
-0.150991,372.342,1.05263e-006,0.562144,0.0194921,0.549982,0.00922669
-0.150991,372.342,1.40351e-006,0.74607,0.0320772,0.717351,0.0229053
-0.150991,372.342,1.75439e-006,0.927051,0.0473766,0.872068,0.0454156
-0.150991,372.342,2.10526e-006,1.10437,0.0651237,1.01158,0.0786624
-0.150991,372.342,2.45614e-006,1.27734,0.0850105,1.13355,0.124363
-0.150991,372.342,2.80702e-006,1.44526,0.106693,1.23589,0.18402
-0.150991,372.342,3.15789e-006,1.60748,0.129794,1.31677,0.258892
-0.150991,372.342,3.50877e-006,1.76336,0.153911,1.37467,0.349975
-0.150991,372.342,3.85965e-006,1.91227,0.178619,1.40839,0.457983
-0.150991,372.342,4.21053e-006,2.05364,0.20348,1.41704,0.58333
-0.150991,372.342,4.5614e-006,2.18691,0.228043,1.4001,0.726123
-0.150991,372.342,4.91228e-006,2.31154,0.251856,1.35737,0.886153
-0.150991,372.342,5.26316e-006,2.42705,0.274471,1.28904,1.06289
-0.150991,372.342,5.61404e-006,2.53298,0.295447,1.19562,1.25551
-0.150991,372.342,5.96491e-006,2.62892,0.314359,1.07797,1.46284
-0.150991,372.342,6.31579e-006,2.71448,0.330802,0.937285,1.68344
-0.150991,372.342,6.66667e-006,2.78933,0.3444,0.775087,1.91558
-0.150991,372.342,7.01754e-006,2.85317,0.354807,0.593188,2.15727
-0.150991,372.342,7.36842e-006,2.90575,0.361714,0.393676,2.40625
-0.150991,372.342,7.7193e-006,2.94686,0.364852,0.178894,2.66009
-0.150991,372.342,8.07018e-006,2.97634,0.364,-0.0485959,2.91612
-0.150991,372.342,8.42105e-006,2.99408,0.358981,-0.286044,3.17156
-0.150991,372.342,8.77193e-006,3,0.349674,-0.530544,3.42348
-0.150991,372.342,9.12281e-006,2.99408,0.336006,-0.779073,3.66886
-0.150991,372.342,9.47368e-006,2.97634,0.317961,-1.02853,3.90466
-0.150991,372.342,9.82456e-006,2.94686,0.29558,-1.27576,4.12779
-0.150991,372.342,1.01754e-005,2.90575,0.268955,-1.51762,4.33521
-0.150991,372.342,1.05263e-005,2.85317,0.238235,-1.751,4.52395
-0.150991,372.342,1.08772e-005,2.78933,0.203624,-1.97286,4.69114
-0.150991,372.342,1.12281e-005,2.71448,0.165373,-2.18028,4.83403
-0.150991,372.342,1.15789e-005,2.62892,0.123786,-2.37048,4.95008
-0.150991,372.342,1.19298e-005,2.53298,0.079209,-2.54088,5.03695
-0.150991,372.342,1.22807e-005,2.42705,0.0320317,-2.68911,5.09253
-0.150991,372.342,1.26316e-005,2.31154,-0.0173196,-2.81303,5.11501
-0.150991,372.342,1.29825e-005,2.18691,-0.068386,-2.91079,5.10286
-0.150991,372.342,1.33333e-005,2.05364,-0.120681,-2.98083,5.05487
-0.150991,372.342,1.36842e-005,1.91227,-0.173697,-3.02191,4.97018
-0.150991,372.342,1.40351e-005,1.76336,-0.22691,-3.03313,4.84829
-0.150991,372.342,1.4386e-005,1.60748,-0.279785,-3.0139,4.68905
-0.150991,372.342,1.47368e-005,1.44526,-0.331786,-2.964,4.49271
-0.150991,372.342,1.50877e-005,1.27734,-0.382375,-2.88359,4.25988
-0.150991,372.342,1.54386e-005,1.10437,-0.431026,-2.77313,3.99155
-0.150991,372.342,1.57895e-005,0.927051,-0.477227,-2.63347,3.68907
-0.150991,372.342,1.61404e-005,0.74607,-0.520487,-2.46577,3.35417
-0.150991,372.342,1.64912e-005,0.562144,-0.560338,-2.27154,2.98892
-0.150991,372.342,1.68421e-005,0.376,-0.596348,-2.05258,2.5957
-0.150991,372.342,1.7193e-005,0.188372,-0.62812,-1.81098,2.17721
-0.150991,372.342,1.75439e-005,1.69965e-015,-0.655297,-1.54909,1.73642
-0.150991,372.342,1.78947e-005,-0.188372,-0.677569,-1.2695,1.27657
-0.150991,372.342,1.82456e-005,-0.376,-0.694674,-0.974998,0.80108
-0.150991,372.342,1.85965e-005,-0.562144,-0.706403,-0.66855,0.313589
-0.150991,372.342,1.89474e-005,-0.74607,-0.712601,-0.353256,-0.182132
-0.150991,372.342,1.92982e-005,-0.927051,-0.713168,-0.0323182,-0.682203
-0.150991,372.342,1.96491e-005,-1.10437,-0.708062,0.290997,-1.18267
-0.150991,372.342,2e-005,-1.27734,-0.697301,0.613396,-1.67956
-0.150991,372.342,2.03509e-005,-1.44526,-0.680957,0.931597,-2.16889
-0.150991,372.342,2.07018e-005,-1.60748,-0.659161,1.24237,-2.64676
-0.150991,372.342,2.10526e-005,-1.76336,-0.632099,1.54256,-3.10933
-0.150991,372.342,2.14035e-005,-1.91227,-0.600008,1.82915,-3.5529
-0.150991,372.342,2.17544e-005,-2.05364,-0.563179,2.09927,-3.97396
-0.150991,372.342,2.21053e-005,-2.18691,-0.521947,2.35024,-4.36918
-0.150991,372.342,2.24561e-005,-2.31154,-0.476691,2.57958,-4.73545
-0.150991,372.342,2.2807e-005,-2.42705,-0.42783,2.78509,-5.06997
-0.150991,372.342,2.31579e-005,-2.53298,-0.375815,2.96482,-5.37021
-0.150991,372.342,2.35088e-005,-2.62892,-0.321129,3.1171,-5.63394
-0.150991,372.342,2.38596e-005,-2.71448,-0.264277,3.24058,-5.85929
-0.150991,372.342,2.42105e-005,-2.78933,-0.205782,3.33424,-6.04475
-0.150991,372.342,2.45614e-005,-2.85317,-0.146179,3.39736,-6.18916
-0.150991,372.342,2.49123e-005,-2.90575,-0.0860107,3.42959,-6.29174
-0.150991,372.342,2.52632e-005,-2.94686,-0.0258197,3.43089,-6.3521
-0.150991,372.342,2.5614e-005,-2.97634,0.033857,3.40157,-6.37022
-0.150991,372.342,2.59649e-005,-2.99408,0.0924934,3.34228,-6.34646
-0.150991,372.342,2.63158e-005,-3,0.14958,3.25396,-6.28155
-0.150991,372.342,2.66667e-005,-2.99408,0.204631,3.13789,-6.17658
-0.150991,372.342,2.70175e-005,-2.97634,0.257186,2.9956,-6.03298
-0.150991,372.342,2.73684e-005,-2.94686,0.306816,2.82893,-5.8525
-0.150991,372.342,2.77193e-005,-2.90575,0.353131,2.63993,-5.63719
-0.150991,372.342,2.80702e-005,-2.85317,0.395778,2.43089,-5.38938
-0.150991,372.342,2.84211e-005,-2.78933,0.434449,2.20427,-5.11164
-0.150991,372.342,2.87719e-005,-2.71448,0.468883,1.96271,-4.80676
-0.150991,372.342,2.91228e-005,-2.62892,0.498864,1.70896,-4.47772
-0.150991,372.342,2.94737e-005,-2.53298,0.524231,1.44587,-4.12764
-0.150991,372.342,2.98246e-005,-2.42705,0.544868,1.17636,-3.75976
-0.150991,372.342,3.01754e-005,-2.31154,0.560717,0.903352,-3.3774
-0.150991,372.342,3.05263e-005,-2.18691,0.571765,0.629774,-2.98391
-0.150991,372.342,3.08772e-005,-2.05364,0.578055,0.358504,-2.58267
-0.150991,372.342,3.12281e-005,-1.91227,0.579675,0.0923452,-2.17702
-0.150991,372.342,3.15789e-005,-1.76336,0.576763,-0.166011,-1.77023
-0.150991,372.342,3.19298e-005,-1.60748,0.569499,-0.414013,-1.36548
-0.150991,372.342,3.22807e-005,-1.44526,0.558108,-0.649276,-0.965836
-0.150991,372.342,3.26316e-005,-1.27734,0.542852,-0.86961,-0.574181
-0.150991,372.342,3.29825e-005,-1.10437,0.524027,-1.07304,-0.193232
-0.150991,372.342,3.33333e-005,-0.927051,0.501959,-1.25785,0.174506
-0.150991,372.342,3.36842e-005,-0.74607,0.477002,-1.42253,0.526758
-0.150991,372.342,3.40351e-005,-0.562144,0.44953,-1.5659,0.861496
-0.150991,372.342,3.4386e-005,-0.376,0.419933,-1.68703,1.17696
-0.150991,372.342,3.47368e-005,-0.188372,0.388613,-1.78526,1.47165
-0.150991,372.342,3.50877e-005,-3.3993e-015,0.355977,-1.86026,1.74436
-0.150991,372.342,3.54386e-005,0.188372,0.322434,-1.91196,1.99417
-0.150991,372.342,3.57895e-005,0.376,0.288388,-1.9406,2.22044
-0.150991,372.342,3.61404e-005,0.562144,0.254236,-1.94668,2.42281
-0.150991,372.342,3.64912e-005,0.74607,0.220359,-1.93098,2.60122
-0.150991,372.342,3.68421e-005,0.927051,0.187122,-1.89453,2.75586
-0.150991,372.342,3.7193e-005,1.10437,0.154865,-1.83861,2.88718
-0.150991,372.342,3.75439e-005,1.27734,0.123906,-1.7647,2.99585
-0.150991,372.342,3.78947e-005,1.44526,0.0945285,-1.6745,3.0828
-0.150991,372.342,3.82456e-005,1.60748,0.0669872,-1.56985,3.14914
-0.150991,372.342,3.85965e-005,1.76336,0.0415,-1.45277,3.19615
-0.150991,372.342,3.89474e-005,1.91227,0.0182478,-1.32538,3.22527
-0.150991,372.342,3.92982e-005,2.05364,-0.00262727,-1.18988,3.23808
-0.150991,372.342,3.96491e-005,2.18691,-0.0210228,-1.04854,3.23623
-0.150991,372.342,4e-005,2.31154,-0.0368766,-0.903671,3.22148
-0.150991,372.342,4.03509e-005,2.42705,-0.050167,-0.757553,3.1956
-0.150991,372.342,4.07018e-005,2.53298,-0.0609118,-0.612451,3.1604
-0.150991,372.342,4.10526e-005,2.62892,-0.0691673,-0.470565,3.11765
-0.150991,372.342,4.14035e-005,2.71448,-0.075027,-0.334003,3.06911
-0.150991,372.342,4.17544e-005,2.78933,-0.0786193,-0.204757,3.01646
-0.150991,372.342,4.21053e-005,2.85317,-0.0801048,-0.084674,2.96129
-0.150991,372.342,4.24561e-005,2.90575,-0.0796738,0.0245628,2.90508
-0.150991,372.342,4.2807e-005,2.94686,-0.077543,0.121458,2.84917
-0.150991,372.342,4.31579e-005,2.97634,-0.0739514,0.204721,2.79475
-0.150991,372.342,4.35088e-005,2.99408,-0.069157,0.273282,2.74285
-0.150991,372.342,4.38596e-005,3,-0.0634324,0.326303,2.69432
-0.150991,372.342,4.42105e-005,2.99408,-0.0570606,0.36319,2.64981
-0.150991,372.342,4.45614e-005,2.97634,-0.0503309,0.383596,2.60977
-0.150991,372.342,4.49123e-005,2.94686,-0.0435339,0.387426,2.57445
-0.150991,372.342,4.52632e-005,2.90575,-0.0369578,0.374837,2.5439
-0.150991,372.342,4.5614e-005,2.85317,-0.0308836,0.346231,2.51796
-0.150991,372.342,4.59649e-005,2.78933,-0.025581,0.302252,2.49629
-0.150991,372.342,4.63158e-005,2.71448,-0.0213042,0.243774,2.47834
-0.150991,372.342,4.66667e-005,2.62892,-0.0182887,0.171887,2.46339
-0.150991,372.342,4.70175e-005,2.53298,-0.0167468,0.0878859,2.45055
-0.150991,372.342,4.73684e-005,2.42705,-0.0168653,-0.00675464,2.4388
-0.150991,372.342,4.77193e-005,2.31154,-0.0188021,-0.110395,2.42696
-0.150991,372.342,4.80702e-005,2.18691,-0.0226838,-0.221257,2.41377
-0.150991,372.342,4.84211e-005,2.05364,-0.0286039,-0.337445,2.39785
-0.150991,372.342,4.87719e-005,1.91227,-0.036621,-0.456976,2.37778
-0.150991,372.342,4.91228e-005,1.76336,-0.0467579,-0.577803,2.35208
-0.150991,372.342,4.94737e-005,1.60748,-0.0590007,-0.697842,2.31927
-0.150991,372.342,4.98246e-005,1.44526,-0.0732991,-0.815006,2.27786
-0.150991,372.342,5.01754e-005,1.27734,-0.0895662,-0.927227,2.22643
-0.150991,372.342,5.05263e-005,1.10437,-0.10768,-1.03249,2.16357
-0.150991,372.342,5.08772e-005,0.927051,-0.127484,-1.12884,2.08801
-0.150991,372.342,5.12281e-005,0.74607,-0.14879,-1.21445,1.99854
-0.150991,372.342,5.15789e-005,0.562144,-0.17138,-1.28761,1.89413
-0.150991,372.342,5.19298e-005,0.376,-0.195007,-1.34675,1.77386
-0.150991,372.342,5.22807e-005,0.188372,-0.219402,-1.39048,1.63702
-0.150991,372.342,5.26316e-005,1.10215e-015,-0.244272,-1.41761,1.48305
-0.150991,372.342,5.29825e-005,-0.188372,-0.26931,-1.42715,1.31163
-0.150991,372.342,5.33333e-005,-0.376,-0.294193,-1.41832,1.12264
-0.150991,372.342,5.36842e-005,-0.562144,-0.318589,-1.39059,0.916191
-0.150991,372.342,5.40351e-005,-0.74607,-0.342162,-1.34367,0.69262
-0.150991,372.342,5.4386e-005,-0.927051,-0.364575,-1.27751,0.452506
-0.150991,372.342,5.47368e-005,-1.10437,-0.385492,-1.1923,0.196664
-0.150991,372.342,5.50877e-005,-1.27734,-0.404589,-1.08851,-0.0738572
-0.150991,372.342,5.54386e-005,-1.44526,-0.421551,-0.966815,-0.357779
-0.150991,372.342,5.57895e-005,-1.60748,-0.43608,-0.82815,-0.653604
-0.150991,372.342,5.61404e-005,-1.76336,-0.447898,-0.673672,-0.959625
-0.150991,372.342,5.64912e-005,-1.91227,-0.456754,-0.504748,-1.27394
-0.150991,372.342,5.68421e-005,-2.05364,-0.462419,-0.322948,-1.59447
-0.150991,372.342,5.7193e-005,-2.18691,-0.4647,-0.130018,-1.91897
-0.150991,372.342,5.75439e-005,-2.31154,-0.463435,0.0721342,-2.24508
-0.150991,372.342,5.78947e-005,-2.42705,-0.458497,0.281463,-2.5703
-0.150991,372.342,5.82456e-005,-2.53298,-0.449799,0.49581,-2.89205
-0.150991,372.342,5.85965e-005,-2.62892,-0.437291,0.712927,-3.2077
-0.150991,372.342,5.89474e-005,-2.71448,-0.420966,0.930507,-3.51457
-0.150991,372.342,5.92982e-005,-2.78933,-0.400858,1.1462,-3.80998
-0.150991,372.342,5.96491e-005,-2.85317,-0.377039,1.35767,-4.09129
-0.150991,372.342,6e-005,-2.90575,-0.349625,1.56258,-4.35587
-0.150991,372.342,6.03509e-005,-2.94686,-0.318772,1.75864,-4.60123
-0.150991,372.342,6.07018e-005,-2.97634,-0.284673,1.94365,-4.82493
-0.150991,372.342,6.10526e-005,-2.99408,-0.247558,2.11552,-5.0247
-0.150991,372.342,6.14035e-005,-3,-0.207694,2.27225,-5.19842
-0.150991,372.342,6.17544e-005,-2.99408,-0.165378,2.41203,-5.34417
-0.150991,372.342,6.21053e-005,-2.97634,-0.120936,2.5332,-5.46023
-0.150991,372.342,6.24561e-005,-2.94686,-0.0747198,2.6343,-5.54509
-0.150991,372.342,6.2807e-005,-2.90575,-0.0271047,2.71406,-5.59753
-0.150991,372.342,6.31579e-005,-2.85317,0.0215175,2.77146,-5.61655
-0.150991,372.342,6.35088e-005,-2.78933,0.0707403,2.8057,-5.60145
-0.150991,372.342,6.38596e-005,-2.71448,0.120148,2.81623,-5.55181
-0.150991,372.342,6.42105e-005,-2.62892,0.169319,2.80274,-5.46749
-0.150991,372.342,6.45614e-005,-2.53298,0.217831,2.76519,-5.34867
-0.150991,372.342,6.49123e-005,-2.42705,0.265266,2.70379,-5.19581
-0.150991,372.342,6.52632e-005,-2.31154,0.311213,2.619,-5.00966
-0.150991,372.342,6.5614e-005,-2.18691,0.355275,2.51154,-4.79126
-0.150991,372.342,6.59649e-005,-2.05364,0.397071,2.38235,-4.54195
-0.150991,372.342,6.63158e-005,-1.91227,0.436239,2.2326,-4.2633
-0.150991,372.342,6.66667e-005,-1.76336,0.472445,2.0637,-3.95717
-0.150991,372.342,6.70175e-005,-1.60748,0.505379,1.87724,-3.62563
-0.150991,372.342,6.73684e-005,-1.44526,0.534764,1.67499,-3.27098
-0.150991,372.342,6.77193e-005,-1.27734,0.560359,1.45887,-2.8957
-0.150991,372.342,6.80702e-005,-1.10437,0.581955,1.23097,-2.50247
-0.150991,372.342,6.84211e-005,-0.927051,0.599384,0.993462,-2.09408
-0.150991,372.342,6.87719e-005,-0.74607,0.612517,0.748625,-1.67346
-0.150991,372.342,6.91228e-005,-0.562144,0.621268,0.498797,-1.24362
-0.150991,372.342,6.94737e-005,-0.376,0.62559,0.246354,-0.807644
-0.150991,372.342,6.98246e-005,-0.188372,0.625479,-0.0063178,-0.368633
-0.150991,372.342,7.01754e-005,-6.7986e-015,0.620973,-0.256846,0.0702996
-0.150991,372.342,7.05263e-005,0.188372,0.612151,-0.502901,0.50607
-0.150991,372.342,7.08772e-005,0.376,0.599129,-0.742221,0.93565
-0.150991,372.342,7.12281e-005,0.562144,0.582065,-0.972635,1.35609
-0.150991,372.342,7.15789e-005,0.74607,0.561152,-1.19209,1.76456
-0.150991,372.342,7.19298e-005,0.927051,0.536614,-1.39866,2.15835
-0.150991,372.342,7.22807e-005,1.10437,0.508709,-1.59059,2.53492
-0.150991,372.342,7.26316e-005,1.27734,0.477721,-1.76629,2.89191
-0.150991,372.342,7.29825e-005,1.44526,0.44396,-1.92437,3.22715
-0.150991,372.342,7.33333e-005,1.60748,0.407756,-2.06363,3.5387
-0.150991,372.342,7.36842e-005,1.76336,0.369456,-2.1831,3.82485
-0.150991,372.342,7.40351e-005,1.91227,0.32942,-2.28203,4.08411
-0.150991,372.342,7.4386e-005,2.05364,0.288019,-2.35989,4.31529
-0.150991,372.342,7.47368e-005,2.18691,0.245626,-2.4164,4.51741
-0.150991,372.342,7.50877e-005,2.31154,0.202617,-2.45149,4.68977
-0.150991,372.342,7.54386e-005,2.42705,0.159366,-2.46534,4.83196
-0.150991,372.342,7.57895e-005,2.53298,0.116237,-2.45834,4.9438
-0.150991,372.342,7.61404e-005,2.62892,0.0735857,-2.43111,5.02537
-0.150991,372.342,7.64912e-005,2.71448,0.0317529,-2.38447,5.07701
-0.150991,372.342,7.68421e-005,2.78933,-0.00893887,-2.31943,5.09929
-0.150991,372.342,7.7193e-005,2.85317,-0.0481876,-2.23718,5.09302
-0.150991,372.342,7.75439e-005,2.90575,-0.0857153,-2.13908,5.0592
-0.150991,372.342,7.78947e-005,2.94686,-0.12127,-2.02662,4.99905
-0.150991,372.342,7.82456e-005,2.97634,-0.154629,-1.90143,4.91395
-0.150991,372.342,7.85965e-005,2.99408,-0.185598,-1.76524,4.80544
-0.150991,372.342,7.89474e-005,3,-0.214016,-1.61984,4.67519
-0.150991,372.342,7.92982e-005,2.99408,-0.239754,-1.4671,4.52501
-0.150991,372.342,7.96491e-005,2.97634,-0.262718,-1.30891,4.35676
-0.150991,372.342,8e-005,2.94686,-0.282844,-1.14718,4.17239
-0.150991,372.342,8.03509e-005,2.90575,-0.300103,-0.9838,3.97391
-0.150991,372.342,8.07018e-005,2.85317,-0.3145,-0.820633,3.76331
-0.150991,372.342,8.10526e-005,2.78933,-0.32607,-0.659478,3.54261
-0.150991,372.342,8.14035e-005,2.71448,-0.334878,-0.502054,3.31378
-0.150991,372.342,8.17544e-005,2.62892,-0.341018,-0.349986,3.07878
-0.150991,372.342,8.21053e-005,2.53298,-0.344611,-0.20478,2.83947
-0.150991,372.342,8.24561e-005,2.42705,-0.3458,-0.0678092,2.59764
-0.150991,372.342,8.2807e-005,2.31154,-0.344753,0.0597013,2.35497
-0.150991,372.342,8.31579e-005,2.18691,-0.341653,0.176687,2.11304
-0.150991,372.342,8.35088e-005,2.05364,-0.336701,0.282255,1.87328
-0.150991,372.342,8.38596e-005,1.91227,-0.33011,0.37569,1.637
-0.150991,372.342,8.42105e-005,1.76336,-0.322102,0.456465,1.40534
-0.150991,372.342,8.45614e-005,1.60748,-0.312905,0.524238,1.17931
-0.150991,372.342,8.49123e-005,1.44526,-0.30275,0.578858,0.959726
-0.150991,372.342,8.52632e-005,1.27734,-0.291866,0.620362,0.74727
-0.150991,372.342,8.5614e-005,1.10437,-0.280481,0.64897,0.542451
-0.150991,372.342,8.59649e-005,0.927051,-0.268813,0.66508,0.345623
-0.150991,372.342,8.63158e-005,0.74607,-0.257071,0.669259,0.156982
-0.150991,372.342,8.66667e-005,0.562144,-0.245453,0.662233,-0.0234185
-0.150991,372.342,8.70175e-005,0.376,-0.23414,0.644871,-0.195666
-0.150991,372.342,8.73684e-005,0.188372,-0.223294,0.618178,-0.359975
-0.150991,372.342,8.77193e-005,7.16598e-015,-0.213062,0.583269,-0.516673
-0.150991,372.342,8.80702e-005,-0.188372,-0.203564,0.541363,-0.66619
-0.150991,372.342,8.84211e-005,-0.376,-0.194902,0.493754,-0.809042
-0.150991,372.342,8.87719e-005,-0.562144,-0.187151,0.441799,-0.945815
-0.150991,372.342,8.91228e-005,-0.74607,-0.180363,0.386896,-1.07715
-0.150991,372.342,8.94737e-005,-0.927051,-0.174566,0.330461,-1.20372
-0.150991,372.342,8.98246e-005,-1.10437,-0.16976,0.273911,-1.32622
-0.150991,372.342,9.01754e-005,-1.27734,-0.165924,0.218644,-1.44535
-0.150991,372.342,9.05263e-005,-1.44526,-0.163012,0.166015,-1.56179
-0.150991,372.342,9.08772e-005,-1.60748,-0.160953,0.117321,-1.67618
-0.150991,372.342,9.12281e-005,-1.76336,-0.159659,0.0737813,-1.78913
-0.150991,372.342,9.15789e-005,-1.91227,-0.159018,0.0365205,-1.90117
-0.150991,372.342,9.19298e-005,-2.05364,-0.158903,0.00655191,-2.01277
-0.150991,372.342,9.22807e-005,-2.18691,-0.159171,-0.0152358,-2.12428
-0.150991,372.342,9.26316e-005,-2.31154,-0.159664,-0.0280911,-2.23598
-0.150991,372.342,9.29825e-005,-2.42705,-0.160215,-0.0314108,-2.34802
-0.150991,372.342,9.33333e-005,-2.53298,-0.160649,-0.0247479,-2.46045
-0.150991,372.342,9.36842e-005,-2.62892,-0.160786,-0.00781871,-2.57319
-0.150991,372.342,9.40351e-005,-2.71448,-0.160444,0.0194933,-2.68602
-0.150991,372.342,9.4386e-005,-2.78933,-0.159442,0.0571353,-2.79861
-0.150991,372.342,9.47368e-005,-2.85317,-0.157602,0.104885,-2.9105
-0.150991,372.342,9.50877e-005,-2.90575,-0.154753,0.162354,-3.0211
-0.150991,372.342,9.54386e-005,-2.94686,-0.150736,0.228991,-3.1297
-0.150991,372.342,9.57895e-005,-2.97634,-0.145401,0.30409,-3.23548
-0.150991,372.342,9.61404e-005,-2.99408,-0.138615,0.386798,-3.33751
-0.150991,372.342,9.64912e-005,-3,-0.130262,0.476128,-3.43479
-0.150991,372.342,9.68421e-005,-2.99408,-0.120245,0.570969,-3.5262
-0.150991,372.342,9.7193e-005,-2.97634,-0.108489,0.6701,-3.61058
-0.150991,372.342,9.75439e-005,-2.94686,-0.0949412,0.772208,-3.68671
-0.150991,372.342,9.78947e-005,-2.90575,-0.0795744,0.875905,-3.75334
-0.150991,372.342,9.82456e-005,-2.85317,-0.0623859,0.979744,-3.80918
-0.150991,372.342,9.85965e-005,-2.78933,-0.0433993,1.08224,-3.85296
-0.150991,372.342,9.89474e-005,-2.71448,-0.0226646,1.18188,-3.88342
-0.150991,372.342,9.92982e-005,-2.62892,-0.000258287,1.27716,-3.89932
-0.150991,372.342,9.96491e-005,-2.53298,0.0237171,1.3666,-3.8995
-0.150991,372.342,0.0001,-2.42705,0.0491335,1.44873,-3.88286
-0.150991,372.342,0.000100351,-2.31154,0.0758385,1.52219,-3.84838
-0.150991,372.342,0.000100702,-2.18691,0.103657,1.58563,-3.79516
-0.150991,372.342,0.000101053,-2.05364,0.132391,1.63786,-3.72242
-0.150991,372.342,0.000101404,-1.91227,0.161825,1.67775,-3.62951
-0.150991,372.342,0.000101754,-1.76336,0.191726,1.70433,-3.51595
-0.150991,372.342,0.000102105,-1.60748,0.221844,1.71674,-3.38141
-0.150991,372.342,0.000102456,-1.44526,0.25192,1.7143,-3.22573
-0.150991,372.342,0.000102807,-1.27734,0.281682,1.69647,-3.04894
-0.150991,372.342,0.000103158,-1.10437,0.310856,1.66288,-2.85127
-0.150991,372.342,0.000103509,-0.927051,0.33916,1.61336,-2.63312
-0.150991,372.342,0.00010386,-0.74607,0.366316,1.54789,-2.39512
-0.150991,372.342,0.000104211,-0.562144,0.392047,1.46666,-2.13805
-0.150991,372.342,0.000104561,-0.376,0.416082,1.37001,-1.86293
-0.150991,372.342,0.000104912,-0.188372,0.438161,1.25848,-1.57094
-0.150991,372.342,0.000105263,-2.20429e-015,0.458034,1.13278,-1.26346
-0.150991,372.342,0.000105614,0.188372,0.475469,0.9938,-0.942035
-0.150991,372.342,0.000105965,0.376,0.490251,0.842566,-0.608373
-0.150991,372.342,0.000106316,0.562144,0.502186,0.680266,-0.264337
-0.150991,372.342,0.000106667,0.74607,0.511102,0.508221,0.088074
-0.150991,372.342,0.000107018,0.927051,0.516854,0.327875,0.446742
-0.150991,372.342,0.000107368,1.10437,0.519324,0.140778,0.809446
-0.150991,372.342,0.000107719,1.27734,0.518421,-0.0514324,1.17388
-0.150991,372.342,0.00010807,1.44526,0.514087,-0.247045,1.53769
-0.150991,372.342,0.000108421,1.60748,0.506293,-0.444296,1.89845
-0.150991,372.342,0.000108772,1.76336,0.49504,-0.641389,2.25374
-0.150991,372.342,0.000109123,1.91227,0.480365,-0.836513,2.60114
-0.150991,372.342,0.000109474,2.05364,0.462332,-1.02786,2.93824
-0.150991,372.342,0.000109825,2.18691,0.441039,-1.21367,3.26268
-0.150991,372.342,0.000110175,2.31154,0.416615,-1.39218,3.57218
-0.150991,372.342,0.000110526,2.42705,0.389216,-1.56175,3.86455
-0.150991,372.342,0.000110877,2.53298,0.359027,-1.72078,4.13768
-0.150991,372.342,0.000111228,2.62892,0.326259,-1.86779,4.38963
-0.150991,372.342,0.000111579,2.71448,0.291146,-2.00141,4.61858
-0.150991,372.342,0.00011193,2.78933,0.253946,-2.1204,4.8229
-0.150991,372.342,0.000112281,2.85317,0.214935,-2.22367,5.0011
-0.150991,372.342,0.000112632,2.90575,0.174403,-2.31029,5.15193
-0.150991,372.342,0.000112982,2.94686,0.132658,-2.37948,5.27432
-0.150991,372.342,0.000113333,2.97634,0.0900153,-2.43064,5.36742
-0.150991,372.342,0.000113684,2.99408,0.0467986,-2.46335,5.43059
-0.150991,372.342,0.000114035,3,0.00333574,-2.47738,5.46343
-0.150991,372.342,0.000114386,2.99408,-0.0400446,-2.47268,5.46577
-0.150991,372.342,0.000114737,2.97634,-0.0830162,-2.44938,5.43767
-0.150991,372.342,0.000115088,2.94686,-0.125258,-2.40779,5.37941
-0.150991,372.342,0.000115439,2.90575,-0.166458,-2.3484,5.29151
-0.150991,372.342,0.000115789,2.85317,-0.206316,-2.27188,5.1747
-0.150991,372.342,0.00011614,2.78933,-0.244545,-2.17905,5.02991
-0.150991,372.342,0.000116491,2.71448,-0.280876,-2.07089,4.8583
-0.150991,372.342,0.000116842,2.62892,-0.31506,-1.94851,4.6612
-0.150991,372.342,0.000117193,2.53298,-0.34687,-1.81315,4.4401
-0.150991,372.342,0.000117544,2.42705,-0.376101,-1.66618,4.19668
-0.150991,372.342,0.000117895,2.31154,-0.402576,-1.50904,3.93275
-0.150991,372.342,0.000118246,2.18691,-0.426142,-1.34327,3.65024
-0.150991,372.342,0.000118596,2.05364,-0.446676,-1.17046,3.3512
-0.150991,372.342,0.000118947,1.91227,-0.464084,-0.992249,3.03774
-0.150991,372.342,0.000119298,1.76336,-0.4783,-0.8103,2.71207
-0.150991,372.342,0.000119649,1.60748,-0.489287,-0.626287,2.37642
-0.150991,372.342,0.00012,1.44526,-0.49704,-0.44187,2.03306
-0.150991,372.342,0.000120351,1.27734,-0.501578,-0.258681,1.68426
-0.150991,372.342,0.000120702,1.10437,-0.502952,-0.0783074,1.33227
-0.150991,372.342,0.000121053,0.927051,-0.501237,0.0977281,0.979326
-0.150991,372.342,0.000121404,0.74607,-0.496536,0.267981,0.627581
-0.150991,372.342,0.000121754,0.562144,-0.488973,0.431099,0.279135
-0.150991,372.342,0.000122105,0.376,-0.478695,0.585838,-0.064004
-0.150991,372.342,0.000122456,0.188372,-0.465869,0.73107,-0.39993
-0.150991,372.342,0.000122807,1.32298e-014,-0.450679,0.865799,-0.726856
-0.150991,372.342,0.000123158,-0.188372,-0.433326,0.989163,-1.04312
-0.150991,372.342,0.000123509,-0.376,-0.41402,1.10045,-1.34721
-0.150991,372.342,0.00012386,-0.562144,-0.392983,1.19909,-1.63775
-0.150991,372.342,0.000124211,-0.74607,-0.370445,1.28466,-1.91353
-0.150991,372.342,0.000124561,-0.927051,-0.346639,1.35692,-2.17349
-0.150991,372.342,0.000124912,-1.10437,-0.321802,1.41575,-2.41674
-0.150991,372.342,0.000125263,-1.27734,-0.296166,1.46121,-2.64257
-0.150991,372.342,0.000125614,-1.44526,-0.269965,1.49348,-2.85041
-0.150991,372.342,0.000125965,-1.60748,-0.243423,1.51289,-3.03986
-0.150991,372.342,0.000126316,-1.76336,-0.216758,1.51992,-3.21068
-0.150991,372.342,0.000126667,-1.91227,-0.190176,1.51516,-3.36279
-0.150991,372.342,0.000127018,-2.05364,-0.163872,1.49932,-3.49625
-0.150991,372.342,0.000127368,-2.18691,-0.138026,1.47321,-3.61124
-0.150991,372.342,0.000127719,-2.31154,-0.112803,1.43773,-3.7081
-0.150991,372.342,0.00012807,-2.42705,-0.0883492,1.39386,-3.78726
-0.150991,372.342,0.000128421,-2.53298,-0.0647943,1.34263,-3.84926
-0.150991,372.342,0.000128772,-2.62892,-0.042248,1.28514,-3.89473
-0.150991,372.342,0.000129123,-2.71448,-0.0208006,1.2225,-3.92438
-0.150991,372.342,0.000129474,-2.78933,-0.000522518,1.15585,-3.93898
-0.150991,372.342,0.000129825,-2.85317,0.0185359,1.08633,-3.93934
-0.150991,372.342,0.000130175,-2.90575,0.036344,1.01506,-3.92634
-0.150991,372.342,0.000130526,-2.94686,0.0528901,0.943131,-3.90083
-0.150991,372.342,0.000130877,-2.97634,0.0681813,0.871598,-3.86372
-0.150991,372.342,0.000131228,-2.99408,0.082242,0.801455,-3.81587
-0.150991,372.342,0.000131579,-3,0.0951126,0.733628,-3.75816
-0.150991,372.342,0.00013193,-2.99408,0.106849,0.668964,-3.69141
-0.150991,372.342,0.000132281,-2.97634,0.117519,0.608218,-3.61643
-0.150991,372.342,0.000132632,-2.94686,0.127204,0.552048,-3.53396
-0.150991,372.342,0.000132982,-2.90575,0.135994,0.501006,-3.44469
-0.150991,372.342,0.000133333,-2.85317,0.143986,0.45553,-3.34926
-0.150991,372.342,0.000133684,-2.78933,0.151283,0.415944,-3.24822
-0.150991,372.342,0.000134035,-2.71448,0.157993,0.382452,-3.14205
-0.150991,372.342,0.000134386,-2.62892,0.164223,0.35514,-3.03118
-0.150991,372.342,0.000134737,-2.53298,0.170082,0.333974,-2.91594
-0.150991,372.342,0.000135088,-2.42705,0.175675,0.318803,-2.79658
-0.150991,372.342,0.000135439,-2.31154,0.181103,0.309365,-2.6733
-0.150991,372.342,0.000135789,-2.18691,0.186459,0.305291,-2.54621
-0.150991,372.342,0.00013614,-2.05364,0.191829,0.306109,-2.41536
-0.150991,372.342,0.000136491,-1.91227,0.19729,0.31126,-2.28074
-0.150991,372.342,0.000136842,-1.76336,0.202906,0.320099,-2.1423
-0.150991,372.342,0.000137193,-1.60748,0.208729,0.331909,-1.99991
-0.150991,372.342,0.000137544,-1.44526,0.214797,0.345916,-1.85343
-0.150991,372.342,0.000137895,-1.27734,0.221136,0.361294,-1.70269
-0.150991,372.342,0.000138246,-1.10437,0.227753,0.377185,-1.54751
-0.150991,372.342,0.000138596,-0.927051,0.234643,0.392707,-1.38768
-0.150991,372.342,0.000138947,-0.74607,0.241783,0.406972,-1.22302
-0.150991,372.342,0.000139298,-0.562144,0.249135,0.419096,-1.05335
-0.150991,372.342,0.000139649,-0.376,0.256648,0.428216,-0.878519
-0.150991,372.342,0.00014,-0.188372,0.264253,0.4335,-0.698416
-0.150991,372.342,0.000140351,-1.35972e-014,0.27187,0.434163,-0.512975
-0.150991,372.342,0.000140702,0.188372,0.279405,0.429477,-0.322189
-0.150991,372.342,0.000141053,0.376,0.286752,0.418784,-0.126116
-0.150991,372.342,0.000141404,0.562144,0.293796,0.401508,0.0751134
-0.150991,372.342,0.000141754,0.74607,0.300412,0.377161,0.281286
-0.150991,372.342,0.000142105,0.927051,0.306471,0.345353,0.492102
-0.150991,372.342,0.000142456,1.10437,0.311836,0.305801,0.707169
-0.150991,372.342,0.000142807,1.27734,0.316368,0.258333,0.926002
-0.150991,372.342,0.000143158,1.44526,0.319928,0.202891,1.14801
-0.150991,372.342,0.000143509,1.60748,0.322376,0.139538,1.37253
-0.150991,372.342,0.00014386,1.76336,0.323577,0.0684547,1.59875
-0.150991,372.342,0.000144211,1.91227,0.3234,-0.0100588,1.82583
-0.150991,372.342,0.000144561,2.05364,0.321723,-0.0955844,2.05277
-0.150991,372.342,0.000144912,2.18691,0.318432,-0.187591,2.27854
-0.150991,372.342,0.000145263,2.31154,0.313425,-0.285437,2.50201
-0.150991,372.342,0.000145614,2.42705,0.306611,-0.388379,2.72195
-0.150991,372.342,0.000145965,2.53298,0.297917,-0.49558,2.93712
-0.150991,372.342,0.000146316,2.62892,0.287283,-0.606115,3.14618
-0.150991,372.342,0.000146667,2.71448,0.274669,-0.718984,3.34778
-0.150991,372.342,0.000147018,2.78933,0.260053,-0.833124,3.54053
-0.150991,372.342,0.000147368,2.85317,0.243432,-0.947419,3.72303
-0.150991,372.342,0.000147719,2.90575,0.224823,-1.06071,3.89386
-0.150991,372.342,0.00014807,2.94686,0.204265,-1.17182,4.05163
-0.150991,372.342,0.000148421,2.97634,0.181816,-1.27955,4.19497
-0.150991,372.342,0.000148772,2.99408,0.157558,-1.38271,4.32256
-0.150991,372.342,0.000149123,3,0.131591,-1.48012,4.43313
-0.150991,372.342,0.000149474,2.99408,0.104036,-1.57064,4.52547
-0.150991,372.342,0.000149825,2.97634,0.0750333,-1.65317,4.59848
-0.150991,372.342,0.000150175,2.94686,0.0447411,-1.72665,4.65114
-0.150991,372.342,0.000150526,2.90575,0.0133354,-1.79013,4.68253
-0.150991,372.342,0.000150877,2.85317,-0.0189927,-1.8427,4.69189
-0.150991,372.342,0.000151228,2.78933,-0.0520378,-1.88357,4.67856
-0.150991,372.342,0.000151579,2.71448,-0.0855825,-1.91205,4.64205
-0.150991,372.342,0.00015193,2.62892,-0.119399,-1.92754,4.58199
-0.150991,372.342,0.000152281,2.53298,-0.153252,-1.92961,4.4982
-0.150991,372.342,0.000152632,2.42705,-0.186899,-1.9179,4.39065
-0.150991,372.342,0.000152982,2.31154,-0.220096,-1.89222,4.2595
-0.150991,372.342,0.000153333,2.18691,-0.252596,-1.8525,4.10504
-0.150991,372.342,0.000153684,2.05364,-0.284154,-1.79881,3.92778
-0.150991,372.342,0.000154035,1.91227,-0.314528,-1.73136,3.72838
-0.150991,372.342,0.000154386,1.76336,-0.343485,-1.65049,3.50766
-0.150991,372.342,0.000154737,1.60748,-0.370795,-1.55669,3.26661
-0.150991,372.342,0.000155088,1.44526,-0.396243,-1.45056,3.00641
-0.150991,372.342,0.000155439,1.27734,-0.419626,-1.33283,2.72834
-0.150991,372.342,0.000155789,1.10437,-0.440755,-1.20434,2.43387
-0.150991,372.342,0.00015614,0.927051,-0.459458,-1.06606,2.12457
-0.150991,372.342,0.000156491,0.74607,-0.475581,-0.919038,1.80214
-0.150991,372.342,0.000156842,0.562144,-0.488992,-0.764414,1.4684
-0.150991,372.342,0.000157193,0.376,-0.499578,-0.603406,1.12525
-0.150991,372.342,0.000157544,0.188372,-0.50725,-0.437296,0.774664
-0.150991,372.342,0.000157895,1.39646e-014,-0.511941,-0.267414,0.418699
-0.150991,372.342,0.000158246,-0.188372,-0.51361,-0.0951295,0.0594423
-0.150991,372.342,0.000158596,-0.376,-0.512239,0.0781684,-0.300986
-0.150991,372.342,0.000158947,-0.562144,-0.507834,0.251081,-0.660452
-0.150991,372.342,0.000159298,-0.74607,-0.500427,0.422217,-1.01683
-0.150991,372.342,0.000159649,-0.927051,-0.490072,0.590203,-1.368
-0.150991,372.342,0.00016,-1.10437,-0.47685,0.753702,-1.71191
-0.150991,372.342,0.000160351,-1.27734,-0.46086,0.911426,-2.04655
-0.150991,372.342,0.000160702,-1.44526,-0.442225,1.06214,-2.36996
-0.150991,372.342,0.000161053,-1.60748,-0.42109,1.2047,-2.68029
-0.150991,372.342,0.000161404,-1.76336,-0.397616,1.33802,-2.97579
-0.150991,372.342,0.000161754,-1.91227,-0.371982,1.46114,-3.25482
-0.150991,372.342,0.000162105,-2.05364,-0.344383,1.57316,-3.51586
-0.150991,372.342,0.000162456,-2.18691,-0.315026,1.67334,-3.75753
-0.150991,372.342,0.000162807,-2.31154,-0.284131,1.76102,-3.9786
-0.150991,372.342,0.000163158,-2.42705,-0.251926,1.83568,-4.17799
-0.150991,372.342,0.000163509,-2.53298,-0.218647,1.89694,-4.35478
-0.150991,372.342,0.00016386,-2.62892,-0.184532,1.94451,-4.50822
-0.150991,372.342,0.000164211,-2.71448,-0.149826,1.97827,-4.63772
-0.150991,372.342,0.000164561,-2.78933,-0.114769,1.99821,-4.74286
-0.150991,372.342,0.000164912,-2.85317,-0.0796035,2.00446,-4.8234
-0.150991,372.342,0.000165263,-2.90575,-0.044564,1.99725,-4.87926
-0.150991,372.342,0.000165614,-2.94686,-0.00988048,1.97696,-4.91053
-0.150991,372.342,0.000165965,-2.97634,0.024226,1.94407,-4.91747
-0.150991,372.342,0.000166316,-2.99408,0.0575446,1.89916,-4.90047
-0.150991,372.342,0.000166667,-3,0.0898766,1.84292,-4.86008
-0.150991,372.342,0.000167018,-2.99408,0.121037,1.77613,-4.79701
-0.150991,372.342,0.000167368,-2.97634,0.150855,1.69963,-4.71207
-0.150991,372.342,0.000167719,-2.94686,0.179177,1.61436,-4.60621
-0.150991,372.342,0.00016807,-2.90575,0.205866,1.52129,-4.48047
-0.150991,372.342,0.000168421,-2.85317,0.230804,1.42144,-4.33601
-0.150991,372.342,0.000168772,-2.78933,0.253889,1.31587,-4.17404
-0.150991,372.342,0.000169123,-2.71448,0.275041,1.20567,-3.99587
-0.150991,372.342,0.000169474,-2.62892,0.294197,1.09191,-3.80286
-0.150991,372.342,0.000169825,-2.53298,0.311315,0.975678,-3.59641
-0.150991,372.342,0.000170175,-2.42705,0.326368,0.858039,-3.37794
-0.150991,372.342,0.000170526,-2.31154,0.339351,0.740031,-3.14891
-0.150991,372.342,0.000170877,-2.18691,0.350275,0.622652,-2.91077
-0.150991,372.342,0.000171228,-2.05364,0.359167,0.506852,-2.66496
-0.150991,372.342,0.000171579,-1.91227,0.366071,0.393522,-2.41291
-0.150991,372.342,0.00017193,-1.76336,0.371044,0.283488,-2.15602
-0.150991,372.342,0.000172281,-1.60748,0.374158,0.177498,-1.89564
-0.150991,372.342,0.000172632,-1.44526,0.375495,0.0762213,-1.63307
-0.150991,372.342,0.000172982,-1.27734,0.375149,-0.0197599,-1.36957
-0.150991,372.342,0.000173333,-1.10437,0.37322,-0.109955,-1.10631
-0.150991,372.342,0.000173684,-0.927051,0.369817,-0.193965,-0.844397
-0.150991,372.342,0.000174035,-0.74607,0.365054,-0.271489,-0.584877
-0.150991,372.342,0.000174386,-0.562144,0.359048,-0.342321,-0.328698
-0.150991,372.342,0.000174737,-0.376,0.351919,-0.406349,-0.0767348
-0.150991,372.342,0.000175088,-0.188372,0.343787,-0.463556,0.170226
-0.150991,372.342,0.000175439,-1.4332e-014,0.334769,-0.514013,0.41148
-0.150991,372.342,0.000175789,0.188372,0.324982,-0.557877,0.646405
-0.150991,372.342,0.00017614,0.376,0.314536,-0.595387,0.874463
-0.150991,372.342,0.000176491,0.562144,0.303539,-0.626855,1.09519
-0.150991,372.342,0.000176842,0.74607,0.292089,-0.652659,1.3082
-0.150991,372.342,0.000177193,0.927051,0.280277,-0.673237,1.51317
-0.150991,372.342,0.000177544,1.10437,0.268188,-0.689078,1.70986
-0.150991,372.342,0.000177895,1.27734,0.255895,-0.70071,1.89806
-0.150991,372.342,0.000178246,1.44526,0.243462,-0.708696,2.07764
-0.150991,372.342,0.000178596,1.60748,0.230942,-0.713619,2.24849
-0.150991,372.342,0.000178947,1.76336,0.21838,-0.716074,2.41055
-0.150991,372.342,0.000179298,1.91227,0.205807,-0.71666,2.5638
-0.150991,372.342,0.000179649,2.05364,0.193246,-0.715967,2.70823
-0.150991,372.342,0.00018,2.18691,0.180709,-0.714567,2.84384
-0.150991,372.342,0.000180351,2.31154,0.168201,-0.713008,2.97065
-0.150991,372.342,0.000180702,2.42705,0.155713,-0.711801,3.08869
-0.150991,372.342,0.000181053,2.53298,0.143232,-0.711416,3.19796
-0.150991,372.342,0.000181404,2.62892,0.130736,-0.712271,3.29847
-0.150991,372.342,0.000181754,2.71448,0.118197,-0.714728,3.39022
-0.150991,372.342,0.000182105,2.78933,0.105581,-0.719085,3.47316
-0.150991,372.342,0.000182456,2.85317,0.0928519,-0.725574,3.54725
-0.150991,372.342,0.000182807,2.90575,0.0799684,-0.734357,3.61241
-0.150991,372.342,0.000183158,2.94686,0.0668891,-0.745521,3.66853
-0.150991,372.342,0.000183509,2.97634,0.0535719,-0.759077,3.71547
-0.150991,372.342,0.00018386,2.99408,0.0399761,-0.774964,3.75307
-0.150991,372.342,0.000184211,3,0.0260631,-0.793042,3.78112
-0.150991,372.342,0.000184561,2.99408,0.0117981,-0.813102,3.79941
-0.150991,372.342,0.000184912,2.97634,-0.00284861,-0.834863,3.80769
-0.150991,372.342,0.000185263,2.94686,-0.0179009,-0.857978,3.80569
-0.150991,372.342,0.000185614,2.90575,-0.0333752,-0.882039,3.79313
-0.150991,372.342,0.000185965,2.85317,-0.0492802,-0.906583,3.76971
-0.150991,372.342,0.000186316,2.78933,-0.0656152,-0.931097,3.73512
-0.150991,372.342,0.000186667,2.71448,-0.0823701,-0.955028,3.68908
-0.150991,372.342,0.000187018,2.62892,-0.0995243,-0.977788,3.63127
-0.150991,372.342,0.000187368,2.53298,-0.117047,-0.998767,3.56143
-0.150991,372.342,0.000187719,2.42705,-0.134894,-1.01734,3.4793
-0.150991,372.342,0.00018807,2.31154,-0.153015,-1.03286,3.38463
-0.150991,372.342,0.000188421,2.18691,-0.171343,-1.04471,3.27725
-0.150991,372.342,0.000188772,2.05364,-0.189804,-1.05227,3.15701
-0.150991,372.342,0.000189123,1.91227,-0.208312,-1.05494,3.02382
-0.150991,372.342,0.000189474,1.76336,-0.22677,-1.05215,2.87763
-0.150991,372.342,0.000189825,1.60748,-0.245075,-1.04338,2.7185
-0.150991,372.342,0.000190175,1.44526,-0.263113,-1.02816,2.54651
-0.150991,372.342,0.000190526,1.27734,-0.280763,-1.00606,2.36187
-0.150991,372.342,0.000190877,1.10437,-0.297899,-0.976735,2.16485
-0.150991,372.342,0.000191228,0.927051,-0.314389,-0.939895,1.95579
-0.150991,372.342,0.000191579,0.74607,-0.330096,-0.895335,1.73517
-0.150991,372.342,0.00019193,0.562144,-0.344884,-0.84293,1.50352
-0.150991,372.342,0.000192281,0.376,-0.358615,-0.782639,1.2615
-0.150991,372.342,0.000192632,0.188372,-0.37115,-0.714513,1.00984
-0.150991,372.342,0.000192982,1.46993e-014,-0.382355,-0.638689,0.749383
-0.150991,372.342,0.000193333,-0.188372,-0.392099,-0.555399,0.481064
-0.150991,372.342,0.000193684,-0.376,-0.400256,-0.464964,0.205906
-0.150991,372.342,0.000194035,-0.562144,-0.406709,-0.367794,-0.0749753
-0.150991,372.342,0.000194386,-0.74607,-0.411347,-0.264385,-0.360385
-0.150991,372.342,0.000194737,-0.927051,-0.414072,-0.155318,-0.64905
-0.150991,372.342,0.000195088,-1.10437,-0.414796,-0.0412515,-0.939627
-0.150991,372.342,0.000195439,-1.27734,-0.413444,0.077085,-1.23071
-0.150991,372.342,0.000195789,-1.44526,-0.409954,0.198894,-1.52085
-0.150991,372.342,0.00019614,-1.60748,-0.404282,0.323321,-1.80853
-0.150991,372.342,0.000196491,-1.76336,-0.396397,0.449461,-2.09224
-0.150991,372.342,0.000196842,-1.91227,-0.386285,0.576366,-2.37041
-0.150991,372.342,0.000197193,-2.05364,-0.373951,0.703058,-2.64149
-0.150991,372.342,0.000197544,-2.18691,-0.359415,0.828536,-2.90391
-0.150991,372.342,0.000197895,-2.31154,-0.342717,0.951788,-3.15613
-0.150991,372.342,0.000198246,-2.42705,-0.323913,1.0718,-3.39664
-0.150991,372.342,0.000198596,-2.53298,-0.303079,1.18757,-3.62394
-0.150991,372.342,0.000198947,-2.62892,-0.280305,1.2981,-3.83663
-0.150991,372.342,0.000199298,-2.71448,-0.255701,1.40246,-4.03334
-0.150991,372.342,0.000199649,-2.78933,-0.22939,1.49971,-4.21278
-0.150991,372.342,0.0002,-2.85317,-0.201513,1.589,-4.37375
-0.150991,372.342,0.000200351,-2.90575,-0.172223,1.66951,-4.51516
-0.150991,372.342,0.000200702,-2.94686,-0.141688,1.74052,-4.63602
-0.150991,372.342,0.000201053,-2.97634,-0.110085,1.80137,-4.73545
-0.150991,372.342,0.000201404,-2.99408,-0.0776029,1.85146,-4.8127
-0.150991,372.342,0.000201754,-3,-0.0444397,1.89031,-4.86716
-0.150991,372.342,0.000202105,-2.99408,-0.0107989,1.91752,-4.89835
-0.150991,372.342,0.000202456,-2.97634,0.0231099,1.9328,-4.90593
-0.150991,372.342,0.000202807,-2.94686,0.057074,1.93595,-4.88971
-0.150991,372.342,0.000203158,-2.90575,0.090879,1.92689,-4.84966
-0.150991,372.342,0.000203509,-2.85317,0.124311,1.90561,-4.78588
-0.150991,372.342,0.00020386,-2.78933,0.157157,1.87224,-4.69865
-0.150991,372.342,0.000204211,-2.71448,0.18921,1.82701,-4.58836
-0.150991,372.342,0.000204561,-2.62892,0.220267,1.77023,-4.45558
-0.150991,372.342,0.000204912,-2.53298,0.250132,1.70233,-4.30101
-0.150991,372.342,0.000205263,-2.42705,0.27862,1.62383,-4.12548
-0.150991,372.342,0.000205614,-2.31154,0.305556,1.53532,-3.92995
-0.150991,372.342,0.000205965,-2.18691,0.330775,1.43749,-3.71553
-0.150991,372.342,0.000206316,-2.05364,0.354128,1.33111,-3.48341
-0.150991,372.342,0.000206667,-1.91227,0.375479,1.21701,-3.2349
-0.150991,372.342,0.000207018,-1.76336,0.394708,1.09606,-2.9714
-0.150991,372.342,0.000207368,-1.60748,0.411712,0.969215,-2.69441
-0.150991,372.342,0.000207719,-1.44526,0.426404,0.837442,-2.40549
-0.150991,372.342,0.00020807,-1.27734,0.438715,0.701753,-2.10626
-0.150991,372.342,0.000208421,-1.10437,0.448595,0.563175,-1.79839
-0.150991,372.342,0.000208772,-0.927051,0.456012,0.422747,-1.48359
-0.150991,372.342,0.000209123,-0.74607,0.460951,0.281508,-1.16358
-0.150991,372.342,0.000209474,-0.562144,0.463415,0.140487,-0.840107
-0.150991,372.342,0.000209825,-0.376,0.463427,0.000692478,-0.514904
-0.150991,372.342,0.000210175,-0.188372,0.461026,-0.136895,-0.189692
-0.150991,372.342,0.000210526,-4.40858e-015,0.456266,-0.271334,0.133835
-0.150991,372.342,0.00192982,-1.46993e-013,0.394466,0.0553704,-0.172728
-0.150991,372.342,0.00193018,0.188372,0.39388,-0.0333659,0.10409
-0.150991,372.342,0.00193053,0.376,0.391741,-0.121971,0.380497
-0.150991,372.342,0.00193088,0.562144,0.388055,-0.210094,0.655403
-0.150991,372.342,0.00193123,0.74607,0.382837,-0.297388,0.927722
-0.150991,372.342,0.00193158,0.927051,0.376109,-0.383508,1.19638
-0.150991,372.342,0.00193193,1.10437,0.367897,-0.468115,1.46032
-0.150991,372.342,0.00193228,1.27734,0.358232,-0.550875,1.71849
-0.150991,372.342,0.00193263,1.44526,0.347154,-0.63146,1.96988
-0.150991,372.342,0.00193298,1.60748,0.334706,-0.709554,2.2135
-0.150991,372.342,0.00193333,1.76336,0.320936,-0.784847,2.44838
-0.150991,372.342,0.00193368,1.91227,0.305901,-0.857043,2.6736
-0.150991,372.342,0.00193404,2.05364,0.289657,-0.925856,2.88826
-0.150991,372.342,0.00193439,2.18691,0.272271,-0.991015,3.09153
-0.150991,372.342,0.00193474,2.31154,0.25381,-1.05226,3.2826
-0.150991,372.342,0.00193509,2.42705,0.234348,-1.10936,3.46071
-0.150991,372.342,0.00193544,2.53298,0.213961,-1.16208,3.62517
-0.150991,372.342,0.00193579,2.62892,0.192729,-1.21021,3.77531
-0.150991,372.342,0.00193614,2.71448,0.170737,-1.25356,3.91056
-0.150991,372.342,0.00193649,2.78933,0.148071,-1.29197,4.03038
-0.150991,372.342,0.00193684,2.85317,0.12482,-1.32528,4.13429
-0.150991,372.342,0.00193719,2.90575,0.101077,-1.35336,4.22188
-0.150991,372.342,0.00193754,2.94686,0.0769349,-1.3761,4.29281
-0.150991,372.342,0.00193789,2.97634,0.0524892,-1.3934,4.3468
-0.150991,372.342,0.00193825,2.99408,0.0278364,-1.40521,4.38364
-0.150991,372.342,0.0019386,3,0.00307372,-1.41147,4.40317
-0.150991,372.342,0.00193895,2.99408,-0.0217011,-1.41216,4.40533
-0.150991,372.342,0.0019393,2.97634,-0.0463902,-1.40728,4.3901
-0.150991,372.342,0.00193965,2.94686,-0.0708963,-1.39685,4.35754
-0.150991,372.342,0.00194,2.90575,-0.0951226,-1.3809,4.30779
-0.150991,372.342,0.00194035,2.85317,-0.118973,-1.3595,4.24104
-0.150991,372.342,0.0019407,2.78933,-0.142355,-1.33274,4.15755
-0.150991,372.342,0.00194105,2.71448,-0.165174,-1.30071,4.05765
-0.150991,372.342,0.0019414,2.62892,-0.187342,-1.26356,3.94174
-0.150991,372.342,0.00194175,2.53298,-0.20877,-1.22141,3.81027
-0.150991,372.342,0.00194211,2.42705,-0.229375,-1.17445,3.66377
-0.150991,372.342,0.00194246,2.31154,-0.249074,-1.12285,3.5028
-0.150991,372.342,0.00194281,2.18691,-0.26779,-1.06682,3.32801
-0.150991,372.342,0.00194316,2.05364,-0.285449,-1.00658,3.14009
-0.150991,372.342,0.00194351,1.91227,-0.301982,-0.942368,2.93977
-0.150991,372.342,0.00194386,1.76336,-0.317323,-0.874436,2.72786
-0.150991,372.342,0.00194421,1.60748,-0.331412,-0.803054,2.50517
-0.150991,372.342,0.00194456,1.44526,-0.344192,-0.728501,2.2726
-0.150991,372.342,0.00194491,1.27734,-0.355615,-0.651074,2.03107
-0.150991,372.342,0.00194526,1.10437,-0.365634,-0.571077,1.78151
-0.150991,372.342,0.00194561,0.927051,-0.37421,-0.488827,1.52493
-0.150991,372.342,0.00194596,0.74607,-0.381309,-0.404647,1.26232
-0.150991,372.342,0.00194632,0.562144,-0.386903,-0.318871,0.994738
-0.150991,372.342,0.00194667,0.376,-0.39097,-0.231836,0.723228
-0.150991,372.342,0.00194702,0.188372,-0.393495,-0.143886,0.448863
-0.150991,372.342,0.00194737,1.79335e-013,-0.394466,-0.055368,0.172726
-0.150991,372.342,0.00194772,-0.188372,-0.39388,0.0333683,-0.104092
-0.150991,372.342,0.00194807,-0.376,-0.391741,0.121973,-0.380499
-0.150991,372.342,0.00194842,-0.562144,-0.388055,0.210096,-0.655405
-0.150991,372.342,0.00194877,-0.74607,-0.382837,0.29739,-0.927724
-0.150991,372.342,0.00194912,-0.927051,-0.376109,0.383511,-1.19638
-0.150991,372.342,0.00194947,-1.10437,-0.367896,0.468117,-1.46032
-0.150991,372.342,0.00194982,-1.27734,-0.358232,0.550877,-1.71849
-0.150991,372.342,0.00195018,-1.44526,-0.347154,0.631462,-1.96988
-0.150991,372.342,0.00195053,-1.60748,-0.334705,0.709555,-2.2135
-0.150991,372.342,0.00195088,-1.76336,-0.320936,0.784848,-2.44838
-0.150991,372.342,0.00195123,-1.91227,-0.3059,0.857044,-2.6736
-0.150991,372.342,0.00195158,-2.05364,-0.289657,0.925857,-2.88826
-0.150991,372.342,0.00195193,-2.18691,-0.272271,0.991016,-3.09153
-0.150991,372.342,0.00195228,-2.31154,-0.25381,1.05226,-3.2826
-0.150991,372.342,0.00195263,-2.42705,-0.234348,1.10936,-3.46071
-0.150991,372.342,0.00195298,-2.53298,-0.21396,1.16208,-3.62517
-0.150991,372.342,0.00195333,-2.62892,-0.192729,1.21021,-3.77531
-0.150991,372.342,0.00195368,-2.71448,-0.170736,1.25356,-3.91056
-0.150991,372.342,0.00195404,-2.78933,-0.14807,1.29197,-4.03038
-0.150991,372.342,0.00195439,-2.85317,-0.12482,1.32528,-4.13429
-0.150991,372.342,0.00195474,-2.90575,-0.101077,1.35336,-4.22188
-0.150991,372.342,0.00195509,-2.94686,-0.0769346,1.37609,-4.29281
-0.150991,372.342,0.00195544,-2.97634,-0.052489,1.3934,-4.3468
-0.150991,372.342,0.00195579,-2.99408,-0.0278362,1.40521,-4.38363
-0.150991,372.342,0.00195614,-3,-0.00307354,1.41147,-4.40317
-0.150991,372.342,0.00195649,-2.99408,0.0217012,1.41216,-4.40533
-0.150991,372.342,0.00195684,-2.97634,0.0463903,1.40728,-4.3901
-0.150991,372.342,0.00195719,-2.94686,0.0708964,1.39684,-4.35754
-0.150991,372.342,0.00195754,-2.90575,0.0951226,1.3809,-4.30779
-0.150991,372.342,0.00195789,-2.85317,0.118973,1.3595,-4.24104
-0.150991,372.342,0.00195825,-2.78933,0.142355,1.33273,-4.15755
-0.150991,372.342,0.0019586,-2.71448,0.165174,1.30071,-4.05765
-0.150991,372.342,0.00195895,-2.62892,0.187342,1.26355,-3.94174
-0.150991,372.342,0.0019593,-2.53298,0.20877,1.22141,-3.81027
-0.150991,372.342,0.00195965,-2.42705,0.229374,1.17445,-3.66376
-0.150991,372.342,0.00196,-2.31154,0.249074,1.12285,-3.5028
-0.150991,372.342,0.00196035,-2.18691,0.26779,1.06682,-3.32801
-0.150991,372.342,0.0019607,-2.05364,0.285449,1.00658,-3.14009
-0.150991,372.342,0.00196105,-1.91227,0.301982,0.942367,-2.93977
-0.150991,372.342,0.0019614,-1.76336,0.317323,0.874435,-2.72786
-0.150991,372.342,0.00196175,-1.60748,0.331411,0.803053,-2.50517
-0.150991,372.342,0.00196211,-1.44526,0.344192,0.728501,-2.2726
-0.150991,372.342,0.00196246,-1.27734,0.355614,0.651074,-2.03107
-0.150991,372.342,0.00196281,-1.10437,0.365633,0.571077,-1.78151
-0.150991,372.342,0.00196316,-0.927051,0.374209,0.488827,-1.52493
-0.150991,372.342,0.00196351,-0.74607,0.381308,0.404648,-1.26232
-0.150991,372.342,0.00196386,-0.562144,0.386903,0.318871,-0.994739
-0.150991,372.342,0.00196421,-0.376,0.39097,0.231837,-0.723228
-0.150991,372.342,0.00196456,-0.188372,0.393494,0.143887,-0.448864
-0.150991,372.342,0.00196491,-2.11677e-013,0.394466,0.0553693,-0.172727
-0.150991,372.342,0.00196526,0.188372,0.39388,-0.0333668,0.104091
-0.150991,372.342,0.00196561,0.376,0.39174,-0.121971,0.380498
-0.150991,372.342,0.00196596,0.562144,0.388055,-0.210094,0.655403
-0.150991,372.342,0.00196632,0.74607,0.382837,-0.297388,0.927722
-0.150991,372.342,0.00196667,0.927051,0.376109,-0.383509,1.19638
-0.150991,372.342,0.00196702,1.10437,0.367896,-0.468115,1.46032
-0.150991,372.342,0.00196737,1.27734,0.358232,-0.550875,1.71849
-0.150991,372.342,0.00196772,1.44526,0.347154,-0.63146,1.96988
-0.150991,372.342,0.00196807,1.60748,0.334705,-0.709553,2.2135
-0.150991,372.342,0.00196842,1.76336,0.320936,-0.784846,2.44838
-0.150991,372.342,0.00196877,1.91227,0.3059,-0.857042,2.6736
-0.150991,372.342,0.00196912,2.05364,0.289657,-0.925855,2.88826
-0.150991,372.342,0.00196947,2.18691,0.272271,-0.991014,3.09153
-0.150991,372.342,0.00196982,2.31154,0.25381,-1.05226,3.2826
-0.150991,372.342,0.00197018,2.42705,0.234348,-1.10936,3.46071
-0.150991,372.342,0.00197053,2.53298,0.213961,-1.16208,3.62517
-0.150991,372.342,0.00197088,2.62892,0.192729,-1.21021,3.77531
-0.150991,372.342,0.00197123,2.71448,0.170737,-1.25356,3.91056
-0.150991,372.342,0.00197158,2.78933,0.14807,-1.29197,4.03038
-0.150991,372.342,0.00197193,2.85317,0.12482,-1.32528,4.13429
-0.150991,372.342,0.00197228,2.90575,0.101077,-1.35336,4.22188
-0.150991,372.342,0.00197263,2.94686,0.0769349,-1.37609,4.29281
-0.150991,372.342,0.00197298,2.97634,0.0524893,-1.3934,4.3468
-0.150991,372.342,0.00197333,2.99408,0.0278365,-1.40521,4.38363
-0.150991,372.342,0.00197368,3,0.00307384,-1.41147,4.40317
-0.150991,372.342,0.00197404,2.99408,-0.0217009,-1.41216,4.40533
-0.150991,372.342,0.00197439,2.97634,-0.0463901,-1.40728,4.3901
-0.150991,372.342,0.00197474,2.94686,-0.0708961,-1.39685,4.35754
-0.150991,372.342,0.00197509,2.90575,-0.0951224,-1.3809,4.30779
-0.150991,372.342,0.00197544,2.85317,-0.118973,-1.3595,4.24104
-0.150991,372.342,0.00197579,2.78933,-0.142355,-1.33274,4.15755
-0.150991,372.342,0.00197614,2.71448,-0.165174,-1.30071,4.05765
-0.150991,372.342,0.00197649,2.62892,-0.187342,-1.26356,3.94174
-0.150991,372.342,0.00197684,2.53298,-0.20877,-1.22141,3.81027
-0.150991,372.342,0.00197719,2.42705,-0.229374,-1.17445,3.66377
-0.150991,372.342,0.00197754,2.31154,-0.249074,-1.12285,3.5028
-0.150991,372.342,0.00197789,2.18691,-0.26779,-1.06682,3.32801
-0.150991,372.342,0.00197825,2.05364,-0.285449,-1.00658,3.14009
-0.150991,372.342,0.0019786,1.91227,-0.301982,-0.942369,2.93977
-0.150991,372.342,0.00197895,1.76336,-0.317323,-0.874437,2.72786
-0.150991,372.342,0.0019793,1.60748,-0.331412,-0.803054,2.50517
-0.150991,372.342,0.00197965,1.44526,-0.344192,-0.728502,2.27261
-0.150991,372.342,0.00198,1.27734,-0.355615,-0.651075,2.03107
-0.150991,372.342,0.00198035,1.10437,-0.365634,-0.571079,1.78151
-0.150991,372.342,0.0019807,0.927051,-0.37421,-0.488828,1.52493
-0.150991,372.342,0.00198105,0.74607,-0.381309,-0.404649,1.26232
-0.150991,372.342,0.0019814,0.562144,-0.386903,-0.318872,0.99474
-0.150991,372.342,0.00198175,0.376,-0.39097,-0.231837,0.723229
-0.150991,372.342,0.00198211,0.188372,-0.393495,-0.143887,0.448864
-0.150991,372.342,0.00198246,2.44019e-013,-0.394466,-0.0553694,0.172727
-0.150991,372.342,0.00198281,-0.188372,-0.393881,0.0333669,-0.104091
-0.150991,372.342,0.00198316,-0.376,-0.391741,0.121972,-0.380498
-0.150991,372.342,0.00198351,-0.562144,-0.388055,0.210095,-0.655404
-0.150991,372.342,0.00198386,-0.74607,-0.382837,0.297389,-0.927723
-0.150991,372.342,0.00198421,-0.927051,-0.376109,0.383509,-1.19638
-0.150991,372.342,0.00198456,-1.10437,-0.367897,0.468116,-1.46032
-0.150991,372.342,0.00198491,-1.27734,-0.358232,0.550876,-1.71849
-0.150991,372.342,0.00198526,-1.44526,-0.347154,0.631461,-1.96988
-0.150991,372.342,0.00198561,-1.60748,-0.334706,0.709555,-2.2135
-0.150991,372.342,0.00198596,-1.76336,-0.320936,0.784848,-2.44838
-0.150991,372.342,0.00198632,-1.91227,-0.3059,0.857043,-2.6736
-0.150991,372.342,0.00198667,-2.05364,-0.289657,0.925857,-2.88826
-0.150991,372.342,0.00198702,-2.18691,-0.272271,0.991016,-3.09153
-0.150991,372.342,0.00198737,-2.31154,-0.25381,1.05226,-3.2826
-0.150991,372.342,0.00198772,-2.42705,-0.234348,1.10936,-3.46071
-0.150991,372.342,0.00198807,-2.53298,-0.213961,1.16208,-3.62517
-0.150991,372.342,0.00198842,-2.62892,-0.192729,1.21021,-3.77532
-0.150991,372.342,0.00198877,-2.71448,-0.170737,1.25356,-3.91056
-0.150991,372.342,0.00198912,-2.78933,-0.14807,1.29197,-4.03038
-0.150991,372.342,0.00198947,-2.85317,-0.12482,1.32528,-4.13429
-0.150991,372.342,0.00198982,-2.90575,-0.101077,1.35336,-4.22188
-0.150991,372.342,0.00199018,-2.94686,-0.0769347,1.3761,-4.29281
-0.150991,372.342,0.00199053,-2.97634,-0.052489,1.3934,-4.3468
-0.150991,372.342,0.00199088,-2.99408,-0.0278362,1.40521,-4.38364
-0.150991,372.342,0.00199123,-3,-0.00307359,1.41147,-4.40317
-0.150991,372.342,0.00199158,-2.99408,0.0217012,1.41216,-4.40533
-0.150991,372.342,0.00199193,-2.97634,0.0463903,1.40728,-4.3901
-0.150991,372.342,0.00199228,-2.94686,0.0708964,1.39685,-4.35754
-0.150991,372.342,0.00199263,-2.90575,0.0951227,1.3809,-4.30779
-0.150991,372.342,0.00199298,-2.85317,0.118974,1.3595,-4.24104
-0.150991,372.342,0.00199333,-2.78933,0.142355,1.33274,-4.15755
-0.150991,372.342,0.00199368,-2.71448,0.165174,1.30071,-4.05765
-0.150991,372.342,0.00199404,-2.62892,0.187342,1.26356,-3.94174
-0.150991,372.342,0.00199439,-2.53298,0.20877,1.22141,-3.81027
-0.150991,372.342,0.00199474,-2.42705,0.229375,1.17445,-3.66376
-0.150991,372.342,0.00199509,-2.31154,0.249074,1.12285,-3.5028
-0.150991,372.342,0.00199544,-2.18691,0.26779,1.06682,-3.32801
-0.150991,372.342,0.00199579,-2.05364,0.285449,1.00658,-3.14009
-0.150991,372.342,0.00199614,-1.91227,0.301982,0.942367,-2.93977
-0.150991,372.342,0.00199649,-1.76336,0.317323,0.874436,-2.72786
-0.150991,372.342,0.00199684,-1.60748,0.331412,0.803053,-2.50517
-0.150991,372.342,0.00199719,-1.44526,0.344192,0.728501,-2.2726
-0.150991,372.342,0.00199754,-1.27734,0.355615,0.651074,-2.03107
-0.150991,372.342,0.00199789,-1.10437,0.365634,0.571077,-1.78151
-0.150991,372.342,0.00199825,-0.927051,0.374209,0.488827,-1.52493
-0.150991,372.342,0.0019986,-0.74607,0.381309,0.404647,-1.26232
-0.150991,372.342,0.00199895,-0.562144,0.386903,0.318871,-0.994738
-0.150991,372.342,0.0019993,-0.376,0.39097,0.231836,-0.723228
-0.150991,372.342,0.00199965,-0.188372,0.393494,0.143886,-0.448863
-0.150991,372.342,0.002,-2.76361e-013,0.394466,0.0553683,-0.172726
-0.150991,372.342,0.00200035,0.188372,0.39388,-0.0333679,0.104092
-0.150991,372.342,0.0020007,0.376,0.39174,-0.121972,0.380499
-0.150991,372.342,0.00200105,0.562144,0.388055,-0.210096,0.655405
-0.150991,372.342,0.0020014,0.74607,0.382837,-0.29739,0.927724
-0.150991,372.342,0.00200175,0.927051,0.376109,-0.38351,1.19638
-0.150991,372.342,0.00200211,1.10437,0.367896,-0.468117,1.46032
-0.150991,372.342,0.00200246,1.27734,0.358232,-0.550876,1.71849
-0.150991,372.342,0.00200281,1.44526,0.347154,-0.631461,1.96988
-0.150991,372.342,0.00200316,1.60748,0.334705,-0.709554,2.2135
-0.150991,372.342,0.00200351,1.76336,0.320936,-0.784847,2.44838
-0.150991,372.342,0.00200386,1.91227,0.3059,-0.857043,2.6736
-0.150991,372.342,0.00200421,2.05364,0.289657,-0.925856,2.88826
-0.150991,372.342,0.00200456,2.18691,0.272271,-0.991015,3.09153
-0.150991,372.342,0.00200491,2.31154,0.25381,-1.05226,3.2826
-0.150991,372.342,0.00200526,2.42705,0.234348,-1.10936,3.46071
-0.150991,372.342,0.00200561,2.53298,0.21396,-1.16208,3.62517
-0.150991,372.342,0.00200596,2.62892,0.192729,-1.21021,3.77531
-0.150991,372.342,0.00200632,2.71448,0.170736,-1.25356,3.91056
-0.150991,372.342,0.00200667,2.78933,0.14807,-1.29197,4.03038
-0.150991,372.342,0.00200702,2.85317,0.12482,-1.32528,4.13429
-0.150991,372.342,0.00200737,2.90575,0.101077,-1.35336,4.22188
-0.150991,372.342,0.00200772,2.94686,0.0769347,-1.37609,4.29281
-0.150991,372.342,0.00200807,2.97634,0.0524891,-1.3934,4.3468
-0.150991,372.342,0.00200842,2.99408,0.0278363,-1.40521,4.38363
-0.150991,372.342,0.00200877,3,0.00307369,-1.41147,4.40317
-0.150991,372.342,0.00200912,2.99408,-0.0217011,-1.41216,4.40532
-0.150991,372.342,0.00200947,2.97634,-0.0463902,-1.40728,4.3901
-0.150991,372.342,0.00200982,2.94686,-0.0708962,-1.39684,4.35754
-0.150991,372.342,0.00201018,2.90575,-0.0951225,-1.3809,4.30779
-0.150991,372.342,0.00201053,2.85317,-0.118973,-1.3595,4.24104
-0.150991,372.342,0.00201088,2.78933,-0.142355,-1.33273,4.15755
-0.150991,372.342,0.00201123,2.71448,-0.165174,-1.30071,4.05765
-0.150991,372.342,0.00201158,2.62892,-0.187342,-1.26356,3.94174
-0.150991,372.342,0.00201193,2.53298,-0.20877,-1.22141,3.81027
-0.150991,372.342,0.00201228,2.42705,-0.229374,-1.17445,3.66376
-0.150991,372.342,0.00201263,2.31154,-0.249074,-1.12285,3.5028
-0.150991,372.342,0.00201298,2.18691,-0.26779,-1.06682,3.32801
-0.150991,372.342,0.00201333,2.05364,-0.285449,-1.00658,3.14009
-0.150991,372.342,0.00201368,1.91227,-0.301982,-0.942368,2.93977
-0.150991,372.342,0.00201404,1.76336,-0.317323,-0.874436,2.72786
-0.150991,372.342,0.00201439,1.60748,-0.331411,-0.803054,2.50517
-0.150991,372.342,0.00201474,1.44526,-0.344192,-0.728502,2.2726
-0.150991,372.342,0.00201509,1.27734,-0.355614,-0.651075,2.03107
-0.150991,372.342,0.00201544,1.10437,-0.365633,-0.571078,1.78151
-0.150991,372.342,0.00201579,0.927051,-0.374209,-0.488828,1.52493
-0.150991,372.342,0.00201614,0.74607,-0.381308,-0.404649,1.26232
-0.150991,372.342,0.00201649,0.562144,-0.386903,-0.318872,0.99474
-0.150991,372.342,0.00201684,0.376,-0.39097,-0.231837,0.723229
-0.150991,372.342,0.00201719,0.188372,-0.393494,-0.143887,0.448864
-0.150991,372.342,0.00201754,3.08702e-013,-0.394466,-0.0553697,0.172728
-0.150991,372.342,0.00201789,-0.188372,-0.39388,0.0333665,-0.10409
-0.150991,372.342,0.00201825,-0.376,-0.391741,0.121971,-0.380498
-0.150991,372.342,0.0020186,-0.562144,-0.388055,0.210094,-0.655403
-0.150991,372.342,0.00201895,-0.74607,-0.382837,0.297388,-0.927722
-0.150991,372.342,0.0020193,-0.927051,-0.376109,0.383509,-1.19638
-0.150991,372.342,0.00201965,-1.10437,-0.367897,0.468116,-1.46032
-0.150991,372.342,0.00202,-1.27734,-0.358232,0.550875,-1.71849
-0.150991,372.342,0.00202035,-1.44526,-0.347154,0.63146,-1.96988
-0.150991,372.342,0.0020207,-1.60748,-0.334706,0.709554,-2.2135
-0.150991,372.342,0.00202105,-1.76336,-0.320936,0.784847,-2.44838
-0.150991,372.342,0.0020214,-1.91227,-0.3059,0.857042,-2.6736
-0.150991,372.342,0.00202175,-2.05364,-0.289657,0.925856,-2.88826
-0.150991,372.342,0.00202211,-2.18691,-0.272271,0.991015,-3.09153
-0.150991,372.342,0.00202246,-2.31154,-0.25381,1.05226,-3.2826
-0.150991,372.342,0.00202281,-2.42705,-0.234348,1.10936,-3.46071
-0.150991,372.342,0.00202316,-2.53298,-0.213961,1.16208,-3.62517
-0.150991,372.342,0.00202351,-2.62892,-0.192729,1.21021,-3.77531
-0.150991,372.342,0.00202386,-2.71448,-0.170737,1.25356,-3.91056
-0.150991,372.342,0.00202421,-2.78933,-0.14807,1.29197,-4.03038
-0.150991,372.342,0.00202456,-2.85317,-0.12482,1.32528,-4.13429
-0.150991,372.342,0.00202491,-2.90575,-0.101077,1.35336,-4.22188
-0.150991,372.342,0.00202526,-2.94686,-0.0769348,1.3761,-4.29281
-0.150991,372.342,0.00202561,-2.97634,-0.0524892,1.3934,-4.3468
-0.150991,372.342,0.00202596,-2.99408,-0.0278364,1.40521,-4.38363
-0.150991,372.342,0.00202632,-3,-0.00307375,1.41147,-4.40317
-0.150991,372.342,0.00202667,-2.99408,0.021701,1.41216,-4.40533
-0.150991,372.342,0.00202702,-2.97634,0.0463902,1.40728,-4.3901
-0.150991,372.342,0.00202737,-2.94686,0.0708962,1.39685,-4.35754
-0.150991,372.342,0.00202772,-2.90575,0.0951225,1.3809,-4.30779
-0.150991,372.342,0.00202807,-2.85317,0.118973,1.3595,-4.24104
-0.150991,372.342,0.00202842,-2.78933,0.142355,1.33274,-4.15755
-0.150991,372.342,0.00202877,-2.71448,0.165174,1.30071,-4.05765
-0.150991,372.342,0.00202912,-2.62892,0.187342,1.26356,-3.94174
-0.150991,372.342,0.00202947,-2.53298,0.20877,1.22141,-3.81027
-0.150991,372.342,0.00202982,-2.42705,0.229375,1.17445,-3.66377
-0.150991,372.342,0.00203018,-2.31154,0.249074,1.12285,-3.5028
-0.150991,372.342,0.00203053,-2.18691,0.26779,1.06682,-3.32801
-0.150991,372.342,0.00203088,-2.05364,0.285449,1.00658,-3.14009
-0.150991,372.342,0.00203123,-1.91227,0.301982,0.942368,-2.93977
-0.150991,372.342,0.00203158,-1.76336,0.317323,0.874437,-2.72786
-0.150991,372.342,0.00203193,-1.60748,0.331412,0.803054,-2.50517
-0.150991,372.342,0.00203228,-1.44526,0.344192,0.728502,-2.2726
-0.150991,372.342,0.00203263,-1.27734,0.355615,0.651075,-2.03107
-0.150991,372.342,0.00203298,-1.10437,0.365634,0.571078,-1.78151
-0.150991,372.342,0.00203333,-0.927051,0.37421,0.488828,-1.52493
-0.150991,372.342,0.00203368,-0.74607,0.381309,0.404648,-1.26232
-0.150991,372.342,0.00203404,-0.562144,0.386903,0.318871,-0.994739
-0.150991,372.342,0.00203439,-0.376,0.39097,0.231836,-0.723228
-0.150991,372.342,0.00203474,-0.188372,0.393494,0.143887,-0.448863
-0.150991,372.342,0.00203509,1.6263e-017,0.394466,0.0553687,-0.172727
-0.150991,372.342,0.00203544,0.188372,0.39388,-0.0333676,0.104091
-0.150991,372.342,0.00203579,0.376,0.391741,-0.121972,0.380499
-0.150991,372.342,0.00203614,0.562144,0.388055,-0.210095,0.655404
-0.150991,372.342,0.00203649,0.74607,0.382837,-0.29739,0.927724
-0.150991,372.342,0.00203684,0.927051,0.376109,-0.38351,1.19638
-0.150991,372.342,0.00203719,1.10437,0.367897,-0.468117,1.46032
-0.150991,372.342,0.00203754,1.27734,0.358232,-0.550876,1.71849
-0.150991,372.342,0.00203789,1.44526,0.347154,-0.631462,1.96988
-0.150991,372.342,0.00203825,1.60748,0.334705,-0.709555,2.2135
-0.150991,372.342,0.0020386,1.76336,0.320936,-0.784848,2.44838
-0.150991,372.342,0.00203895,1.91227,0.3059,-0.857043,2.6736
-0.150991,372.342,0.0020393,2.05364,0.289657,-0.925857,2.88826
-0.150991,372.342,0.00203965,2.18691,0.272271,-0.991016,3.09153
-0.150991,372.342,0.00204,2.31154,0.25381,-1.05226,3.2826
-0.150991,372.342,0.00204035,2.42705,0.234348,-1.10936,3.46071
-0.150991,372.342,0.0020407,2.53298,0.21396,-1.16208,3.62517
-0.150991,372.342,0.00204105,2.62892,0.192729,-1.21021,3.77531
-0.150991,372.342,0.0020414,2.71448,0.170736,-1.25356,3.91056
-0.150991,372.342,0.00204175,2.78933,0.14807,-1.29197,4.03038
-0.150991,372.342,0.00204211,2.85317,0.12482,-1.32528,4.13429
-0.150991,372.342,0.00204246,2.90575,0.101077,-1.35336,4.22188
-0.150991,372.342,0.00204281,2.94686,0.0769347,-1.37609,4.29281
-0.150991,372.342,0.00204316,2.97634,0.052489,-1.3934,4.3468
-0.150991,372.342,0.00204351,2.99408,0.0278362,-1.40521,4.38363
-0.150991,372.342,0.00204386,3,0.00307359,-1.41147,4.40317
-0.150991,372.342,0.00204421,2.99408,-0.0217012,-1.41216,4.40533
-0.150991,372.342,0.00204456,2.97634,-0.0463903,-1.40728,4.3901
-0.150991,372.342,0.00204491,2.94686,-0.0708964,-1.39684,4.35754
-0.150991,372.342,0.00204526,2.90575,-0.0951226,-1.3809,4.30779
-0.150991,372.342,0.00204561,2.85317,-0.118973,-1.3595,4.24104
-0.150991,372.342,0.00204596,2.78933,-0.142355,-1.33273,4.15755
-0.150991,372.342,0.00204632,2.71448,-0.165174,-1.30071,4.05765
-0.150991,372.342,0.00204667,2.62892,-0.187342,-1.26356,3.94174
-0.150991,372.342,0.00204702,2.53298,-0.20877,-1.22141,3.81027
-0.150991,372.342,0.00204737,2.42705,-0.229375,-1.17445,3.66376
-0.150991,372.342,0.00204772,2.31154,-0.249074,-1.12285,3.5028
-0.150991,372.342,0.00204807,2.18691,-0.26779,-1.06682,3.32801
-0.150991,372.342,0.00204842,2.05364,-0.285449,-1.00658,3.14009
-0.150991,372.342,0.00204877,1.91227,-0.301982,-0.942367,2.93977
-0.150991,372.342,0.00204912,1.76336,-0.317323,-0.874436,2.72786
-0.150991,372.342,0.00204947,1.60748,-0.331411,-0.803053,2.50517
-0.150991,372.342,0.00204982,1.44526,-0.344192,-0.728501,2.2726
-0.150991,372.342,0.00205018,1.27734,-0.355615,-0.651074,2.03107
-0.150991,372.342,0.00205053,1.10437,-0.365633,-0.571077,1.78151
-0.150991,372.342,0.00205088,0.927051,-0.374209,-0.488827,1.52493
-0.150991,372.342,0.00205123,0.74607,-0.381308,-0.404648,1.26232
-0.150991,372.342,0.00205158,0.562144,-0.386903,-0.318871,0.994739
-0.150991,372.342,0.00205193,0.376,-0.39097,-0.231836,0.723228
-0.150991,372.342,0.00205228,0.188372,-0.393494,-0.143887,0.448863
-0.150991,372.342,0.00205263,3.23255e-014,-0.394466,-0.0553689,0.172727
-0.150991,372.342,0.00205298,-0.188372,-0.39388,0.0333673,-0.104091
-0.150991,372.342,0.00205333,-0.376,-0.39174,0.121972,-0.380498
-0.150991,372.342,0.00205368,-0.562144,-0.388055,0.210095,-0.655404
-0.150991,372.342,0.00205404,-0.74607,-0.382837,0.297389,-0.927723
-0.150991,372.342,0.00205439,-0.927051,-0.376109,0.383509,-1.19638
-0.150991,372.342,0.00205474,-1.10437,-0.367896,0.468116,-1.46032
-0.150991,372.342,0.00205509,-1.27734,-0.358232,0.550875,-1.71849
-0.150991,372.342,0.00205544,-1.44526,-0.347154,0.631461,-1.96988
-0.150991,372.342,0.00205579,-1.60748,-0.334705,0.709554,-2.2135
-0.150991,372.342,0.00205614,-1.76336,-0.320936,0.784847,-2.44838
-0.150991,372.342,0.00205649,-1.91227,-0.3059,0.857042,-2.6736
-0.150991,372.342,0.00205684,-2.05364,-0.289657,0.925856,-2.88826
-0.150991,372.342,0.00205719,-2.18691,-0.272271,0.991015,-3.09153
-0.150991,372.342,0.00205754,-2.31154,-0.25381,1.05226,-3.2826
-0.150991,372.342,0.00205789,-2.42705,-0.234348,1.10936,-3.46071
-0.150991,372.342,0.00205825,-2.53298,-0.213961,1.16208,-3.62517
-0.150991,372.342,0.0020586,-2.62892,-0.192729,1.21021,-3.77531
-0.150991,372.342,0.00205895,-2.71448,-0.170737,1.25356,-3.91056
-0.150991,372.342,0.0020593,-2.78933,-0.14807,1.29197,-4.03038
-0.150991,372.342,0.00205965,-2.85317,-0.12482,1.32528,-4.13429
-0.150991,372.342,0.00206,-2.90575,-0.101077,1.35336,-4.22188
-0.150991,372.342,0.00206035,-2.94686,-0.0769348,1.37609,-4.29281
-0.150991,372.342,0.0020607,-2.97634,-0.0524892,1.3934,-4.3468
-0.150991,372.342,0.00206105,-2.99408,-0.0278364,1.40521,-4.38363
-0.150991,372.342,0.0020614,-3,-0.00307375,1.41147,-4.40317
-0.150991,372.342,0.00206175,-2.99408,0.021701,1.41216,-4.40533
-0.150991,372.342,0.00206211,-2.97634,0.0463902,1.40728,-4.3901
-0.150991,372.342,0.00206246,-2.94686,0.0708962,1.39684,-4.35754
-0.150991,372.342,0.00206281,-2.90575,0.0951225,1.3809,-4.30779
-0.150991,372.342,0.00206316,-2.85317,0.118973,1.3595,-4.24104
-0.150991,372.342,0.00206351,-2.78933,0.142355,1.33274,-4.15755
-0.150991,372.342,0.00206386,-2.71448,0.165174,1.30071,-4.05765
-0.150991,372.342,0.00206421,-2.62892,0.187342,1.26356,-3.94174
-0.150991,372.342,0.00206456,-2.53298,0.20877,1.22141,-3.81027
-0.150991,372.342,0.00206491,-2.42705,0.229374,1.17445,-3.66376
-0.150991,372.342,0.00206526,-2.31154,0.249074,1.12285,-3.5028
-0.150991,372.342,0.00206561,-2.18691,0.26779,1.06682,-3.32801
-0.150991,372.342,0.00206596,-2.05364,0.285449,1.00658,-3.14009
-0.150991,372.342,0.00206632,-1.91227,0.301982,0.942368,-2.93977
-0.150991,372.342,0.00206667,-1.76336,0.317323,0.874437,-2.72786
-0.150991,372.342,0.00206702,-1.60748,0.331411,0.803054,-2.50517
-0.150991,372.342,0.00206737,-1.44526,0.344192,0.728502,-2.27261
-0.150991,372.342,0.00206772,-1.27734,0.355615,0.651075,-2.03107
-0.150991,372.342,0.00206807,-1.10437,0.365634,0.571078,-1.78151
-0.150991,372.342,0.00206842,-0.927051,0.374209,0.488828,-1.52493
-0.150991,372.342,0.00206877,-0.74607,0.381309,0.404648,-1.26232
-0.150991,372.342,0.00206912,-0.562144,0.386903,0.318872,-0.99474
-0.150991,372.342,0.00206947,-0.376,0.39097,0.231837,-0.723229
-0.150991,372.342,0.00206982,-0.188372,0.393494,0.143887,-0.448864
-0.150991,372.342,0.00207018,-6.46673e-014,0.394466,0.0553694,-0.172727
-0.150991,372.342,0.00207053,0.188372,0.39388,-0.0333669,0.104091
-0.150991,372.342,0.00207088,0.376,0.391741,-0.121971,0.380498
-0.150991,372.342,0.00207123,0.562144,0.388055,-0.210095,0.655404
-0.150991,372.342,0.00207158,0.74607,0.382837,-0.297389,0.927723
-0.150991,372.342,0.00207193,0.927051,0.376109,-0.383509,1.19638
-0.150991,372.342,0.00207228,1.10437,0.367897,-0.468116,1.46032
-0.150991,372.342,0.00207263,1.27734,0.358232,-0.550876,1.71849
-0.150991,372.342,0.00207298,1.44526,0.347154,-0.631461,1.96988
-0.150991,372.342,0.00207333,1.60748,0.334706,-0.709554,2.2135
-0.150991,372.342,0.00207368,1.76336,0.320936,-0.784847,2.44838
-0.150991,372.342,0.00207404,1.91227,0.3059,-0.857043,2.6736
-0.150991,372.342,0.00207439,2.05364,0.289657,-0.925856,2.88826
-0.150991,372.342,0.00207474,2.18691,0.272271,-0.991015,3.09153
-0.150991,372.342,0.00207509,2.31154,0.25381,-1.05226,3.2826
-0.150991,372.342,0.00207544,2.42705,0.234348,-1.10936,3.46071
-0.150991,372.342,0.00207579,2.53298,0.213961,-1.16208,3.62517
-0.150991,372.342,0.00207614,2.62892,0.192729,-1.21021,3.77531
-0.150991,372.342,0.00207649,2.71448,0.170737,-1.25356,3.91056
-0.150991,372.342,0.00207684,2.78933,0.14807,-1.29197,4.03038
-0.150991,372.342,0.00207719,2.85317,0.12482,-1.32528,4.13429
-0.150991,372.342,0.00207754,2.90575,0.101077,-1.35336,4.22188
-0.150991,372.342,0.00207789,2.94686,0.0769348,-1.3761,4.29281
-0.150991,372.342,0.00207825,2.97634,0.0524891,-1.3934,4.3468
-0.150991,372.342,0.0020786,2.99408,0.0278363,-1.40521,4.38363
-0.150991,372.342,0.00207895,3,0.00307366,-1.41147,4.40317
-0.150991,372.342,0.0020793,2.99408,-0.0217011,-1.41216,4.40533
-0.150991,372.342,0.00207965,2.97634,-0.0463903,-1.40728,4.3901
-0.150991,372.342,0.00208,2.94686,-0.0708963,-1.39685,4.35754
-0.150991,372.342,0.00208035,2.90575,-0.0951226,-1.3809,4.30779
-0.150991,372.342,0.0020807,2.85317,-0.118973,-1.3595,4.24104
-0.150991,372.342,0.00208105,2.78933,-0.142355,-1.33274,4.15755
-0.150991,372.342,0.0020814,2.71448,-0.165174,-1.30071,4.05765
-0.150991,372.342,0.00208175,2.62892,-0.187342,-1.26356,3.94174
-0.150991,372.342,0.00208211,2.53298,-0.20877,-1.22141,3.81027
-0.150991,372.342,0.00208246,2.42705,-0.229375,-1.17445,3.66376
-0.150991,372.342,0.00208281,2.31154,-0.249074,-1.12285,3.5028
-0.150991,372.342,0.00208316,2.18691,-0.26779,-1.06682,3.32801
-0.150991,372.342,0.00208351,2.05364,-0.285449,-1.00658,3.14009
-0.150991,372.342,0.00208386,1.91227,-0.301982,-0.942368,2.93977
-0.150991,372.342,0.00208421,1.76336,-0.317323,-0.874436,2.72786
-0.150991,372.342,0.00208456,1.60748,-0.331412,-0.803053,2.50517
-0.150991,372.342,0.00208491,1.44526,-0.344192,-0.728501,2.2726
-0.150991,372.342,0.00208526,1.27734,-0.355615,-0.651074,2.03107
-0.150991,372.342,0.00208561,1.10437,-0.365634,-0.571078,1.78151
-0.150991,372.342,0.00208596,0.927051,-0.374209,-0.488827,1.52493
-0.150991,372.342,0.00208632,0.74607,-0.381309,-0.404648,1.26232
-0.150991,372.342,0.00208667,0.562144,-0.386903,-0.318871,0.994739
-0.150991,372.342,0.00208702,0.376,-0.39097,-0.231836,0.723228
-0.150991,372.342,0.00208737,0.188372,-0.393494,-0.143886,0.448863
-0.150991,372.342,0.00208772,9.70092e-014,-0.394466,-0.0553686,0.172727
-0.150991,372.342,0.00208807,-0.188372,-0.39388,0.0333676,-0.104092
-0.150991,372.342,0.00208842,-0.376,-0.391741,0.121972,-0.380499
-0.150991,372.342,0.00208877,-0.562144,-0.388055,0.210095,-0.655404
-0.150991,372.342,0.00208912,-0.74607,-0.382837,0.297389,-0.927723
-0.150991,372.342,0.00208947,-0.927051,-0.376109,0.38351,-1.19638
-0.150991,372.342,0.00208982,-1.10437,-0.367896,0.468117,-1.46032
-0.150991,372.342,0.00209018,-1.27734,-0.358232,0.550876,-1.71849
-0.150991,372.342,0.00209053,-1.44526,-0.347154,0.631461,-1.96988
-0.150991,372.342,0.00209088,-1.60748,-0.334705,0.709555,-2.2135
-0.150991,372.342,0.00209123,-1.76336,-0.320936,0.784847,-2.44838
-0.150991,372.342,0.00209158,-1.91227,-0.3059,0.857043,-2.6736
-0.150991,372.342,0.00209193,-2.05364,-0.289657,0.925856,-2.88826
-0.150991,372.342,0.00209228,-2.18691,-0.272271,0.991015,-3.09153
-0.150991,372.342,0.00209263,-2.31154,-0.25381,1.05226,-3.2826
-0.150991,372.342,0.00209298,-2.42705,-0.234348,1.10936,-3.46071
-0.150991,372.342,0.00209333,-2.53298,-0.21396,1.16208,-3.62517
-0.150991,372.342,0.00209368,-2.62892,-0.192729,1.21021,-3.77531
-0.150991,372.342,0.00209404,-2.71448,-0.170736,1.25356,-3.91056
-0.150991,372.342,0.00209439,-2.78933,-0.14807,1.29197,-4.03038
-0.150991,372.342,0.00209474,-2.85317,-0.12482,1.32528,-4.13429
-0.150991,372.342,0.00209509,-2.90575,-0.101077,1.35336,-4.22188
-0.150991,372.342,0.00209544,-2.94686,-0.0769347,1.37609,-4.29281
-0.150991,372.342,0.00209579,-2.97634,-0.0524891,1.3934,-4.3468
-0.150991,372.342,0.00209614,-2.99408,-0.0278363,1.40521,-4.38363
-0.150991,372.342,0.00209649,-3,-0.00307366,1.41147,-4.40317
-0.150991,372.342,0.00209684,-2.99408,0.0217011,1.41216,-4.40533
-0.150991,372.342,0.00209719,-2.97634,0.0463902,1.40728,-4.3901
-0.150991,372.342,0.00209754,-2.94686,0.0708963,1.39684,-4.35754
-0.150991,372.342,0.00209789,-2.90575,0.0951225,1.3809,-4.30779
-0.150991,372.342,0.00209825,-2.85317,0.118973,1.3595,-4.24104
-0.150991,372.342,0.0020986,-2.78933,0.142355,1.33273,-4.15755
-0.150991,372.342,0.00209895,-2.71448,0.165174,1.30071,-4.05765
-0.150991,372.342,0.0020993,-2.62892,0.187342,1.26356,-3.94174
-0.150991,372.342,0.00209965,-2.53298,0.20877,1.22141,-3.81027
-0.150991,372.342,0.0021,-2.42705,0.229374,1.17445,-3.66376
-0.150991,372.342,0.00210035,-2.31154,0.249074,1.12285,-3.5028
-0.150991,372.342,0.0021007,-2.18691,0.26779,1.06682,-3.32801
-0.150991,372.342,0.00210105,-2.05364,0.285449,1.00658,-3.14009
-0.150991,372.342,0.0021014,-1.91227,0.301982,0.942368,-2.93977
-0.150991,372.342,0.00210175,-1.76336,0.317323,0.874436,-2.72786
-0.150991,372.342,0.00210211,-1.60748,0.331411,0.803053,-2.50517
-0.150991,372.342,0.00210246,-1.44526,0.344192,0.728501,-2.2726
-0.150991,372.342,0.00210281,-1.27734,0.355615,0.651074,-2.03107
-0.150991,372.342,0.00210316,-1.10437,0.365633,0.571078,-1.78151
-0.150991,372.342,0.00210351,-0.927051,0.374209,0.488828,-1.52493
-0.150991,372.342,0.00210386,-0.74607,0.381308,0.404648,-1.26232
-0.150991,372.342,0.00210421,-0.562144,0.386903,0.318872,-0.994739
-0.150991,372.342,0.00210456,-0.376,0.39097,0.231837,-0.723229
-0.150991,372.342,0.00210491,-0.188372,0.393494,0.143887,-0.448864
