Amp, Phaseshift, Time, Vd, Vr, VL, VC
1.27977,371.713,0,0,0,0,0
1.27977,371.713,1.83486e-007,0.188372,0.00172818,0.188372,0
1.27977,371.713,3.66972e-007,0.376,0.00516186,0.374272,0.000634194
1.27977,371.713,5.50459e-007,0.562144,0.010266,0.556348,0.00252846
1.27977,371.713,7.33945e-007,0.74607,0.0169933,0.733275,0.00629579
1.27977,371.713,9.17431e-007,0.927051,0.0252847,0.903762,0.0125318
1.27977,371.713,1.10092e-006,1.10437,0.0350696,1.06656,0.0218106
1.27977,371.713,1.2844e-006,1.27734,0.0462664,1.22046,0.0346802
1.27977,371.713,1.46789e-006,1.44526,0.0587831,1.36431,0.0516587
1.27977,371.713,1.65138e-006,1.60748,0.0725174,1.49704,0.0732305
1.27977,371.713,1.83486e-006,1.76336,0.0873578,1.61761,0.0998424
1.27977,371.713,2.01835e-006,1.91227,0.103184,1.72507,0.1319
1.27977,371.713,2.20183e-006,2.05364,0.119868,1.81856,0.169766
1.27977,371.713,2.38532e-006,2.18691,0.137274,1.89727,0.213754
1.27977,371.713,2.56881e-006,2.31154,0.155261,1.96051,0.26413
1.27977,371.713,2.75229e-006,2.42705,0.17368,2.00766,0.321107
1.27977,371.713,2.93578e-006,2.53298,0.192379,2.0382,0.384842
1.27977,371.713,3.11927e-006,2.62892,0.211202,2.0517,0.45544
1.27977,371.713,3.30275e-006,2.71448,0.229989,2.04784,0.532945
1.27977,371.713,3.48624e-006,2.78933,0.24858,2.0264,0.617345
1.27977,371.713,3.66972e-006,2.85317,0.266811,1.98724,0.708567
1.27977,371.713,3.85321e-006,2.90575,0.284521,1.93037,0.806479
1.27977,371.713,4.0367e-006,2.94686,0.301548,1.85586,0.910891
1.27977,371.713,4.22018e-006,2.97634,0.31773,1.76391,1.02155
1.27977,371.713,4.40367e-006,2.99408,0.332912,1.6548,1.13815
1.27977,371.713,4.58716e-006,3,0.346939,1.52894,1.26032
1.27977,371.713,4.77064e-006,2.99408,0.359662,1.38682,1.38764
1.27977,371.713,4.95413e-006,2.97634,0.370938,1.22905,1.51962
1.27977,371.713,5.13761e-006,2.94686,0.380628,1.0563,1.65575
1.27977,371.713,5.3211e-006,2.90575,0.388604,0.869376,1.79543
1.27977,371.713,5.50459e-006,2.85317,0.394743,0.66914,1.93803
1.27977,371.713,5.68807e-006,2.78933,0.398932,0.456554,2.08289
1.27977,371.713,5.87156e-006,2.71448,0.401066,0.232657,2.22929
1.27977,371.713,6.05505e-006,2.62892,0.401053,-0.00143552,2.37647
1.27977,371.713,6.23853e-006,2.53298,0.39881,-0.244539,2.52365
1.27977,371.713,6.42202e-006,2.42705,0.394265,-0.495404,2.67
1.27977,371.713,6.6055e-006,2.31154,0.387359,-0.752722,2.81468
1.27977,371.713,6.78899e-006,2.18691,0.378046,-1.01513,2.95683
1.27977,371.713,6.97248e-006,2.05364,0.366291,-1.28124,3.09556
1.27977,371.713,7.15596e-006,1.91227,0.352075,-1.54958,3.22998
1.27977,371.713,7.33945e-006,1.76336,0.33539,-1.8187,3.35918
1.27977,371.713,7.52294e-006,1.60748,0.316242,-2.08709,3.48226
1.27977,371.713,7.70642e-006,1.44526,0.294653,-2.35324,3.59832
1.27977,371.713,7.88991e-006,1.27734,0.270656,-2.61563,3.70644
1.27977,371.713,8.07339e-006,1.10437,0.244301,-2.87273,3.80577
1.27977,371.713,8.25688e-006,0.927051,0.215649,-3.12302,3.89542
1.27977,371.713,8.44037e-006,0.74607,0.184778,-3.365,3.97456
1.27977,371.713,8.62385e-006,0.562144,0.151776,-3.59719,4.04237
1.27977,371.713,8.80734e-006,0.376,0.116747,-3.81814,4.09806
1.27977,371.713,8.99083e-006,0.188372,0.0798072,-4.02644,4.14091
1.27977,371.713,9.17431e-006,1.69965e-015,0.0410851,-4.22071,4.17019
1.27977,371.713,9.3578e-006,-0.188372,0.000721336,-4.39965,4.18527
1.27977,371.713,9.54128e-006,-0.376,-0.0411318,-4.56199,4.18553
1.27977,371.713,9.72477e-006,-0.562144,-0.0843111,-4.70655,4.17044
1.27977,371.713,9.90826e-006,-0.74607,-0.128643,-4.8322,4.1395
1.27977,371.713,1.00917e-005,-0.927051,-0.173945,-4.93791,4.09229
1.27977,371.713,1.02752e-005,-1.10437,-0.220025,-5.02272,4.02846
1.27977,371.713,1.04587e-005,-1.27734,-0.266684,-5.08577,3.94772
1.27977,371.713,1.06422e-005,-1.44526,-0.313714,-5.12629,3.84985
1.27977,371.713,1.08257e-005,-1.60748,-0.360903,-5.14362,3.73473
1.27977,371.713,1.10092e-005,-1.76336,-0.408033,-5.13718,3.60228
1.27977,371.713,1.11927e-005,-1.91227,-0.454882,-5.10652,3.45255
1.27977,371.713,1.13761e-005,-2.05364,-0.501224,-5.05131,3.28562
1.27977,371.713,1.15596e-005,-2.18691,-0.546832,-4.9713,3.10168
1.27977,371.713,1.17431e-005,-2.31154,-0.591478,-4.86639,2.90101
1.27977,371.713,1.19266e-005,-2.42705,-0.634933,-4.73658,2.68395
1.27977,371.713,1.21101e-005,-2.53298,-0.67697,-4.58201,2.45095
1.27977,371.713,1.22936e-005,-2.62892,-0.717363,-4.4029,2.20252
1.27977,371.713,1.24771e-005,-2.71448,-0.755892,-4.19964,1.93927
1.27977,371.713,1.26606e-005,-2.78933,-0.792339,-3.97271,1.66188
1.27977,371.713,1.2844e-005,-2.85317,-0.826492,-3.72271,1.37111
1.27977,371.713,1.30275e-005,-2.90575,-0.858147,-3.45037,1.06781
1.27977,371.713,1.3211e-005,-2.94686,-0.887106,-3.15653,0.752895
1.27977,371.713,1.33945e-005,-2.97634,-0.913181,-2.84213,0.427351
1.27977,371.713,1.3578e-005,-2.99408,-0.936192,-2.50825,0.0922393
1.27977,371.713,1.37615e-005,-3,-0.955972,-2.15605,-0.251318
1.27977,371.713,1.3945e-005,-2.99408,-0.972365,-1.78679,-0.602133
1.27977,371.713,1.41284e-005,-2.97634,-0.985226,-1.40185,-0.958964
1.27977,371.713,1.43119e-005,-2.94686,-0.994425,-1.00267,-1.32052
1.27977,371.713,1.44954e-005,-2.90575,-0.999845,-0.59081,-1.68544
1.27977,371.713,1.46789e-005,-2.85317,-1.00139,-0.167883,-2.05236
1.27977,371.713,1.48624e-005,-2.78933,-0.998959,0.264413,-2.41984
1.27977,371.713,1.50459e-005,-2.71448,-0.992498,0.704316,-2.78643
1.27977,371.713,1.52294e-005,-2.62892,-0.981947,1.15001,-3.15065
1.27977,371.713,1.54128e-005,-2.53298,-0.967272,1.59961,-3.511
1.27977,371.713,1.55963e-005,-2.42705,-0.948453,2.05122,-3.86596
1.27977,371.713,1.57798e-005,-2.31154,-0.925491,2.50287,-4.21401
1.27977,371.713,1.59633e-005,-2.18691,-0.898403,2.9526,-4.55364
1.27977,371.713,1.61468e-005,-2.05364,-0.867225,3.39841,-4.88333
1.27977,371.713,1.63303e-005,-1.91227,-0.832012,3.83829,-5.20158
1.27977,371.713,1.65138e-005,-1.76336,-0.792835,4.27024,-5.50691
1.27977,371.713,1.66972e-005,-1.60748,-0.749787,4.69226,-5.79786
1.27977,371.713,1.68807e-005,-1.44526,-0.702976,5.10238,-6.07301
1.27977,371.713,1.70642e-005,-1.27734,-0.65253,5.49864,-6.33098
1.27977,371.713,1.72477e-005,-1.10437,-0.598593,5.87914,-6.57044
1.27977,371.713,1.74312e-005,-0.927051,-0.541327,6.24198,-6.79011
1.27977,371.713,1.76147e-005,-0.74607,-0.480911,6.58536,-6.98876
1.27977,371.713,1.77982e-005,-0.562144,-0.417539,6.90753,-7.16524
1.27977,371.713,1.79817e-005,-0.376,-0.351422,7.20678,-7.31847
1.27977,371.713,1.81651e-005,-0.188372,-0.282784,7.48152,-7.44743
1.27977,371.713,1.83486e-005,-3.3993e-015,-0.211865,7.73021,-7.5512
1.27977,371.713,1.85321e-005,0.188372,-0.138916,7.95144,-7.62895
1.27977,371.713,1.87156e-005,0.376,-0.0642012,8.14386,-7.67993
1.27977,371.713,1.88991e-005,0.562144,0.0120032,8.30627,-7.70349
1.27977,371.713,1.90826e-005,0.74607,0.0894119,8.43755,-7.69908
1.27977,371.713,1.92661e-005,0.927051,0.16773,8.53672,-7.66627
1.27977,371.713,1.94495e-005,1.10437,0.246656,8.60291,-7.60472
1.27977,371.713,1.9633e-005,1.27734,0.32588,8.6354,-7.5142
1.27977,371.713,1.98165e-005,1.44526,0.405087,8.63358,-7.39461
1.27977,371.713,2e-005,1.60748,0.483959,8.59701,-7.24596
1.27977,371.713,2.01835e-005,1.76336,0.562173,8.52535,-7.06836
1.27977,371.713,2.0367e-005,1.91227,0.639407,8.41846,-6.86206
1.27977,371.713,2.05505e-005,2.05364,0.715336,8.27629,-6.62741
1.27977,371.713,2.07339e-005,2.18691,0.789639,8.09898,-6.3649
1.27977,371.713,2.09174e-005,2.31154,0.861995,7.8868,-6.07513
1.27977,371.713,2.11009e-005,2.42705,0.932088,7.64018,-5.7588
1.27977,371.713,2.12844e-005,2.53298,0.999608,7.35969,-5.41675
1.27977,371.713,2.14679e-005,2.62892,1.06425,7.04606,-5.04992
1.27977,371.713,2.16514e-005,2.71448,1.12572,6.70015,-4.65937
1.27977,371.713,2.18349e-005,2.78933,1.18373,6.32298,-4.24626
1.27977,371.713,2.20183e-005,2.85317,1.238,5.9157,-3.81186
1.27977,371.713,2.22018e-005,2.90575,1.28827,5.47961,-3.35755
1.27977,371.713,2.23853e-005,2.94686,1.33429,5.01614,-2.88479
1.27977,371.713,2.25688e-005,2.97634,1.37582,4.52684,-2.39514
1.27977,371.713,2.27523e-005,2.99408,1.41264,4.0134,-1.89025
1.27977,371.713,2.29358e-005,3,1.44455,3.47761,-1.37185
1.27977,371.713,2.31193e-005,2.99408,1.47135,2.92138,-0.841742
1.27977,371.713,2.33028e-005,2.97634,1.49288,2.34674,-0.301797
1.27977,371.713,2.34862e-005,2.94686,1.50899,1.75578,0.246049
1.27977,371.713,2.36697e-005,2.90575,1.51954,1.15071,0.799806
1.27977,371.713,2.38532e-005,2.85317,1.52444,0.533819,1.35744
1.27977,371.713,2.40367e-005,2.78933,1.52359,-0.0925499,1.91687
1.27977,371.713,2.42202e-005,2.71448,1.51693,-0.725978,2.47598
1.27977,371.713,2.44037e-005,2.62892,1.50442,-1.364,3.03265
1.27977,371.713,2.45872e-005,2.53298,1.48603,-2.00409,3.58474
1.27977,371.713,2.47706e-005,2.42705,1.46178,-2.64372,4.13007
1.27977,371.713,2.49541e-005,2.31154,1.43168,-3.28031,4.6665
1.27977,371.713,2.51376e-005,2.18691,1.3958,-3.91128,5.19189
1.27977,371.713,2.53211e-005,2.05364,1.3542,-4.53405,5.70411
1.27977,371.713,2.55046e-005,1.91227,1.30699,-5.14604,6.20107
1.27977,371.713,2.56881e-005,1.76336,1.25429,-5.7447,6.6807
1.27977,371.713,2.58716e-005,1.60748,1.19624,-6.3275,7.14099
1.27977,371.713,2.6055e-005,1.44526,1.13301,-6.89196,7.57997
1.27977,371.713,2.62385e-005,1.27734,1.06479,-7.43564,7.99576
1.27977,371.713,2.6422e-005,1.10437,0.9918,-7.95617,8.38651
1.27977,371.713,2.66055e-005,0.927051,0.914266,-8.45125,8.75047
1.27977,371.713,2.6789e-005,0.74607,0.832443,-8.91866,9.08598
1.27977,371.713,2.69725e-005,0.562144,0.746606,-9.35628,9.39146
1.27977,371.713,2.7156e-005,0.376,0.657045,-9.76207,9.66545
1.27977,371.713,2.73394e-005,0.188372,0.564072,-10.1341,9.90656
1.27977,371.713,2.75229e-005,1.10215e-015,0.468011,-10.4706,10.1136
1.27977,371.713,2.77064e-005,-0.188372,0.369204,-10.7699,10.2853
1.27977,371.713,2.78899e-005,-0.376,0.268007,-11.0305,10.4208
1.27977,371.713,2.80734e-005,-0.562144,0.164787,-11.2509,10.5191
1.27977,371.713,2.82569e-005,-0.74607,0.0599246,-11.43,10.5796
1.27977,371.713,2.84404e-005,-0.927051,-0.046191,-11.5666,10.6016
1.27977,371.713,2.86239e-005,-1.10437,-0.153162,-11.6598,10.5847
1.27977,371.713,2.88073e-005,-1.27734,-0.260582,-11.7088,10.5285
1.27977,371.713,2.89908e-005,-1.44526,-0.368042,-11.7131,10.4328
1.27977,371.713,2.91743e-005,-1.60748,-0.475127,-11.6723,10.2978
1.27977,371.713,2.93578e-005,-1.76336,-0.581421,-11.586,10.1234
1.27977,371.713,2.95413e-005,-1.91227,-0.686506,-11.4543,9.91004
1.27977,371.713,2.97248e-005,-2.05364,-0.789966,-11.2772,9.65811
1.27977,371.713,2.99083e-005,-2.18691,-0.891388,-11.0551,9.36822
1.27977,371.713,3.00917e-005,-2.31154,-0.990364,-10.7884,9.0411
1.27977,371.713,3.02752e-005,-2.42705,-1.08649,-10.4778,8.67767
1.27977,371.713,3.04587e-005,-2.53298,-1.17937,-10.1242,8.27895
1.27977,371.713,3.06422e-005,-2.62892,-1.26863,-9.7285,7.84616
1.27977,371.713,3.08257e-005,-2.71448,-1.35387,-9.29201,7.38061
1.27977,371.713,3.10092e-005,-2.78933,-1.43475,-8.81606,6.88377
1.27977,371.713,3.11927e-005,-2.85317,-1.51092,-8.30219,6.35726
1.27977,371.713,3.13761e-005,-2.90575,-1.58204,-7.75209,5.80279
1.27977,371.713,3.15596e-005,-2.94686,-1.6478,-7.16761,5.22223
1.27977,371.713,3.17431e-005,-2.97634,-1.7079,-6.55077,4.61753
1.27977,371.713,3.19266e-005,-2.99408,-1.76206,-5.90371,3.99078
1.27977,371.713,3.21101e-005,-3,-1.81003,-5.22872,3.34415
1.27977,371.713,3.22936e-005,-2.99408,-1.85157,-4.5282,2.67992
1.27977,371.713,3.24771e-005,-2.97634,-1.88648,-3.80469,2.00044
1.27977,371.713,3.26606e-005,-2.94686,-1.91456,-3.06082,1.30816
1.27977,371.713,3.2844e-005,-2.90575,-1.93565,-2.29934,0.605564
1.27977,371.713,3.30275e-005,-2.85317,-1.94963,-1.52308,-0.104768
1.27977,371.713,3.3211e-005,-2.78933,-1.95637,-0.734934,-0.820227
1.27977,371.713,3.33945e-005,-2.71448,-1.9558,0.0621168,-1.53816
1.27977,371.713,3.3578e-005,-2.62892,-1.94786,0.865042,-2.25589
1.27977,371.713,3.37615e-005,-2.53298,-1.93254,1.67077,-2.9707
1.27977,371.713,3.3945e-005,-2.42705,-1.90982,2.47618,-3.67989
1.27977,371.713,3.41284e-005,-2.31154,-1.87974,3.27817,-4.38074
1.27977,371.713,3.43119e-005,-2.18691,-1.84237,4.07358,-5.07055
1.27977,371.713,3.44954e-005,-2.05364,-1.79779,4.85928,-5.74665
1.27977,371.713,3.46789e-005,-1.91227,-1.74612,5.63217,-6.40639
1.27977,371.713,3.48624e-005,-1.76336,-1.6875,6.38916,-7.04717
1.27977,371.713,3.50459e-005,-1.60748,-1.62212,7.12719,-7.66644
1.27977,371.713,3.52294e-005,-1.44526,-1.55016,7.84329,-8.26171
1.27977,371.713,3.54128e-005,-1.27734,-1.47186,8.53453,-8.83058
1.27977,371.713,3.55963e-005,-1.10437,-1.38748,9.19806,-9.37071
1.27977,371.713,3.57798e-005,-0.927051,-1.29728,9.83113,-9.87987
1.27977,371.713,3.59633e-005,-0.74607,-1.20158,10.4311,-10.3559
1.27977,371.713,3.61468e-005,-0.562144,-1.10071,10.9954,-10.7969
1.27977,371.713,3.63303e-005,-0.376,-0.995006,11.5216,-11.2008
1.27977,371.713,3.65138e-005,-0.188372,-0.884846,12.0075,-11.566
1.27977,371.713,3.66972e-005,-6.7986e-015,-0.770618,12.4508,-11.8907
1.27977,371.713,3.68807e-005,0.188372,-0.652731,12.8497,-12.1735
1.27977,371.713,3.70642e-005,0.376,-0.53161,13.2022,-12.413
1.27977,371.713,3.72477e-005,0.562144,-0.407695,13.5068,-12.6081
1.27977,371.713,3.74312e-005,0.74607,-0.28144,13.7619,-12.7577
1.27977,371.713,3.76147e-005,0.927051,-0.153309,13.9662,-12.861
1.27977,371.713,3.77982e-005,1.10437,-0.0237804,14.1187,-12.9172
1.27977,371.713,3.79817e-005,1.27734,0.106663,14.2184,-12.926
1.27977,371.713,3.81651e-005,1.44526,0.237531,14.2646,-12.8868
1.27977,371.713,3.83486e-005,1.60748,0.368327,14.2568,-12.7997
1.27977,371.713,3.85321e-005,1.76336,0.498554,14.1947,-12.6645
1.27977,371.713,3.87156e-005,1.91227,0.627711,14.0782,-12.4815
1.27977,371.713,3.88991e-005,2.05364,0.755303,13.9075,-12.2512
1.27977,371.713,3.90826e-005,2.18691,0.880833,13.6828,-11.974
1.27977,371.713,3.92661e-005,2.31154,1.00381,13.4047,-11.6508
1.27977,371.713,3.94495e-005,2.42705,1.12376,13.074,-11.2824
1.27977,371.713,3.9633e-005,2.53298,1.24019,12.6916,-10.87
1.27977,371.713,3.98165e-005,2.62892,1.35266,12.2587,-10.4149
1.27977,371.713,4e-005,2.71448,1.4607,11.7767,-9.9185
1.27977,371.713,4.01835e-005,2.78933,1.56389,11.2471,-9.38247
1.27977,371.713,4.0367e-005,2.85317,1.66179,10.6717,-8.80856
1.27977,371.713,4.05505e-005,2.90575,1.75402,10.0525,-8.19873
1.27977,371.713,4.07339e-005,2.94686,1.84018,9.39157,-7.55505
1.27977,371.713,4.09174e-005,2.97634,1.91992,8.69122,-6.87976
1.27977,371.713,4.11009e-005,2.99408,1.99289,7.95392,-6.1752
1.27977,371.713,4.12844e-005,3,2.05878,7.18231,-5.44387
1.27977,371.713,4.14679e-005,2.99408,2.1173,6.37917,-4.68835
1.27977,371.713,4.16514e-005,2.97634,2.1682,5.54739,-3.91136
1.27977,371.713,4.18349e-005,2.94686,2.21123,4.69002,-3.11569
1.27977,371.713,4.20183e-005,2.90575,2.24618,3.81021,-2.30423
1.27977,371.713,4.22018e-005,2.85317,2.27289,2.91122,-1.47994
1.27977,371.713,4.23853e-005,2.78933,2.29121,1.99638,-0.645856
1.27977,371.713,4.25688e-005,2.71448,2.30101,1.06913,0.194954
1.27977,371.713,4.27523e-005,2.62892,2.30223,0.132952,1.03936
1.27977,371.713,4.29358e-005,2.53298,2.29482,-0.808613,1.88422
1.27977,371.713,4.31193e-005,2.42705,2.27874,-1.75198,2.72635
1.27977,371.713,4.33028e-005,2.31154,2.25403,-2.69356,3.56259
1.27977,371.713,4.34862e-005,2.18691,2.22073,-3.62971,4.38976
1.27977,371.713,4.36697e-005,2.05364,2.17892,-4.55685,5.2047
1.27977,371.713,4.38532e-005,1.91227,2.12873,-5.47136,6.00431
1.27977,371.713,4.40367e-005,1.76336,2.07029,-6.36968,6.78549
1.27977,371.713,4.42202e-005,1.60748,2.00379,-7.2483,7.54523
1.27977,371.713,4.44037e-005,1.44526,1.92945,-8.10377,8.28057
1.27977,371.713,4.45872e-005,1.27734,1.8475,-8.93268,8.98862
1.27977,371.713,4.47706e-005,1.10437,1.75821,-9.73175,9.6666
1.27977,371.713,4.49541e-005,0.927051,1.6619,-10.4978,10.3118
1.27977,371.713,4.51376e-005,0.74607,1.5589,-11.2277,10.9217
1.27977,371.713,4.53211e-005,0.562144,1.44955,-11.9184,11.4938
1.27977,371.713,4.55046e-005,0.376,1.33426,-12.5673,12.0257
1.27977,371.713,4.56881e-005,0.188372,1.21342,-13.1716,12.5153
1.27977,371.713,4.58716e-005,1.83691e-015,1.08747,-13.7288,12.9606
1.27977,371.713,4.6055e-005,-0.188372,0.956855,-14.2365,13.3597
1.27977,371.713,4.62385e-005,-0.376,0.822061,-14.6926,13.7108
1.27977,371.713,4.6422e-005,-0.562144,0.683574,-15.0951,14.0125
1.27977,371.713,4.66055e-005,-0.74607,0.541903,-15.4422,14.2634
1.27977,371.713,4.6789e-005,-0.927051,0.39757,-15.7323,14.4622
1.27977,371.713,4.69725e-005,-1.10437,0.25111,-15.9642,14.6081
1.27977,371.713,4.7156e-005,-1.27734,0.103068,-16.1366,14.7003
1.27977,371.713,4.73394e-005,-1.44526,-0.0460023,-16.2486,14.7381
1.27977,371.713,4.75229e-005,-1.60748,-0.19554,-16.2996,14.7212
1.27977,371.713,4.77064e-005,-1.76336,-0.344981,-16.289,14.6495
1.27977,371.713,4.78899e-005,-1.91227,-0.493758,-16.2168,14.5229
1.27977,371.713,4.80734e-005,-2.05364,-0.641306,-16.0828,14.3417
1.27977,371.713,4.82569e-005,-2.18691,-0.787061,-15.8873,14.1063
1.27977,371.713,4.84404e-005,-2.31154,-0.930463,-15.6308,13.8175
1.27977,371.713,4.86239e-005,-2.42705,-1.07096,-15.3141,13.476
1.27977,371.713,4.88073e-005,-2.53298,-1.20801,-14.9381,13.083
1.27977,371.713,4.89908e-005,-2.62892,-1.34107,-14.504,12.6397
1.27977,371.713,4.91743e-005,-2.71448,-1.46963,-14.0131,12.1476
1.27977,371.713,4.93578e-005,-2.78933,-1.59318,-13.4673,11.6083
1.27977,371.713,4.95413e-005,-2.85317,-1.71124,-12.8683,11.0236
1.27977,371.713,4.97248e-005,-2.90575,-1.82333,-12.2181,10.3956
1.27977,371.713,4.99083e-005,-2.94686,-1.92901,-11.5192,9.72654
1.27977,371.713,5.00917e-005,-2.97634,-2.02786,-10.7739,9.01864
1.27977,371.713,5.02752e-005,-2.99408,-2.11946,-9.98486,8.27447
1.27977,371.713,5.04587e-005,-3,-2.20345,-9.15501,7.49669
1.27977,371.713,5.06422e-005,-2.99408,-2.27948,-8.28732,6.68808
1.27977,371.713,5.08257e-005,-2.97634,-2.34723,-7.38494,5.85157
1.27977,371.713,5.10092e-005,-2.94686,-2.40642,-6.4512,4.9902
1.27977,371.713,5.11927e-005,-2.90575,-2.45678,-5.48953,4.10711
1.27977,371.713,5.13761e-005,-2.85317,-2.4981,-4.5035,3.20554
1.27977,371.713,5.15596e-005,-2.78933,-2.53018,-3.49677,2.28881
1.27977,371.713,5.17431e-005,-2.71448,-2.55287,-2.47311,1.3603
1.27977,371.713,5.19266e-005,-2.62892,-2.56605,-1.43635,0.423469
1.27977,371.713,5.21101e-005,-2.53298,-2.56963,-0.390406,-0.5182
1.27977,371.713,5.22936e-005,-2.42705,-2.56357,0.660777,-1.46118
1.27977,371.713,5.24771e-005,-2.31154,-2.54785,1.71321,-2.40194
1.27977,371.713,5.26606e-005,-2.18691,-2.5225,2.76288,-3.33693
1.27977,371.713,5.2844e-005,-2.05364,-2.48759,3.80579,-4.26262
1.27977,371.713,5.30275e-005,-1.91227,-2.4432,4.83793,-5.1755
1.27977,371.713,5.3211e-005,-1.76336,-2.38948,5.85534,-6.07208
1.27977,371.713,5.33945e-005,-1.60748,-2.3266,6.85408,-6.94896
1.27977,371.713,5.3578e-005,-1.44526,-2.25476,7.8303,-7.80276
1.27977,371.713,5.37615e-005,-1.27734,-2.17421,8.78018,-8.63019
1.27977,371.713,5.3945e-005,-1.10437,-2.08522,9.70003,-9.42807
1.27977,371.713,5.41284e-005,-0.927051,-1.9881,10.5862,-10.1933
1.27977,371.713,5.43119e-005,-0.74607,-1.88319,11.4353,-10.9229
1.27977,371.713,5.44954e-005,-0.562144,-1.77086,12.2439,-11.6139
1.27977,371.713,5.46789e-005,-0.376,-1.65151,13.0088,-12.2638
1.27977,371.713,5.48624e-005,-0.188372,-1.52558,13.7269,-12.8699
1.27977,371.713,5.50459e-005,-2.20429e-015,-1.39351,14.3954,-13.4297
1.27977,371.713,5.52294e-005,0.188372,-1.25579,15.0116,-13.9411
1.27977,371.713,5.54128e-005,0.376,-1.11292,15.5729,-14.4019
1.27977,371.713,5.55963e-005,0.562144,-0.965421,16.077,-14.8103
1.27977,371.713,5.57798e-005,0.74607,-0.813845,16.5218,-15.1646
1.27977,371.713,5.59633e-005,0.927051,-0.658749,16.9055,-15.4633
1.27977,371.713,5.61468e-005,1.10437,-0.500708,17.2264,-15.705
1.27977,371.713,5.63303e-005,1.27734,-0.340313,17.4831,-15.8888
1.27977,371.713,5.65138e-005,1.44526,-0.178163,17.6743,-16.0136
1.27977,371.713,5.66972e-005,1.60748,-0.0148672,17.7993,-16.079
1.27977,371.713,5.68807e-005,1.76336,0.148961,17.8572,-16.0845
1.27977,371.713,5.70642e-005,1.91227,0.312702,17.8478,-16.0298
1.27977,371.713,5.72477e-005,2.05364,0.475736,17.7708,-15.9151
1.27977,371.713,5.74312e-005,2.18691,0.637445,17.6262,-15.7405
1.27977,371.713,5.76147e-005,2.31154,0.797212,17.4146,-15.5066
1.27977,371.713,5.77982e-005,2.42705,0.954426,17.1364,-15.214
1.27977,371.713,5.79817e-005,2.53298,1.10849,16.7926,-14.8638
1.27977,371.713,5.81651e-005,2.62892,1.2588,16.3842,-14.457
1.27977,371.713,5.83486e-005,2.71448,1.40479,15.9126,-13.995
1.27977,371.713,5.85321e-005,2.78933,1.54588,15.3796,-13.4795
1.27977,371.713,5.87156e-005,2.85317,1.68154,14.7868,-12.9122
1.27977,371.713,5.88991e-005,2.90575,1.81124,14.1364,-12.2951
1.27977,371.713,5.90826e-005,2.94686,1.93445,13.4308,-11.6305
1.27977,371.713,5.92661e-005,2.97634,2.05071,12.6723,-10.9206
1.27977,371.713,5.94495e-005,2.99408,2.15956,11.8639,-10.168
1.27977,371.713,5.9633e-005,3,2.26055,11.0085,-9.37551
1.27977,371.713,5.98165e-005,2.99408,2.3533,10.109,-8.54595
1.27977,371.713,6e-005,2.97634,2.43741,9.169,-7.68236
1.27977,371.713,6.01835e-005,2.94686,2.51257,8.1918,-6.78789
1.27977,371.713,6.0367e-005,2.90575,2.57845,7.18107,-5.86585
1.27977,371.713,6.05505e-005,2.85317,2.63479,6.14057,-4.91963
1.27977,371.713,6.07339e-005,2.78933,2.68134,5.07417,-3.95273
1.27977,371.713,6.09174e-005,2.71448,2.71791,3.98588,-2.96876
1.27977,371.713,6.11009e-005,2.62892,2.74433,2.87977,-1.97136
1.27977,371.713,6.12844e-005,2.53298,2.76047,1.76002,-0.964269
1.27977,371.713,6.14679e-005,2.42705,2.76626,0.630848,0.048748
1.27977,371.713,6.16514e-005,2.31154,2.76164,-0.503468,1.06389
1.27977,371.713,6.18349e-005,2.18691,2.74661,-1.63862,2.07734
1.27977,371.713,6.20183e-005,2.05364,2.72119,-2.7703,3.08526
1.27977,371.713,6.22018e-005,1.91227,2.68547,-3.89418,4.08387
1.27977,371.713,6.23853e-005,1.76336,2.63954,-5.00598,5.06936
1.27977,371.713,6.25688e-005,1.60748,2.58356,-6.10142,6.038
1.27977,371.713,6.27523e-005,1.44526,2.51773,-7.1763,6.98609
1.27977,371.713,6.29358e-005,1.27734,2.44225,-8.22648,7.91003
1.27977,371.713,6.31193e-005,1.10437,2.35741,-9.24791,8.80627
1.27977,371.713,6.33028e-005,0.927051,2.2635,-10.2366,9.67137
1.27977,371.713,6.34862e-005,0.74607,2.16085,-11.1888,10.502
1.27977,371.713,6.36697e-005,0.562144,2.04983,-12.1007,11.295
1.27977,371.713,6.38532e-005,0.376,1.93085,-12.9688,12.0472
1.27977,371.713,6.40367e-005,0.188372,1.80434,-13.7897,12.7558
1.27977,371.713,6.42202e-005,-8.08647e-015,1.67076,-14.5601,13.4179
1.27977,371.713,6.44037e-005,-0.188372,1.5306,-15.2771,14.0311
1.27977,371.713,6.45872e-005,-0.376,1.38439,-15.9377,14.5927
1.27977,371.713,6.47706e-005,-0.562144,1.23265,-16.5393,15.1008
1.27977,371.713,6.49541e-005,-0.74607,1.07596,-17.0795,15.5531
1.27977,371.713,6.51376e-005,-0.927051,0.914892,-17.5561,15.948
1.27977,371.713,6.53211e-005,-1.10437,0.750055,-17.9672,16.2837
1.27977,371.713,6.55046e-005,-1.27734,0.582063,-18.3111,16.559
1.27977,371.713,6.56881e-005,-1.44526,0.411547,-18.5863,16.7726
1.27977,371.713,6.58716e-005,-1.60748,0.239147,-18.7916,16.9236
1.27977,371.713,6.6055e-005,-1.76336,0.0655134,-18.9261,17.0113
1.27977,371.713,6.62385e-005,-1.91227,-0.108699,-18.9891,17.0354
1.27977,371.713,6.6422e-005,-2.05364,-0.28283,-18.9803,16.9955
1.27977,371.713,6.66055e-005,-2.18691,-0.456221,-18.8996,16.8917
1.27977,371.713,6.6789e-005,-2.31154,-0.628212,-18.747,16.7243
1.27977,371.713,6.69725e-005,-2.42705,-0.798149,-18.5231,16.4938
1.27977,371.713,6.7156e-005,-2.53298,-0.965384,-18.2286,16.2009
1.27977,371.713,6.73394e-005,-2.62892,-1.12928,-17.8644,15.8466
1.27977,371.713,6.75229e-005,-2.71448,-1.2892,-17.4318,15.4322
1.27977,371.713,6.77064e-005,-2.78933,-1.44454,-16.9323,14.9591
1.27977,371.713,6.78899e-005,-2.85317,-1.59471,-16.3677,14.429
1.27977,371.713,6.80734e-005,-2.90575,-1.73911,-15.74,13.8437
1.27977,371.713,6.82569e-005,-2.94686,-1.8772,-15.0515,13.2055
1.27977,371.713,6.84404e-005,-2.97634,-2.00843,-14.3047,12.5167
1.27977,371.713,6.86239e-005,-2.99408,-2.13231,-13.5023,11.7796
1.27977,371.713,6.88073e-005,-3,-2.24834,-12.6473,10.9971
1.27977,371.713,6.89908e-005,-2.99408,-2.35607,-11.7429,10.172
1.27977,371.713,6.91743e-005,-2.97634,-2.45508,-10.7923,9.30743
1.27977,371.713,6.93578e-005,-2.94686,-2.54498,-9.79921,8.40648
1.27977,371.713,6.95413e-005,-2.90575,-2.62542,-8.76725,7.47255
1.27977,371.713,6.97248e-005,-2.85317,-2.69606,-7.7003,6.50909
1.27977,371.713,6.99083e-005,-2.78933,-2.75663,-6.60236,5.51971
1.27977,371.713,7.00917e-005,-2.71448,-2.80689,-5.47756,4.5081
1.27977,371.713,7.02752e-005,-2.62892,-2.84661,-4.33013,3.47805
1.27977,371.713,7.04587e-005,-2.53298,-2.87564,-3.16442,2.43342
1.27977,371.713,7.06422e-005,-2.42705,-2.89385,-1.98483,1.37814
1.27977,371.713,7.08257e-005,-2.31154,-2.90115,-0.795827,0.316176
1.27977,371.713,7.10092e-005,-2.18691,-2.8975,0.398073,-0.748468
1.27977,371.713,7.11927e-005,-2.05364,-2.88289,1.59233,-1.81177
1.27977,371.713,7.13761e-005,-1.91227,-2.85737,2.78239,-2.86971
1.27977,371.713,7.15596e-005,-1.76336,-2.821,3.96373,-3.91829
1.27977,371.713,7.17431e-005,-1.60748,-2.77392,5.13181,-4.95352
1.27977,371.713,7.19266e-005,-1.44526,-2.71629,6.28218,-5.97147
1.27977,371.713,7.21101e-005,-1.27734,-2.6483,7.41042,-6.96828
1.27977,371.713,7.22936e-005,-1.10437,-2.57021,8.5122,-7.94013
1.27977,371.713,7.24771e-005,-0.927051,-2.48229,9.58329,-8.88333
1.27977,371.713,7.26606e-005,-0.74607,-2.38486,10.6195,-9.79426
1.27977,371.713,7.2844e-005,-0.562144,-2.27828,11.617,-10.6694
1.27977,371.713,7.30275e-005,-0.376,-2.16295,12.5717,-11.5055
1.27977,371.713,7.3211e-005,-0.188372,-2.03928,13.4801,-12.2992
1.27977,371.713,7.33945e-005,-1.35972e-014,-1.90773,14.3385,-13.0476
1.27977,371.713,7.3578e-005,0.188372,-1.7688,15.1437,-13.7477
1.27977,371.713,7.37615e-005,0.376,-1.62299,15.8925,-14.3968
1.27977,371.713,7.3945e-005,0.562144,-1.47087,16.5819,-14.9924
1.27977,371.713,7.41284e-005,0.74607,-1.31298,17.2093,-15.5321
1.27977,371.713,7.43119e-005,0.927051,-1.14994,17.7722,-16.014
1.27977,371.713,7.44954e-005,1.10437,-0.982337,18.2683,-16.436
1.27977,371.713,7.46789e-005,1.27734,-0.810817,18.6956,-16.7965
1.27977,371.713,7.48624e-005,1.44526,-0.636023,19.0525,-17.094
1.27977,371.713,7.50459e-005,1.60748,-0.458614,19.3375,-17.3274
1.27977,371.713,7.52294e-005,1.76336,-0.279262,19.5494,-17.4957
1.27977,371.713,7.54128e-005,1.91227,-0.0986454,19.6872,-17.5982
1.27977,371.713,7.55963e-005,2.05364,0.0825517,19.7505,-17.6344
1.27977,371.713,7.57798e-005,2.18691,0.263641,19.7387,-17.6041
1.27977,371.713,7.59633e-005,2.31154,0.443935,19.652,-17.5074
1.27977,371.713,7.61468e-005,2.42705,0.622746,19.4905,-17.3444
1.27977,371.713,7.63303e-005,2.53298,0.799395,19.2547,-17.1159
1.27977,371.713,7.65138e-005,2.62892,0.973206,18.9454,-16.8226
1.27977,371.713,7.66972e-005,2.71448,1.14352,18.5638,-16.4654
1.27977,371.713,7.68807e-005,2.78933,1.30967,18.1112,-16.0458
1.27977,371.713,7.70642e-005,2.85317,1.47104,17.5893,-15.5652
1.27977,371.713,7.72477e-005,2.90575,1.62701,16.9999,-15.0253
1.27977,371.713,7.74312e-005,2.94686,1.77696,16.3452,-14.4283
1.27977,371.713,7.76147e-005,2.97634,1.92033,15.6276,-13.7762
1.27977,371.713,7.77982e-005,2.99408,2.05657,14.8499,-13.0715
1.27977,371.713,7.79817e-005,3,2.18515,14.0149,-12.3167
1.27977,371.713,7.81651e-005,2.99408,2.30557,13.1257,-11.5149
1.27977,371.713,7.83486e-005,2.97634,2.41736,12.1856,-10.6688
1.27977,371.713,7.85321e-005,2.94686,2.5201,11.1983,-9.78167
1.27977,371.713,7.87156e-005,2.90575,2.61338,10.1673,-8.85687
1.27977,371.713,7.88991e-005,2.85317,2.69683,9.09666,-7.89783
1.27977,371.713,7.90826e-005,2.78933,2.77014,7.99032,-6.90816
1.27977,371.713,7.92661e-005,2.71448,2.83301,6.85251,-5.8916
1.27977,371.713,7.94495e-005,2.62892,2.88519,5.68751,-4.85196
1.27977,371.713,7.9633e-005,2.53298,2.92647,4.49976,-3.79318
1.27977,371.713,7.98165e-005,2.42705,2.95669,3.29376,-2.71925
1.27977,371.713,8e-005,2.31154,2.97571,2.0741,-1.63423
1.27977,371.713,8.01835e-005,2.18691,2.98347,0.845418,-0.542221
1.27977,371.713,8.0367e-005,2.05364,2.97991,-0.387608,0.55263
1.27977,371.713,8.05505e-005,1.91227,2.96505,-1.62027,1.64618
1.27977,371.713,8.07339e-005,1.76336,2.93892,-2.84787,2.73427
1.27977,371.713,8.09174e-005,1.60748,2.90162,-4.06571,3.81277
1.27977,371.713,8.11009e-005,1.44526,2.85328,-5.26913,4.87759
1.27977,371.713,8.12844e-005,1.27734,2.79407,-6.45353,5.92466
1.27977,371.713,8.14679e-005,1.10437,2.72422,-7.61436,6.95001
1.27977,371.713,8.16514e-005,0.927051,2.64397,-8.74718,7.94972
1.27977,371.713,8.18349e-005,0.74607,2.55362,-9.84762,8.91999
1.27977,371.713,8.20183e-005,0.562144,2.45352,-10.9115,9.8571
1.27977,371.713,8.22018e-005,0.376,2.34403,-11.9346,10.7575
1.27977,371.713,8.23853e-005,0.188372,2.22556,-12.9131,11.6177
1.27977,371.713,8.25688e-005,3.30644e-015,2.09856,-13.8432,12.4344
1.27977,371.713,8.27523e-005,-0.188372,1.9635,-14.7213,13.2045
1.27977,371.713,8.29358e-005,-0.376,1.82089,-15.544,13.925
1.27977,371.713,8.31193e-005,-0.562144,1.67128,-16.3081,14.5933
1.27977,371.713,8.33028e-005,-0.74607,1.51522,-17.0106,15.2066
1.27977,371.713,8.34862e-005,-0.927051,1.3533,-17.6488,15.7626
1.27977,371.713,8.36697e-005,-1.10437,1.18614,-18.2203,16.2592
1.27977,371.713,8.38532e-005,-1.27734,1.01437,-18.7227,16.6945
1.27977,371.713,8.40367e-005,-1.44526,0.838647,-19.1542,17.0668
1.27977,371.713,8.42202e-005,-1.60748,0.65963,-19.5129,17.3745
1.27977,371.713,8.44037e-005,-1.76336,0.478001,-19.7975,17.6166
1.27977,371.713,8.45872e-005,-1.91227,0.294452,-20.0069,17.792
1.27977,371.713,8.47706e-005,-2.05364,0.10968,-20.1401,17.9001
1.27977,371.713,8.49541e-005,-2.18691,-0.0756101,-20.1966,17.9403
1.27977,371.713,8.51376e-005,-2.31154,-0.260713,-20.1762,17.9126
1.27977,371.713,8.53211e-005,-2.42705,-0.444923,-20.0789,17.8169
1.27977,371.713,8.55046e-005,-2.53298,-0.627538,-19.905,17.6536
1.27977,371.713,8.56881e-005,-2.62892,-0.807859,-19.655,17.4233
1.27977,371.713,8.58716e-005,-2.71448,-0.985198,-19.33,17.1269
1.27977,371.713,8.6055e-005,-2.78933,-1.15888,-18.931,16.7653
1.27977,371.713,8.62385e-005,-2.85317,-1.32823,-18.4596,16.34
1.27977,371.713,8.6422e-005,-2.90575,-1.49261,-17.9176,15.8526
1.27977,371.713,8.66055e-005,-2.94686,-1.65139,-17.3069,15.3049
1.27977,371.713,8.6789e-005,-2.97634,-1.80396,-16.6298,14.6989
1.27977,371.713,8.69725e-005,-2.99408,-1.94973,-15.889,14.0369
1.27977,371.713,8.7156e-005,-3,-2.08814,-15.0871,13.3214
1.27977,371.713,8.73394e-005,-2.99408,-2.21867,-14.2273,12.5551
1.27977,371.713,8.75229e-005,-2.97634,-2.3408,-13.3127,11.7409
1.27977,371.713,8.77064e-005,-2.94686,-2.45408,-12.3469,10.8819
1.27977,371.713,8.78899e-005,-2.90575,-2.55806,-11.3335,9.98129
1.27977,371.713,8.80734e-005,-2.85317,-2.65233,-10.2764,9.04256
1.27977,371.713,8.82569e-005,-2.78933,-2.73655,-9.17955,8.06922
1.27977,371.713,8.84404e-005,-2.71448,-2.81038,-8.04715,7.06498
1.27977,371.713,8.86239e-005,-2.62892,-2.87353,-6.88353,6.03365
1.27977,371.713,8.88073e-005,-2.53298,-2.92576,-5.69311,4.97915
1.27977,371.713,8.89908e-005,-2.42705,-2.96686,-4.48044,3.90547
1.27977,371.713,8.91743e-005,-2.31154,-2.99668,-3.25015,2.81671
1.27977,371.713,8.93578e-005,-2.18691,-3.01509,-2.00694,1.71701
1.27977,371.713,8.95413e-005,-2.05364,-3.02203,-0.755561,0.610558
1.27977,371.713,8.97248e-005,-1.91227,-3.01745,0.499197,-0.498443
1.27977,371.713,8.99083e-005,-1.76336,-3.00137,1.75253,-1.60576
1.27977,371.713,9.00917e-005,-1.60748,-2.97385,2.99965,-2.70718
1.27977,371.713,9.02752e-005,-1.44526,-2.93499,4.23577,-3.7985
1.27977,371.713,9.04587e-005,-1.27734,-2.88493,5.45615,-4.87556
1.27977,371.713,9.06422e-005,-1.10437,-2.82387,6.65612,-5.93425
1.27977,371.713,9.08257e-005,-0.927051,-2.75202,7.83107,-6.97054
1.27977,371.713,9.10092e-005,-0.74607,-2.66967,8.97649,-7.98045
1.27977,371.713,9.11927e-005,-0.562144,-2.57712,10.088,-8.96015
1.27977,371.713,9.13761e-005,-0.376,-2.47472,11.1613,-9.90588
1.27977,371.713,9.15596e-005,-0.188372,-2.36287,12.1922,-10.814
1.27977,371.713,9.17431e-005,-3.67382e-015,-2.24198,13.1769,-11.6811
1.27977,371.713,9.19266e-005,0.188372,-2.11251,14.1115,-12.5039
1.27977,371.713,9.21101e-005,0.376,-1.97497,14.9924,-13.2791
1.27977,371.713,9.22936e-005,0.562144,-1.82987,15.8162,-14.0039
1.27977,371.713,9.24771e-005,0.74607,-1.67776,16.5798,-14.6754
1.27977,371.713,9.26606e-005,0.927051,-1.51922,17.2802,-15.2911
1.27977,371.713,9.2844e-005,1.10437,-1.35487,17.9147,-15.8486
1.27977,371.713,9.30275e-005,1.27734,-1.18532,18.4808,-16.3458
1.27977,371.713,9.3211e-005,1.44526,-1.01123,18.9764,-16.7808
1.27977,371.713,9.33945e-005,1.60748,-0.833249,19.3995,-17.1519
1.27977,371.713,9.3578e-005,1.76336,-0.65207,19.7485,-17.4576
1.27977,371.713,9.37615e-005,1.91227,-0.468382,20.022,-17.6969
1.27977,371.713,9.3945e-005,2.05364,-0.282887,20.219,-17.8688
1.27977,371.713,9.41284e-005,2.18691,-0.0962942,20.3386,-17.9726
1.27977,371.713,9.43119e-005,2.31154,0.0906826,20.3805,-18.008
1.27977,371.713,9.44954e-005,2.42705,0.277328,20.3443,-17.9747
1.27977,371.713,9.46789e-005,2.53298,0.462927,20.2303,-17.8729
1.27977,371.713,9.48624e-005,2.62892,0.646771,20.0389,-17.703
1.27977,371.713,9.50459e-005,2.71448,0.828154,19.7707,-17.4657
1.27977,371.713,9.52294e-005,2.78933,1.00638,19.4269,-17.1618
1.27977,371.713,9.54128e-005,2.85317,1.18077,19.0086,-16.7925
1.27977,371.713,9.55963e-005,2.90575,1.35066,18.5174,-16.3592
1.27977,371.713,9.57798e-005,2.94686,1.51539,17.9554,-15.8635
1.27977,371.713,9.59633e-005,2.97634,1.67433,17.3245,-15.3074
1.27977,371.713,9.61468e-005,2.99408,1.82687,16.6272,-14.693
1.27977,371.713,9.63303e-005,3,1.97243,15.8661,-14.0226
1.27977,371.713,9.65138e-005,2.99408,2.11045,15.0442,-13.2987
1.27977,371.713,9.66972e-005,2.97634,2.2404,14.1646,-12.5243
1.27977,371.713,9.68807e-005,2.94686,2.36178,13.2307,-11.7021
1.27977,371.713,9.70642e-005,2.90575,2.47413,12.2461,-10.8354
1.27977,371.713,9.72477e-005,2.85317,2.57702,11.2144,-9.92744
1.27977,371.713,9.74312e-005,2.78933,2.67004,10.1398,-8.98175
1.27977,371.713,9.76147e-005,2.71448,2.75285,9.02619,-8.00191
1.27977,371.713,9.77982e-005,2.62892,2.82513,7.87798,-6.99169
1.27977,371.713,9.79817e-005,2.53298,2.88659,6.69955,-5.95495
1.27977,371.713,9.81651e-005,2.42705,2.93701,5.49541,-4.89565
1.27977,371.713,9.83486e-005,2.31154,2.97618,4.27019,-3.81785
1.27977,371.713,9.85321e-005,2.18691,3.00397,3.02858,-2.72568
1.27977,371.713,9.87156e-005,2.05364,3.02025,1.77535,-1.6233
1.27977,371.713,9.88991e-005,1.91227,3.02498,0.51532,-0.514952
1.27977,371.713,9.90826e-005,1.76336,3.01813,-0.746674,0.595133
1.27977,371.713,9.92661e-005,1.60748,2.99973,-2.00578,1.7027
1.27977,371.713,9.94495e-005,1.44526,2.96985,-3.25717,2.80352
1.27977,371.713,9.9633e-005,1.27734,2.9286,-4.49603,3.89337
1.27977,371.713,9.98165e-005,1.10437,2.87614,-5.7176,4.96809
1.27977,371.713,0.0001,0.927051,2.81268,-6.91718,6.02356
1.27977,371.713,0.000100183,0.74607,2.73846,-8.09017,7.05573
1.27977,371.713,0.000100367,0.562144,2.65376,-9.23205,8.06067
1.27977,371.713,0.00010055,0.376,2.55892,-10.3384,9.03453
1.27977,371.713,0.000100734,0.188372,2.45428,-11.4051,9.97358
1.27977,371.713,0.000100917,-6.61694e-015,2.34027,-12.4279,10.8742
1.27977,371.713,0.000101101,-0.188372,2.2173,-13.4029,11.7331
1.27977,371.713,0.000101284,-0.376,2.08587,-14.3264,12.5467
1.27977,371.713,0.000101468,-0.562144,1.94647,-15.1948,13.3122
1.27977,371.713,0.000101651,-0.74607,1.79964,-16.0047,14.0265
1.27977,371.713,0.000101835,-0.927051,1.64594,-16.7532,14.6869
1.27977,371.713,0.000102018,-1.10437,1.48596,-17.4372,15.2909
1.27977,371.713,0.000102202,-1.27734,1.32033,-18.0542,15.8362
1.27977,371.713,0.000102385,-1.44526,1.14967,-18.6018,16.3208
1.27977,371.713,0.000102569,-1.60748,0.974641,-19.0779,16.7427
1.27977,371.713,0.000102752,-1.76336,0.79592,-19.4807,17.1003
1.27977,371.713,0.000102936,-1.91227,0.61419,-19.8085,17.3924
1.27977,371.713,0.000103119,-2.05364,0.430151,-20.0602,17.6178
1.27977,371.713,0.000103303,-2.18691,0.24451,-20.2349,17.7756
1.27977,371.713,0.000103486,-2.31154,0.0579811,-20.3317,17.8654
1.27977,371.713,0.00010367,-2.42705,-0.12872,-20.3504,17.8867
1.27977,371.713,0.000103853,-2.53298,-0.314875,-20.2909,17.8394
1.27977,371.713,0.000104037,-2.62892,-0.499769,-20.1535,17.7239
1.27977,371.713,0.00010422,-2.71448,-0.682692,-19.9386,17.5405
1.27977,371.713,0.000104404,-2.78933,-0.862941,-19.6471,17.2899
1.27977,371.713,0.000104587,-2.85317,-1.03982,-19.2802,16.9733
1.27977,371.713,0.000104771,-2.90575,-1.21266,-18.8392,16.5917
1.27977,371.713,0.000104954,-2.94686,-1.38079,-18.3259,16.1467
1.27977,371.713,0.000105138,-2.97634,-1.54356,-17.7422,15.6399
1.27977,371.713,0.000105321,-2.99408,-1.70035,-17.0905,15.0735
1.27977,371.713,0.000105505,-3,-1.85057,-16.3732,14.4495
1.27977,371.713,0.000105688,-2.99408,-1.99362,-15.593,13.7704
1.27977,371.713,0.000105872,-2.97634,-2.12897,-14.7531,13.0388
1.27977,371.713,0.000106055,-2.94686,-2.2561,-13.8567,12.2575
1.27977,371.713,0.000106239,-2.90575,-2.37451,-12.9072,11.4296
1.27977,371.713,0.000106422,-2.85317,-2.48376,-11.9083,10.5582
1.27977,371.713,0.000106606,-2.78933,-2.58343,-10.8638,9.64676
1.27977,371.713,0.000106789,-2.71448,-2.67313,-9.77781,8.69871
1.27977,371.713,0.000106972,-2.62892,-2.75253,-8.6545,7.71775
1.27977,371.713,0.000107156,-2.53298,-2.82132,-7.4982,6.70764
1.27977,371.713,0.000107339,-2.42705,-2.87924,-6.31337,5.6723
1.27977,371.713,0.000107523,-2.31154,-2.92608,-5.10459,4.61569
1.27977,371.713,0.000107706,-2.18691,-2.96164,-3.87652,3.5419
1.27977,371.713,0.00010789,-2.05364,-2.9858,-2.63391,2.45506
1.27977,371.713,0.000108073,-1.91227,-2.99848,-1.38153,1.35936
1.27977,371.713,0.000108257,-1.76336,-2.99962,-0.124233,0.258997
1.27977,371.713,0.00010844,-1.60748,-2.98922,1.13314,-0.841781
1.27977,371.713,0.000108624,-1.44526,-2.96734,2.38574,-1.93874
1.27977,371.713,0.000108807,-1.27734,-2.93404,3.62874,-3.02767
1.27977,371.713,0.000108991,-1.10437,-2.88948,4.85734,-4.10439
1.27977,371.713,0.000109174,-0.927051,-2.83382,6.06682,-5.16475
1.27977,371.713,0.000109358,-0.74607,-2.76729,7.2525,-6.20468
1.27977,371.713,0.000109541,-0.562144,-2.69013,8.40982,-7.2202
1.27977,371.713,0.000109725,-0.376,-2.60266,9.53433,-8.2074
1.27977,371.713,0.000109908,-0.188372,-2.50521,10.6217,-9.16251
1.27977,371.713,0.00100917,-1.46993e-013,-2.11052,9.4678,-8.0768
1.27977,371.713,0.00100936,0.188372,-2.01533,10.3757,-8.8513
1.27977,371.713,0.00100954,0.376,-1.91219,11.2426,-9.59088
1.27977,371.713,0.00100972,0.562144,-1.8015,12.0652,-10.2926
1.27977,371.713,0.00100991,0.74607,-1.6837,12.8402,-10.9537
1.27977,371.713,0.00101009,0.927051,-1.55925,13.5644,-11.5716
1.27977,371.713,0.00101028,1.10437,-1.42865,14.2352,-12.1438
1.27977,371.713,0.00101046,1.27734,-1.29242,14.8498,-12.668
1.27977,371.713,0.00101064,1.44526,-1.15108,15.4057,-13.1423
1.27977,371.713,0.00101083,1.60748,-1.0052,15.9009,-13.5647
1.27977,371.713,0.00101101,1.76336,-0.855355,16.3333,-13.9336
1.27977,371.713,0.00101119,1.91227,-0.702132,16.7013,-14.2475
1.27977,371.713,0.00101138,2.05364,-0.546139,17.0033,-14.5052
1.27977,371.713,0.00101156,2.18691,-0.38799,17.2382,-14.7056
1.27977,371.713,0.00101174,2.31154,-0.22831,17.4051,-14.848
1.27977,371.713,0.00101193,2.42705,-0.0677289,17.5033,-14.9318
1.27977,371.713,0.00101211,2.53298,0.0931195,17.5325,-14.9566
1.27977,371.713,0.00101229,2.62892,0.2536,17.4924,-14.9224
1.27977,371.713,0.00101248,2.71448,0.41308,17.3833,-14.8294
1.27977,371.713,0.00101266,2.78933,0.57093,17.2056,-14.6778
1.27977,371.713,0.00101284,2.85317,0.726527,16.96,-14.4683
1.27977,371.713,0.00101303,2.90575,0.879256,16.6475,-14.2017
1.27977,371.713,0.00101321,2.94686,1.02852,16.2693,-13.879
1.27977,371.713,0.00101339,2.97634,1.17372,15.8268,-13.5016
1.27977,371.713,0.00101358,2.99408,1.31428,15.3219,-13.0708
1.27977,371.713,0.00101376,3,1.44967,14.7566,-12.5885
1.27977,371.713,0.00101394,2.99408,1.57933,14.1329,-12.0565
1.27977,371.713,0.00101413,2.97634,1.70275,13.4536,-11.477
1.27977,371.713,0.00101431,2.94686,1.81946,12.7211,-10.8521
1.27977,371.713,0.0010145,2.90575,1.92899,11.9384,-10.1844
1.27977,371.713,0.00101468,2.85317,2.0309,11.1086,-9.47654
1.27977,371.713,0.00101486,2.78933,2.1248,10.235,-8.73125
1.27977,371.713,0.00101505,2.71448,2.21031,9.32094,-7.95151
1.27977,371.713,0.00101523,2.62892,2.2871,8.37012,-7.14039
1.27977,371.713,0.00101541,2.53298,2.35487,7.38627,-6.30108
1.27977,371.713,0.0010156,2.42705,2.41334,6.37327,-5.43691
1.27977,371.713,0.00101578,2.31154,2.46228,5.33512,-4.55128
1.27977,371.713,0.00101596,2.18691,2.50151,4.27591,-3.64769
1.27977,371.713,0.00101615,2.05364,2.53087,3.19982,-2.72971
1.27977,371.713,0.00101633,1.91227,2.55024,2.11111,-1.80095
1.27977,371.713,0.00101651,1.76336,2.55954,1.01407,-0.865084
1.27977,371.713,0.0010167,1.60748,2.55874,-0.086974,0.0741961
1.27977,371.713,0.00101688,1.44526,2.54784,-1.18768,1.01318
1.27977,371.713,0.00101706,1.27734,2.52689,-2.28369,1.94817
1.27977,371.713,0.00101725,1.10437,2.49597,-3.37069,2.87547
1.27977,371.713,0.00101743,0.927051,2.4552,-4.44439,3.79142
1.27977,371.713,0.00101761,0.74607,2.40473,-5.50055,4.69241
1.27977,371.713,0.0010178,0.562144,2.34478,-6.535,5.57488
1.27977,371.713,0.00101798,0.376,2.27557,-7.54366,6.43535
1.27977,371.713,0.00101817,0.188372,2.19738,-8.52255,7.27042
1.27977,371.713,0.00101835,1.79335e-013,2.11052,-9.4678,8.0768
1.27977,371.713,0.00101853,-0.188372,2.01533,-10.3757,8.8513
1.27977,371.713,0.00101872,-0.376,1.91219,-11.2426,9.59088
1.27977,371.713,0.0010189,-0.562144,1.8015,-12.0652,10.2926
1.27977,371.713,0.00101908,-0.74607,1.6837,-12.8402,10.9537
1.27977,371.713,0.00101927,-0.927051,1.55925,-13.5644,11.5716
1.27977,371.713,0.00101945,-1.10437,1.42865,-14.2352,12.1438
1.27977,371.713,0.00101963,-1.27734,1.29242,-14.8498,12.668
1.27977,371.713,0.00101982,-1.44526,1.15108,-15.4057,13.1423
1.27977,371.713,0.00102,-1.60748,1.0052,-15.9009,13.5647
1.27977,371.713,0.00102018,-1.76336,0.855355,-16.3333,13.9336
1.27977,371.713,0.00102037,-1.91227,0.702132,-16.7013,14.2475
1.27977,371.713,0.00102055,-2.05364,0.546139,-17.0033,14.5052
1.27977,371.713,0.00102073,-2.18691,0.38799,-17.2382,14.7056
1.27977,371.713,0.00102092,-2.31154,0.22831,-17.4051,14.848
1.27977,371.713,0.0010211,-2.42705,0.067729,-17.5033,14.9318
1.27977,371.713,0.00102128,-2.53298,-0.0931194,-17.5325,14.9566
1.27977,371.713,0.00102147,-2.62892,-0.2536,-17.4924,14.9224
1.27977,371.713,0.00102165,-2.71448,-0.41308,-17.3833,14.8294
1.27977,371.713,0.00102183,-2.78933,-0.57093,-17.2056,14.6778
1.27977,371.713,0.00102202,-2.85317,-0.726527,-16.96,14.4683
1.27977,371.713,0.0010222,-2.90575,-0.879256,-16.6475,14.2017
1.27977,371.713,0.00102239,-2.94686,-1.02852,-16.2693,13.879
1.27977,371.713,0.00102257,-2.97634,-1.17372,-15.8268,13.5016
1.27977,371.713,0.00102275,-2.99408,-1.31428,-15.3219,13.0708
1.27977,371.713,0.00102294,-3,-1.44967,-14.7566,12.5885
1.27977,371.713,0.00102312,-2.99408,-1.57933,-14.1329,12.0565
1.27977,371.713,0.0010233,-2.97634,-1.70275,-13.4536,11.477
1.27977,371.713,0.00102349,-2.94686,-1.81946,-12.7211,10.8521
1.27977,371.713,0.00102367,-2.90575,-1.92899,-11.9384,10.1844
1.27977,371.713,0.00102385,-2.85317,-2.0309,-11.1086,9.47654
1.27977,371.713,0.00102404,-2.78933,-2.1248,-10.235,8.73125
1.27977,371.713,0.00102422,-2.71448,-2.21031,-9.32094,7.95151
1.27977,371.713,0.0010244,-2.62892,-2.2871,-8.37012,7.14039
1.27977,371.713,0.00102459,-2.53298,-2.35487,-7.38627,6.30108
1.27977,371.713,0.00102477,-2.42705,-2.41334,-6.37327,5.43691
1.27977,371.713,0.00102495,-2.31154,-2.46228,-5.33512,4.55128
1.27977,371.713,0.00102514,-2.18691,-2.50151,-4.27591,3.64769
1.27977,371.713,0.00102532,-2.05364,-2.53087,-3.19982,2.72971
1.27977,371.713,0.0010255,-1.91227,-2.55024,-2.11111,1.80095
1.27977,371.713,0.00102569,-1.76336,-2.55954,-1.01407,0.865084
1.27977,371.713,0.00102587,-1.60748,-2.55874,0.0869739,-0.0741959
1.27977,371.713,0.00102606,-1.44526,-2.54784,1.18768,-1.01318
1.27977,371.713,0.00102624,-1.27734,-2.52689,2.28369,-1.94817
1.27977,371.713,0.00102642,-1.10437,-2.49597,3.37069,-2.87547
1.27977,371.713,0.00102661,-0.927051,-2.4552,4.44439,-3.79142
1.27977,371.713,0.00102679,-0.74607,-2.40473,5.50055,-4.69241
1.27977,371.713,0.00102697,-0.562144,-2.34478,6.535,-5.57488
1.27977,371.713,0.00102716,-0.376,-2.27557,7.54366,-6.43535
1.27977,371.713,0.00102734,-0.188372,-2.19738,8.52255,-7.27042
1.27977,371.713,0.00102752,1.29383e-013,-2.11052,9.4678,-8.0768
1.27977,371.713,0.00102771,0.188372,-2.01533,10.3757,-8.8513
1.27977,371.713,0.00102789,0.376,-1.91219,11.2426,-9.59088
1.27977,371.713,0.00102807,0.562144,-1.8015,12.0652,-10.2926
1.27977,371.713,0.00102826,0.74607,-1.6837,12.8402,-10.9537
1.27977,371.713,0.00102844,0.927051,-1.55925,13.5644,-11.5716
1.27977,371.713,0.00102862,1.10437,-1.42865,14.2352,-12.1438
1.27977,371.713,0.00102881,1.27734,-1.29242,14.8498,-12.668
1.27977,371.713,0.00102899,1.44526,-1.15108,15.4057,-13.1423
1.27977,371.713,0.00102917,1.60748,-1.0052,15.9009,-13.5647
1.27977,371.713,0.00102936,1.76336,-0.855355,16.3333,-13.9336
1.27977,371.713,0.00102954,1.91227,-0.702133,16.7013,-14.2475
1.27977,371.713,0.00102972,2.05364,-0.546139,17.0033,-14.5052
1.27977,371.713,0.00102991,2.18691,-0.38799,17.2382,-14.7056
1.27977,371.713,0.00103009,2.31154,-0.22831,17.4051,-14.848
1.27977,371.713,0.00103028,2.42705,-0.067729,17.5033,-14.9318
1.27977,371.713,0.00103046,2.53298,0.0931194,17.5325,-14.9566
1.27977,371.713,0.00103064,2.62892,0.2536,17.4924,-14.9224
1.27977,371.713,0.00103083,2.71448,0.41308,17.3833,-14.8294
1.27977,371.713,0.00103101,2.78933,0.57093,17.2056,-14.6778
1.27977,371.713,0.00103119,2.85317,0.726527,16.96,-14.4683
1.27977,371.713,0.00103138,2.90575,0.879256,16.6475,-14.2017
1.27977,371.713,0.00103156,2.94686,1.02852,16.2693,-13.879
1.27977,371.713,0.00103174,2.97634,1.17372,15.8268,-13.5016
1.27977,371.713,0.00103193,2.99408,1.31428,15.3219,-13.0708
1.27977,371.713,0.00103211,3,1.44967,14.7566,-12.5885
1.27977,371.713,0.00103229,2.99408,1.57933,14.1329,-12.0565
1.27977,371.713,0.00103248,2.97634,1.70275,13.4536,-11.477
1.27977,371.713,0.00103266,2.94686,1.81946,12.7211,-10.8521
1.27977,371.713,0.00103284,2.90575,1.92899,11.9384,-10.1844
1.27977,371.713,0.00103303,2.85317,2.0309,11.1086,-9.47654
1.27977,371.713,0.00103321,2.78933,2.1248,10.235,-8.73125
1.27977,371.713,0.00103339,2.71448,2.21031,9.32094,-7.95151
1.27977,371.713,0.00103358,2.62892,2.2871,8.37012,-7.14039
1.27977,371.713,0.00103376,2.53298,2.35487,7.38627,-6.30108
1.27977,371.713,0.00103394,2.42705,2.41334,6.37327,-5.43691
1.27977,371.713,0.00103413,2.31154,2.46228,5.33512,-4.55128
1.27977,371.713,0.00103431,2.18691,2.50151,4.27591,-3.64769
1.27977,371.713,0.0010345,2.05364,2.53087,3.19983,-2.72971
1.27977,371.713,0.00103468,1.91227,2.55024,2.11111,-1.80095
1.27977,371.713,0.00103486,1.76336,2.55954,1.01407,-0.865085
1.27977,371.713,0.00103505,1.60748,2.55874,-0.0869736,0.0741957
1.27977,371.713,0.00103523,1.44526,2.54784,-1.18768,1.01318
1.27977,371.713,0.00103541,1.27734,2.52689,-2.28369,1.94817
1.27977,371.713,0.0010356,1.10437,2.49597,-3.37069,2.87547
1.27977,371.713,0.00103578,0.927051,2.4552,-4.44439,3.79142
1.27977,371.713,0.00103596,0.74607,2.40473,-5.50055,4.69241
1.27977,371.713,0.00103615,0.562144,2.34478,-6.535,5.57488
1.27977,371.713,0.00103633,0.376,2.27557,-7.54366,6.43535
1.27977,371.713,0.00103651,0.188372,2.19738,-8.52255,7.27042
1.27977,371.713,0.0010367,7.34886e-014,2.11052,-9.4678,8.0768
1.27977,371.713,0.00103688,-0.188372,2.01533,-10.3757,8.8513
1.27977,371.713,0.00103706,-0.376,1.91219,-11.2426,9.59088
1.27977,371.713,0.00103725,-0.562144,1.8015,-12.0652,10.2926
1.27977,371.713,0.00103743,-0.74607,1.6837,-12.8402,10.9537
1.27977,371.713,0.00103761,-0.927051,1.55925,-13.5644,11.5716
1.27977,371.713,0.0010378,-1.10437,1.42865,-14.2352,12.1438
1.27977,371.713,0.00103798,-1.27734,1.29242,-14.8498,12.668
1.27977,371.713,0.00103817,-1.44526,1.15108,-15.4057,13.1423
1.27977,371.713,0.00103835,-1.60748,1.0052,-15.9009,13.5647
1.27977,371.713,0.00103853,-1.76336,0.855355,-16.3333,13.9336
1.27977,371.713,0.00103872,-1.91227,0.702133,-16.7013,14.2475
1.27977,371.713,0.0010389,-2.05364,0.546139,-17.0033,14.5052
1.27977,371.713,0.00103908,-2.18691,0.38799,-17.2382,14.7056
1.27977,371.713,0.00103927,-2.31154,0.22831,-17.4051,14.848
1.27977,371.713,0.00103945,-2.42705,0.067729,-17.5033,14.9318
1.27977,371.713,0.00103963,-2.53298,-0.0931194,-17.5325,14.9566
1.27977,371.713,0.00103982,-2.62892,-0.2536,-17.4924,14.9224
1.27977,371.713,0.00104,-2.71448,-0.41308,-17.3833,14.8294
1.27977,371.713,0.00104018,-2.78933,-0.57093,-17.2056,14.6778
1.27977,371.713,0.00104037,-2.85317,-0.726527,-16.96,14.4683
1.27977,371.713,0.00104055,-2.90575,-0.879256,-16.6475,14.2017
1.27977,371.713,0.00104073,-2.94686,-1.02852,-16.2693,13.879
1.27977,371.713,0.00104092,-2.97634,-1.17372,-15.8268,13.5016
1.27977,371.713,0.0010411,-2.99408,-1.31428,-15.3219,13.0708
1.27977,371.713,0.00104128,-3,-1.44967,-14.7566,12.5885
1.27977,371.713,0.00104147,-2.99408,-1.57933,-14.1329,12.0565
1.27977,371.713,0.00104165,-2.97634,-1.70275,-13.4536,11.477
1.27977,371.713,0.00104183,-2.94686,-1.81946,-12.7211,10.8521
1.27977,371.713,0.00104202,-2.90575,-1.92899,-11.9384,10.1844
1.27977,371.713,0.0010422,-2.85317,-2.0309,-11.1086,9.47654
1.27977,371.713,0.00104239,-2.78933,-2.1248,-10.235,8.73125
1.27977,371.713,0.00104257,-2.71448,-2.21031,-9.32094,7.95151
1.27977,371.713,0.00104275,-2.62892,-2.2871,-8.37012,7.14039
1.27977,371.713,0.00104294,-2.53298,-2.35487,-7.38627,6.30108
1.27977,371.713,0.00104312,-2.42705,-2.41334,-6.37327,5.43691
1.27977,371.713,0.0010433,-2.31154,-2.46228,-5.33512,4.55129
1.27977,371.713,0.00104349,-2.18691,-2.50151,-4.27591,3.6477
1.27977,371.713,0.00104367,-2.05364,-2.53087,-3.19983,2.72971
1.27977,371.713,0.00104385,-1.91227,-2.55024,-2.11111,1.80095
1.27977,371.713,0.00104404,-1.76336,-2.55954,-1.01407,0.865085
1.27977,371.713,0.00104422,-1.60748,-2.55874,0.0869734,-0.0741954
1.27977,371.713,0.0010444,-1.44526,-2.54784,1.18768,-1.01318
1.27977,371.713,0.00104459,-1.27734,-2.52689,2.28369,-1.94817
1.27977,371.713,0.00104477,-1.10437,-2.49597,3.37069,-2.87547
1.27977,371.713,0.00104495,-0.927051,-2.4552,4.44439,-3.79142
1.27977,371.713,0.00104514,-0.74607,-2.40473,5.50055,-4.69241
1.27977,371.713,0.00104532,-0.562144,-2.34478,6.535,-5.57488
1.27977,371.713,0.0010455,-0.376,-2.27557,7.54366,-6.43535
1.27977,371.713,0.00104569,-0.188372,-2.19738,8.52255,-7.27042
1.27977,371.713,0.00104587,-1.0583e-013,-2.11052,9.4678,-8.0768
1.27977,371.713,0.00104606,0.188372,-2.01533,10.3757,-8.8513
1.27977,371.713,0.00104624,0.376,-1.91219,11.2426,-9.59088
1.27977,371.713,0.00104642,0.562144,-1.8015,12.0652,-10.2926
1.27977,371.713,0.00104661,0.74607,-1.6837,12.8402,-10.9537
1.27977,371.713,0.00104679,0.927051,-1.55925,13.5644,-11.5716
1.27977,371.713,0.00104697,1.10437,-1.42865,14.2352,-12.1438
1.27977,371.713,0.00104716,1.27734,-1.29242,14.8498,-12.668
1.27977,371.713,0.00104734,1.44526,-1.15108,15.4057,-13.1423
1.27977,371.713,0.00104752,1.60748,-1.0052,15.9009,-13.5647
1.27977,371.713,0.00104771,1.76336,-0.855355,16.3333,-13.9336
1.27977,371.713,0.00104789,1.91227,-0.702133,16.7013,-14.2475
1.27977,371.713,0.00104807,2.05364,-0.546139,17.0033,-14.5052
1.27977,371.713,0.00104826,2.18691,-0.38799,17.2382,-14.7056
1.27977,371.713,0.00104844,2.31154,-0.22831,17.4051,-14.848
1.27977,371.713,0.00104862,2.42705,-0.0677291,17.5033,-14.9318
1.27977,371.713,0.00104881,2.53298,0.0931193,17.5325,-14.9566
1.27977,371.713,0.00104899,2.62892,0.2536,17.4924,-14.9224
1.27977,371.713,0.00104917,2.71448,0.41308,17.3833,-14.8294
1.27977,371.713,0.00104936,2.78933,0.57093,17.2056,-14.6778
1.27977,371.713,0.00104954,2.85317,0.726527,16.96,-14.4683
1.27977,371.713,0.00104972,2.90575,0.879256,16.6475,-14.2017
1.27977,371.713,0.00104991,2.94686,1.02852,16.2693,-13.879
1.27977,371.713,0.00105009,2.97634,1.17372,15.8268,-13.5016
1.27977,371.713,0.00105028,2.99408,1.31428,15.3219,-13.0708
1.27977,371.713,0.00105046,3,1.44967,14.7566,-12.5885
1.27977,371.713,0.00105064,2.99408,1.57933,14.1329,-12.0565
1.27977,371.713,0.00105083,2.97634,1.70275,13.4536,-11.477
1.27977,371.713,0.00105101,2.94686,1.81946,12.7211,-10.8521
1.27977,371.713,0.00105119,2.90575,1.92899,11.9384,-10.1844
1.27977,371.713,0.00105138,2.85317,2.0309,11.1086,-9.47654
1.27977,371.713,0.00105156,2.78933,2.1248,10.235,-8.73125
1.27977,371.713,0.00105174,2.71448,2.21031,9.32094,-7.95151
1.27977,371.713,0.00105193,2.62892,2.2871,8.37012,-7.14039
1.27977,371.713,0.00105211,2.53298,2.35487,7.38627,-6.30108
1.27977,371.713,0.00105229,2.42705,2.41334,6.37327,-5.43691
1.27977,371.713,0.00105248,2.31154,2.46228,5.33512,-4.55129
1.27977,371.713,0.00105266,2.18691,2.50151,4.27591,-3.6477
1.27977,371.713,0.00105284,2.05364,2.53087,3.19983,-2.72971
1.27977,371.713,0.00105303,1.91227,2.55024,2.11111,-1.80095
1.27977,371.713,0.00105321,1.76336,2.55954,1.01407,-0.865085
1.27977,371.713,0.00105339,1.60748,2.55874,-0.0869732,0.0741952
1.27977,371.713,0.00105358,1.44526,2.54784,-1.18767,1.01318
1.27977,371.713,0.00105376,1.27734,2.52689,-2.28369,1.94817
1.27977,371.713,0.00105394,1.10437,2.49597,-3.37069,2.87547
1.27977,371.713,0.00105413,0.927051,2.4552,-4.44439,3.79142
1.27977,371.713,0.00105431,0.74607,2.40473,-5.50055,4.69241
1.27977,371.713,0.0010545,0.562144,2.34478,-6.535,5.57488
1.27977,371.713,0.00105468,0.376,2.27557,-7.54366,6.43535
1.27977,371.713,0.00105486,0.188372,2.19738,-8.52255,7.27042
1.27977,371.713,0.00105505,1.38172e-013,2.11052,-9.4678,8.0768
1.27977,371.713,0.00105523,-0.188372,2.01533,-10.3757,8.8513
1.27977,371.713,0.00105541,-0.376,1.91219,-11.2426,9.59088
1.27977,371.713,0.0010556,-0.562144,1.8015,-12.0652,10.2926
1.27977,371.713,0.00105578,-0.74607,1.6837,-12.8402,10.9537
1.27977,371.713,0.00105596,-0.927051,1.55925,-13.5644,11.5716
1.27977,371.713,0.00105615,-1.10437,1.42865,-14.2352,12.1438
1.27977,371.713,0.00105633,-1.27734,1.29242,-14.8498,12.668
1.27977,371.713,0.00105651,-1.44526,1.15108,-15.4057,13.1423
1.27977,371.713,0.0010567,-1.60748,1.0052,-15.9009,13.5647
1.27977,371.713,0.00105688,-1.76336,0.855355,-16.3333,13.9336
1.27977,371.713,0.00105706,-1.91227,0.702133,-16.7013,14.2475
1.27977,371.713,0.00105725,-2.05364,0.546139,-17.0033,14.5052
1.27977,371.713,0.00105743,-2.18691,0.38799,-17.2382,14.7056
1.27977,371.713,0.00105761,-2.31154,0.22831,-17.4051,14.848
1.27977,371.713,0.0010578,-2.42705,0.0677291,-17.5033,14.9318
1.27977,371.713,0.00105798,-2.53298,-0.0931193,-17.5325,14.9566
1.27977,371.713,0.00105817,-2.62892,-0.2536,-17.4924,14.9224
1.27977,371.713,0.00105835,-2.71448,-0.41308,-17.3833,14.8294
1.27977,371.713,0.00105853,-2.78933,-0.57093,-17.2056,14.6778
1.27977,371.713,0.00105872,-2.85317,-0.726527,-16.96,14.4683
1.27977,371.713,0.0010589,-2.90575,-0.879256,-16.6475,14.2017
1.27977,371.713,0.00105908,-2.94686,-1.02852,-16.2693,13.879
1.27977,371.713,0.00105927,-2.97634,-1.17372,-15.8268,13.5016
1.27977,371.713,0.00105945,-2.99408,-1.31428,-15.3219,13.0708
1.27977,371.713,0.00105963,-3,-1.44967,-14.7566,12.5885
1.27977,371.713,0.00105982,-2.99408,-1.57933,-14.1329,12.0565
1.27977,371.713,0.00106,-2.97634,-1.70275,-13.4536,11.477
1.27977,371.713,0.00106018,-2.94686,-1.81946,-12.7211,10.8521
1.27977,371.713,0.00106037,-2.90575,-1.92899,-11.9384,10.1844
1.27977,371.713,0.00106055,-2.85317,-2.0309,-11.1086,9.47654
1.27977,371.713,0.00106073,-2.78933,-2.1248,-10.235,8.73125
1.27977,371.713,0.00106092,-2.71448,-2.21031,-9.32094,7.95151
1.27977,371.713,0.0010611,-2.62892,-2.2871,-8.37012,7.14039
1.27977,371.713,0.00106128,-2.53298,-2.35487,-7.38627,6.30108
1.27977,371.713,0.00106147,-2.42705,-2.41334,-6.37327,5.43691
1.27977,371.713,0.00106165,-2.31154,-2.46228,-5.33512,4.55129
1.27977,371.713,0.00106183,-2.18691,-2.50151,-4.27591,3.6477
1.27977,371.713,0.00106202,-2.05364,-2.53087,-3.19983,2.72971
1.27977,371.713,0.0010622,-1.91227,-2.55024,-2.11111,1.80095
1.27977,371.713,0.00106239,-1.76336,-2.55954,-1.01407,0.865085
1.27977,371.713,0.00106257,-1.60748,-2.55874,0.0869729,-0.0741949
1.27977,371.713,0.00106275,-1.44526,-2.54784,1.18767,-1.01318
1.27977,371.713,0.00106294,-1.27734,-2.52689,2.28369,-1.94817
1.27977,371.713,0.00106312,-1.10437,-2.49597,3.37069,-2.87547
1.27977,371.713,0.0010633,-0.927051,-2.4552,4.44439,-3.79142
1.27977,371.713,0.00106349,-0.74607,-2.40473,5.50055,-4.69241
1.27977,371.713,0.00106367,-0.562144,-2.34478,6.535,-5.57488
1.27977,371.713,0.00106385,-0.376,-2.27557,7.54366,-6.43535
1.27977,371.713,0.00106404,-0.188372,-2.19738,8.52255,-7.27042
1.27977,371.713,0.00106422,1.6263e-017,-2.11052,9.4678,-8.0768
1.27977,371.713,0.0010644,0.188372,-2.01533,10.3757,-8.8513
1.27977,371.713,0.00106459,0.376,-1.91219,11.2426,-9.59088
1.27977,371.713,0.00106477,0.562144,-1.8015,12.0652,-10.2926
1.27977,371.713,0.00106495,0.74607,-1.6837,12.8402,-10.9537
1.27977,371.713,0.00106514,0.927051,-1.55925,13.5644,-11.5716
1.27977,371.713,0.00106532,1.10437,-1.42865,14.2352,-12.1438
1.27977,371.713,0.0010655,1.27734,-1.29242,14.8498,-12.668
1.27977,371.713,0.00106569,1.44526,-1.15108,15.4057,-13.1423
1.27977,371.713,0.00106587,1.60748,-1.0052,15.9009,-13.5647
1.27977,371.713,0.00106606,1.76336,-0.855355,16.3333,-13.9336
1.27977,371.713,0.00106624,1.91227,-0.702133,16.7013,-14.2475
1.27977,371.713,0.00106642,2.05364,-0.546139,17.0033,-14.5052
1.27977,371.713,0.00106661,2.18691,-0.38799,17.2382,-14.7056
1.27977,371.713,0.00106679,2.31154,-0.22831,17.4051,-14.848
1.27977,371.713,0.00106697,2.42705,-0.0677292,17.5033,-14.9318
1.27977,371.713,0.00106716,2.53298,0.0931192,17.5325,-14.9566
1.27977,371.713,0.00106734,2.62892,0.2536,17.4924,-14.9224
1.27977,371.713,0.00106752,2.71448,0.41308,17.3833,-14.8294
1.27977,371.713,0.00106771,2.78933,0.57093,17.2056,-14.6778
1.27977,371.713,0.00106789,2.85317,0.726527,16.96,-14.4683
1.27977,371.713,0.00106807,2.90575,0.879256,16.6475,-14.2017
1.27977,371.713,0.00106826,2.94686,1.02852,16.2693,-13.879
1.27977,371.713,0.00106844,2.97634,1.17372,15.8268,-13.5016
1.27977,371.713,0.00106862,2.99408,1.31428,15.3219,-13.0708
1.27977,371.713,0.00106881,3,1.44967,14.7566,-12.5885
1.27977,371.713,0.00106899,2.99408,1.57933,14.1329,-12.0565
1.27977,371.713,0.00106917,2.97634,1.70275,13.4536,-11.477
1.27977,371.713,0.00106936,2.94686,1.81946,12.7211,-10.8521
1.27977,371.713,0.00106954,2.90575,1.92899,11.9384,-10.1844
1.27977,371.713,0.00106972,2.85317,2.0309,11.1086,-9.47654
1.27977,371.713,0.00106991,2.78933,2.1248,10.235,-8.73125
1.27977,371.713,0.00107009,2.71448,2.21031,9.32094,-7.95151
1.27977,371.713,0.00107028,2.62892,2.2871,8.37012,-7.14039
1.27977,371.713,0.00107046,2.53298,2.35487,7.38627,-6.30108
1.27977,371.713,0.00107064,2.42705,2.41334,6.37327,-5.43691
1.27977,371.713,0.00107083,2.31154,2.46228,5.33512,-4.55129
1.27977,371.713,0.00107101,2.18691,2.50151,4.27591,-3.6477
1.27977,371.713,0.00107119,2.05364,2.53087,3.19983,-2.72971
1.27977,371.713,0.00107138,1.91227,2.55024,2.11112,-1.80095
1.27977,371.713,0.00107156,1.76336,2.55954,1.01407,-0.865085
1.27977,371.713,0.00107174,1.60748,2.55874,-0.0869727,0.0741947
1.27977,371.713,0.00107193,1.44526,2.54784,-1.18767,1.01318
1.27977,371.713,0.00107211,1.27734,2.52689,-2.28369,1.94817
1.27977,371.713,0.00107229,1.10437,2.49597,-3.37069,2.87547
1.27977,371.713,0.00107248,0.927051,2.4552,-4.44439,3.79142
1.27977,371.713,0.00107266,0.74607,2.40473,-5.50055,4.69241
1.27977,371.713,0.00107284,0.562144,2.34478,-6.535,5.57488
1.27977,371.713,0.00107303,0.376,2.27557,-7.54366,6.43535
1.27977,371.713,0.00107321,0.188372,2.19738,-8.52255,7.27042
1.27977,371.713,0.00107339,3.23255e-014,2.11052,-9.4678,8.0768
1.27977,371.713,0.00107358,-0.188372,2.01533,-10.3757,8.8513
1.27977,371.713,0.00107376,-0.376,1.91219,-11.2426,9.59088
1.27977,371.713,0.00107394,-0.562144,1.8015,-12.0652,10.2926
1.27977,371.713,0.00107413,-0.74607,1.6837,-12.8402,10.9537
1.27977,371.713,0.00107431,-0.927051,1.55925,-13.5644,11.5716
1.27977,371.713,0.0010745,-1.10437,1.42866,-14.2352,12.1438
1.27977,371.713,0.00107468,-1.27734,1.29242,-14.8498,12.668
1.27977,371.713,0.00107486,-1.44526,1.15108,-15.4057,13.1423
1.27977,371.713,0.00107505,-1.60748,1.0052,-15.9009,13.5647
1.27977,371.713,0.00107523,-1.76336,0.855355,-16.3333,13.9336
1.27977,371.713,0.00107541,-1.91227,0.702133,-16.7013,14.2475
1.27977,371.713,0.0010756,-2.05364,0.546139,-17.0033,14.5052
1.27977,371.713,0.00107578,-2.18691,0.38799,-17.2382,14.7056
1.27977,371.713,0.00107596,-2.31154,0.22831,-17.4051,14.848
1.27977,371.713,0.00107615,-2.42705,0.0677292,-17.5033,14.9318
1.27977,371.713,0.00107633,-2.53298,-0.0931192,-17.5325,14.9566
1.27977,371.713,0.00107651,-2.62892,-0.2536,-17.4924,14.9224
1.27977,371.713,0.0010767,-2.71448,-0.41308,-17.3833,14.8294
1.27977,371.713,0.00107688,-2.78933,-0.57093,-17.2056,14.6778
1.27977,371.713,0.00107706,-2.85317,-0.726527,-16.96,14.4683
1.27977,371.713,0.00107725,-2.90575,-0.879256,-16.6475,14.2017
1.27977,371.713,0.00107743,-2.94686,-1.02852,-16.2693,13.879
1.27977,371.713,0.00107761,-2.97634,-1.17372,-15.8268,13.5016
1.27977,371.713,0.0010778,-2.99408,-1.31428,-15.3219,13.0708
1.27977,371.713,0.00107798,-3,-1.44966,-14.7566,12.5885
1.27977,371.713,0.00107817,-2.99408,-1.57933,-14.133,12.0565
1.27977,371.713,0.00107835,-2.97634,-1.70275,-13.4536,11.477
1.27977,371.713,0.00107853,-2.94686,-1.81946,-12.7211,10.8521
1.27977,371.713,0.00107872,-2.90575,-1.92899,-11.9384,10.1844
1.27977,371.713,0.0010789,-2.85317,-2.0309,-11.1086,9.47654
1.27977,371.713,0.00107908,-2.78933,-2.1248,-10.235,8.73125
1.27977,371.713,0.00107927,-2.71448,-2.21031,-9.32094,7.95151
1.27977,371.713,0.00107945,-2.62892,-2.2871,-8.37012,7.14039
1.27977,371.713,0.00107963,-2.53298,-2.35487,-7.38627,6.30108
1.27977,371.713,0.00107982,-2.42705,-2.41334,-6.37327,5.43691
1.27977,371.713,0.00108,-2.31154,-2.46228,-5.33512,4.55129
1.27977,371.713,0.00108018,-2.18691,-2.50151,-4.27591,3.6477
1.27977,371.713,0.00108037,-2.05364,-2.53087,-3.19983,2.72971
1.27977,371.713,0.00108055,-1.91227,-2.55024,-2.11112,1.80095
1.27977,371.713,0.00108073,-1.76336,-2.55954,-1.01407,0.865086
1.27977,371.713,0.00108092,-1.60748,-2.55874,0.0869726,-0.0741946
1.27977,371.713,0.0010811,-1.44526,-2.54784,1.18767,-1.01318
1.27977,371.713,0.00108128,-1.27734,-2.52689,2.28369,-1.94817
1.27977,371.713,0.00108147,-1.10437,-2.49597,3.37069,-2.87547
1.27977,371.713,0.00108165,-0.927051,-2.4552,4.44439,-3.79142
1.27977,371.713,0.00108183,-0.74607,-2.40473,5.50055,-4.69241
1.27977,371.713,0.00108202,-0.562144,-2.34478,6.535,-5.57488
1.27977,371.713,0.0010822,-0.376,-2.27557,7.54366,-6.43535
1.27977,371.713,0.00108239,-0.188372,-2.19738,8.52255,-7.27042
1.27977,371.713,0.00108257,-6.46673e-014,-2.11052,9.4678,-8.0768
1.27977,371.713,0.00108275,0.188372,-2.01533,10.3757,-8.8513
1.27977,371.713,0.00108294,0.376,-1.91219,11.2426,-9.59087
1.27977,371.713,0.00108312,0.562144,-1.8015,12.0652,-10.2926
1.27977,371.713,0.0010833,0.74607,-1.6837,12.8402,-10.9537
1.27977,371.713,0.00108349,0.927051,-1.55925,13.5644,-11.5716
1.27977,371.713,0.00108367,1.10437,-1.42866,14.2352,-12.1438
1.27977,371.713,0.00108385,1.27734,-1.29242,14.8498,-12.668
1.27977,371.713,0.00108404,1.44526,-1.15108,15.4057,-13.1423
1.27977,371.713,0.00108422,1.60748,-1.0052,15.9009,-13.5647
1.27977,371.713,0.0010844,1.76336,-0.855355,16.3333,-13.9336
1.27977,371.713,0.00108459,1.91227,-0.702133,16.7013,-14.2475
1.27977,371.713,0.00108477,2.05364,-0.546139,17.0033,-14.5052
1.27977,371.713,0.00108495,2.18691,-0.38799,17.2382,-14.7056
1.27977,371.713,0.00108514,2.31154,-0.22831,17.4051,-14.848
1.27977,371.713,0.00108532,2.42705,-0.0677292,17.5033,-14.9318
1.27977,371.713,0.0010855,2.53298,0.0931192,17.5325,-14.9566
1.27977,371.713,0.00108569,2.62892,0.2536,17.4924,-14.9224
1.27977,371.713,0.00108587,2.71448,0.41308,17.3833,-14.8294
1.27977,371.713,0.00108606,2.78933,0.57093,17.2056,-14.6778
1.27977,371.713,0.00108624,2.85317,0.726527,16.96,-14.4683
1.27977,371.713,0.00108642,2.90575,0.879256,16.6475,-14.2017
1.27977,371.713,0.00108661,2.94686,1.02852,16.2693,-13.879
1.27977,371.713,0.00108679,2.97634,1.17372,15.8268,-13.5016
1.27977,371.713,0.00108697,2.99408,1.31428,15.3219,-13.0708
1.27977,371.713,0.00108716,3,1.44966,14.7566,-12.5885
1.27977,371.713,0.00108734,2.99408,1.57933,14.133,-12.0565
1.27977,371.713,0.00108752,2.97634,1.70275,13.4536,-11.477
1.27977,371.713,0.00108771,2.94686,1.81946,12.7211,-10.8521
1.27977,371.713,0.00108789,2.90575,1.92899,11.9384,-10.1844
1.27977,371.713,0.00108807,2.85317,2.0309,11.1086,-9.47654
1.27977,371.713,0.00108826,2.78933,2.1248,10.235,-8.73125
1.27977,371.713,0.00108844,2.71448,2.21031,9.32094,-7.95151
1.27977,371.713,0.00108862,2.62892,2.2871,8.37012,-7.14039
1.27977,371.713,0.00108881,2.53298,2.35487,7.38627,-6.30109
1.27977,371.713,0.00108899,2.42705,2.41334,6.37327,-5.43691
1.27977,371.713,0.00108917,2.31154,2.46228,5.33512,-4.55129
1.27977,371.713,0.00108936,2.18691,2.50151,4.27591,-3.6477
1.27977,371.713,0.00108954,2.05364,2.53087,3.19983,-2.72971
1.27977,371.713,0.00108972,1.91227,2.55024,2.11112,-1.80095
1.27977,371.713,0.00108991,1.76336,2.55954,1.01407,-0.865086
1.27977,371.713,0.00109009,1.60748,2.55874,-0.0869724,0.0741945
1.27977,371.713,0.00109028,1.44526,2.54784,-1.18767,1.01318
1.27977,371.713,0.00109046,1.27734,2.52689,-2.28369,1.94817
1.27977,371.713,0.00109064,1.10437,2.49597,-3.37069,2.87547
1.27977,371.713,0.00109083,0.927051,2.4552,-4.44439,3.79142
1.27977,371.713,0.00109101,0.74607,2.40473,-5.50055,4.69241
1.27977,371.713,0.00109119,0.562144,2.34478,-6.535,5.57488
1.27977,371.713,0.00109138,0.376,2.27557,-7.54366,6.43535
1.27977,371.713,0.00109156,0.188372,2.19738,-8.52255,7.27042
1.27977,371.713,0.00109174,9.70092e-014,2.11052,-9.4678,8.0768
1.27977,371.713,0.00109193,-0.188372,2.01533,-10.3757,8.8513
1.27977,371.713,0.00109211,-0.376,1.91219,-11.2426,9.59087
1.27977,371.713,0.00109229,-0.562144,1.8015,-12.0652,10.2926
1.27977,371.713,0.00109248,-0.74607,1.6837,-12.8402,10.9537
1.27977,371.713,0.00109266,-0.927051,1.55925,-13.5644,11.5716
1.27977,371.713,0.00109284,-1.10437,1.42866,-14.2352,12.1438
1.27977,371.713,0.00109303,-1.27734,1.29242,-14.8498,12.668
1.27977,371.713,0.00109321,-1.44526,1.15108,-15.4057,13.1423
1.27977,371.713,0.00109339,-1.60748,1.0052,-15.9009,13.5647
1.27977,371.713,0.00109358,-1.76336,0.855355,-16.3333,13.9336
1.27977,371.713,0.00109376,-1.91227,0.702133,-16.7013,14.2475
1.27977,371.713,0.00109394,-2.05364,0.546139,-17.0033,14.5052
1.27977,371.713,0.00109413,-2.18691,0.38799,-17.2382,14.7056
1.27977,371.713,0.00109431,-2.31154,0.22831,-17.4051,14.848
1.27977,371.713,0.0010945,-2.42705,0.0677292,-17.5033,14.9318
1.27977,371.713,0.00109468,-2.53298,-0.0931192,-17.5325,14.9566
1.27977,371.713,0.00109486,-2.62892,-0.2536,-17.4924,14.9224
1.27977,371.713,0.00109505,-2.71448,-0.41308,-17.3833,14.8294
1.27977,371.713,0.00109523,-2.78933,-0.57093,-17.2056,14.6778
1.27977,371.713,0.00109541,-2.85317,-0.726527,-16.96,14.4683
1.27977,371.713,0.0010956,-2.90575,-0.879256,-16.6475,14.2017
1.27977,371.713,0.00109578,-2.94686,-1.02852,-16.2693,13.879
1.27977,371.713,0.00109596,-2.97634,-1.17372,-15.8268,13.5016
1.27977,371.713,0.00109615,-2.99408,-1.31428,-15.3219,13.0708
1.27977,371.713,0.00109633,-3,-1.44966,-14.7566,12.5885
1.27977,371.713,0.00109651,-2.99408,-1.57933,-14.133,12.0565
1.27977,371.713,0.0010967,-2.97634,-1.70275,-13.4536,11.477
1.27977,371.713,0.00109688,-2.94686,-1.81946,-12.7211,10.8521
1.27977,371.713,0.00109706,-2.90575,-1.92899,-11.9384,10.1844
1.27977,371.713,0.00109725,-2.85317,-2.0309,-11.1086,9.47654
1.27977,371.713,0.00109743,-2.78933,-2.1248,-10.235,8.73125
1.27977,371.713,0.00109761,-2.71448,-2.21031,-9.32094,7.95151
1.27977,371.713,0.0010978,-2.62892,-2.2871,-8.37012,7.14039
1.27977,371.713,0.00109798,-2.53298,-2.35487,-7.38627,6.30109
1.27977,371.713,0.00109817,-2.42705,-2.41334,-6.37327,5.43691
1.27977,371.713,0.00109835,-2.31154,-2.46228,-5.33512,4.55129
1.27977,371.713,0.00109853,-2.18691,-2.50151,-4.27591,3.6477
1.27977,371.713,0.00109872,-2.05364,-2.53087,-3.19983,2.72971
1.27977,371.713,0.0010989,-1.91227,-2.55024,-2.11112,1.80095
1.27977,371.713,0.00109908,-1.76336,-2.55954,-1.01407,0.865086
1.27977,371.713,0.00109927,-1.60748,-2.55874,0.0869723,-0.0741944
1.27977,371.713,0.00109945,-1.44526,-2.54784,1.18767,-1.01318
1.27977,371.713,0.00109963,-1.27734,-2.52689,2.28369,-1.94817
1.27977,371.713,0.00109982,-1.10437,-2.49597,3.37069,-2.87547
1.27977,371.713,0.0011,-0.927051,-2.4552,4.44439,-3.79142
1.27977,371.713,0.00110018,-0.74607,-2.40473,5.50055,-4.69241
1.27977,371.713,0.00110037,-0.562144,-2.34478,6.535,-5.57488
1.27977,371.713,0.00110055,-0.376,-2.27557,7.54366,-6.43535
1.27977,371.713,0.00110073,-0.188372,-2.19738,8.52255,-7.27042
1.27977,371.713,0.00110092,-1.29351e-013,-2.11052,9.4678,-8.0768
