Amp, Phaseshift, Time, Vd, Vr, VL, VC
0.381904,372.09,0,0,0,0,0
0.381904,372.09,1.50376e-007,0.188372,0.00141633,0.188372,0
0.381904,372.09,3.00752e-007,0.376,0.00423274,0.374583,0.000425963
0.381904,372.09,4.51128e-007,0.562144,0.00842436,0.557485,0.00169897
0.381904,372.09,6.01504e-007,0.74607,0.0139578,0.735946,0.00423261
0.381904,372.09,7.5188e-007,0.927051,0.0207913,0.908861,0.00843044
0.381904,372.09,9.02256e-007,1.10437,0.0288752,1.07515,0.0146835
0.381904,372.09,1.05263e-006,1.27734,0.0381517,1.23378,0.0233677
0.381904,372.09,1.20301e-006,1.44526,0.0485558,1.38374,0.0348419
0.381904,372.09,1.35338e-006,1.60748,0.0600151,1.52408,0.0494452
0.381904,372.09,1.50376e-006,1.76336,0.0724504,1.6539,0.0674948
0.381904,372.09,1.65414e-006,1.91227,0.0857761,1.77233,0.0892844
0.381904,372.09,1.80451e-006,2.05364,0.0999008,1.87858,0.115082
0.381904,372.09,1.95489e-006,2.18691,0.114727,1.97192,0.145127
0.381904,372.09,2.10526e-006,2.31154,0.130153,2.05169,0.179632
0.381904,372.09,2.25564e-006,2.42705,0.146073,2.11727,0.218775
0.381904,372.09,2.40602e-006,2.53298,0.162375,2.16814,0.262707
0.381904,372.09,2.55639e-006,2.62892,0.178945,2.20384,0.311542
0.381904,372.09,2.70677e-006,2.71448,0.195667,2.22399,0.36536
0.381904,372.09,2.85714e-006,2.78933,0.212421,2.2283,0.424207
0.381904,372.09,3.00752e-006,2.85317,0.229086,2.21654,0.488093
0.381904,372.09,3.15789e-006,2.90575,0.245542,2.18857,0.556991
0.381904,372.09,3.30827e-006,2.94686,0.261665,2.14433,0.630838
0.381904,372.09,3.45865e-006,2.97634,0.277333,2.08384,0.709534
0.381904,372.09,3.60902e-006,2.99408,0.292424,2.00721,0.792942
0.381904,372.09,3.7594e-006,3,0.30682,1.91463,0.88089
0.381904,372.09,3.90977e-006,2.99408,0.320402,1.80637,0.973166
0.381904,372.09,4.06015e-006,2.97634,0.333054,1.68278,1.06953
0.381904,372.09,4.21053e-006,2.94686,0.344665,1.54428,1.16969
0.381904,372.09,4.3609e-006,2.90575,0.355127,1.39139,1.27335
0.381904,372.09,4.51128e-006,2.85317,0.364335,1.22469,1.38016
0.381904,372.09,4.66165e-006,2.78933,0.372191,1.04484,1.48973
0.381904,372.09,4.81203e-006,2.71448,0.378601,0.852557,1.60167
0.381904,372.09,4.96241e-006,2.62892,0.383478,0.648649,1.71554
0.381904,372.09,5.11278e-006,2.53298,0.386741,0.43397,1.83087
0.381904,372.09,5.26316e-006,2.42705,0.388316,0.209443,1.94718
0.381904,372.09,5.41353e-006,2.31154,0.388136,-0.0239566,2.06397
0.381904,372.09,5.56391e-006,2.18691,0.386142,-0.265197,2.1807
0.381904,372.09,5.71429e-006,2.05364,0.382283,-0.5132,2.29683
0.381904,372.09,5.86466e-006,1.91227,0.376518,-0.766844,2.4118
0.381904,372.09,6.01504e-006,1.76336,0.368811,-1.02497,2.52504
0.381904,372.09,6.16541e-006,1.60748,0.359139,-1.28637,2.63596
0.381904,372.09,6.31579e-006,1.44526,0.347486,-1.54984,2.74398
0.381904,372.09,6.46617e-006,1.27734,0.333846,-1.81412,2.84848
0.381904,372.09,6.61654e-006,1.10437,0.318222,-2.07796,2.94889
0.381904,372.09,6.76692e-006,0.927051,0.300628,-2.34006,3.04459
0.381904,372.09,6.91729e-006,0.74607,0.281085,-2.59915,3.13501
0.381904,372.09,7.06767e-006,0.562144,0.259627,-2.85395,3.21955
0.381904,372.09,7.21805e-006,0.376,0.236295,-3.10317,3.29763
0.381904,372.09,7.36842e-006,0.188372,0.211141,-3.34555,3.36869
0.381904,372.09,7.5188e-006,3.67382e-016,0.184225,-3.57984,3.4322
0.381904,372.09,7.66917e-006,-0.188372,0.155617,-3.80479,3.4876
0.381904,372.09,7.81955e-006,-0.376,0.125397,-4.01922,3.5344
0.381904,372.09,7.96992e-006,-0.562144,0.0936534,-4.22194,3.57212
0.381904,372.09,8.1203e-006,-0.74607,0.0604817,-4.41184,3.60028
0.381904,372.09,8.27068e-006,-0.927051,0.0259868,-4.58782,3.61847
0.381904,372.09,8.42105e-006,-1.10437,-0.00971868,-4.74883,3.62629
0.381904,372.09,8.57143e-006,-1.27734,-0.046515,-4.89391,3.62337
0.381904,372.09,8.7218e-006,-1.44526,-0.0842752,-5.02211,3.60938
0.381904,372.09,8.87218e-006,-1.60748,-0.122866,-5.13258,3.58403
0.381904,372.09,9.02256e-006,-1.76336,-0.162148,-5.22452,3.54708
0.381904,372.09,9.17293e-006,-1.91227,-0.201977,-5.2972,3.49831
0.381904,372.09,9.32331e-006,-2.05364,-0.242202,-5.34998,3.43757
0.381904,372.09,9.47368e-006,-2.18691,-0.28267,-5.38227,3.36472
0.381904,372.09,9.62406e-006,-2.31154,-0.323224,-5.39359,3.27971
0.381904,372.09,9.77444e-006,-2.42705,-0.363701,-5.38354,3.1825
0.381904,372.09,9.92481e-006,-2.53298,-0.40394,-5.35178,3.07312
0.381904,372.09,1.00752e-005,-2.62892,-0.443776,-5.2981,2.95163
0.381904,372.09,1.02256e-005,-2.71448,-0.483041,-5.22234,2.81816
0.381904,372.09,1.03759e-005,-2.78933,-0.521571,-5.12445,2.67289
0.381904,372.09,1.05263e-005,-2.85317,-0.559199,-5.00449,2.51603
0.381904,372.09,1.06767e-005,-2.90575,-0.59576,-4.86258,2.34785
0.381904,372.09,1.08271e-005,-2.94686,-0.63109,-4.69895,2.16867
0.381904,372.09,1.09774e-005,-2.97634,-0.665029,-4.51392,1.97887
0.381904,372.09,1.11278e-005,-2.99408,-0.69742,-4.30792,1.77886
0.381904,372.09,1.12782e-005,-3,-0.728107,-4.08144,1.56911
0.381904,372.09,1.14286e-005,-2.99408,-0.756942,-3.83508,1.35013
0.381904,372.09,1.15789e-005,-2.97634,-0.783781,-3.56953,1.12248
0.381904,372.09,1.17293e-005,-2.94686,-0.808484,-3.28556,0.886754
0.381904,372.09,1.18797e-005,-2.90575,-0.830921,-2.98402,0.643601
0.381904,372.09,1.20301e-005,-2.85317,-0.850965,-2.66585,0.3937
0.381904,372.09,1.21805e-005,-2.78933,-0.868499,-2.33206,0.137771
0.381904,372.09,1.23308e-005,-2.71448,-0.883414,-1.98375,-0.123432
0.381904,372.09,1.24812e-005,-2.62892,-0.89561,-1.62207,-0.38912
0.381904,372.09,1.26316e-005,-2.53298,-0.904996,-1.24825,-0.658477
0.381904,372.09,1.2782e-005,-2.42705,-0.911489,-0.863578,-0.930656
0.381904,372.09,1.29323e-005,-2.31154,-0.915018,-0.469395,-1.20479
0.381904,372.09,1.30827e-005,-2.18691,-0.915523,-0.0670996,-1.47998
0.381904,372.09,1.32331e-005,-2.05364,-0.912952,0.341863,-1.75533
0.381904,372.09,1.33835e-005,-1.91227,-0.907268,0.756007,-2.0299
0.381904,372.09,1.35338e-005,-1.76336,-0.898442,1.17381,-2.30276
0.381904,372.09,1.36842e-005,-1.60748,-0.886459,1.59372,-2.57297
0.381904,372.09,1.38346e-005,-1.44526,-0.871315,2.01417,-2.83957
0.381904,372.09,1.3985e-005,-1.27734,-0.853018,2.43355,-3.10162
0.381904,372.09,1.41353e-005,-1.10437,-0.831587,2.85027,-3.35817
0.381904,372.09,1.42857e-005,-0.927051,-0.807056,3.26271,-3.60827
0.381904,372.09,1.44361e-005,-0.74607,-0.779467,3.66926,-3.851
0.381904,372.09,1.45865e-005,-0.562144,-0.748878,4.06832,-4.08542
0.381904,372.09,1.47368e-005,-0.376,-0.715357,4.4583,-4.31065
0.381904,372.09,1.48872e-005,-0.188372,-0.678984,4.83763,-4.52579
0.381904,372.09,1.50376e-005,-7.34764e-016,-0.639851,5.20478,-4.73
0.381904,372.09,1.5188e-005,0.188372,-0.598059,5.55822,-4.92244
0.381904,372.09,1.53383e-005,0.376,-0.553725,5.89649,-5.1023
0.381904,372.09,1.54887e-005,0.562144,-0.506972,6.21817,-5.26884
0.381904,372.09,1.56391e-005,0.74607,-0.457935,6.52188,-5.42131
0.381904,372.09,1.57895e-005,0.927051,-0.40676,6.8063,-5.55903
0.381904,372.09,1.59398e-005,1.10437,-0.353601,7.07017,-5.68137
0.381904,372.09,1.60902e-005,1.27734,-0.298621,7.31231,-5.78771
0.381904,372.09,1.62406e-005,1.44526,-0.241992,7.5316,-5.87752
0.381904,372.09,1.6391e-005,1.60748,-0.183895,7.727,-5.9503
0.381904,372.09,1.65414e-005,1.76336,-0.124515,7.89756,-6.00561
0.381904,372.09,1.66917e-005,1.91227,-0.0640454,8.0424,-6.04306
0.381904,372.09,1.68421e-005,2.05364,-0.00268643,8.16075,-6.06232
0.381904,372.09,1.69925e-005,2.18691,0.059358,8.25191,-6.06313
0.381904,372.09,1.71429e-005,2.31154,0.121879,8.31531,-6.04528
0.381904,372.09,1.72932e-005,2.42705,0.184664,8.35045,-6.00862
0.381904,372.09,1.74436e-005,2.53298,0.247499,8.35694,-5.95308
0.381904,372.09,1.7594e-005,2.62892,0.310164,8.3345,-5.87865
0.381904,372.09,1.77444e-005,2.71448,0.372442,8.28296,-5.78537
0.381904,372.09,1.78947e-005,2.78933,0.434113,8.20225,-5.67335
0.381904,372.09,1.80451e-005,2.85317,0.494958,8.09241,-5.54279
0.381904,372.09,1.81955e-005,2.90575,0.55476,7.95358,-5.39393
0.381904,372.09,1.83459e-005,2.94686,0.613301,7.78603,-5.22709
0.381904,372.09,1.84962e-005,2.97634,0.67037,7.59013,-5.04264
0.381904,372.09,1.86466e-005,2.99408,0.725756,7.36635,-4.84102
0.381904,372.09,1.8797e-005,3,0.779254,7.11527,-4.62275
0.381904,372.09,1.89474e-005,2.99408,0.830665,6.83757,-4.38839
0.381904,372.09,1.90977e-005,2.97634,0.879793,6.53407,-4.13856
0.381904,372.09,1.92481e-005,2.94686,0.926452,6.20563,-3.87396
0.381904,372.09,1.93985e-005,2.90575,0.970461,5.85326,-3.59533
0.381904,372.09,1.95489e-005,2.85317,1.01165,5.47804,-3.30346
0.381904,372.09,1.96992e-005,2.78933,1.04985,5.08114,-2.99921
0.381904,372.09,1.98496e-005,2.71448,1.08492,4.66384,-2.68346
0.381904,372.09,2e-005,2.62892,1.11671,4.22746,-2.35717
0.381904,372.09,2.01504e-005,2.53298,1.14508,3.77345,-2.02132
0.381904,372.09,2.03008e-005,2.42705,1.16991,3.30329,-1.67694
0.381904,372.09,2.04511e-005,2.31154,1.19111,2.81856,-1.32508
0.381904,372.09,2.06015e-005,2.18691,1.20856,2.32088,-0.966854
0.381904,372.09,2.07519e-005,2.05364,1.22218,1.81194,-0.603378
0.381904,372.09,2.09023e-005,1.91227,1.23191,1.29347,-0.235805
0.381904,372.09,2.10526e-005,1.76336,1.23767,0.767256,0.134693
0.381904,372.09,2.1203e-005,1.60748,1.23944,0.235114,0.506925
0.381904,372.09,2.13534e-005,1.44526,1.23718,-0.301106,0.87969
0.381904,372.09,2.15038e-005,1.27734,1.23087,-0.83953,1.25177
0.381904,372.09,2.16541e-005,1.10437,1.2205,-1.37827,1.62196
0.381904,372.09,2.18045e-005,0.927051,1.2061,-1.91541,1.98903
0.381904,372.09,2.19549e-005,0.74607,1.18769,-2.44906,2.35176
0.381904,372.09,2.21053e-005,0.562144,1.1653,-2.97731,2.70896
0.381904,372.09,2.22556e-005,0.376,1.139,-3.49827,3.05943
0.381904,372.09,2.2406e-005,0.188372,1.10885,-4.01006,3.40199
0.381904,372.09,2.25564e-005,1.10215e-015,1.07493,-4.51083,3.73547
0.381904,372.09,2.27068e-005,-0.188372,1.03735,-4.99878,4.05876
0.381904,372.09,2.28571e-005,-0.376,0.996203,-5.47211,4.37075
0.381904,372.09,2.30075e-005,-0.562144,0.951624,-5.92909,4.67036
0.381904,372.09,2.31579e-005,-0.74607,0.903744,-6.36805,4.95656
0.381904,372.09,2.33083e-005,-0.927051,0.852711,-6.78735,5.22836
0.381904,372.09,2.34586e-005,-1.10437,0.798685,-7.18545,5.48482
0.381904,372.09,2.3609e-005,-1.27734,0.741837,-7.56084,5.72502
0.381904,372.09,2.37594e-005,-1.44526,0.682347,-7.91212,5.94813
0.381904,372.09,2.39098e-005,-1.60748,0.620408,-8.23796,6.15335
0.381904,372.09,2.40602e-005,-1.76336,0.556219,-8.53711,6.33994
0.381904,372.09,2.42105e-005,-1.91227,0.48999,-8.80843,6.50722
0.381904,372.09,2.43609e-005,-2.05364,0.421938,-9.05085,6.65459
0.381904,372.09,2.45113e-005,-2.18691,0.352289,-9.26343,6.78148
0.381904,372.09,2.46617e-005,-2.31154,0.281271,-9.44531,6.88744
0.381904,372.09,2.4812e-005,-2.42705,0.209123,-9.59576,6.97203
0.381904,372.09,2.49624e-005,-2.53298,0.136084,-9.71414,7.03492
0.381904,372.09,2.51128e-005,-2.62892,0.0624003,-9.79993,7.07585
0.381904,372.09,2.52632e-005,-2.71448,-0.0116804,-9.85273,7.09462
0.381904,372.09,2.54135e-005,-2.78933,-0.0859079,-9.87227,7.0911
0.381904,372.09,2.55639e-005,-2.85317,-0.160031,-9.85837,7.06527
0.381904,372.09,2.57143e-005,-2.90575,-0.233798,-9.81099,7.01714
0.381904,372.09,2.58647e-005,-2.94686,-0.306957,-9.7302,6.94682
0.381904,372.09,2.6015e-005,-2.97634,-0.37926,-9.61621,6.85451
0.381904,372.09,2.61654e-005,-2.99408,-0.450457,-9.46933,6.74044
0.381904,372.09,2.63158e-005,-3,-0.520307,-9.28998,6.60497
0.381904,372.09,2.64662e-005,-2.99408,-0.588568,-9.07874,6.44848
0.381904,372.09,2.66165e-005,-2.97634,-0.655006,-8.83626,6.27147
0.381904,372.09,2.67669e-005,-2.94686,-0.719392,-8.56333,6.07448
0.381904,372.09,2.69173e-005,-2.90575,-0.781504,-8.26083,5.85812
0.381904,372.09,2.70677e-005,-2.85317,-0.841126,-7.92978,5.62308
0.381904,372.09,2.7218e-005,-2.78933,-0.898053,-7.57128,5.37011
0.381904,372.09,2.73684e-005,-2.71448,-0.952087,-7.18654,5.10002
0.381904,372.09,2.75188e-005,-2.62892,-1.00304,-6.77685,4.81367
0.381904,372.09,2.76692e-005,-2.53298,-1.05074,-6.34362,4.51201
0.381904,372.09,2.78195e-005,-2.42705,-1.09501,-5.88832,4.196
0.381904,372.09,2.79699e-005,-2.31154,-1.13571,-5.41253,3.86667
0.381904,372.09,2.81203e-005,-2.18691,-1.17268,-4.91787,3.52511
0.381904,372.09,2.82707e-005,-2.05364,-1.20581,-4.40606,3.17242
0.381904,372.09,2.84211e-005,-1.91227,-1.23498,-3.87888,2.80977
0.381904,372.09,2.85714e-005,-1.76336,-1.26007,-3.33815,2.43835
0.381904,372.09,2.87218e-005,-1.60748,-1.28102,-2.78575,2.05938
0.381904,372.09,2.88722e-005,-1.44526,-1.29774,-2.22362,1.67411
0.381904,372.09,2.90226e-005,-1.27734,-1.31017,-1.65371,1.28381
0.381904,372.09,2.91729e-005,-1.10437,-1.31828,-1.07801,0.889775
0.381904,372.09,2.93233e-005,-0.927051,-1.32203,-0.498548,0.4933
0.381904,372.09,2.94737e-005,-0.74607,-1.3214,0.0826567,0.0956981
0.381904,372.09,2.96241e-005,-0.562144,-1.31642,0.663563,-0.301717
0.381904,372.09,2.97744e-005,-0.376,-1.30708,1.24213,-0.697631
0.381904,372.09,2.99248e-005,-0.188372,-1.29342,1.81634,-1.09074
0.381904,372.09,3.00752e-005,-1.46953e-015,-1.27549,2.38416,-1.47974
0.381904,372.09,3.02256e-005,0.188372,-1.25336,2.9436,-1.86334
0.381904,372.09,3.03759e-005,0.376,-1.2271,3.4927,-2.24029
0.381904,372.09,3.05263e-005,0.562144,-1.1968,4.02954,-2.60935
0.381904,372.09,3.06767e-005,0.74607,-1.16258,4.55222,-2.96929
0.381904,372.09,3.08271e-005,0.927051,-1.12454,5.05891,-3.31893
0.381904,372.09,3.09774e-005,1.10437,-1.08283,5.54785,-3.65714
0.381904,372.09,3.11278e-005,1.27734,-1.03758,6.0173,-3.9828
0.381904,372.09,3.12782e-005,1.44526,-0.988969,6.46565,-4.29486
0.381904,372.09,3.14286e-005,1.60748,-0.937155,6.89131,-4.59229
0.381904,372.09,3.15789e-005,1.76336,-0.882322,7.2928,-4.87414
0.381904,372.09,3.17293e-005,1.91227,-0.824662,7.66874,-5.1395
0.381904,372.09,3.18797e-005,2.05364,-0.764378,8.01781,-5.38752
0.381904,372.09,3.20301e-005,2.18691,-0.70168,8.33881,-5.61741
0.381904,372.09,3.21805e-005,2.31154,-0.636788,8.63063,-5.82844
0.381904,372.09,3.23308e-005,2.42705,-0.569929,8.89228,-6.01996
0.381904,372.09,3.24812e-005,2.53298,-0.501336,9.12287,-6.19136
0.381904,372.09,3.26316e-005,2.62892,-0.431248,9.32162,-6.34214
0.381904,372.09,3.2782e-005,2.71448,-0.359911,9.48787,-6.47184
0.381904,372.09,3.29323e-005,2.78933,-0.287572,9.62108,-6.58008
0.381904,372.09,3.30827e-005,2.85317,-0.214483,9.72083,-6.66657
0.381904,372.09,3.32331e-005,2.90575,-0.140898,9.7868,-6.73108
0.381904,372.09,3.33835e-005,2.94686,-0.0670723,9.81884,-6.77345
0.381904,372.09,3.35338e-005,2.97634,0.00673879,9.81687,-6.79363
0.381904,372.09,3.36842e-005,2.99408,0.0802799,9.78097,-6.7916
0.381904,372.09,3.38346e-005,3,0.153297,9.71132,-6.76745
0.381904,372.09,3.3985e-005,2.99408,0.22554,9.60824,-6.72135
0.381904,372.09,3.41353e-005,2.97634,0.296759,9.47215,-6.65352
0.381904,372.09,3.42857e-005,2.94686,0.366711,9.30362,-6.56427
0.381904,372.09,3.44361e-005,2.90575,0.435157,9.10331,-6.45398
0.381904,372.09,3.45865e-005,2.85317,0.501864,8.87199,-6.3231
0.381904,372.09,3.47368e-005,2.78933,0.566605,8.61057,-6.17217
0.381904,372.09,3.48872e-005,2.71448,0.629161,8.32004,-6.00176
0.381904,372.09,3.50376e-005,2.62892,0.689323,8.00152,-5.81254
0.381904,372.09,3.5188e-005,2.53298,0.746889,7.6562,-5.60522
0.381904,372.09,3.53383e-005,2.42705,0.801666,7.28539,-5.3806
0.381904,372.09,3.54887e-005,2.31154,0.853474,6.89047,-5.13949
0.381904,372.09,3.56391e-005,2.18691,0.902143,6.47293,-4.88281
0.381904,372.09,3.57895e-005,2.05364,0.947513,6.03431,-4.61149
0.381904,372.09,3.59398e-005,1.91227,0.98944,5.57625,-4.32652
0.381904,372.09,3.60902e-005,1.76336,1.02779,5.10044,-4.02895
0.381904,372.09,3.62406e-005,1.60748,1.06244,4.60864,-3.71984
0.381904,372.09,3.6391e-005,1.44526,1.09329,4.10266,-3.40031
0.381904,372.09,3.65414e-005,1.27734,1.12024,3.58436,-3.0715
0.381904,372.09,3.66917e-005,1.10437,1.14321,3.05563,-2.73458
0.381904,372.09,3.68421e-005,0.927051,1.16215,2.51842,-2.39076
0.381904,372.09,3.69925e-005,0.74607,1.177,1.97468,-2.04124
0.381904,372.09,3.71429e-005,0.562144,1.18772,1.42639,-1.68726
0.381904,372.09,3.72932e-005,0.376,1.1943,0.875538,-1.33005
0.381904,372.09,3.74436e-005,0.188372,1.19674,0.324118,-0.970861
0.381904,372.09,3.7594e-005,1.83691e-015,1.19504,-0.225879,-0.610939
0.381904,372.09,3.77444e-005,-0.188372,1.18923,-0.772474,-0.251528
0.381904,372.09,3.78947e-005,-0.376,1.17936,-1.31371,0.106136
0.381904,372.09,3.80451e-005,-0.562144,1.16546,-1.84764,0.46083
0.381904,372.09,3.81955e-005,-0.74607,1.14763,-2.37236,0.811345
0.381904,372.09,3.83459e-005,-0.927051,1.12593,-2.88602,1.1565
0.381904,372.09,3.84962e-005,-1.10437,1.10046,-3.3868,1.49512
0.381904,372.09,3.86466e-005,-1.27734,1.07134,-3.87292,1.82609
0.381904,372.09,3.8797e-005,-1.44526,1.03869,-4.34269,2.1483
0.381904,372.09,3.89474e-005,-1.60748,1.00264,-4.79447,2.46068
0.381904,372.09,3.90977e-005,-1.76336,0.963344,-5.22668,2.76223
0.381904,372.09,3.92481e-005,-1.91227,0.920954,-5.63785,3.05196
0.381904,372.09,3.93985e-005,-2.05364,0.875642,-6.02655,3.32894
0.381904,372.09,3.95489e-005,-2.18691,0.827586,-6.39148,3.59229
0.381904,372.09,3.96992e-005,-2.31154,0.776973,-6.73141,3.84119
0.381904,372.09,3.98496e-005,-2.42705,0.724002,-7.04521,4.07486
0.381904,372.09,4e-005,-2.53298,0.668875,-7.33185,4.29261
0.381904,372.09,4.01504e-005,-2.62892,0.611805,-7.5904,4.49377
0.381904,372.09,4.03008e-005,-2.71448,0.553007,-7.82006,4.67777
0.381904,372.09,4.04511e-005,-2.78933,0.492706,-8.02011,4.84409
0.381904,372.09,4.06015e-005,-2.85317,0.431127,-8.18997,4.99227
0.381904,372.09,4.07519e-005,-2.90575,0.368502,-8.32915,5.12194
0.381904,372.09,4.09023e-005,-2.94686,0.305063,-8.4373,5.23276
0.381904,372.09,4.10526e-005,-2.97634,0.241047,-8.51417,5.32451
0.381904,372.09,4.1203e-005,-2.99408,0.176689,-8.55964,5.39701
0.381904,372.09,4.13534e-005,-3,0.112225,-8.5737,5.45015
0.381904,372.09,4.15038e-005,-2.99408,0.0478907,-8.55645,5.4839
0.381904,372.09,4.16541e-005,-2.97634,-0.0160802,-8.50813,5.4983
0.381904,372.09,4.18045e-005,-2.94686,-0.0794568,-8.42908,5.49347
0.381904,372.09,4.19549e-005,-2.90575,-0.142011,-8.31976,5.46957
0.381904,372.09,4.21053e-005,-2.85317,-0.203521,-8.18073,5.42686
0.381904,372.09,4.22556e-005,-2.78933,-0.263766,-8.01267,5.36565
0.381904,372.09,4.2406e-005,-2.71448,-0.322536,-7.81636,5.28632
0.381904,372.09,4.25564e-005,-2.62892,-0.379624,-7.59271,5.18932
0.381904,372.09,4.27068e-005,-2.53298,-0.434832,-7.34268,5.07515
0.381904,372.09,4.28571e-005,-2.42705,-0.48797,-7.06736,4.94437
0.381904,372.09,4.30075e-005,-2.31154,-0.538857,-6.76794,4.79761
0.381904,372.09,4.31579e-005,-2.18691,-0.58732,-6.44566,4.63555
0.381904,372.09,4.33083e-005,-2.05364,-0.633199,-6.10187,4.45891
0.381904,372.09,4.34586e-005,-1.91227,-0.676342,-5.73798,4.26847
0.381904,372.09,4.3609e-005,-1.76336,-0.716609,-5.35549,4.06506
0.381904,372.09,4.37594e-005,-1.60748,-0.753871,-4.95594,3.84954
0.381904,372.09,4.39098e-005,-1.44526,-0.788014,-4.54093,3.62281
0.381904,372.09,4.40602e-005,-1.27734,-0.818932,-4.11214,3.38582
0.381904,372.09,4.42105e-005,-1.10437,-0.846535,-3.67126,3.13952
0.381904,372.09,4.43609e-005,-0.927051,-0.870746,-3.22004,2.88493
0.381904,372.09,4.45113e-005,-0.74607,-0.8915,-2.76025,2.62305
0.381904,372.09,4.46617e-005,-0.562144,-0.908746,-2.29369,2.35493
0.381904,372.09,4.4812e-005,-0.376,-0.922446,-1.82218,2.08162
0.381904,372.09,4.49624e-005,-0.188372,-0.932578,-1.34754,1.80419
0.381904,372.09,4.51128e-005,-2.20429e-015,-0.939132,-0.871613,1.52372
0.381904,372.09,4.52632e-005,0.188372,-0.942111,-0.396214,1.24127
0.381904,372.09,4.54135e-005,0.376,-0.941533,0.0768391,0.95793
0.381904,372.09,4.55639e-005,0.562144,-0.93743,0.545747,0.674762
0.381904,372.09,4.57143e-005,0.74607,-0.929845,1.00874,0.392828
0.381904,372.09,4.58647e-005,0.927051,-0.918837,1.46407,0.113175
0.381904,372.09,4.6015e-005,1.10437,-0.904476,1.91004,-0.163167
0.381904,372.09,4.61654e-005,1.27734,-0.886845,2.34498,-0.435189
0.381904,372.09,4.63158e-005,1.44526,-0.866038,2.7673,-0.70191
0.381904,372.09,4.64662e-005,1.60748,-0.842163,3.17543,-0.962372
0.381904,372.09,4.66165e-005,1.76336,-0.815336,3.56789,-1.21565
0.381904,372.09,4.67669e-005,1.91227,-0.785688,3.94326,-1.46087
0.381904,372.09,4.69173e-005,2.05364,-0.753355,4.3002,-1.69717
0.381904,372.09,4.70677e-005,2.18691,-0.718488,4.63743,-1.92374
0.381904,372.09,4.7218e-005,2.31154,-0.681241,4.95377,-2.13982
0.381904,372.09,4.73684e-005,2.42705,-0.641782,5.24812,-2.34471
0.381904,372.09,4.75188e-005,2.53298,-0.600282,5.51947,-2.53773
0.381904,372.09,4.76692e-005,2.62892,-0.556921,5.76693,-2.71826
0.381904,372.09,4.78195e-005,2.71448,-0.511886,5.98966,-2.88576
0.381904,372.09,4.79699e-005,2.78933,-0.465368,6.18697,-3.03971
0.381904,372.09,4.81203e-005,2.85317,-0.417561,6.35825,-3.17967
0.381904,372.09,4.82707e-005,2.90575,-0.368667,6.50298,-3.30525
0.381904,372.09,4.84211e-005,2.94686,-0.318887,6.62078,-3.41613
0.381904,372.09,4.85714e-005,2.97634,-0.268425,6.71136,-3.51203
0.381904,372.09,4.87218e-005,2.99408,-0.217489,6.77454,-3.59276
0.381904,372.09,4.88722e-005,3,-0.166284,6.81025,-3.65817
0.381904,372.09,4.90226e-005,2.99408,-0.115017,6.81854,-3.70818
0.381904,372.09,4.91729e-005,2.97634,-0.0638923,6.79954,-3.74277
0.381904,372.09,4.93233e-005,2.94686,-0.0131139,6.75353,-3.76199
0.381904,372.09,4.94737e-005,2.90575,0.0371181,6.68085,-3.76593
0.381904,372.09,4.96241e-005,2.85317,0.0866067,6.58199,-3.75477
0.381904,372.09,4.97744e-005,2.78933,0.135159,6.45749,-3.72872
0.381904,372.09,4.99248e-005,2.71448,0.182588,6.30805,-3.68807
0.381904,372.09,5.00752e-005,2.62892,0.228712,6.13441,-3.63316
0.381904,372.09,5.02256e-005,2.53298,0.273354,5.93743,-3.56438
0.381904,372.09,5.03759e-005,2.42705,0.316347,5.71807,-3.48216
0.381904,372.09,5.05263e-005,2.31154,0.35753,5.47736,-3.38702
0.381904,372.09,5.06767e-005,2.18691,0.396751,5.2164,-3.27949
0.381904,372.09,5.08271e-005,2.05364,0.433867,4.93638,-3.16017
0.381904,372.09,5.09774e-005,1.91227,0.468743,4.63858,-3.02968
0.381904,372.09,5.11278e-005,1.76336,0.501257,4.3243,-2.88871
0.381904,372.09,5.12782e-005,1.60748,0.531294,3.99493,-2.73796
0.381904,372.09,5.14286e-005,1.44526,0.558752,3.65192,-2.57817
0.381904,372.09,5.15789e-005,1.27734,0.58354,3.29675,-2.41012
0.381904,372.09,5.17293e-005,1.10437,0.605577,2.93096,-2.23462
0.381904,372.09,5.18797e-005,0.927051,0.624796,2.5561,-2.05249
0.381904,372.09,5.20301e-005,0.74607,0.64114,2.17377,-1.86458
0.381904,372.09,5.21805e-005,0.562144,0.654565,1.78559,-1.67176
0.381904,372.09,5.23308e-005,0.376,0.66504,1.39319,-1.4749
0.381904,372.09,5.24812e-005,0.188372,0.672546,0.99823,-1.27489
0.381904,372.09,5.26316e-005,2.57167e-015,0.677075,0.602341,-1.07262
0.381904,372.09,5.2782e-005,-0.188372,0.678632,0.207171,-0.868986
0.381904,372.09,5.29323e-005,-0.376,0.677237,-0.185646,-0.664886
0.381904,372.09,5.30827e-005,-0.562144,0.672917,-0.574495,-0.461205
0.381904,372.09,5.32331e-005,-0.74607,0.665716,-0.957781,-0.258824
0.381904,372.09,5.33835e-005,-0.927051,0.655686,-1.33394,-0.0586092
0.381904,372.09,5.35338e-005,-1.10437,0.642893,-1.70145,0.13859
0.381904,372.09,5.36842e-005,-1.27734,0.627413,-2.05882,0.331941
0.381904,372.09,5.38346e-005,-1.44526,0.609333,-2.40462,0.520637
0.381904,372.09,5.3985e-005,-1.60748,0.588751,-2.73745,0.703895
0.381904,372.09,5.41353e-005,-1.76336,0.565774,-3.056,0.880963
0.381904,372.09,5.42857e-005,-1.91227,0.540518,-3.35901,1.05112
0.381904,372.09,5.44361e-005,-2.05364,0.51311,-3.64528,1.21368
0.381904,372.09,5.45865e-005,-2.18691,0.483684,-3.9137,1.368
0.381904,372.09,5.47368e-005,-2.31154,0.452381,-4.16322,1.51347
0.381904,372.09,5.48872e-005,-2.42705,0.419352,-4.3929,1.64952
0.381904,372.09,5.50376e-005,-2.53298,0.384751,-4.60186,1.77564
0.381904,372.09,5.5188e-005,-2.62892,0.348741,-4.78932,1.89136
0.381904,372.09,5.53383e-005,-2.71448,0.311489,-4.95458,1.99624
0.381904,372.09,5.54887e-005,-2.78933,0.273165,-5.09706,2.08993
0.381904,372.09,5.56391e-005,-2.85317,0.233945,-5.21626,2.17208
0.381904,372.09,5.57895e-005,-2.90575,0.194007,-5.31177,2.24244
0.381904,372.09,5.59398e-005,-2.94686,0.153531,-5.38331,2.30079
0.381904,372.09,5.60902e-005,-2.97634,0.112699,-5.43066,2.34696
0.381904,372.09,5.62406e-005,-2.99408,0.0716934,-5.45374,2.38086
0.381904,372.09,5.6391e-005,-3,0.0306968,-5.45255,2.40242
0.381904,372.09,5.65414e-005,-2.99408,-0.0101092,-5.4272,2.41165
0.381904,372.09,5.66917e-005,-2.97634,-0.0505444,-5.37789,2.40861
0.381904,372.09,5.68421e-005,-2.94686,-0.0904311,-5.30493,2.39341
0.381904,372.09,5.69925e-005,-2.90575,-0.129594,-5.20873,2.36621
0.381904,372.09,5.71429e-005,-2.85317,-0.167864,-5.08979,2.32724
0.381904,372.09,5.72932e-005,-2.78933,-0.205072,-4.9487,2.27675
0.381904,372.09,5.74436e-005,-2.71448,-0.241058,-4.78616,2.21507
0.381904,372.09,5.7594e-005,-2.62892,-0.275667,-4.60294,2.14258
0.381904,372.09,5.77444e-005,-2.53298,-0.308748,-4.39989,2.05967
0.381904,372.09,5.78947e-005,-2.42705,-0.340162,-4.17797,1.96681
0.381904,372.09,5.80451e-005,-2.31154,-0.369772,-3.93819,1.86451
0.381904,372.09,5.81955e-005,-2.18691,-0.397454,-3.68164,1.7533
0.381904,372.09,5.83459e-005,-2.05364,-0.423089,-3.40949,1.63376
0.381904,372.09,5.84962e-005,-1.91227,-0.44657,-3.12295,1.50652
0.381904,372.09,5.86466e-005,-1.76336,-0.467798,-2.8233,1.37221
0.381904,372.09,5.8797e-005,-1.60748,-0.486684,-2.51189,1.23152
0.381904,372.09,5.89474e-005,-1.44526,-0.503151,-2.1901,1.08515
0.381904,372.09,5.90977e-005,-1.27734,-0.517131,-1.85934,0.933826
0.381904,372.09,5.92481e-005,-1.10437,-0.528568,-1.52107,0.778298
0.381904,372.09,5.93985e-005,-0.927051,-0.537416,-1.17678,0.61933
0.381904,372.09,5.95489e-005,-0.74607,-0.543641,-0.827984,0.457702
0.381904,372.09,5.96992e-005,-0.562144,-0.547221,-0.476205,0.294201
0.381904,372.09,5.98496e-005,-0.376,-0.548146,-0.122979,0.129623
0.381904,372.09,6e-005,-0.188372,-0.546416,0.230152,-0.0352333
0.381904,372.09,6.01504e-005,-2.93906e-015,-0.542042,0.581649,-0.199569
0.381904,372.09,6.03008e-005,0.188372,-0.53505,0.929983,-0.362589
0.381904,372.09,6.04511e-005,0.376,-0.525474,1.27364,-0.523506
0.381904,372.09,6.06015e-005,0.562144,-0.51336,1.61112,-0.681544
0.381904,372.09,6.07519e-005,0.74607,-0.498766,1.94097,-0.835938
0.381904,372.09,6.09023e-005,0.927051,-0.481761,2.26175,-0.985942
0.381904,372.09,6.10526e-005,1.10437,-0.462422,2.57208,-1.13083
0.381904,372.09,6.1203e-005,1.27734,-0.440838,2.87059,-1.26991
0.381904,372.09,6.13534e-005,1.44526,-0.417109,3.15601,-1.40249
0.381904,372.09,6.15038e-005,1.60748,-0.391341,3.42708,-1.52794
0.381904,372.09,6.16541e-005,1.76336,-0.363652,3.68263,-1.64563
0.381904,372.09,6.18045e-005,1.91227,-0.334167,3.92156,-1.755
0.381904,372.09,6.19549e-005,2.05364,-0.303018,4.14281,-1.8555
0.381904,372.09,6.21053e-005,2.18691,-0.270346,4.34543,-1.94664
0.381904,372.09,6.22556e-005,2.31154,-0.236297,4.52852,-2.02794
0.381904,372.09,6.2406e-005,2.42705,-0.201024,4.69129,-2.09901
0.381904,372.09,6.25564e-005,2.53298,-0.164685,4.83302,-2.15947
0.381904,372.09,6.27068e-005,2.62892,-0.127444,4.95307,-2.209
0.381904,372.09,6.28571e-005,2.71448,-0.0894673,5.05092,-2.24733
0.381904,372.09,6.30075e-005,2.78933,-0.050925,5.12612,-2.27423
0.381904,372.09,6.31579e-005,2.85317,-0.0119902,5.17833,-2.28955
0.381904,372.09,6.33083e-005,2.90575,0.0271624,5.20729,-2.29316
0.381904,372.09,6.34586e-005,2.94686,0.0663568,5.21286,-2.28499
0.381904,372.09,6.3609e-005,2.97634,0.105417,5.19497,-2.26503
0.381904,372.09,6.37594e-005,2.99408,0.144166,5.15369,-2.23333
0.381904,372.09,6.39098e-005,3,0.182431,5.08916,-2.18997
0.381904,372.09,6.40602e-005,2.99408,0.220037,5.00162,-2.1351
0.381904,372.09,6.42105e-005,2.97634,0.256814,4.89141,-2.06892
0.381904,372.09,6.43609e-005,2.94686,0.292596,4.75897,-1.99169
0.381904,372.09,6.45113e-005,2.90575,0.327219,4.60484,-1.90369
0.381904,372.09,6.46617e-005,2.85317,0.360525,4.42964,-1.80528
0.381904,372.09,6.4812e-005,2.78933,0.39236,4.23408,-1.69685
0.381904,372.09,6.49624e-005,2.71448,0.422578,4.01897,-1.57885
0.381904,372.09,6.51128e-005,2.62892,0.451038,3.78519,-1.45175
0.381904,372.09,6.52632e-005,2.53298,0.477607,3.5337,-1.3161
0.381904,372.09,6.54135e-005,2.42705,0.50216,3.26555,-1.17246
0.381904,372.09,6.55639e-005,2.31154,0.52458,2.98184,-1.02144
0.381904,372.09,6.57143e-005,2.18691,0.544758,2.68376,-0.863669
0.381904,372.09,6.58647e-005,2.05364,0.562597,2.37255,-0.699832
0.381904,372.09,6.6015e-005,1.91227,0.578007,2.04951,-0.53063
0.381904,372.09,6.61654e-005,1.76336,0.590909,1.71598,-0.356793
0.381904,372.09,6.63158e-005,1.60748,0.601235,1.37336,-0.179076
0.381904,372.09,6.64662e-005,1.44526,0.608928,1.0231,0.0017461
0.381904,372.09,6.66165e-005,1.27734,0.61394,0.666664,0.184882
0.381904,372.09,6.67669e-005,1.10437,0.616237,0.305551,0.369526
0.381904,372.09,6.69173e-005,0.927051,0.615796,-0.0587122,0.55486
0.381904,372.09,6.70677e-005,0.74607,0.612604,-0.424587,0.740062
0.381904,372.09,6.7218e-005,0.562144,0.60666,-0.790522,0.924304
0.381904,372.09,6.73684e-005,0.376,0.597976,-1.15496,1.10676
0.381904,372.09,6.75188e-005,0.188372,0.586575,-1.51636,1.2866
0.381904,372.09,6.76692e-005,3.30644e-015,0.572491,-1.87317,1.46301
0.381904,372.09,6.78195e-005,-0.188372,0.55577,-2.22388,1.63519
0.381904,372.09,6.79699e-005,-0.376,0.536469,-2.56696,1.80234
0.381904,372.09,6.81203e-005,-0.562144,0.514658,-2.90095,1.96368
0.381904,372.09,6.82707e-005,-0.74607,0.490414,-3.22441,2.11847
0.381904,372.09,6.84211e-005,-0.927051,0.463828,-3.53593,2.26596
0.381904,372.09,6.85714e-005,-1.10437,0.435,-3.83416,2.40546
0.381904,372.09,6.87218e-005,-1.27734,0.404039,-4.1178,2.53629
0.381904,372.09,6.88722e-005,-1.44526,0.371064,-4.38559,2.6578
0.381904,372.09,6.90226e-005,-1.60748,0.336205,-4.63635,2.7694
0.381904,372.09,6.91729e-005,-1.76336,0.299596,-4.86896,2.87051
0.381904,372.09,6.93233e-005,-1.91227,0.261383,-5.08238,2.96062
0.381904,372.09,6.94737e-005,-2.05364,0.221716,-5.27564,3.03923
0.381904,372.09,6.96241e-005,-2.18691,0.180755,-5.44785,3.10591
0.381904,372.09,6.97744e-005,-2.31154,0.138663,-5.59821,3.16027
0.381904,372.09,6.99248e-005,-2.42705,0.0956105,-5.72599,3.20198
0.381904,372.09,7.00752e-005,-2.53298,0.0517717,-5.83057,3.23073
0.381904,372.09,7.02256e-005,-2.62892,0.00732489,-5.91142,3.2463
0.381904,372.09,7.03759e-005,-2.71448,-0.0375481,-5.96811,3.2485
0.381904,372.09,7.05263e-005,-2.78933,-0.082663,-6.00029,3.23721
0.381904,372.09,7.06767e-005,-2.85317,-0.127834,-6.00772,3.21235
0.381904,372.09,7.08271e-005,-2.90575,-0.172873,-5.99027,3.1739
0.381904,372.09,7.09774e-005,-2.94686,-0.217594,-5.94789,3.12191
0.381904,372.09,7.11278e-005,-2.97634,-0.26181,-5.88066,3.05647
0.381904,372.09,7.12782e-005,-2.99408,-0.305334,-5.78874,2.97773
0.381904,372.09,7.14286e-005,-3,-0.347984,-5.6724,2.8859
0.381904,372.09,7.15789e-005,-2.99408,-0.389578,-5.532,2.78124
0.381904,372.09,7.17293e-005,-2.97634,-0.429939,-5.36801,2.66408
0.381904,372.09,7.18797e-005,-2.94686,-0.468894,-5.181,2.53477
0.381904,372.09,7.20301e-005,-2.90575,-0.506274,-4.97163,2.39375
0.381904,372.09,7.21805e-005,-2.85317,-0.541918,-4.74065,2.24149
0.381904,372.09,7.23308e-005,-2.78933,-0.57567,-4.4889,2.07851
0.381904,372.09,7.24812e-005,-2.71448,-0.607379,-4.21732,1.90537
0.381904,372.09,7.26316e-005,-2.62892,-0.636904,-3.92691,1.7227
0.381904,372.09,7.2782e-005,-2.53298,-0.664113,-3.61878,1.53115
0.381904,372.09,7.29323e-005,-2.42705,-0.688881,-3.29409,1.33142
0.381904,372.09,7.30827e-005,-2.31154,-0.711092,-2.95408,1.12424
0.381904,372.09,7.32331e-005,-2.18691,-0.730641,-2.60005,0.910374
0.381904,372.09,7.33835e-005,-2.05364,-0.747433,-2.23337,0.690633
0.381904,372.09,7.35338e-005,-1.91227,-0.761384,-1.85547,0.465841
0.381904,372.09,7.36842e-005,-1.76336,-0.772421,-1.46781,0.236853
0.381904,372.09,7.38346e-005,-1.60748,-0.78048,-1.07191,0.00454588
0.381904,372.09,7.3985e-005,-1.44526,-0.785513,-0.669327,-0.230185
0.381904,372.09,7.41353e-005,-1.27734,-0.78748,-0.26164,-0.466429
0.381904,372.09,7.42857e-005,-1.10437,-0.786355,0.149535,-0.703265
0.381904,372.09,7.44361e-005,-0.927051,-0.782126,0.56257,-0.939763
0.381904,372.09,7.45865e-005,-0.74607,-0.774789,0.975819,-1.17499
0.381904,372.09,7.47368e-005,-0.562144,-0.764355,1.38763,-1.40801
0.381904,372.09,7.48872e-005,-0.376,-0.750849,1.79636,-1.63789
0.381904,372.09,7.50376e-005,-0.188372,-0.734305,2.20037,-1.86371
0.381904,372.09,7.5188e-005,-3.67382e-015,-0.714771,2.59801,-2.08455
0.381904,372.09,7.53383e-005,0.188372,-0.692307,2.98769,-2.29952
0.381904,372.09,7.54887e-005,0.376,-0.666985,3.36783,-2.50773
0.381904,372.09,7.56391e-005,0.562144,-0.638888,3.73686,-2.70833
0.381904,372.09,7.57895e-005,0.74607,-0.608112,4.09329,-2.90048
0.381904,372.09,7.59398e-005,0.927051,-0.574761,4.43564,-3.08337
0.381904,372.09,7.60902e-005,1.10437,-0.538953,4.7625,-3.25623
0.381904,372.09,7.62406e-005,1.27734,-0.500813,5.07252,-3.41832
0.381904,372.09,7.6391e-005,1.44526,-0.46048,5.36439,-3.56894
0.381904,372.09,7.65414e-005,1.60748,-0.418097,5.6369,-3.70743
0.381904,372.09,7.66917e-005,1.76336,-0.37382,5.88888,-3.83317
0.381904,372.09,7.68421e-005,1.91227,-0.32781,6.11926,-3.9456
0.381904,372.09,7.69925e-005,2.05364,-0.280238,6.32705,-4.04419
0.381904,372.09,7.71429e-005,2.18691,-0.231281,6.51133,-4.12847
0.381904,372.09,7.72932e-005,2.31154,-0.181121,6.67129,-4.19803
0.381904,372.09,7.74436e-005,2.42705,-0.129946,6.8062,-4.2525
0.381904,372.09,7.7594e-005,2.53298,-0.0779506,6.91543,-4.29158
0.381904,372.09,7.77444e-005,2.62892,-0.0253306,6.99845,-4.31503
0.381904,372.09,7.78947e-005,2.71448,0.0277133,7.05484,-4.32265
0.381904,372.09,7.80451e-005,2.78933,0.0809784,7.08426,-4.31431
0.381904,372.09,7.81955e-005,2.85317,0.13426,7.0865,-4.28996
0.381904,372.09,7.83459e-005,2.90575,0.187354,7.06145,-4.24958
0.381904,372.09,7.84962e-005,2.94686,0.240054,7.00909,-4.19323
0.381904,372.09,7.86466e-005,2.97634,0.292156,6.92952,-4.12103
0.381904,372.09,7.8797e-005,2.99408,0.343456,6.82296,-4.03317
0.381904,372.09,7.89474e-005,3,0.393755,6.68971,-3.92987
0.381904,372.09,7.90977e-005,2.99408,0.442854,6.5302,-3.81145
0.381904,372.09,7.92481e-005,2.97634,0.49056,6.34494,-3.67826
0.381904,372.09,7.93985e-005,2.94686,0.536685,6.13456,-3.53072
0.381904,372.09,7.95489e-005,2.90575,0.581044,5.89979,-3.36932
0.381904,372.09,7.96992e-005,2.85317,0.623461,5.64144,-3.19457
0.381904,372.09,7.98496e-005,2.78933,0.663765,5.36043,-3.00706
0.381904,372.09,8e-005,2.71448,0.701793,5.05777,-2.80743
0.381904,372.09,8.01504e-005,2.62892,0.737391,4.73456,-2.59636
0.381904,372.09,8.03008e-005,2.53298,0.770414,4.39196,-2.37459
0.381904,372.09,8.04511e-005,2.42705,0.800724,4.03123,-2.14289
0.381904,372.09,8.06015e-005,2.31154,0.828195,3.65371,-1.90207
0.381904,372.09,8.07519e-005,2.18691,0.852712,3.26078,-1.65299
0.381904,372.09,8.09023e-005,2.05364,0.87417,2.85392,-1.39653
0.381904,372.09,8.10526e-005,1.91227,0.892476,2.43464,-1.13363
0.381904,372.09,8.1203e-005,1.76336,0.907547,2.00451,-0.865212
0.381904,372.09,8.13534e-005,1.60748,0.919315,1.56514,-0.592265
0.381904,372.09,8.15038e-005,1.44526,0.927723,1.11821,-0.315779
0.381904,372.09,8.16541e-005,1.27734,0.932726,0.665394,-0.0367649
0.381904,372.09,8.18045e-005,1.10437,0.934293,0.208413,0.243754
0.381904,372.09,8.19549e-005,0.927051,0.932406,-0.250996,0.524744
0.381904,372.09,8.21053e-005,0.74607,0.927059,-0.71108,0.805167
0.381904,372.09,8.22556e-005,0.562144,0.918262,-1.17008,1.08398
0.381904,372.09,8.2406e-005,0.376,0.906034,-1.62624,1.36015
0.381904,372.09,8.25564e-005,0.188372,0.890412,-2.07781,1.63264
0.381904,372.09,8.27068e-005,-6.61694e-015,0.871441,-2.52305,1.90044
0.381904,372.09,8.28571e-005,-0.188372,0.849184,-2.96025,2.16252
0.381904,372.09,8.30075e-005,-0.376,0.823712,-3.38771,2.41792
0.381904,372.09,8.31579e-005,-0.562144,0.795112,-3.80377,2.66565
0.381904,372.09,8.33083e-005,-0.74607,0.763482,-4.20683,2.90478
0.381904,372.09,8.34586e-005,-0.927051,0.728931,-4.59531,3.1344
0.381904,372.09,8.3609e-005,-1.10437,0.69158,-4.9677,3.35363
0.381904,372.09,8.37594e-005,-1.27734,0.651561,-5.32254,3.56162
0.381904,372.09,8.39098e-005,-1.44526,0.609016,-5.65844,3.75758
0.381904,372.09,8.40602e-005,-1.60748,0.564098,-5.97408,3.94074
0.381904,372.09,8.42105e-005,-1.76336,0.516969,-6.2682,4.1104
0.381904,372.09,8.43609e-005,-1.91227,0.467799,-6.53964,4.26587
0.381904,372.09,8.45113e-005,-2.05364,0.416766,-6.78731,4.40657
0.381904,372.09,8.46617e-005,-2.18691,0.364058,-7.01024,4.53191
0.381904,372.09,8.4812e-005,-2.31154,0.309866,-7.20751,4.6414
0.381904,372.09,8.49624e-005,-2.42705,0.25439,-7.37832,4.73459
0.381904,372.09,8.51128e-005,-2.53298,0.197834,-7.52197,4.8111
0.381904,372.09,8.52632e-005,-2.62892,0.140406,-7.63785,4.8706
0.381904,372.09,8.54135e-005,-2.71448,0.0823197,-7.72549,4.91283
0.381904,372.09,8.55639e-005,-2.78933,0.0237898,-7.78448,4.93758
0.381904,372.09,8.57143e-005,-2.85317,-0.0349661,-7.81454,4.94474
0.381904,372.09,8.58647e-005,-2.90575,-0.0937295,-7.81552,4.93422
0.381904,372.09,8.6015e-005,-2.94686,-0.152281,-7.78736,4.90603
0.381904,372.09,8.61654e-005,-2.97634,-0.210402,-7.7301,4.86024
0.381904,372.09,8.63158e-005,-2.99408,-0.267875,-7.64391,4.79696
0.381904,372.09,8.64662e-005,-3,-0.324485,-7.52908,4.71639
0.381904,372.09,8.66165e-005,-2.99408,-0.380018,-7.38599,4.6188
0.381904,372.09,8.67669e-005,-2.97634,-0.434268,-7.21513,4.50451
0.381904,372.09,8.69173e-005,-2.94686,-0.487028,-7.01711,4.37391
0.381904,372.09,8.70677e-005,-2.90575,-0.5381,-6.79263,4.22743
0.381904,372.09,8.7218e-005,-2.85317,-0.587292,-6.5425,4.0656
0.381904,372.09,8.73684e-005,-2.78933,-0.634417,-6.26763,3.88897
0.381904,372.09,8.75188e-005,-2.71448,-0.679297,-5.96903,3.69816
0.381904,372.09,8.76692e-005,-2.62892,-0.721761,-5.64779,3.49387
0.381904,372.09,8.78195e-005,-2.53298,-0.761649,-5.30509,3.27679
0.381904,372.09,8.79699e-005,-2.42705,-0.798809,-4.9422,3.04773
0.381904,372.09,8.81203e-005,-2.31154,-0.833098,-4.56046,2.80748
0.381904,372.09,8.82707e-005,-2.18691,-0.864386,-4.16129,2.55693
0.381904,372.09,8.84211e-005,-2.05364,-0.892553,-3.74618,2.29696
0.381904,372.09,8.85714e-005,-1.91227,-0.91749,-3.31668,2.02853
0.381904,372.09,8.87218e-005,-1.76336,-0.939102,-2.87439,1.75259
0.381904,372.09,8.88722e-005,-1.60748,-0.957305,-2.42097,1.47015
0.381904,372.09,8.90226e-005,-1.44526,-0.972027,-1.95811,1.18224
0.381904,372.09,8.91729e-005,-1.27734,-0.983212,-1.48755,0.889901
0.381904,372.09,8.93233e-005,-1.10437,-0.990814,-1.01106,0.594199
0.381904,372.09,8.94737e-005,-0.927051,-0.994802,-0.530436,0.296209
0.381904,372.09,8.96241e-005,-0.74607,-0.995159,-0.0474769,-0.0029792
0.381904,372.09,8.97744e-005,-0.562144,-0.991881,0.435994,-0.302275
0.381904,372.09,8.99248e-005,-0.376,-0.984978,0.918156,-0.600585
0.381904,372.09,9.00752e-005,-0.188372,-0.974472,1.39719,-0.896819
0.381904,372.09,0.000827068,2.35368e-014,-0.808966,1.3412,-0.768484
0.381904,372.09,0.000827218,0.188372,-0.795689,1.76582,-1.01178
0.381904,372.09,0.000827368,0.376,-0.779272,2.18347,-1.25109
0.381904,372.09,0.000827519,0.562144,-0.759779,2.5925,-1.48545
0.381904,372.09,0.000827669,0.74607,-0.737288,2.9913,-1.71396
0.381904,372.09,0.00082782,0.927051,-0.711888,3.3783,-1.9357
0.381904,372.09,0.00082797,1.10437,-0.683677,3.75196,-2.1498
0.381904,372.09,0.00082812,1.27734,-0.652769,4.11082,-2.35542
0.381904,372.09,0.000828271,1.44526,-0.619284,4.45345,-2.55174
0.381904,372.09,0.000828421,1.60748,-0.583356,4.77851,-2.73799
0.381904,372.09,0.000828571,1.76336,-0.545125,5.0847,-2.91344
0.381904,372.09,0.000828722,1.91227,-0.504743,5.37083,-3.07738
0.381904,372.09,0.000828872,2.05364,-0.462368,5.63577,-3.22919
0.381904,372.09,0.000829023,2.18691,-0.418169,5.87846,-3.36824
0.381904,372.09,0.000829173,2.31154,-0.37232,6.09795,-3.49401
0.381904,372.09,0.000829323,2.42705,-0.325002,6.29338,-3.60599
0.381904,372.09,0.000829474,2.53298,-0.2764,6.46397,-3.70373
0.381904,372.09,0.000829624,2.62892,-0.226708,6.60905,-3.78686
0.381904,372.09,0.000829774,2.71448,-0.176121,6.72805,-3.85504
0.381904,372.09,0.000829925,2.78933,-0.124839,6.82049,-3.90801
0.381904,372.09,0.000830075,2.85317,-0.0730649,6.88602,-3.94556
0.381904,372.09,0.000830226,2.90575,-0.0210019,6.92437,-3.96753
0.381904,372.09,0.000830376,2.94686,0.0311439,6.93539,-3.97385
0.381904,372.09,0.000830526,2.97634,0.0831668,6.91905,-3.96448
0.381904,372.09,0.000830677,2.99408,0.134861,6.87539,-3.93947
0.381904,372.09,0.000830827,3,0.186024,6.80461,-3.89891
0.381904,372.09,0.000830977,2.99408,0.236452,6.70696,-3.84296
0.381904,372.09,0.000831128,2.97634,0.285947,6.58285,-3.77185
0.381904,372.09,0.000831278,2.94686,0.334314,6.43276,-3.68585
0.381904,372.09,0.000831429,2.90575,0.381361,6.25728,-3.5853
0.381904,372.09,0.000831579,2.85317,0.426903,6.05711,-3.47061
0.381904,372.09,0.000831729,2.78933,0.470761,5.83303,-3.34222
0.381904,372.09,0.00083188,2.71448,0.51276,5.58594,-3.20063
0.381904,372.09,0.00083203,2.62892,0.552736,5.31679,-3.04642
0.381904,372.09,0.00083218,2.53298,0.590531,5.02667,-2.88018
0.381904,372.09,0.000832331,2.42705,0.625995,4.7167,-2.70258
0.381904,372.09,0.000832481,2.31154,0.658988,4.38812,-2.51431
0.381904,372.09,0.000832632,2.18691,0.689381,4.04223,-2.31612
0.381904,372.09,0.000832782,2.05364,0.717053,3.68038,-2.10879
0.381904,372.09,0.000832932,1.91227,0.741895,3.30401,-1.89313
0.381904,372.09,0.000833083,1.76336,0.763809,2.91459,-1.67
0.381904,372.09,0.000833233,1.60748,0.782709,2.51368,-1.44029
0.381904,372.09,0.000833383,1.44526,0.79852,2.10284,-1.20489
0.381904,372.09,0.000833534,1.27734,0.811179,1.6837,-0.96473
0.381904,372.09,0.000833684,1.10437,0.820637,1.25792,-0.720767
0.381904,372.09,0.000833835,0.927051,0.826857,0.82718,-0.473958
0.381904,372.09,0.000833985,0.74607,0.829813,0.393171,-0.22528
0.381904,372.09,0.000834135,0.562144,0.829494,-0.0423892,0.024288
0.381904,372.09,0.000834286,0.376,0.825902,-0.477783,0.27376
0.381904,372.09,0.000834436,0.188372,0.81905,-0.91129,0.522152
0.381904,372.09,0.000834586,8.80497e-015,0.808966,-1.3412,0.768482
0.381904,372.09,0.000834737,-0.188372,0.795689,-1.76582,1.01178
0.381904,372.09,0.000834887,-0.376,0.779272,-2.18347,1.25109
0.381904,372.09,0.000835038,-0.562144,0.759779,-2.5925,1.48545
0.381904,372.09,0.000835188,-0.74607,0.737288,-2.9913,1.71396
0.381904,372.09,0.000835338,-0.927051,0.711888,-3.3783,1.9357
0.381904,372.09,0.000835489,-1.10437,0.683677,-3.75196,2.1498
0.381904,372.09,0.000835639,-1.27734,0.652769,-4.11082,2.35542
0.381904,372.09,0.000835789,-1.44526,0.619285,-4.45345,2.55174
0.381904,372.09,0.00083594,-1.60748,0.583356,-4.7785,2.73799
0.381904,372.09,0.00083609,-1.76336,0.545125,-5.0847,2.91344
0.381904,372.09,0.000836241,-1.91227,0.504743,-5.37083,3.07738
0.381904,372.09,0.000836391,-2.05364,0.462369,-5.63577,3.22919
0.381904,372.09,0.000836541,-2.18691,0.41817,-5.87846,3.36824
0.381904,372.09,0.000836692,-2.31154,0.37232,-6.09795,3.49401
0.381904,372.09,0.000836842,-2.42705,0.325002,-6.29338,3.60598
0.381904,372.09,0.000836992,-2.53298,0.276401,-6.46397,3.70373
0.381904,372.09,0.000837143,-2.62892,0.226708,-6.60905,3.78686
0.381904,372.09,0.000837293,-2.71448,0.176122,-6.72805,3.85504
0.381904,372.09,0.000837444,-2.78933,0.12484,-6.82049,3.90801
0.381904,372.09,0.000837594,-2.85317,0.0730651,-6.88602,3.94556
0.381904,372.09,0.000837744,-2.90575,0.0210022,-6.92437,3.96753
0.381904,372.09,0.000837895,-2.94686,-0.0311436,-6.93539,3.97385
0.381904,372.09,0.000838045,-2.97634,-0.0831665,-6.91905,3.96448
0.381904,372.09,0.000838195,-2.99408,-0.134861,-6.87539,3.93947
0.381904,372.09,0.000838346,-3,-0.186024,-6.80461,3.89891
0.381904,372.09,0.000838496,-2.99408,-0.236452,-6.70696,3.84296
0.381904,372.09,0.000838647,-2.97634,-0.285947,-6.58285,3.77185
0.381904,372.09,0.000838797,-2.94686,-0.334314,-6.43276,3.68585
0.381904,372.09,0.000838947,-2.90575,-0.381361,-6.25728,3.5853
0.381904,372.09,0.000839098,-2.85317,-0.426903,-6.05711,3.47061
0.381904,372.09,0.000839248,-2.78933,-0.470761,-5.83303,3.34222
0.381904,372.09,0.000839398,-2.71448,-0.51276,-5.58594,3.20063
0.381904,372.09,0.000839549,-2.62892,-0.552736,-5.31679,3.04642
0.381904,372.09,0.000839699,-2.53298,-0.59053,-5.02667,2.88018
0.381904,372.09,0.00083985,-2.42705,-0.625994,-4.7167,2.70258
0.381904,372.09,0.00084,-2.31154,-0.658988,-4.38813,2.51431
0.381904,372.09,0.00084015,-2.18691,-0.689381,-4.04223,2.31612
0.381904,372.09,0.000840301,-2.05364,-0.717053,-3.68038,2.10879
0.381904,372.09,0.000840451,-1.91227,-0.741895,-3.30401,1.89313
0.381904,372.09,0.000840602,-1.76336,-0.763809,-2.91459,1.67001
0.381904,372.09,0.000840752,-1.60748,-0.782709,-2.51368,1.44029
0.381904,372.09,0.000840902,-1.44526,-0.79852,-2.10284,1.20489
0.381904,372.09,0.000841053,-1.27734,-0.811179,-1.68371,0.964732
0.381904,372.09,0.000841203,-1.10437,-0.820637,-1.25793,0.720768
0.381904,372.09,0.000841353,-0.927051,-0.826857,-0.827182,0.47396
0.381904,372.09,0.000841504,-0.74607,-0.829813,-0.393173,0.225281
0.381904,372.09,0.000841654,-0.562144,-0.829494,0.0423877,-0.0242866
0.381904,372.09,0.000841805,-0.376,-0.825902,0.477781,-0.273759
0.381904,372.09,0.000841955,-0.188372,-0.81905,0.911289,-0.52215
0.381904,372.09,0.000842105,-4.11468e-014,-0.808966,1.3412,-0.768481
0.381904,372.09,0.000842256,0.188372,-0.795689,1.76582,-1.01178
0.381904,372.09,0.000842406,0.376,-0.779272,2.18347,-1.25108
0.381904,372.09,0.000842556,0.562144,-0.759779,2.5925,-1.48545
0.381904,372.09,0.000842707,0.74607,-0.737288,2.9913,-1.71396
0.381904,372.09,0.000842857,0.927051,-0.711888,3.3783,-1.9357
0.381904,372.09,0.000843008,1.10437,-0.683677,3.75196,-2.1498
0.381904,372.09,0.000843158,1.27734,-0.652769,4.11081,-2.35542
0.381904,372.09,0.000843308,1.44526,-0.619285,4.45345,-2.55174
0.381904,372.09,0.000843459,1.60748,-0.583356,4.7785,-2.73799
0.381904,372.09,0.000843609,1.76336,-0.545125,5.0847,-2.91343
0.381904,372.09,0.000843759,1.91227,-0.504743,5.37083,-3.07738
0.381904,372.09,0.00084391,2.05364,-0.462369,5.63577,-3.22918
0.381904,372.09,0.00084406,2.18691,-0.41817,5.87846,-3.36824
0.381904,372.09,0.000844211,2.31154,-0.372321,6.09795,-3.49401
0.381904,372.09,0.000844361,2.42705,-0.325002,6.29338,-3.60598
0.381904,372.09,0.000844511,2.53298,-0.276401,6.46397,-3.70373
0.381904,372.09,0.000844662,2.62892,-0.226709,6.60905,-3.78686
0.381904,372.09,0.000844812,2.71448,-0.176122,6.72805,-3.85504
0.381904,372.09,0.000844962,2.78933,-0.12484,6.82049,-3.90801
0.381904,372.09,0.000845113,2.85317,-0.0730653,6.88602,-3.94555
0.381904,372.09,0.000845263,2.90575,-0.0210024,6.92437,-3.96753
0.381904,372.09,0.000845414,2.94686,0.0311435,6.93539,-3.97385
0.381904,372.09,0.000845564,2.97634,0.0831664,6.91905,-3.96448
0.381904,372.09,0.000845714,2.99408,0.134861,6.87539,-3.93947
0.381904,372.09,0.000845865,3,0.186023,6.80461,-3.89891
0.381904,372.09,0.000846015,2.99408,0.236452,6.70696,-3.84296
0.381904,372.09,0.000846165,2.97634,0.285947,6.58285,-3.77185
0.381904,372.09,0.000846316,2.94686,0.334314,6.43276,-3.68585
0.381904,372.09,0.000846466,2.90575,0.381361,6.25728,-3.5853
0.381904,372.09,0.000846617,2.85317,0.426903,6.05711,-3.47061
0.381904,372.09,0.000846767,2.78933,0.47076,5.83303,-3.34221
0.381904,372.09,0.000846917,2.71448,0.51276,5.58594,-3.20063
0.381904,372.09,0.000847068,2.62892,0.552736,5.31679,-3.04642
0.381904,372.09,0.000847218,2.53298,0.59053,5.02667,-2.88018
0.381904,372.09,0.000847368,2.42705,0.625994,4.7167,-2.70258
0.381904,372.09,0.000847519,2.31154,0.658988,4.38813,-2.51431
0.381904,372.09,0.000847669,2.18691,0.68938,4.04223,-2.31612
0.381904,372.09,0.00084782,2.05364,0.717052,3.68038,-2.10879
0.381904,372.09,0.00084797,1.91227,0.741895,3.30401,-1.89313
0.381904,372.09,0.00084812,1.76336,0.763809,2.91459,-1.67001
0.381904,372.09,0.000848271,1.60748,0.782709,2.51368,-1.44029
0.381904,372.09,0.000848421,1.44526,0.798519,2.10284,-1.20489
0.381904,372.09,0.000848571,1.27734,0.811179,1.68371,-0.964732
0.381904,372.09,0.000848722,1.10437,0.820637,1.25793,-0.720768
0.381904,372.09,0.000848872,0.927051,0.826856,0.827182,-0.47396
0.381904,372.09,0.000849023,0.74607,0.829813,0.393173,-0.225281
0.381904,372.09,0.000849173,0.562144,0.829494,-0.0423872,0.0242862
0.381904,372.09,0.000849323,0.376,0.825902,-0.47778,0.273758
0.381904,372.09,0.000849474,0.188372,0.81905,-0.911288,0.52215
0.381904,372.09,0.000849624,-9.70417e-014,0.808966,-1.3412,0.76848
0.381904,372.09,0.000849774,-0.188372,0.795689,-1.76582,1.01178
0.381904,372.09,0.000849925,-0.376,0.779272,-2.18347,1.25108
0.381904,372.09,0.000850075,-0.562144,0.759779,-2.5925,1.48545
0.381904,372.09,0.000850226,-0.74607,0.737288,-2.9913,1.71396
0.381904,372.09,0.000850376,-0.927051,0.711888,-3.37829,1.9357
0.381904,372.09,0.000850526,-1.10437,0.683677,-3.75196,2.1498
0.381904,372.09,0.000850677,-1.27734,0.652769,-4.11081,2.35542
0.381904,372.09,0.000850827,-1.44526,0.619284,-4.45344,2.55174
0.381904,372.09,0.000850977,-1.60748,0.583356,-4.7785,2.73799
0.381904,372.09,0.000851128,-1.76336,0.545125,-5.0847,2.91343
0.381904,372.09,0.000851278,-1.91227,0.504743,-5.37083,3.07738
0.381904,372.09,0.000851429,-2.05364,0.462369,-5.63576,3.22918
0.381904,372.09,0.000851579,-2.18691,0.41817,-5.87846,3.36824
0.381904,372.09,0.000851729,-2.31154,0.37232,-6.09795,3.49401
0.381904,372.09,0.00085188,-2.42705,0.325002,-6.29338,3.60598
0.381904,372.09,0.00085203,-2.53298,0.276401,-6.46397,3.70373
0.381904,372.09,0.00085218,-2.62892,0.226708,-6.60905,3.78686
0.381904,372.09,0.000852331,-2.71448,0.176122,-6.72804,3.85504
0.381904,372.09,0.000852481,-2.78933,0.12484,-6.82049,3.90801
0.381904,372.09,0.000852632,-2.85317,0.0730652,-6.88602,3.94555
0.381904,372.09,0.000852782,-2.90575,0.0210023,-6.92437,3.96753
0.381904,372.09,0.000852932,-2.94686,-0.0311435,-6.93539,3.97384
0.381904,372.09,0.000853083,-2.97634,-0.0831664,-6.91904,3.96448
0.381904,372.09,0.000853233,-2.99408,-0.134861,-6.87539,3.93946
0.381904,372.09,0.000853383,-3,-0.186023,-6.8046,3.89891
0.381904,372.09,0.000853534,-2.99408,-0.236452,-6.70696,3.84296
0.381904,372.09,0.000853684,-2.97634,-0.285947,-6.58285,3.77184
0.381904,372.09,0.000853835,-2.94686,-0.334313,-6.43276,3.68585
0.381904,372.09,0.000853985,-2.90575,-0.381361,-6.25728,3.5853
0.381904,372.09,0.000854135,-2.85317,-0.426903,-6.05711,3.47061
0.381904,372.09,0.000854286,-2.78933,-0.47076,-5.83303,3.34221
0.381904,372.09,0.000854436,-2.71448,-0.51276,-5.58593,3.20063
0.381904,372.09,0.000854586,-2.62892,-0.552736,-5.31679,3.04642
0.381904,372.09,0.000854737,-2.53298,-0.59053,-5.02667,2.88018
0.381904,372.09,0.000854887,-2.42705,-0.625994,-4.7167,2.70258
0.381904,372.09,0.000855038,-2.31154,-0.658987,-4.38812,2.51431
0.381904,372.09,0.000855188,-2.18691,-0.68938,-4.04223,2.31612
0.381904,372.09,0.000855338,-2.05364,-0.717052,-3.68038,2.10879
0.381904,372.09,0.000855489,-1.91227,-0.741894,-3.30401,1.89313
0.381904,372.09,0.000855639,-1.76336,-0.763809,-2.91459,1.67
0.381904,372.09,0.000855789,-1.60748,-0.782708,-2.51368,1.44029
0.381904,372.09,0.00085594,-1.44526,-0.798519,-2.10284,1.20489
0.381904,372.09,0.00085609,-1.27734,-0.811179,-1.68371,0.964731
0.381904,372.09,0.000856241,-1.10437,-0.820637,-1.25793,0.720767
0.381904,372.09,0.000856391,-0.927051,-0.826856,-0.827182,0.473959
0.381904,372.09,0.000856541,-0.74607,-0.829812,-0.393173,0.225281
0.381904,372.09,0.000856692,-0.562144,-0.829494,0.0423877,-0.0242869
0.381904,372.09,0.000856842,-0.376,-0.825901,0.477781,-0.273759
0.381904,372.09,0.000856992,-0.188372,-0.81905,0.911288,-0.52215
0.381904,372.09,0.000857143,-1.0583e-013,-0.808965,1.3412,-0.768481
0.381904,372.09,0.000857293,0.188372,-0.795689,1.76582,-1.01178
0.381904,372.09,0.000857444,0.376,-0.779271,2.18347,-1.25108
0.381904,372.09,0.000857594,0.562144,-0.759779,2.5925,-1.48545
0.381904,372.09,0.000857744,0.74607,-0.737288,2.9913,-1.71396
0.381904,372.09,0.000857895,0.927051,-0.711887,3.37829,-1.9357
0.381904,372.09,0.000858045,1.10437,-0.683677,3.75196,-2.1498
0.381904,372.09,0.000858195,1.27734,-0.652769,4.11081,-2.35542
0.381904,372.09,0.000858346,1.44526,-0.619284,4.45344,-2.55174
0.381904,372.09,0.000858496,1.60748,-0.583356,4.7785,-2.73799
0.381904,372.09,0.000858647,1.76336,-0.545125,5.0847,-2.91343
0.381904,372.09,0.000858797,1.91227,-0.504743,5.37083,-3.07738
0.381904,372.09,0.000858947,2.05364,-0.462368,5.63576,-3.22918
0.381904,372.09,0.000859098,2.18691,-0.41817,5.87846,-3.36824
0.381904,372.09,0.000859248,2.31154,-0.37232,6.09795,-3.49401
0.381904,372.09,0.000859398,2.42705,-0.325002,6.29338,-3.60598
0.381904,372.09,0.000859549,2.53298,-0.2764,6.46397,-3.70373
0.381904,372.09,0.000859699,2.62892,-0.226708,6.60905,-3.78685
0.381904,372.09,0.00085985,2.71448,-0.176122,6.72804,-3.85504
0.381904,372.09,0.00086,2.78933,-0.12484,6.82049,-3.90801
0.381904,372.09,0.00086015,2.85317,-0.0730651,6.88602,-3.94555
0.381904,372.09,0.000860301,2.90575,-0.0210022,6.92437,-3.96753
0.381904,372.09,0.000860451,2.94686,0.0311436,6.93539,-3.97384
0.381904,372.09,0.000860602,2.97634,0.0831665,6.91904,-3.96448
0.381904,372.09,0.000860752,2.99408,0.134861,6.87539,-3.93946
0.381904,372.09,0.000860902,3,0.186024,6.8046,-3.8989
0.381904,372.09,0.000861053,2.99408,0.236452,6.70696,-3.84296
0.381904,372.09,0.000861203,2.97634,0.285947,6.58285,-3.77184
0.381904,372.09,0.000861353,2.94686,0.334314,6.43276,-3.68584
0.381904,372.09,0.000861504,2.90575,0.381361,6.25728,-3.5853
0.381904,372.09,0.000861654,2.85317,0.426903,6.05711,-3.4706
0.381904,372.09,0.000861805,2.78933,0.47076,5.83303,-3.34221
0.381904,372.09,0.000861955,2.71448,0.51276,5.58593,-3.20063
0.381904,372.09,0.000862105,2.62892,0.552736,5.31679,-3.04642
0.381904,372.09,0.000862256,2.53298,0.59053,5.02667,-2.88018
0.381904,372.09,0.000862406,2.42705,0.625994,4.7167,-2.70258
0.381904,372.09,0.000862556,2.31154,0.658988,4.38812,-2.51431
0.381904,372.09,0.000862707,2.18691,0.68938,4.04223,-2.31612
0.381904,372.09,0.000862857,2.05364,0.717052,3.68038,-2.10878
0.381904,372.09,0.000863008,1.91227,0.741894,3.304,-1.89313
0.381904,372.09,0.000863158,1.76336,0.763809,2.91459,-1.67
0.381904,372.09,0.000863308,1.60748,0.782708,2.51368,-1.44029
0.381904,372.09,0.000863459,1.44526,0.798519,2.10284,-1.20489
0.381904,372.09,0.000863609,1.27734,0.811179,1.6837,-0.96473
0.381904,372.09,0.000863759,1.10437,0.820637,1.25792,-0.720766
0.381904,372.09,0.00086391,0.927051,0.826856,0.827181,-0.473958
0.381904,372.09,0.00086406,0.74607,0.829812,0.393172,-0.22528
0.381904,372.09,0.000864211,0.562144,0.829494,-0.0423887,0.0242879
0.381904,372.09,0.000864361,0.376,0.825901,-0.477782,0.27376
0.381904,372.09,0.000864511,0.188372,0.819049,-0.911289,0.522151
0.381904,372.09,0.000864662,1.38172e-013,0.808965,-1.3412,0.768482
0.381904,372.09,0.000864812,-0.188372,0.795688,-1.76582,1.01178
0.381904,372.09,0.000864962,-0.376,0.779271,-2.18347,1.25108
0.381904,372.09,0.000865113,-0.562144,0.759779,-2.5925,1.48545
0.381904,372.09,0.000865263,-0.74607,0.737288,-2.9913,1.71396
0.381904,372.09,0.000865414,-0.927051,0.711887,-3.3783,1.9357
0.381904,372.09,0.000865564,-1.10437,0.683677,-3.75196,2.1498
0.381904,372.09,0.000865714,-1.27734,0.652769,-4.11081,2.35542
0.381904,372.09,0.000865865,-1.44526,0.619284,-4.45345,2.55174
0.381904,372.09,0.000866015,-1.60748,0.583355,-4.7785,2.73799
0.381904,372.09,0.000866165,-1.76336,0.545125,-5.0847,2.91343
0.381904,372.09,0.000866316,-1.91227,0.504742,-5.37083,3.07738
0.381904,372.09,0.000866466,-2.05364,0.462368,-5.63576,3.22918
0.381904,372.09,0.000866617,-2.18691,0.418169,-5.87846,3.36824
0.381904,372.09,0.000866767,-2.31154,0.37232,-6.09795,3.49401
0.381904,372.09,0.000866917,-2.42705,0.325001,-6.29338,3.60598
0.381904,372.09,0.000867068,-2.53298,0.2764,-6.46397,3.70373
0.381904,372.09,0.000867218,-2.62892,0.226708,-6.60905,3.78685
0.381904,372.09,0.000867368,-2.71448,0.176121,-6.72804,3.85504
0.381904,372.09,0.000867519,-2.78933,0.124839,-6.82049,3.90801
0.381904,372.09,0.000867669,-2.85317,0.0730649,-6.88602,3.94555
0.381904,372.09,0.00086782,-2.90575,0.021002,-6.92437,3.96753
0.381904,372.09,0.00086797,-2.94686,-0.0311438,-6.93539,3.97384
0.381904,372.09,0.00086812,-2.97634,-0.0831667,-6.91904,3.96448
0.381904,372.09,0.000868271,-2.99408,-0.134861,-6.87539,3.93946
0.381904,372.09,0.000868421,-3,-0.186024,-6.8046,3.8989
0.381904,372.09,0.000868571,-2.99408,-0.236452,-6.70696,3.84296
0.381904,372.09,0.000868722,-2.97634,-0.285947,-6.58285,3.77184
0.381904,372.09,0.000868872,-2.94686,-0.334314,-6.43276,3.68584
0.381904,372.09,0.000869023,-2.90575,-0.381361,-6.25728,3.5853
0.381904,372.09,0.000869173,-2.85317,-0.426903,-6.05711,3.4706
0.381904,372.09,0.000869323,-2.78933,-0.47076,-5.83303,3.34221
0.381904,372.09,0.000869474,-2.71448,-0.51276,-5.58593,3.20063
0.381904,372.09,0.000869624,-2.62892,-0.552736,-5.31679,3.04642
0.381904,372.09,0.000869774,-2.53298,-0.59053,-5.02666,2.88018
0.381904,372.09,0.000869925,-2.42705,-0.625994,-4.7167,2.70258
0.381904,372.09,0.000870075,-2.31154,-0.658988,-4.38812,2.51431
0.381904,372.09,0.000870226,-2.18691,-0.68938,-4.04223,2.31612
0.381904,372.09,0.000870376,-2.05364,-0.717052,-3.68038,2.10878
0.381904,372.09,0.000870526,-1.91227,-0.741894,-3.304,1.89313
0.381904,372.09,0.000870677,-1.76336,-0.763809,-2.91459,1.67
0.381904,372.09,0.000870827,-1.60748,-0.782708,-2.51367,1.44029
0.381904,372.09,0.000870977,-1.44526,-0.798519,-2.10284,1.20489
0.381904,372.09,0.000871128,-1.27734,-0.811179,-1.6837,0.964729
0.381904,372.09,0.000871278,-1.10437,-0.820637,-1.25792,0.720765
0.381904,372.09,0.000871429,-0.927051,-0.826856,-0.82718,0.473957
0.381904,372.09,0.000871579,-0.74607,-0.829812,-0.393171,0.225279
0.381904,372.09,0.000871729,-0.562144,-0.829494,0.0423896,-0.0242888
0.381904,372.09,0.00087188,-0.376,-0.825901,0.477783,-0.273761
0.381904,372.09,0.00087203,-0.188372,-0.81905,0.91129,-0.522152
0.381904,372.09,0.00087218,1.6263e-017,-0.808965,1.3412,-0.768483
0.381904,372.09,0.000872331,0.188372,-0.795688,1.76582,-1.01178
0.381904,372.09,0.000872481,0.376,-0.779271,2.18347,-1.25109
0.381904,372.09,0.000872632,0.562144,-0.759779,2.5925,-1.48545
0.381904,372.09,0.000872782,0.74607,-0.737288,2.9913,-1.71396
0.381904,372.09,0.000872932,0.927051,-0.711887,3.3783,-1.9357
0.381904,372.09,0.000873083,1.10437,-0.683677,3.75196,-2.1498
0.381904,372.09,0.000873233,1.27734,-0.652769,4.11081,-2.35542
0.381904,372.09,0.000873383,1.44526,-0.619284,4.45345,-2.55174
0.381904,372.09,0.000873534,1.60748,-0.583355,4.7785,-2.73799
0.381904,372.09,0.000873684,1.76336,-0.545125,5.0847,-2.91343
0.381904,372.09,0.000873835,1.91227,-0.504742,5.37083,-3.07738
0.381904,372.09,0.000873985,2.05364,-0.462368,5.63577,-3.22918
0.381904,372.09,0.000874135,2.18691,-0.418169,5.87846,-3.36824
0.381904,372.09,0.000874286,2.31154,-0.37232,6.09795,-3.49401
0.381904,372.09,0.000874436,2.42705,-0.325001,6.29338,-3.60598
0.381904,372.09,0.000874586,2.53298,-0.2764,6.46397,-3.70373
0.381904,372.09,0.000874737,2.62892,-0.226708,6.60905,-3.78686
0.381904,372.09,0.000874887,2.71448,-0.176121,6.72804,-3.85504
0.381904,372.09,0.000875038,2.78933,-0.124839,6.82049,-3.90801
0.381904,372.09,0.000875188,2.85317,-0.0730648,6.88602,-3.94555
0.381904,372.09,0.000875338,2.90575,-0.0210019,6.92437,-3.96753
0.381904,372.09,0.000875489,2.94686,0.0311439,6.93539,-3.97384
0.381904,372.09,0.000875639,2.97634,0.0831668,6.91904,-3.96448
0.381904,372.09,0.000875789,2.99408,0.134861,6.87539,-3.93946
0.381904,372.09,0.00087594,3,0.186024,6.8046,-3.8989
0.381904,372.09,0.00087609,2.99408,0.236452,6.70696,-3.84296
0.381904,372.09,0.000876241,2.97634,0.285947,6.58285,-3.77184
0.381904,372.09,0.000876391,2.94686,0.334314,6.43276,-3.68585
0.381904,372.09,0.000876541,2.90575,0.381361,6.25728,-3.5853
0.381904,372.09,0.000876692,2.85317,0.426903,6.05711,-3.4706
0.381904,372.09,0.000876842,2.78933,0.470761,5.83303,-3.34221
0.381904,372.09,0.000876992,2.71448,0.51276,5.58593,-3.20063
0.381904,372.09,0.000877143,2.62892,0.552736,5.31679,-3.04642
0.381904,372.09,0.000877293,2.53298,0.59053,5.02666,-2.88018
0.381904,372.09,0.000877444,2.42705,0.625994,4.7167,-2.70258
0.381904,372.09,0.000877594,2.31154,0.658988,4.38812,-2.51431
0.381904,372.09,0.000877744,2.18691,0.68938,4.04223,-2.31612
0.381904,372.09,0.000877895,2.05364,0.717052,3.68038,-2.10878
0.381904,372.09,0.000878045,1.91227,0.741895,3.304,-1.89313
0.381904,372.09,0.000878195,1.76336,0.763809,2.91459,-1.67
0.381904,372.09,0.000878346,1.60748,0.782709,2.51367,-1.44029
0.381904,372.09,0.000878496,1.44526,0.798519,2.10284,-1.20489
0.381904,372.09,0.000878647,1.27734,0.811179,1.6837,-0.964729
0.381904,372.09,0.000878797,1.10437,0.820637,1.25792,-0.720765
0.381904,372.09,0.000878947,0.927051,0.826856,0.827179,-0.473957
0.381904,372.09,0.000879098,0.74607,0.829813,0.39317,-0.225279
0.381904,372.09,0.000879248,0.562144,0.829494,-0.04239,0.0242891
0.381904,372.09,0.000879398,0.376,0.825901,-0.477783,0.273761
0.381904,372.09,0.000879549,0.188372,0.81905,-0.911291,0.522152
0.381904,372.09,0.000879699,3.23255e-014,0.808965,-1.3412,0.768483
0.381904,372.09,0.00087985,-0.188372,0.795689,-1.76582,1.01178
0.381904,372.09,0.00088,-0.376,0.779271,-2.18347,1.25109
0.381904,372.09,0.00088015,-0.562144,0.759779,-2.5925,1.48545
0.381904,372.09,0.000880301,-0.74607,0.737288,-2.9913,1.71396
0.381904,372.09,0.000880451,-0.927051,0.711887,-3.3783,1.9357
0.381904,372.09,0.000880602,-1.10437,0.683677,-3.75196,2.1498
0.381904,372.09,0.000880752,-1.27734,0.652769,-4.11082,2.35542
0.381904,372.09,0.000880902,-1.44526,0.619284,-4.45345,2.55174
0.381904,372.09,0.000881053,-1.60748,0.583356,-4.7785,2.73799
0.381904,372.09,0.000881203,-1.76336,0.545125,-5.0847,2.91343
0.381904,372.09,0.000881353,-1.91227,0.504742,-5.37083,3.07738
0.381904,372.09,0.000881504,-2.05364,0.462368,-5.63577,3.22918
0.381904,372.09,0.000881654,-2.18691,0.418169,-5.87846,3.36824
0.381904,372.09,0.000881805,-2.31154,0.37232,-6.09795,3.49401
0.381904,372.09,0.000881955,-2.42705,0.325001,-6.29338,3.60598
0.381904,372.09,0.000882105,-2.53298,0.2764,-6.46397,3.70373
0.381904,372.09,0.000882256,-2.62892,0.226708,-6.60905,3.78686
0.381904,372.09,0.000882406,-2.71448,0.176121,-6.72805,3.85504
0.381904,372.09,0.000882556,-2.78933,0.124839,-6.82049,3.90801
0.381904,372.09,0.000882707,-2.85317,0.0730648,-6.88602,3.94555
0.381904,372.09,0.000882857,-2.90575,0.0210019,-6.92437,3.96753
0.381904,372.09,0.000883008,-2.94686,-0.0311439,-6.93539,3.97384
0.381904,372.09,0.000883158,-2.97634,-0.0831668,-6.91904,3.96448
0.381904,372.09,0.000883308,-2.99408,-0.134861,-6.87539,3.93947
0.381904,372.09,0.000883459,-3,-0.186024,-6.8046,3.89891
0.381904,372.09,0.000883609,-2.99408,-0.236452,-6.70696,3.84296
0.381904,372.09,0.000883759,-2.97634,-0.285947,-6.58285,3.77185
0.381904,372.09,0.00088391,-2.94686,-0.334314,-6.43276,3.68585
0.381904,372.09,0.00088406,-2.90575,-0.381361,-6.25728,3.5853
0.381904,372.09,0.000884211,-2.85317,-0.426903,-6.05711,3.47061
0.381904,372.09,0.000884361,-2.78933,-0.470761,-5.83303,3.34221
0.381904,372.09,0.000884511,-2.71448,-0.51276,-5.58593,3.20063
0.381904,372.09,0.000884662,-2.62892,-0.552736,-5.31679,3.04642
0.381904,372.09,0.000884812,-2.53298,-0.590531,-5.02667,2.88018
0.381904,372.09,0.000884962,-2.42705,-0.625994,-4.7167,2.70258
0.381904,372.09,0.000885113,-2.31154,-0.658988,-4.38812,2.51431
0.381904,372.09,0.000885263,-2.18691,-0.689381,-4.04223,2.31612
0.381904,372.09,0.000885414,-2.05364,-0.717053,-3.68038,2.10878
0.381904,372.09,0.000885564,-1.91227,-0.741895,-3.304,1.89313
0.381904,372.09,0.000885714,-1.76336,-0.763809,-2.91459,1.67
0.381904,372.09,0.000885865,-1.60748,-0.782709,-2.51368,1.44029
0.381904,372.09,0.000886015,-1.44526,-0.79852,-2.10284,1.20489
0.381904,372.09,0.000886165,-1.27734,-0.811179,-1.6837,0.964729
0.381904,372.09,0.000886316,-1.10437,-0.820637,-1.25792,0.720766
0.381904,372.09,0.000886466,-0.927051,-0.826856,-0.82718,0.473958
0.381904,372.09,0.000886617,-0.74607,-0.829813,-0.393171,0.225279
0.381904,372.09,0.000886767,-0.562144,-0.829494,0.0423898,-0.0242888
0.381904,372.09,0.000886917,-0.376,-0.825902,0.477783,-0.273761
0.381904,372.09,0.000887068,-0.188372,-0.81905,0.911291,-0.522152
0.381904,372.09,0.000887218,-6.46673e-014,-0.808966,1.3412,-0.768483
0.381904,372.09,0.000887368,0.188372,-0.795689,1.76582,-1.01178
0.381904,372.09,0.000887519,0.376,-0.779272,2.18347,-1.25109
0.381904,372.09,0.000887669,0.562144,-0.759779,2.5925,-1.48545
0.381904,372.09,0.00088782,0.74607,-0.737288,2.9913,-1.71396
0.381904,372.09,0.00088797,0.927051,-0.711887,3.3783,-1.9357
0.381904,372.09,0.00088812,1.10437,-0.683677,3.75196,-2.1498
0.381904,372.09,0.000888271,1.27734,-0.652769,4.11082,-2.35542
0.381904,372.09,0.000888421,1.44526,-0.619284,4.45345,-2.55174
0.381904,372.09,0.000888571,1.60748,-0.583356,4.7785,-2.73799
0.381904,372.09,0.000888722,1.76336,-0.545125,5.0847,-2.91344
0.381904,372.09,0.000888872,1.91227,-0.504743,5.37083,-3.07738
0.381904,372.09,0.000889023,2.05364,-0.462368,5.63577,-3.22918
0.381904,372.09,0.000889173,2.18691,-0.418169,5.87846,-3.36824
0.381904,372.09,0.000889323,2.31154,-0.37232,6.09795,-3.49401
0.381904,372.09,0.000889474,2.42705,-0.325002,6.29338,-3.60598
0.381904,372.09,0.000889624,2.53298,-0.2764,6.46397,-3.70373
0.381904,372.09,0.000889774,2.62892,-0.226708,6.60905,-3.78686
0.381904,372.09,0.000889925,2.71448,-0.176121,6.72805,-3.85504
0.381904,372.09,0.000890075,2.78933,-0.124839,6.82049,-3.90801
0.381904,372.09,0.000890226,2.85317,-0.0730649,6.88602,-3.94555
0.381904,372.09,0.000890376,2.90575,-0.021002,6.92437,-3.96753
0.381904,372.09,0.000890526,2.94686,0.0311438,6.93539,-3.97385
0.381904,372.09,0.000890677,2.97634,0.0831667,6.91905,-3.96448
0.381904,372.09,0.000890827,2.99408,0.134861,6.87539,-3.93947
0.381904,372.09,0.000890977,3,0.186024,6.8046,-3.89891
0.381904,372.09,0.000891128,2.99408,0.236452,6.70696,-3.84296
0.381904,372.09,0.000891278,2.97634,0.285947,6.58285,-3.77185
0.381904,372.09,0.000891429,2.94686,0.334314,6.43276,-3.68585
0.381904,372.09,0.000891579,2.90575,0.381361,6.25728,-3.5853
0.381904,372.09,0.000891729,2.85317,0.426903,6.05711,-3.47061
0.381904,372.09,0.00089188,2.78933,0.470761,5.83303,-3.34221
0.381904,372.09,0.00089203,2.71448,0.51276,5.58593,-3.20063
0.381904,372.09,0.00089218,2.62892,0.552736,5.31679,-3.04642
0.381904,372.09,0.000892331,2.53298,0.590531,5.02667,-2.88018
0.381904,372.09,0.000892481,2.42705,0.625994,4.7167,-2.70258
0.381904,372.09,0.000892632,2.31154,0.658988,4.38812,-2.51431
0.381904,372.09,0.000892782,2.18691,0.689381,4.04223,-2.31612
0.381904,372.09,0.000892932,2.05364,0.717053,3.68038,-2.10879
0.381904,372.09,0.000893083,1.91227,0.741895,3.304,-1.89313
0.381904,372.09,0.000893233,1.76336,0.763809,2.91459,-1.67
0.381904,372.09,0.000893383,1.60748,0.782709,2.51368,-1.44029
0.381904,372.09,0.000893534,1.44526,0.79852,2.10284,-1.20489
0.381904,372.09,0.000893684,1.27734,0.811179,1.6837,-0.96473
0.381904,372.09,0.000893835,1.10437,0.820637,1.25792,-0.720766
0.381904,372.09,0.000893985,0.927051,0.826856,0.82718,-0.473958
0.381904,372.09,0.000894135,0.74607,0.829813,0.393171,-0.22528
0.381904,372.09,0.000894286,0.562144,0.829494,-0.0423892,0.0242882
0.381904,372.09,0.000894436,0.376,0.825902,-0.477782,0.27376
0.381904,372.09,0.000894586,0.188372,0.81905,-0.91129,0.522152
0.381904,372.09,0.000894737,9.70092e-014,0.808966,-1.3412,0.768482
0.381904,372.09,0.000894887,-0.188372,0.795689,-1.76582,1.01178
0.381904,372.09,0.000895038,-0.376,0.779272,-2.18347,1.25109
0.381904,372.09,0.000895188,-0.562144,0.759779,-2.5925,1.48545
0.381904,372.09,0.000895338,-0.74607,0.737288,-2.9913,1.71396
0.381904,372.09,0.000895489,-0.927051,0.711887,-3.3783,1.9357
0.381904,372.09,0.000895639,-1.10437,0.683677,-3.75196,2.1498
0.381904,372.09,0.000895789,-1.27734,0.652769,-4.11081,2.35542
0.381904,372.09,0.00089594,-1.44526,0.619284,-4.45345,2.55174
0.381904,372.09,0.00089609,-1.60748,0.583356,-4.7785,2.73799
0.381904,372.09,0.000896241,-1.76336,0.545125,-5.0847,2.91343
0.381904,372.09,0.000896391,-1.91227,0.504743,-5.37083,3.07738
0.381904,372.09,0.000896541,-2.05364,0.462369,-5.63577,3.22918
0.381904,372.09,0.000896692,-2.18691,0.41817,-5.87846,3.36824
0.381904,372.09,0.000896842,-2.31154,0.37232,-6.09795,3.49401
0.381904,372.09,0.000896992,-2.42705,0.325002,-6.29338,3.60598
0.381904,372.09,0.000897143,-2.53298,0.2764,-6.46397,3.70373
0.381904,372.09,0.000897293,-2.62892,0.226708,-6.60905,3.78686
0.381904,372.09,0.000897444,-2.71448,0.176121,-6.72805,3.85504
0.381904,372.09,0.000897594,-2.78933,0.12484,-6.82049,3.90801
0.381904,372.09,0.000897744,-2.85317,0.073065,-6.88602,3.94555
0.381904,372.09,0.000897895,-2.90575,0.0210021,-6.92437,3.96753
0.381904,372.09,0.000898045,-2.94686,-0.0311437,-6.93539,3.97385
0.381904,372.09,0.000898195,-2.97634,-0.0831666,-6.91905,3.96448
0.381904,372.09,0.000898346,-2.99408,-0.134861,-6.87539,3.93947
0.381904,372.09,0.000898496,-3,-0.186024,-6.8046,3.89891
0.381904,372.09,0.000898647,-2.99408,-0.236452,-6.70696,3.84296
0.381904,372.09,0.000898797,-2.97634,-0.285947,-6.58285,3.77185
0.381904,372.09,0.000898947,-2.94686,-0.334314,-6.43276,3.68585
0.381904,372.09,0.000899098,-2.90575,-0.381361,-6.25728,3.5853
0.381904,372.09,0.000899248,-2.85317,-0.426903,-6.05711,3.47061
0.381904,372.09,0.000899398,-2.78933,-0.470761,-5.83303,3.34221
0.381904,372.09,0.000899549,-2.71448,-0.51276,-5.58593,3.20063
0.381904,372.09,0.000899699,-2.62892,-0.552736,-5.31679,3.04642
0.381904,372.09,0.00089985,-2.53298,-0.59053,-5.02667,2.88018
0.381904,372.09,0.0009,-2.42705,-0.625994,-4.7167,2.70258
0.381904,372.09,0.00090015,-2.31154,-0.658988,-4.38812,2.51431
0.381904,372.09,0.000900301,-2.18691,-0.68938,-4.04223,2.31612
0.381904,372.09,0.000900451,-2.05364,-0.717053,-3.68038,2.10879
0.381904,372.09,0.000900602,-1.91227,-0.741895,-3.30401,1.89313
0.381904,372.09,0.000900752,-1.76336,-0.763809,-2.91459,1.67
0.381904,372.09,0.000900902,-1.60748,-0.782709,-2.51368,1.44029
0.381904,372.09,0.000901053,-1.44526,-0.79852,-2.10284,1.20489
0.381904,372.09,0.000901203,-1.27734,-0.811179,-1.68371,0.96473
0.381904,372.09,0.000901353,-1.10437,-0.820637,-1.25793,0.720767
0.381904,372.09,0.000901504,-0.927051,-0.826856,-0.827181,0.473959
0.381904,372.09,0.000901654,-0.74607,-0.829813,-0.393172,0.22528
0.381904,372.09,0.000901805,-0.562144,-0.829494,0.0423886,-0.0242876
0.381904,372.09,0.000901955,-0.376,-0.825902,0.477782,-0.273759
0.381904,372.09,0.000902105,-0.188372,-0.81905,0.91129,-0.522151
