Amp, Phaseshift, Time, Vd, Vr, VL, VC
-0.0917047,372.342,0,0,0,0,0
-0.0917047,372.342,4.87805e-007,0.188372,0.00459443,0.188372,0
-0.0917047,372.342,9.7561e-007,0.376,0.0136531,0.371405,0.00448237
-0.0917047,372.342,1.46341e-006,0.562144,0.0269216,0.544008,0.0178025
-0.0917047,372.342,1.95122e-006,0.74607,0.0440276,0.701346,0.0440674
-0.0917047,372.342,2.43902e-006,0.927051,0.0644899,0.838956,0.0870212
-0.0917047,372.342,2.92683e-006,1.10437,0.0877305,0.952863,0.149938
-0.0917047,372.342,3.41463e-006,1.27734,0.113088,1.03967,0.235529
-0.0917047,372.342,3.90244e-006,1.44526,0.139836,1.09664,0.345859
-0.0917047,372.342,4.39024e-006,1.60748,0.167196,1.12179,0.482284
-0.0917047,372.342,4.87805e-006,1.76336,0.194364,1.11388,0.645402
-0.0917047,372.342,5.36585e-006,1.91227,0.220523,1.07251,0.835026
-0.0917047,372.342,5.85366e-006,2.05364,0.244866,0.998093,1.05017
-0.0917047,372.342,6.34146e-006,2.18691,0.266619,0.89187,1.28906
-0.0917047,372.342,6.82927e-006,2.31154,0.285055,0.755857,1.54918
-0.0917047,372.342,7.31707e-006,2.42705,0.299514,0.592816,1.82728
-0.0917047,372.342,7.80488e-006,2.53298,0.309421,0.406187,2.11949
-0.0917047,372.342,8.29268e-006,2.62892,0.314299,0.200008,2.42137
-0.0917047,372.342,8.78049e-006,2.71448,0.313782,-0.0211829,2.728
-0.0917047,372.342,9.26829e-006,2.78933,0.307625,-0.252451,3.03413
-0.0917047,372.342,9.7561e-006,2.85317,0.295708,-0.488583,3.33425
-0.0917047,372.342,1.02439e-005,2.90575,0.278045,-0.724208,3.62275
-0.0917047,372.342,1.07317e-005,2.94686,0.254778,-0.953928,3.89401
-0.0917047,372.342,1.12195e-005,2.97634,0.226182,-1.17244,4.14257
-0.0917047,372.342,1.17073e-005,2.99408,0.192653,-1.37467,4.36324
-0.0917047,372.342,1.21951e-005,3,0.154705,-1.55589,4.55119
-0.0917047,372.342,1.26829e-005,2.99408,0.112953,-1.71182,4.70212
-0.0917047,372.342,1.31707e-005,2.97634,0.068106,-1.83873,4.81232
-0.0917047,372.342,1.36585e-005,2.94686,0.0209459,-1.93357,4.87877
-0.0917047,372.342,1.41463e-005,2.90575,-0.0276874,-1.99396,4.8992
-0.0917047,372.342,1.46341e-005,2.85317,-0.0769153,-2.01835,4.87219
-0.0917047,372.342,1.5122e-005,2.78933,-0.125841,-2.00595,4.79715
-0.0917047,372.342,1.56098e-005,2.71448,-0.173568,-1.95683,4.67438
-0.0917047,372.342,1.60976e-005,2.62892,-0.219224,-1.87189,4.50504
-0.0917047,372.342,1.65854e-005,2.53298,-0.261976,-1.75284,4.29117
-0.0917047,372.342,1.70732e-005,2.42705,-0.301053,-1.60214,4.03558
-0.0917047,372.342,1.7561e-005,2.31154,-0.33576,-1.42299,3.74187
-0.0917047,372.342,1.80488e-005,2.18691,-0.365497,-1.2192,3.4143
-0.0917047,372.342,1.85366e-005,2.05364,-0.389769,-0.995162,3.05772
-0.0917047,372.342,1.90244e-005,1.91227,-0.4082,-0.755677,2.67746
-0.0917047,372.342,1.95122e-005,1.76336,-0.420539,-0.505899,2.27921
-0.0917047,372.342,2e-005,1.60748,-0.426666,-0.251192,1.86893
-0.0917047,372.342,2.04878e-005,1.44526,-0.426593,0.00299732,1.45267
-0.0917047,372.342,2.09756e-005,1.27734,-0.420464,0.25126,1.03648
-0.0917047,372.342,2.14634e-005,1.10437,-0.408553,0.488356,0.626273
-0.0917047,372.342,2.19512e-005,0.927051,-0.391252,0.709331,0.227685
-0.0917047,372.342,2.2439e-005,0.74607,-0.369066,0.909637,-0.154025
-0.0917047,372.342,2.29268e-005,0.562144,-0.342597,1.08523,-0.514089
-0.0917047,372.342,2.34146e-005,0.376,-0.312531,1.23269,-0.84833
-0.0917047,372.342,2.39024e-005,0.188372,-0.279623,1.34923,-1.15324
-0.0917047,372.342,2.43902e-005,3.67382e-016,-0.244675,1.43286,-1.42604
-0.0917047,372.342,2.4878e-005,-0.188372,-0.208521,1.48235,-1.66475
-0.0917047,372.342,2.53659e-005,-0.376,-0.172002,1.49727,-1.86818
-0.0917047,372.342,2.58537e-005,-0.562144,-0.135952,1.47804,-2.03599
-0.0917047,372.342,2.63415e-005,-0.74607,-0.101175,1.42587,-2.16863
-0.0917047,372.342,2.68293e-005,-0.927051,-0.0684246,1.34275,-2.26733
-0.0917047,372.342,2.73171e-005,-1.10437,-0.0383908,1.23139,-2.33409
-0.0917047,372.342,2.78049e-005,-1.27734,-0.01168,1.09514,-2.37154
-0.0917047,372.342,2.82927e-005,-1.44526,0.0111972,0.937964,-2.38294
-0.0917047,372.342,2.87805e-005,-1.60748,0.0298377,0.764262,-2.37202
-0.0917047,372.342,2.92683e-005,-1.76336,0.0439553,0.578822,-2.34291
-0.0917047,372.342,2.97561e-005,-1.91227,0.0533865,0.386679,-2.30002
-0.0917047,372.342,3.02439e-005,-2.05364,0.0580937,0.192995,-2.24794
-0.0917047,372.342,3.07317e-005,-2.18691,0.0581654,0.00293872,-2.19126
-0.0917047,372.342,3.12195e-005,-2.31154,0.0538131,-0.178444,-2.13451
-0.0917047,372.342,3.17073e-005,-2.42705,0.0453656,-0.346349,-2.08201
-0.0917047,372.342,3.21951e-005,-2.53298,0.0332598,-0.496335,-2.03776
-0.0917047,372.342,3.26829e-005,-2.62892,0.0180299,-0.624425,-2.00531
-0.0917047,372.342,3.31707e-005,-2.71448,0.00029325,-0.727205,-1.98772
-0.0917047,372.342,3.36585e-005,-2.78933,-0.0192654,-0.801906,-1.98743
-0.0917047,372.342,3.41463e-005,-2.85317,-0.0399111,-0.846474,-2.00623
-0.0917047,372.342,3.46341e-005,-2.90575,-0.0608773,-0.859613,-2.04516
-0.0917047,372.342,3.5122e-005,-2.94686,-0.0813851,-0.840821,-2.10456
-0.0917047,372.342,3.56098e-005,-2.97634,-0.100663,-0.790403,-2.18396
-0.0917047,372.342,3.60976e-005,-2.99408,-0.117967,-0.709461,-2.28216
-0.0917047,372.342,3.65854e-005,-3,-0.132598,-0.599869,-2.39725
-0.0917047,372.342,3.70732e-005,-2.99408,-0.143921,-0.464228,-2.52662
-0.0917047,372.342,3.7561e-005,-2.97634,-0.151379,-0.305805,-2.66703
-0.0917047,372.342,3.80488e-005,-2.94686,-0.154512,-0.128454,-2.81472
-0.0917047,372.342,3.85366e-005,-2.90575,-0.152964,0.0634788,-2.96546
-0.0917047,372.342,3.90244e-005,-2.85317,-0.146495,0.265254,-3.11469
-0.0917047,372.342,3.95122e-005,-2.78933,-0.134986,0.471858,-3.25761
-0.0917047,372.342,4e-005,-2.71448,-0.118446,0.678119,-3.38931
-0.0917047,372.342,4.04878e-005,-2.62892,-0.0970113,0.878834,-3.50487
-0.0917047,372.342,4.09756e-005,-2.53298,-0.0709408,1.06889,-3.59951
-0.0917047,372.342,4.14634e-005,-2.42705,-0.0406139,1.2434,-3.66872
-0.0917047,372.342,4.19512e-005,-2.31154,-0.00652137,1.3978,-3.70834
-0.0917047,372.342,4.2439e-005,-2.18691,0.0307459,1.52796,-3.71471
-0.0917047,372.342,4.29268e-005,-2.05364,0.0705098,1.63032,-3.68471
-0.0917047,372.342,4.34146e-005,-1.91227,0.11202,1.70193,-3.61592
-0.0917047,372.342,4.39024e-005,-1.76336,0.154473,1.74054,-3.50663
-0.0917047,372.342,4.43902e-005,-1.60748,0.197026,1.74468,-3.35593
-0.0917047,372.342,4.4878e-005,-1.44526,0.238822,1.71364,-3.16371
-0.0917047,372.342,4.53659e-005,-1.27734,0.279006,1.64755,-2.93071
-0.0917047,372.342,4.58537e-005,-1.10437,0.316746,1.54733,-2.65851
-0.0917047,372.342,4.63415e-005,-0.927051,0.351251,1.41471,-2.34949
-0.0917047,372.342,4.68293e-005,-0.74607,0.381792,1.25217,-2.00681
-0.0917047,372.342,4.73171e-005,-0.562144,0.407715,1.06287,-1.63433
-0.0917047,372.342,4.78049e-005,-0.376,0.428462,0.850611,-1.23655
-0.0917047,372.342,4.82927e-005,-0.188372,0.443577,0.619721,-0.818543
-0.0917047,372.342,4.87805e-005,-7.34764e-016,0.452723,0.374966,-0.385785
-0.0917047,372.342,4.92683e-005,0.188372,0.455684,0.121434,0.0558955
-0.0917047,372.342,4.97561e-005,0.376,0.452378,-0.13558,0.500466
-0.0917047,372.342,5.02439e-005,0.562144,0.442848,-0.390699,0.94181
-0.0917047,372.342,5.07317e-005,0.74607,0.427273,-0.638588,1.37386
-0.0917047,372.342,5.12195e-005,0.927051,0.405954,-0.874079,1.79071
-0.0917047,372.342,5.17073e-005,1.10437,0.379313,-1.09229,2.18676
-0.0917047,372.342,5.21951e-005,1.27734,0.34788,-1.28874,2.55682
-0.0917047,372.342,5.26829e-005,1.44526,0.312284,-1.45944,2.89622
-0.0917047,372.342,5.31707e-005,1.60748,0.273235,-1.60102,3.20088
-0.0917047,372.342,5.36585e-005,1.76336,0.231509,-1.71076,3.46746
-0.0917047,372.342,5.41463e-005,1.91227,0.187931,-1.78669,3.69332
-0.0917047,372.342,5.46341e-005,2.05364,0.143355,-1.82761,3.87666
-0.0917047,372.342,5.5122e-005,2.18691,0.0986451,-1.83311,4.01652
-0.0917047,372.342,5.56098e-005,2.31154,0.0546541,-1.80363,4.11276
-0.0917047,372.342,5.60976e-005,2.42705,0.0122062,-1.74037,4.16608
-0.0917047,372.342,5.65854e-005,2.53298,-0.0279233,-1.64531,4.17799
-0.0917047,372.342,5.70732e-005,2.62892,-0.0650244,-1.52115,4.15075
-0.0917047,372.342,5.7561e-005,2.71448,-0.0984694,-1.37124,4.08731
-0.0917047,372.342,5.80488e-005,2.78933,-0.127726,-1.19951,3.99124
-0.0917047,372.342,5.85366e-005,2.85317,-0.152368,-1.01035,3.86663
-0.0917047,372.342,5.90244e-005,2.90575,-0.172088,-0.808515,3.71798
-0.0917047,372.342,5.95122e-005,2.94686,-0.186699,-0.599031,3.55009
-0.0917047,372.342,6e-005,2.97634,-0.196139,-0.387047,3.36794
-0.0917047,372.342,6.04878e-005,2.99408,-0.200474,-0.177726,3.17659
-0.0917047,372.342,6.09756e-005,3,-0.199891,0.0238842,2.98101
-0.0917047,372.342,6.14634e-005,2.99408,-0.194697,0.212966,2.78599
-0.0917047,372.342,6.19512e-005,2.97634,-0.185305,0.385052,2.59604
-0.0917047,372.342,6.2439e-005,2.94686,-0.172229,0.536126,2.41526
-0.0917047,372.342,6.29268e-005,2.90575,-0.156065,0.662723,2.24723
-0.0917047,372.342,6.34146e-005,2.85317,-0.13748,0.762008,2.09497
-0.0917047,372.342,6.39024e-005,2.78933,-0.117191,0.831841,1.96084
-0.0917047,372.342,6.43902e-005,2.71448,-0.0959511,0.870831,1.84651
-0.0917047,372.342,6.4878e-005,2.62892,-0.0745276,0.878362,1.7529
-0.0917047,372.342,6.53659e-005,2.53298,-0.0536834,0.854613,1.68019
-0.0917047,372.342,6.58537e-005,2.42705,-0.0341579,0.800546,1.62781
-0.0917047,372.342,6.63415e-005,2.31154,-0.0166486,0.717883,1.59449
-0.0917047,372.342,6.68293e-005,2.18691,-0.0017933,0.609065,1.57825
-0.0917047,372.342,6.73171e-005,2.05364,0.00984542,0.477188,1.5765
-0.0917047,372.342,6.78049e-005,1.91227,0.0177949,0.325929,1.5861
-0.0917047,372.342,6.82927e-005,1.76336,0.0216841,0.159458,1.60346
-0.0917047,372.342,6.87805e-005,1.60748,0.0212532,-0.0176672,1.62462
-0.0917047,372.342,6.92683e-005,1.44526,0.0163603,-0.200611,1.64535
-0.0917047,372.342,6.97561e-005,1.27734,0.00698526,-0.384376,1.66131
-0.0917047,372.342,7.02439e-005,1.10437,-0.00676905,-0.563926,1.66813
-0.0917047,372.342,7.07317e-005,0.927051,-0.024679,-0.73431,1.66153
-0.0917047,372.342,7.12195e-005,0.74607,-0.0464053,-0.890777,1.63745
-0.0917047,372.342,7.17073e-005,0.562144,-0.0715004,-1.0289,1.59218
-0.0917047,372.342,7.21951e-005,0.376,-0.0994193,-1.14468,1.52242
-0.0917047,372.342,7.26829e-005,0.188372,-0.129532,-1.23463,1.42542
-0.0917047,372.342,7.31707e-005,-4.22692e-015,-0.161139,-1.29589,1.29905
-0.0917047,372.342,7.36585e-005,-0.188372,-0.193488,-1.32628,1.14184
-0.0917047,372.342,7.41463e-005,-0.376,-0.225789,-1.32435,0.953074
-0.0917047,372.342,7.46341e-005,-0.562144,-0.257239,-1.28943,0.732792
-0.0917047,372.342,7.5122e-005,-0.74607,-0.287034,-1.22162,0.481827
-0.0917047,372.342,7.56098e-005,-0.927051,-0.314396,-1.12184,0.201794
-0.0917047,372.342,7.60976e-005,-1.10437,-0.338586,-0.991771,-0.104934
-0.0917047,372.342,7.65854e-005,-1.27734,-0.358923,-0.833818,-0.435262
-0.0917047,372.342,7.70732e-005,-1.44526,-0.374803,-0.651077,-0.78543
-0.0917047,372.342,7.7561e-005,-1.60748,-0.385711,-0.447247,-1.15109
-0.0917047,372.342,7.80488e-005,-1.76336,-0.391237,-0.226553,-1.52739
-0.0917047,372.342,7.85366e-005,-1.91227,-0.391082,0.00635991,-1.90909
-0.0917047,372.342,7.90244e-005,-2.05364,-0.385069,0.24653,-2.29063
-0.0917047,372.342,7.95122e-005,-2.18691,-0.373147,0.488796,-2.66631
-0.0917047,372.342,8e-005,-2.31154,-0.355393,0.727917,-3.03036
-0.0917047,372.342,8.04878e-005,-2.42705,-0.33201,0.958697,-3.37708
-0.0917047,372.342,8.09756e-005,-2.53298,-0.303325,1.17611,-3.70099
-0.0917047,372.342,8.14634e-005,-2.62892,-0.269778,1.3754,-3.99692
-0.0917047,372.342,8.19512e-005,-2.71448,-0.231919,1.55222,-4.26012
-0.0917047,372.342,8.2439e-005,-2.78933,-0.19039,1.70271,-4.48638
-0.0917047,372.342,8.29268e-005,-2.85317,-0.145912,1.8236,-4.67213
-0.0917047,372.342,8.34146e-005,-2.90575,-0.0992707,1.91229,-4.81448
-0.0917047,372.342,8.39024e-005,-2.94686,-0.0512978,1.96689,-4.91133
-0.0917047,372.342,8.43902e-005,-2.97634,-0.00285186,1.98628,-4.96138
-0.0917047,372.342,8.4878e-005,-2.99408,0.0452005,1.97015,-4.96416
-0.0917047,372.342,8.53659e-005,-3,0.0920043,1.91896,-4.92006
-0.0917047,372.342,8.58537e-005,-2.99408,0.136735,1.83398,-4.8303
-0.0917047,372.342,8.63415e-005,-2.97634,0.178619,1.71722,-4.6969
-0.0917047,372.342,8.68293e-005,-2.94686,0.216946,1.57142,-4.52264
-0.0917047,372.342,8.73171e-005,-2.90575,0.251091,1.39994,-4.31098
-0.0917047,372.342,8.78049e-005,-2.85317,0.280523,1.20672,-4.06601
-0.0917047,372.342,8.82927e-005,-2.78933,0.30482,0.996162,-3.79233
-0.0917047,372.342,8.87805e-005,-2.71448,0.323674,0.773033,-3.49495
-0.0917047,372.342,8.92683e-005,-2.62892,0.336902,0.542354,-3.17917
-0.0917047,372.342,8.97561e-005,-2.53298,0.344446,0.309282,-2.85048
-0.0917047,372.342,9.02439e-005,-2.42705,0.346372,0.0789863,-2.51444
-0.0917047,372.342,9.07317e-005,-2.31154,0.342873,-0.143474,-2.17651
-0.0917047,372.342,9.12195e-005,-2.18691,0.334257,-0.353265,-1.842
-0.0917047,372.342,9.17073e-005,-2.05364,0.320942,-0.545894,-1.5159
-0.0917047,372.342,9.21951e-005,-1.91227,0.303447,-0.717315,-1.20278
-0.0917047,372.342,9.26829e-005,-1.76336,0.282373,-0.864018,-0.906739
-0.0917047,372.342,9.31707e-005,-1.60748,0.258395,-0.983114,-0.631253
-0.0917047,372.342,9.36585e-005,-1.44526,0.232239,-1.0724,-0.37916
-0.0917047,372.342,9.41463e-005,-1.27734,0.204668,-1.13042,-0.152586
-0.0917047,372.342,9.46341e-005,-1.10437,0.176461,-1.15646,0.0470896
-0.0917047,372.342,9.5122e-005,-0.927051,0.148398,-1.1506,0.219247
-0.0917047,372.342,9.56098e-005,-0.74607,0.121234,-1.11371,0.364025
-0.0917047,372.342,9.60976e-005,-0.562144,0.0956877,-1.0474,0.482303
-0.0917047,372.342,9.65854e-005,-0.376,0.0724197,-0.95399,0.575657
-0.0917047,372.342,9.70732e-005,-0.188372,0.0520185,-0.836448,0.64631
-0.0917047,372.342,9.7561e-005,-1.46953e-015,0.0349861,-0.698328,0.69706
-0.0917047,372.342,9.80488e-005,0.188372,0.0217258,-0.543674,0.731192
-0.0917047,372.342,9.85366e-005,0.376,0.0125326,-0.376918,0.752388
-0.0917047,372.342,9.90244e-005,0.562144,0.00758684,-0.202777,0.764615
-0.0917047,372.342,9.95122e-005,0.74607,0.00694946,-0.0261324,0.772017
-0.0917047,372.342,0.0001,0.927051,0.0105613,0.148084,0.778797
-0.0917047,372.342,0.000100488,1.10437,0.0182446,0.315015,0.789101
-0.0917047,372.342,0.000100976,1.27734,0.0297078,0.469993,0.8069
-0.0917047,372.342,0.000101463,1.44526,0.044553,0.608653,0.835884
-0.0917047,372.342,0.000101951,1.60748,0.0622858,0.727044,0.87935
-0.0917047,372.342,0.000102439,1.76336,0.0823277,0.82172,0.940116
-0.0917047,372.342,0.000102927,1.91227,0.104031,0.889828,1.02044
-0.0917047,372.342,0.000103415,2.05364,0.126694,0.929174,1.12193
-0.0917047,372.342,0.000103902,2.18691,0.149579,0.938282,1.24553
-0.0917047,372.342,0.00010439,2.31154,0.17193,0.916428,1.39146
-0.0917047,372.342,0.000104878,2.42705,0.192995,0.863657,1.5592
-0.0917047,372.342,0.000105366,2.53298,0.212039,0.780788,1.74749
-0.0917047,372.342,0.000105854,2.62892,0.228366,0.669392,1.95436
-0.0917047,372.342,0.000106341,2.71448,0.241335,0.53176,2.17715
-0.0917047,372.342,0.000106829,2.78933,0.25038,0.370843,2.4126
-0.0917047,372.342,0.000107317,2.85317,0.255019,0.190189,2.65687
-0.0917047,372.342,0.000107805,2.90575,0.254869,-0.00614354,2.90567
-0.0917047,372.342,0.000108293,2.94686,0.249657,-0.21368,3.15433
-0.0917047,372.342,0.00010878,2.97634,0.239227,-0.427639,3.39789
-0.0917047,372.342,0.000109268,2.99408,0.223543,-0.643041,3.63129
-0.0917047,372.342,0.000109756,3,0.202694,-0.85483,3.84938
-0.0917047,372.342,0.000110244,2.99408,0.176889,-1.05799,4.04713
-0.0917047,372.342,0.000110732,2.97634,0.146458,-1.24767,4.2197
-0.0917047,372.342,0.00011122,2.94686,0.111841,-1.4193,4.36259
-0.0917047,372.342,0.000111707,2.90575,0.0735805,-1.56868,4.4717
-0.0917047,372.342,0.000112195,2.85317,0.0323095,-1.69211,4.54349
-0.0917047,372.342,0.000112683,2.78933,-0.0112629,-1.78647,4.57501
-0.0917047,372.342,0.000113171,2.71448,-0.0563669,-1.84926,4.56402
-0.0917047,372.342,0.000113659,2.62892,-0.10219,-1.87873,4.50903
-0.0917047,372.342,0.000114146,2.53298,-0.147893,-1.87385,4.40933
-0.0917047,372.342,0.000114634,2.42705,-0.192635,-1.83439,4.26504
-0.0917047,372.342,0.000115122,2.31154,-0.235583,-1.76087,4.07711
-0.0917047,372.342,0.00011561,2.18691,-0.275939,-1.65462,3.84727
-0.0917047,372.342,0.000116098,2.05364,-0.312956,-1.51769,3.57806
-0.0917047,372.342,0.000116585,1.91227,-0.345952,-1.35284,3.27274
-0.0917047,372.342,0.000117073,1.76336,-0.374328,-1.16343,2.93523
-0.0917047,372.342,0.000117561,1.60748,-0.397583,-0.953417,2.57003
-0.0917047,372.342,0.000118049,1.44526,-0.415319,-0.727184,2.18214
-0.0917047,372.342,0.000118537,1.27734,-0.427257,-0.489485,1.77695
-0.0917047,372.342,0.000119024,1.10437,-0.433241,-0.245322,1.36012
-0.0917047,372.342,0.000119512,0.927051,-0.433237,0.000175332,0.937443
-0.0917047,372.342,0.00012,0.74607,-0.427337,0.241864,0.514773
-0.0917047,372.342,0.000120488,0.562144,-0.415759,0.474709,0.0978581
-0.0917047,372.342,0.000120976,0.376,-0.398835,0.693901,-0.307761
-0.0917047,372.342,0.000121463,0.188372,-0.377006,0.894967,-0.696868
-0.0917047,372.342,0.000121951,-3.49216e-015,-0.350814,1.07387,-1.06468
-0.0917047,372.342,0.000122439,-0.188372,-0.320884,1.22712,-1.40694
-0.0917047,372.342,0.000122927,-0.376,-0.287913,1.35182,-1.71999
-0.0917047,372.342,0.000123415,-0.562144,-0.252651,1.44576,-2.00089
-0.0917047,372.342,0.000123902,-0.74607,-0.215883,1.50747,-2.24737
-0.0917047,372.342,0.00012439,-0.927051,-0.178415,1.53621,-2.45799
-0.0917047,372.342,0.000124878,-1.10437,-0.141048,1.53203,-2.63206
-0.0917047,372.342,0.000125366,-1.27734,-0.104566,1.49577,-2.76966
-0.0917047,372.342,0.000125854,-1.44526,-0.0697131,1.42897,-2.87168
-0.0917047,372.342,0.000126341,-1.60748,-0.0371787,1.33391,-2.93969
-0.0917047,372.342,0.000126829,-1.76336,-0.00758081,1.21351,-2.97596
-0.0917047,372.342,0.000127317,-1.91227,0.0185478,1.07127,-2.98336
-0.0917047,372.342,0.000127805,-2.05364,0.0407714,0.91117,-2.96526
-0.0917047,372.342,0.000128293,-2.18691,0.0587614,0.737587,-2.92549
-0.0917047,372.342,0.00012878,-2.31154,0.0723025,0.555186,-2.86816
-0.0917047,372.342,0.000129268,-2.42705,0.0812977,0.368805,-2.79762
-0.0917047,372.342,0.000129756,-2.53298,0.0857694,0.183338,-2.7183
-0.0917047,372.342,0.000130244,-2.62892,0.0858576,0.00361544,-2.63463
-0.0917047,372.342,0.000130732,-2.71448,0.0818158,-0.165711,-2.55086
-0.0917047,372.342,0.00013122,-2.78933,0.0740041,-0.320281,-2.47104
-0.0917047,372.342,0.000131707,-2.85317,0.062879,-0.45613,-2.39884
-0.0917047,372.342,0.000132195,-2.90575,0.0489818,-0.569784,-2.3375
-0.0917047,372.342,0.000132683,-2.94686,0.0329246,-0.658344,-2.28971
-0.0917047,372.342,0.000133171,-2.97634,0.0153745,-0.719557,-2.25759
-0.0917047,372.342,0.000133659,-2.99408,-0.0029637,-0.751864,-2.24259
-0.0917047,372.342,0.000134146,-3,-0.0213648,-0.754445,-2.24548
-0.0917047,372.342,0.000134634,-2.99408,-0.0391022,-0.727233,-2.26633
-0.0917047,372.342,0.000135122,-2.97634,-0.055466,-0.670916,-2.30447
-0.0917047,372.342,0.00013561,-2.94686,-0.0697811,-0.586921,-2.35859
-0.0917047,372.342,0.000136098,-2.90575,-0.0814246,-0.477381,-2.42667
-0.0917047,372.342,0.000136585,-2.85317,-0.0898411,-0.345078,-2.50611
-0.0917047,372.342,0.000137073,-2.78933,-0.0945578,-0.193383,-2.59376
-0.0917047,372.342,0.000137561,-2.71448,-0.095196,-0.026168,-2.68601
-0.0917047,372.342,0.000138049,-2.62892,-0.0914818,0.152283,-2.77888
-0.0917047,372.342,0.000138537,-2.53298,-0.083253,0.337379,-2.86813
-0.0917047,372.342,0.000139024,-2.42705,-0.0704644,0.524334,-2.94935
-0.0917047,372.342,0.000139512,-2.31154,-0.0531893,0.708279,-3.0181
-0.0917047,372.342,0.00014,-2.18691,-0.031619,0.884383,-3.06999
-0.0917047,372.342,0.000140488,-2.05364,-0.00605876,1.04797,-3.10084
-0.0917047,372.342,0.000140976,-1.91227,0.0230785,1.19463,-3.10675
-0.0917047,372.342,0.000141463,-1.76336,0.0552813,1.32032,-3.08424
-0.0917047,372.342,0.000141951,-1.60748,0.0899514,1.42147,-3.0303
-0.0917047,372.342,0.000142439,-1.44526,0.126417,1.49509,-2.94254
-0.0917047,372.342,0.000142927,-1.27734,0.163948,1.53879,-2.81921
-0.0917047,372.342,0.000143415,-1.10437,0.201775,1.55089,-2.65926
-0.0917047,372.342,0.000143902,-0.927051,0.239103,1.53044,-2.46241
-0.0917047,372.342,0.00014439,-0.74607,0.275133,1.47724,-2.22914
-0.0917047,372.342,0.000144878,-0.562144,0.309081,1.39186,-1.96071
-0.0917047,372.342,0.000145366,-0.376,0.340194,1.27563,-1.65917
-0.0917047,372.342,0.000145854,-0.188372,0.367769,1.13061,-1.32728
-0.0917047,372.342,0.000146341,8.45385e-015,0.391172,0.959507,-0.968477
-0.0917047,372.342,0.000146829,0.188372,0.409847,0.765676,-0.586845
-0.0917047,372.342,0.000147317,0.376,0.423335,0.552998,-0.186995
-0.0917047,372.342,0.000147805,0.562144,0.431281,0.325804,0.226015
-0.0917047,372.342,0.000148293,0.74607,0.433446,0.0887735,0.646777
-0.0917047,372.342,0.00014878,0.927051,0.429711,-0.153173,1.06965
-0.0917047,372.342,0.000149268,1.10437,0.420077,-0.394989,1.48888
-0.0917047,372.342,0.000149756,1.27734,0.404671,-0.63162,1.89871
-0.0917047,372.342,0.000150244,1.44526,0.383741,-0.858123,2.29351
-0.0917047,372.342,0.000150732,1.60748,0.357649,-1.06977,2.6679
-0.0917047,372.342,0.00015122,1.76336,0.326864,-1.26219,3.01682
-0.0917047,372.342,0.000151707,1.91227,0.291952,-1.43141,3.33571
-0.0917047,372.342,0.000152195,2.05364,0.253561,-1.57402,3.62054
-0.0917047,372.342,0.000152683,2.18691,0.21241,-1.6872,3.86792
-0.0917047,372.342,0.000153171,2.31154,0.169268,-1.76879,4.07515
-0.0917047,372.342,0.000153659,2.42705,0.124942,-1.81737,4.24029
-0.0917047,372.342,0.000154146,2.53298,0.0802534,-1.83225,4.36219
-0.0917047,372.342,0.000154634,2.62892,0.0360212,-1.81352,4.44048
-0.0917047,372.342,0.000155122,2.71448,-0.00695489,-1.76202,4.47562
-0.0917047,372.342,0.00015561,2.78933,-0.0479144,-1.67934,4.46884
-0.0917047,372.342,0.000156098,2.85317,-0.0861523,-1.56775,4.42209
-0.0917047,372.342,0.000156585,2.90575,-0.121035,-1.43019,4.33804
-0.0917047,372.342,0.000157073,2.94686,-0.152014,-1.27015,4.21996
-0.0917047,372.342,0.000157561,2.97634,-0.178639,-1.0916,4.07165
-0.0917047,372.342,0.000158049,2.99408,-0.200564,-0.898934,3.89737
-0.0917047,372.342,0.000158537,3,-0.217559,-0.696807,3.7017
-0.0917047,372.342,0.000159024,2.99408,-0.229512,-0.49006,3.48945
-0.0917047,372.342,0.000159512,2.97634,-0.236429,-0.28359,3.26553
-0.0917047,372.342,0.00016,2.94686,-0.238435,-0.0822419,3.03487
-0.0917047,372.342,0.000160488,2.90575,-0.235768,0.109314,2.80225
-0.0917047,372.342,0.000160976,2.85317,-0.228776,0.286687,2.57223
-0.0917047,372.342,0.000161463,2.78933,-0.217901,0.445872,2.34904
-0.0917047,372.342,0.000161951,2.71448,-0.203673,0.583345,2.13645
-0.0917047,372.342,0.000162439,2.62892,-0.186694,0.696142,1.93775
-0.0917047,372.342,0.000162927,2.53298,-0.167623,0.781932,1.7556
-0.0917047,372.342,0.000163415,2.42705,-0.147157,0.839069,1.59207
-0.0917047,372.342,0.000163902,2.31154,-0.12602,0.866626,1.4485
-0.0917047,372.342,0.00016439,2.18691,-0.104937,0.864424,1.32556
-0.0917047,372.342,0.000164878,2.05364,-0.0846191,0.833022,1.22318
-0.0917047,372.342,0.000165366,1.91227,-0.065748,0.773712,1.14062
-0.0917047,372.342,0.000165854,1.76336,-0.0489558,0.68848,1.07648
-0.0917047,372.342,0.000166341,1.60748,-0.0348105,0.579957,1.02872
-0.0917047,372.342,0.000166829,1.44526,-0.0238019,0.451354,0.994756
-0.0917047,372.342,0.000167317,1.27734,-0.0163291,0.306384,0.971534
-0.0917047,372.342,0.000167805,1.10437,-0.0126909,0.149168,0.955604
-0.0917047,372.342,0.000168293,0.927051,-0.0130777,-0.0158617,0.943222
-0.0917047,372.342,0.00016878,0.74607,-0.0175674,-0.184075,0.930463
-0.0917047,372.342,0.000169268,0.562144,-0.0261223,-0.350752,0.913325
-0.0917047,372.342,0.000169756,0.376,-0.0385907,-0.511203,0.887839
-0.0917047,372.342,0.000170244,0.188372,-0.0547096,-0.660877,0.85019
-0.0917047,372.342,0.000170732,-8.08647e-015,-0.0741116,-0.79548,0.796815
-0.0917047,372.342,0.00017122,-0.188372,-0.0963329,-0.911075,0.724511
-0.0917047,372.342,0.000171707,-0.376,-0.120825,-1.00418,0.630527
-0.0917047,372.342,0.000172195,-0.562144,-0.146968,-1.07185,0.512649
-0.0917047,372.342,0.000172683,-0.74607,-0.174084,-1.11175,0.369266
-0.0917047,372.342,0.000173171,-0.927051,-0.201455,-1.12223,0.199429
-0.0917047,372.342,0.000173659,-1.10437,-0.228342,-1.10235,0.00288712
-0.0917047,372.342,0.000174146,-1.27734,-0.253997,-1.05188,-0.219885
-0.0917047,372.342,0.000174634,-1.44526,-0.277689,-0.971379,-0.467687
-0.0917047,372.342,0.000175122,-1.60748,-0.298716,-0.862104,-0.738604
-0.0917047,372.342,0.00017561,-1.76336,-0.316425,-0.726035,-1.03003
-0.0917047,372.342,0.000176098,-1.91227,-0.330225,-0.565813,-1.33874
-0.0917047,372.342,0.000176585,-2.05364,-0.339607,-0.384675,-1.66091
-0.0917047,372.342,0.000177073,-2.18691,-0.344153,-0.186387,-1.99224
-0.0917047,372.342,0.000177561,-2.31154,-0.343547,0.0248495,-2.328
-0.0917047,372.342,0.000178049,-2.42705,-0.337584,0.244491,-2.66316
-0.0917047,372.342,0.000178537,-2.53298,-0.326175,0.467763,-2.99251
-0.0917047,372.342,0.000179024,-2.62892,-0.309351,0.689768,-3.31073
-0.0917047,372.342,0.000179512,-2.71448,-0.287264,0.905603,-3.61254
-0.0917047,372.342,0.00018,-2.78933,-0.260179,1.11047,-3.8928
-0.0917047,372.342,0.000180488,-2.85317,-0.228476,1.29981,-4.14663
-0.0917047,372.342,0.000180976,-2.90575,-0.192638,1.46936,-4.36953
-0.0917047,372.342,0.000181463,-2.94686,-0.153241,1.61531,-4.55747
-0.0917047,372.342,0.000181951,-2.97634,-0.110939,1.73437,-4.70698
-0.0917047,372.342,0.000182439,-2.99408,-0.0664551,1.82383,-4.81521
-0.0917047,372.342,0.000182927,-3,-0.0205608,1.88166,-4.88004
-0.0917047,372.342,0.000183415,-2.99408,0.0259398,1.90652,-4.9001
-0.0917047,372.342,0.000183902,-2.97634,0.072228,1.89782,-4.8748
-0.0917047,372.342,0.00018439,-2.94686,0.117489,1.85571,-4.80433
-0.0917047,372.342,0.000184878,-2.90575,0.16093,1.78109,-4.68971
-0.0917047,372.342,0.000185366,-2.85317,0.201799,1.67561,-4.5327
-0.0917047,372.342,0.000185854,-2.78933,0.239398,1.54157,-4.33582
-0.0917047,372.342,0.000186341,-2.71448,0.273104,1.38194,-4.10226
-0.0917047,372.342,0.000186829,-2.62892,0.302378,1.20024,-3.83582
-0.0917047,372.342,0.000187317,-2.53298,0.32678,1.00046,-3.54082
-0.0917047,372.342,0.000187805,-2.42705,0.345974,0.786987,-3.22201
-0.0917047,372.342,0.000188293,-2.31154,0.359743,0.564495,-2.88447
-0.0917047,372.342,0.00018878,-2.18691,0.367982,0.337824,-2.5335
-0.0917047,372.342,0.000189268,-2.05364,0.370711,0.111881,-2.1745
-0.0917047,372.342,0.000189756,-1.91227,0.368065,-0.108486,-1.81283
-0.0917047,372.342,0.000190244,-1.76336,0.360294,-0.318593,-1.45374
-0.0917047,372.342,0.000190732,-1.60748,0.347757,-0.514035,-1.10223
-0.0917047,372.342,0.00019122,-1.44526,0.330909,-0.690785,-0.762958
-0.0917047,372.342,0.000191707,-1.27734,0.310292,-0.845288,-0.440121
-0.0917047,372.342,0.000192195,-1.10437,0.286522,-0.974545,-0.137397
-0.0917047,372.342,0.000192683,-0.927051,0.260274,-1.07618,0.142137
-0.0917047,372.342,0.000193171,-0.74607,0.232262,-1.14848,0.396063
-0.0917047,372.342,0.000193659,-0.562144,0.203227,-1.19047,0.622661
-0.0917047,372.342,0.000194146,-0.376,0.173912,-1.20189,0.820931
-0.0917047,372.342,0.000194634,-0.188372,0.145053,-1.18321,0.990601
-0.0917047,372.342,0.000195122,-2.93906e-015,0.117355,-1.13565,1.13212
-0.0917047,372.342,0.00019561,0.188372,0.091474,-1.0611,1.24661
-0.0917047,372.342,0.000196098,0.376,0.0680086,-0.962083,1.33585
-0.0917047,372.342,0.000196585,0.562144,0.0474789,-0.841717,1.4022
-0.0917047,372.342,0.000197073,0.74607,0.0303177,-0.703611,1.44852
-0.0917047,372.342,0.000197561,0.927051,0.0168594,-0.55179,1.4781
-0.0917047,372.342,0.000198049,1.10437,0.00733288,-0.390587,1.49455
-0.0917047,372.342,0.000198537,1.27734,0.00185619,-0.224544,1.5017
-0.0917047,372.342,0.000199024,1.44526,0.000434275,-0.0582984,1.50351
-0.0917047,372.342,0.000199512,1.60748,0.00295944,0.103532,1.50394
-0.0917047,372.342,0.0002,1.76336,0.00921453,0.256458,1.50683
-0.0917047,372.342,0.000200488,1.91227,0.0188787,0.396232,1.51581
-0.0917047,372.342,0.000200976,2.05364,0.031536,0.518948,1.53423
-0.0917047,372.342,0.000201463,2.18691,0.0466857,0.621137,1.565
-0.0917047,372.342,0.000201951,2.31154,0.0637553,0.699854,1.61055
-0.0917047,372.342,0.000202439,2.42705,0.082115,0.752749,1.67275
-0.0917047,372.342,0.000202927,2.53298,0.101094,0.778122,1.75286
-0.0917047,372.342,0.000203415,2.62892,0.119995,0.774967,1.85149
-0.0917047,372.342,0.000203902,2.71448,0.138117,0.742999,1.96856
-0.0917047,372.342,0.00020439,2.78933,0.154767,0.682656,2.1033
-0.0917047,372.342,0.000204878,2.85317,0.169282,0.595098,2.2543
-0.0917047,372.342,0.000205366,2.90575,0.181042,0.482171,2.41945
-0.0917047,372.342,0.000205854,2.94686,0.18949,0.34637,2.59608
-0.0917047,372.342,0.000206341,2.97634,0.194143,0.190778,2.78094
-0.0917047,372.342,0.000206829,2.99408,0.194607,0.0189922,2.97035
-0.0917047,372.342,0.000207317,3,0.190583,-0.164959,3.16021
-0.0917047,372.342,0.000207805,2.99408,0.181883,-0.356716,3.34615
-0.0917047,372.342,0.000208293,2.97634,0.168427,-0.551686,3.52359
-0.0917047,372.342,0.00020878,2.94686,0.150252,-0.745159,3.68791
-0.0917047,372.342,0.000209268,2.90575,0.127511,-0.932416,3.8345
-0.0917047,372.342,0.000209756,2.85317,0.100466,-1.10884,3.9589
-0.0917047,372.342,0.000210244,2.78933,0.0694891,-1.27004,4.05692
-0.0917047,372.342,0.000210732,2.71448,0.0350519,-1.41192,4.12471
-0.0917047,372.342,0.00021122,2.62892,-0.00228575,-1.53084,4.15891
-0.0917047,372.342,0.000211707,2.53298,-0.0418867,-1.62364,4.15668
-0.0917047,372.342,0.000212195,2.42705,-0.0830511,-1.68774,4.11581
-0.0917047,372.342,0.000212683,2.31154,-0.125032,-1.72122,4.03479
-0.0917047,372.342,0.000213171,2.18691,-0.167053,-1.72285,3.9128
-0.0917047,372.342,0.000213659,2.05364,-0.208324,-1.69211,3.74983
-0.0917047,372.342,0.000214146,1.91227,-0.248061,-1.62923,3.54658
-0.0917047,372.342,0.000214634,1.76336,-0.285504,-1.53517,3.30457
-0.0917047,372.342,0.000215122,1.60748,-0.319933,-1.41159,3.02603
-0.0917047,372.342,0.00021561,1.44526,-0.350685,-1.26084,2.7139
-0.0917047,372.342,0.000216098,1.27734,-0.37717,-1.08588,2.37177
-0.0917047,372.342,0.000216585,1.10437,-0.398883,-0.890226,2.0038
-0.0917047,372.342,0.000217073,0.927051,-0.415416,-0.677865,1.61465
-0.0917047,372.342,0.000217561,0.74607,-0.426469,-0.453159,1.20936
-0.0917047,372.342,0.000218049,0.562144,-0.431853,-0.220748,0.793294
-0.0917047,372.342,0.000218537,0.376,-0.431498,0.0145593,0.371973
-0.0917047,372.342,0.000219024,0.188372,-0.425452,0.247896,-0.0490002
-0.0917047,372.342,0.000219512,-7.3517e-015,-0.41388,0.474452,-0.464075
-0.0917047,372.342,0.00022,-0.188372,-0.397061,0.689583,-0.86786
-0.0917047,372.342,0.000220488,-0.376,-0.37538,0.888921,-1.25524
-0.0917047,372.342,0.000220976,-0.562144,-0.349319,1.06847,-1.62146
-0.0917047,372.342,0.000221463,-0.74607,-0.319448,1.22471,-1.96226
-0.0917047,372.342,0.000221951,-0.927051,-0.286408,1.35466,-2.27392
-0.0917047,372.342,0.000222439,-1.10437,-0.250897,1.45595,-2.55334
-0.0917047,372.342,0.000222927,-1.27734,-0.213656,1.5269,-2.79812
-0.0917047,372.342,0.000223415,-1.44526,-0.175448,1.56651,-3.00656
-0.0917047,372.342,0.000223902,-1.60748,-0.137045,1.57453,-3.17773
-0.0917047,372.342,0.00022439,-1.76336,-0.0992053,1.55142,-3.31143
-0.0917047,372.342,0.000224878,-1.91227,-0.0626598,1.49837,-3.40822
-0.0917047,372.342,0.000225366,-2.05364,-0.0280931,1.41724,-3.46935
-0.0917047,372.342,0.000225854,-2.18691,0.0038712,1.31054,-3.49676
-0.0917047,372.342,0.000226341,-2.31154,0.0326845,1.18135,-3.49298
-0.0917047,372.342,0.000226829,-2.42705,0.0578856,1.03324,-3.46109
-0.0917047,372.342,0.000227317,-2.53298,0.0791106,0.870223,-3.40462
-0.0917047,372.342,0.000227805,-2.62892,0.0961005,0.696588,-3.32744
-0.0917047,372.342,0.000228293,-2.71448,0.108707,0.516856,-3.23368
-0.0917047,372.342,0.00022878,-2.78933,0.116893,0.335645,-3.12763
-0.0917047,372.342,0.000229268,-2.85317,0.120736,0.157563,-3.01358
-0.0917047,372.342,0.000229756,-2.90575,0.120422,-0.0129019,-2.89579
-0.0917047,372.342,0.000230244,-2.94686,0.116239,-0.171491,-2.77831
-0.0917047,372.342,0.000230732,-2.97634,0.108574,-0.314275,-2.6649
-0.0917047,372.342,0.00023122,-2.99408,0.0978968,-0.43775,-2.55898
-0.0917047,372.342,0.000231707,-3,0.0847525,-0.538918,-2.46347
-0.0917047,372.342,0.000232195,-2.99408,0.0697436,-0.615363,-2.38078
-0.0917047,372.342,0.000232683,-2.97634,0.0535167,-0.665304,-2.31274
-0.0917047,372.342,0.000233171,-2.94686,0.0367451,-0.687637,-2.26053
-0.0917047,372.342,0.000233659,-2.90575,0.0201118,-0.681964,-2.22468
-0.0917047,372.342,0.000234146,-2.85317,0.00429227,-0.6486,-2.20506
-0.0917047,372.342,0.000234634,-2.78933,-0.0100629,-0.588562,-2.20087
-0.0917047,372.342,0.000235122,-2.71448,-0.0223445,-0.503546,-2.21069
-0.0917047,372.342,0.00023561,-2.62892,-0.0320002,-0.395886,-2.23249
-0.0917047,372.342,0.000236098,-2.53298,-0.0385489,-0.268494,-2.26371
-0.0917047,372.342,0.000236585,-2.42705,-0.0415926,-0.124793,-2.30132
-0.0917047,372.342,0.000237073,-2.31154,-0.0408275,0.0313708,-2.3419
-0.0917047,372.342,0.000237561,-2.18691,-0.0360514,0.195818,-2.38173
-0.0917047,372.342,0.000238049,-2.05364,-0.02717,0.364138,-2.4169
-0.0917047,372.342,0.000238537,-1.91227,-0.0141993,0.531798,-2.44341
-0.0917047,372.342,0.000239024,-1.76336,0.00273362,0.694251,-2.45726
-0.0917047,372.342,0.000239512,-1.60748,0.0233933,0.847046,-2.45459
-0.0917047,372.342,0.00024,-1.44526,0.0474406,0.985939,-2.43177
-0.0917047,372.342,0.000240488,-1.27734,0.0744404,1.10699,-2.38549
-0.0917047,372.342,0.000240976,-1.10437,0.103871,1.20667,-2.31286
-0.0917047,372.342,0.000241463,-0.927051,0.135138,1.28194,-2.21152
-0.0917047,372.342,0.000241951,-0.74607,0.167585,1.33032,-2.07968
-0.0917047,372.342,0.000242439,-0.562144,0.200511,1.34995,-1.91618
-0.0917047,372.342,0.000242927,-0.376,0.233186,1.33967,-1.72056
-0.0917047,372.342,0.000243415,-0.188372,0.264869,1.29901,-1.49307
-0.0917047,372.342,0.000243902,6.98432e-015,0.294825,1.2282,-1.23466
-0.0917047,372.342,0.00024439,0.188372,0.322342,1.1282,-0.947024
-0.0917047,372.342,0.000244878,0.376,0.346749,1.00068,-0.632544
-0.0917047,372.342,0.000245366,0.562144,0.36743,0.847939,-0.294252
-0.0917047,372.342,0.000245854,0.74607,0.383842,0.672892,0.0642164
-0.0917047,372.342,0.000246341,0.927051,0.395525,0.478992,0.438697
-0.0917047,372.342,0.000246829,1.10437,0.402114,0.270152,0.824575
-0.0917047,372.342,0.000247317,1.27734,0.403349,0.0506491,1.21688
-0.0917047,372.342,0.000247805,1.44526,0.399082,-0.17497,1.61039
-0.0917047,372.342,0.000248293,1.60748,0.389277,-0.401994,1.99974
-0.0917047,372.342,0.00024878,1.76336,0.374017,-0.625662,2.37952
-0.0917047,372.342,0.000249268,1.91227,0.353498,-0.841269,2.74442
-0.0917047,372.342,0.000249756,2.05364,0.328028,-1.04428,3.08929
-0.0917047,372.342,0.000250244,2.18691,0.298018,-1.23042,3.40932
-0.0917047,372.342,0.000250732,2.31154,0.263974,-1.3958,3.70007
-0.0917047,372.342,0.00025122,2.42705,0.226486,-1.53699,3.95761
-0.0917047,372.342,0.000251707,2.53298,0.186215,-1.65111,4.17857
-0.0917047,372.342,0.000252195,2.62892,0.143877,-1.73586,4.36024
-0.0917047,372.342,0.000252683,2.71448,0.100228,-1.78964,4.50061
-0.0917047,372.342,0.000253171,2.78933,0.0560444,-1.81151,4.59839
-0.0917047,372.342,0.000253659,2.85317,0.012111,-1.80127,4.65307
-0.0917047,372.342,0.000254146,2.90575,-0.030802,-1.75943,4.66489
-0.0917047,372.342,0.000254634,2.94686,-0.0719538,-1.68722,4.63484
-0.0917047,372.342,0.000255122,2.97634,-0.11065,-1.58654,4.56464
-0.0917047,372.342,0.00025561,2.99408,-0.146257,-1.45991,4.45669
-0.0917047,372.342,0.000256098,3,-0.178219,-1.31043,4.314
-0.0917047,372.342,0.000256585,2.99408,-0.206065,-1.1417,4.14012
-0.0917047,372.342,0.000257073,2.97634,-0.229424,-0.957715,3.93909
-0.0917047,372.342,0.000257561,2.94686,-0.248029,-0.762799,3.71526
-0.0917047,372.342,0.000258049,2.90575,-0.261724,-0.561478,3.47328
-0.0917047,372.342,0.000258537,2.85317,-0.270465,-0.358384,3.21794
-0.0917047,372.342,0.000259024,2.78933,-0.274322,-0.158143,2.95407
-0.0917047,372.342,0.000259512,2.71448,-0.273475,0.0347343,2.68644
-0.0917047,372.342,0.00026,2.62892,-0.268207,0.215957,2.41963
-0.0917047,372.342,0.000260488,2.53298,-0.258901,0.381558,2.15797
-0.0917047,372.342,0.000260976,2.42705,-0.246023,0.527985,1.90538
-0.0917047,372.342,0.000261463,2.31154,-0.230117,0.652182,1.66536
-0.0917047,372.342,0.000261951,2.18691,-0.211783,0.751665,1.44085
-0.0917047,372.342,0.000262439,2.05364,-0.191672,0.824571,1.23424
-0.0917047,372.342,0.000262927,1.91227,-0.170459,0.869708,1.04724
-0.0917047,372.342,0.000263415,1.76336,-0.148836,0.886576,0.880937
-0.0917047,372.342,0.000263902,1.60748,-0.127485,0.875379,0.735732
-0.0917047,372.342,0.00026439,1.44526,-0.10707,0.837014,0.611356
-0.0917047,372.342,0.000264878,1.27734,-0.088215,0.773052,0.506898
-0.0917047,372.342,0.000265366,1.10437,-0.0714909,0.685691,0.420834
-0.0917047,372.342,0.000265854,0.927051,-0.0574004,0.577708,0.351087
-0.0917047,372.342,0.000266341,0.74607,-0.0463667,0.452383,0.295087
-0.0917047,372.342,0.000266829,0.562144,-0.0387222,0.313424,0.249851
-0.0917047,372.342,0.000267317,0.376,-0.034701,0.164871,0.212073
-0.0917047,372.342,0.000267805,0.188372,-0.0344327,0.0109994,0.178219
-0.0917047,372.342,0.000268293,-6.61694e-015,-0.0379397,-0.143786,0.144626
-0.0917047,372.342,0.00026878,-0.188372,-0.0451362,-0.295058,0.107611
-0.0917047,372.342,0.000269268,-0.376,-0.0558307,-0.438475,0.063576
-0.0917047,372.342,0.000269756,-0.562144,-0.0697304,-0.569889,0.00910706
-0.0917047,372.342,0.000270244,-0.74607,-0.0864486,-0.685446,-0.0589226
-0.0917047,372.342,0.000270732,-0.927051,-0.105514,-0.78168,-0.143263
-0.0917047,372.342,0.00027122,-1.10437,-0.126382,-0.855597,-0.246203
-0.0917047,372.342,0.000271707,-1.27734,-0.148449,-0.904752,-0.369503
-0.0917047,372.342,0.000272195,-1.44526,-0.171067,-0.927309,-0.514332
-0.0917047,372.342,0.000272683,-1.60748,-0.193556,-0.922082,-0.681226
-0.0917047,372.342,0.000273171,-1.76336,-0.215229,-0.888573,-0.870061
-0.0917047,372.342,0.000273659,-1.91227,-0.235399,-0.826982,-1.08004
-0.0917047,372.342,0.000274146,-2.05364,-0.253404,-0.738201,-1.3097
-0.0917047,372.342,0.000274634,-2.18691,-0.268619,-0.623803,-1.55692
-0.0917047,372.342,0.000275122,-2.31154,-0.280472,-0.485999,-1.81899
-0.0917047,372.342,0.00027561,-2.42705,-0.288462,-0.327589,-2.09262
-0.0917047,372.342,0.000276098,-2.53298,-0.292167,-0.1519,-2.37405
-0.0917047,372.342,0.000276585,-2.62892,-0.291258,0.0372952,-2.65909
-0.0917047,372.342,0.000277073,-2.71448,-0.285505,0.235866,-2.94324
-0.0917047,372.342,0.000277561,-2.78933,-0.274787,0.439419,-3.22178
-0.0917047,372.342,0.000278049,-2.85317,-0.259095,0.643402,-3.48987
-0.0917047,372.342,0.000278537,-2.90575,-0.238528,0.843215,-3.74264
-0.0917047,372.342,0.000279024,-2.94686,-0.213301,1.03431,-3.97536
-0.0917047,372.342,0.000279512,-2.97634,-0.183733,1.21231,-4.18345
-0.0917047,372.342,0.00028,-2.99408,-0.150242,1.37311,-4.36271
-0.0917047,372.342,0.000280488,-3,-0.113341,1.51295,-4.50928
-0.0917047,372.342,0.000280976,-2.99408,-0.0736205,1.62854,-4.61986
-0.0917047,372.342,0.000281463,-2.97634,-0.0317391,1.71714,-4.69169
-0.0917047,372.342,0.000281951,-2.94686,0.0115917,1.77656,-4.72265
-0.0917047,372.342,0.000282439,-2.90575,0.0556236,1.80531,-4.71134
-0.0917047,372.342,0.000282927,-2.85317,0.0995882,1.80255,-4.65707
-0.0917047,372.342,0.000283415,-2.78933,0.142714,1.76816,-4.55992
-0.0917047,372.342,0.000283902,-2.71448,0.184244,1.70272,-4.42068
-0.0917047,372.342,0.00028439,-2.62892,0.223451,1.60752,-4.24093
-0.0917047,372.342,0.000284878,-2.53298,0.259659,1.4845,-4.02293
-0.0917047,372.342,0.000285366,-2.42705,0.292249,1.33622,-3.76961
-0.0917047,372.342,0.000285854,-2.31154,0.320684,1.16582,-3.48448
-0.0917047,372.342,0.000286341,-2.18691,0.344511,0.976894,-3.17162
-0.0917047,372.342,0.000286829,-2.05364,0.363376,0.773469,-2.83551
-0.0917047,372.342,0.000287317,-1.91227,0.377031,0.559865,-2.481
-0.0917047,372.342,0.000287805,-1.76336,0.385339,0.340613,-2.11317
-0.0917047,372.342,0.000288293,-1.60748,0.388274,0.120346,-1.73722
-0.0917047,372.342,0.00028878,-1.44526,0.385925,-0.0963101,-1.35842
-0.0917047,372.342,0.000289268,-1.27734,0.37849,-0.304842,-0.981909
-0.0917047,372.342,0.000289756,-1.10437,0.366271,-0.500954,-0.612651
-0.0917047,372.342,0.000290244,-0.927051,0.34967,-0.680672,-0.255313
-0.0917047,372.342,0.000290732,-0.74607,0.329171,-0.840427,0.0858283
-0.0917047,372.342,0.00029122,-0.562144,0.305339,-0.977144,0.406971
-0.0917047,372.342,0.000291707,-0.376,0.278794,-1.08831,0.704862
-0.0917047,372.342,0.000292195,-0.188372,0.250208,-1.17203,0.976857
-0.0917047,372.342,0.00268293,2.35368e-014,0.216322,0.262481,-0.267601
-0.0917047,372.342,0.00268341,0.188372,0.222167,0.239651,-0.0565554
-0.0917047,372.342,0.0026839,0.376,0.227298,0.210388,0.160193
-0.0917047,372.342,0.00268439,0.562144,0.231558,0.174653,0.381947
-0.0917047,372.342,0.00268488,0.74607,0.234791,0.132565,0.607857
-0.0917047,372.342,0.00268537,0.927051,0.23685,0.0844027,0.836922
-0.0917047,372.342,0.00268585,1.10437,0.237596,0.0306022,1.06799
-0.0917047,372.342,0.00268634,1.27734,0.236907,-0.028253,1.2998
-0.0917047,372.342,0.00268683,1.44526,0.234677,-0.091442,1.53092
-0.0917047,372.342,0.00268732,1.60748,0.23082,-0.158121,1.75988
-0.0917047,372.342,0.0026878,1.76336,0.225275,-0.227342,1.98507
-0.0917047,372.342,0.00268829,1.91227,0.218005,-0.298072,2.20485
-0.0917047,372.342,0.00268878,2.05364,0.209,-0.369213,2.41754
-0.0917047,372.342,0.00268927,2.18691,0.198277,-0.439631,2.62144
-0.0917047,372.342,0.00268976,2.31154,0.185883,-0.508177,2.81488
-0.0917047,372.342,0.00269024,2.42705,0.17189,-0.573713,2.99623
-0.0917047,372.342,0.00269073,2.53298,0.156399,-0.635136,3.16393
-0.0917047,372.342,0.00269122,2.62892,0.139535,-0.691406,3.31651
-0.0917047,372.342,0.00269171,2.71448,0.121448,-0.741565,3.45264
-0.0917047,372.342,0.0026922,2.78933,0.102308,-0.784762,3.57113
-0.0917047,372.342,0.00269268,2.85317,0.0823011,-0.820267,3.67094
-0.0917047,372.342,0.00269317,2.90575,0.0616305,-0.847493,3.75124
-0.0917047,372.342,0.00269366,2.94686,0.0405085,-0.866004,3.81136
-0.0917047,372.342,0.00269415,2.97634,0.0191542,-0.875527,3.85088
-0.0917047,372.342,0.00269463,2.99408,-0.00221064,-0.875957,3.86957
-0.0917047,372.342,0.00269512,3,-0.0233657,-0.867359,3.86741
-0.0917047,372.342,0.00269561,2.99408,-0.0440967,-0.849967,3.84462
-0.0917047,372.342,0.0026961,2.97634,-0.0641985,-0.824177,3.8016
-0.0917047,372.342,0.00269659,2.94686,-0.0834799,-0.790536,3.73896
-0.0917047,372.342,0.00269707,2.90575,-0.101766,-0.749734,3.65752
-0.0917047,372.342,0.00269756,2.85317,-0.118902,-0.702584,3.55824
-0.0917047,372.342,0.00269805,2.78933,-0.134756,-0.650004,3.44223
-0.0917047,372.342,0.00269854,2.71448,-0.149219,-0.592996,3.31076
-0.0917047,372.342,0.00269902,2.62892,-0.16221,-0.532625,3.16518
-0.0917047,372.342,0.00269951,2.53298,-0.173673,-0.46999,3.00693
-0.0917047,372.342,0.0027,2.42705,-0.183581,-0.406206,2.83749
-0.0917047,372.342,0.00270049,2.31154,-0.191931,-0.342372,2.65839
-0.0917047,372.342,0.00270098,2.18691,-0.19875,-0.279552,2.47114
-0.0917047,372.342,0.00270146,2.05364,-0.204085,-0.218748,2.27724
-0.0917047,372.342,0.00270195,1.91227,-0.208009,-0.16088,2.07813
-0.0917047,372.342,0.00270244,1.76336,-0.210613,-0.106765,1.87519
-0.0917047,372.342,0.00270293,1.60748,-0.212006,-0.0571008,1.66972
-0.0917047,372.342,0.00270341,1.44526,-0.212309,-0.0124514,1.46288
-0.0917047,372.342,0.0027039,1.27734,-0.211657,0.0267641,1.25575
-0.0917047,372.342,0.00270439,1.10437,-0.210186,0.0602782,1.04926
-0.0917047,372.342,0.00270488,0.927051,-0.208041,0.0879796,0.844198
-0.0917047,372.342,0.00270537,0.74607,-0.20536,0.109912,0.641231
-0.0917047,372.342,0.00270585,0.562144,-0.20228,0.126272,0.44088
-0.0917047,372.342,0.00270634,0.376,-0.198929,0.137399,0.243534
-0.0917047,372.342,0.00270683,0.188372,-0.195422,0.143766,0.0494571
-0.0917047,372.342,0.00270732,8.80497e-015,-0.191862,0.145965,-0.141199
-0.0917047,372.342,0.0027078,-0.188372,-0.188333,0.144689,-0.328381
-0.0917047,372.342,0.00270829,-0.376,-0.184901,0.140715,-0.512121
-0.0917047,372.342,0.00270878,-0.562144,-0.181611,0.134878,-0.692512
-0.0917047,372.342,0.00270927,-0.74607,-0.178488,0.128054,-0.869694
-0.0917047,372.342,0.00270976,-0.927051,-0.175534,0.121131,-1.04383
-0.0917047,372.342,0.00271024,-1.10437,-0.172729,0.114989,-1.21508
-0.0917047,372.342,0.00271073,-1.27734,-0.170035,0.110473,-1.3836
-0.0917047,372.342,0.00271122,-1.44526,-0.167391,0.108371,-1.54948
-0.0917047,372.342,0.00271171,-1.60748,-0.164723,0.109396,-1.71279
-0.0917047,372.342,0.0027122,-1.76336,-0.161939,0.114161,-1.8735
-0.0917047,372.342,0.00271268,-1.91227,-0.158935,0.123166,-2.03149
-0.0917047,372.342,0.00271317,-2.05364,-0.155599,0.136782,-2.18655
-0.0917047,372.342,0.00271366,-2.18691,-0.151812,0.155239,-2.33835
-0.0917047,372.342,0.00271415,-2.31154,-0.147456,0.178623,-2.48646
-0.0917047,372.342,0.00271463,-2.42705,-0.14241,0.206864,-2.63032
-0.0917047,372.342,0.00271512,-2.53298,-0.136563,0.239745,-2.76926
-0.0917047,372.342,0.00271561,-2.62892,-0.129809,0.276898,-2.90249
-0.0917047,372.342,0.0027161,-2.71448,-0.122058,0.317816,-3.02913
-0.0917047,372.342,0.00271659,-2.78933,-0.113232,0.361859,-3.14821
-0.0917047,372.342,0.00271707,-2.85317,-0.103274,0.408273,-3.25868
-0.0917047,372.342,0.00271756,-2.90575,-0.0921468,0.456205,-3.35944
-0.0917047,372.342,0.00271805,-2.94686,-0.0798366,0.504721,-3.44934
-0.0917047,372.342,0.00271854,-2.97634,-0.066353,0.552828,-3.52722
-0.0917047,372.342,0.00271902,-2.99408,-0.0517311,0.599497,-3.59196
-0.0917047,372.342,0.00271951,-3,-0.0360313,0.64369,-3.64243
-0.0917047,372.342,0.00272,-2.99408,-0.0193391,0.68438,-3.67758
-0.0917047,372.342,0.00272049,-2.97634,-0.0017641,0.720576,-3.69645
-0.0917047,372.342,0.00272098,-2.94686,0.0165615,0.751351,-3.69817
-0.0917047,372.342,0.00272146,-2.90575,0.0354849,0.775859,-3.68201
-0.0917047,372.342,0.00272195,-2.85317,0.0548351,0.793358,-3.64739
-0.0917047,372.342,0.00272244,-2.78933,0.074426,0.803228,-3.59389
-0.0917047,372.342,0.00272293,-2.71448,0.0940599,0.804988,-3.52128
-0.0917047,372.342,0.00272341,-2.62892,0.113531,0.798304,-3.42952
-0.0917047,372.342,0.0027239,-2.53298,0.132628,0.783004,-3.31876
-0.0917047,372.342,0.00272439,-2.42705,0.151142,0.759077,-3.18936
-0.0917047,372.342,0.00272488,-2.31154,0.168866,0.726681,-3.04191
-0.0917047,372.342,0.00272537,-2.18691,0.185601,0.686135,-2.87716
-0.0917047,372.342,0.00272585,-2.05364,0.20116,0.637917,-2.69608
-0.0917047,372.342,0.00272634,-1.91227,0.215371,0.582653,-2.49983
-0.0917047,372.342,0.00272683,-1.76336,0.228081,0.521104,-2.28971
-0.0917047,372.342,0.00272732,-1.60748,0.239158,0.454151,-2.06719
-0.0917047,372.342,0.0027278,-1.44526,0.248494,0.382775,-1.83387
-0.0917047,372.342,0.00272829,-1.27734,0.256007,0.308037,-1.59144
-0.0917047,372.342,0.00272878,-1.10437,0.261643,0.231055,-1.34167
-0.0917047,372.342,0.00272927,-0.927051,0.265374,0.152979,-1.08641
-0.0917047,372.342,0.00272976,-0.74607,0.267202,0.0749684,-0.827511
-0.0917047,372.342,0.00273024,-0.562144,0.267158,-0.00183567,-0.566825
-0.0917047,372.342,0.00273073,-0.376,0.265296,-0.0763319,-0.306184
-0.0917047,372.342,0.00273122,-0.188372,0.261699,-0.147484,-0.0473586
-0.0917047,372.342,0.00273171,1.29383e-013,0.256471,-0.21434,0.207957
-0.0917047,372.342,0.0027322,0.188372,0.249738,-0.276056,0.458173
-0.0917047,372.342,0.00273268,0.376,0.241642,-0.331911,0.701819
-0.0917047,372.342,0.00273317,0.562144,0.232342,-0.381318,0.937568
-0.0917047,372.342,0.00273366,0.74607,0.222004,-0.42384,1.16424
-0.0917047,372.342,0.00273415,0.927051,0.210804,-0.459196,1.38083
-0.0917047,372.342,0.00273463,1.10437,0.19892,-0.487264,1.5865
-0.0917047,372.342,0.00273512,1.27734,0.186528,-0.508078,1.78056
-0.0917047,372.342,0.00273561,1.44526,0.1738,-0.521831,1.96254
-0.0917047,372.342,0.0027361,1.60748,0.160901,-0.528862,2.1321
-0.0917047,372.342,0.00273659,1.76336,0.147983,-0.529649,2.28908
-0.0917047,372.342,0.00273707,1.91227,0.135183,-0.524791,2.43345
-0.0917047,372.342,0.00273756,2.05364,0.122622,-0.514996,2.56534
-0.0917047,372.342,0.00273805,2.18691,0.110401,-0.501056,2.68497
-0.0917047,372.342,0.00273854,2.31154,0.0986006,-0.483833,2.79268
-0.0917047,372.342,0.00273902,2.42705,0.0872779,-0.46423,2.88888
-0.0917047,372.342,0.00273951,2.53298,0.0764689,-0.44317,2.97403
-0.0917047,372.342,0.00274,2.62892,0.0661866,-0.421574,3.04863
-0.0917047,372.342,0.00274049,2.71448,0.0564223,-0.400334,3.1132
-0.0917047,372.342,0.00274098,2.78933,0.0471469,-0.380294,3.16825
-0.0917047,372.342,0.00274146,2.85317,0.0383121,-0.362225,3.21424
-0.0917047,372.342,0.00274195,2.90575,0.0298534,-0.346807,3.25162
-0.0917047,372.342,0.00274244,2.94686,0.0216921,-0.334614,3.28075
-0.0917047,372.342,0.00274293,2.97634,0.0137386,-0.326095,3.30191
-0.0917047,372.342,0.00274341,2.99408,0.00589544,-0.321569,3.31531
-0.0917047,372.342,0.0027439,3,-0.00193894,-0.321209,3.32107
-0.0917047,372.342,0.00274439,2.99408,-0.00986689,-0.325046,3.31917
-0.0917047,372.342,0.00274488,2.97634,-0.0179879,-0.332963,3.30955
-0.0917047,372.342,0.00274537,2.94686,-0.0263952,-0.344698,3.292
-0.0917047,372.342,0.00274585,2.90575,-0.0351721,-0.359854,3.26625
-0.0917047,372.342,0.00274634,2.85317,-0.0443893,-0.377905,3.23193
-0.0917047,372.342,0.00274683,2.78933,-0.0541019,-0.398214,3.18863
-0.0917047,372.342,0.00274732,2.71448,-0.0643468,-0.420043,3.13584
-0.0917047,372.342,0.0027478,2.62892,-0.0751414,-0.442577,3.07307
-0.0917047,372.342,0.00274829,2.53298,-0.0864814,-0.464941,2.99976
-0.0917047,372.342,0.00274878,2.42705,-0.0983405,-0.486225,2.91539
-0.0917047,372.342,0.00274927,2.31154,-0.11067,-0.505505,2.81944
-0.0917047,372.342,0.00274976,2.18691,-0.123398,-0.521868,2.71147
-0.0917047,372.342,0.00275024,2.05364,-0.136433,-0.534433,2.59108
-0.0917047,372.342,0.00275073,1.91227,-0.149662,-0.542379,2.45798
-0.0917047,372.342,0.00275122,1.76336,-0.162954,-0.544961,2.31197
-0.0917047,372.342,0.00275171,1.60748,-0.176162,-0.541532,2.15299
-0.0917047,372.342,0.0027522,1.44526,-0.189127,-0.531564,1.98112
-0.0917047,372.342,0.00275268,1.27734,-0.20168,-0.514657,1.79661
-0.0917047,372.342,0.00275317,1.10437,-0.213644,-0.490555,1.59985
-0.0917047,372.342,0.00275366,0.927051,-0.224843,-0.459152,1.39141
-0.0917047,372.342,0.00275415,0.74607,-0.235099,-0.420501,1.17205
-0.0917047,372.342,0.00275463,0.562144,-0.244241,-0.374811,0.94269
-0.0917047,372.342,0.00275512,0.376,-0.252106,-0.322449,0.704406
-0.0917047,372.342,0.00275561,0.188372,-0.258543,-0.263928,0.458449
-0.0917047,372.342,0.0027561,-9.70417e-014,-0.263419,-0.199906,0.206212
-0.0917047,372.342,0.00275659,-0.188372,-0.266618,-0.131165,-0.0507818
-0.0917047,372.342,0.00275707,-0.376,-0.268047,-0.0586001,-0.310897
-0.0917047,372.342,0.00275756,-0.562144,-0.267637,0.0167998,-0.572406
-0.0917047,372.342,0.00275805,-0.74607,-0.265345,0.0939737,-0.833516
-0.0917047,372.342,0.00275854,-0.927051,-0.261155,0.17181,-1.09239
-0.0917047,372.342,0.00275902,-1.10437,-0.255077,0.24917,-1.34717
-0.0917047,372.342,0.00275951,-1.27734,-0.247153,0.324914,-1.59603
-0.0917047,372.342,0.00276,-1.44526,-0.237447,0.397922,-1.83715
-0.0917047,372.342,0.00276049,-1.60748,-0.226054,0.467122,-2.06881
-0.0917047,372.342,0.00276098,-1.76336,-0.21309,0.531509,-2.28935
-0.0917047,372.342,0.00276146,-1.91227,-0.198696,0.59017,-2.49724
-0.0917047,372.342,0.00276195,-2.05364,-0.18303,0.642299,-2.69109
-0.0917047,372.342,0.00276244,-2.18691,-0.166269,0.687219,-2.86966
-0.0917047,372.342,0.00276293,-2.31154,-0.148601,0.72439,-3.03187
-0.0917047,372.342,0.00276341,-2.42705,-0.130225,0.753424,-3.17685
-0.0917047,372.342,0.0027639,-2.53298,-0.111344,0.774091,-3.3039
-0.0917047,372.342,0.00276439,-2.62892,-0.0921657,0.786323,-3.41253
-0.0917047,372.342,0.00276488,-2.71448,-0.0728922,0.790212,-3.50245
-0.0917047,372.342,0.00276537,-2.78933,-0.0537213,0.786008,-3.57356
-0.0917047,372.342,0.00276585,-2.85317,-0.0348406,0.774111,-3.62597
-0.0917047,372.342,0.00276634,-2.90575,-0.0164244,0.755062,-3.65996
-0.0917047,372.342,0.00276683,-2.94686,0.00136883,0.729524,-3.67599
-0.0917047,372.342,0.00276732,-2.97634,0.0183999,0.698272,-3.67465
-0.0917047,372.342,0.0027678,-2.99408,0.0345503,0.66217,-3.6567
-0.0917047,372.342,0.00276829,-3,0.0497247,0.622148,-3.62299
-0.0917047,372.342,0.00276878,-2.99408,0.0638512,0.579186,-3.57448
-0.0917047,372.342,0.00276927,-2.97634,0.0768825,0.534284,-3.51219
-0.0917047,372.342,0.00276976,-2.94686,0.0887957,0.488441,-3.43718
-0.0917047,372.342,0.00277024,-2.90575,0.0995916,0.442633,-3.35055
-0.0917047,372.342,0.00277073,-2.85317,0.109294,0.397787,-3.25339
-0.0917047,372.342,0.00277122,-2.78933,0.117946,0.354762,-3.14676
-0.0917047,372.342,0.00277171,-2.71448,0.125613,0.31433,-3.03169
-0.0917047,372.342,0.0027722,-2.62892,0.132373,0.277155,-2.90914
-0.0917047,372.342,0.00277268,-2.53298,0.138319,0.243782,-2.77999
-0.0917047,372.342,0.00277317,-2.42705,0.143554,0.214624,-2.64505
-0.0917047,372.342,0.00277366,-2.31154,0.148187,0.189956,-2.505
-0.0917047,372.342,0.00277415,-2.18691,0.152331,0.169904,-2.36042
-0.0917047,372.342,0.00277463,-2.05364,0.156098,0.154452,-2.21181
-0.0917047,372.342,0.00277512,-1.91227,0.159596,0.143439,-2.05952
-0.0917047,372.342,0.00277561,-1.76336,0.162927,0.136567,-1.90382
-0.0917047,372.342,0.0027761,-1.60748,0.166181,0.133407,-1.74486
-0.0917047,372.342,0.00277659,-1.44526,0.169435,0.13342,-1.58273
-0.0917047,372.342,0.00277707,-1.27734,0.172751,0.135961,-1.41743
-0.0917047,372.342,0.00277756,-1.10437,0.176173,0.140306,-1.24889
-0.0917047,372.342,0.00277805,-0.927051,0.179726,0.145669,-1.07702
-0.0917047,372.342,0.00277854,-0.74607,0.183415,0.151221,-0.901674
-0.0917047,372.342,0.00277902,-0.562144,0.187222,0.156116,-0.722733
-0.0917047,372.342,0.00277951,-0.376,0.191113,0.159511,-0.540077
-0.0917047,372.342,0.00278,-0.188372,0.19503,0.160593,-0.353626
-0.0917047,372.342,0.00278049,6.46999e-014,0.198898,0.158596,-0.163353
-0.0917047,372.342,0.00278098,0.188372,0.202625,0.152827,0.0306938
-0.0917047,372.342,0.00278146,0.376,0.206105,0.142681,0.228377
-0.0917047,372.342,0.00278195,0.562144,0.209219,0.127661,0.429456
-0.0917047,372.342,0.00278244,0.74607,0.211838,0.107395,0.633572
-0.0917047,372.342,0.00278293,0.927051,0.21383,0.0816408,0.840243
-0.0917047,372.342,0.00278341,1.10437,0.215057,0.0503005,1.04886
-0.0917047,372.342,0.0027839,1.27734,0.215384,0.0134235,1.25867
-0.0917047,372.342,0.00278439,1.44526,0.214682,-0.028792,1.4688
-0.0917047,372.342,0.00278488,1.60748,0.212828,-0.0760011,1.67825
-0.0917047,372.342,0.00278537,1.76336,0.209713,-0.127718,1.88588
-0.0917047,372.342,0.00278585,1.91227,0.205242,-0.183323,2.09048
-0.0917047,372.342,0.00278634,2.05364,0.199337,-0.242081,2.29072
-0.0917047,372.342,0.00278683,2.18691,0.191943,-0.303148,2.48519
-0.0917047,372.342,0.00278732,2.31154,0.183026,-0.365595,2.67245
-0.0917047,372.342,0.0027878,2.42705,0.172577,-0.428429,2.85102
-0.0917047,372.342,0.00278829,2.53298,0.160611,-0.490609,3.01938
-0.0917047,372.342,0.00278878,2.62892,0.14717,-0.551075,3.17608
-0.0917047,372.342,0.00278927,2.71448,0.132322,-0.608766,3.31966
-0.0917047,372.342,0.00278976,2.78933,0.11616,-0.66265,3.44875
-0.0917047,372.342,0.00279024,2.85317,0.0988003,-0.711743,3.56208
-0.0917047,372.342,0.00279073,2.90575,0.0803825,-0.75513,3.65847
-0.0917047,372.342,0.00279122,2.94686,0.0610657,-0.791991,3.73689
-0.0917047,372.342,0.00279171,2.97634,0.0410263,-0.821613,3.79647
-0.0917047,372.342,0.0027922,2.99408,0.0204552,-0.843414,3.83649
-0.0917047,372.342,0.00279268,3,-0.00044596,-0.856949,3.85645
-0.0917047,372.342,0.00279317,2.99408,-0.0214685,-0.861924,3.85601
-0.0917047,372.342,0.00279366,2.97634,-0.0424003,-0.858202,3.83507
-0.0917047,372.342,0.00279415,2.94686,-0.0630297,-0.845808,3.7937
-0.0917047,372.342,0.00279463,2.90575,-0.0831498,-0.824925,3.73221
-0.0917047,372.342,0.00279512,2.85317,-0.102562,-0.795892,3.65109
-0.0917047,372.342,0.00279561,2.78933,-0.121079,-0.759198,3.55103
-0.0917047,372.342,0.0027961,2.71448,-0.138529,-0.715469,3.4329
-0.0917047,372.342,0.00279659,2.62892,-0.15476,-0.665454,3.29775
-0.0917047,372.342,0.00279707,2.53298,-0.169638,-0.610009,3.14677
-0.0917047,372.342,0.00279756,2.42705,-0.183055,-0.550079,2.98127
-0.0917047,372.342,0.00279805,2.31154,-0.194925,-0.486673,2.80268
-0.0917047,372.342,0.00279854,2.18691,-0.205189,-0.420846,2.61251
-0.0917047,372.342,0.00279902,2.05364,-0.213816,-0.353676,2.41232
-0.0917047,372.342,0.00279951,1.91227,-0.220797,-0.286234,2.20372
-0.0917047,372.342,0.0028,1.76336,-0.226152,-0.219568,1.98831
-0.0917047,372.342,0.00280049,1.60748,-0.229925,-0.154677,1.76767
-0.0917047,372.342,0.00280098,1.44526,-0.232181,-0.0924873,1.54336
-0.0917047,372.342,0.00280146,1.27734,-0.233006,-0.0338377,1.31684
-0.0917047,372.342,0.00280195,1.10437,-0.232505,0.0205411,1.08952
-0.0917047,372.342,0.00280244,0.927051,-0.230797,0.0700403,0.862681
-0.0917047,372.342,0.00280293,0.74607,-0.228012,0.114185,0.637514
-0.0917047,372.342,0.00280341,0.562144,-0.224289,0.152642,0.415064
-0.0917047,372.342,0.0028039,0.376,-0.219771,0.185225,0.196245
-0.0917047,372.342,0.00280439,0.188372,-0.214603,0.211897,-0.0181654
-0.0917047,372.342,0.00280488,-3.23581e-014,-0.208926,0.232768,-0.227534
-0.0917047,372.342,0.00280537,-0.188372,-0.202875,0.248088,-0.431364
-0.0917047,372.342,0.00280585,-0.376,-0.196576,0.258239,-0.62929
-0.0917047,372.342,0.00280634,-0.562144,-0.190144,0.263722,-0.821072
-0.0917047,372.342,0.00280683,-0.74607,-0.183677,0.265146,-1.00658
-0.0917047,372.342,0.00280732,-0.927051,-0.177257,0.263204,-1.18577
-0.0917047,372.342,0.0028078,-1.10437,-0.170949,0.258658,-1.35871
-0.0917047,372.342,0.00280829,-1.27734,-0.164794,0.252319,-1.52549
-0.0917047,372.342,0.00280878,-1.44526,-0.158818,0.245021,-1.68626
-0.0917047,372.342,0.00280927,-1.60748,-0.153023,0.237601,-1.84121
-0.0917047,372.342,0.00280976,-1.76336,-0.147392,0.230875,-1.9905
-0.0917047,372.342,0.00281024,-1.91227,-0.141889,0.225618,-2.1343
-0.0917047,372.342,0.00281073,-2.05364,-0.136461,0.222543,-2.27272
-0.0917047,372.342,0.00281122,-2.18691,-0.13104,0.222279,-2.40586
-0.0917047,372.342,0.00281171,-2.31154,-0.125543,0.225357,-2.5337
-0.0917047,372.342,0.0028122,-2.42705,-0.11988,0.232193,-2.65618
-0.0917047,372.342,0.00281268,-2.53298,-0.113951,0.243078,-2.77314
-0.0917047,372.342,0.00281317,-2.62892,-0.107655,0.258169,-2.88431
-0.0917047,372.342,0.00281366,-2.71448,-0.100887,0.277483,-2.98934
-0.0917047,372.342,0.00281415,-2.78933,-0.0935477,0.300896,-3.08776
-0.0917047,372.342,0.00281463,-2.85317,-0.0855442,0.328143,-3.17903
-0.0917047,372.342,0.00281512,-2.90575,-0.0767924,0.358826,-3.26249
-0.0917047,372.342,0.00281561,-2.94686,-0.0672212,0.392419,-3.33741
-0.0917047,372.342,0.0028161,-2.97634,-0.0567752,0.428285,-3.40299
-0.0917047,372.342,0.00281659,-2.99408,-0.045417,0.465685,-3.45838
-0.0917047,372.342,0.00281707,-3,-0.0331293,0.503797,-3.50269
-0.0917047,372.342,0.00281756,-2.99408,-0.0199162,0.541738,-3.53501
-0.0917047,372.342,0.00281805,-2.97634,-0.0058044,0.578583,-3.55444
-0.0917047,372.342,0.00281854,-2.94686,0.00915618,0.613384,-3.5601
-0.0917047,372.342,0.00281902,-2.90575,0.0248927,0.645198,-3.55117
-0.0917047,372.342,0.00281951,-2.85317,0.04131,0.673109,-3.52689
-0.0917047,372.342,0.00282,-2.78933,0.0582916,0.696246,-3.48658
-0.0917047,372.342,0.00282049,-2.71448,0.0757016,0.71381,-3.42971
-0.0917047,372.342,0.00282098,-2.62892,0.0933868,0.725091,-3.35586
-0.0917047,372.342,0.00282146,-2.53298,0.111179,0.729487,-3.26475
-0.0917047,372.342,0.00282195,-2.42705,0.128899,0.726519,-3.15628
-0.0917047,372.342,0.00282244,-2.31154,0.146359,0.715843,-3.03053
-0.0917047,372.342,0.00282293,-2.18691,0.163365,0.697262,-2.88774
-0.0917047,372.342,0.00282341,-2.05364,0.179724,0.670731,-2.72836
-0.0917047,372.342,0.0028239,-1.91227,0.195245,0.63636,-2.55302
-0.0917047,372.342,0.00282439,-1.76336,0.209743,0.594415,-2.36253
-0.0917047,372.342,0.00282488,-1.60748,0.223043,0.545309,-2.1579
-0.0917047,372.342,0.00282537,-1.44526,0.234985,0.4896,-1.9403
-0.0917047,372.342,0.00282585,-1.27734,0.245423,0.427979,-1.71105
-0.0917047,372.342,0.00282634,-1.10437,0.254234,0.361251,-1.47161
-0.0917047,372.342,0.00282683,-0.927051,0.261316,0.290325,-1.22358
-0.0917047,372.342,0.00282732,-0.74607,0.266589,0.216192,-0.968635
-0.0917047,372.342,0.0028278,-0.562144,0.270001,0.139902,-0.708548
-0.0917047,372.342,0.00282829,-0.376,0.271526,0.062548,-0.445133
-0.0917047,372.342,0.00282878,-0.188372,0.271166,-0.0147648,-0.180229
-0.0917047,372.342,0.00282927,1.70547e-013,0.268948,-0.0909369,0.0843231
-0.0917047,372.342,0.00282976,0.188372,0.264926,-0.1649,0.346712
-0.0917047,372.342,0.00283024,0.376,0.259179,-0.235638,0.605176
-0.0917047,372.342,0.00283073,0.562144,0.251808,-0.302211,0.858034
-0.0917047,372.342,0.00283122,0.74607,0.242936,-0.363772,1.1037
-0.0917047,372.342,0.00283171,0.927051,0.232702,-0.419585,1.34071
-0.0917047,372.342,0.0028322,1.10437,0.221262,-0.469039,1.56774
-0.0917047,372.342,0.00283268,1.27734,0.208782,-0.51166,1.7836
-0.0917047,372.342,0.00283317,1.44526,0.195438,-0.547123,1.98729
-0.0917047,372.342,0.00283366,1.60748,0.181407,-0.575249,2.17796
-0.0917047,372.342,0.00283415,1.76336,0.16687,-0.596014,2.35495
-0.0917047,372.342,0.00283463,1.91227,0.152003,-0.609544,2.51775
-0.0917047,372.342,0.00283512,2.05364,0.136976,-0.616108,2.66604
-0.0917047,372.342,0.00283561,2.18691,0.121949,-0.616112,2.79968
-0.0917047,372.342,0.0028361,2.31154,0.107069,-0.610087,2.91865
-0.0917047,372.342,0.00283659,2.42705,0.0924674,-0.598671,3.02311
-0.0917047,372.342,0.00283707,2.53298,0.0782578,-0.582594,3.11332
-0.0917047,372.342,0.00283756,2.62892,0.0645344,-0.56266,3.18967
-0.0917047,372.342,0.00283805,2.71448,0.0513704,-0.539725,3.25263
-0.0917047,372.342,0.00283854,2.78933,0.0388174,-0.514673,3.30275
-0.0917047,372.342,0.00283902,2.85317,0.0269053,-0.488397,3.34062
-0.0917047,372.342,0.00283951,2.90575,0.0156425,-0.461776,3.36687
-0.0917047,372.342,0.00284,2.94686,0.00501686,-0.43565,3.38213
-0.0917047,372.342,0.00284049,2.97634,-0.00500272,-0.410803,3.38702
-0.0917047,372.342,0.00284098,2.99408,-0.0144647,-0.387941,3.38214
-0.0917047,372.342,0.00284146,3,-0.0234325,-0.367679,3.36803
-0.0917047,372.342,0.00284195,2.99408,-0.0319817,-0.350519,3.34517
-0.0917047,372.342,0.00284244,2.97634,-0.0401975,-0.336845,3.31397
-0.0917047,372.342,0.00284293,2.94686,-0.0481709,-0.32691,3.27475
-0.0917047,372.342,0.00284341,2.90575,-0.055996,-0.320832,3.22776
-0.0917047,372.342,0.0028439,2.85317,-0.0637665,-0.31859,3.17313
-0.0917047,372.342,0.00284439,2.78933,-0.0715721,-0.32003,3.11091
-0.0917047,372.342,0.00284488,2.71448,-0.0794956,-0.324861,3.04109
-0.0917047,372.342,0.00284537,2.62892,-0.0876095,-0.332672,2.96353
-0.0917047,372.342,0.00284585,2.53298,-0.0959739,-0.342938,2.87806
-0.0917047,372.342,0.00284634,2.42705,-0.104633,-0.355034,2.78443
-0.0917047,372.342,0.00284683,2.31154,-0.113615,-0.368253,2.68234
-0.0917047,372.342,0.00284732,2.18691,-0.122928,-0.381824,2.5715
-0.0917047,372.342,0.0028478,2.05364,-0.13256,-0.394931,2.45157
-0.0917047,372.342,0.00284829,1.91227,-0.142481,-0.406739,2.32224
-0.0917047,372.342,0.00284878,1.76336,-0.152637,-0.416407,2.18324
-0.0917047,372.342,0.00284927,1.60748,-0.162957,-0.423121,2.03432
-0.0917047,372.342,0.00284976,1.44526,-0.17335,-0.426106,1.87534
-0.0917047,372.342,0.00285024,1.27734,-0.183707,-0.424654,1.70622
-0.0917047,372.342,0.00285073,1.10437,-0.193906,-0.418139,1.52699
-0.0917047,372.342,0.00285122,0.927051,-0.203809,-0.406037,1.33782
-0.0917047,372.342,0.00285171,0.74607,-0.213271,-0.387938,1.13898
-0.0917047,372.342,0.0028522,0.562144,-0.222138,-0.363564,0.93091
-0.0917047,372.342,0.00285268,0.376,-0.230255,-0.332771,0.714189
-0.0917047,372.342,0.00285317,0.188372,-0.237464,-0.295563,0.48955
-0.0917047,372.342,0.00285366,-1.38205e-013,-0.243612,-0.252087,0.257878
-0.0917047,372.342,0.00285415,-0.188372,-0.248554,-0.202638,0.0202081
-0.0917047,372.342,0.00285463,-0.376,-0.252156,-0.147653,-0.222284
-0.0917047,372.342,0.00285512,-0.562144,-0.254295,-0.0877041,-0.46829
-0.0917047,372.342,0.00285561,-0.74607,-0.254868,-0.023485,-0.716382
-0.0917047,372.342,0.0028561,-0.927051,-0.25379,0.0441991,-0.965034
-0.0917047,372.342,0.00285659,-1.10437,-0.250998,0.11445,-1.21263
-0.0917047,372.342,0.00285707,-1.27734,-0.246454,0.186294,-1.45751
-0.0917047,372.342,0.00285756,-1.44526,-0.240145,0.258703,-1.69795
-0.0917047,372.342,0.00285805,-1.60748,-0.232081,0.330617,-1.93224
-0.0917047,372.342,0.00285854,-1.76336,-0.222301,0.400966,-2.15866
-0.0917047,372.342,0.00285902,-1.91227,-0.21087,0.46869,-2.37554
-0.0917047,372.342,0.00285951,-2.05364,-0.197875,0.532768,-2.58127
-0.0917047,372.342,0.00286,-2.18691,-0.183431,0.592236,-2.77432
-0.0917047,372.342,0.00286049,-2.31154,-0.167669,0.646207,-2.95327
-0.0917047,372.342,0.00286098,-2.42705,-0.150745,0.693891,-3.11685
-0.0917047,372.342,0.00286146,-2.53298,-0.132828,0.734614,-3.26392
-0.0917047,372.342,0.00286195,-2.62892,-0.1141,0.767829,-3.39351
-0.0917047,372.342,0.00286244,-2.71448,-0.0947557,0.793128,-3.50483
-0.0917047,372.342,0.00286293,-2.78933,-0.0749935,0.810253,-3.59727
-0.0917047,372.342,0.00286341,-2.85317,-0.0550155,0.819095,-3.67044
-0.0917047,372.342,0.0028639,-2.90575,-0.0350228,0.819701,-3.72411
-0.0917047,372.342,0.00286439,-2.94686,-0.0152114,0.81227,-3.75828
-0.0917047,372.342,0.00286488,-2.97634,0.0042312,0.797145,-3.77312
-0.0917047,372.342,0.00286537,-2.99408,0.0231289,0.774807,-3.76899
-0.0917047,372.342,0.00286585,-3,0.0413207,0.745861,-3.74643
-0.0917047,372.342,0.00286634,-2.99408,0.0586627,0.711024,-3.70611
-0.0917047,372.342,0.00286683,-2.97634,0.0750311,0.671106,-3.64888
-0.0917047,372.342,0.00286732,-2.94686,0.0903235,0.626988,-3.57568
-0.0917047,372.342,0.0028678,-2.90575,0.10446,0.579606,-3.48756
-0.0917047,372.342,0.00286829,-2.85317,0.117385,0.529929,-3.38565
-0.0917047,372.342,0.00286878,-2.78933,0.129067,0.478932,-3.27112
-0.0917047,372.342,0.00286927,-2.71448,0.139495,0.427576,-3.14521
-0.0917047,372.342,0.00286976,-2.62892,0.148685,0.37679,-3.00911
-0.0917047,372.342,0.00287024,-2.53298,0.156672,0.327443,-2.86405
-0.0917047,372.342,0.00287073,-2.42705,0.163509,0.280331,-2.7112
-0.0917047,372.342,0.00287122,-2.31154,0.169269,0.236154,-2.55168
-0.0917047,372.342,0.00287171,-2.18691,0.174037,0.195507,-2.38654
-0.0917047,372.342,0.0028722,-2.05364,0.177912,0.158863,-2.21675
-0.0917047,372.342,0.00287268,-1.91227,0.180999,0.126565,-2.04318
-0.0917047,372.342,0.00287317,-1.76336,0.183409,0.0988215,-1.86659
-0.0917047,372.342,0.00287366,-1.60748,0.185256,0.0757021,-1.68766
-0.0917047,372.342,0.00287415,-1.44526,0.186649,0.0571392,-1.50692
-0.0917047,372.342,0.00287463,-1.27734,0.187696,0.0429314,-1.32482
-0.0917047,372.342,0.00287512,-1.10437,0.188495,0.0327515,-1.1417
-0.0917047,372.342,0.00287561,-0.927051,0.189133,0.0261569,-0.957805
-0.0917047,372.342,0.0028761,-0.74607,0.189685,0.0226024,-0.773285
-0.0917047,372.342,0.00287659,-0.562144,0.190208,0.0214566,-0.588227
-0.0917047,372.342,0.00287707,-0.376,0.190745,0.0220194,-0.402658
-0.0917047,372.342,0.00287756,-0.188372,0.191319,0.0235418,-0.216566
-0.0917047,372.342,0.00287805,1.05863e-013,0.191935,0.0252466,-0.0299129
-0.0917047,372.342,0.00287854,0.188372,0.192578,0.0263495,0.157341
-0.0917047,372.342,0.00287902,0.376,0.193214,0.0260815,0.345221
-0.0917047,372.342,0.00287951,0.562144,0.193792,0.023709,0.533722
-0.0917047,372.342,0.00288,0.74607,0.194245,0.0185553,0.722788
-0.0917047,372.342,0.00288049,0.927051,0.194489,0.0100187,0.912295
-0.0917047,372.342,0.00288098,1.10437,0.19443,-0.00240983,1.10204
-0.0917047,372.342,0.00288146,1.27734,0.193963,-0.0191321,1.29173
-0.0917047,372.342,0.00288195,1.44526,0.192977,-0.0404302,1.48096
-0.0917047,372.342,0.00288244,1.60748,0.191356,-0.0664574,1.66923
-0.0917047,372.342,0.00288293,1.76336,0.188985,-0.0972318,1.85592
-0.0917047,372.342,0.00288341,1.91227,0.18575,-0.132633,2.0403
-0.0917047,372.342,0.0028839,2.05364,0.181545,-0.172405,2.22152
-0.0917047,372.342,0.00288439,2.18691,0.176273,-0.216154,2.39863
-0.0917047,372.342,0.00288488,2.31154,0.169849,-0.263366,2.57061
-0.0917047,372.342,0.00288537,2.42705,0.162205,-0.313404,2.73631
-0.0917047,372.342,0.00288585,2.53298,0.15329,-0.365534,2.89456
-0.0917047,372.342,0.00288634,2.62892,0.143072,-0.418932,3.04411
-0.0917047,372.342,0.00288683,2.71448,0.131543,-0.472704,3.1837
-0.0917047,372.342,0.00288732,2.78933,0.118716,-0.525909,3.31203
-0.0917047,372.342,0.0028878,2.85317,0.104628,-0.577576,3.42785
-0.0917047,372.342,0.00288829,2.90575,0.0893424,-0.626729,3.52993
-0.0917047,372.342,0.00288878,2.94686,0.0729422,-0.672407,3.61709
-0.0917047,372.342,0.00288927,2.97634,0.0555352,-0.713688,3.68825
-0.0917047,372.342,0.00288976,2.99408,0.0372496,-0.749708,3.74243
-0.0917047,372.342,0.00289024,3,0.0182329,-0.779683,3.77877
-0.0917047,372.342,0.00289073,2.99408,-0.00135066,-0.802927,3.79656
-0.0917047,372.342,0.00289122,2.97634,-0.0213231,-0.818868,3.79525
-0.0917047,372.342,0.00289171,2.94686,-0.0414953,-0.82706,3.77444
-0.0917047,372.342,0.0028922,2.90575,-0.0616708,-0.827197,3.73396
-0.0917047,372.342,0.00289268,2.85317,-0.0816493,-0.819119,3.67379
-0.0917047,372.342,0.00289317,2.78933,-0.10123,-0.802814,3.59413
-0.0917047,372.342,0.00289366,2.71448,-0.120216,-0.778423,3.49537
-0.0917047,372.342,0.00289415,2.62892,-0.138417,-0.746237,3.37809
-0.0917047,372.342,0.00289463,2.53298,-0.155653,-0.706689,3.24305
-0.0917047,372.342,0.00289512,2.42705,-0.171759,-0.660344,3.09119
-0.0917047,372.342,0.00289561,2.31154,-0.186586,-0.607893,2.92362
-0.0917047,372.342,0.0028961,2.18691,-0.200004,-0.55013,2.74159
-0.0917047,372.342,0.00289659,2.05364,-0.211905,-0.487942,2.54646
-0.0917047,372.342,0.00289707,1.91227,-0.222204,-0.422284,2.33972
-0.0917047,372.342,0.00289756,1.76336,-0.230842,-0.354165,2.12294
-0.0917047,372.342,0.00289805,1.60748,-0.237784,-0.284617,1.89773
-0.0917047,372.342,0.00289854,1.44526,-0.243021,-0.214682,1.66574
-0.0917047,372.342,0.00289902,1.27734,-0.246567,-0.145385,1.42865
-0.0917047,372.342,0.00289951,1.10437,-0.248462,-0.0777098,1.1881
-0.0917047,372.342,0.0029,0.927051,-0.248769,-0.0125844,0.945695
-0.0917047,372.342,0.00290049,0.74607,-0.24757,0.049143,0.702994
-0.0917047,372.342,0.00290098,0.562144,-0.244967,0.10672,0.461462
-0.0917047,372.342,0.00290146,0.376,-0.241077,0.159505,0.22247
-0.0917047,372.342,0.00290195,0.188372,-0.236029,0.206979,-0.0127272
-0.0917047,372.342,0.00290244,-7.35211e-014,-0.229961,0.248756,-0.242999
-0.0917047,372.342,0.00290293,-0.188372,-0.22302,0.284589,-0.467352
-0.0917047,372.342,0.00290341,-0.376,-0.215353,0.314372,-0.684932
-0.0917047,372.342,0.0029039,-0.562144,-0.207105,0.338141,-0.895032
-0.0917047,372.342,0.00290439,-0.74607,-0.198421,0.356068,-1.09709
-0.0917047,372.342,0.00290488,-0.927051,-0.189434,0.368456,-1.29067
-0.0917047,372.342,0.00290537,-1.10437,-0.18027,0.375728,-1.47548
-0.0917047,372.342,0.00290585,-1.27734,-0.17104,0.378413,-1.65135
-0.0917047,372.342,0.00290634,-1.44526,-0.161842,0.377133,-1.81822
-0.0917047,372.342,0.00290683,-1.60748,-0.152754,0.372584,-1.97612
-0.0917047,372.342,0.00290732,-1.76336,-0.143839,0.365516,-2.12515
-0.0917047,372.342,0.0029078,-1.91227,-0.135139,0.356714,-2.26548
-0.0917047,372.342,0.00290829,-2.05364,-0.126676,0.346975,-2.39732
-0.0917047,372.342,0.00290878,-2.18691,-0.118455,0.337091,-2.52091
-0.0917047,372.342,0.00290927,-2.31154,-0.110459,0.327822,-2.63647
-0.0917047,372.342,0.00290976,-2.42705,-0.102657,0.31988,-2.74424
-0.0917047,372.342,0.00291024,-2.53298,-0.0950006,0.31391,-2.84439
-0.0917047,372.342,0.00291073,-2.62892,-0.0874282,0.310471,-2.93707
-0.0917047,372.342,0.00291122,-2.71448,-0.0798667,0.310021,-3.02237
-0.0917047,372.342,0.00291171,-2.78933,-0.0722348,0.312907,-3.10029
-0.0917047,372.342,0.0029122,-2.85317,-0.0644457,0.319354,-3.17076
-0.0917047,372.342,0.00291268,-2.90575,-0.0564101,0.329458,-3.23364
-0.0917047,372.342,0.00291317,-2.94686,-0.0480398,0.343184,-3.28867
-0.0917047,372.342,0.00291366,-2.97634,-0.0392504,0.360365,-3.33554
-0.0917047,372.342,0.00291415,-2.99408,-0.0299649,0.380708,-3.37383
-0.0917047,372.342,0.00291463,-3,-0.0201162,0.403796,-3.40306
-0.0917047,372.342,0.00291512,-2.99408,-0.00965032,0.429101,-3.42269
-0.0917047,372.342,0.00291561,-2.97634,0.00147155,0.455996,-3.43211
-0.0917047,372.342,0.0029161,-2.94686,0.0132709,0.483772,-3.43067
-0.0917047,372.342,0.00291659,-2.90575,0.0257501,0.511649,-3.41772
-0.0917047,372.342,0.00291707,-2.85317,0.0388916,0.538803,-3.3926
-0.0917047,372.342,0.00291756,-2.78933,0.052657,0.564379,-3.35466
-0.0917047,372.342,0.00291805,-2.71448,0.0669867,0.587519,-3.30328
-0.0917047,372.342,0.00291854,-2.62892,0.0818008,0.607378,-3.23793
-0.0917047,372.342,0.00291902,-2.53298,0.0969995,0.623147,-3.15813
-0.0917047,372.342,0.00291951,-2.42705,0.112465,0.634075,-3.06349
-0.0917047,372.342,0.00292,-2.31154,0.128062,0.639488,-2.95377
-0.0917047,372.342,0.00292049,-2.18691,0.143643,0.638803,-2.82883
-0.0917047,372.342,0.00292098,-2.05364,0.159046,0.631548,-2.68869
-0.0917047,372.342,0.00292146,-1.91227,0.174104,0.617375,-2.53353
-0.0917047,372.342,0.00292195,-1.76336,0.188642,0.596066,-2.36367
-0.0917047,372.342,0.00292244,-1.60748,0.202485,0.567545,-2.17963
-0.0917047,372.342,0.00292293,-1.44526,0.215458,0.531881,-1.98208
-0.0917047,372.342,0.00292341,-1.27734,0.227391,0.489285,-1.77188
-0.0917047,372.342,0.0029239,-1.10437,0.238126,0.440113,-1.55003
-0.0917047,372.342,0.00292439,-0.927051,0.247513,0.384856,-1.31771
-0.0917047,372.342,0.00292488,-0.74607,0.255418,0.324133,-1.07624
-0.0917047,372.342,0.00292537,-0.562144,0.261727,0.258677,-0.827051
-0.0917047,372.342,0.00292585,-0.376,0.266345,0.189324,-0.571707
-0.0917047,372.342,0.00292634,-0.188372,0.269199,0.11699,-0.311858
