Amp, Phaseshift, Time, Vd, Vr, VL, VC
0.498902,372.027,0,0,0,0,0
0.498902,372.027,1.6e-007,0.188372,0.00150697,0.188372,0
0.498902,372.027,3.2e-007,0.376,0.00450291,0.374493,0.000482231
0.498902,372.027,4.8e-007,0.562144,0.00896018,0.557159,0.00192316
0.498902,372.027,6.4e-007,0.74607,0.0148417,0.735186,0.00479042
0.498902,372.027,8e-007,0.927051,0.022101,0.907419,0.00953976
0.498902,372.027,9.6e-007,1.10437,0.0306829,1.07273,0.0166121
0.498902,372.027,1.12e-006,1.27734,0.0405232,1.23004,0.0264306
0.498902,372.027,1.28e-006,1.44526,0.0515497,1.37831,0.039398
0.498902,372.027,1.44e-006,1.60748,0.063682,1.51653,0.0558939
0.498902,372.027,1.6e-006,1.76336,0.0768322,1.64378,0.0762722
0.498902,372.027,1.76e-006,1.91227,0.0909055,1.75917,0.100858
0.498902,372.027,1.92e-006,2.05364,0.105801,1.86188,0.129948
0.498902,372.027,2.08e-006,2.18691,0.12141,1.95116,0.163804
0.498902,372.027,2.24e-006,2.31154,0.13762,2.02633,0.202656
0.498902,372.027,2.4e-006,2.42705,0.154315,2.08678,0.246694
0.498902,372.027,2.56e-006,2.53298,0.17137,2.13198,0.296075
0.498902,372.027,2.72e-006,2.62892,0.188662,2.16147,0.350913
0.498902,372.027,2.88e-006,2.71448,0.206061,2.17491,0.411285
0.498902,372.027,3.04e-006,2.78933,0.223437,2.17198,0.477225
0.498902,372.027,3.2e-006,2.85317,0.240657,2.15251,0.548725
0.498902,372.027,3.36e-006,2.90575,0.257588,2.11637,0.625735
0.498902,372.027,3.52e-006,2.94686,0.274097,2.06354,0.708163
0.498902,372.027,3.68e-006,2.97634,0.290049,1.99408,0.795874
0.498902,372.027,3.84e-006,2.99408,0.305315,1.90816,0.88869
0.498902,372.027,4e-006,3,0.319763,1.806,0.986391
0.498902,372.027,4.16e-006,2.99408,0.333266,1.68793,1.08871
0.498902,372.027,4.32e-006,2.97634,0.345701,1.55436,1.19536
0.498902,372.027,4.48e-006,2.94686,0.356947,1.4058,1.30598
0.498902,372.027,4.64e-006,2.90575,0.36689,1.24282,1.42021
0.498902,372.027,4.8e-006,2.85317,0.375418,1.06607,1.53761
0.498902,372.027,4.96e-006,2.78933,0.382429,0.876299,1.65775
0.498902,372.027,5.12e-006,2.71448,0.387823,0.674307,1.78012
0.498902,372.027,5.28e-006,2.62892,0.391511,0.460974,1.90423
0.498902,372.027,5.44e-006,2.53298,0.393409,0.237246,2.02951
0.498902,372.027,5.6e-006,2.42705,0.393442,0.004132,2.1554
0.498902,372.027,5.76e-006,2.31154,0.391544,-0.237303,2.2813
0.498902,372.027,5.92e-006,2.18691,0.387656,-0.48594,2.4066
0.498902,372.027,6.08e-006,2.05364,0.381731,-0.740611,2.53065
0.498902,372.027,6.24e-006,1.91227,0.37373,-1.00011,2.6528
0.498902,372.027,6.4e-006,1.76336,0.363625,-1.26317,2.77239
0.498902,372.027,6.56e-006,1.60748,0.351397,-1.52854,2.88875
0.498902,372.027,6.72e-006,1.44526,0.337038,-1.79489,3.0012
0.498902,372.027,6.88e-006,1.27734,0.32055,-2.0609,3.10905
0.498902,372.027,7.04e-006,1.10437,0.301948,-2.32523,3.21163
0.498902,372.027,7.2e-006,0.927051,0.281256,-2.58653,3.30825
0.498902,372.027,7.36e-006,0.74607,0.258509,-2.84344,3.39825
0.498902,372.027,7.52e-006,0.562144,0.233752,-3.09462,3.48098
0.498902,372.027,7.68e-006,0.376,0.207042,-3.33873,3.55578
0.498902,372.027,7.84e-006,0.188372,0.178446,-3.57445,3.62203
0.498902,372.027,8e-006,3.67382e-016,0.148043,-3.80048,3.67913
0.498902,372.027,8.16e-006,-0.188372,0.115918,-4.01555,3.72651
0.498902,372.027,8.32e-006,-0.376,0.0821708,-4.21843,3.7636
0.498902,372.027,8.48e-006,-0.562144,0.0469074,-4.40792,3.7899
0.498902,372.027,8.64e-006,-0.74607,0.0102445,-4.58287,3.80491
0.498902,372.027,8.8e-006,-0.927051,-0.0276932,-4.7422,3.80818
0.498902,372.027,8.96e-006,-1.10437,-0.0667721,-4.88487,3.79932
0.498902,372.027,9.12e-006,-1.27734,-0.106851,-5.00989,3.77796
0.498902,372.027,9.28e-006,-1.44526,-0.147782,-5.11637,3.74376
0.498902,372.027,9.44e-006,-1.60748,-0.18941,-5.20346,3.69647
0.498902,372.027,9.6e-006,-1.76336,-0.231573,-5.27042,3.63586
0.498902,372.027,9.76e-006,-1.91227,-0.274106,-5.31656,3.56176
0.498902,372.027,9.92e-006,-2.05364,-0.316836,-5.34129,3.47404
0.498902,372.027,1.008e-005,-2.18691,-0.359589,-5.34411,3.37266
0.498902,372.027,1.024e-005,-2.31154,-0.402186,-5.32461,3.25759
0.498902,372.027,1.04e-005,-2.42705,-0.444445,-5.28245,3.12889
0.498902,372.027,1.056e-005,-2.53298,-0.486185,-5.21743,2.98667
0.498902,372.027,1.072e-005,-2.62892,-0.52722,-5.1294,2.83109
0.498902,372.027,1.088e-005,-2.71448,-0.567367,-5.01835,2.66238
0.498902,372.027,1.104e-005,-2.78933,-0.606442,-4.88434,2.48082
0.498902,372.027,1.12e-005,-2.85317,-0.644262,-4.72755,2.28676
0.498902,372.027,1.136e-005,-2.90575,-0.680648,-4.54825,2.08059
0.498902,372.027,1.152e-005,-2.94686,-0.715422,-4.34681,1.86279
0.498902,372.027,1.168e-005,-2.97634,-0.748412,-4.12371,1.63385
0.498902,372.027,1.184e-005,-2.99408,-0.779448,-3.87952,1.39436
0.498902,372.027,1.2e-005,-3,-0.808368,-3.61491,1.14494
0.498902,372.027,1.216e-005,-2.99408,-0.835013,-3.33065,0.886259
0.498902,372.027,1.232e-005,-2.97634,-0.859233,-3.02759,0.619055
0.498902,372.027,1.248e-005,-2.94686,-0.880887,-2.70668,0.344101
0.498902,372.027,1.264e-005,-2.90575,-0.899839,-2.36896,0.0622168
0.498902,372.027,1.28e-005,-2.85317,-0.915963,-2.01555,-0.225732
0.498902,372.027,1.296e-005,-2.78933,-0.929144,-1.64763,-0.51884
0.498902,372.027,1.312e-005,-2.71448,-0.939276,-1.2665,-0.816166
0.498902,372.027,1.328e-005,-2.62892,-0.946264,-0.873478,-1.11673
0.498902,372.027,1.344e-005,-2.53298,-0.950024,-0.469986,-1.41954
0.498902,372.027,1.36e-005,-2.42705,-0.950484,-0.0574886,-1.72355
0.498902,372.027,1.376e-005,-2.31154,-0.947584,0.36249,-2.0277
0.498902,372.027,1.392e-005,-2.18691,-0.941277,0.788379,-2.33093
0.498902,372.027,1.408e-005,-2.05364,-0.931528,1.21856,-2.63214
0.498902,372.027,1.424e-005,-1.91227,-0.918317,1.65139,-2.93023
0.498902,372.027,1.44e-005,-1.76336,-0.901636,2.08519,-3.22409
0.498902,372.027,1.456e-005,-1.60748,-0.88149,2.51824,-3.51261
0.498902,372.027,1.472e-005,-1.44526,-0.857899,2.94884,-3.79469
0.498902,372.027,1.488e-005,-1.27734,-0.830897,3.37525,-4.06921
0.498902,372.027,1.504e-005,-1.10437,-0.800531,3.79574,-4.3351
0.498902,372.027,1.52e-005,-0.927051,-0.766862,4.20858,-4.59127
0.498902,372.027,1.536e-005,-0.74607,-0.729966,4.61206,-4.83667
0.498902,372.027,1.552e-005,-0.562144,-0.68993,5.00449,-5.07026
0.498902,372.027,1.568e-005,-0.376,-0.646856,5.38419,-5.29103
0.498902,372.027,1.584e-005,-0.188372,-0.60086,5.74952,-5.49803
0.498902,372.027,1.6e-005,-7.34764e-016,-0.552069,6.09889,-5.6903
0.498902,372.027,1.616e-005,0.188372,-0.500623,6.43074,-5.86697
0.498902,372.027,1.632e-005,0.376,-0.446675,6.74359,-6.02717
0.498902,372.027,1.648e-005,0.562144,-0.390387,7.03598,-6.1701
0.498902,372.027,1.664e-005,0.74607,-0.331934,7.30656,-6.29502
0.498902,372.027,1.68e-005,0.927051,-0.271502,7.55401,-6.40124
0.498902,372.027,1.696e-005,1.10437,-0.209285,7.77712,-6.48812
0.498902,372.027,1.712e-005,1.27734,-0.145487,7.97475,-6.5551
0.498902,372.027,1.728e-005,1.44526,-0.0803205,8.14584,-6.60165
0.498902,372.027,1.744e-005,1.60748,-0.0140048,8.28945,-6.62735
0.498902,372.027,1.76e-005,1.76336,0.0532329,8.40471,-6.63184
0.498902,372.027,1.776e-005,1.91227,0.12116,8.49087,-6.6148
0.498902,372.027,1.792e-005,2.05364,0.189538,8.54728,-6.57603
0.498902,372.027,1.808e-005,2.18691,0.258125,8.5734,-6.51538
0.498902,372.027,1.824e-005,2.31154,0.326676,8.56879,-6.43278
0.498902,372.027,1.84e-005,2.42705,0.394941,8.53315,-6.32824
0.498902,372.027,1.856e-005,2.53298,0.462671,8.46628,-6.20186
0.498902,372.027,1.872e-005,2.62892,0.529616,8.36811,-6.05381
0.498902,372.027,1.888e-005,2.71448,0.595525,8.23867,-5.88433
0.498902,372.027,1.904e-005,2.78933,0.66015,8.07813,-5.69376
0.498902,372.027,1.92e-005,2.85317,0.723245,7.88678,-5.48251
0.498902,372.027,1.936e-005,2.90575,0.784565,7.66502,-5.25107
0.498902,372.027,1.952e-005,2.94686,0.843872,7.41337,-5.00001
0.498902,372.027,1.968e-005,2.97634,0.900932,7.13249,-4.72997
0.498902,372.027,1.984e-005,2.99408,0.955517,6.82312,-4.44168
0.498902,372.027,2e-005,3,1.00741,6.48616,-4.13591
0.498902,372.027,2.016e-005,2.99408,1.05639,6.12259,-3.81354
0.498902,372.027,2.032e-005,2.97634,1.10225,5.7335,-3.4755
0.498902,372.027,2.048e-005,2.94686,1.14482,5.3201,-3.12278
0.498902,372.027,2.064e-005,2.90575,1.18389,4.88371,-2.75643
0.498902,372.027,2.08e-005,2.85317,1.21929,4.42572,-2.37759
0.498902,372.027,2.096e-005,2.78933,1.25087,3.94763,-1.98742
0.498902,372.027,2.112e-005,2.71448,1.27848,3.45103,-1.58714
0.498902,372.027,2.128e-005,2.62892,1.30198,2.93758,-1.17803
0.498902,372.027,2.144e-005,2.53298,1.32125,2.40903,-0.761392
0.498902,372.027,2.16e-005,2.42705,1.33619,1.86719,-0.338591
0.498902,372.027,2.176e-005,2.31154,1.3467,1.31394,0.08899
0.498902,372.027,2.192e-005,2.18691,1.35271,0.751214,0.519935
0.498902,372.027,2.208e-005,2.05364,1.35416,0.180995,0.952802
0.498902,372.027,2.224e-005,1.91227,1.351,-0.39469,1.38613
0.498902,372.027,2.24e-005,1.76336,1.34321,-0.97378,1.81845
0.498902,372.027,2.256e-005,1.60748,1.33078,-1.55419,2.24828
0.498902,372.027,2.272e-005,1.44526,1.31371,-2.1338,2.67413
0.498902,372.027,2.288e-005,1.27734,1.29202,-2.7105,3.09452
0.498902,372.027,2.304e-005,1.10437,1.26577,-3.28217,3.50797
0.498902,372.027,2.32e-005,0.927051,1.23499,-3.84668,3.91301
0.498902,372.027,2.336e-005,0.74607,1.19978,-4.40193,4.30821
0.498902,372.027,2.352e-005,0.562144,1.16021,-4.94584,4.69214
0.498902,372.027,2.368e-005,0.376,1.1164,-5.47635,5.06341
0.498902,372.027,2.384e-005,0.188372,1.06847,-5.99143,5.42065
0.498902,372.027,2.4e-005,1.10215e-015,1.01656,-6.48912,5.76256
0.498902,372.027,2.416e-005,-0.188372,0.960816,-6.96749,6.08786
0.498902,372.027,2.432e-005,-0.376,0.901418,-7.42468,6.39532
0.498902,372.027,2.448e-005,-0.562144,0.838547,-7.85888,6.68378
0.498902,372.027,2.464e-005,-0.74607,0.7724,-8.26839,6.95211
0.498902,372.027,2.48e-005,-0.927051,0.703188,-8.65156,7.19928
0.498902,372.027,2.496e-005,-1.10437,0.631133,-9.00684,7.4243
0.498902,372.027,2.512e-005,-1.27734,0.556471,-9.33277,7.62626
0.498902,372.027,2.528e-005,-1.44526,0.479447,-9.62799,7.80433
0.498902,372.027,2.544e-005,-1.60748,0.400317,-9.89126,7.95776
0.498902,372.027,2.56e-005,-1.76336,0.319345,-10.1214,8.08586
0.498902,372.027,2.576e-005,-1.91227,0.236806,-10.3175,8.18805
0.498902,372.027,2.592e-005,-2.05364,0.152978,-10.4785,8.26383
0.498902,372.027,2.608e-005,-2.18691,0.068148,-10.6037,8.31278
0.498902,372.027,2.624e-005,-2.31154,-0.0173917,-10.6925,8.33459
0.498902,372.027,2.64e-005,-2.42705,-0.103346,-10.7442,8.32902
0.498902,372.027,2.656e-005,-2.53298,-0.189415,-10.7587,8.29595
0.498902,372.027,2.672e-005,-2.62892,-0.275299,-10.7355,8.23534
0.498902,372.027,2.688e-005,-2.71448,-0.360695,-10.6745,8.14724
0.498902,372.027,2.704e-005,-2.78933,-0.445302,-10.5759,8.03182
0.498902,372.027,2.72e-005,-2.85317,-0.528819,-10.4397,7.88932
0.498902,372.027,2.736e-005,-2.90575,-0.610949,-10.2663,7.7201
0.498902,372.027,2.752e-005,-2.94686,-0.691397,-10.056,7.5246
0.498902,372.027,2.768e-005,-2.97634,-0.769874,-9.80954,7.30335
0.498902,372.027,2.784e-005,-2.99408,-0.846094,-9.52756,7.05699
0.498902,372.027,2.8e-005,-3,-0.919781,-9.2109,6.78624
0.498902,372.027,2.816e-005,-2.99408,-0.990666,-8.86054,6.49191
0.498902,372.027,2.832e-005,-2.97634,-1.05849,-8.47759,6.1749
0.498902,372.027,2.848e-005,-2.94686,-1.12299,-8.06327,5.83618
0.498902,372.027,2.864e-005,-2.90575,-1.18394,-7.61894,5.47682
0.498902,372.027,2.88e-005,-2.85317,-1.24111,-7.14605,5.09796
0.498902,372.027,2.896e-005,-2.78933,-1.29428,-6.64618,4.70081
0.498902,372.027,2.912e-005,-2.71448,-1.34325,-6.121,4.28663
0.498902,372.027,2.928e-005,-2.62892,-1.38783,-5.57231,3.8568
0.498902,372.027,2.944e-005,-2.53298,-1.42784,-5.00195,3.41269
0.498902,372.027,2.96e-005,-2.42705,-1.46314,-4.4119,2.95578
0.498902,372.027,2.976e-005,-2.31154,-1.49357,-3.80418,2.48758
0.498902,372.027,2.992e-005,-2.18691,-1.51902,-3.18091,2.00963
0.498902,372.027,3.008e-005,-2.05364,-1.53937,-2.54425,1.52355
0.498902,372.027,3.024e-005,-1.91227,-1.55455,-1.89644,1.03095
0.498902,372.027,3.04e-005,-1.76336,-1.56446,-1.23976,0.533492
0.498902,372.027,3.056e-005,-1.60748,-1.56908,-0.576509,0.0328634
0.498902,372.027,3.072e-005,-1.44526,-1.56835,0.0909511,-0.469241
0.498902,372.027,3.088e-005,-1.27734,-1.56227,0.760251,-0.971112
0.498902,372.027,3.104e-005,-1.10437,-1.55083,1.429,-1.47104
0.498902,372.027,3.12e-005,-0.927051,-1.53408,2.09482,-1.9673
0.498902,372.027,3.136e-005,-0.74607,-1.51203,2.75531,-2.45821
0.498902,372.027,3.152e-005,-0.562144,-1.48477,3.4081,-2.94206
0.498902,372.027,3.168e-005,-0.376,-1.45236,4.05083,-3.41718
0.498902,372.027,3.184e-005,-0.188372,-1.41491,4.68117,-3.88194
0.498902,372.027,3.2e-005,-1.46953e-015,-1.37254,5.29685,-4.33471
0.498902,372.027,3.216e-005,0.188372,-1.32537,5.89562,-4.77392
0.498902,372.027,3.232e-005,0.376,-1.27357,6.4753,-5.19804
0.498902,372.027,3.248e-005,0.562144,-1.2173,7.03376,-5.60559
0.498902,372.027,3.264e-005,0.74607,-1.15675,7.56895,-5.99512
0.498902,372.027,3.28e-005,0.927051,-1.09212,8.07892,-6.36528
0.498902,372.027,3.296e-005,1.10437,-1.02362,8.56177,-6.71476
0.498902,372.027,3.312e-005,1.27734,-0.951497,9.01572,-7.04232
0.498902,372.027,3.328e-005,1.44526,-0.875984,9.43908,-7.3468
0.498902,372.027,3.344e-005,1.60748,-0.797342,9.83026,-7.62711
0.498902,372.027,3.36e-005,1.76336,-0.71584,10.1878,-7.88226
0.498902,372.027,3.376e-005,1.91227,-0.631757,10.5104,-8.11133
0.498902,372.027,3.392e-005,2.05364,-0.545383,10.7967,-8.31349
0.498902,372.027,3.408e-005,2.18691,-0.457017,11.0458,-8.48801
0.498902,372.027,3.424e-005,2.31154,-0.366964,11.2566,-8.63426
0.498902,372.027,3.44e-005,2.42705,-0.275538,11.4283,-8.75169
0.498902,372.027,3.456e-005,2.53298,-0.183056,11.5602,-8.83986
0.498902,372.027,3.472e-005,2.62892,-0.0898416,11.6518,-8.89844
0.498902,372.027,3.488e-005,2.71448,0.00378051,11.7028,-8.92719
0.498902,372.027,3.504e-005,2.78933,0.0974824,11.7127,-8.92598
0.498902,372.027,3.52e-005,2.85317,0.190936,11.6817,-8.89478
0.498902,372.027,3.536e-005,2.90575,0.283813,11.6096,-8.83368
0.498902,372.027,3.552e-005,2.94686,0.375786,11.4967,-8.74286
0.498902,372.027,3.568e-005,2.97634,0.466534,11.3434,-8.62261
0.498902,372.027,3.584e-005,2.99408,0.555735,11.1502,-8.47332
0.498902,372.027,3.6e-005,3,0.643076,10.9176,-8.29549
0.498902,372.027,3.616e-005,2.99408,0.728248,10.6465,-8.0897
0.498902,372.027,3.632e-005,2.97634,0.81095,10.3378,-7.85666
0.498902,372.027,3.648e-005,2.94686,0.890891,9.99257,-7.59716
0.498902,372.027,3.664e-005,2.90575,0.967787,9.61202,-7.31207
0.498902,372.027,3.68e-005,2.85317,1.04137,9.19746,-7.00238
0.498902,372.027,3.696e-005,2.78933,1.11137,8.75035,-6.66914
0.498902,372.027,3.712e-005,2.71448,1.17755,8.27226,-6.31351
0.498902,372.027,3.728e-005,2.62892,1.23967,7.76488,-5.93669
0.498902,372.027,3.744e-005,2.53298,1.29751,7.23001,-5.54
0.498902,372.027,3.76e-005,2.42705,1.35086,6.66954,-5.1248
0.498902,372.027,3.776e-005,2.31154,1.39955,6.08547,-4.69252
0.498902,372.027,3.792e-005,2.18691,1.44339,5.47988,-4.24467
0.498902,372.027,3.808e-005,2.05364,1.48222,4.85492,-3.78278
0.498902,372.027,3.824e-005,1.91227,1.51593,4.21283,-3.30847
0.498902,372.027,3.84e-005,1.76336,1.54437,3.5559,-2.82337
0.498902,372.027,3.856e-005,1.60748,1.56747,2.88648,-2.32917
0.498902,372.027,3.872e-005,1.44526,1.58512,2.20697,-1.82758
0.498902,372.027,3.888e-005,1.27734,1.59728,1.5198,-1.32035
0.498902,372.027,3.904e-005,1.10437,1.6039,0.827438,-0.809215
0.498902,372.027,3.92e-005,0.927051,1.60496,0.132366,-0.295967
0.498902,372.027,3.936e-005,0.74607,1.60046,-0.562922,0.21762
0.498902,372.027,3.952e-005,0.562144,1.59041,-1.25593,0.729766
0.498902,372.027,3.968e-005,0.376,1.57485,-1.94417,1.2387
0.498902,372.027,3.984e-005,0.188372,1.55385,-2.62518,1.74265
0.498902,372.027,4e-005,-3.49216e-015,1.52748,-3.2965,2.23988
0.498902,372.027,4.016e-005,-0.188372,1.49584,-3.95574,2.72868
0.498902,372.027,4.032e-005,-0.376,1.45903,-4.60051,3.20734
0.498902,372.027,4.048e-005,-0.562144,1.4172,-5.22852,3.67423
0.498902,372.027,4.064e-005,-0.74607,1.3705,-5.83751,4.12774
0.498902,372.027,4.08e-005,-0.927051,1.3191,-6.42529,4.5663
0.498902,372.027,4.096e-005,-1.10437,1.26318,-6.98977,4.98841
0.498902,372.027,4.112e-005,-1.27734,1.20295,-7.52893,5.39263
0.498902,372.027,4.128e-005,-1.44526,1.13862,-8.04084,5.77758
0.498902,372.027,4.144e-005,-1.60748,1.07044,-8.52368,6.14194
0.498902,372.027,4.16e-005,-1.76336,0.998629,-8.97573,6.48447
0.498902,372.027,4.176e-005,-1.91227,0.923466,-9.39538,6.80404
0.498902,372.027,4.192e-005,-2.05364,0.845217,-9.78114,7.09955
0.498902,372.027,4.208e-005,-2.18691,0.764164,-10.1317,7.37001
0.498902,372.027,4.224e-005,-2.31154,0.680598,-10.4457,7.61455
0.498902,372.027,4.24e-005,-2.42705,0.59482,-10.7222,7.83234
0.498902,372.027,4.256e-005,-2.53298,0.507139,-10.9601,8.02268
0.498902,372.027,4.272e-005,-2.62892,0.417869,-11.1587,8.18497
0.498902,372.027,4.288e-005,-2.71448,0.327331,-11.3173,8.31868
0.498902,372.027,4.304e-005,-2.78933,0.235848,-11.4353,8.42343
0.498902,372.027,4.32e-005,-2.85317,0.143748,-11.5124,8.4989
0.498902,372.027,4.336e-005,-2.90575,0.0513613,-11.5484,8.5449
0.498902,372.027,4.352e-005,-2.94686,-0.0409837,-11.5431,8.56134
0.498902,372.027,4.368e-005,-2.97634,-0.132957,-11.4967,8.54822
0.498902,372.027,4.384e-005,-2.99408,-0.224232,-11.4093,8.50567
0.498902,372.027,4.4e-005,-3,-0.314484,-11.2814,8.43392
0.498902,372.027,4.416e-005,-2.99408,-0.403392,-11.1135,8.33329
0.498902,372.027,4.432e-005,-2.97634,-0.490642,-10.9062,8.2042
0.498902,372.027,4.448e-005,-2.94686,-0.575925,-10.6604,8.0472
0.498902,372.027,4.464e-005,-2.90575,-0.658941,-10.377,7.8629
0.498902,372.027,4.48e-005,-2.85317,-0.739398,-10.0571,7.65204
0.498902,372.027,4.496e-005,-2.78933,-0.817014,-9.70197,7.41543
0.498902,372.027,4.512e-005,-2.71448,-0.891517,-9.3129,7.15399
0.498902,372.027,4.528e-005,-2.62892,-0.962648,-8.89139,6.8687
0.498902,372.027,4.544e-005,-2.53298,-1.03016,-8.43904,6.56065
0.498902,372.027,4.56e-005,-2.42705,-1.09382,-7.95754,6.231
0.498902,372.027,4.576e-005,-2.31154,-1.15341,-7.44872,5.88098
0.498902,372.027,4.592e-005,-2.18691,-1.20873,-6.91447,5.51189
0.498902,372.027,4.608e-005,-2.05364,-1.25958,-6.3568,5.1251
0.498902,372.027,4.624e-005,-1.91227,-1.3058,-5.77779,4.72203
0.498902,372.027,4.64e-005,-1.76336,-1.34724,-5.17958,4.30417
0.498902,372.027,4.656e-005,-1.60748,-1.38376,-4.56441,3.87306
0.498902,372.027,4.672e-005,-1.44526,-1.41523,-3.93456,3.43025
0.498902,372.027,4.688e-005,-1.27734,-1.44157,-3.29236,2.97738
0.498902,372.027,4.704e-005,-1.10437,-1.46269,-2.64018,2.51608
0.498902,372.027,4.72e-005,-0.927051,-1.47854,-1.98044,2.04802
0.498902,372.027,4.736e-005,-0.74607,-1.48906,-1.31555,1.57488
0.498902,372.027,4.752e-005,-0.562144,-1.49424,-0.647969,1.09839
0.498902,372.027,4.768e-005,-0.376,-1.49408,0.0198583,0.620228
0.498902,372.027,4.784e-005,-0.188372,-1.4886,0.685485,0.142121
0.498902,372.027,4.8e-005,-2.20429e-015,-1.47783,1.34648,-0.334232
0.498902,372.027,4.816e-005,0.188372,-1.46183,2.00043,-0.807137
0.498902,372.027,4.832e-005,0.376,-1.44067,2.64496,-1.27492
0.498902,372.027,4.848e-005,0.562144,-1.41444,3.27773,-1.73593
0.498902,372.027,4.864e-005,0.74607,-1.38327,3.89645,-2.18856
0.498902,372.027,4.88e-005,0.927051,-1.34728,4.49888,-2.6312
0.498902,372.027,4.896e-005,1.10437,-1.30662,5.08286,-3.06233
0.498902,372.027,4.912e-005,1.27734,-1.26145,5.64629,-3.48045
0.498902,372.027,4.928e-005,1.44526,-1.21195,6.18716,-3.88411
0.498902,372.027,4.944e-005,1.60748,-1.15832,6.70355,-4.27194
0.498902,372.027,4.96e-005,1.76336,-1.10077,7.19362,-4.6426
0.498902,372.027,4.976e-005,1.91227,-1.03953,7.65565,-4.99485
0.498902,372.027,4.992e-005,2.05364,-0.974824,8.08802,-5.3275
0.498902,372.027,5.008e-005,2.18691,-0.90691,8.48923,-5.63944
0.498902,372.027,5.024e-005,2.31154,-0.836047,8.85789,-5.92965
0.498902,372.027,5.04e-005,2.42705,-0.762505,9.19275,-6.19719
0.498902,372.027,5.056e-005,2.53298,-0.686564,9.49268,-6.44119
0.498902,372.027,5.072e-005,2.62892,-0.60851,9.75667,-6.66089
0.498902,372.027,5.088e-005,2.71448,-0.528639,9.98388,-6.85561
0.498902,372.027,5.104e-005,2.78933,-0.447251,10.1736,-7.02478
0.498902,372.027,5.12e-005,2.85317,-0.364649,10.3252,-7.1679
0.498902,372.027,5.136e-005,2.90575,-0.281143,10.4383,-7.28459
0.498902,372.027,5.152e-005,2.94686,-0.197042,10.5126,-7.37455
0.498902,372.027,5.168e-005,2.97634,-0.112658,10.5479,-7.43761
0.498902,372.027,5.184e-005,2.99408,-0.0283037,10.5443,-7.47366
0.498902,372.027,5.2e-005,3,0.055712,10.502,-7.48271
0.498902,372.027,5.216e-005,2.99408,0.139081,10.4211,-7.46489
0.498902,372.027,5.232e-005,2.97634,0.221498,10.3021,-7.42038
0.498902,372.027,5.248e-005,2.94686,0.302664,10.1457,-7.3495
0.498902,372.027,5.264e-005,2.90575,0.382284,9.95259,-7.25265
0.498902,372.027,5.28e-005,2.85317,0.460073,9.72353,-7.13032
0.498902,372.027,5.296e-005,2.78933,0.535749,9.45957,-6.98309
0.498902,372.027,5.312e-005,2.71448,0.609044,9.16183,-6.81165
0.498902,372.027,5.328e-005,2.62892,0.679696,8.83153,-6.61676
0.498902,372.027,5.344e-005,2.53298,0.747457,8.47005,-6.39926
0.498902,372.027,5.36e-005,2.42705,0.812087,8.07885,-6.16007
0.498902,372.027,5.376e-005,2.31154,0.873364,7.65952,-5.9002
0.498902,372.027,5.392e-005,2.18691,0.931074,7.21375,-5.62073
0.498902,372.027,5.408e-005,2.05364,0.98502,6.7433,-5.32278
0.498902,372.027,5.424e-005,1.91227,1.03502,6.25004,-5.00758
0.498902,372.027,5.44e-005,1.76336,1.08091,5.73591,-4.67637
0.498902,372.027,5.456e-005,1.60748,1.12253,5.20294,-4.33048
0.498902,372.027,5.472e-005,1.44526,1.15976,4.65321,-3.97127
0.498902,372.027,5.488e-005,1.27734,1.19247,4.08885,-3.60015
0.498902,372.027,5.504e-005,1.10437,1.22056,3.51205,-3.21856
0.498902,372.027,5.52e-005,0.927051,1.24396,2.92505,-2.82798
0.498902,372.027,5.536e-005,0.74607,1.26261,2.33008,-2.42991
0.498902,372.027,5.552e-005,0.562144,1.27644,1.72945,-2.02588
0.498902,372.027,5.568e-005,0.376,1.28544,1.12544,-1.61742
0.498902,372.027,5.584e-005,0.188372,1.28961,0.520343,-1.20607
0.498902,372.027,5.6e-005,2.57167e-015,1.28894,-0.0835338,-0.793399
0.498902,372.027,5.616e-005,-0.188372,1.28347,-0.683911,-0.380939
0.498902,372.027,5.632e-005,-0.376,1.27324,-1.27853,0.029771
0.498902,372.027,5.648e-005,-0.562144,1.25832,-1.86515,0.437208
0.498902,372.027,5.664e-005,-0.74607,1.23879,-2.4416,0.839869
0.498902,372.027,5.68e-005,-0.927051,1.21474,-3.00571,1.23628
0.498902,372.027,5.696e-005,-1.10437,1.1863,-3.55539,1.625
0.498902,372.027,5.712e-005,-1.27734,1.15359,-4.08863,2.00461
0.498902,372.027,5.728e-005,-1.44526,1.11676,-4.60346,2.37376
0.498902,372.027,5.744e-005,-1.60748,1.07598,-5.098,2.73112
0.498902,372.027,5.76e-005,-1.76336,1.03141,-5.57045,3.07544
0.498902,372.027,5.776e-005,-1.91227,0.983259,-6.01912,3.40549
0.498902,372.027,5.792e-005,-2.05364,0.93172,-6.44239,3.72013
0.498902,372.027,5.808e-005,-2.18691,0.87701,-6.83876,4.01828
0.498902,372.027,5.824e-005,-2.31154,0.819355,-7.20683,4.29892
0.498902,372.027,5.84e-005,-2.42705,0.758993,-7.54533,4.56112
0.498902,372.027,5.856e-005,-2.53298,0.696168,-7.85309,4.80399
0.498902,372.027,5.872e-005,-2.62892,0.631135,-8.12908,5.02677
0.498902,372.027,5.888e-005,-2.71448,0.564156,-8.37238,5.22873
0.498902,372.027,5.904e-005,-2.78933,0.495498,-8.58222,5.40926
0.498902,372.027,5.92e-005,-2.85317,0.425435,-8.75793,5.56782
0.498902,372.027,5.936e-005,-2.90575,0.354243,-8.89901,5.70396
0.498902,372.027,5.952e-005,-2.94686,0.282202,-9.00506,5.81732
0.498902,372.027,5.968e-005,-2.97634,0.209595,-9.07586,5.90762
0.498902,372.027,5.984e-005,-2.99408,0.136705,-9.1113,5.97469
0.498902,372.027,6e-005,-3,0.0638139,-9.1114,6.01844
0.498902,372.027,6.016e-005,-2.99408,-0.0087968,-9.07633,6.03886
0.498902,372.027,6.032e-005,-2.97634,-0.080848,-9.00641,6.03604
0.498902,372.027,6.048e-005,-2.94686,-0.152065,-8.90206,6.01017
0.498902,372.027,6.064e-005,-2.90575,-0.222175,-8.76386,5.96151
0.498902,372.027,6.08e-005,-2.85317,-0.290915,-8.59251,5.89042
0.498902,372.027,6.096e-005,-2.78933,-0.358026,-8.38883,5.79732
0.498902,372.027,6.112e-005,-2.71448,-0.423256,-8.15378,5.68275
0.498902,372.027,6.128e-005,-2.62892,-0.486364,-7.88842,5.54731
0.498902,372.027,6.144e-005,-2.53298,-0.547115,-7.59393,5.39168
0.498902,372.027,6.16e-005,-2.42705,-0.605288,-7.27161,5.2166
0.498902,372.027,6.176e-005,-2.31154,-0.660671,-6.92285,5.02291
0.498902,372.027,6.192e-005,-2.18691,-0.713064,-6.54914,4.81149
0.498902,372.027,6.208e-005,-2.05364,-0.762281,-6.15207,4.58331
0.498902,372.027,6.224e-005,-1.91227,-0.808147,-5.7333,4.33938
0.498902,372.027,6.24e-005,-1.76336,-0.850504,-5.29459,4.08078
0.498902,372.027,6.256e-005,-1.60748,-0.889206,-4.83775,3.80861
0.498902,372.027,6.272e-005,-1.44526,-0.924123,-4.36467,3.52407
0.498902,372.027,6.288e-005,-1.27734,-0.955141,-3.87728,3.22835
0.498902,372.027,6.304e-005,-1.10437,-0.982162,-3.37758,2.9227
0.498902,372.027,6.32e-005,-0.927051,-1.0051,-2.86759,2.60841
0.498902,372.027,6.336e-005,-0.74607,-1.0239,-2.34938,2.28678
0.498902,372.027,6.352e-005,-0.562144,-1.0385,-1.82503,1.95913
0.498902,372.027,6.368e-005,-0.376,-1.04887,-1.29663,1.62681
0.498902,372.027,6.384e-005,-0.188372,-1.055,-0.766313,1.29117
0.498902,372.027,6.4e-005,-2.93906e-015,-1.05689,-0.236172,0.953573
0.498902,372.027,6.416e-005,0.188372,-1.05456,0.291689,0.615368
0.498902,372.027,6.432e-005,0.376,-1.04804,0.815189,0.27791
0.498902,372.027,6.448e-005,0.562144,-1.03738,1.33227,-0.0574616
0.498902,372.027,6.464e-005,0.74607,-1.02265,1.84091,-0.389422
0.498902,372.027,6.48e-005,0.927051,-1.00394,2.33912,-0.716671
0.498902,372.027,6.496e-005,1.10437,-0.981338,2.82498,-1.03793
0.498902,372.027,6.512e-005,1.27734,-0.954965,3.29661,-1.35196
0.498902,372.027,6.528e-005,1.44526,-0.924947,3.75218,-1.65755
0.498902,372.027,6.544e-005,1.60748,-0.891427,4.18997,-1.95353
0.498902,372.027,6.56e-005,1.76336,-0.854561,4.60831,-2.23879
0.498902,372.027,6.576e-005,1.91227,-0.814516,5.00562,-2.51225
0.498902,372.027,6.592e-005,2.05364,-0.771473,5.3804,-2.77289
0.498902,372.027,6.608e-005,2.18691,-0.725623,5.73127,-3.01976
0.498902,372.027,6.624e-005,2.31154,-0.677167,6.05693,-3.25196
0.498902,372.027,6.64e-005,2.42705,-0.626318,6.35618,-3.46866
0.498902,372.027,6.656e-005,2.53298,-0.573294,6.62796,-3.66908
0.498902,372.027,6.672e-005,2.62892,-0.518324,6.87129,-3.85253
0.498902,372.027,6.688e-005,2.71448,-0.461641,7.08534,-4.0184
0.498902,372.027,6.704e-005,2.78933,-0.403486,7.26937,-4.16612
0.498902,372.027,6.72e-005,2.85317,-0.344104,7.42278,-4.29524
0.498902,372.027,6.736e-005,2.90575,-0.283743,7.54509,-4.40535
0.498902,372.027,6.752e-005,2.94686,-0.222656,7.63595,-4.49615
0.498902,372.027,6.768e-005,2.97634,-0.161094,7.69515,-4.5674
0.498902,372.027,6.784e-005,2.99408,-0.0993138,7.72257,-4.61895
0.498902,372.027,6.8e-005,3,-0.0375678,7.71826,-4.65073
0.498902,372.027,6.816e-005,2.99408,0.0238913,7.68238,-4.66275
0.498902,372.027,6.832e-005,2.97634,0.0848129,7.6152,-4.6551
0.498902,372.027,6.848e-005,2.94686,0.14495,7.51715,-4.62796
0.498902,372.027,6.864e-005,2.90575,0.20406,7.38876,-4.58158
0.498902,372.027,6.88e-005,2.85317,0.261906,7.23069,-4.51628
0.498902,372.027,6.896e-005,2.78933,0.318255,7.0437,-4.43247
0.498902,372.027,6.912e-005,2.71448,0.372885,6.8287,-4.33063
0.498902,372.027,6.928e-005,2.62892,0.425578,6.58666,-4.21131
0.498902,372.027,6.944e-005,2.53298,0.476128,6.31871,-4.07512
0.498902,372.027,6.96e-005,2.42705,0.524336,6.02604,-3.92276
0.498902,372.027,6.976e-005,2.31154,0.570016,5.70996,-3.75497
0.498902,372.027,6.992e-005,2.18691,0.612991,5.37186,-3.57257
0.498902,372.027,7.008e-005,2.05364,0.653097,5.01322,-3.37641
0.498902,372.027,7.024e-005,1.91227,0.690181,4.63559,-3.16742
0.498902,372.027,7.04e-005,1.76336,0.724106,4.24059,-2.94656
0.498902,372.027,7.056e-005,1.60748,0.754746,3.82994,-2.71485
0.498902,372.027,7.072e-005,1.44526,0.781988,3.40536,-2.47333
0.498902,372.027,7.088e-005,1.27734,0.805738,2.96868,-2.22309
0.498902,372.027,7.104e-005,1.10437,0.825912,2.52173,-1.96526
0.498902,372.027,7.12e-005,0.927051,0.842443,2.0664,-1.70096
0.498902,372.027,7.136e-005,0.74607,0.85528,1.60459,-1.43138
0.498902,372.027,7.152e-005,0.562144,0.864386,1.13825,-1.15769
0.498902,372.027,7.168e-005,0.376,0.86974,0.669307,-0.88109
0.498902,372.027,7.184e-005,0.188372,0.871338,0.199721,-0.602773
0.498902,372.027,7.2e-005,3.30644e-015,0.869189,-0.268565,-0.323945
0.498902,372.027,7.216e-005,-0.188372,0.86332,-0.733616,-0.0458045
0.498902,372.027,7.232e-005,-0.376,0.853772,-1.19352,0.230458
0.498902,372.027,7.248e-005,-0.562144,0.840601,-1.64637,0.503665
0.498902,372.027,7.264e-005,-0.74607,0.823879,-2.09034,0.772658
0.498902,372.027,7.28e-005,-0.927051,0.80369,-2.52359,1.0363
0.498902,372.027,7.296e-005,-1.10437,0.780135,-2.94436,1.29348
0.498902,372.027,7.312e-005,-1.27734,0.753327,-3.35095,1.54312
0.498902,372.027,7.328e-005,-1.44526,0.723394,-3.74171,1.78419
0.498902,372.027,7.344e-005,-1.60748,0.690473,-4.11506,2.01567
0.498902,372.027,7.36e-005,-1.76336,0.654717,-4.4695,2.23662
0.498902,372.027,7.376e-005,-1.91227,0.616288,-4.80361,2.44613
0.498902,372.027,7.392e-005,-2.05364,0.57536,-5.11606,2.64335
0.498902,372.027,7.408e-005,-2.18691,0.532115,-5.40561,2.82746
0.498902,372.027,7.424e-005,-2.31154,0.486746,-5.67112,2.99774
0.498902,372.027,7.44e-005,-2.42705,0.439454,-5.91154,3.1535
0.498902,372.027,7.456e-005,-2.53298,0.390446,-6.12593,3.29412
0.498902,372.027,7.472e-005,-2.62892,0.339938,-6.31349,3.41906
0.498902,372.027,7.488e-005,-2.71448,0.28815,-6.47348,3.52785
0.498902,372.027,7.504e-005,-2.78933,0.235308,-6.60532,3.62005
0.498902,372.027,7.52e-005,-2.85317,0.18164,-6.70853,3.69535
0.498902,372.027,7.536e-005,-2.90575,0.127378,-6.78274,3.75348
0.498902,372.027,7.552e-005,-2.94686,0.0727559,-6.82772,3.79424
0.498902,372.027,7.568e-005,-2.97634,0.0180092,-6.84334,3.81752
0.498902,372.027,7.584e-005,-2.99408,-0.0366277,-6.82961,3.82328
0.498902,372.027,7.6e-005,-3,-0.0909209,-6.78665,3.81156
0.498902,372.027,7.616e-005,-2.99408,-0.144639,-6.71472,3.78247
0.498902,372.027,7.632e-005,-2.97634,-0.197552,-6.61417,3.73618
0.498902,372.027,7.648e-005,-2.94686,-0.249436,-6.48549,3.67297
0.498902,372.027,7.664e-005,-2.90575,-0.30007,-6.32928,3.59315
0.498902,372.027,7.68e-005,-2.85317,-0.34924,-6.14625,3.49712
0.498902,372.027,7.696e-005,-2.78933,-0.396738,-5.93721,3.38537
0.498902,372.027,7.712e-005,-2.71448,-0.442363,-5.70311,3.25841
0.498902,372.027,7.728e-005,-2.62892,-0.485923,-5.44497,3.11685
0.498902,372.027,7.744e-005,-2.53298,-0.527234,-5.16392,2.96136
0.498902,372.027,7.76e-005,-2.42705,-0.566123,-4.86118,2.79264
0.498902,372.027,7.776e-005,-2.31154,-0.602428,-4.53806,2.61148
0.498902,372.027,7.792e-005,-2.18691,-0.635995,-4.19596,2.41871
0.498902,372.027,7.808e-005,-2.05364,-0.666686,-3.83635,2.21519
0.498902,372.027,7.824e-005,-1.91227,-0.694372,-3.46078,2.00185
0.498902,372.027,7.84e-005,-1.76336,-0.718939,-3.07083,1.77965
0.498902,372.027,7.856e-005,-1.60748,-0.740285,-2.66819,1.54959
0.498902,372.027,7.872e-005,-1.44526,-0.758321,-2.25457,1.3127
0.498902,372.027,7.888e-005,-1.27734,-0.772975,-1.83172,1.07004
0.498902,372.027,7.904e-005,-1.10437,-0.784186,-1.40143,0.822684
0.498902,372.027,7.92e-005,-0.927051,-0.791911,-0.965549,0.571744
0.498902,372.027,7.936e-005,-0.74607,-0.796118,-0.525903,0.318333
0.498902,372.027,7.952e-005,-0.562144,-0.796793,-0.0843589,0.0635753
0.498902,372.027,7.968e-005,-0.376,-0.793935,0.357218,-0.191398
0.498902,372.027,7.984e-005,-0.188372,-0.787559,0.796962,-0.445458
0.498902,372.027,8e-005,6.98432e-015,-0.777695,1.23302,-0.697477
0.498902,372.027,8.016e-005,0.188372,-0.764387,1.66354,-0.946339
0.498902,372.027,8.032e-005,0.376,-0.747693,2.08673,-1.19094
0.498902,372.027,8.048e-005,0.562144,-0.727687,2.50078,-1.4302
0.498902,372.027,8.064e-005,0.74607,-0.704455,2.90396,-1.66306
0.498902,372.027,8.08e-005,0.927051,-0.678099,3.29457,-1.88849
0.498902,372.027,8.096e-005,1.10437,-0.648731,3.67096,-2.10548
0.498902,372.027,8.112e-005,1.27734,-0.616479,4.03155,-2.31308
0.498902,372.027,8.128e-005,1.44526,-0.58148,4.37482,-2.51035
0.498902,372.027,8.144e-005,1.60748,-0.543886,4.69931,-2.69642
0.498902,372.027,8.16e-005,1.76336,-0.503856,5.00366,-2.87047
0.498902,372.027,8.176e-005,1.91227,-0.461563,5.28659,-3.0317
0.498902,372.027,8.192e-005,2.05364,-0.417188,5.5469,-3.1794
0.498902,372.027,8.208e-005,2.18691,-0.37092,5.78349,-3.3129
0.498902,372.027,8.224e-005,2.31154,-0.322957,5.99536,-3.4316
0.498902,372.027,8.24e-005,2.42705,-0.273505,6.1816,-3.53494
0.498902,372.027,8.256e-005,2.53298,-0.222773,6.34143,-3.62246
0.498902,372.027,8.272e-005,2.62892,-0.17098,6.47416,-3.69375
0.498902,372.027,8.288e-005,2.71448,-0.118346,6.57921,-3.74846
0.498902,372.027,8.304e-005,2.78933,-0.0650971,6.65614,-3.78633
0.498902,372.027,8.32e-005,2.85317,-0.0114603,6.7046,-3.80717
0.498902,372.027,8.336e-005,2.90575,0.0423347,6.72438,-3.81083
0.498902,372.027,8.352e-005,2.94686,0.0960576,6.71536,-3.79729
0.498902,372.027,8.368e-005,2.97634,0.149478,6.67757,-3.76655
0.498902,372.027,8.384e-005,2.99408,0.202367,6.61115,-3.71871
0.498902,372.027,8.4e-005,3,0.254498,6.51635,-3.65396
0.498902,372.027,8.416e-005,2.99408,0.305646,6.39354,-3.57252
0.498902,372.027,8.432e-005,2.97634,0.355592,6.24322,-3.47471
0.498902,372.027,8.448e-005,2.94686,0.40412,6.06598,-3.36092
0.498902,372.027,8.464e-005,2.90575,0.45102,5.86255,-3.2316
0.498902,372.027,8.48e-005,2.85317,0.49609,5.63375,-3.08728
0.498902,372.027,8.496e-005,2.78933,0.539135,5.38052,-2.92853
0.498902,372.027,8.512e-005,2.71448,0.579966,5.10387,-2.756
0.498902,372.027,8.528e-005,2.62892,0.618405,4.80496,-2.57042
0.498902,372.027,8.544e-005,2.53298,0.654285,4.48499,-2.37253
0.498902,372.027,8.56e-005,2.42705,0.687448,4.14529,-2.16315
0.498902,372.027,8.576e-005,2.31154,0.717745,3.78725,-1.94317
0.498902,372.027,8.592e-005,2.18691,0.745044,3.41233,-1.71349
0.498902,372.027,8.608e-005,2.05364,0.769221,3.02209,-1.47508
0.498902,372.027,8.624e-005,1.91227,0.790166,2.61813,-1.22893
0.498902,372.027,8.64e-005,1.76336,0.807783,2.20212,-0.976075
0.498902,372.027,8.656e-005,1.60748,0.821989,1.77577,-0.717584
0.498902,372.027,8.672e-005,1.44526,0.832716,1.34086,-0.454548
0.498902,372.027,8.688e-005,1.27734,0.839909,0.89917,-0.188079
0.498902,372.027,8.704e-005,1.10437,0.84353,0.452543,0.0806924
0.498902,372.027,8.72e-005,0.927051,0.843552,0.00282905,0.350622
0.498902,372.027,8.736e-005,0.74607,0.839967,-0.448104,0.620559
0.498902,372.027,8.752e-005,0.562144,0.83278,-0.898382,0.889348
0.498902,372.027,8.768e-005,0.376,0.822011,-1.34613,1.15584
0.498902,372.027,8.784e-005,0.188372,0.807695,-1.78948,1.41888
0.498902,372.027,8.8e-005,1.46993e-014,0.789883,-2.22658,1.67734
0.498902,372.027,8.816e-005,-0.188372,0.768638,-2.6556,1.93011
0.498902,372.027,8.832e-005,-0.376,0.74404,-3.07474,2.17607
0.498902,372.027,8.848e-005,-0.562144,0.716182,-3.48225,2.41416
0.498902,372.027,8.864e-005,-0.74607,0.685171,-3.87642,2.64334
0.498902,372.027,8.88e-005,-0.927051,0.651126,-4.25556,2.8626
0.498902,372.027,8.896e-005,-1.10437,0.614181,-4.6181,3.07096
0.498902,372.027,8.912e-005,-1.27734,0.574482,-4.96248,3.26749
0.498902,372.027,8.928e-005,-1.44526,0.532184,-5.28724,3.45133
0.498902,372.027,8.944e-005,-1.60748,0.487456,-5.59099,3.62163
0.498902,372.027,8.96e-005,-1.76336,0.440476,-5.87244,3.77761
0.498902,372.027,8.976e-005,-1.91227,0.391433,-6.13036,3.91857
0.498902,372.027,8.992e-005,-2.05364,0.340524,-6.36364,4.04382
0.498902,372.027,9.008e-005,-2.18691,0.287954,-6.57125,4.15279
0.498902,372.027,9.024e-005,-2.31154,0.233936,-6.75229,4.24494
0.498902,372.027,9.04e-005,-2.42705,0.178689,-6.90592,4.3198
0.498902,372.027,9.056e-005,-2.53298,0.122437,-7.03147,4.37698
0.498902,372.027,9.072e-005,-2.62892,0.0654101,-7.12833,4.41616
0.498902,372.027,9.088e-005,-2.71448,0.00784172,-7.19605,4.43709
0.498902,372.027,9.104e-005,-2.78933,-0.0500324,-7.23426,4.4396
0.498902,372.027,9.12e-005,-2.85317,-0.107974,-7.24274,4.42359
0.498902,372.027,9.136e-005,-2.90575,-0.165745,-7.22136,4.38904
0.498902,372.027,9.152e-005,-2.94686,-0.223106,-7.17015,4.336
0.498902,372.027,9.168e-005,-2.97634,-0.27982,-7.08924,4.2646
0.498902,372.027,9.184e-005,-2.99408,-0.335651,-6.97886,4.17506
0.498902,372.027,9.2e-005,-3,-0.390366,-6.83941,4.06765
0.498902,372.027,9.216e-005,-2.99408,-0.443737,-6.67137,3.94274
0.498902,372.027,9.232e-005,-2.97634,-0.49554,-6.47534,3.80074
0.498902,372.027,9.248e-005,-2.94686,-0.545557,-6.25206,3.64217
0.498902,372.027,9.264e-005,-2.90575,-0.593575,-6.00236,3.46759
0.498902,372.027,9.28e-005,-2.85317,-0.639393,-5.72718,3.27764
0.498902,372.027,9.296e-005,-2.78933,-0.682814,-5.42758,3.07304
0.498902,372.027,9.312e-005,-2.71448,-0.723651,-5.10471,2.85454
0.498902,372.027,9.328e-005,-2.62892,-0.76173,-4.75981,2.62297
0.498902,372.027,9.344e-005,-2.53298,-0.796883,-4.39422,2.37922
0.498902,372.027,9.36e-005,-2.42705,-0.828959,-4.00938,2.12421
0.498902,372.027,9.376e-005,-2.31154,-0.857813,-3.60679,1.85895
0.498902,372.027,9.392e-005,-2.18691,-0.883317,-3.18804,1.58445
0.498902,372.027,9.408e-005,-2.05364,-0.905355,-2.75477,1.30179
0.498902,372.027,9.424e-005,-1.91227,-0.923825,-2.3087,1.01207
0.498902,372.027,9.44e-005,-1.76336,-0.938638,-1.8516,0.716448
0.498902,372.027,9.456e-005,-1.60748,-0.94972,-1.38529,0.416083
0.498902,372.027,9.472e-005,-1.44526,-0.957013,-0.911624,0.112173
0.498902,372.027,9.488e-005,-1.27734,-0.960473,-0.432498,-0.194071
0.498902,372.027,9.504e-005,-1.10437,-0.960072,0.0501707,-0.501423
0.498902,372.027,9.52e-005,-0.927051,-0.955796,0.534443,-0.808646
0.498902,372.027,9.536e-005,-0.74607,-0.947649,1.01837,-1.1145
0.498902,372.027,9.552e-005,-0.562144,-0.935649,1.50001,-1.41775
0.498902,372.027,9.568e-005,-0.376,-0.91983,1.9774,-1.71716
0.498902,372.027,9.584e-005,-0.188372,-0.900241,2.44861,-2.0115
0.498902,372.027,0.00088,2.35368e-014,-1.02369,2.01251,-1.30545
0.498902,372.027,0.00088016,0.188372,-1.00355,2.51751,-1.63303
0.498902,372.027,0.00088032,0.376,-0.979448,3.01258,-1.95416
0.498902,372.027,0.00088048,0.562144,-0.951482,3.49576,-2.26759
0.498902,372.027,0.00088064,0.74607,-0.919761,3.96514,-2.57206
0.498902,372.027,0.0008808,0.927051,-0.88441,4.41887,-2.86639
0.498902,372.027,0.00088096,1.10437,-0.845568,4.85517,-3.1494
0.498902,372.027,0.00088112,1.27734,-0.80339,5.2723,-3.41998
0.498902,372.027,0.00088128,1.44526,-0.758041,5.66863,-3.67706
0.498902,372.027,0.00088144,1.60748,-0.7097,6.04258,-3.91964
0.498902,372.027,0.0008816,1.76336,-0.658559,6.39269,-4.14674
0.498902,372.027,0.00088176,1.91227,-0.604818,6.71757,-4.35748
0.498902,372.027,0.00088192,2.05364,-0.548691,7.01594,-4.55102
0.498902,372.027,0.00088208,2.18691,-0.490398,7.28662,-4.7266
0.498902,372.027,0.00088224,2.31154,-0.430169,7.52854,-4.88353
0.498902,372.027,0.0008824,2.42705,-0.368243,7.74075,-5.02118
0.498902,372.027,0.00088256,2.53298,-0.304864,7.92241,-5.13902
0.498902,372.027,0.00088272,2.62892,-0.240282,8.07281,-5.23658
0.498902,372.027,0.00088288,2.71448,-0.174751,8.19134,-5.31347
0.498902,372.027,0.00088304,2.78933,-0.108531,8.27755,-5.36939
0.498902,372.027,0.0008832,2.85317,-0.0418818,8.33109,-5.40412
0.498902,372.027,0.00088336,2.90575,0.0249322,8.35175,-5.41752
0.498902,372.027,0.00088352,2.94686,0.0916478,8.33945,-5.40954
0.498902,372.027,0.00088368,2.97634,0.158002,8.29424,-5.38021
0.498902,372.027,0.00088384,2.99408,0.223732,8.21629,-5.32965
0.498902,372.027,0.000884,3,0.288579,8.10592,-5.25806
0.498902,372.027,0.00088416,2.99408,0.352288,7.96356,-5.16571
0.498902,372.027,0.00088432,2.97634,0.414606,7.78977,-5.05298
0.498902,372.027,0.00088448,2.94686,0.475288,7.58524,-4.92031
0.498902,372.027,0.00088464,2.90575,0.534094,7.35077,-4.76822
0.498902,372.027,0.0008848,2.85317,0.590792,7.08729,-4.59731
0.498902,372.027,0.00088496,2.78933,0.645159,6.79584,-4.40825
0.498902,372.027,0.00088512,2.71448,0.69698,6.47757,-4.2018
0.498902,372.027,0.00088528,2.62892,0.74605,6.13374,-3.97877
0.498902,372.027,0.00088544,2.53298,0.792175,5.7657,-3.74003
0.498902,372.027,0.0008856,2.42705,0.835175,5.37491,-3.48654
0.498902,372.027,0.00088576,2.31154,0.874878,4.9629,-3.21928
0.498902,372.027,0.00088592,2.18691,0.911128,4.53131,-2.93932
0.498902,372.027,0.00088608,2.05364,0.943783,4.08183,-2.64776
0.498902,372.027,0.00088624,1.91227,0.972713,3.61625,-2.34575
0.498902,372.027,0.0008864,1.76336,0.997804,3.13639,-2.03448
0.498902,372.027,0.00088656,1.60748,1.01896,2.64416,-1.71518
0.498902,372.027,0.00088672,1.44526,1.03609,2.14149,-1.38912
0.498902,372.027,0.00088688,1.27734,1.04913,1.63036,-1.05757
0.498902,372.027,0.00088704,1.10437,1.05803,1.11281,-0.721845
0.498902,372.027,0.0008872,0.927051,1.06276,0.590862,-0.383274
0.498902,372.027,0.00088736,0.74607,1.06329,0.0665822,-0.0431904
0.498902,372.027,0.00088752,0.562144,1.05963,-0.45796,0.297064
0.498902,372.027,0.00088768,0.376,1.05178,-0.980695,0.636146
0.498902,372.027,0.00088784,0.188372,1.03979,-1.49956,0.972717
0.498902,372.027,0.000888,8.80497e-015,1.02369,-2.01251,1.30545
0.498902,372.027,0.00088816,-0.188372,1.00355,-2.51751,1.63303
0.498902,372.027,0.00088832,-0.376,0.979448,-3.01258,1.95416
0.498902,372.027,0.00088848,-0.562144,0.951482,-3.49576,2.26759
0.498902,372.027,0.00088864,-0.74607,0.919761,-3.96514,2.57206
0.498902,372.027,0.0008888,-0.927051,0.88441,-4.41887,2.86639
0.498902,372.027,0.00088896,-1.10437,0.845568,-4.85517,3.1494
0.498902,372.027,0.00088912,-1.27734,0.80339,-5.2723,3.41998
0.498902,372.027,0.00088928,-1.44526,0.758041,-5.66863,3.67706
0.498902,372.027,0.00088944,-1.60748,0.7097,-6.04258,3.91964
0.498902,372.027,0.0008896,-1.76336,0.658559,-6.39269,4.14674
0.498902,372.027,0.00088976,-1.91227,0.604818,-6.71757,4.35748
0.498902,372.027,0.00088992,-2.05364,0.54869,-7.01594,4.55102
0.498902,372.027,0.00089008,-2.18691,0.490398,-7.28662,4.7266
0.498902,372.027,0.00089024,-2.31154,0.430169,-7.52854,4.88353
0.498902,372.027,0.0008904,-2.42705,0.368243,-7.74075,5.02118
0.498902,372.027,0.00089056,-2.53298,0.304864,-7.92241,5.13902
0.498902,372.027,0.00089072,-2.62892,0.240282,-8.0728,5.23658
0.498902,372.027,0.00089088,-2.71448,0.174751,-8.19134,5.31347
0.498902,372.027,0.00089104,-2.78933,0.10853,-8.27755,5.36939
0.498902,372.027,0.0008912,-2.85317,0.0418817,-8.33109,5.40412
0.498902,372.027,0.00089136,-2.90575,-0.0249323,-8.35175,5.41752
0.498902,372.027,0.00089152,-2.94686,-0.0916479,-8.33945,5.40954
0.498902,372.027,0.00089168,-2.97634,-0.158002,-8.29424,5.38021
0.498902,372.027,0.00089184,-2.99408,-0.223732,-8.21629,5.32965
0.498902,372.027,0.000892,-3,-0.288579,-8.10592,5.25806
0.498902,372.027,0.00089216,-2.99408,-0.352288,-7.96356,5.16571
0.498902,372.027,0.00089232,-2.97634,-0.414606,-7.78977,5.05298
0.498902,372.027,0.00089248,-2.94686,-0.475288,-7.58524,4.92031
0.498902,372.027,0.00089264,-2.90575,-0.534094,-7.35077,4.76822
0.498902,372.027,0.0008928,-2.85317,-0.590792,-7.08729,4.59731
0.498902,372.027,0.00089296,-2.78933,-0.645159,-6.79584,4.40825
0.498902,372.027,0.00089312,-2.71448,-0.69698,-6.47757,4.2018
0.498902,372.027,0.00089328,-2.62892,-0.74605,-6.13374,3.97877
0.498902,372.027,0.00089344,-2.53298,-0.792175,-5.7657,3.74003
0.498902,372.027,0.0008936,-2.42705,-0.835175,-5.37491,3.48654
0.498902,372.027,0.00089376,-2.31154,-0.874878,-4.9629,3.21928
0.498902,372.027,0.00089392,-2.18691,-0.911128,-4.53131,2.93932
0.498902,372.027,0.00089408,-2.05364,-0.943783,-4.08183,2.64776
0.498902,372.027,0.00089424,-1.91227,-0.972713,-3.61625,2.34575
0.498902,372.027,0.0008944,-1.76336,-0.997804,-3.13639,2.03448
0.498902,372.027,0.00089456,-1.60748,-1.01896,-2.64415,1.71518
0.498902,372.027,0.00089472,-1.44526,-1.03609,-2.14149,1.38912
0.498902,372.027,0.00089488,-1.27734,-1.04913,-1.63036,1.05757
0.498902,372.027,0.00089504,-1.10437,-1.05803,-1.11281,0.721844
0.498902,372.027,0.0008952,-0.927051,-1.06276,-0.590861,0.383273
0.498902,372.027,0.00089536,-0.74607,-1.06329,-0.0665815,0.0431896
0.498902,372.027,0.00089552,-0.562144,-1.05963,0.457961,-0.297065
0.498902,372.027,0.00089568,-0.376,-1.05178,0.980695,-0.636146
0.498902,372.027,0.00089584,-0.188372,-1.03979,1.49956,-0.972717
0.498902,372.027,0.000896,-4.11468e-014,-1.02369,2.01251,-1.30545
0.498902,372.027,0.00089616,0.188372,-1.00355,2.51751,-1.63303
0.498902,372.027,0.00089632,0.376,-0.979448,3.01258,-1.95417
0.498902,372.027,0.00089648,0.562144,-0.951482,3.49576,-2.26759
0.498902,372.027,0.00089664,0.74607,-0.91976,3.96514,-2.57206
0.498902,372.027,0.0008968,0.927051,-0.884409,4.41887,-2.86639
0.498902,372.027,0.00089696,1.10437,-0.845568,4.85517,-3.1494
0.498902,372.027,0.00089712,1.27734,-0.80339,5.2723,-3.41998
0.498902,372.027,0.00089728,1.44526,-0.758041,5.66863,-3.67706
0.498902,372.027,0.00089744,1.60748,-0.7097,6.04258,-3.91964
0.498902,372.027,0.0008976,1.76336,-0.658558,6.39269,-4.14674
0.498902,372.027,0.00089776,1.91227,-0.604818,6.71757,-4.35748
0.498902,372.027,0.00089792,2.05364,-0.54869,7.01594,-4.55102
0.498902,372.027,0.00089808,2.18691,-0.490397,7.28662,-4.7266
0.498902,372.027,0.00089824,2.31154,-0.430169,7.52854,-4.88353
0.498902,372.027,0.0008984,2.42705,-0.368243,7.74075,-5.02118
0.498902,372.027,0.00089856,2.53298,-0.304864,7.92241,-5.13902
0.498902,372.027,0.00089872,2.62892,-0.240281,8.0728,-5.23658
0.498902,372.027,0.00089888,2.71448,-0.174751,8.19134,-5.31347
0.498902,372.027,0.00089904,2.78933,-0.10853,8.27755,-5.36939
0.498902,372.027,0.0008992,2.85317,-0.0418816,8.33109,-5.40412
0.498902,372.027,0.00089936,2.90575,0.0249324,8.35175,-5.41752
0.498902,372.027,0.00089952,2.94686,0.091648,8.33945,-5.40954
0.498902,372.027,0.00089968,2.97634,0.158002,8.29424,-5.38021
0.498902,372.027,0.00089984,2.99408,0.223732,8.21629,-5.32965
0.498902,372.027,0.0009,3,0.28858,8.10592,-5.25806
0.498902,372.027,0.00090016,2.99408,0.352288,7.96356,-5.16571
0.498902,372.027,0.00090032,2.97634,0.414606,7.78977,-5.05298
0.498902,372.027,0.00090048,2.94686,0.475288,7.58524,-4.92031
0.498902,372.027,0.00090064,2.90575,0.534094,7.35077,-4.76821
0.498902,372.027,0.0009008,2.85317,0.590793,7.08729,-4.5973
0.498902,372.027,0.00090096,2.78933,0.645159,6.79584,-4.40825
0.498902,372.027,0.00090112,2.71448,0.69698,6.47757,-4.2018
0.498902,372.027,0.00090128,2.62892,0.74605,6.13374,-3.97877
0.498902,372.027,0.00090144,2.53298,0.792175,5.7657,-3.74003
0.498902,372.027,0.0009016,2.42705,0.835175,5.37491,-3.48653
0.498902,372.027,0.00090176,2.31154,0.874878,4.9629,-3.21928
0.498902,372.027,0.00090192,2.18691,0.911128,4.53131,-2.93932
0.498902,372.027,0.00090208,2.05364,0.943783,4.08183,-2.64776
0.498902,372.027,0.00090224,1.91227,0.972713,3.61625,-2.34575
0.498902,372.027,0.0009024,1.76336,0.997804,3.13639,-2.03448
0.498902,372.027,0.00090256,1.60748,1.01896,2.64415,-1.71518
0.498902,372.027,0.00090272,1.44526,1.03609,2.14148,-1.38911
0.498902,372.027,0.00090288,1.27734,1.04913,1.63036,-1.05757
0.498902,372.027,0.00090304,1.10437,1.05803,1.11281,-0.721843
0.498902,372.027,0.0009032,0.927051,1.06276,0.59086,-0.383272
0.498902,372.027,0.00090336,0.74607,1.06329,0.0665806,-0.0431887
0.498902,372.027,0.00090352,0.562144,1.05963,-0.457961,0.297065
0.498902,372.027,0.00090368,0.376,1.05178,-0.980696,0.636147
0.498902,372.027,0.00090384,0.188372,1.03979,-1.49956,0.972718
0.498902,372.027,0.000904,-9.70417e-014,1.02369,-2.01251,1.30545
0.498902,372.027,0.00090416,-0.188372,1.00355,-2.51751,1.63303
0.498902,372.027,0.00090432,-0.376,0.979448,-3.01258,1.95417
0.498902,372.027,0.00090448,-0.562144,0.951481,-3.49576,2.26759
0.498902,372.027,0.00090464,-0.74607,0.91976,-3.96514,2.57206
0.498902,372.027,0.0009048,-0.927051,0.884409,-4.41887,2.86639
0.498902,372.027,0.00090496,-1.10437,0.845568,-4.85517,3.1494
0.498902,372.027,0.00090512,-1.27734,0.80339,-5.2723,3.41998
0.498902,372.027,0.00090528,-1.44526,0.75804,-5.66863,3.67706
0.498902,372.027,0.00090544,-1.60748,0.7097,-6.04258,3.91964
0.498902,372.027,0.0009056,-1.76336,0.658558,-6.39269,4.14674
0.498902,372.027,0.00090576,-1.91227,0.604818,-6.71757,4.35748
0.498902,372.027,0.00090592,-2.05364,0.54869,-7.01594,4.55102
0.498902,372.027,0.00090608,-2.18691,0.490397,-7.28662,4.7266
0.498902,372.027,0.00090624,-2.31154,0.430169,-7.52854,4.88353
0.498902,372.027,0.0009064,-2.42705,0.368243,-7.74075,5.02118
0.498902,372.027,0.00090656,-2.53298,0.304864,-7.92241,5.13902
0.498902,372.027,0.00090672,-2.62892,0.240281,-8.0728,5.23658
0.498902,372.027,0.00090688,-2.71448,0.174751,-8.19134,5.31347
0.498902,372.027,0.00090704,-2.78933,0.10853,-8.27755,5.36939
0.498902,372.027,0.0009072,-2.85317,0.0418814,-8.33109,5.40412
0.498902,372.027,0.00090736,-2.90575,-0.0249325,-8.35175,5.41752
0.498902,372.027,0.00090752,-2.94686,-0.0916481,-8.33945,5.40954
0.498902,372.027,0.00090768,-2.97634,-0.158002,-8.29424,5.38021
0.498902,372.027,0.00090784,-2.99408,-0.223732,-8.21629,5.32965
0.498902,372.027,0.000908,-3,-0.28858,-8.10592,5.25806
0.498902,372.027,0.00090816,-2.99408,-0.352288,-7.96356,5.16571
0.498902,372.027,0.00090832,-2.97634,-0.414606,-7.78977,5.05298
0.498902,372.027,0.00090848,-2.94686,-0.475288,-7.58524,4.92031
0.498902,372.027,0.00090864,-2.90575,-0.534094,-7.35077,4.76821
0.498902,372.027,0.0009088,-2.85317,-0.590793,-7.08729,4.5973
0.498902,372.027,0.00090896,-2.78933,-0.645159,-6.79584,4.40825
0.498902,372.027,0.00090912,-2.71448,-0.69698,-6.47757,4.2018
0.498902,372.027,0.00090928,-2.62892,-0.74605,-6.13374,3.97877
0.498902,372.027,0.00090944,-2.53298,-0.792176,-5.7657,3.74003
0.498902,372.027,0.0009096,-2.42705,-0.835175,-5.37491,3.48653
0.498902,372.027,0.00090976,-2.31154,-0.874878,-4.9629,3.21928
0.498902,372.027,0.00090992,-2.18691,-0.911128,-4.53131,2.93932
0.498902,372.027,0.00091008,-2.05364,-0.943783,-4.08183,2.64776
0.498902,372.027,0.00091024,-1.91227,-0.972713,-3.61624,2.34575
0.498902,372.027,0.0009104,-1.76336,-0.997804,-3.13639,2.03448
0.498902,372.027,0.00091056,-1.60748,-1.01896,-2.64415,1.71518
0.498902,372.027,0.00091072,-1.44526,-1.03609,-2.14148,1.38911
0.498902,372.027,0.00091088,-1.27734,-1.04913,-1.63036,1.05756
0.498902,372.027,0.00091104,-1.10437,-1.05803,-1.11281,0.721843
0.498902,372.027,0.0009112,-0.927051,-1.06276,-0.590859,0.383272
0.498902,372.027,0.00091136,-0.74607,-1.06329,-0.0665799,0.043188
0.498902,372.027,0.00091152,-0.562144,-1.05963,0.457962,-0.297066
0.498902,372.027,0.00091168,-0.376,-1.05178,0.980697,-0.636148
0.498902,372.027,0.00091184,-0.188372,-1.03979,1.49956,-0.972719
0.498902,372.027,0.000912,6.46999e-014,-1.02369,2.01251,-1.30545
0.498902,372.027,0.00091216,0.188372,-1.00355,2.51751,-1.63303
0.498902,372.027,0.00091232,0.376,-0.979448,3.01258,-1.95417
0.498902,372.027,0.00091248,0.562144,-0.951481,3.49576,-2.26759
0.498902,372.027,0.00091264,0.74607,-0.91976,3.96514,-2.57206
0.498902,372.027,0.0009128,0.927051,-0.884409,4.41888,-2.86639
0.498902,372.027,0.00091296,1.10437,-0.845568,4.85517,-3.1494
0.498902,372.027,0.00091312,1.27734,-0.80339,5.2723,-3.41998
0.498902,372.027,0.00091328,1.44526,-0.75804,5.66863,-3.67706
0.498902,372.027,0.00091344,1.60748,-0.7097,6.04259,-3.91964
0.498902,372.027,0.0009136,1.76336,-0.658558,6.39269,-4.14674
0.498902,372.027,0.00091376,1.91227,-0.604818,6.71757,-4.35748
0.498902,372.027,0.00091392,2.05364,-0.54869,7.01594,-4.55102
0.498902,372.027,0.00091408,2.18691,-0.490397,7.28662,-4.7266
0.498902,372.027,0.00091424,2.31154,-0.430169,7.52854,-4.88353
0.498902,372.027,0.0009144,2.42705,-0.368243,7.74075,-5.02118
0.498902,372.027,0.00091456,2.53298,-0.304864,7.92241,-5.13902
0.498902,372.027,0.00091472,2.62892,-0.240281,8.07281,-5.23658
0.498902,372.027,0.00091488,2.71448,-0.17475,8.19134,-5.31347
0.498902,372.027,0.00091504,2.78933,-0.10853,8.27755,-5.36939
0.498902,372.027,0.0009152,2.85317,-0.0418814,8.33109,-5.40412
0.498902,372.027,0.00091536,2.90575,0.0249326,8.35175,-5.41752
0.498902,372.027,0.00091552,2.94686,0.0916482,8.33945,-5.40954
0.498902,372.027,0.00091568,2.97634,0.158002,8.29424,-5.38021
0.498902,372.027,0.00091584,2.99408,0.223732,8.21629,-5.32965
0.498902,372.027,0.000916,3,0.28858,8.10592,-5.25806
0.498902,372.027,0.00091616,2.99408,0.352288,7.96356,-5.16571
0.498902,372.027,0.00091632,2.97634,0.414606,7.78977,-5.05298
0.498902,372.027,0.00091648,2.94686,0.475288,7.58524,-4.92031
0.498902,372.027,0.00091664,2.90575,0.534094,7.35077,-4.76821
0.498902,372.027,0.0009168,2.85317,0.590793,7.08729,-4.5973
0.498902,372.027,0.00091696,2.78933,0.64516,6.79584,-4.40825
0.498902,372.027,0.00091712,2.71448,0.69698,6.47757,-4.2018
0.498902,372.027,0.00091728,2.62892,0.74605,6.13374,-3.97877
0.498902,372.027,0.00091744,2.53298,0.792176,5.7657,-3.74003
0.498902,372.027,0.0009176,2.42705,0.835175,5.37491,-3.48653
0.498902,372.027,0.00091776,2.31154,0.874878,4.9629,-3.21928
0.498902,372.027,0.00091792,2.18691,0.911129,4.53131,-2.93932
0.498902,372.027,0.00091808,2.05364,0.943783,4.08183,-2.64776
0.498902,372.027,0.00091824,1.91227,0.972713,3.61624,-2.34575
0.498902,372.027,0.0009184,1.76336,0.997804,3.13639,-2.03448
0.498902,372.027,0.00091856,1.60748,1.01896,2.64415,-1.71518
0.498902,372.027,0.00091872,1.44526,1.03609,2.14148,-1.38911
0.498902,372.027,0.00091888,1.27734,1.04913,1.63036,-1.05756
0.498902,372.027,0.00091904,1.10437,1.05803,1.11281,-0.721842
0.498902,372.027,0.0009192,0.927051,1.06276,0.590859,-0.383271
0.498902,372.027,0.00091936,0.74607,1.06329,0.0665795,-0.0431877
0.498902,372.027,0.00091952,0.562144,1.05963,-0.457963,0.297066
0.498902,372.027,0.00091968,0.376,1.05178,-0.980697,0.636148
0.498902,372.027,0.00091984,0.188372,1.03979,-1.49956,0.972719
0.498902,372.027,0.00092,-3.23581e-014,1.02369,-2.01251,1.30545
0.498902,372.027,0.00092016,-0.188372,1.00355,-2.51751,1.63303
0.498902,372.027,0.00092032,-0.376,0.979448,-3.01258,1.95417
0.498902,372.027,0.00092048,-0.562144,0.951482,-3.49576,2.26759
0.498902,372.027,0.00092064,-0.74607,0.91976,-3.96514,2.57206
0.498902,372.027,0.0009208,-0.927051,0.884409,-4.41888,2.86639
0.498902,372.027,0.00092096,-1.10437,0.845568,-4.85517,3.1494
0.498902,372.027,0.00092112,-1.27734,0.80339,-5.2723,3.41998
0.498902,372.027,0.00092128,-1.44526,0.758041,-5.66863,3.67707
0.498902,372.027,0.00092144,-1.60748,0.7097,-6.04259,3.91964
0.498902,372.027,0.0009216,-1.76336,0.658558,-6.39269,4.14674
0.498902,372.027,0.00092176,-1.91227,0.604818,-6.71757,4.35748
0.498902,372.027,0.00092192,-2.05364,0.54869,-7.01594,4.55102
0.498902,372.027,0.00092208,-2.18691,0.490397,-7.28662,4.7266
0.498902,372.027,0.00092224,-2.31154,0.430169,-7.52854,4.88353
0.498902,372.027,0.0009224,-2.42705,0.368243,-7.74075,5.02118
0.498902,372.027,0.00092256,-2.53298,0.304864,-7.92241,5.13902
0.498902,372.027,0.00092272,-2.62892,0.240281,-8.07281,5.23658
0.498902,372.027,0.00092288,-2.71448,0.17475,-8.19134,5.31347
0.498902,372.027,0.00092304,-2.78933,0.10853,-8.27755,5.36939
0.498902,372.027,0.0009232,-2.85317,0.0418813,-8.33109,5.40412
0.498902,372.027,0.00092336,-2.90575,-0.0249327,-8.35175,5.41752
0.498902,372.027,0.00092352,-2.94686,-0.0916483,-8.33945,5.40954
0.498902,372.027,0.00092368,-2.97634,-0.158002,-8.29424,5.38021
0.498902,372.027,0.00092384,-2.99408,-0.223732,-8.21629,5.32965
0.498902,372.027,0.000924,-3,-0.28858,-8.10592,5.25806
0.498902,372.027,0.00092416,-2.99408,-0.352288,-7.96356,5.16571
0.498902,372.027,0.00092432,-2.97634,-0.414607,-7.78977,5.05298
0.498902,372.027,0.00092448,-2.94686,-0.475288,-7.58524,4.92031
0.498902,372.027,0.00092464,-2.90575,-0.534095,-7.35077,4.76822
0.498902,372.027,0.0009248,-2.85317,-0.590793,-7.08729,4.59731
0.498902,372.027,0.00092496,-2.78933,-0.64516,-6.79584,4.40825
0.498902,372.027,0.00092512,-2.71448,-0.69698,-6.47757,4.2018
0.498902,372.027,0.00092528,-2.62892,-0.74605,-6.13374,3.97877
0.498902,372.027,0.00092544,-2.53298,-0.792176,-5.7657,3.74003
0.498902,372.027,0.0009256,-2.42705,-0.835175,-5.37491,3.48653
0.498902,372.027,0.00092576,-2.31154,-0.874878,-4.9629,3.21928
0.498902,372.027,0.00092592,-2.18691,-0.911129,-4.53131,2.93932
0.498902,372.027,0.00092608,-2.05364,-0.943783,-4.08183,2.64776
0.498902,372.027,0.00092624,-1.91227,-0.972713,-3.61624,2.34575
0.498902,372.027,0.0009264,-1.76336,-0.997804,-3.13639,2.03448
0.498902,372.027,0.00092656,-1.60748,-1.01896,-2.64415,1.71518
0.498902,372.027,0.00092672,-1.44526,-1.03609,-2.14148,1.38911
0.498902,372.027,0.00092688,-1.27734,-1.04913,-1.63036,1.05756
0.498902,372.027,0.00092704,-1.10437,-1.05803,-1.11281,0.721843
0.498902,372.027,0.0009272,-0.927051,-1.06276,-0.590859,0.383272
0.498902,372.027,0.00092736,-0.74607,-1.06329,-0.0665796,0.0431878
0.498902,372.027,0.00092752,-0.562144,-1.05963,0.457963,-0.297066
0.498902,372.027,0.00092768,-0.376,-1.05178,0.980697,-0.636148
0.498902,372.027,0.00092784,-0.188372,-1.03979,1.49956,-0.972719
0.498902,372.027,0.000928,1.6263e-017,-1.02369,2.01251,-1.30545
0.498902,372.027,0.00092816,0.188372,-1.00355,2.51751,-1.63303
0.498902,372.027,0.00092832,0.376,-0.979448,3.01258,-1.95417
0.498902,372.027,0.00092848,0.562144,-0.951482,3.49576,-2.26759
0.498902,372.027,0.00092864,0.74607,-0.91976,3.96514,-2.57206
0.498902,372.027,0.0009288,0.927051,-0.884409,4.41888,-2.86639
0.498902,372.027,0.00092896,1.10437,-0.845568,4.85517,-3.1494
0.498902,372.027,0.00092912,1.27734,-0.80339,5.27231,-3.41998
0.498902,372.027,0.00092928,1.44526,-0.758041,5.66863,-3.67707
0.498902,372.027,0.00092944,1.60748,-0.7097,6.04259,-3.91964
0.498902,372.027,0.0009296,1.76336,-0.658558,6.39269,-4.14674
0.498902,372.027,0.00092976,1.91227,-0.604818,6.71757,-4.35748
0.498902,372.027,0.00092992,2.05364,-0.54869,7.01594,-4.55102
0.498902,372.027,0.00093008,2.18691,-0.490397,7.28662,-4.7266
0.498902,372.027,0.00093024,2.31154,-0.430169,7.52854,-4.88353
0.498902,372.027,0.0009304,2.42705,-0.368243,7.74075,-5.02119
0.498902,372.027,0.00093056,2.53298,-0.304864,7.92241,-5.13902
0.498902,372.027,0.00093072,2.62892,-0.240281,8.07281,-5.23658
0.498902,372.027,0.00093088,2.71448,-0.17475,8.19134,-5.31347
0.498902,372.027,0.00093104,2.78933,-0.10853,8.27755,-5.36939
0.498902,372.027,0.0009312,2.85317,-0.0418814,8.33109,-5.40412
0.498902,372.027,0.00093136,2.90575,0.0249326,8.35175,-5.41752
0.498902,372.027,0.00093152,2.94686,0.0916482,8.33945,-5.40954
0.498902,372.027,0.00093168,2.97634,0.158002,8.29424,-5.38022
0.498902,372.027,0.00093184,2.99408,0.223732,8.21629,-5.32965
0.498902,372.027,0.000932,3,0.28858,8.10592,-5.25806
0.498902,372.027,0.00093216,2.99408,0.352288,7.96356,-5.16571
0.498902,372.027,0.00093232,2.97634,0.414606,7.78977,-5.05298
0.498902,372.027,0.00093248,2.94686,0.475288,7.58524,-4.92031
0.498902,372.027,0.00093264,2.90575,0.534095,7.35077,-4.76822
0.498902,372.027,0.0009328,2.85317,0.590793,7.08729,-4.59731
0.498902,372.027,0.00093296,2.78933,0.64516,6.79584,-4.40825
0.498902,372.027,0.00093312,2.71448,0.69698,6.47757,-4.2018
0.498902,372.027,0.00093328,2.62892,0.74605,6.13374,-3.97877
0.498902,372.027,0.00093344,2.53298,0.792176,5.7657,-3.74003
0.498902,372.027,0.0009336,2.42705,0.835175,5.37491,-3.48653
0.498902,372.027,0.00093376,2.31154,0.874878,4.9629,-3.21928
0.498902,372.027,0.00093392,2.18691,0.911129,4.53131,-2.93932
0.498902,372.027,0.00093408,2.05364,0.943783,4.08183,-2.64776
0.498902,372.027,0.00093424,1.91227,0.972713,3.61625,-2.34575
0.498902,372.027,0.0009344,1.76336,0.997804,3.13639,-2.03448
0.498902,372.027,0.00093456,1.60748,1.01896,2.64415,-1.71518
0.498902,372.027,0.00093472,1.44526,1.03609,2.14148,-1.38911
0.498902,372.027,0.00093488,1.27734,1.04913,1.63036,-1.05757
0.498902,372.027,0.00093504,1.10437,1.05803,1.11281,-0.721843
0.498902,372.027,0.0009352,0.927051,1.06276,0.590859,-0.383272
0.498902,372.027,0.00093536,0.74607,1.06329,0.0665799,-0.0431882
0.498902,372.027,0.00093552,0.562144,1.05963,-0.457962,0.297066
0.498902,372.027,0.00093568,0.376,1.05179,-0.980697,0.636148
0.498902,372.027,0.00093584,0.188372,1.03979,-1.49956,0.972719
0.498902,372.027,0.000936,3.23255e-014,1.02369,-2.01251,1.30545
0.498902,372.027,0.00093616,-0.188372,1.00355,-2.51751,1.63303
0.498902,372.027,0.00093632,-0.376,0.979448,-3.01258,1.95417
0.498902,372.027,0.00093648,-0.562144,0.951482,-3.49576,2.26759
0.498902,372.027,0.00093664,-0.74607,0.919761,-3.96514,2.57206
0.498902,372.027,0.0009368,-0.927051,0.88441,-4.41888,2.86639
0.498902,372.027,0.00093696,-1.10437,0.845568,-4.85517,3.1494
0.498902,372.027,0.00093712,-1.27734,0.80339,-5.27231,3.41998
0.498902,372.027,0.00093728,-1.44526,0.758041,-5.66863,3.67707
0.498902,372.027,0.00093744,-1.60748,0.7097,-6.04259,3.91964
0.498902,372.027,0.0009376,-1.76336,0.658558,-6.39269,4.14674
0.498902,372.027,0.00093776,-1.91227,0.604818,-6.71757,4.35748
0.498902,372.027,0.00093792,-2.05364,0.54869,-7.01594,4.55102
0.498902,372.027,0.00093808,-2.18691,0.490397,-7.28662,4.7266
0.498902,372.027,0.00093824,-2.31154,0.430169,-7.52854,4.88353
0.498902,372.027,0.0009384,-2.42705,0.368243,-7.74075,5.02119
0.498902,372.027,0.00093856,-2.53298,0.304864,-7.92241,5.13902
0.498902,372.027,0.00093872,-2.62892,0.240281,-8.07281,5.23658
0.498902,372.027,0.00093888,-2.71448,0.174751,-8.19134,5.31347
0.498902,372.027,0.00093904,-2.78933,0.10853,-8.27755,5.36939
0.498902,372.027,0.0009392,-2.85317,0.0418815,-8.33109,5.40412
0.498902,372.027,0.00093936,-2.90575,-0.0249326,-8.35175,5.41752
0.498902,372.027,0.00093952,-2.94686,-0.0916482,-8.33945,5.40954
0.498902,372.027,0.00093968,-2.97634,-0.158002,-8.29424,5.38022
0.498902,372.027,0.00093984,-2.99408,-0.223732,-8.21629,5.32965
0.498902,372.027,0.00094,-3,-0.28858,-8.10592,5.25806
0.498902,372.027,0.00094016,-2.99408,-0.352288,-7.96356,5.16571
0.498902,372.027,0.00094032,-2.97634,-0.414606,-7.78977,5.05298
0.498902,372.027,0.00094048,-2.94686,-0.475288,-7.58524,4.92031
0.498902,372.027,0.00094064,-2.90575,-0.534095,-7.35077,4.76822
0.498902,372.027,0.0009408,-2.85317,-0.590793,-7.08729,4.59731
0.498902,372.027,0.00094096,-2.78933,-0.64516,-6.79584,4.40825
0.498902,372.027,0.00094112,-2.71448,-0.69698,-6.47757,4.2018
0.498902,372.027,0.00094128,-2.62892,-0.74605,-6.13374,3.97877
0.498902,372.027,0.00094144,-2.53298,-0.792176,-5.7657,3.74003
0.498902,372.027,0.0009416,-2.42705,-0.835175,-5.37491,3.48654
0.498902,372.027,0.00094176,-2.31154,-0.874878,-4.9629,3.21928
0.498902,372.027,0.00094192,-2.18691,-0.911129,-4.53131,2.93932
0.498902,372.027,0.00094208,-2.05364,-0.943783,-4.08183,2.64776
0.498902,372.027,0.00094224,-1.91227,-0.972713,-3.61625,2.34575
0.498902,372.027,0.0009424,-1.76336,-0.997804,-3.13639,2.03448
0.498902,372.027,0.00094256,-1.60748,-1.01896,-2.64415,1.71518
0.498902,372.027,0.00094272,-1.44526,-1.03609,-2.14148,1.38911
0.498902,372.027,0.00094288,-1.27734,-1.04913,-1.63036,1.05757
0.498902,372.027,0.00094304,-1.10437,-1.05803,-1.11281,0.721844
0.498902,372.027,0.0009432,-0.927051,-1.06276,-0.59086,0.383272
0.498902,372.027,0.00094336,-0.74607,-1.06329,-0.0665803,0.0431886
0.498902,372.027,0.00094352,-0.562144,-1.05963,0.457962,-0.297066
0.498902,372.027,0.00094368,-0.376,-1.05179,0.980697,-0.636147
0.498902,372.027,0.00094384,-0.188372,-1.03979,1.49956,-0.972719
0.498902,372.027,0.000944,1.05863e-013,-1.02369,2.01251,-1.30545
0.498902,372.027,0.00094416,0.188372,-1.00355,2.51751,-1.63303
0.498902,372.027,0.00094432,0.376,-0.979448,3.01258,-1.95417
0.498902,372.027,0.00094448,0.562144,-0.951482,3.49576,-2.26759
0.498902,372.027,0.00094464,0.74607,-0.919761,3.96514,-2.57206
0.498902,372.027,0.0009448,0.927051,-0.88441,4.41888,-2.86639
0.498902,372.027,0.00094496,1.10437,-0.845568,4.85517,-3.1494
0.498902,372.027,0.00094512,1.27734,-0.80339,5.2723,-3.41998
0.498902,372.027,0.00094528,1.44526,-0.758041,5.66863,-3.67707
0.498902,372.027,0.00094544,1.60748,-0.7097,6.04259,-3.91964
0.498902,372.027,0.0009456,1.76336,-0.658558,6.39269,-4.14674
0.498902,372.027,0.00094576,1.91227,-0.604818,6.71757,-4.35748
0.498902,372.027,0.00094592,2.05364,-0.54869,7.01594,-4.55102
0.498902,372.027,0.00094608,2.18691,-0.490397,7.28662,-4.7266
0.498902,372.027,0.00094624,2.31154,-0.430169,7.52854,-4.88353
0.498902,372.027,0.0009464,2.42705,-0.368243,7.74075,-5.02118
0.498902,372.027,0.00094656,2.53298,-0.304864,7.92241,-5.13902
0.498902,372.027,0.00094672,2.62892,-0.240281,8.07281,-5.23658
0.498902,372.027,0.00094688,2.71448,-0.174751,8.19134,-5.31347
0.498902,372.027,0.00094704,2.78933,-0.10853,8.27755,-5.36939
0.498902,372.027,0.0009472,2.85317,-0.0418815,8.33109,-5.40412
0.498902,372.027,0.00094736,2.90575,0.0249325,8.35175,-5.41752
0.498902,372.027,0.00094752,2.94686,0.0916481,8.33945,-5.40954
0.498902,372.027,0.00094768,2.97634,0.158002,8.29424,-5.38022
0.498902,372.027,0.00094784,2.99408,0.223732,8.21629,-5.32965
0.498902,372.027,0.000948,3,0.28858,8.10592,-5.25806
0.498902,372.027,0.00094816,2.99408,0.352288,7.96356,-5.16571
0.498902,372.027,0.00094832,2.97634,0.414606,7.78977,-5.05298
0.498902,372.027,0.00094848,2.94686,0.475288,7.58524,-4.92031
0.498902,372.027,0.00094864,2.90575,0.534094,7.35077,-4.76822
0.498902,372.027,0.0009488,2.85317,0.590793,7.08729,-4.59731
0.498902,372.027,0.00094896,2.78933,0.64516,6.79584,-4.40825
0.498902,372.027,0.00094912,2.71448,0.69698,6.47757,-4.2018
0.498902,372.027,0.00094928,2.62892,0.74605,6.13374,-3.97877
0.498902,372.027,0.00094944,2.53298,0.792176,5.7657,-3.74003
0.498902,372.027,0.0009496,2.42705,0.835175,5.37491,-3.48654
0.498902,372.027,0.00094976,2.31154,0.874878,4.9629,-3.21928
0.498902,372.027,0.00094992,2.18691,0.911129,4.53131,-2.93932
0.498902,372.027,0.00095008,2.05364,0.943783,4.08183,-2.64776
0.498902,372.027,0.00095024,1.91227,0.972713,3.61625,-2.34575
0.498902,372.027,0.0009504,1.76336,0.997804,3.13639,-2.03448
0.498902,372.027,0.00095056,1.60748,1.01896,2.64415,-1.71518
0.498902,372.027,0.00095072,1.44526,1.03609,2.14148,-1.38911
0.498902,372.027,0.00095088,1.27734,1.04913,1.63036,-1.05757
0.498902,372.027,0.00095104,1.10437,1.05803,1.11281,-0.721844
0.498902,372.027,0.0009512,0.927051,1.06276,0.59086,-0.383273
0.498902,372.027,0.00095136,0.74607,1.06329,0.0665807,-0.043189
0.498902,372.027,0.00095152,0.562144,1.05963,-0.457961,0.297065
0.498902,372.027,0.00095168,0.376,1.05179,-0.980696,0.636147
0.498902,372.027,0.00095184,0.188372,1.03979,-1.49956,0.972718
0.498902,372.027,0.000952,-7.35211e-014,1.02369,-2.01251,1.30545
0.498902,372.027,0.00095216,-0.188372,1.00355,-2.51751,1.63303
0.498902,372.027,0.00095232,-0.376,0.979448,-3.01258,1.95417
0.498902,372.027,0.00095248,-0.562144,0.951482,-3.49576,2.26759
0.498902,372.027,0.00095264,-0.74607,0.919761,-3.96514,2.57206
0.498902,372.027,0.0009528,-0.927051,0.88441,-4.41888,2.86639
0.498902,372.027,0.00095296,-1.10437,0.845568,-4.85517,3.1494
0.498902,372.027,0.00095312,-1.27734,0.80339,-5.2723,3.41998
0.498902,372.027,0.00095328,-1.44526,0.758041,-5.66863,3.67706
0.498902,372.027,0.00095344,-1.60748,0.7097,-6.04259,3.91964
0.498902,372.027,0.0009536,-1.76336,0.658559,-6.39269,4.14674
0.498902,372.027,0.00095376,-1.91227,0.604818,-6.71757,4.35748
0.498902,372.027,0.00095392,-2.05364,0.54869,-7.01594,4.55102
0.498902,372.027,0.00095408,-2.18691,0.490397,-7.28662,4.7266
0.498902,372.027,0.00095424,-2.31154,0.430169,-7.52854,4.88353
0.498902,372.027,0.0009544,-2.42705,0.368243,-7.74075,5.02118
0.498902,372.027,0.00095456,-2.53298,0.304864,-7.92241,5.13902
0.498902,372.027,0.00095472,-2.62892,0.240281,-8.07281,5.23658
0.498902,372.027,0.00095488,-2.71448,0.174751,-8.19134,5.31347
0.498902,372.027,0.00095504,-2.78933,0.10853,-8.27755,5.36939
0.498902,372.027,0.0009552,-2.85317,0.0418816,-8.33109,5.40412
0.498902,372.027,0.00095536,-2.90575,-0.0249324,-8.35175,5.41752
0.498902,372.027,0.00095552,-2.94686,-0.091648,-8.33945,5.40954
0.498902,372.027,0.00095568,-2.97634,-0.158002,-8.29424,5.38022
0.498902,372.027,0.00095584,-2.99408,-0.223732,-8.21629,5.32965
0.498902,372.027,0.000956,-3,-0.28858,-8.10592,5.25806
0.498902,372.027,0.00095616,-2.99408,-0.352288,-7.96356,5.16571
0.498902,372.027,0.00095632,-2.97634,-0.414606,-7.78977,5.05298
0.498902,372.027,0.00095648,-2.94686,-0.475288,-7.58524,4.92031
0.498902,372.027,0.00095664,-2.90575,-0.534094,-7.35077,4.76822
0.498902,372.027,0.0009568,-2.85317,-0.590793,-7.08729,4.59731
0.498902,372.027,0.00095696,-2.78933,-0.645159,-6.79584,4.40825
0.498902,372.027,0.00095712,-2.71448,-0.69698,-6.47757,4.2018
0.498902,372.027,0.00095728,-2.62892,-0.74605,-6.13374,3.97877
0.498902,372.027,0.00095744,-2.53298,-0.792176,-5.7657,3.74003
0.498902,372.027,0.0009576,-2.42705,-0.835175,-5.37491,3.48654
0.498902,372.027,0.00095776,-2.31154,-0.874878,-4.9629,3.21928
0.498902,372.027,0.00095792,-2.18691,-0.911129,-4.53131,2.93932
0.498902,372.027,0.00095808,-2.05364,-0.943783,-4.08183,2.64776
0.498902,372.027,0.00095824,-1.91227,-0.972713,-3.61625,2.34575
0.498902,372.027,0.0009584,-1.76336,-0.997804,-3.13639,2.03448
0.498902,372.027,0.00095856,-1.60748,-1.01896,-2.64415,1.71518
0.498902,372.027,0.00095872,-1.44526,-1.03609,-2.14148,1.38911
0.498902,372.027,0.00095888,-1.27734,-1.04913,-1.63036,1.05757
0.498902,372.027,0.00095904,-1.10437,-1.05803,-1.11281,0.721844
0.498902,372.027,0.0009592,-0.927051,-1.06276,-0.59086,0.383273
0.498902,372.027,0.00095936,-0.74607,-1.06329,-0.0665809,0.0431892
0.498902,372.027,0.00095952,-0.562144,-1.05963,0.457961,-0.297065
0.498902,372.027,0.00095968,-0.376,-1.05179,0.980696,-0.636147
0.498902,372.027,0.00095984,-0.188372,-1.03979,1.49956,-0.972718
