Amp, Phaseshift, Time, Vd, Vr, VL, VC
-0.346939,372.467,0,0,0,0,0
-0.346939,372.467,2.53165e-007,0.188372,0.00238445,0.188372,0
-0.346939,372.467,5.06329e-007,0.376,0.00711376,0.373615,0.00120732
-0.346939,372.467,7.59494e-007,0.562144,0.0141242,0.553823,0.00480922
-0.346939,372.467,1.01266e-006,0.74607,0.0233284,0.727136,0.0119607
-0.346939,372.467,1.26582e-006,0.927051,0.0346166,0.891762,0.0237726
-0.346939,372.467,1.51899e-006,1.10437,0.0478569,1.04598,0.0412999
-0.346939,372.467,1.77215e-006,1.27734,0.0628971,1.18818,0.0655313
-0.346939,372.467,2.02532e-006,1.44526,0.0795659,1.31683,0.0973779
-0.346939,372.467,2.27848e-006,1.60748,0.097674,1.43054,0.137664
-0.346939,372.467,2.53165e-006,1.76336,0.117016,1.52802,0.18712
-0.346939,372.467,2.78481e-006,1.91227,0.137372,1.60814,0.246368
-0.346939,372.467,3.03797e-006,2.05364,0.15851,1.6699,0.315924
-0.346939,372.467,3.29114e-006,2.18691,0.180187,1.71247,0.396182
-0.346939,372.467,3.5443e-006,2.31154,0.202151,1.73517,0.487416
-0.346939,372.467,3.79747e-006,2.42705,0.224145,1.73748,0.589771
-0.346939,372.467,4.05063e-006,2.53298,0.245905,1.71907,0.703262
-0.346939,372.467,4.3038e-006,2.62892,0.267168,1.67975,0.827771
-0.346939,372.467,4.55696e-006,2.71448,0.287668,1.61954,0.963045
-0.346939,372.467,4.81013e-006,2.78933,0.307144,1.53862,1.1087
-0.346939,372.467,5.06329e-006,2.85317,0.325338,1.43732,1.26422
-0.346939,372.467,5.31646e-006,2.90575,0.341999,1.31619,1.42894
-0.346939,372.467,5.56962e-006,2.94686,0.356884,1.17592,1.60211
-0.346939,372.467,5.82278e-006,2.97634,0.369762,1.01735,1.78281
-0.346939,372.467,6.07595e-006,2.99408,0.380414,0.841509,1.97003
-0.346939,372.467,6.32911e-006,3,0.388636,0.649555,2.16265
-0.346939,372.467,6.58228e-006,2.99408,0.394241,0.442799,2.35942
-0.346939,372.467,6.83544e-006,2.97634,0.39706,0.22268,2.55904
-0.346939,372.467,7.08861e-006,2.94686,0.396943,-0.00923721,2.76008
-0.346939,372.467,7.34177e-006,2.90575,0.393762,-0.251276,2.96107
-0.346939,372.467,7.59494e-006,2.85317,0.387412,-0.501659,3.16044
-0.346939,372.467,7.8481e-006,2.78933,0.377811,-0.758522,3.3566
-0.346939,372.467,8.10127e-006,2.71448,0.3649,-1.01993,3.54789
-0.346939,372.467,8.35443e-006,2.62892,0.348649,-1.28387,3.73265
-0.346939,372.467,8.60759e-006,2.53298,0.32905,-1.54832,3.90918
-0.346939,372.467,8.86076e-006,2.42705,0.306123,-1.81118,4.07579
-0.346939,372.467,9.11392e-006,2.31154,0.279916,-2.07038,4.23079
-0.346939,372.467,9.36709e-006,2.18691,0.250501,-2.3238,4.37252
-0.346939,372.467,9.62025e-006,2.05364,0.217977,-2.56938,4.49936
-0.346939,372.467,9.87342e-006,1.91227,0.18247,-2.80506,4.60972
-0.346939,372.467,1.01266e-005,1.76336,0.14413,-3.02884,4.70211
-0.346939,372.467,1.03797e-005,1.60748,0.103133,-3.23876,4.77509
-0.346939,372.467,1.06329e-005,1.44526,0.0596779,-3.43296,4.82731
-0.346939,372.467,1.08861e-005,1.27734,0.0139861,-3.60965,4.85753
-0.346939,372.467,1.11392e-005,1.10437,-0.0336992,-3.76714,4.86461
-0.346939,372.467,1.13924e-005,0.927051,-0.0831151,-3.90386,4.84755
-0.346939,372.467,1.16456e-005,0.74607,-0.13398,-4.01836,4.80546
-0.346939,372.467,1.18987e-005,0.562144,-0.185997,-4.10934,4.73762
-0.346939,372.467,1.21519e-005,0.376,-0.238853,-4.17563,4.64345
-0.346939,372.467,1.24051e-005,0.188372,-0.292223,-4.21622,4.52251
-0.346939,372.467,1.26582e-005,3.67382e-016,-0.345771,-4.23029,4.37455
-0.346939,372.467,1.29114e-005,-0.188372,-0.399153,-4.21715,4.19947
-0.346939,372.467,1.31646e-005,-0.376,-0.452018,-4.17632,3.99737
-0.346939,372.467,1.34177e-005,-0.562144,-0.504011,-4.1075,3.7685
-0.346939,372.467,1.36709e-005,-0.74607,-0.554778,-4.01056,3.51331
-0.346939,372.467,1.39241e-005,-0.927051,-0.603963,-3.88558,3.23241
-0.346939,372.467,1.41772e-005,-1.10437,-0.651213,-3.73282,2.9266
-0.346939,372.467,1.44304e-005,-1.27734,-0.696185,-3.55273,2.59687
-0.346939,372.467,1.46835e-005,-1.44526,-0.738538,-3.34595,2.24438
-0.346939,372.467,1.49367e-005,-1.60748,-0.777948,-3.11332,1.87043
-0.346939,372.467,1.51899e-005,-1.76336,-0.814097,-2.85584,1.47653
-0.346939,372.467,1.5443e-005,-1.91227,-0.846689,-2.57471,1.06433
-0.346939,372.467,1.56962e-005,-2.05364,-0.875439,-2.27129,0.635631
-0.346939,372.467,1.59494e-005,-2.18691,-0.900086,-1.9471,0.19237
-0.346939,372.467,1.62025e-005,-2.31154,-0.920388,-1.60382,-0.26337
-0.346939,372.467,1.64557e-005,-2.42705,-0.936125,-1.24329,-0.729389
-0.346939,372.467,1.67089e-005,-2.53298,-0.947106,-0.86747,-1.20338
-0.346939,372.467,1.6962e-005,-2.62892,-0.953162,-0.478438,-1.68292
-0.346939,372.467,1.72152e-005,-2.71448,-0.954155,-0.0783955,-2.16554
-0.346939,372.467,1.74684e-005,-2.78933,-0.949973,0.330362,-2.64865
-0.346939,372.467,1.77215e-005,-2.85317,-0.940537,0.745457,-3.12965
-0.346939,372.467,1.79747e-005,-2.90575,-0.925797,1.16444,-3.60587
-0.346939,372.467,1.82278e-005,-2.94686,-0.905736,1.58481,-4.07463
-0.346939,372.467,1.8481e-005,-2.97634,-0.880369,2.00402,-4.53323
-0.346939,372.467,1.87342e-005,-2.99408,-0.849742,2.41952,-4.97899
-0.346939,372.467,1.89873e-005,-3,-0.813935,2.82873,-5.40924
-0.346939,372.467,1.92405e-005,-2.99408,-0.77306,3.22909,-5.82136
-0.346939,372.467,1.94937e-005,-2.97634,-0.727262,3.61807,-6.21278
-0.346939,372.467,1.97468e-005,-2.94686,-0.676716,3.99318,-6.58101
-0.346939,372.467,2e-005,-2.90575,-0.621627,4.35198,-6.92365
-0.346939,372.467,2.02532e-005,-2.85317,-0.562233,4.69211,-7.2384
-0.346939,372.467,2.05063e-005,-2.78933,-0.498799,5.01131,-7.52308
-0.346939,372.467,2.07595e-005,-2.71448,-0.431617,5.30739,-7.77563
-0.346939,372.467,2.10127e-005,-2.62892,-0.361005,5.57833,-7.99417
-0.346939,372.467,2.12658e-005,-2.53298,-0.287306,5.82219,-8.17696
-0.346939,372.467,2.1519e-005,-2.42705,-0.210886,6.03722,-8.32243
-0.346939,372.467,2.17722e-005,-2.31154,-0.132129,6.22178,-8.42921
-0.346939,372.467,2.20253e-005,-2.18691,-0.0514403,6.37443,-8.49611
-0.346939,372.467,2.22785e-005,-2.05364,0.0307611,6.49391,-8.52216
-0.346939,372.467,2.25316e-005,-1.91227,0.114041,6.57912,-8.50658
-0.346939,372.467,2.27848e-005,-1.76336,0.197955,6.62918,-8.44884
-0.346939,372.467,2.3038e-005,-1.60748,0.282049,6.6434,-8.34861
-0.346939,372.467,2.32911e-005,-1.44526,0.365863,6.6213,-8.2058
-0.346939,372.467,2.35443e-005,-1.27734,0.448933,6.5626,-8.02055
-0.346939,372.467,2.37975e-005,-1.10437,0.530797,6.46725,-7.79324
-0.346939,372.467,2.40506e-005,-0.927051,0.610992,6.3354,-7.52449
-0.346939,372.467,2.43038e-005,-0.74607,0.689061,6.16742,-7.21512
-0.346939,372.467,2.4557e-005,-0.562144,0.764553,5.96392,-6.86623
-0.346939,372.467,2.48101e-005,-0.376,0.83703,5.72568,-6.47912
-0.346939,372.467,2.50633e-005,-0.188372,0.906065,5.45371,-6.0553
-0.346939,372.467,2.53165e-005,-7.34764e-016,0.971245,5.14924,-5.59654
-0.346939,372.467,2.55696e-005,0.188372,1.03218,4.81366,-5.10477
-0.346939,372.467,2.58228e-005,0.376,1.08849,4.44859,-4.58215
-0.346939,372.467,2.60759e-005,0.562144,1.13983,4.0558,-4.03101
-0.346939,372.467,2.63291e-005,0.74607,1.18587,3.63725,-3.45388
-0.346939,372.467,2.65823e-005,0.927051,1.22631,3.19507,-2.85344
-0.346939,372.467,2.68354e-005,1.10437,1.26089,2.7315,-2.23253
-0.346939,372.467,2.70886e-005,1.27734,1.28936,2.24897,-1.5941
-0.346939,372.467,2.73418e-005,1.44526,1.31151,1.75,-0.941262
-0.346939,372.467,2.75949e-005,1.60748,1.32717,1.23723,-0.277206
-0.346939,372.467,2.78481e-005,1.76336,1.3362,0.713392,0.394778
-0.346939,372.467,2.81013e-005,1.91227,1.3385,0.181293,1.07134
-0.346939,372.467,2.83544e-005,2.05364,1.33399,-0.35619,1.74905
-0.346939,372.467,2.86076e-005,2.18691,1.32264,-0.896135,2.42449
-0.346939,372.467,2.88608e-005,2.31154,1.30447,-1.43559,3.09418
-0.346939,372.467,2.91139e-005,2.42705,1.27951,-1.9716,3.75468
-0.346939,372.467,2.93671e-005,2.53298,1.24785,-2.50121,4.40253
-0.346939,372.467,2.96203e-005,2.62892,1.20961,-3.02146,5.03435
-0.346939,372.467,2.98734e-005,2.71448,1.16493,-3.52948,5.64681
-0.346939,372.467,3.01266e-005,2.78933,1.11401,-4.02241,6.23665
-0.346939,372.467,3.03797e-005,2.85317,1.05708,-4.4975,6.80071
-0.346939,372.467,3.06329e-005,2.90575,0.994399,-4.95204,7.33594
-0.346939,372.467,3.08861e-005,2.94686,0.926253,-5.38348,7.83943
-0.346939,372.467,3.11392e-005,2.97634,0.852971,-5.78934,8.30842
-0.346939,372.467,3.13924e-005,2.99408,0.774903,-6.16731,8.74031
-0.346939,372.467,3.16456e-005,3,0.692432,-6.51521,9.13266
-0.346939,372.467,3.18987e-005,2.99408,0.605964,-6.83102,9.48326
-0.346939,372.467,3.21519e-005,2.97634,0.515927,-7.11288,9.79008
-0.346939,372.467,3.24051e-005,2.94686,0.422774,-7.35914,10.0513
-0.346939,372.467,3.26582e-005,2.90575,0.326972,-7.56833,10.2654
-0.346939,372.467,3.29114e-005,2.85317,0.229008,-7.73917,10.4309
-0.346939,372.467,3.31646e-005,2.78933,0.12938,-7.8706,10.5469
-0.346939,372.467,3.34177e-005,2.71448,0.0285978,-7.96178,10.6124
-0.346939,372.467,3.36709e-005,2.62892,-0.0728207,-8.01207,10.6269
-0.346939,372.467,3.39241e-005,2.53298,-0.174353,-8.02106,10.59
-0.346939,372.467,3.41772e-005,2.42705,-0.275475,-7.98859,10.5017
-0.346939,372.467,3.44304e-005,2.31154,-0.375661,-7.9147,10.3622
-0.346939,372.467,3.46835e-005,2.18691,-0.474391,-7.79967,10.172
-0.346939,372.467,3.49367e-005,2.05364,-0.57115,-7.644,9.93183
-0.346939,372.467,3.51899e-005,1.91227,-0.665434,-7.44841,9.64264
-0.346939,372.467,3.5443e-005,1.76336,-0.756748,-7.21385,9.30571
-0.346939,372.467,3.56962e-005,1.60748,-0.844615,-6.94148,8.92255
-0.346939,372.467,3.59494e-005,1.44526,-0.928573,-6.63267,8.49489
-0.346939,372.467,3.62025e-005,1.27734,-1.00818,-6.28898,8.02473
-0.346939,372.467,3.64557e-005,1.10437,-1.08302,-5.91218,7.51426
-0.346939,372.467,3.67089e-005,0.927051,-1.15269,-5.50419,6.9659
-0.346939,372.467,3.6962e-005,0.74607,-1.21683,-5.06714,6.38226
-0.346939,372.467,3.72152e-005,0.562144,-1.2751,-4.60328,5.76614
-0.346939,372.467,3.74684e-005,0.376,-1.32719,-4.11504,5.12052
-0.346939,372.467,3.77215e-005,0.188372,-1.37282,-3.60495,4.44852
-0.346939,372.467,3.79747e-005,1.10215e-015,-1.41176,-3.0757,3.75342
-0.346939,372.467,3.82278e-005,-0.188372,-1.44378,-2.53004,3.03861
-0.346939,372.467,3.8481e-005,-0.376,-1.46873,-1.97083,2.30758
-0.346939,372.467,3.87342e-005,-0.562144,-1.48646,-1.40099,1.56392
-0.346939,372.467,3.89873e-005,-0.74607,-1.49689,-0.823525,0.811279
-0.346939,372.467,3.92405e-005,-0.927051,-1.49994,-0.241442,0.0533611
-0.346939,372.467,3.94937e-005,-1.10437,-1.49561,0.342209,-0.706104
-0.346939,372.467,3.97468e-005,-1.27734,-1.48391,0.924378,-1.46338
-0.346939,372.467,4e-005,-1.44526,-1.4649,1.50203,-2.21472
-0.346939,372.467,4.02532e-005,-1.60748,-1.43867,2.07214,-2.95644
-0.346939,372.467,4.05063e-005,-1.76336,-1.40535,2.63176,-3.68488
-0.346939,372.467,4.07595e-005,-1.91227,-1.36513,3.17797,-4.39646
-0.346939,372.467,4.10127e-005,-2.05364,-1.31819,3.70794,-5.08766
-0.346939,372.467,4.12658e-005,-2.18691,-1.26479,4.21894,-5.7551
-0.346939,372.467,4.1519e-005,-2.31154,-1.20519,4.70835,-6.3955
-0.346939,372.467,4.17722e-005,-2.42705,-1.1397,5.17363,-7.00572
-0.346939,372.467,4.20253e-005,-2.53298,-1.06866,5.61243,-7.58278
-0.346939,372.467,4.22785e-005,-2.62892,-0.992421,6.02252,-8.12387
-0.346939,372.467,4.25316e-005,-2.71448,-0.911385,6.40181,-8.62636
-0.346939,372.467,4.27848e-005,-2.78933,-0.825962,6.74842,-9.08782
-0.346939,372.467,4.3038e-005,-2.85317,-0.736587,7.06062,-9.50603
-0.346939,372.467,4.32911e-005,-2.90575,-0.643716,7.33687,-9.87899
-0.346939,372.467,4.35443e-005,-2.94686,-0.547819,7.57584,-10.2049
-0.346939,372.467,4.37975e-005,-2.97634,-0.449384,7.7764,-10.4823
-0.346939,372.467,4.40506e-005,-2.99408,-0.348908,7.9376,-10.7098
-0.346939,372.467,4.43038e-005,-3,-0.246898,8.05874,-10.8865
-0.346939,372.467,4.4557e-005,-2.99408,-0.143869,8.13931,-11.0115
-0.346939,372.467,4.48101e-005,-2.97634,-0.0403368,8.17903,-11.0844
-0.346939,372.467,4.50633e-005,-2.94686,0.06318,8.17783,-11.1048
-0.346939,372.467,4.53165e-005,-2.90575,0.166165,8.13585,-11.0728
-0.346939,372.467,4.55696e-005,-2.85317,0.268108,8.05345,-10.9887
-0.346939,372.467,4.58228e-005,-2.78933,0.368503,7.93121,-10.8529
-0.346939,372.467,4.60759e-005,-2.71448,0.466856,7.76992,-10.6663
-0.346939,372.467,4.63291e-005,-2.62892,0.562686,7.57054,-10.4299
-0.346939,372.467,4.65823e-005,-2.53298,0.655525,7.33426,-10.145
-0.346939,372.467,4.68354e-005,-2.42705,0.744923,7.06245,-9.81312
-0.346939,372.467,4.70886e-005,-2.31154,0.83045,6.75666,-9.43594
-0.346939,372.467,4.73418e-005,-2.18691,0.911698,6.41859,-9.01546
-0.346939,372.467,4.75949e-005,-2.05364,0.988282,6.05012,-8.55384
-0.346939,372.467,4.78481e-005,-1.91227,1.05984,5.65329,-8.05345
-0.346939,372.467,4.81013e-005,-1.76336,1.12605,5.23025,-7.51682
-0.346939,372.467,4.83544e-005,-1.60748,1.1866,4.78329,-6.94667
-0.346939,372.467,4.86076e-005,-1.44526,1.24121,4.31481,-6.34586
-0.346939,372.467,4.88608e-005,-1.27734,1.28966,3.82731,-5.7174
-0.346939,372.467,4.91139e-005,-1.10437,1.33173,3.32336,-5.0644
-0.346939,372.467,4.93671e-005,-0.927051,1.36724,2.80562,-4.39011
-0.346939,372.467,4.96203e-005,-0.74607,1.39606,2.2768,-3.69783
-0.346939,372.467,4.98734e-005,-0.562144,1.41808,1.73963,-2.99097
-0.346939,372.467,5.01266e-005,-0.376,1.43323,1.19688,-2.27295
-0.346939,372.467,5.03797e-005,-0.188372,1.44148,0.651344,-1.54726
-0.346939,372.467,5.06329e-005,-1.46953e-015,1.44282,0.105782,-0.817399
-0.346939,372.467,5.08861e-005,0.188372,1.43729,-0.437048,-0.0868578
-0.346939,372.467,5.11392e-005,0.376,1.42495,-0.974428,0.640882
-0.346939,372.467,5.13924e-005,0.562144,1.40592,-1.50369,1.36238
-0.346939,372.467,5.16456e-005,0.74607,1.38032,-2.02222,2.07423
-0.346939,372.467,5.18987e-005,0.927051,1.34833,-2.5275,2.77313
-0.346939,372.467,5.21519e-005,1.10437,1.31013,-3.01708,3.45583
-0.346939,372.467,5.24051e-005,1.27734,1.26598,-3.48862,4.11919
-0.346939,372.467,5.26582e-005,1.44526,1.2161,-3.9399,4.76019
-0.346939,372.467,5.29114e-005,1.60748,1.1608,-4.36881,5.37593
-0.346939,372.467,5.31646e-005,1.76336,1.10038,-4.77338,5.96368
-0.346939,372.467,5.34177e-005,1.91227,1.03517,-5.15179,6.52084
-0.346939,372.467,5.36709e-005,2.05364,0.965516,-5.50236,7.04497
-0.346939,372.467,5.39241e-005,2.18691,0.8918,-5.82358,7.53384
-0.346939,372.467,5.41772e-005,2.31154,0.814407,-6.1141,7.98538
-0.346939,372.467,5.44304e-005,2.42705,0.733739,-6.37274,8.39774
-0.346939,372.467,5.46835e-005,2.53298,0.650214,-6.5985,8.76926
-0.346939,372.467,5.49367e-005,2.62892,0.564257,-6.79055,9.09848
-0.346939,372.467,5.51899e-005,2.71448,0.476305,-6.94825,9.38418
-0.346939,372.467,5.5443e-005,2.78933,0.386797,-7.07115,9.62534
-0.346939,372.467,5.56962e-005,2.85317,0.296177,-7.15897,9.82119
-0.346939,372.467,5.59494e-005,2.90575,0.20489,-7.21162,9.97115
-0.346939,372.467,5.62025e-005,2.94686,0.113382,-7.22918,10.0749
-0.346939,372.467,5.64557e-005,2.97634,0.0220915,-7.21193,10.1323
-0.346939,372.467,5.67089e-005,2.99408,-0.0685454,-7.16032,10.1435
-0.346939,372.467,5.6962e-005,3,-0.158102,-7.07494,10.1088
-0.346939,372.467,5.72152e-005,2.99408,-0.24616,-6.9566,10.0287
-0.346939,372.467,5.74684e-005,2.97634,-0.332315,-6.80623,9.90409
-0.346939,372.467,5.77215e-005,2.94686,-0.416174,-6.62492,9.73583
-0.346939,372.467,5.79747e-005,2.90575,-0.497363,-6.41391,9.52511
-0.346939,372.467,5.82278e-005,2.85317,-0.575522,-6.17458,9.27328
-0.346939,372.467,5.8481e-005,2.78933,-0.650313,-5.90843,8.98188
-0.346939,372.467,5.87342e-005,2.71448,-0.721415,-5.61708,8.65261
-0.346939,372.467,5.89873e-005,2.62892,-0.788532,-5.30227,8.28733
-0.346939,372.467,5.92405e-005,2.53298,-0.851391,-4.96582,7.88808
-0.346939,372.467,5.94937e-005,2.42705,-0.909741,-4.60963,7.45699
-0.346939,372.467,5.97468e-005,2.31154,-0.963357,-4.23571,6.99636
-0.346939,372.467,6e-005,2.18691,-1.01204,-3.8461,6.50859
-0.346939,372.467,6.02532e-005,2.05364,-1.05562,-3.4429,5.99616
-0.346939,372.467,6.05063e-005,1.91227,-1.09396,-3.02827,5.46167
-0.346939,372.467,6.07595e-005,1.76336,-1.12692,-2.60436,4.90777
-0.346939,372.467,6.10127e-005,1.60748,-1.15443,-2.17337,4.33717
-0.346939,372.467,6.12658e-005,1.44526,-1.17643,-1.73748,3.75265
-0.346939,372.467,6.1519e-005,1.27734,-1.19287,-1.29889,3.15699
-0.346939,372.467,6.17722e-005,1.10437,-1.20375,-0.85975,2.55301
-0.346939,372.467,6.20253e-005,0.927051,-1.2091,-0.422206,1.94351
-0.346939,372.467,6.22785e-005,0.74607,-1.20895,0.0116509,1.33131
-0.346939,372.467,6.25316e-005,0.562144,-1.20338,0.439778,0.719188
-0.346939,372.467,6.27848e-005,0.376,-1.19249,0.860192,0.109882
-0.346939,372.467,6.3038e-005,0.188372,-1.1764,1.27098,-0.493912
-0.346939,372.467,6.32911e-005,-3.49216e-015,-1.15526,1.67032,-1.08956
-0.346939,372.467,6.35443e-005,-0.188372,-1.12923,2.05645,-1.6745
-0.346939,372.467,6.37975e-005,-0.376,-1.0985,2.42773,-2.24626
-0.346939,372.467,6.40506e-005,-0.562144,-1.06328,2.78262,-2.80247
-0.346939,372.467,6.43038e-005,-0.74607,-1.02379,3.11967,-3.34083
-0.346939,372.467,6.4557e-005,-0.927051,-0.980273,3.43757,-3.85921
-0.346939,372.467,6.48101e-005,-1.10437,-0.932993,3.73511,-4.35555
-0.346939,372.467,6.50633e-005,-1.27734,-0.882219,4.0112,-4.82795
-0.346939,372.467,6.53165e-005,-1.44526,-0.828232,4.26491,-5.27464
-0.346939,372.467,6.55696e-005,-1.60748,-0.771329,4.49539,-5.694
-0.346939,372.467,6.58228e-005,-1.76336,-0.71181,4.70197,-6.08455
-0.346939,372.467,6.60759e-005,-1.91227,-0.649986,4.88408,-6.44496
-0.346939,372.467,6.63291e-005,-2.05364,-0.586172,5.0413,-6.77406
-0.346939,372.467,6.65823e-005,-2.18691,-0.520687,5.17333,-7.07086
-0.346939,372.467,6.68354e-005,-2.31154,-0.453851,5.28001,-7.3345
-0.346939,372.467,6.70886e-005,-2.42705,-0.385987,5.3613,-7.5643
-0.346939,372.467,6.73418e-005,-2.53298,-0.317414,5.4173,-7.75973
-0.346939,372.467,6.75949e-005,-2.62892,-0.248449,5.44823,-7.92045
-0.346939,372.467,6.78481e-005,-2.71448,-0.179405,5.45442,-8.04625
-0.346939,372.467,6.81013e-005,-2.78933,-0.110591,5.43632,-8.13708
-0.346939,372.467,6.83544e-005,-2.85317,-0.0423063,5.39451,-8.19308
-0.346939,372.467,6.86076e-005,-2.90575,0.0251575,5.32964,-8.2145
-0.346939,372.467,6.88608e-005,-2.94686,0.091518,5.24248,-8.20176
-0.346939,372.467,6.91139e-005,-2.97634,0.156504,5.1339,-8.15542
-0.346939,372.467,6.93671e-005,-2.99408,0.219856,5.00484,-8.07618
-0.346939,372.467,6.96203e-005,-3,0.281329,4.85633,-7.96486
-0.346939,372.467,6.98734e-005,-2.99408,0.340689,4.68945,-7.82242
-0.346939,372.467,7.01266e-005,-2.97634,0.397719,4.50538,-7.64992
-0.346939,372.467,7.03797e-005,-2.94686,0.452217,4.30533,-7.44854
-0.346939,372.467,7.06329e-005,-2.90575,0.503997,4.09057,-7.21957
-0.346939,372.467,7.08861e-005,-2.85317,0.552888,3.8624,-6.96438
-0.346939,372.467,7.11392e-005,-2.78933,0.598738,3.62216,-6.68444
-0.346939,372.467,7.13924e-005,-2.71448,0.641412,3.37122,-6.38128
-0.346939,372.467,7.16456e-005,-2.62892,0.680791,3.11095,-6.05651
-0.346939,372.467,7.18987e-005,-2.53298,0.716775,2.84274,-5.71181
-0.346939,372.467,7.21519e-005,-2.42705,0.749281,2.56798,-5.34889
-0.346939,372.467,7.24051e-005,-2.31154,0.778244,2.28806,-4.9695
-0.346939,372.467,7.26582e-005,-2.18691,0.803615,2.00435,-4.57546
-0.346939,372.467,7.29114e-005,-2.05364,0.825365,1.7182,-4.16856
-0.346939,372.467,7.31646e-005,-1.91227,0.843478,1.43092,-3.75066
-0.346939,372.467,7.34177e-005,-1.76336,0.857956,1.14382,-3.32358
-0.346939,372.467,7.36709e-005,-1.60748,0.868819,0.858141,-2.88917
-0.346939,372.467,7.39241e-005,-1.44526,0.876098,0.57509,-2.44926
-0.346939,372.467,7.41772e-005,-1.27734,0.879843,0.295825,-2.00567
-0.346939,372.467,7.44304e-005,-1.10437,0.880115,0.0214508,-1.56018
-0.346939,372.467,7.46835e-005,-0.927051,0.876988,-0.246988,-1.11455
-0.346939,372.467,7.49367e-005,-0.74607,0.870551,-0.508508,-0.670505
-0.346939,372.467,7.51899e-005,-0.562144,0.860903,-0.76219,-0.22972
-0.346939,372.467,7.5443e-005,-0.376,0.848154,-1.00718,0.206181
-0.346939,372.467,7.56962e-005,-0.188372,0.832424,-1.24271,0.635626
-0.346939,372.467,7.59494e-005,-2.20429e-015,0.813841,-1.46805,1.05711
-0.346939,372.467,7.62025e-005,0.188372,0.792542,-1.68258,1.46918
-0.346939,372.467,7.64557e-005,0.376,0.768673,-1.88572,1.87047
-0.346939,372.467,7.67089e-005,0.562144,0.742381,-2.07699,2.25967
-0.346939,372.467,7.6962e-005,0.74607,0.713825,-2.25598,2.63556
-0.346939,372.467,7.72152e-005,0.927051,0.683162,-2.42233,2.99699
-0.346939,372.467,7.74684e-005,1.10437,0.650558,-2.57577,3.34289
-0.346939,372.467,7.77215e-005,1.27734,0.616177,-2.71611,3.67229
-0.346939,372.467,7.79747e-005,1.44526,0.580187,-2.8432,3.98428
-0.346939,372.467,7.82278e-005,1.60748,0.542756,-2.95698,4.27804
-0.346939,372.467,7.8481e-005,1.76336,0.504055,-3.05744,4.55285
-0.346939,372.467,7.87342e-005,1.91227,0.464249,-3.14464,4.80807
-0.346939,372.467,7.89873e-005,2.05364,0.423506,-3.21868,5.04313
-0.346939,372.467,7.92405e-005,2.18691,0.381991,-3.27974,5.25757
-0.346939,372.467,7.94937e-005,2.31154,0.339864,-3.32802,5.45098
-0.346939,372.467,7.97468e-005,2.42705,0.297284,-3.36379,5.62306
-0.346939,372.467,8e-005,2.53298,0.254406,-3.38736,5.77359
-0.346939,372.467,8.02532e-005,2.62892,0.21138,-3.39907,5.9024
-0.346939,372.467,8.05063e-005,2.71448,0.168351,-3.3993,6.00943
-0.346939,372.467,8.07595e-005,2.78933,0.125459,-3.38845,6.09467
-0.346939,372.467,8.10127e-005,2.85317,0.0828393,-3.36696,6.15819
-0.346939,372.467,8.12658e-005,2.90575,0.0406205,-3.33528,6.20014
-0.346939,372.467,8.1519e-005,2.94686,-0.00107435,-3.2939,6.2207
-0.346939,372.467,8.17722e-005,2.97634,-0.0421286,-3.24329,6.22016
-0.346939,372.467,8.20253e-005,2.99408,-0.0824318,-3.18395,6.19883
-0.346939,372.467,8.22785e-005,3,-0.12188,-3.1164,6.15709
-0.346939,372.467,8.25316e-005,2.99408,-0.160375,-3.04113,6.09538
-0.346939,372.467,8.27848e-005,2.97634,-0.197827,-2.95866,6.01418
-0.346939,372.467,8.3038e-005,2.94686,-0.234149,-2.86949,5.91401
-0.346939,372.467,8.32911e-005,2.90575,-0.269265,-2.77411,5.79546
-0.346939,372.467,8.35443e-005,2.85317,-0.3031,-2.67302,5.65912
-0.346939,372.467,8.37975e-005,2.78933,-0.33559,-2.56669,5.50565
-0.346939,372.467,8.40506e-005,2.71448,-0.366673,-2.45558,5.33573
-0.346939,372.467,8.43038e-005,2.62892,-0.396295,-2.34014,5.15007
-0.346939,372.467,8.4557e-005,2.53298,-0.424407,-2.2208,4.94942
-0.346939,372.467,8.48101e-005,2.42705,-0.450963,-2.09796,4.73453
-0.346939,372.467,8.50633e-005,2.31154,-0.475926,-1.97203,4.50619
-0.346939,372.467,8.53165e-005,2.18691,-0.499259,-1.84336,4.26522
-0.346939,372.467,8.55696e-005,2.05364,-0.520934,-1.71232,4.01243
-0.346939,372.467,8.58228e-005,1.91227,-0.540924,-1.57922,3.74866
-0.346939,372.467,8.60759e-005,1.76336,-0.559208,-1.44438,3.47478
-0.346939,372.467,8.63291e-005,1.60748,-0.575766,-1.30809,3.19164
-0.346939,372.467,8.65823e-005,1.44526,-0.590584,-1.17061,2.90011
-0.346939,372.467,8.68354e-005,1.27734,-0.603649,-1.03219,2.60108
-0.346939,372.467,8.70886e-005,1.10437,-0.614954,-0.893056,2.29543
-0.346939,372.467,8.73418e-005,0.927051,-0.624491,-0.753429,1.98407
-0.346939,372.467,8.75949e-005,0.74607,-0.632257,-0.613504,1.66787
-0.346939,372.467,8.78481e-005,0.562144,-0.63825,-0.473466,1.34774
-0.346939,372.467,8.81013e-005,0.376,-0.642471,-0.333487,1.02457
-0.346939,372.467,8.83544e-005,0.188372,-0.644924,-0.19373,0.699271
-0.346939,372.467,8.86076e-005,2.57167e-015,-0.645612,-0.0543469,0.372727
-0.346939,372.467,8.88608e-005,-0.188372,-0.644542,0.0845131,0.045835
-0.346939,372.467,8.91139e-005,-0.376,-0.641723,0.222707,-0.280515
-0.346939,372.467,8.93671e-005,-0.562144,-0.637165,0.360094,-0.605438
-0.346939,372.467,8.96203e-005,-0.74607,-0.630879,0.496533,-0.928053
-0.346939,372.467,8.98734e-005,-0.927051,-0.622881,0.631882,-1.24749
-0.346939,372.467,9.01266e-005,-1.10437,-0.613185,0.765993,-1.56287
-0.346939,372.467,9.03797e-005,-1.27734,-0.601809,0.898715,-1.87334
-0.346939,372.467,9.06329e-005,-1.44526,-0.588772,1.02989,-2.17805
-0.346939,372.467,9.08861e-005,-1.60748,-0.574097,1.15935,-2.47617
-0.346939,372.467,9.11392e-005,-1.76336,-0.557807,1.28691,-2.76685
-0.346939,372.467,9.13924e-005,-1.91227,-0.539928,1.41238,-3.04928
-0.346939,372.467,9.16456e-005,-2.05364,-0.520491,1.53557,-3.32266
-0.346939,372.467,9.18987e-005,-2.18691,-0.499526,1.65625,-3.5862
-0.346939,372.467,9.21519e-005,-2.31154,-0.477068,1.77419,-3.83913
-0.346939,372.467,9.24051e-005,-2.42705,-0.453154,1.88915,-4.08068
-0.346939,372.467,9.26582e-005,-2.53298,-0.427827,2.00085,-4.31013
-0.346939,372.467,9.29114e-005,-2.62892,-0.40113,2.10903,-4.52675
-0.346939,372.467,9.31646e-005,-2.71448,-0.373113,2.2134,-4.72985
-0.346939,372.467,9.34177e-005,-2.78933,-0.343826,2.31364,-4.91877
-0.346939,372.467,9.36709e-005,-2.85317,-0.313327,2.40943,-5.09286
-0.346939,372.467,9.39241e-005,-2.90575,-0.281676,2.50044,-5.25151
-0.346939,372.467,9.41772e-005,-2.94686,-0.248938,2.58632,-5.39413
-0.346939,372.467,9.44304e-005,-2.97634,-0.215182,2.66672,-5.52017
-0.346939,372.467,9.46835e-005,-2.99408,-0.180482,2.74127,-5.62912
-0.346939,372.467,9.49367e-005,-3,-0.144918,2.80961,-5.72051
-0.346939,372.467,9.51899e-005,-2.99408,-0.108571,2.87135,-5.79388
-0.346939,372.467,9.5443e-005,-2.97634,-0.0715321,2.92611,-5.84886
-0.346939,372.467,9.56962e-005,-2.94686,-0.0338925,2.97353,-5.88508
-0.346939,372.467,9.59494e-005,-2.90575,0.00424953,3.01322,-5.90224
-0.346939,372.467,9.62025e-005,-2.85317,0.0427915,3.04482,-5.90008
-0.346939,372.467,9.64557e-005,-2.78933,0.0816265,3.06796,-5.87842
-0.346939,372.467,9.67089e-005,-2.71448,0.120643,3.08231,-5.83709
-0.346939,372.467,9.6962e-005,-2.62892,0.159726,3.08752,-5.776
-0.346939,372.467,9.72152e-005,-2.53298,0.198755,3.08329,-5.69513
-0.346939,372.467,9.74684e-005,-2.42705,0.237607,3.06932,-5.59449
-0.346939,372.467,9.77215e-005,-2.31154,0.276156,3.04535,-5.47419
-0.346939,372.467,9.79747e-005,-2.18691,0.314271,3.01113,-5.33436
-0.346939,372.467,9.82278e-005,-2.05364,0.351821,2.96645,-5.17524
-0.346939,372.467,9.8481e-005,-1.91227,0.388671,2.91114,-4.9971
-0.346939,372.467,9.87342e-005,-1.76336,0.424685,2.84507,-4.8003
-0.346939,372.467,9.89873e-005,-1.60748,0.459724,2.76814,-4.58527
-0.346939,372.467,9.92405e-005,-1.44526,0.493652,2.68029,-4.3525
-0.346939,372.467,9.94937e-005,-1.27734,0.526329,2.58151,-4.10255
-0.346939,372.467,9.97468e-005,-1.10437,0.557619,2.47185,-3.83606
-0.346939,372.467,0.0001,-0.927051,0.587383,2.35139,-3.55372
-0.346939,372.467,0.000100253,-0.74607,0.615488,2.22026,-3.25631
-0.346939,372.467,0.000100506,-0.562144,0.6418,2.07868,-2.94467
-0.346939,372.467,0.000100759,-0.376,0.666191,1.92687,-2.61971
-0.346939,372.467,0.000101013,-0.188372,0.688534,1.76514,-2.28239
-0.346939,372.467,0.000101266,-2.93906e-015,0.70871,1.59386,-1.93377
-0.346939,372.467,0.000101519,0.188372,0.726601,1.41343,-1.57493
-0.346939,372.467,0.000101772,0.376,0.742099,1.22433,-1.20703
-0.346939,372.467,0.000102025,0.562144,0.7551,1.02707,-0.831284
-0.346939,372.467,0.000102278,0.74607,0.765508,0.822253,-0.448955
-0.346939,372.467,0.000102532,0.927051,0.773236,0.610497,-0.0613554
-0.346939,372.467,0.000102785,1.10437,0.778204,0.392493,0.330157
-0.346939,372.467,0.000103038,1.27734,0.780343,0.168977,0.724184
-0.346939,372.467,0.000103291,1.44526,0.779593,-0.0592664,1.11929
-0.346939,372.467,0.000103544,1.60748,0.775904,-0.291407,1.51403
-0.346939,372.467,0.000103797,1.76336,0.769239,-0.526574,1.90689
-0.346939,372.467,0.000104051,1.91227,0.75957,-0.763855,2.29638
-0.346939,372.467,0.000104304,2.05364,0.746882,-1.00231,2.68097
-0.346939,372.467,0.000104557,2.18691,0.731174,-1.24095,3.05914
-0.346939,372.467,0.00010481,2.31154,0.712456,-1.47877,3.42935
-0.346939,372.467,0.000105063,2.42705,0.69075,-1.71476,3.79009
-0.346939,372.467,0.000105316,2.53298,0.666094,-1.94786,4.13984
-0.346939,372.467,0.00010557,2.62892,0.638536,-2.17701,4.4771
-0.346939,372.467,0.000105823,2.71448,0.608142,-2.40115,4.80041
-0.346939,372.467,0.000106076,2.78933,0.574987,-2.61922,5.10833
-0.346939,372.467,0.000106329,2.85317,0.539163,-2.83015,5.39946
-0.346939,372.467,0.000106582,2.90575,0.500772,-3.03287,5.67245
-0.346939,372.467,0.000106835,2.94686,0.459932,-3.22636,5.92601
-0.346939,372.467,0.000107089,2.97634,0.416772,-3.4096,6.15889
-0.346939,372.467,0.000107342,2.99408,0.371436,-3.58158,6.36991
-0.346939,372.467,0.000107595,3,0.324077,-3.74135,6.55798
-0.346939,372.467,0.000107848,2.99408,0.274862,-3.88798,6.72207
-0.346939,372.467,0.000108101,2.97634,0.223969,-4.02059,6.86124
-0.346939,372.467,0.000108354,2.94686,0.171585,-4.13835,6.97464
-0.346939,372.467,0.000108608,2.90575,0.117908,-4.24048,7.06152
-0.346939,372.467,0.000108861,2.85317,0.0631449,-4.32626,7.12122
-0.346939,372.467,0.000109114,2.78933,0.00751154,-4.39504,7.15319
-0.346939,372.467,0.000109367,2.71448,-0.0487698,-4.44622,7.157
-0.346939,372.467,0.00010962,2.62892,-0.10547,-4.47931,7.1323
-0.346939,372.467,0.000109873,2.53298,-0.162354,-4.49385,7.0789
-0.346939,372.467,0.000110127,2.42705,-0.219183,-4.48949,6.9967
-0.346939,372.467,0.00011038,2.31154,-0.275714,-4.46597,6.88572
-0.346939,372.467,0.000110633,2.18691,-0.331703,-4.4231,6.74611
-0.346939,372.467,0.000110886,2.05364,-0.386903,-4.36077,6.57816
-0.346939,372.467,0.000111139,1.91227,-0.441067,-4.27899,6.38226
-0.346939,372.467,0.000111392,1.76336,-0.493951,-4.17784,6.15894
-0.346939,372.467,0.000111646,1.60748,-0.545312,-4.05751,5.90884
-0.346939,372.467,0.000111899,1.44526,-0.59491,-3.91826,5.63273
-0.346939,372.467,0.000112152,1.27734,-0.642511,-3.76048,5.33151
-0.346939,372.467,0.000112405,1.10437,-0.687886,-3.58462,5.00619
-0.346939,372.467,0.000112658,0.927051,-0.730813,-3.39125,4.65789
-0.346939,372.467,0.000112911,0.74607,-0.771079,-3.18101,4.28786
-0.346939,372.467,0.000113165,0.562144,-0.80848,-2.95463,3.89744
-0.346939,372.467,0.000113418,0.376,-0.842821,-2.71296,3.48808
-0.346939,372.467,0.000113671,0.188372,-0.873921,-2.45689,3.06134
-0.346939,372.467,0.000113924,3.30644e-015,-0.90161,-2.18742,2.61885
-0.346939,372.467,0.000114177,-0.188372,-0.925731,-1.90561,2.16233
-0.346939,372.467,0.00011443,-0.376,-0.946144,-1.6126,1.69361
-0.346939,372.467,0.000114684,-0.562144,-0.962721,-1.30961,1.21455
-0.346939,372.467,0.000114937,-0.74607,-0.975353,-0.997897,0.727095
-0.346939,372.467,0.00011519,-0.927051,-0.983945,-0.678793,0.233246
-0.346939,372.467,0.000115443,-1.10437,-0.988422,-0.353674,-0.264955
-0.346939,372.467,0.000115696,-1.27734,-0.988725,-0.0239612,-0.765421
-0.346939,372.467,0.000115949,-1.44526,-0.984815,0.308886,-1.26604
-0.346939,372.467,0.000116203,-1.60748,-0.976671,0.643377,-1.76468
-0.346939,372.467,0.000116456,-1.76336,-0.964292,0.977998,-2.2592
-0.346939,372.467,0.000116709,-1.91227,-0.947694,1.31122,-2.74745
-0.346939,372.467,0.000116962,-2.05364,-0.926915,1.6415,-3.22729
-0.346939,372.467,0.000117215,-2.18691,-0.902013,1.9673,-3.69662
-0.346939,372.467,0.000117468,-2.31154,-0.873062,2.28709,-4.15333
-0.346939,372.467,0.000117722,-2.42705,-0.840159,2.59934,-4.59539
-0.346939,372.467,0.000117975,-2.53298,-0.803418,2.90257,-5.02079
-0.346939,372.467,0.000118228,-2.62892,-0.762971,3.19529,-5.42758
-0.346939,372.467,0.000118481,-2.71448,-0.71897,3.47607,-5.8139
-0.346939,372.467,0.000118734,-2.78933,-0.671584,3.74354,-6.17793
-0.346939,372.467,0.000118987,-2.85317,-0.620997,3.99635,-6.51797
-0.346939,372.467,0.000119241,-2.90575,-0.567412,4.23322,-6.8324
-0.346939,372.467,0.000119494,-2.94686,-0.511046,4.45295,-7.1197
-0.346939,372.467,0.000119747,-2.97634,-0.452129,4.6544,-7.37846
-0.346939,372.467,0.00012,-2.99408,-0.390908,4.83651,-7.60738
-0.346939,372.467,0.000120253,-3,-0.327638,4.99829,-7.80531
-0.346939,372.467,0.000120506,-2.99408,-0.262589,5.13887,-7.9712
-0.346939,372.467,0.000120759,-2.97634,-0.196039,5.25745,-8.10416
-0.346939,372.467,0.000121013,-2.94686,-0.128275,5.35334,-8.20342
-0.346939,372.467,0.000121266,-2.90575,-0.0595924,5.42595,-8.26837
-0.346939,372.467,0.000121519,-2.85317,0.00970878,5.47479,-8.29854
-0.346939,372.467,0.000121772,-2.78933,0.0793228,5.49951,-8.29363
-0.346939,372.467,0.000122025,-2.71448,0.148941,5.49982,-8.25346
-0.346939,372.467,0.000122278,-2.62892,0.218252,5.4756,-8.17805
-0.346939,372.467,0.000122532,-2.53298,0.286946,5.42682,-8.06754
-0.346939,372.467,0.000122785,-2.42705,0.354713,5.35355,-7.92225
-0.346939,372.467,0.000123038,-2.31154,0.421244,5.256,-7.74265
-0.346939,372.467,0.000123291,-2.18691,0.486238,5.1345,-7.52937
-0.346939,372.467,0.000123544,-2.05364,0.549396,4.98949,-7.28317
-0.346939,372.467,0.000123797,-1.91227,0.610428,4.8215,-7.00499
-0.346939,372.467,0.000124051,-1.76336,0.669051,4.63121,-6.69592
-0.346939,372.467,0.000124304,-1.60748,0.724992,4.41939,-6.35716
-0.346939,372.467,0.000124557,-1.44526,0.777991,4.1869,-5.99007
-0.346939,372.467,0.00012481,-1.27734,0.827798,3.93474,-5.59615
-0.346939,372.467,0.000125063,-1.10437,0.874177,3.66398,-5.17701
-0.346939,372.467,0.000125316,-0.927051,0.916909,3.37579,-4.73439
-0.346939,372.467,0.00012557,-0.74607,0.955787,3.07141,-4.27014
-0.346939,372.467,0.000125823,-0.562144,0.990625,2.7522,-3.78619
-0.346939,372.467,0.000126076,-0.376,1.02125,2.41957,-3.28461
-0.346939,372.467,0.000126329,-0.188372,1.04752,2.07499,-2.76752
-0.346939,372.467,0.000126582,6.98432e-015,1.06929,1.72,-2.23713
-0.346939,372.467,0.000126835,0.188372,1.08646,1.35621,-1.69572
-0.346939,372.467,0.000127089,0.376,1.09893,0.985259,-1.14561
-0.346939,372.467,0.000127342,0.562144,1.10664,0.608827,-0.589192
-0.346939,372.467,0.000127595,0.74607,1.10953,0.228626,-0.0288702
-0.346939,372.467,0.000127848,0.927051,1.10759,-0.153609,0.532917
-0.346939,372.467,0.000128101,1.10437,1.1008,-0.536129,1.09372
-0.346939,372.467,0.000128354,1.27734,1.08919,-0.917182,1.65109
-0.346939,372.467,0.000128608,1.44526,1.0728,-1.29502,2.20258
-0.346939,372.467,0.000128861,1.60748,1.05168,-1.66789,2.74576
-0.346939,372.467,0.000129114,1.76336,1.02594,-2.03409,3.27826
-0.346939,372.467,0.000129367,1.91227,0.995659,-2.39193,3.79772
-0.346939,372.467,0.00012962,2.05364,0.960979,-2.73974,4.30185
-0.346939,372.467,0.000129873,2.18691,0.922043,-3.07593,4.78843
-0.346939,372.467,0.000130127,2.31154,0.879018,-3.39893,5.25528
-0.346939,372.467,0.00013038,2.42705,0.832091,-3.70725,5.70036
-0.346939,372.467,0.000130633,2.53298,0.781465,-3.99946,6.12167
-0.346939,372.467,0.000130886,2.62892,0.727361,-4.27421,6.51735
-0.346939,372.467,0.000131139,2.71448,0.670016,-4.53023,6.88563
-0.346939,372.467,0.000131392,2.78933,0.609683,-4.76632,7.22488
-0.346939,372.467,0.000131646,2.85317,0.546628,-4.98139,7.53358
-0.346939,372.467,0.000131899,2.90575,0.481128,-5.17446,7.81035
-0.346939,372.467,0.000132152,2.94686,0.413475,-5.34462,8.05396
-0.346939,372.467,0.000132405,2.97634,0.343967,-5.49109,8.26332
-0.346939,372.467,0.000132658,2.99408,0.272914,-5.6132,8.43748
-0.346939,372.467,0.000132911,3,0.200631,-5.71039,8.57566
-0.346939,372.467,0.000133165,2.99408,0.127438,-5.78221,8.67725
-0.346939,372.467,0.000133418,2.97634,0.0536616,-5.82834,8.74177
-0.346939,372.467,0.000133671,2.94686,-0.0203709,-5.84857,8.76894
-0.346939,372.467,0.000133924,2.90575,-0.0943307,-5.84282,8.75863
-0.346939,372.467,0.000134177,2.85317,-0.167889,-5.81113,8.71087
-0.346939,372.467,0.00013443,2.78933,-0.24072,-5.75365,8.62586
-0.346939,372.467,0.000134684,2.71448,-0.312501,-5.67066,8.50397
-0.346939,372.467,0.000134937,2.62892,-0.382913,-5.56255,8.34575
-0.346939,372.467,0.00013519,2.53298,-0.451645,-5.42985,8.15187
-0.346939,372.467,0.000135443,2.42705,-0.518394,-5.27317,7.92319
-0.346939,372.467,0.000135696,2.31154,-0.582866,-5.09325,7.66071
-0.346939,372.467,0.000135949,2.18691,-0.644776,-4.89094,7.36559
-0.346939,372.467,0.000136203,2.05364,-0.703854,-4.66717,7.03912
-0.346939,372.467,0.000136456,1.91227,-0.759842,-4.42299,6.68274
-0.346939,372.467,0.000136709,1.76336,-0.812494,-4.15954,6.29801
-0.346939,372.467,0.000136962,1.60748,-0.861583,-3.87803,5.88662
-0.346939,372.467,0.000137215,1.44526,-0.906896,-3.57977,5.45037
-0.346939,372.467,0.000137468,1.27734,-0.94824,-3.26614,4.99118
-0.346939,372.467,0.000137722,1.10437,-0.985437,-2.93857,4.51106
-0.346939,372.467,0.000137975,0.927051,-1.01833,-2.59857,4.01211
-0.346939,372.467,0.000138228,0.74607,-1.04678,-2.24771,3.4965
-0.346939,372.467,0.000138481,0.562144,-1.07068,-1.88757,2.96648
-0.346939,372.467,0.000138734,0.376,-1.08991,-1.5198,2.42437
-0.346939,372.467,0.000138987,0.188372,-1.10442,-1.14608,1.87251
-0.346939,372.467,0.000139241,1.46993e-014,-1.11414,-0.768089,1.31331
-0.346939,372.467,0.000139494,-0.188372,-1.11905,-0.387538,0.749186
-0.346939,372.467,0.000139747,-0.376,-1.11913,-0.00613696,0.182579
-0.346939,372.467,0.00014,-0.562144,-1.11439,0.374404,-0.384067
-0.346939,372.467,0.000140253,-0.74607,-1.10486,0.752385,-0.948314
-0.346939,372.467,0.000140506,-0.927051,-1.09061,1.12613,-1.50774
-0.346939,372.467,0.000140759,-1.10437,-1.0717,1.49397,-2.05995
-0.346939,372.467,0.000141013,-1.27734,-1.04823,1.85431,-2.60258
-0.346939,372.467,0.000141266,-1.44526,-1.02031,2.20554,-3.13332
-0.346939,372.467,0.000141519,-1.60748,-0.988078,2.54615,-3.64994
-0.346939,372.467,0.000141772,-1.76336,-0.95169,2.87466,-4.15023
-0.346939,372.467,0.000142025,-1.91227,-0.911314,3.18965,-4.6321
-0.346939,372.467,0.000142278,-2.05364,-0.86714,3.48977,-5.09352
-0.346939,372.467,0.000142532,-2.18691,-0.819371,3.77376,-5.53258
-0.346939,372.467,0.000142785,-2.31154,-0.768226,4.04041,-5.94745
-0.346939,372.467,0.000143038,-2.42705,-0.71394,4.28863,-6.33643
-0.346939,372.467,0.000143291,-2.53298,-0.656758,4.51738,-6.69792
-0.346939,372.467,0.000143544,-2.62892,-0.596938,4.72575,-7.03045
-0.346939,372.467,0.000143797,-2.71448,-0.53475,4.91291,-7.3327
-0.346939,372.467,0.000144051,-2.78933,-0.47047,5.07812,-7.60346
-0.346939,372.467,0.000144304,-2.85317,-0.404384,5.22076,-7.84167
-0.346939,372.467,0.000144557,-2.90575,-0.336785,5.3403,-8.04642
-0.346939,372.467,0.00014481,-2.94686,-0.267971,5.43635,-8.21695
-0.346939,372.467,0.000145063,-2.97634,-0.198242,5.50857,-8.35263
-0.346939,372.467,0.000145316,-2.99408,-0.127903,5.55679,-8.453
-0.346939,372.467,0.00014557,-3,-0.0572586,5.58091,-8.51776
-0.346939,372.467,0.000145823,-2.99408,0.0133863,5.58094,-8.54676
-0.346939,372.467,0.000146076,-2.97634,0.0837284,5.55703,-8.53998
-0.346939,372.467,0.000146329,-2.94686,0.153467,5.50939,-8.49758
-0.346939,372.467,0.000146582,-2.90575,0.222308,5.43837,-8.41988
-0.346939,372.467,0.000146835,-2.85317,0.289958,5.3444,-8.30732
-0.346939,372.467,0.000147089,-2.78933,0.356136,5.22803,-8.1605
-0.346939,372.467,0.000147342,-2.71448,0.420565,5.08989,-7.98018
-0.346939,372.467,0.000147595,-2.62892,0.482979,4.9307,-7.76724
-0.346939,372.467,0.000147848,-2.53298,0.543121,4.75128,-7.52269
-0.346939,372.467,0.000148101,-2.42705,0.600748,4.55252,-7.24769
-0.346939,372.467,0.000148354,-2.31154,0.655627,4.33541,-6.94352
-0.346939,372.467,0.000148608,-2.18691,0.707538,4.10098,-6.61155
-0.346939,372.467,0.000148861,-2.05364,0.756277,3.85037,-6.25331
-0.346939,372.467,0.000149114,-1.91227,0.801654,3.58476,-5.87038
-0.346939,372.467,0.000149367,-1.76336,0.843494,3.30537,-5.46448
-0.346939,372.467,0.00014962,-1.60748,0.881639,3.01351,-5.0374
-0.346939,372.467,0.000149873,-1.44526,0.915949,2.7105,-4.591
-0.346939,372.467,0.000150127,-1.27734,0.9463,2.39771,-4.12722
-0.346939,372.467,0.00015038,-1.10437,0.972586,2.07655,-3.64809
-0.346939,372.467,0.000150633,-0.927051,0.994718,1.74845,-3.15564
-0.346939,372.467,0.000150886,-0.74607,1.01263,1.41485,-2.65198
-0.346939,372.467,0.000151139,-0.562144,1.02626,1.07721,-2.13926
-0.346939,372.467,0.000151392,-0.376,1.03559,0.736997,-1.61963
-0.346939,372.467,0.000151646,-0.188372,1.0406,0.395669,-1.09528
-0.346939,372.467,0.000151899,-4.40858e-015,1.04129,0.0546818,-0.568396
-0.346939,372.467,0.00139266,0.188372,0.950107,0.445322,-0.723207
-0.346939,372.467,0.00139291,0.376,0.951994,0.149101,-0.242141
-0.346939,372.467,0.00139316,0.562144,0.950124,-0.147709,0.239881
-0.346939,372.467,0.00139342,0.74607,0.944505,-0.443936,0.720957
-0.346939,372.467,0.00139367,0.927051,0.935158,-0.738411,1.19919
-0.346939,372.467,0.00139392,1.10437,0.92212,-1.02997,1.67268
-0.346939,372.467,0.00139418,1.27734,0.905443,-1.31747,2.13958
-0.346939,372.467,0.00139443,1.44526,0.885193,-1.59976,2.59803
-0.346939,372.467,0.00139468,1.60748,0.86145,-1.87575,3.04623
-0.346939,372.467,0.00139494,1.76336,0.834306,-2.14433,3.48241
-0.346939,372.467,0.00139519,1.91227,0.80387,-2.40444,3.90484
-0.346939,372.467,0.00139544,2.05364,0.770262,-2.65507,4.31187
-0.346939,372.467,0.0013957,2.18691,0.733613,-2.89522,4.70187
-0.346939,372.467,0.00139595,2.31154,0.69407,-3.12395,5.07332
-0.346939,372.467,0.0013962,2.42705,0.651787,-3.34034,5.42475
-0.346939,372.467,0.00139646,2.53298,0.606932,-3.54355,5.75477
-0.346939,372.467,0.00139671,2.62892,0.559681,-3.73278,6.06208
-0.346939,372.467,0.00139696,2.71448,0.510222,-3.90728,6.34546
-0.346939,372.467,0.00139722,2.78933,0.458749,-4.06635,6.6038
-0.346939,372.467,0.00139747,2.85317,0.405466,-4.20938,6.83608
-0.346939,372.467,0.00139772,2.90575,0.350583,-4.33579,7.04138
-0.346939,372.467,0.00139797,2.94686,0.294316,-4.4451,7.21889
-0.346939,372.467,0.00139823,2.97634,0.236887,-4.53686,7.36791
-0.346939,372.467,0.00139848,2.99408,0.178524,-4.61071,7.48785
-0.346939,372.467,0.00139873,3,0.119456,-4.66637,7.57824
-0.346939,372.467,0.00139899,2.99408,0.0599162,-4.70362,7.63873
-0.346939,372.467,0.00139924,2.97634,0.000140235,-4.7223,7.66906
-0.346939,372.467,0.00139949,2.94686,-0.0596362,-4.72234,7.66913
-0.346939,372.467,0.00139975,2.90575,-0.119177,-4.70375,7.63894
-0.346939,372.467,0.0014,2.85317,-0.178248,-4.66659,7.5786
-0.346939,372.467,0.00140025,2.78933,-0.236615,-4.61102,7.48834
-0.346939,372.467,0.00140051,2.71448,-0.294049,-4.53725,7.36854
-0.346939,372.467,0.00140076,2.62892,-0.350322,-4.44557,7.21965
-0.346939,372.467,0.00140101,2.53298,-0.405212,-4.33635,7.04227
-0.346939,372.467,0.00140127,2.42705,-0.458504,-4.21001,6.8371
-0.346939,372.467,0.00140152,2.31154,-0.509985,-4.06706,6.60495
-0.346939,372.467,0.00140177,2.18691,-0.559455,-3.90806,6.34673
-0.346939,372.467,0.00140203,2.05364,-0.606716,-3.73363,6.06346
-0.346939,372.467,0.00140228,1.91227,-0.651582,-3.54447,5.75626
-0.346939,372.467,0.00140253,1.76336,-0.693878,-3.34132,5.42635
-0.346939,372.467,0.00140278,1.60748,-0.733435,-3.12499,5.07502
-0.346939,372.467,0.00140304,1.44526,-0.770097,-2.89632,4.70366
-0.346939,372.467,0.00140329,1.27734,-0.80372,-2.65622,4.31374
-0.346939,372.467,0.00140354,1.10437,-0.834171,-2.40564,3.90679
-0.346939,372.467,0.0014038,0.927051,-0.86133,-2.14557,3.48442
-0.346939,372.467,0.00140405,0.74607,-0.88509,-1.87702,3.04831
-0.346939,372.467,0.0014043,0.562144,-0.905357,-1.60107,2.60016
-0.346939,372.467,0.00140456,0.376,-0.92205,-1.3188,2.14175
-0.346939,372.467,0.00140481,0.188372,-0.935105,-1.03133,1.67489
-0.346939,372.467,0.00140506,8.80497e-015,-0.94447,-0.739786,1.20142
-0.346939,372.467,0.00140532,-0.188372,-0.950107,-0.445322,0.723207
-0.346939,372.467,0.00140557,-0.376,-0.951994,-0.149101,0.242141
-0.346939,372.467,0.00140582,-0.562144,-0.950124,0.147709,-0.239881
-0.346939,372.467,0.00140608,-0.74607,-0.944505,0.443936,-0.720957
-0.346939,372.467,0.00140633,-0.927051,-0.935158,0.738411,-1.19919
-0.346939,372.467,0.00140658,-1.10437,-0.92212,1.02997,-1.67268
-0.346939,372.467,0.00140684,-1.27734,-0.905443,1.31747,-2.13958
-0.346939,372.467,0.00140709,-1.44526,-0.885193,1.59976,-2.59803
-0.346939,372.467,0.00140734,-1.60748,-0.86145,1.87575,-3.04623
-0.346939,372.467,0.00140759,-1.76336,-0.834306,2.14433,-3.48241
-0.346939,372.467,0.00140785,-1.91227,-0.80387,2.40444,-3.90484
-0.346939,372.467,0.0014081,-2.05364,-0.770262,2.65507,-4.31187
-0.346939,372.467,0.00140835,-2.18691,-0.733613,2.89522,-4.70187
-0.346939,372.467,0.00140861,-2.31154,-0.69407,3.12395,-5.07332
-0.346939,372.467,0.00140886,-2.42705,-0.651787,3.34034,-5.42475
-0.346939,372.467,0.00140911,-2.53298,-0.606932,3.54355,-5.75477
-0.346939,372.467,0.00140937,-2.62892,-0.559681,3.73278,-6.06208
-0.346939,372.467,0.00140962,-2.71448,-0.510222,3.90728,-6.34546
-0.346939,372.467,0.00140987,-2.78933,-0.458749,4.06635,-6.6038
-0.346939,372.467,0.00141013,-2.85317,-0.405466,4.20938,-6.83608
-0.346939,372.467,0.00141038,-2.90575,-0.350583,4.33579,-7.04138
-0.346939,372.467,0.00141063,-2.94686,-0.294316,4.4451,-7.21889
-0.346939,372.467,0.00141089,-2.97634,-0.236887,4.53686,-7.36791
-0.346939,372.467,0.00141114,-2.99408,-0.178524,4.61071,-7.48785
-0.346939,372.467,0.00141139,-3,-0.119456,4.66637,-7.57824
-0.346939,372.467,0.00141165,-2.99408,-0.0599161,4.70362,-7.63873
-0.346939,372.467,0.0014119,-2.97634,-0.000140225,4.7223,-7.66906
-0.346939,372.467,0.00141215,-2.94686,0.0596362,4.72234,-7.66913
-0.346939,372.467,0.00141241,-2.90575,0.119177,4.70375,-7.63894
-0.346939,372.467,0.00141266,-2.85317,0.178248,4.66659,-7.5786
-0.346939,372.467,0.00141291,-2.78933,0.236615,4.61102,-7.48834
-0.346939,372.467,0.00141316,-2.71448,0.294049,4.53725,-7.36854
-0.346939,372.467,0.00141342,-2.62892,0.350322,4.44557,-7.21965
-0.346939,372.467,0.00141367,-2.53298,0.405212,4.33635,-7.04227
-0.346939,372.467,0.00141392,-2.42705,0.458504,4.21001,-6.8371
-0.346939,372.467,0.00141418,-2.31154,0.509985,4.06706,-6.60495
-0.346939,372.467,0.00141443,-2.18691,0.559455,3.90806,-6.34673
-0.346939,372.467,0.00141468,-2.05364,0.606716,3.73363,-6.06346
-0.346939,372.467,0.00141494,-1.91227,0.651582,3.54447,-5.75626
-0.346939,372.467,0.00141519,-1.76336,0.693878,3.34132,-5.42635
-0.346939,372.467,0.00141544,-1.60748,0.733435,3.12499,-5.07502
-0.346939,372.467,0.0014157,-1.44526,0.770097,2.89632,-4.70366
-0.346939,372.467,0.00141595,-1.27734,0.80372,2.65622,-4.31374
-0.346939,372.467,0.0014162,-1.10437,0.834171,2.40564,-3.90679
-0.346939,372.467,0.00141646,-0.927051,0.86133,2.14557,-3.48442
-0.346939,372.467,0.00141671,-0.74607,0.88509,1.87702,-3.04831
-0.346939,372.467,0.00141696,-0.562144,0.905357,1.60107,-2.60016
-0.346939,372.467,0.00141722,-0.376,0.92205,1.3188,-2.14175
-0.346939,372.467,0.00141747,-0.188372,0.935105,1.03133,-1.67489
-0.346939,372.467,0.00141772,-4.11468e-014,0.94447,0.739786,-1.20142
-0.346939,372.467,0.00141797,0.188372,0.950107,0.445322,-0.723207
-0.346939,372.467,0.00141823,0.376,0.951994,0.1491,-0.242141
-0.346939,372.467,0.00141848,0.562144,0.950124,-0.147709,0.239882
-0.346939,372.467,0.00141873,0.74607,0.944505,-0.443936,0.720957
-0.346939,372.467,0.00141899,0.927051,0.935158,-0.738411,1.19919
-0.346939,372.467,0.00141924,1.10437,0.92212,-1.02997,1.67268
-0.346939,372.467,0.00141949,1.27734,0.905443,-1.31747,2.13958
-0.346939,372.467,0.00141975,1.44526,0.885193,-1.59976,2.59803
-0.346939,372.467,0.00142,1.60748,0.86145,-1.87575,3.04623
-0.346939,372.467,0.00142025,1.76336,0.834306,-2.14433,3.48241
-0.346939,372.467,0.00142051,1.91227,0.80387,-2.40444,3.90484
-0.346939,372.467,0.00142076,2.05364,0.770262,-2.65507,4.31187
-0.346939,372.467,0.00142101,2.18691,0.733613,-2.89522,4.70187
-0.346939,372.467,0.00142127,2.31154,0.69407,-3.12395,5.07332
-0.346939,372.467,0.00142152,2.42705,0.651787,-3.34034,5.42475
-0.346939,372.467,0.00142177,2.53298,0.606932,-3.54355,5.75477
-0.346939,372.467,0.00142203,2.62892,0.559681,-3.73278,6.06208
-0.346939,372.467,0.00142228,2.71448,0.510222,-3.90728,6.34546
-0.346939,372.467,0.00142253,2.78933,0.458749,-4.06635,6.6038
-0.346939,372.467,0.00142278,2.85317,0.405466,-4.20938,6.83608
-0.346939,372.467,0.00142304,2.90575,0.350583,-4.33579,7.04138
-0.346939,372.467,0.00142329,2.94686,0.294316,-4.4451,7.21889
-0.346939,372.467,0.00142354,2.97634,0.236887,-4.53686,7.36791
-0.346939,372.467,0.0014238,2.99408,0.178524,-4.61071,7.48785
-0.346939,372.467,0.00142405,3,0.119456,-4.66637,7.57824
-0.346939,372.467,0.0014243,2.99408,0.0599161,-4.70362,7.63873
-0.346939,372.467,0.00142456,2.97634,0.000140206,-4.7223,7.66906
-0.346939,372.467,0.00142481,2.94686,-0.0596363,-4.72234,7.66913
-0.346939,372.467,0.00142506,2.90575,-0.119177,-4.70375,7.63894
-0.346939,372.467,0.00142532,2.85317,-0.178248,-4.66659,7.5786
-0.346939,372.467,0.00142557,2.78933,-0.236615,-4.61102,7.48834
-0.346939,372.467,0.00142582,2.71448,-0.294049,-4.53725,7.36854
-0.346939,372.467,0.00142608,2.62892,-0.350322,-4.44557,7.21965
-0.346939,372.467,0.00142633,2.53298,-0.405212,-4.33635,7.04227
-0.346939,372.467,0.00142658,2.42705,-0.458504,-4.21001,6.8371
-0.346939,372.467,0.00142684,2.31154,-0.509985,-4.06706,6.60495
-0.346939,372.467,0.00142709,2.18691,-0.559455,-3.90806,6.34673
-0.346939,372.467,0.00142734,2.05364,-0.606716,-3.73363,6.06346
-0.346939,372.467,0.00142759,1.91227,-0.651582,-3.54447,5.75626
-0.346939,372.467,0.00142785,1.76336,-0.693878,-3.34132,5.42635
-0.346939,372.467,0.0014281,1.60748,-0.733435,-3.12499,5.07502
-0.346939,372.467,0.00142835,1.44526,-0.770097,-2.89632,4.70366
-0.346939,372.467,0.00142861,1.27734,-0.80372,-2.65622,4.31374
-0.346939,372.467,0.00142886,1.10437,-0.834171,-2.40564,3.90679
-0.346939,372.467,0.00142911,0.927051,-0.86133,-2.14557,3.48442
-0.346939,372.467,0.00142937,0.74607,-0.88509,-1.87702,3.04831
-0.346939,372.467,0.00142962,0.562144,-0.905357,-1.60107,2.60016
-0.346939,372.467,0.00142987,0.376,-0.92205,-1.3188,2.14175
-0.346939,372.467,0.00143013,0.188372,-0.935105,-1.03133,1.67489
-0.346939,372.467,0.00143038,-9.70417e-014,-0.94447,-0.739785,1.20142
-0.346939,372.467,0.00143063,-0.188372,-0.950107,-0.445322,0.723207
-0.346939,372.467,0.00143089,-0.376,-0.951994,-0.1491,0.242141
-0.346939,372.467,0.00143114,-0.562144,-0.950124,0.147709,-0.239882
-0.346939,372.467,0.00143139,-0.74607,-0.944505,0.443936,-0.720957
-0.346939,372.467,0.00143165,-0.927051,-0.935158,0.738411,-1.19919
-0.346939,372.467,0.0014319,-1.10437,-0.92212,1.02997,-1.67269
-0.346939,372.467,0.00143215,-1.27734,-0.905443,1.31747,-2.13958
-0.346939,372.467,0.00143241,-1.44526,-0.885193,1.59976,-2.59803
-0.346939,372.467,0.00143266,-1.60748,-0.86145,1.87575,-3.04623
-0.346939,372.467,0.00143291,-1.76336,-0.834306,2.14433,-3.48241
-0.346939,372.467,0.00143316,-1.91227,-0.80387,2.40444,-3.90484
-0.346939,372.467,0.00143342,-2.05364,-0.770262,2.65507,-4.31187
-0.346939,372.467,0.00143367,-2.18691,-0.733613,2.89522,-4.70187
-0.346939,372.467,0.00143392,-2.31154,-0.69407,3.12395,-5.07332
-0.346939,372.467,0.00143418,-2.42705,-0.651787,3.34034,-5.42475
-0.346939,372.467,0.00143443,-2.53298,-0.606932,3.54355,-5.75477
-0.346939,372.467,0.00143468,-2.62892,-0.559681,3.73278,-6.06208
-0.346939,372.467,0.00143494,-2.71448,-0.510222,3.90728,-6.34546
-0.346939,372.467,0.00143519,-2.78933,-0.458749,4.06635,-6.6038
-0.346939,372.467,0.00143544,-2.85317,-0.405466,4.20938,-6.83608
-0.346939,372.467,0.0014357,-2.90575,-0.350583,4.33579,-7.04138
-0.346939,372.467,0.00143595,-2.94686,-0.294316,4.4451,-7.21889
-0.346939,372.467,0.0014362,-2.97634,-0.236887,4.53686,-7.36791
-0.346939,372.467,0.00143646,-2.99408,-0.178524,4.61071,-7.48785
-0.346939,372.467,0.00143671,-3,-0.119456,4.66637,-7.57824
-0.346939,372.467,0.00143696,-2.99408,-0.0599161,4.70362,-7.63873
-0.346939,372.467,0.00143722,-2.97634,-0.000140193,4.7223,-7.66906
-0.346939,372.467,0.00143747,-2.94686,0.0596363,4.72234,-7.66913
-0.346939,372.467,0.00143772,-2.90575,0.119177,4.70375,-7.63894
-0.346939,372.467,0.00143797,-2.85317,0.178248,4.66659,-7.5786
-0.346939,372.467,0.00143823,-2.78933,0.236615,4.61102,-7.48834
-0.346939,372.467,0.00143848,-2.71448,0.294049,4.53725,-7.36854
-0.346939,372.467,0.00143873,-2.62892,0.350322,4.44557,-7.21965
-0.346939,372.467,0.00143899,-2.53298,0.405212,4.33635,-7.04227
-0.346939,372.467,0.00143924,-2.42705,0.458504,4.21001,-6.8371
-0.346939,372.467,0.00143949,-2.31154,0.509985,4.06706,-6.60495
-0.346939,372.467,0.00143975,-2.18691,0.559455,3.90806,-6.34673
-0.346939,372.467,0.00144,-2.05364,0.606716,3.73363,-6.06346
-0.346939,372.467,0.00144025,-1.91227,0.651582,3.54447,-5.75626
-0.346939,372.467,0.00144051,-1.76336,0.693878,3.34132,-5.42635
-0.346939,372.467,0.00144076,-1.60748,0.733435,3.12499,-5.07502
-0.346939,372.467,0.00144101,-1.44526,0.770097,2.89632,-4.70366
-0.346939,372.467,0.00144127,-1.27734,0.80372,2.65622,-4.31374
-0.346939,372.467,0.00144152,-1.10437,0.834171,2.40564,-3.90679
-0.346939,372.467,0.00144177,-0.927051,0.86133,2.14557,-3.48442
-0.346939,372.467,0.00144203,-0.74607,0.88509,1.87702,-3.04831
-0.346939,372.467,0.00144228,-0.562144,0.905357,1.60107,-2.60016
-0.346939,372.467,0.00144253,-0.376,0.92205,1.3188,-2.14175
-0.346939,372.467,0.00144278,-0.188372,0.935105,1.03133,-1.67489
-0.346939,372.467,0.00144304,6.46999e-014,0.94447,0.739785,-1.20142
-0.346939,372.467,0.00144329,0.188372,0.950107,0.445322,-0.723207
-0.346939,372.467,0.00144354,0.376,0.951994,0.1491,-0.24214
-0.346939,372.467,0.0014438,0.562144,0.950124,-0.147709,0.239882
-0.346939,372.467,0.00144405,0.74607,0.944505,-0.443936,0.720957
-0.346939,372.467,0.0014443,0.927051,0.935158,-0.738411,1.19919
-0.346939,372.467,0.00144456,1.10437,0.92212,-1.02997,1.67269
-0.346939,372.467,0.00144481,1.27734,0.905443,-1.31747,2.13958
-0.346939,372.467,0.00144506,1.44526,0.885193,-1.59976,2.59803
-0.346939,372.467,0.00144532,1.60748,0.86145,-1.87575,3.04623
-0.346939,372.467,0.00144557,1.76336,0.834306,-2.14433,3.48241
-0.346939,372.467,0.00144582,1.91227,0.80387,-2.40444,3.90484
-0.346939,372.467,0.00144608,2.05364,0.770262,-2.65507,4.31187
-0.346939,372.467,0.00144633,2.18691,0.733613,-2.89522,4.70187
-0.346939,372.467,0.00144658,2.31154,0.69407,-3.12395,5.07332
-0.346939,372.467,0.00144684,2.42705,0.651787,-3.34034,5.42475
-0.346939,372.467,0.00144709,2.53298,0.606932,-3.54355,5.75477
-0.346939,372.467,0.00144734,2.62892,0.559681,-3.73278,6.06208
-0.346939,372.467,0.00144759,2.71448,0.510222,-3.90728,6.34546
-0.346939,372.467,0.00144785,2.78933,0.458749,-4.06635,6.6038
-0.346939,372.467,0.0014481,2.85317,0.405466,-4.20938,6.83608
-0.346939,372.467,0.00144835,2.90575,0.350583,-4.33579,7.04138
-0.346939,372.467,0.00144861,2.94686,0.294316,-4.4451,7.21889
-0.346939,372.467,0.00144886,2.97634,0.236887,-4.53686,7.36791
-0.346939,372.467,0.00144911,2.99408,0.178524,-4.61071,7.48785
-0.346939,372.467,0.00144937,3,0.119456,-4.66637,7.57824
-0.346939,372.467,0.00144962,2.99408,0.0599161,-4.70362,7.63873
-0.346939,372.467,0.00144987,2.97634,0.000140192,-4.7223,7.66906
-0.346939,372.467,0.00145013,2.94686,-0.0596363,-4.72234,7.66913
-0.346939,372.467,0.00145038,2.90575,-0.119177,-4.70375,7.63894
-0.346939,372.467,0.00145063,2.85317,-0.178248,-4.66659,7.5786
-0.346939,372.467,0.00145089,2.78933,-0.236615,-4.61102,7.48834
-0.346939,372.467,0.00145114,2.71448,-0.294049,-4.53725,7.36854
-0.346939,372.467,0.00145139,2.62892,-0.350322,-4.44557,7.21965
-0.346939,372.467,0.00145165,2.53298,-0.405212,-4.33635,7.04227
-0.346939,372.467,0.0014519,2.42705,-0.458504,-4.21001,6.8371
-0.346939,372.467,0.00145215,2.31154,-0.509985,-4.06706,6.60495
-0.346939,372.467,0.00145241,2.18691,-0.559455,-3.90806,6.34673
-0.346939,372.467,0.00145266,2.05364,-0.606716,-3.73363,6.06346
-0.346939,372.467,0.00145291,1.91227,-0.651582,-3.54447,5.75626
-0.346939,372.467,0.00145316,1.76336,-0.693878,-3.34132,5.42635
-0.346939,372.467,0.00145342,1.60748,-0.733435,-3.12499,5.07502
-0.346939,372.467,0.00145367,1.44526,-0.770097,-2.89632,4.70366
-0.346939,372.467,0.00145392,1.27734,-0.80372,-2.65622,4.31374
-0.346939,372.467,0.00145418,1.10437,-0.834171,-2.40564,3.90679
-0.346939,372.467,0.00145443,0.927051,-0.86133,-2.14557,3.48442
-0.346939,372.467,0.00145468,0.74607,-0.88509,-1.87702,3.04831
-0.346939,372.467,0.00145494,0.562144,-0.905357,-1.60107,2.60016
-0.346939,372.467,0.00145519,0.376,-0.92205,-1.3188,2.14175
-0.346939,372.467,0.00145544,0.188372,-0.935105,-1.03133,1.67489
-0.346939,372.467,0.0014557,-3.23581e-014,-0.94447,-0.739785,1.20142
-0.346939,372.467,0.00145595,-0.188372,-0.950107,-0.445322,0.723207
-0.346939,372.467,0.0014562,-0.376,-0.951994,-0.1491,0.242141
-0.346939,372.467,0.00145646,-0.562144,-0.950124,0.147709,-0.239882
-0.346939,372.467,0.00145671,-0.74607,-0.944505,0.443936,-0.720957
-0.346939,372.467,0.00145696,-0.927051,-0.935158,0.738411,-1.19919
-0.346939,372.467,0.00145722,-1.10437,-0.92212,1.02997,-1.67269
-0.346939,372.467,0.00145747,-1.27734,-0.905443,1.31747,-2.13958
-0.346939,372.467,0.00145772,-1.44526,-0.885193,1.59976,-2.59803
-0.346939,372.467,0.00145797,-1.60748,-0.86145,1.87575,-3.04623
-0.346939,372.467,0.00145823,-1.76336,-0.834306,2.14433,-3.48241
-0.346939,372.467,0.00145848,-1.91227,-0.80387,2.40444,-3.90484
-0.346939,372.467,0.00145873,-2.05364,-0.770262,2.65507,-4.31187
-0.346939,372.467,0.00145899,-2.18691,-0.733613,2.89522,-4.70187
-0.346939,372.467,0.00145924,-2.31154,-0.69407,3.12395,-5.07332
-0.346939,372.467,0.00145949,-2.42705,-0.651787,3.34034,-5.42475
-0.346939,372.467,0.00145975,-2.53298,-0.606932,3.54355,-5.75477
-0.346939,372.467,0.00146,-2.62892,-0.559681,3.73278,-6.06208
-0.346939,372.467,0.00146025,-2.71448,-0.510222,3.90728,-6.34546
-0.346939,372.467,0.00146051,-2.78933,-0.458749,4.06635,-6.6038
-0.346939,372.467,0.00146076,-2.85317,-0.405466,4.20938,-6.83608
-0.346939,372.467,0.00146101,-2.90575,-0.350583,4.33579,-7.04138
-0.346939,372.467,0.00146127,-2.94686,-0.294316,4.4451,-7.21889
-0.346939,372.467,0.00146152,-2.97634,-0.236887,4.53686,-7.36791
-0.346939,372.467,0.00146177,-2.99408,-0.178524,4.61071,-7.48785
-0.346939,372.467,0.00146203,-3,-0.119456,4.66637,-7.57824
-0.346939,372.467,0.00146228,-2.99408,-0.0599161,4.70362,-7.63873
-0.346939,372.467,0.00146253,-2.97634,-0.0001402,4.7223,-7.66906
-0.346939,372.467,0.00146278,-2.94686,0.0596363,4.72234,-7.66913
-0.346939,372.467,0.00146304,-2.90575,0.119177,4.70375,-7.63894
-0.346939,372.467,0.00146329,-2.85317,0.178248,4.66659,-7.57859
-0.346939,372.467,0.00146354,-2.78933,0.236615,4.61102,-7.48834
-0.346939,372.467,0.0014638,-2.71448,0.294049,4.53725,-7.36854
-0.346939,372.467,0.00146405,-2.62892,0.350322,4.44557,-7.21965
-0.346939,372.467,0.0014643,-2.53298,0.405212,4.33635,-7.04227
-0.346939,372.467,0.00146456,-2.42705,0.458504,4.21001,-6.8371
-0.346939,372.467,0.00146481,-2.31154,0.509985,4.06706,-6.60495
-0.346939,372.467,0.00146506,-2.18691,0.559455,3.90806,-6.34673
-0.346939,372.467,0.00146532,-2.05364,0.606716,3.73363,-6.06346
-0.346939,372.467,0.00146557,-1.91227,0.651582,3.54447,-5.75626
-0.346939,372.467,0.00146582,-1.76336,0.693878,3.34132,-5.42635
-0.346939,372.467,0.00146608,-1.60748,0.733435,3.12499,-5.07502
-0.346939,372.467,0.00146633,-1.44526,0.770097,2.89632,-4.70366
-0.346939,372.467,0.00146658,-1.27734,0.80372,2.65622,-4.31374
-0.346939,372.467,0.00146684,-1.10437,0.834171,2.40564,-3.90679
-0.346939,372.467,0.00146709,-0.927051,0.86133,2.14557,-3.48442
-0.346939,372.467,0.00146734,-0.74607,0.88509,1.87702,-3.04831
-0.346939,372.467,0.00146759,-0.562144,0.905357,1.60107,-2.60016
-0.346939,372.467,0.00146785,-0.376,0.92205,1.3188,-2.14175
-0.346939,372.467,0.0014681,-0.188372,0.935105,1.03133,-1.67489
-0.346939,372.467,0.00146835,1.6263e-017,0.94447,0.739785,-1.20142
-0.346939,372.467,0.00146861,0.188372,0.950107,0.445322,-0.723207
-0.346939,372.467,0.00146886,0.376,0.951994,0.1491,-0.242141
-0.346939,372.467,0.00146911,0.562144,0.950124,-0.147709,0.239882
-0.346939,372.467,0.00146937,0.74607,0.944505,-0.443936,0.720957
-0.346939,372.467,0.00146962,0.927051,0.935158,-0.738411,1.19919
-0.346939,372.467,0.00146987,1.10437,0.92212,-1.02997,1.67268
-0.346939,372.467,0.00147013,1.27734,0.905443,-1.31747,2.13958
-0.346939,372.467,0.00147038,1.44526,0.885193,-1.59976,2.59803
-0.346939,372.467,0.00147063,1.60748,0.86145,-1.87575,3.04623
-0.346939,372.467,0.00147089,1.76336,0.834306,-2.14433,3.48241
-0.346939,372.467,0.00147114,1.91227,0.80387,-2.40444,3.90484
-0.346939,372.467,0.00147139,2.05364,0.770262,-2.65507,4.31187
-0.346939,372.467,0.00147165,2.18691,0.733613,-2.89522,4.70187
-0.346939,372.467,0.0014719,2.31154,0.69407,-3.12395,5.07332
-0.346939,372.467,0.00147215,2.42705,0.651787,-3.34034,5.42475
-0.346939,372.467,0.00147241,2.53298,0.606932,-3.54355,5.75477
-0.346939,372.467,0.00147266,2.62892,0.559681,-3.73278,6.06208
-0.346939,372.467,0.00147291,2.71448,0.510222,-3.90728,6.34546
-0.346939,372.467,0.00147316,2.78933,0.458749,-4.06635,6.6038
-0.346939,372.467,0.00147342,2.85317,0.405466,-4.20938,6.83608
-0.346939,372.467,0.00147367,2.90575,0.350583,-4.33579,7.04138
-0.346939,372.467,0.00147392,2.94686,0.294316,-4.4451,7.21889
-0.346939,372.467,0.00147418,2.97634,0.236887,-4.53686,7.36791
-0.346939,372.467,0.00147443,2.99408,0.178524,-4.61071,7.48785
-0.346939,372.467,0.00147468,3,0.119456,-4.66637,7.57824
-0.346939,372.467,0.00147494,2.99408,0.0599161,-4.70362,7.63873
-0.346939,372.467,0.00147519,2.97634,0.00014021,-4.7223,7.66906
-0.346939,372.467,0.00147544,2.94686,-0.0596363,-4.72234,7.66913
-0.346939,372.467,0.0014757,2.90575,-0.119177,-4.70375,7.63894
-0.346939,372.467,0.00147595,2.85317,-0.178248,-4.66659,7.57859
-0.346939,372.467,0.0014762,2.78933,-0.236615,-4.61102,7.48834
-0.346939,372.467,0.00147646,2.71448,-0.294049,-4.53725,7.36854
-0.346939,372.467,0.00147671,2.62892,-0.350322,-4.44557,7.21965
-0.346939,372.467,0.00147696,2.53298,-0.405212,-4.33635,7.04227
-0.346939,372.467,0.00147722,2.42705,-0.458504,-4.21001,6.8371
-0.346939,372.467,0.00147747,2.31154,-0.509985,-4.06706,6.60495
-0.346939,372.467,0.00147772,2.18691,-0.559455,-3.90806,6.34673
-0.346939,372.467,0.00147797,2.05364,-0.606716,-3.73363,6.06346
-0.346939,372.467,0.00147823,1.91227,-0.651582,-3.54447,5.75626
-0.346939,372.467,0.00147848,1.76336,-0.693878,-3.34132,5.42635
-0.346939,372.467,0.00147873,1.60748,-0.733435,-3.12499,5.07502
-0.346939,372.467,0.00147899,1.44526,-0.770097,-2.89632,4.70366
-0.346939,372.467,0.00147924,1.27734,-0.80372,-2.65622,4.31374
-0.346939,372.467,0.00147949,1.10437,-0.834171,-2.40564,3.90679
-0.346939,372.467,0.00147975,0.927051,-0.86133,-2.14557,3.48442
-0.346939,372.467,0.00148,0.74607,-0.88509,-1.87702,3.04831
-0.346939,372.467,0.00148025,0.562144,-0.905357,-1.60107,2.60016
-0.346939,372.467,0.00148051,0.376,-0.92205,-1.3188,2.14175
-0.346939,372.467,0.00148076,0.188372,-0.935105,-1.03133,1.67489
-0.346939,372.467,0.00148101,3.23255e-014,-0.94447,-0.739785,1.20142
-0.346939,372.467,0.00148127,-0.188372,-0.950107,-0.445322,0.723207
-0.346939,372.467,0.00148152,-0.376,-0.951994,-0.1491,0.242141
-0.346939,372.467,0.00148177,-0.562144,-0.950124,0.147709,-0.239882
-0.346939,372.467,0.00148203,-0.74607,-0.944505,0.443936,-0.720957
-0.346939,372.467,0.00148228,-0.927051,-0.935158,0.738411,-1.19919
-0.346939,372.467,0.00148253,-1.10437,-0.92212,1.02997,-1.67268
-0.346939,372.467,0.00148278,-1.27734,-0.905443,1.31747,-2.13958
-0.346939,372.467,0.00148304,-1.44526,-0.885193,1.59976,-2.59803
-0.346939,372.467,0.00148329,-1.60748,-0.86145,1.87575,-3.04623
-0.346939,372.467,0.00148354,-1.76336,-0.834306,2.14433,-3.48241
-0.346939,372.467,0.0014838,-1.91227,-0.80387,2.40444,-3.90484
-0.346939,372.467,0.00148405,-2.05364,-0.770262,2.65507,-4.31187
-0.346939,372.467,0.0014843,-2.18691,-0.733613,2.89522,-4.70187
-0.346939,372.467,0.00148456,-2.31154,-0.69407,3.12395,-5.07332
-0.346939,372.467,0.00148481,-2.42705,-0.651787,3.34034,-5.42475
-0.346939,372.467,0.00148506,-2.53298,-0.606932,3.54355,-5.75477
-0.346939,372.467,0.00148532,-2.62892,-0.559681,3.73278,-6.06208
-0.346939,372.467,0.00148557,-2.71448,-0.510222,3.90728,-6.34546
-0.346939,372.467,0.00148582,-2.78933,-0.458749,4.06635,-6.6038
-0.346939,372.467,0.00148608,-2.85317,-0.405466,4.20938,-6.83608
-0.346939,372.467,0.00148633,-2.90575,-0.350583,4.33579,-7.04138
-0.346939,372.467,0.00148658,-2.94686,-0.294316,4.4451,-7.21889
-0.346939,372.467,0.00148684,-2.97634,-0.236887,4.53686,-7.36791
-0.346939,372.467,0.00148709,-2.99408,-0.178524,4.61071,-7.48785
-0.346939,372.467,0.00148734,-3,-0.119456,4.66637,-7.57824
-0.346939,372.467,0.00148759,-2.99408,-0.0599161,4.70362,-7.63873
-0.346939,372.467,0.00148785,-2.97634,-0.000140215,4.7223,-7.66906
-0.346939,372.467,0.0014881,-2.94686,0.0596363,4.72234,-7.66913
-0.346939,372.467,0.00148835,-2.90575,0.119177,4.70375,-7.63894
-0.346939,372.467,0.00148861,-2.85317,0.178248,4.66659,-7.5786
-0.346939,372.467,0.00148886,-2.78933,0.236615,4.61102,-7.48834
-0.346939,372.467,0.00148911,-2.71448,0.294049,4.53725,-7.36854
-0.346939,372.467,0.00148937,-2.62892,0.350322,4.44557,-7.21965
-0.346939,372.467,0.00148962,-2.53298,0.405212,4.33635,-7.04227
-0.346939,372.467,0.00148987,-2.42705,0.458504,4.21001,-6.8371
-0.346939,372.467,0.00149013,-2.31154,0.509985,4.06706,-6.60495
-0.346939,372.467,0.00149038,-2.18691,0.559455,3.90806,-6.34673
-0.346939,372.467,0.00149063,-2.05364,0.606716,3.73363,-6.06346
-0.346939,372.467,0.00149089,-1.91227,0.651582,3.54447,-5.75626
-0.346939,372.467,0.00149114,-1.76336,0.693878,3.34132,-5.42635
-0.346939,372.467,0.00149139,-1.60748,0.733435,3.12499,-5.07502
-0.346939,372.467,0.00149165,-1.44526,0.770097,2.89632,-4.70366
-0.346939,372.467,0.0014919,-1.27734,0.80372,2.65622,-4.31374
-0.346939,372.467,0.00149215,-1.10437,0.834171,2.40564,-3.90679
-0.346939,372.467,0.00149241,-0.927051,0.86133,2.14557,-3.48442
-0.346939,372.467,0.00149266,-0.74607,0.88509,1.87702,-3.04831
-0.346939,372.467,0.00149291,-0.562144,0.905357,1.60107,-2.60016
-0.346939,372.467,0.00149316,-0.376,0.92205,1.3188,-2.14175
-0.346939,372.467,0.00149342,-0.188372,0.935105,1.03133,-1.67489
-0.346939,372.467,0.00149367,1.05863e-013,0.94447,0.739785,-1.20142
-0.346939,372.467,0.00149392,0.188372,0.950107,0.445322,-0.723207
-0.346939,372.467,0.00149418,0.376,0.951994,0.1491,-0.242141
-0.346939,372.467,0.00149443,0.562144,0.950124,-0.147709,0.239882
-0.346939,372.467,0.00149468,0.74607,0.944505,-0.443936,0.720957
-0.346939,372.467,0.00149494,0.927051,0.935158,-0.738411,1.19919
-0.346939,372.467,0.00149519,1.10437,0.92212,-1.02997,1.67268
-0.346939,372.467,0.00149544,1.27734,0.905443,-1.31747,2.13958
-0.346939,372.467,0.0014957,1.44526,0.885193,-1.59976,2.59803
-0.346939,372.467,0.00149595,1.60748,0.86145,-1.87575,3.04623
-0.346939,372.467,0.0014962,1.76336,0.834306,-2.14433,3.48241
-0.346939,372.467,0.00149646,1.91227,0.80387,-2.40444,3.90484
-0.346939,372.467,0.00149671,2.05364,0.770262,-2.65507,4.31187
-0.346939,372.467,0.00149696,2.18691,0.733613,-2.89522,4.70187
-0.346939,372.467,0.00149722,2.31154,0.69407,-3.12395,5.07332
-0.346939,372.467,0.00149747,2.42705,0.651787,-3.34034,5.42475
-0.346939,372.467,0.00149772,2.53298,0.606932,-3.54355,5.75477
-0.346939,372.467,0.00149797,2.62892,0.559681,-3.73278,6.06208
-0.346939,372.467,0.00149823,2.71448,0.510222,-3.90728,6.34546
-0.346939,372.467,0.00149848,2.78933,0.458749,-4.06635,6.6038
-0.346939,372.467,0.00149873,2.85317,0.405466,-4.20938,6.83608
-0.346939,372.467,0.00149899,2.90575,0.350583,-4.33579,7.04138
-0.346939,372.467,0.00149924,2.94686,0.294316,-4.4451,7.21889
-0.346939,372.467,0.00149949,2.97634,0.236887,-4.53686,7.36791
-0.346939,372.467,0.00149975,2.99408,0.178524,-4.61071,7.48785
-0.346939,372.467,0.0015,3,0.119456,-4.66637,7.57824
-0.346939,372.467,0.00150025,2.99408,0.0599161,-4.70362,7.63873
-0.346939,372.467,0.00150051,2.97634,0.000140214,-4.7223,7.66906
-0.346939,372.467,0.00150076,2.94686,-0.0596363,-4.72234,7.66913
-0.346939,372.467,0.00150101,2.90575,-0.119177,-4.70375,7.63894
-0.346939,372.467,0.00150127,2.85317,-0.178248,-4.66659,7.5786
-0.346939,372.467,0.00150152,2.78933,-0.236615,-4.61102,7.48834
-0.346939,372.467,0.00150177,2.71448,-0.294049,-4.53725,7.36854
-0.346939,372.467,0.00150203,2.62892,-0.350322,-4.44557,7.21965
-0.346939,372.467,0.00150228,2.53298,-0.405212,-4.33635,7.04227
-0.346939,372.467,0.00150253,2.42705,-0.458504,-4.21001,6.8371
-0.346939,372.467,0.00150278,2.31154,-0.509985,-4.06706,6.60495
-0.346939,372.467,0.00150304,2.18691,-0.559455,-3.90806,6.34673
-0.346939,372.467,0.00150329,2.05364,-0.606716,-3.73363,6.06346
-0.346939,372.467,0.00150354,1.91227,-0.651582,-3.54447,5.75626
-0.346939,372.467,0.0015038,1.76336,-0.693878,-3.34132,5.42635
-0.346939,372.467,0.00150405,1.60748,-0.733435,-3.12499,5.07502
-0.346939,372.467,0.0015043,1.44526,-0.770097,-2.89632,4.70366
-0.346939,372.467,0.00150456,1.27734,-0.80372,-2.65622,4.31374
-0.346939,372.467,0.00150481,1.10437,-0.834171,-2.40564,3.90679
-0.346939,372.467,0.00150506,0.927051,-0.86133,-2.14557,3.48442
-0.346939,372.467,0.00150532,0.74607,-0.88509,-1.87702,3.04831
-0.346939,372.467,0.00150557,0.562144,-0.905357,-1.60107,2.60016
-0.346939,372.467,0.00150582,0.376,-0.92205,-1.3188,2.14175
-0.346939,372.467,0.00150608,0.188372,-0.935105,-1.03133,1.67489
-0.346939,372.467,0.00150633,-7.35211e-014,-0.94447,-0.739785,1.20142
-0.346939,372.467,0.00150658,-0.188372,-0.950107,-0.445322,0.723207
-0.346939,372.467,0.00150684,-0.376,-0.951994,-0.1491,0.242141
-0.346939,372.467,0.00150709,-0.562144,-0.950124,0.147709,-0.239882
-0.346939,372.467,0.00150734,-0.74607,-0.944505,0.443936,-0.720957
-0.346939,372.467,0.00150759,-0.927051,-0.935158,0.738411,-1.19919
-0.346939,372.467,0.00150785,-1.10437,-0.92212,1.02997,-1.67268
-0.346939,372.467,0.0015081,-1.27734,-0.905443,1.31747,-2.13958
-0.346939,372.467,0.00150835,-1.44526,-0.885193,1.59976,-2.59803
-0.346939,372.467,0.00150861,-1.60748,-0.86145,1.87575,-3.04623
-0.346939,372.467,0.00150886,-1.76336,-0.834306,2.14433,-3.48241
-0.346939,372.467,0.00150911,-1.91227,-0.80387,2.40444,-3.90484
-0.346939,372.467,0.00150937,-2.05364,-0.770262,2.65507,-4.31187
-0.346939,372.467,0.00150962,-2.18691,-0.733613,2.89522,-4.70187
-0.346939,372.467,0.00150987,-2.31154,-0.69407,3.12395,-5.07332
-0.346939,372.467,0.00151013,-2.42705,-0.651787,3.34034,-5.42475
-0.346939,372.467,0.00151038,-2.53298,-0.606932,3.54355,-5.75477
-0.346939,372.467,0.00151063,-2.62892,-0.559681,3.73278,-6.06208
-0.346939,372.467,0.00151089,-2.71448,-0.510222,3.90728,-6.34546
-0.346939,372.467,0.00151114,-2.78933,-0.458749,4.06635,-6.6038
-0.346939,372.467,0.00151139,-2.85317,-0.405466,4.20938,-6.83608
-0.346939,372.467,0.00151165,-2.90575,-0.350583,4.33579,-7.04138
-0.346939,372.467,0.0015119,-2.94686,-0.294316,4.4451,-7.21889
-0.346939,372.467,0.00151215,-2.97634,-0.236887,4.53686,-7.36791
-0.346939,372.467,0.00151241,-2.99408,-0.178524,4.61071,-7.48785
-0.346939,372.467,0.00151266,-3,-0.119456,4.66637,-7.57824
-0.346939,372.467,0.00151291,-2.99408,-0.0599161,4.70362,-7.63873
-0.346939,372.467,0.00151316,-2.97634,-0.000140208,4.7223,-7.66906
-0.346939,372.467,0.00151342,-2.94686,0.0596363,4.72234,-7.66913
-0.346939,372.467,0.00151367,-2.90575,0.119177,4.70375,-7.63894
-0.346939,372.467,0.00151392,-2.85317,0.178248,4.66659,-7.5786
-0.346939,372.467,0.00151418,-2.78933,0.236615,4.61102,-7.48834
-0.346939,372.467,0.00151443,-2.71448,0.294049,4.53725,-7.36854
-0.346939,372.467,0.00151468,-2.62892,0.350322,4.44557,-7.21965
-0.346939,372.467,0.00151494,-2.53298,0.405212,4.33635,-7.04227
-0.346939,372.467,0.00151519,-2.42705,0.458504,4.21001,-6.8371
-0.346939,372.467,0.00151544,-2.31154,0.509985,4.06706,-6.60495
-0.346939,372.467,0.0015157,-2.18691,0.559455,3.90806,-6.34673
-0.346939,372.467,0.00151595,-2.05364,0.606716,3.73363,-6.06346
-0.346939,372.467,0.0015162,-1.91227,0.651582,3.54447,-5.75626
-0.346939,372.467,0.00151646,-1.76336,0.693878,3.34132,-5.42635
-0.346939,372.467,0.00151671,-1.60748,0.733435,3.12499,-5.07502
-0.346939,372.467,0.00151696,-1.44526,0.770097,2.89632,-4.70366
-0.346939,372.467,0.00151722,-1.27734,0.80372,2.65622,-4.31374
-0.346939,372.467,0.00151747,-1.10437,0.834171,2.40564,-3.90679
-0.346939,372.467,0.00151772,-0.927051,0.86133,2.14557,-3.48442
-0.346939,372.467,0.00151797,-0.74607,0.88509,1.87702,-3.04831
-0.346939,372.467,0.00151823,-0.562144,0.905357,1.60107,-2.60016
-0.346939,372.467,0.00151848,-0.376,0.92205,1.3188,-2.14175
-0.346939,372.467,0.00151873,-0.188372,0.935105,1.03133,-1.67489
-0.346939,372.467,0.00151899,-1.29351e-013,0.94447,0.739785,-1.20142
