Amp, Phaseshift, Time, Vd, Vr, VL, VC
0.463095,372.027,0,0,0,0,0
0.463095,372.027,1.5748e-007,0.188372,0.00148324,0.188372,0
0.463095,372.027,3.14961e-007,0.376,0.00443219,0.374516,0.000467162
0.463095,372.027,4.72441e-007,0.562144,0.00881994,0.557245,0.00186313
0.463095,372.027,6.29921e-007,0.74607,0.0146104,0.735387,0.00464106
0.463095,372.027,7.87402e-007,0.927051,0.0217584,0.9078,0.00924276
0.463095,372.027,9.44882e-007,1.10437,0.0302102,1.07337,0.0160958
0.463095,372.027,1.10236e-006,1.27734,0.0399033,1.23103,0.0256108
0.463095,372.027,1.25984e-006,1.44526,0.0507675,1.37975,0.0381788
0.463095,372.027,1.41732e-006,1.60748,0.0627244,1.51853,0.0541686
0.463095,372.027,1.5748e-006,1.76336,0.0756887,1.64646,0.0739243
0.463095,372.027,1.73228e-006,1.91227,0.0895679,1.76266,0.0977632
0.463095,372.027,1.88976e-006,2.05364,0.104263,1.86631,0.125974
0.463095,372.027,2.04724e-006,2.18691,0.11967,1.95667,0.158812
0.463095,372.027,2.20472e-006,2.31154,0.135678,2.03306,0.196504
0.463095,372.027,2.3622e-006,2.42705,0.152173,2.09487,0.239237
0.463095,372.027,2.51969e-006,2.53298,0.169036,2.14157,0.287166
0.463095,372.027,2.67717e-006,2.62892,0.186144,2.17272,0.340406
0.463095,372.027,2.83465e-006,2.71448,0.203372,2.18793,0.399034
0.463095,372.027,2.99213e-006,2.78933,0.220592,2.18692,0.463088
0.463095,372.027,3.14961e-006,2.85317,0.237675,2.16949,0.532566
0.463095,372.027,3.30709e-006,2.90575,0.25449,2.13551,0.607424
0.463095,372.027,3.46457e-006,2.94686,0.270906,2.08495,0.687578
0.463095,372.027,3.62205e-006,2.97634,0.286795,2.01786,0.772903
0.463095,372.027,3.77953e-006,2.99408,0.302027,1.93438,0.863232
0.463095,372.027,3.93701e-006,3,0.316473,1.83474,0.958359
0.463095,372.027,4.09449e-006,2.99408,0.330011,1.71925,1.05804
0.463095,372.027,4.25197e-006,2.97634,0.342517,1.5883,1.16198
0.463095,372.027,4.40945e-006,2.94686,0.353874,1.44237,1.26985
0.463095,372.027,4.56693e-006,2.90575,0.363969,1.28202,1.38131
0.463095,372.027,4.72441e-006,2.85317,0.372692,1.10789,1.49595
0.463095,372.027,4.88189e-006,2.78933,0.379942,0.92069,1.61333
0.463095,372.027,5.03937e-006,2.71448,0.385621,0.721209,1.733
0.463095,372.027,5.19685e-006,2.62892,0.389639,0.510302,1.85445
0.463095,372.027,5.35433e-006,2.53298,0.391914,0.288892,1.97717
0.463095,372.027,5.51181e-006,2.42705,0.39237,0.0579638,2.10061
0.463095,372.027,5.66929e-006,2.31154,0.390941,-0.181441,2.22419
0.463095,372.027,5.82677e-006,2.18691,0.387569,-0.428227,2.34732
0.463095,372.027,5.98425e-006,2.05364,0.382205,-0.681251,2.46939
0.463095,372.027,6.14173e-006,1.91227,0.374809,-0.939326,2.58977
0.463095,372.027,6.29921e-006,1.76336,0.365351,-1.20123,2.70782
0.463095,372.027,6.45669e-006,1.60748,0.35381,-1.46569,2.82289
0.463095,372.027,6.61417e-006,1.44526,0.340176,-1.73144,2.93433
0.463095,372.027,6.77165e-006,1.27734,0.324451,-1.99717,3.04147
0.463095,372.027,6.92913e-006,1.10437,0.306643,-2.26155,3.14366
0.463095,372.027,7.08661e-006,0.927051,0.286775,-2.52325,3.24024
0.463095,372.027,7.24409e-006,0.74607,0.264878,-2.78095,3.33056
0.463095,372.027,7.40157e-006,0.562144,0.240993,-3.0333,3.41399
0.463095,372.027,7.55906e-006,0.376,0.215175,-3.27898,3.48989
0.463095,372.027,7.71654e-006,0.188372,0.187484,-3.5167,3.55766
0.463095,372.027,7.87402e-006,3.67382e-016,0.157995,-3.74515,3.61671
0.463095,372.027,8.0315e-006,-0.188372,0.126789,-3.96308,3.66648
0.463095,372.027,8.18898e-006,-0.376,0.0939606,-4.16927,3.70641
0.463095,372.027,8.34646e-006,-0.562144,0.0596101,-4.36252,3.736
0.463095,372.027,8.50394e-006,-0.74607,0.0238488,-4.54168,3.75478
0.463095,372.027,8.66142e-006,-0.927051,-0.0132038,-4.70568,3.76229
0.463095,372.027,8.8189e-006,-1.10437,-0.05142,-4.85346,3.75813
0.463095,372.027,8.97638e-006,-1.27734,-0.0906645,-4.98405,3.74194
0.463095,372.027,9.13386e-006,-1.44526,-0.130795,-5.09653,3.71338
0.463095,372.027,9.29134e-006,-1.60748,-0.171661,-5.19007,3.67219
0.463095,372.027,9.44882e-006,-1.76336,-0.213109,-5.26388,3.61812
0.463095,372.027,9.6063e-006,-1.91227,-0.254978,-5.31728,3.551
0.463095,372.027,9.76378e-006,-2.05364,-0.297101,-5.34966,3.47069
0.463095,372.027,9.92126e-006,-2.18691,-0.33931,-5.3605,3.37712
0.463095,372.027,1.00787e-005,-2.31154,-0.38143,-5.34935,3.27025
0.463095,372.027,1.02362e-005,-2.42705,-0.423288,-5.31587,3.15011
0.463095,372.027,1.03937e-005,-2.53298,-0.464703,-5.25981,3.01679
0.463095,372.027,1.05512e-005,-2.62892,-0.505499,-5.18101,2.87043
0.463095,372.027,1.07087e-005,-2.71448,-0.545494,-5.07941,2.71122
0.463095,372.027,1.08661e-005,-2.78933,-0.58451,-4.95505,2.53941
0.463095,372.027,1.10236e-005,-2.85317,-0.622369,-4.80807,2.35531
0.463095,372.027,1.11811e-005,-2.90575,-0.658894,-4.63869,2.15929
0.463095,372.027,1.13386e-005,-2.94686,-0.693912,-4.44726,1.95176
0.463095,372.027,1.14961e-005,-2.97634,-0.727252,-4.23419,1.73321
0.463095,372.027,1.16535e-005,-2.99408,-0.758748,-4.00004,1.50415
0.463095,372.027,1.1811e-005,-3,-0.78824,-3.7454,1.26518
0.463095,372.027,1.19685e-005,-2.99408,-0.815571,-3.47102,1.01691
0.463095,372.027,1.2126e-005,-2.97634,-0.840592,-3.17768,0.760038
0.463095,372.027,1.22835e-005,-2.94686,-0.863161,-2.86631,0.495285
0.463095,372.027,1.24409e-005,-2.90575,-0.883144,-2.53787,0.223423
0.463095,372.027,1.25984e-005,-2.85317,-0.900416,-2.19345,-0.0547325
0.463095,372.027,1.27559e-005,-2.78933,-0.914858,-1.83418,-0.338328
0.463095,372.027,1.29134e-005,-2.71448,-0.926364,-1.4613,-0.626472
0.463095,372.027,1.30709e-005,-2.62892,-0.934837,-1.07608,-0.91824
0.463095,372.027,1.32283e-005,-2.53298,-0.940191,-0.679906,-1.21268
0.463095,372.027,1.33858e-005,-2.42705,-0.94235,-0.274183,-1.5088
0.463095,372.027,1.35433e-005,-2.31154,-0.941251,0.139611,-1.8056
0.463095,372.027,1.37008e-005,-2.18691,-0.936841,0.559948,-2.10206
0.463095,372.027,1.38583e-005,-2.05364,-0.929084,0.985261,-2.39713
0.463095,372.027,1.40157e-005,-1.91227,-0.91795,1.41394,-2.68975
0.463095,372.027,1.41732e-005,-1.76336,-0.903428,1.84435,-2.97887
0.463095,372.027,1.43307e-005,-1.60748,-0.885516,2.27482,-3.26342
0.463095,372.027,1.44882e-005,-1.44526,-0.864227,2.70367,-3.54232
0.463095,372.027,1.46457e-005,-1.27734,-0.839588,3.12921,-3.81452
0.463095,372.027,1.48031e-005,-1.10437,-0.811637,3.54973,-4.07895
0.463095,372.027,1.49606e-005,-0.927051,-0.780428,3.96354,-4.33459
0.463095,372.027,1.51181e-005,-0.74607,-0.746027,4.36894,-4.58039
0.463095,372.027,1.52756e-005,-0.562144,-0.708513,4.76427,-4.81536
0.463095,372.027,1.54331e-005,-0.376,-0.667978,5.14787,-5.03851
0.463095,372.027,1.55906e-005,-0.188372,-0.624529,5.51812,-5.2489
0.463095,372.027,1.5748e-005,-7.34764e-016,-0.578281,5.87343,-5.4456
0.463095,372.027,1.59055e-005,0.188372,-0.529366,6.21225,-5.62774
0.463095,372.027,1.6063e-005,0.376,-0.477924,6.5331,-5.79447
0.463095,372.027,1.62205e-005,0.562144,-0.424109,6.83454,-5.94499
0.463095,372.027,1.6378e-005,0.74607,-0.368084,7.11517,-6.07857
0.463095,372.027,1.65354e-005,0.927051,-0.310023,7.37371,-6.1945
0.463095,372.027,1.66929e-005,1.10437,-0.250111,7.6089,-6.29215
0.463095,372.027,1.68504e-005,1.27734,-0.188539,7.8196,-6.37092
0.463095,372.027,1.70079e-005,1.44526,-0.12551,8.00472,-6.43031
0.463095,372.027,1.71654e-005,1.60748,-0.0612317,8.1633,-6.46984
0.463095,372.027,1.73228e-005,1.76336,0.00407877,8.29442,-6.48912
0.463095,372.027,1.74803e-005,1.91227,0.0701994,8.39732,-6.48784
0.463095,372.027,1.76378e-005,2.05364,0.136902,8.47128,-6.46573
0.463095,372.027,1.77953e-005,2.18691,0.203955,8.51573,-6.42261
0.463095,372.027,1.79528e-005,2.31154,0.271122,8.53019,-6.35837
0.463095,372.027,1.81102e-005,2.42705,0.338164,8.5143,-6.27298
0.463095,372.027,1.82677e-005,2.53298,0.40484,8.4678,-6.16647
0.463095,372.027,1.84252e-005,2.62892,0.470907,8.39055,-6.03896
0.463095,372.027,1.85827e-005,2.71448,0.536124,8.28254,-5.89064
0.463095,372.027,1.87402e-005,2.78933,0.600249,8.14385,-5.72179
0.463095,372.027,1.88976e-005,2.85317,0.663041,7.97471,-5.53273
0.463095,372.027,1.90551e-005,2.90575,0.724265,7.77544,-5.3239
0.463095,372.027,1.92126e-005,2.94686,0.783687,7.5465,-5.09578
0.463095,372.027,1.93701e-005,2.97634,0.841076,7.28844,-4.84895
0.463095,372.027,1.95276e-005,2.99408,0.896209,7.00196,-4.58405
0.463095,372.027,1.9685e-005,3,0.94887,6.68784,-4.30178
0.463095,372.027,1.98425e-005,2.99408,0.998846,6.34699,-4.00292
0.463095,372.027,2e-005,2.97634,1.04594,5.98042,-3.68832
0.463095,372.027,2.01575e-005,2.94686,1.08995,5.58925,-3.3589
0.463095,372.027,2.0315e-005,2.90575,1.13069,5.1747,-3.01561
0.463095,372.027,2.04724e-005,2.85317,1.168,4.73808,-2.65948
0.463095,372.027,2.06299e-005,2.78933,1.20171,4.28081,-2.29161
0.463095,372.027,2.07874e-005,2.71448,1.23166,3.80438,-1.91312
0.463095,372.027,2.09449e-005,2.62892,1.25773,3.31038,-1.52519
0.463095,372.027,2.11024e-005,2.53298,1.27978,2.80045,-1.12906
0.463095,372.027,2.12598e-005,2.42705,1.2977,2.27633,-0.725979
0.463095,372.027,2.14173e-005,2.31154,1.3114,1.73982,-0.317253
0.463095,372.027,2.15748e-005,2.18691,1.32079,1.19276,0.0957866
0.463095,372.027,2.17323e-005,2.05364,1.32581,0.637061,0.511785
0.463095,372.027,2.18898e-005,1.91227,1.3264,0.0746773,0.929363
0.463095,372.027,2.20472e-005,1.76336,1.32252,-0.492405,1.34713
0.463095,372.027,2.22047e-005,1.60748,1.31416,-1.06217,1.76367
0.463095,372.027,2.23622e-005,1.44526,1.3013,-1.63256,2.17758
0.463095,372.027,2.25197e-005,1.27734,1.28397,-2.20154,2.58743
0.463095,372.027,2.26772e-005,1.10437,1.26218,-2.76703,2.99183
0.463095,372.027,2.28346e-005,0.927051,1.23598,-3.32696,3.38937
0.463095,372.027,2.29921e-005,0.74607,1.20544,-3.87928,3.77866
0.463095,372.027,2.31496e-005,0.562144,1.17062,-4.42195,4.15832
0.463095,372.027,2.33071e-005,0.376,1.13162,-4.95294,4.52702
0.463095,372.027,2.34646e-005,0.188372,1.08855,-5.47027,4.88344
0.463095,372.027,2.3622e-005,1.10215e-015,1.04152,-5.97198,5.22629
0.463095,372.027,2.37795e-005,-0.188372,0.990687,-6.45618,5.55433
0.463095,372.027,2.3937e-005,-0.376,0.936191,-6.92101,5.86635
0.463095,372.027,2.40945e-005,-0.562144,0.878201,-7.36469,6.16122
0.463095,372.027,2.4252e-005,-0.74607,0.816898,-7.78549,6.43781
0.463095,372.027,2.44094e-005,-0.927051,0.752475,-8.18176,6.69511
0.463095,372.027,2.45669e-005,-1.10437,0.685137,-8.55195,6.93211
0.463095,372.027,2.47244e-005,-1.27734,0.615101,-8.89458,7.1479
0.463095,372.027,2.48819e-005,-1.44526,0.542595,-9.20826,7.34163
0.463095,372.027,2.50394e-005,-1.60748,0.467857,-9.4917,7.51253
0.463095,372.027,2.51969e-005,-1.76336,0.391135,-9.74374,7.65988
0.463095,372.027,2.53543e-005,-1.91227,0.312683,-9.96329,7.78307
0.463095,372.027,2.55118e-005,-2.05364,0.232767,-10.1494,7.88156
0.463095,372.027,2.56693e-005,-2.18691,0.151655,-10.3012,7.95487
0.463095,372.027,2.58268e-005,-2.31154,0.0696229,-10.4181,8.00263
0.463095,372.027,2.59843e-005,-2.42705,-0.0130488,-10.4993,8.02456
0.463095,372.027,2.61417e-005,-2.53298,-0.0960764,-10.5445,8.02045
0.463095,372.027,2.62992e-005,-2.62892,-0.179173,-10.5533,7.99019
0.463095,372.027,2.64567e-005,-2.71448,-0.262051,-10.5255,7.93376
0.463095,372.027,2.66142e-005,-2.78933,-0.344422,-10.461,7.85122
0.463095,372.027,2.67717e-005,-2.85317,-0.425996,-10.36,7.74275
0.463095,372.027,2.69291e-005,-2.90575,-0.506488,-10.2225,7.60857
0.463095,372.027,2.70866e-005,-2.94686,-0.585614,-10.0489,7.44905
0.463095,372.027,2.72441e-005,-2.97634,-0.663092,-9.83978,7.2646
0.463095,372.027,2.74016e-005,-2.99408,-0.738648,-9.59559,7.05576
0.463095,372.027,2.75591e-005,-3,-0.812011,-9.31711,6.82311
0.463095,372.027,2.77165e-005,-2.99408,-0.882918,-9.00518,6.56736
0.463095,372.027,2.7874e-005,-2.97634,-0.951113,-8.66079,6.28927
0.463095,372.027,2.80315e-005,-2.94686,-1.01635,-8.28502,5.98971
0.463095,372.027,2.8189e-005,-2.90575,-1.07839,-7.87911,5.6696
0.463095,372.027,2.83465e-005,-2.85317,-1.13701,-7.44438,5.32995
0.463095,372.027,2.85039e-005,-2.78933,-1.19199,-6.98227,4.97184
0.463095,372.027,2.86614e-005,-2.71448,-1.24312,-6.49433,4.59641
0.463095,372.027,2.88189e-005,-2.62892,-1.29023,-5.98221,4.20488
0.463095,372.027,2.89764e-005,-2.53298,-1.33312,-5.44763,3.7985
0.463095,372.027,2.91339e-005,-2.42705,-1.37164,-4.89243,3.37862
0.463095,372.027,2.92913e-005,-2.31154,-1.40565,-4.31852,2.94661
0.463095,372.027,2.94488e-005,-2.18691,-1.435,-3.72787,2.50389
0.463095,372.027,2.96063e-005,-2.05364,-1.45959,-3.12253,2.05192
0.463095,372.027,2.97638e-005,-1.91227,-1.47931,-2.5046,1.5922
0.463095,372.027,2.99213e-005,-1.76336,-1.49408,-1.87625,1.12628
0.463095,372.027,3.00787e-005,-1.60748,-1.50384,-1.23968,0.655703
0.463095,372.027,3.02362e-005,-1.44526,-1.50855,-0.59712,0.182051
0.463095,372.027,3.03937e-005,-1.27734,-1.50816,0.0491569,-0.293081
0.463095,372.027,3.05512e-005,-1.10437,-1.50267,0.696867,-0.768092
0.463095,372.027,3.07087e-005,-0.927051,-1.49209,1.34371,-1.24137
0.463095,372.027,3.08661e-005,-0.74607,-1.47644,1.9874,-1.71132
0.463095,372.027,3.10236e-005,-0.562144,-1.45577,2.62562,-2.17635
0.463095,372.027,3.11811e-005,-0.376,-1.43013,3.25611,-2.63486
0.463095,372.027,3.13386e-005,-0.188372,-1.39961,3.87661,-3.08529
0.463095,372.027,3.14961e-005,-1.46953e-015,-1.36429,4.4849,-3.52611
0.463095,372.027,3.16535e-005,0.188372,-1.3243,5.07877,-3.95581
0.463095,372.027,3.1811e-005,0.376,-1.27976,5.65611,-4.37291
0.463095,372.027,3.19685e-005,0.562144,-1.23083,6.21482,-4.77599
0.463095,372.027,3.2126e-005,0.74607,-1.17766,6.75289,-5.16365
0.463095,372.027,3.22835e-005,0.927051,-1.12043,7.26836,-5.53457
0.463095,372.027,3.24409e-005,1.10437,-1.05933,7.75936,-5.88745
0.463095,372.027,3.25984e-005,1.27734,-0.994571,8.22412,-6.2211
0.463095,372.027,3.27559e-005,1.44526,-0.926375,8.66093,-6.53435
0.463095,372.027,3.29134e-005,1.60748,-0.854972,9.06821,-6.82612
0.463095,372.027,3.30709e-005,1.76336,-0.780606,9.44445,-7.09541
0.463095,372.027,3.32283e-005,1.91227,-0.703533,9.78828,-7.34127
0.463095,372.027,3.33858e-005,2.05364,-0.624018,10.0984,-7.56285
0.463095,372.027,3.35433e-005,2.18691,-0.542334,10.3738,-7.75939
0.463095,372.027,3.37008e-005,2.31154,-0.458765,10.6133,-7.93021
0.463095,372.027,3.38583e-005,2.42705,-0.3736,10.816,-8.0747
0.463095,372.027,3.40157e-005,2.53298,-0.287133,10.9813,-8.19237
0.463095,372.027,3.41732e-005,2.62892,-0.199665,11.1084,-8.2828
0.463095,372.027,3.43307e-005,2.71448,-0.1115,11.197,-8.34569
0.463095,372.027,3.44882e-005,2.78933,-0.0229448,11.2465,-8.38081
0.463095,372.027,3.46457e-005,2.85317,0.0656924,11.2569,-8.38804
0.463095,372.027,3.48031e-005,2.90575,0.154103,11.2281,-8.36735
0.463095,372.027,3.49606e-005,2.94686,0.241977,11.1601,-8.31881
0.463095,372.027,3.51181e-005,2.97634,0.32901,11.0532,-8.2426
0.463095,372.027,3.52756e-005,2.99408,0.414897,10.9077,-8.13897
0.463095,372.027,3.54331e-005,3,0.499339,10.7241,-8.00829
0.463095,372.027,3.55906e-005,2.99408,0.58204,10.503,-7.85102
0.463095,372.027,3.5748e-005,2.97634,0.662712,10.2453,-7.6677
0.463095,372.027,3.59055e-005,2.94686,0.741073,9.95185,-7.45897
0.463095,372.027,3.6063e-005,2.90575,0.81685,9.62365,-7.22557
0.463095,372.027,3.62205e-005,2.85317,0.889778,9.26189,-6.96829
0.463095,372.027,3.6378e-005,2.78933,0.959603,8.86784,-6.68804
0.463095,372.027,3.65354e-005,2.71448,1.02608,8.44292,-6.38581
0.463095,372.027,3.66929e-005,2.62892,1.08899,7.98864,-6.06263
0.463095,372.027,3.68504e-005,2.53298,1.14809,7.50663,-5.71964
0.463095,372.027,3.70079e-005,2.42705,1.2032,6.9986,-5.35804
0.463095,372.027,3.71654e-005,2.31154,1.25412,6.46638,-4.97908
0.463095,372.027,3.73228e-005,2.18691,1.30067,5.91187,-4.58408
0.463095,372.027,3.74803e-005,2.05364,1.34269,5.33706,-4.17442
0.463095,372.027,3.76378e-005,1.91227,1.38005,4.744,-3.75153
0.463095,372.027,3.77953e-005,1.76336,1.4126,4.13484,-3.31687
0.463095,372.027,3.79528e-005,1.60748,1.44025,3.51175,-2.87195
0.463095,372.027,3.81102e-005,1.44526,1.46291,2.87696,-2.41833
0.463095,372.027,3.82677e-005,1.27734,1.48049,2.23276,-1.95757
0.463095,372.027,3.84252e-005,1.10437,1.49294,1.58146,-1.49128
0.463095,372.027,3.85827e-005,0.927051,1.50023,0.925387,-1.02106
0.463095,372.027,3.87402e-005,0.74607,1.50233,0.266901,-0.548546
0.463095,372.027,3.88976e-005,0.562144,1.49925,-0.391639,-0.0753718
0.463095,372.027,3.90551e-005,0.376,1.49099,-1.04787,0.396831
0.463095,372.027,3.92126e-005,0.188372,1.47761,-1.69945,0.866436
0.463095,372.027,3.93701e-005,1.83691e-015,1.45916,-2.34405,1.33183
0.463095,372.027,3.95276e-005,-0.188372,1.4357,-2.97935,1.7914
0.463095,372.027,3.9685e-005,-0.376,1.40733,-3.6031,2.24359
0.463095,372.027,3.98425e-005,-0.562144,1.37415,-4.21306,2.68684
0.463095,372.027,4e-005,-0.74607,1.3363,-4.80706,3.11965
0.463095,372.027,4.01575e-005,-0.927051,1.29392,-5.383,3.54053
0.463095,372.027,4.0315e-005,-1.10437,1.24715,-5.93882,3.94806
0.463095,372.027,4.04724e-005,-1.27734,1.19619,-6.47255,4.34086
0.463095,372.027,4.06299e-005,-1.44526,1.14121,-6.98231,4.71762
0.463095,372.027,4.07874e-005,-1.60748,1.08242,-7.46631,5.07705
0.463095,372.027,4.09449e-005,-1.76336,1.02003,-7.92283,5.41797
0.463095,372.027,4.11024e-005,-1.91227,0.954284,-8.35028,5.73924
0.463095,372.027,4.12598e-005,-2.05364,0.885409,-8.74717,6.0398
0.463095,372.027,4.14173e-005,-2.18691,0.81366,-9.11212,6.31867
0.463095,372.027,4.15748e-005,-2.31154,0.739299,-9.44387,6.57494
0.463095,372.027,4.17323e-005,-2.42705,0.662596,-9.74129,6.80779
0.463095,372.027,4.18898e-005,-2.53298,0.583829,-10.0034,7.01649
0.463095,372.027,4.20472e-005,-2.62892,0.503284,-10.2292,7.20037
0.463095,372.027,4.22047e-005,-2.71448,0.421251,-10.4181,7.35888
0.463095,372.027,4.23622e-005,-2.78933,0.338027,-10.5695,7.49156
0.463095,372.027,4.25197e-005,-2.85317,0.253911,-10.6828,7.59803
0.463095,372.027,4.26772e-005,-2.90575,0.169205,-10.7577,7.678
0.463095,372.027,4.28346e-005,-2.94686,0.0842121,-10.7941,7.73129
0.463095,372.027,4.29921e-005,-2.97634,-0.00076304,-10.7918,7.75781
0.463095,372.027,4.31496e-005,-2.99408,-0.0854176,-10.7511,7.75757
0.463095,372.027,4.33071e-005,-3,-0.16945,-10.6722,7.73067
0.463095,372.027,4.34646e-005,-2.99408,-0.252563,-10.5553,7.6773
0.463095,372.027,4.3622e-005,-2.97634,-0.334461,-10.4011,7.59775
0.463095,372.027,4.37795e-005,-2.94686,-0.414856,-10.2102,7.49241
0.463095,372.027,4.3937e-005,-2.90575,-0.493465,-9.9833,7.36175
0.463095,372.027,4.40945e-005,-2.85317,-0.570012,-9.72145,7.20633
0.463095,372.027,4.4252e-005,-2.78933,-0.644229,-9.42564,7.0268
0.463095,372.027,4.44094e-005,-2.71448,-0.71586,-9.09705,6.82389
0.463095,372.027,4.45669e-005,-2.62892,-0.784655,-8.73695,6.59842
0.463095,372.027,4.47244e-005,-2.53298,-0.850377,-8.34675,6.35129
0.463095,372.027,4.48819e-005,-2.42705,-0.912802,-7.92796,6.08345
0.463095,372.027,4.50394e-005,-2.31154,-0.971717,-7.48219,5.79595
0.463095,372.027,4.51969e-005,-2.18691,-1.02692,-7.01114,5.4899
0.463095,372.027,4.53543e-005,-2.05364,-1.07823,-6.51662,5.16646
0.463095,372.027,4.55118e-005,-1.91227,-1.12548,-6.0005,4.82686
0.463095,372.027,4.56693e-005,-1.76336,-1.16851,-5.46473,4.47238
0.463095,372.027,4.58268e-005,-1.60748,-1.20718,-4.91134,4.10434
0.463095,372.027,4.59843e-005,-1.44526,-1.24138,-4.34242,3.72413
0.463095,372.027,4.61417e-005,-1.27734,-1.27098,-3.76009,3.33314
0.463095,372.027,4.62992e-005,-1.10437,-1.29592,-3.16653,2.93283
0.463095,372.027,4.64567e-005,-0.927051,-1.31611,-2.56397,2.52467
0.463095,372.027,4.66142e-005,-0.74607,-1.3315,-1.95463,2.11015
0.463095,372.027,4.67717e-005,-0.562144,-1.34205,-1.3408,1.69078
0.463095,372.027,4.69291e-005,-0.376,-1.34776,-0.724725,1.26808
0.463095,372.027,4.70866e-005,-0.188372,-1.34862,-0.108696,0.843593
0.463095,372.027,4.72441e-005,-2.20429e-015,-1.34464,0.505023,0.418832
0.463095,372.027,4.74016e-005,0.188372,-1.33587,1.11418,-0.00467615
0.463095,372.027,4.75591e-005,0.376,-1.32235,1.71654,-0.425421
0.463095,372.027,4.77165e-005,0.562144,-1.30416,2.30992,-0.84191
0.463095,372.027,4.7874e-005,0.74607,-1.28139,2.89214,-1.25267
0.463095,372.027,4.80315e-005,0.927051,-1.25414,3.46111,-1.65626
0.463095,372.027,4.8189e-005,1.10437,-1.22252,4.01477,-2.05126
0.463095,372.027,4.83465e-005,1.27734,-1.18669,4.55112,-2.43631
0.463095,372.027,4.85039e-005,1.44526,-1.14678,5.06826,-2.81007
0.463095,372.027,4.86614e-005,1.60748,-1.10297,5.56433,-3.17126
0.463095,372.027,4.88189e-005,1.76336,-1.05543,6.03758,-3.51865
0.463095,372.027,4.89764e-005,1.91227,-1.00435,6.48635,-3.85107
0.463095,372.027,4.91339e-005,2.05364,-0.949952,6.90906,-4.1674
0.463095,372.027,4.92913e-005,2.18691,-0.892438,7.30426,-4.4666
0.463095,372.027,4.94488e-005,2.31154,-0.832039,7.67057,-4.74768
0.463095,372.027,4.96063e-005,2.42705,-0.768994,8.00677,-5.00974
0.463095,372.027,4.97638e-005,2.53298,-0.703547,8.31172,-5.25194
0.463095,372.027,4.99213e-005,2.62892,-0.635954,8.58441,-5.47353
0.463095,372.027,5.00787e-005,2.71448,-0.566474,8.82397,-5.67383
0.463095,372.027,5.02362e-005,2.78933,-0.495374,9.02963,-5.85225
0.463095,372.027,5.03937e-005,2.85317,-0.422927,9.20079,-6.00827
0.463095,372.027,5.05512e-005,2.90575,-0.349408,9.33695,-6.14148
0.463095,372.027,5.07087e-005,2.94686,-0.275095,9.43775,-6.25153
0.463095,372.027,5.08661e-005,2.97634,-0.200268,9.50297,-6.33817
0.463095,372.027,5.10236e-005,2.99408,-0.125209,9.53252,-6.40125
0.463095,372.027,5.11811e-005,3,-0.0501975,9.52646,-6.44068
0.463095,372.027,5.13386e-005,2.99408,0.0244872,9.48496,-6.45649
0.463095,372.027,5.14961e-005,2.97634,0.0985687,9.40835,-6.44878
0.463095,372.027,5.16535e-005,2.94686,0.171774,9.29707,-6.41774
0.463095,372.027,5.1811e-005,2.90575,0.243835,9.15171,-6.36363
0.463095,372.027,5.19685e-005,2.85317,0.314488,8.97297,-6.28684
0.463095,372.027,5.2126e-005,2.78933,0.383478,8.76168,-6.18778
0.463095,372.027,5.22835e-005,2.71448,0.450555,8.51879,-6.067
0.463095,372.027,5.24409e-005,2.62892,0.515479,8.24537,-5.9251
0.463095,372.027,5.25984e-005,2.53298,0.578019,7.9426,-5.76274
0.463095,372.027,5.27559e-005,2.42705,0.637954,7.61177,-5.58069
0.463095,372.027,5.29134e-005,2.31154,0.695074,7.25427,-5.37976
0.463095,372.027,5.30709e-005,2.18691,0.749181,6.87159,-5.16084
0.463095,372.027,5.32283e-005,2.05364,0.800089,6.4653,-4.92487
0.463095,372.027,5.33858e-005,1.91227,0.847625,6.03706,-4.67288
0.463095,372.027,5.35433e-005,1.76336,0.89163,5.58861,-4.40591
0.463095,372.027,5.37008e-005,1.60748,0.931959,5.12176,-4.12508
0.463095,372.027,5.38583e-005,1.44526,0.968482,4.63838,-3.83155
0.463095,372.027,5.40157e-005,1.27734,1.00108,4.14041,-3.52652
0.463095,372.027,5.41732e-005,1.10437,1.02966,3.62981,-3.21121
0.463095,372.027,5.43307e-005,0.927051,1.05414,3.1086,-2.88691
0.463095,372.027,5.44882e-005,0.74607,1.07445,2.57884,-2.5549
0.463095,372.027,5.46457e-005,0.562144,1.09053,2.04259,-2.21649
0.463095,372.027,5.48031e-005,0.376,1.10236,1.50196,-1.87302
0.463095,372.027,5.49606e-005,0.188372,1.10991,0.959029,-1.52582
0.463095,372.027,5.51181e-005,2.57167e-015,1.11318,0.415907,-1.17624
0.463095,372.027,5.52756e-005,-0.188372,1.1122,-0.125317,-0.825629
0.463095,372.027,5.54331e-005,-0.376,1.10698,-0.662567,-0.475331
0.463095,372.027,5.55906e-005,-0.562144,1.09758,-1.19379,-0.126676
0.463095,372.027,5.5748e-005,-0.74607,1.08406,-1.71697,0.219018
0.463095,372.027,5.59055e-005,-0.927051,1.0665,-2.23013,0.560454
0.463095,372.027,5.6063e-005,-1.10437,1.04499,-2.73133,0.89636
0.463095,372.027,5.62205e-005,-1.27734,1.01965,-3.21869,1.22549
0.463095,372.027,5.6378e-005,-1.44526,0.990591,-3.6904,1.54664
0.463095,372.027,5.65354e-005,-1.60748,0.957956,-4.14471,1.85864
0.463095,372.027,5.66929e-005,-1.76336,0.921893,-4.57995,2.16036
0.463095,372.027,5.68504e-005,-1.91227,0.882566,-4.99452,2.45072
0.463095,372.027,5.70079e-005,-2.05364,0.840149,-5.38692,2.72869
0.463095,372.027,5.71654e-005,-2.18691,0.794829,-5.75575,2.9933
0.463095,372.027,5.73228e-005,-2.31154,0.7468,-6.09967,3.24364
0.463095,372.027,5.74803e-005,-2.42705,0.696268,-6.41749,3.47886
0.463095,372.027,5.76378e-005,-2.53298,0.643449,-6.70811,3.69815
0.463095,372.027,5.77953e-005,-2.62892,0.588563,-6.97052,3.90081
0.463095,372.027,5.79528e-005,-2.71448,0.531839,-7.20386,4.08619
0.463095,372.027,5.81102e-005,-2.78933,0.473514,-7.40736,4.2537
0.463095,372.027,5.82677e-005,-2.85317,0.413826,-7.58038,4.40284
0.463095,372.027,5.84252e-005,-2.90575,0.353019,-7.72241,4.53317
0.463095,372.027,5.85827e-005,-2.94686,0.291342,-7.83306,4.64436
0.463095,372.027,5.87402e-005,-2.97634,0.229042,-7.91205,4.73612
0.463095,372.027,5.88976e-005,-2.99408,0.166371,-7.95924,4.80826
0.463095,372.027,5.90551e-005,-3,0.103578,-7.97463,4.86066
0.463095,372.027,5.92126e-005,-2.99408,0.0409144,-7.95832,4.89328
0.463095,372.027,5.93701e-005,-2.97634,-0.0213733,-7.91054,4.90617
0.463095,372.027,5.95276e-005,-2.94686,-0.0830399,-7.83166,4.89944
0.463095,372.027,5.9685e-005,-2.90575,-0.143844,-7.72215,4.87329
0.463095,372.027,5.98425e-005,-2.85317,-0.20355,-7.58261,4.82798
0.463095,372.027,6e-005,-2.78933,-0.261926,-7.41376,4.76387
0.463095,372.027,6.01575e-005,-2.71448,-0.318748,-7.21643,4.68137
0.463095,372.027,6.0315e-005,-2.62892,-0.3738,-6.99155,4.58098
0.463095,372.027,6.04724e-005,-2.53298,-0.426872,-6.74016,4.46325
0.463095,372.027,6.06299e-005,-2.42705,-0.477765,-6.46343,4.3288
0.463095,372.027,6.07874e-005,-2.31154,-0.526289,-6.16258,4.17832
0.463095,372.027,6.09449e-005,-2.18691,-0.572265,-5.83894,4.01256
0.463095,372.027,6.11024e-005,-2.05364,-0.615524,-5.49394,3.83232
0.463095,372.027,6.12598e-005,-1.91227,-0.655911,-5.12907,3.63846
0.463095,372.027,6.14173e-005,-1.76336,-0.69328,-4.7459,3.43187
0.463095,372.027,6.15748e-005,-1.60748,-0.727501,-4.34607,3.21351
0.463095,372.027,6.17323e-005,-1.44526,-0.758456,-3.93127,2.98438
0.463095,372.027,6.18898e-005,-1.27734,-0.786041,-3.50326,2.7455
0.463095,372.027,6.20472e-005,-1.10437,-0.810165,-3.06383,2.49792
0.463095,372.027,6.22047e-005,-0.927051,-0.830754,-2.61481,2.24275
0.463095,372.027,6.23622e-005,-0.74607,-0.847747,-2.15807,1.9811
0.463095,372.027,6.25197e-005,-0.562144,-0.861098,-1.6955,1.71409
0.463095,372.027,6.26772e-005,-0.376,-0.870775,-1.22899,1.44288
0.463095,372.027,6.28346e-005,-0.188372,-0.876763,-0.760477,1.16862
0.463095,372.027,6.29921e-005,-2.93906e-015,-0.879061,-0.291858,0.892475
0.463095,372.027,6.31496e-005,0.188372,-0.877683,0.174958,0.615605
0.463095,372.027,6.33071e-005,0.376,-0.872659,0.638078,0.339169
0.463095,372.027,6.34646e-005,0.562144,-0.864032,1.09563,0.0643162
0.463095,372.027,6.3622e-005,0.74607,-0.85186,1.54579,-0.20782
0.463095,372.027,6.37795e-005,0.927051,-0.836217,1.98673,-0.476122
0.463095,372.027,6.3937e-005,1.10437,-0.817188,2.41671,-0.739498
0.463095,372.027,6.40945e-005,1.27734,-0.794872,2.83402,-0.996879
0.463095,372.027,6.4252e-005,1.44526,-0.769384,3.23701,-1.24723
0.463095,372.027,6.44094e-005,1.60748,-0.740848,3.6241,-1.48956
0.463095,372.027,6.45669e-005,1.76336,-0.709401,3.99376,-1.7229
0.463095,372.027,6.47244e-005,1.91227,-0.675192,4.34457,-1.94633
0.463095,372.027,6.48819e-005,2.05364,-0.638379,4.67516,-2.15899
0.463095,372.027,6.50394e-005,2.18691,-0.599133,4.98427,-2.36005
0.463095,372.027,6.51969e-005,2.31154,-0.557631,5.27073,-2.54876
0.463095,372.027,6.53543e-005,2.42705,-0.514061,5.53344,-2.72439
0.463095,372.027,6.55118e-005,2.53298,-0.468617,5.77143,-2.8863
0.463095,372.027,6.56693e-005,2.62892,-0.4215,5.98383,-3.03389
0.463095,372.027,6.58268e-005,2.71448,-0.372918,6.16987,-3.16665
0.463095,372.027,6.59843e-005,2.78933,-0.323084,6.3289,-3.2841
0.463095,372.027,6.61417e-005,2.85317,-0.272215,6.46036,-3.38586
0.463095,372.027,6.62992e-005,2.90575,-0.220532,6.56383,-3.4716
0.463095,372.027,6.64567e-005,2.94686,-0.168256,6.63899,-3.54106
0.463095,372.027,6.66142e-005,2.97634,-0.115613,6.68566,-3.59405
0.463095,372.027,6.67717e-005,2.99408,-0.0628278,6.70375,-3.63047
0.463095,372.027,6.69291e-005,3,-0.0101247,6.69329,-3.65025
0.463095,372.027,6.70866e-005,2.99408,0.0422726,6.65446,-3.65344
0.463095,372.027,6.72441e-005,2.97634,0.0941428,6.58751,-3.64013
0.463095,372.027,6.74016e-005,2.94686,0.145268,6.49285,-3.61048
0.463095,372.027,6.75591e-005,2.90575,0.195433,6.37096,-3.56472
0.463095,372.027,6.77165e-005,2.85317,0.244428,6.22246,-3.50317
0.463095,372.027,6.7874e-005,2.78933,0.292051,6.04807,-3.42619
0.463095,372.027,6.80315e-005,2.71448,0.338103,5.84862,-3.3342
0.463095,372.027,6.8189e-005,2.62892,0.382395,5.62502,-3.22771
0.463095,372.027,6.83465e-005,2.53298,0.424743,5.3783,-3.10727
0.463095,372.027,6.85039e-005,2.42705,0.464976,5.10958,-2.97349
0.463095,372.027,6.86614e-005,2.31154,0.50293,4.82006,-2.82705
0.463095,372.027,6.88189e-005,2.18691,0.538449,4.51102,-2.66864
0.463095,372.027,6.89764e-005,2.05364,0.571393,4.18383,-2.49905
0.463095,372.027,6.91339e-005,1.91227,0.601629,3.83993,-2.31909
0.463095,372.027,6.92913e-005,1.76336,0.629037,3.48081,-2.1296
0.463095,372.027,6.94488e-005,1.60748,0.653509,3.10804,-1.93147
0.463095,372.027,6.96063e-005,1.44526,0.674952,2.72323,-1.72564
0.463095,372.027,6.97638e-005,1.27734,0.693283,2.32803,-1.51306
0.463095,372.027,6.99213e-005,1.10437,0.708434,1.92415,-1.2947
0.463095,372.027,7.00787e-005,0.927051,0.72035,1.51332,-1.07158
0.463095,372.027,7.02362e-005,0.74607,0.72899,1.0973,-0.844694
0.463095,372.027,7.03937e-005,0.562144,0.734327,0.677848,-0.615091
0.463095,372.027,7.05512e-005,0.376,0.736349,0.256763,-0.383807
0.463095,372.027,7.07087e-005,0.188372,0.735056,-0.164171,-0.151886
0.463095,372.027,7.08661e-005,1.39646e-014,0.730464,-0.58317,0.0796279
0.463095,372.027,7.10236e-005,-0.188372,0.722603,-0.998464,0.309695
0.463095,372.027,7.11811e-005,-0.376,0.711514,-1.4083,0.537287
0.463095,372.027,7.13386e-005,-0.562144,0.697254,-1.81094,0.761386
0.463095,372.027,7.14961e-005,-0.74607,0.679894,-2.20471,0.980993
0.463095,372.027,7.16535e-005,-0.927051,0.659517,-2.58794,1.19513
0.463095,372.027,7.1811e-005,-1.10437,0.636217,-2.95902,1.40286
0.463095,372.027,7.19685e-005,-1.27734,0.610104,-3.31641,1.60324
0.463095,372.027,7.2126e-005,-1.44526,0.581296,-3.6586,1.7954
0.463095,372.027,7.22835e-005,-1.60748,0.549925,-3.98417,1.97848
0.463095,372.027,7.24409e-005,-1.76336,0.516131,-4.29176,2.15169
0.463095,372.027,7.25984e-005,-1.91227,0.480067,-4.58009,2.31425
0.463095,372.027,7.27559e-005,-2.05364,0.441895,-4.84796,2.46545
0.463095,372.027,7.29134e-005,-2.18691,0.401782,-5.09425,2.60463
0.463095,372.027,7.30709e-005,-2.31154,0.359909,-5.31795,2.73118
0.463095,372.027,7.32283e-005,-2.42705,0.316459,-5.51814,2.84453
0.463095,372.027,7.33858e-005,-2.53298,0.271624,-5.69398,2.9442
0.463095,372.027,7.35433e-005,-2.62892,0.225603,-5.84475,3.02976
0.463095,372.027,7.37008e-005,-2.71448,0.178596,-5.96984,3.10081
0.463095,372.027,7.38583e-005,-2.78933,0.130811,-6.06874,3.15706
0.463095,372.027,7.40157e-005,-2.85317,0.0824562,-6.14104,3.19826
0.463095,372.027,7.41732e-005,-2.90575,0.0337438,-6.18647,3.22423
0.463095,372.027,7.43307e-005,-2.94686,-0.0151132,-6.20484,3.23486
0.463095,372.027,7.44882e-005,-2.97634,-0.0639013,-6.19609,3.2301
0.463095,372.027,7.46457e-005,-2.99408,-0.112407,-6.16028,3.20997
0.463095,372.027,7.48031e-005,-3,-0.16042,-6.09757,3.17457
0.463095,372.027,7.49606e-005,-2.99408,-0.207729,-6.00823,3.12404
0.463095,372.027,7.51181e-005,-2.97634,-0.254128,-5.89266,3.05862
0.463095,372.027,7.52756e-005,-2.94686,-0.299414,-5.75135,2.97858
0.463095,372.027,7.54331e-005,-2.90575,-0.34339,-5.58491,2.88427
0.463095,372.027,7.55906e-005,-2.85317,-0.385862,-5.39405,2.77612
0.463095,372.027,7.5748e-005,-2.78933,-0.426647,-5.17959,2.65459
0.463095,372.027,7.59055e-005,-2.71448,-0.465563,-4.94242,2.52021
0.463095,372.027,7.6063e-005,-2.62892,-0.502442,-4.68357,2.37358
0.463095,372.027,7.62205e-005,-2.53298,-0.53712,-4.40412,2.21533
0.463095,372.027,7.6378e-005,-2.42705,-0.569445,-4.10526,2.04616
0.463095,372.027,7.65354e-005,-2.31154,-0.599274,-3.78825,1.8668
0.463095,372.027,7.66929e-005,-2.18691,-0.626474,-3.45444,1.67806
0.463095,372.027,7.68504e-005,-2.05364,-0.650924,-3.10522,1.48074
0.463095,372.027,7.70079e-005,-1.91227,-0.672516,-2.74209,1.27573
0.463095,372.027,7.71654e-005,-1.76336,-0.69115,-2.36657,1.06391
0.463095,372.027,7.73228e-005,-1.60748,-0.706742,-1.98024,0.846226
0.463095,372.027,7.74803e-005,-1.44526,-0.719221,-1.58474,0.62363
0.463095,372.027,7.76378e-005,-1.27734,-0.728526,-1.18175,0.397103
0.463095,372.027,7.77953e-005,-1.10437,-0.734612,-0.772951,0.167646
0.463095,372.027,7.79528e-005,-0.927051,-0.737447,-0.360085,-0.0637275
0.463095,372.027,7.81102e-005,-0.74607,-0.737014,0.0551053,-0.295994
0.463095,372.027,7.82677e-005,-0.562144,-0.733306,0.470864,-0.528125
0.463095,372.027,7.84252e-005,-0.376,-0.726334,0.885431,-0.759087
0.463095,372.027,7.85827e-005,-0.188372,-0.716121,1.29705,-0.987854
0.463095,372.027,7.87402e-005,-3.67382e-015,-0.702704,1.70397,-1.2134
0.463095,372.027,7.88976e-005,0.188372,-0.686133,2.10448,-1.43473
0.463095,372.027,7.90551e-005,0.376,-0.666473,2.49686,-1.65083
0.463095,372.027,7.92126e-005,0.562144,-0.6438,2.87945,-1.86075
0.463095,372.027,7.93701e-005,0.74607,-0.618205,3.25062,-2.06352
0.463095,372.027,7.95276e-005,0.927051,-0.589789,3.60877,-2.25823
0.463095,372.027,7.9685e-005,1.10437,-0.558668,3.95239,-2.44399
0.463095,372.027,7.98425e-005,1.27734,-0.524967,4.27999,-2.61995
0.463095,372.027,8e-005,1.44526,-0.488824,4.59017,-2.78529
0.463095,372.027,8.01575e-005,1.60748,-0.450386,4.88159,-2.93925
0.463095,372.027,8.0315e-005,1.76336,-0.409812,5.15299,-3.0811
0.463095,372.027,8.04724e-005,1.91227,-0.367267,5.40319,-3.21018
0.463095,372.027,8.06299e-005,2.05364,-0.322928,5.63109,-3.32585
0.463095,372.027,8.07874e-005,2.18691,-0.276977,5.83569,-3.42756
0.463095,372.027,8.09449e-005,2.31154,-0.229607,6.01608,-3.5148
0.463095,372.027,8.11024e-005,2.42705,-0.181012,6.17146,-3.58712
0.463095,372.027,8.12598e-005,2.53298,-0.131397,6.30111,-3.64413
0.463095,372.027,8.14173e-005,2.62892,-0.0809686,6.40445,-3.68551
0.463095,372.027,8.15748e-005,2.71448,-0.0299374,6.48096,-3.71102
0.463095,372.027,8.17323e-005,2.78933,0.0214821,6.53028,-3.72044
0.463095,372.027,8.18898e-005,2.85317,0.0730737,6.55213,-3.71368
0.463095,372.027,8.20472e-005,2.90575,0.12462,6.54635,-3.69066
0.463095,372.027,8.22047e-005,2.94686,0.175903,6.51291,-3.65141
0.463095,372.027,8.23622e-005,2.97634,0.226705,6.45185,-3.59601
0.463095,372.027,8.25197e-005,2.99408,0.27681,6.36339,-3.52461
0.463095,372.027,8.26772e-005,3,0.326005,6.2478,-3.43742
0.463095,372.027,8.28346e-005,2.99408,0.37408,6.1055,-3.33474
0.463095,372.027,8.29921e-005,2.97634,0.420828,5.93701,-3.21692
0.463095,372.027,8.31496e-005,2.94686,0.466048,5.74296,-3.08438
0.463095,372.027,8.33071e-005,2.90575,0.509545,5.52408,-2.93759
0.463095,372.027,8.34646e-005,2.85317,0.551129,5.28122,-2.77711
0.463095,372.027,8.3622e-005,2.78933,0.59062,5.01531,-2.60352
0.463095,372.027,8.37795e-005,2.71448,0.627843,4.72738,-2.4175
0.463095,372.027,8.3937e-005,2.62892,0.662635,4.41858,-2.21975
0.463095,372.027,8.40945e-005,2.53298,0.694841,4.0901,-2.01105
0.463095,372.027,8.4252e-005,2.42705,0.724315,3.74326,-1.7922
0.463095,372.027,8.44094e-005,2.31154,0.750925,3.37943,-1.56407
0.463095,372.027,8.45669e-005,2.18691,0.774548,3.00005,-1.32756
0.463095,372.027,8.47244e-005,2.05364,0.795072,2.60665,-1.08361
0.463095,372.027,8.48819e-005,1.91227,0.812402,2.20081,-0.833192
0.463095,372.027,8.50394e-005,1.76336,0.82645,1.78415,-0.577317
0.463095,372.027,8.51969e-005,1.60748,0.837146,1.35835,-0.317018
0.463095,372.027,8.53543e-005,1.44526,0.84443,0.925134,-0.0533502
0.463095,372.027,8.55118e-005,1.27734,0.848259,0.486258,0.212612
0.463095,372.027,8.56693e-005,1.10437,0.848601,0.0435027,0.47978
0.463095,372.027,8.58268e-005,0.927051,0.845441,-0.401331,0.747056
0.463095,372.027,8.59843e-005,0.74607,0.838777,-0.846428,1.01334
0.463095,372.027,8.61417e-005,0.562144,0.828619,-1.28997,1.27752
0.463095,372.027,8.62992e-005,0.376,0.814996,-1.73014,1.5385
0.463095,372.027,8.64567e-005,0.188372,0.797948,-2.16513,1.79519
0.463095,372.027,8.66142e-005,1.46993e-014,0.77753,-2.59314,2.04651
0.463095,372.027,8.67717e-005,-0.188372,0.75381,-3.01242,2.29141
0.463095,372.027,8.69291e-005,-0.376,0.726871,-3.42122,2.52883
0.463095,372.027,8.70866e-005,-0.562144,0.696809,-3.81784,2.75776
0.463095,372.027,8.72441e-005,-0.74607,0.663733,-4.20064,2.97723
0.463095,372.027,8.74016e-005,-0.927051,0.627765,-4.56801,3.18628
0.463095,372.027,8.75591e-005,-1.10437,0.589037,-4.91842,3.384
0.463095,372.027,8.77165e-005,-1.27734,0.547696,-5.25038,3.56952
0.463095,372.027,8.7874e-005,-1.44526,0.503896,-5.56248,3.74203
0.463095,372.027,8.80315e-005,-1.60748,0.457807,-5.8534,3.90073
0.463095,372.027,8.8189e-005,-1.76336,0.409603,-6.1219,4.04493
0.463095,372.027,8.83465e-005,-1.91227,0.35947,-6.3668,4.17393
0.463095,372.027,8.85039e-005,-2.05364,0.307604,-6.58705,4.28715
0.463095,372.027,8.86614e-005,-2.18691,0.254205,-6.78166,4.38404
0.463095,372.027,8.88189e-005,-2.31154,0.199482,-6.94978,4.4641
0.463095,372.027,8.89764e-005,-2.42705,0.143651,-7.09063,4.52693
0.463095,372.027,8.91339e-005,-2.53298,0.0869296,-7.20356,4.57217
0.463095,372.027,8.92913e-005,-2.62892,0.0295436,-7.28802,4.59955
0.463095,372.027,8.94488e-005,-2.71448,-0.0282799,-7.34358,4.60886
0.463095,372.027,8.96063e-005,-2.78933,-0.0863106,-7.36991,4.59995
0.463095,372.027,8.97638e-005,-2.85317,-0.144317,-7.36681,4.57277
0.463095,372.027,8.99213e-005,-2.90575,-0.202067,-7.3342,4.52731
0.463095,372.027,9.00787e-005,-2.94686,-0.259327,-7.27211,4.46367
0.463095,372.027,9.02362e-005,-2.97634,-0.315868,-7.18069,4.38199
0.463095,372.027,9.03937e-005,-2.99408,-0.37146,-7.0602,4.28251
0.463095,372.027,9.05512e-005,-3,-0.425878,-6.91105,4.16551
0.463095,372.027,9.07087e-005,-2.99408,-0.478899,-6.73371,4.03138
0.463095,372.027,9.08661e-005,-2.97634,-0.530307,-6.52882,3.88054
0.463095,372.027,9.10236e-005,-2.94686,-0.579891,-6.2971,3.71352
0.463095,372.027,9.11811e-005,-2.90575,-0.627445,-6.03937,3.53087
0.463095,372.027,9.13386e-005,-2.85317,-0.672773,-5.7566,3.33325
0.463095,372.027,9.14961e-005,-2.78933,-0.715684,-5.44981,3.12136
0.463095,372.027,9.16535e-005,-2.71448,-0.756001,-5.12015,2.89594
0.463095,372.027,9.1811e-005,-2.62892,-0.793551,-4.76886,2.65783
0.463095,372.027,9.19685e-005,-2.53298,-0.828175,-4.39727,2.4079
0.463095,372.027,9.2126e-005,-2.42705,-0.859724,-4.00677,2.14705
0.463095,372.027,9.22835e-005,-2.31154,-0.888062,-3.59887,1.87627
0.463095,372.027,9.24409e-005,-2.18691,-0.913063,-3.17512,1.59657
0.463095,372.027,9.25984e-005,-2.05364,-0.934615,-2.73715,1.30899
0.463095,372.027,9.27559e-005,-1.91227,-0.95262,-2.28665,1.01462
0.463095,372.027,9.29134e-005,-1.76336,-0.966993,-1.82536,0.714586
0.463095,372.027,9.30709e-005,-1.60748,-0.977663,-1.35507,0.410021
0.463095,372.027,9.32283e-005,-1.44526,-0.984573,-0.877619,0.102096
0.463095,372.027,9.33858e-005,-1.27734,-0.987682,-0.39486,-0.208006
0.463095,372.027,9.35433e-005,-1.10437,-0.986963,0.0913149,-0.519087
0.463095,372.027,9.37008e-005,-0.927051,-0.982404,0.579,-0.829942
0.463095,372.027,9.38583e-005,-0.74607,-0.974008,1.06628,-1.13936
0.463095,372.027,9.40157e-005,-0.562144,-0.961794,1.55123,-1.44613
0.463095,372.027,9.41732e-005,-0.376,-0.945795,2.03193,-1.74906
0.463095,372.027,9.43307e-005,-0.188372,-0.926059,2.50649,-2.04695
0.463095,372.027,9.44882e-005,-4.40858e-015,-0.902649,2.97301,-2.33862
0.463095,372.027,0.000866299,0.188372,-0.941495,2.27558,-1.42997
0.463095,372.027,0.000866457,0.376,-0.919861,2.74747,-1.72651
0.463095,372.027,0.000866614,0.562144,-0.894597,3.20851,-2.01623
0.463095,372.027,0.000866772,0.74607,-0.865803,3.65689,-2.29799
0.463095,372.027,0.000866929,0.927051,-0.833591,4.09084,-2.57068
0.463095,372.027,0.000867087,1.10437,-0.79809,4.50865,-2.83323
0.463095,372.027,0.000867244,1.27734,-0.759439,4.90866,-3.0846
0.463095,372.027,0.000867402,1.44526,-0.717791,5.2893,-3.32379
0.463095,372.027,0.000867559,1.60748,-0.67331,5.64906,-3.54987
0.463095,372.027,0.000867717,1.76336,-0.626172,5.98653,-3.76194
0.463095,372.027,0.000867874,1.91227,-0.576563,6.30038,-3.95915
0.463095,372.027,0.000868031,2.05364,-0.524678,6.58936,-4.14075
0.463095,372.027,0.000868189,2.18691,-0.470723,6.85233,-4.306
0.463095,372.027,0.000868346,2.31154,-0.41491,7.08826,-4.45426
0.463095,372.027,0.000868504,2.42705,-0.357459,7.29622,-4.58494
0.463095,372.027,0.000868661,2.53298,-0.298598,7.47538,-4.69753
0.463095,372.027,0.000868819,2.62892,-0.238558,7.62505,-4.79157
0.463095,372.027,0.000868976,2.71448,-0.177577,7.74461,-4.86671
0.463095,372.027,0.000869134,2.78933,-0.115895,7.83362,-4.92264
0.463095,372.027,0.000869291,2.85317,-0.0537555,7.8917,-4.95914
0.463095,372.027,0.000869449,2.90575,0.00859601,7.91865,-4.97607
0.463095,372.027,0.000869606,2.94686,0.0709136,7.91434,-4.97337
0.463095,372.027,0.000869764,2.97634,0.132951,7.8788,-4.95103
0.463095,372.027,0.000869921,2.99408,0.194464,7.81216,-4.90916
0.463095,372.027,0.000870079,3,0.25521,7.71469,-4.84791
0.463095,372.027,0.000870236,2.99408,0.314948,7.58678,-4.76753
0.463095,372.027,0.000870394,2.97634,0.373444,7.42892,-4.66833
0.463095,372.027,0.000870551,2.94686,0.430466,7.24175,-4.55071
0.463095,372.027,0.000870709,2.90575,0.485788,7.02599,-4.41513
0.463095,372.027,0.000870866,2.85317,0.539194,6.78251,-4.26213
0.463095,372.027,0.000871024,2.78933,0.590472,6.51226,-4.0923
0.463095,372.027,0.000871181,2.71448,0.639419,6.21631,-3.90633
0.463095,372.027,0.000871339,2.62892,0.685843,5.89583,-3.70493
0.463095,372.027,0.000871496,2.53298,0.72956,5.55208,-3.48892
0.463095,372.027,0.000871654,2.42705,0.770398,5.18641,-3.25914
0.463095,372.027,0.000871811,2.31154,0.808195,4.80028,-3.01649
0.463095,372.027,0.000871969,2.18691,0.842803,4.3952,-2.76194
0.463095,372.027,0.000872126,2.05364,0.874085,3.97278,-2.49649
0.463095,372.027,0.000872283,1.91227,0.901917,3.53468,-2.22119
0.463095,372.027,0.000872441,1.76336,0.92619,3.08263,-1.93712
0.463095,372.027,0.000872598,1.60748,0.946807,2.61841,-1.64541
0.463095,372.027,0.000872756,1.44526,0.963688,2.14386,-1.3472
0.463095,372.027,0.000872913,1.27734,0.976766,1.66085,-1.04368
0.463095,372.027,0.000873071,1.10437,0.985988,1.17129,-0.736036
0.463095,372.027,0.000873228,0.927051,0.99132,0.677099,-0.425489
0.463095,372.027,0.000873386,0.74607,0.992739,0.180239,-0.113262
0.463095,372.027,0.000873543,0.562144,0.99024,-0.317333,0.199412
0.463095,372.027,0.000873701,0.376,0.983834,-0.813652,0.511298
0.463095,372.027,0.000873858,0.188372,0.973544,-1.30676,0.821167
0.463095,372.027,0.000874016,8.80497e-015,0.959413,-1.79471,1.1278
0.463095,372.027,0.000874173,-0.188372,0.941495,-2.27558,1.42997
0.463095,372.027,0.000874331,-0.376,0.919861,-2.74747,1.72651
0.463095,372.027,0.000874488,-0.562144,0.894597,-3.20851,2.01623
0.463095,372.027,0.000874646,-0.74607,0.865803,-3.65689,2.29799
0.463095,372.027,0.000874803,-0.927051,0.833591,-4.09084,2.57068
0.463095,372.027,0.000874961,-1.10437,0.79809,-4.50865,2.83323
0.463095,372.027,0.000875118,-1.27734,0.759439,-4.90866,3.0846
0.463095,372.027,0.000875276,-1.44526,0.717791,-5.2893,3.32379
0.463095,372.027,0.000875433,-1.60748,0.67331,-5.64906,3.54987
0.463095,372.027,0.000875591,-1.76336,0.626172,-5.98653,3.76193
0.463095,372.027,0.000875748,-1.91227,0.576563,-6.30038,3.95915
0.463095,372.027,0.000875906,-2.05364,0.524678,-6.58936,4.14075
0.463095,372.027,0.000876063,-2.18691,0.470723,-6.85233,4.306
0.463095,372.027,0.00087622,-2.31154,0.41491,-7.08826,4.45426
0.463095,372.027,0.000876378,-2.42705,0.357459,-7.29622,4.58494
0.463095,372.027,0.000876535,-2.53298,0.298598,-7.47538,4.69753
0.463095,372.027,0.000876693,-2.62892,0.238558,-7.62504,4.79157
0.463095,372.027,0.00087685,-2.71448,0.177577,-7.74461,4.86671
0.463095,372.027,0.000877008,-2.78933,0.115895,-7.83362,4.92264
0.463095,372.027,0.000877165,-2.85317,0.0537557,-7.8917,4.95914
0.463095,372.027,0.000877323,-2.90575,-0.00859581,-7.91865,4.97607
0.463095,372.027,0.00087748,-2.94686,-0.0709134,-7.91434,4.97337
0.463095,372.027,0.000877638,-2.97634,-0.132951,-7.8788,4.95103
0.463095,372.027,0.000877795,-2.99408,-0.194464,-7.81216,4.90916
0.463095,372.027,0.000877953,-3,-0.25521,-7.71469,4.84791
0.463095,372.027,0.00087811,-2.99408,-0.314948,-7.58678,4.76753
0.463095,372.027,0.000878268,-2.97634,-0.373444,-7.42892,4.66833
0.463095,372.027,0.000878425,-2.94686,-0.430465,-7.24175,4.55071
0.463095,372.027,0.000878583,-2.90575,-0.485788,-7.02599,4.41513
0.463095,372.027,0.00087874,-2.85317,-0.539194,-6.78251,4.26213
0.463095,372.027,0.000878898,-2.78933,-0.590471,-6.51226,4.0923
0.463095,372.027,0.000879055,-2.71448,-0.639419,-6.21631,3.90633
0.463095,372.027,0.000879213,-2.62892,-0.685843,-5.89583,3.70493
0.463095,372.027,0.00087937,-2.53298,-0.72956,-5.55208,3.48892
0.463095,372.027,0.000879528,-2.42705,-0.770398,-5.18641,3.25914
0.463095,372.027,0.000879685,-2.31154,-0.808195,-4.80028,3.01649
0.463095,372.027,0.000879843,-2.18691,-0.842803,-4.3952,2.76194
0.463095,372.027,0.00088,-2.05364,-0.874085,-3.97278,2.49649
0.463095,372.027,0.000880157,-1.91227,-0.901917,-3.53468,2.22119
0.463095,372.027,0.000880315,-1.76336,-0.92619,-3.08263,1.93712
0.463095,372.027,0.000880472,-1.60748,-0.946807,-2.61841,1.64541
0.463095,372.027,0.00088063,-1.44526,-0.963688,-2.14386,1.3472
0.463095,372.027,0.000880787,-1.27734,-0.976765,-1.66085,1.04368
0.463095,372.027,0.000880945,-1.10437,-0.985988,-1.17129,0.736037
0.463095,372.027,0.000881102,-0.927051,-0.99132,-0.6771,0.42549
0.463095,372.027,0.00088126,-0.74607,-0.992739,-0.18024,0.113263
0.463095,372.027,0.000881417,-0.562144,-0.99024,0.317332,-0.199411
0.463095,372.027,0.000881575,-0.376,-0.983834,0.813651,-0.511297
0.463095,372.027,0.000881732,-0.188372,-0.973544,1.30676,-0.821166
0.463095,372.027,0.00088189,-4.11468e-014,-0.959412,1.79471,-1.12779
0.463095,372.027,0.000882047,0.188372,-0.941495,2.27558,-1.42997
0.463095,372.027,0.000882205,0.376,-0.919861,2.74747,-1.72651
0.463095,372.027,0.000882362,0.562144,-0.894597,3.20851,-2.01623
0.463095,372.027,0.00088252,0.74607,-0.865803,3.65689,-2.29799
0.463095,372.027,0.000882677,0.927051,-0.833591,4.09084,-2.57068
0.463095,372.027,0.000882835,1.10437,-0.79809,4.50865,-2.83323
0.463095,372.027,0.000882992,1.27734,-0.759439,4.90866,-3.0846
0.463095,372.027,0.00088315,1.44526,-0.717791,5.2893,-3.32379
0.463095,372.027,0.000883307,1.60748,-0.673311,5.64906,-3.54987
0.463095,372.027,0.000883465,1.76336,-0.626172,5.98653,-3.76193
0.463095,372.027,0.000883622,1.91227,-0.576563,6.30038,-3.95915
0.463095,372.027,0.00088378,2.05364,-0.524678,6.58936,-4.14075
0.463095,372.027,0.000883937,2.18691,-0.470723,6.85233,-4.306
0.463095,372.027,0.000884094,2.31154,-0.41491,7.08826,-4.45426
0.463095,372.027,0.000884252,2.42705,-0.357459,7.29622,-4.58494
0.463095,372.027,0.000884409,2.53298,-0.298598,7.47538,-4.69753
0.463095,372.027,0.000884567,2.62892,-0.238558,7.62504,-4.79157
0.463095,372.027,0.000884724,2.71448,-0.177577,7.74461,-4.86671
0.463095,372.027,0.000884882,2.78933,-0.115895,7.83362,-4.92264
0.463095,372.027,0.000885039,2.85317,-0.0537558,7.8917,-4.95914
0.463095,372.027,0.000885197,2.90575,0.0085957,7.91865,-4.97607
0.463095,372.027,0.000885354,2.94686,0.0709133,7.91434,-4.97336
0.463095,372.027,0.000885512,2.97634,0.132951,7.8788,-4.95103
0.463095,372.027,0.000885669,2.99408,0.194464,7.81216,-4.90916
0.463095,372.027,0.000885827,3,0.25521,7.71469,-4.84791
0.463095,372.027,0.000885984,2.99408,0.314948,7.58678,-4.76753
0.463095,372.027,0.000886142,2.97634,0.373444,7.42892,-4.66833
0.463095,372.027,0.000886299,2.94686,0.430465,7.24175,-4.55071
0.463095,372.027,0.000886457,2.90575,0.485788,7.02599,-4.41513
0.463095,372.027,0.000886614,2.85317,0.539194,6.78251,-4.26213
0.463095,372.027,0.000886772,2.78933,0.590471,6.51226,-4.0923
0.463095,372.027,0.000886929,2.71448,0.639419,6.21631,-3.90633
0.463095,372.027,0.000887087,2.62892,0.685842,5.89583,-3.70493
0.463095,372.027,0.000887244,2.53298,0.72956,5.55208,-3.48892
0.463095,372.027,0.000887402,2.42705,0.770397,5.18641,-3.25914
0.463095,372.027,0.000887559,2.31154,0.808195,4.80028,-3.01649
0.463095,372.027,0.000887717,2.18691,0.842803,4.3952,-2.76194
0.463095,372.027,0.000887874,2.05364,0.874085,3.97278,-2.49649
0.463095,372.027,0.000888031,1.91227,0.901917,3.53468,-2.22119
0.463095,372.027,0.000888189,1.76336,0.926189,3.08263,-1.93712
0.463095,372.027,0.000888346,1.60748,0.946807,2.61841,-1.64541
0.463095,372.027,0.000888504,1.44526,0.963688,2.14386,-1.3472
0.463095,372.027,0.000888661,1.27734,0.976765,1.66085,-1.04368
0.463095,372.027,0.000888819,1.10437,0.985988,1.17129,-0.736037
0.463095,372.027,0.000888976,0.927051,0.99132,0.6771,-0.42549
0.463095,372.027,0.000889134,0.74607,0.992739,0.18024,-0.113263
0.463095,372.027,0.000889291,0.562144,0.99024,-0.317332,0.19941
0.463095,372.027,0.000889449,0.376,0.983833,-0.813651,0.511297
0.463095,372.027,0.000889606,0.188372,0.973544,-1.30676,0.821166
0.463095,372.027,0.000889764,7.34886e-014,0.959412,-1.79471,1.12779
0.463095,372.027,0.000889921,-0.188372,0.941494,-2.27558,1.42997
0.463095,372.027,0.000890079,-0.376,0.919861,-2.74747,1.7265
0.463095,372.027,0.000890236,-0.562144,0.894597,-3.20851,2.01622
0.463095,372.027,0.000890394,-0.74607,0.865803,-3.65689,2.29799
0.463095,372.027,0.000890551,-0.927051,0.833591,-4.09084,2.57068
0.463095,372.027,0.000890709,-1.10437,0.79809,-4.50865,2.83323
0.463095,372.027,0.000890866,-1.27734,0.759439,-4.90866,3.0846
0.463095,372.027,0.000891024,-1.44526,0.717791,-5.2893,3.32379
0.463095,372.027,0.000891181,-1.60748,0.67331,-5.64906,3.54987
0.463095,372.027,0.000891339,-1.76336,0.626172,-5.98653,3.76193
0.463095,372.027,0.000891496,-1.91227,0.576563,-6.30038,3.95915
0.463095,372.027,0.000891654,-2.05364,0.524678,-6.58936,4.14075
0.463095,372.027,0.000891811,-2.18691,0.470723,-6.85233,4.306
0.463095,372.027,0.000891969,-2.31154,0.41491,-7.08826,4.45426
0.463095,372.027,0.000892126,-2.42705,0.357459,-7.29622,4.58494
0.463095,372.027,0.000892283,-2.53298,0.298598,-7.47538,4.69752
0.463095,372.027,0.000892441,-2.62892,0.238558,-7.62504,4.79157
0.463095,372.027,0.000892598,-2.71448,0.177577,-7.74461,4.86671
0.463095,372.027,0.000892756,-2.78933,0.115895,-7.83361,4.92264
0.463095,372.027,0.000892913,-2.85317,0.0537558,-7.8917,4.95914
0.463095,372.027,0.000893071,-2.90575,-0.00859569,-7.91865,4.97607
0.463095,372.027,0.000893228,-2.94686,-0.0709133,-7.91434,4.97336
0.463095,372.027,0.000893386,-2.97634,-0.132951,-7.87879,4.95103
0.463095,372.027,0.000893543,-2.99408,-0.194464,-7.81216,4.90915
0.463095,372.027,0.000893701,-3,-0.25521,-7.71469,4.84791
0.463095,372.027,0.000893858,-2.99408,-0.314948,-7.58678,4.76753
0.463095,372.027,0.000894016,-2.97634,-0.373444,-7.42892,4.66833
0.463095,372.027,0.000894173,-2.94686,-0.430465,-7.24175,4.55071
0.463095,372.027,0.000894331,-2.90575,-0.485788,-7.02599,4.41513
0.463095,372.027,0.000894488,-2.85317,-0.539194,-6.78251,4.26213
0.463095,372.027,0.000894646,-2.78933,-0.590471,-6.51226,4.0923
0.463095,372.027,0.000894803,-2.71448,-0.639419,-6.21631,3.90633
0.463095,372.027,0.000894961,-2.62892,-0.685842,-5.89583,3.70493
0.463095,372.027,0.000895118,-2.53298,-0.729559,-5.55207,3.48892
0.463095,372.027,0.000895276,-2.42705,-0.770397,-5.18641,3.25914
0.463095,372.027,0.000895433,-2.31154,-0.808195,-4.80028,3.01649
0.463095,372.027,0.000895591,-2.18691,-0.842803,-4.3952,2.76194
0.463095,372.027,0.000895748,-2.05364,-0.874085,-3.97278,2.49649
0.463095,372.027,0.000895906,-1.91227,-0.901917,-3.53468,2.22119
0.463095,372.027,0.000896063,-1.76336,-0.926189,-3.08263,1.93712
0.463095,372.027,0.00089622,-1.60748,-0.946807,-2.61841,1.64541
0.463095,372.027,0.000896378,-1.44526,-0.963688,-2.14386,1.3472
0.463095,372.027,0.000896535,-1.27734,-0.976765,-1.66085,1.04368
0.463095,372.027,0.000896693,-1.10437,-0.985988,-1.17129,0.736037
0.463095,372.027,0.00089685,-0.927051,-0.991319,-0.6771,0.42549
0.463095,372.027,0.000897008,-0.74607,-0.992739,-0.18024,0.113263
0.463095,372.027,0.000897165,-0.562144,-0.99024,0.317332,-0.199411
0.463095,372.027,0.000897323,-0.376,-0.983833,0.813651,-0.511297
0.463095,372.027,0.00089748,-0.188372,-0.973544,1.30676,-0.821166
0.463095,372.027,0.000897638,-1.0583e-013,-0.959412,1.79471,-1.12779
0.463095,372.027,0.000897795,0.188372,-0.941494,2.27558,-1.42997
0.463095,372.027,0.000897953,0.376,-0.919861,2.74746,-1.7265
0.463095,372.027,0.00089811,0.562144,-0.894597,3.20851,-2.01622
0.463095,372.027,0.000898268,0.74607,-0.865802,3.65689,-2.29799
0.463095,372.027,0.000898425,0.927051,-0.833591,4.09084,-2.57068
0.463095,372.027,0.000898583,1.10437,-0.79809,4.50865,-2.83323
0.463095,372.027,0.00089874,1.27734,-0.759439,4.90866,-3.0846
0.463095,372.027,0.000898898,1.44526,-0.717791,5.2893,-3.32379
0.463095,372.027,0.000899055,1.60748,-0.67331,5.64906,-3.54987
0.463095,372.027,0.000899213,1.76336,-0.626172,5.98653,-3.76193
0.463095,372.027,0.00089937,1.91227,-0.576563,6.30038,-3.95915
0.463095,372.027,0.000899528,2.05364,-0.524678,6.58936,-4.14075
0.463095,372.027,0.000899685,2.18691,-0.470723,6.85233,-4.306
0.463095,372.027,0.000899843,2.31154,-0.41491,7.08826,-4.45426
0.463095,372.027,0.0009,2.42705,-0.357459,7.29622,-4.58494
0.463095,372.027,0.000900157,2.53298,-0.298598,7.47538,-4.69752
0.463095,372.027,0.000900315,2.62892,-0.238558,7.62504,-4.79157
0.463095,372.027,0.000900472,2.71448,-0.177577,7.74461,-4.86671
0.463095,372.027,0.00090063,2.78933,-0.115895,7.83361,-4.92264
0.463095,372.027,0.000900787,2.85317,-0.0537558,7.8917,-4.95914
0.463095,372.027,0.000900945,2.90575,0.00859577,7.91864,-4.97607
0.463095,372.027,0.000901102,2.94686,0.0709134,7.91434,-4.97336
0.463095,372.027,0.00090126,2.97634,0.132951,7.87879,-4.95103
0.463095,372.027,0.000901417,2.99408,0.194464,7.81216,-4.90915
0.463095,372.027,0.000901575,3,0.25521,7.71469,-4.84791
0.463095,372.027,0.000901732,2.99408,0.314948,7.58678,-4.76752
0.463095,372.027,0.00090189,2.97634,0.373444,7.42892,-4.66833
0.463095,372.027,0.000902047,2.94686,0.430465,7.24175,-4.55071
0.463095,372.027,0.000902205,2.90575,0.485788,7.02599,-4.41513
0.463095,372.027,0.000902362,2.85317,0.539194,6.78251,-4.26212
0.463095,372.027,0.00090252,2.78933,0.590471,6.51226,-4.0923
0.463095,372.027,0.000902677,2.71448,0.639419,6.21631,-3.90632
0.463095,372.027,0.000902835,2.62892,0.685842,5.89583,-3.70493
0.463095,372.027,0.000902992,2.53298,0.729559,5.55207,-3.48892
0.463095,372.027,0.00090315,2.42705,0.770397,5.18641,-3.25914
0.463095,372.027,0.000903307,2.31154,0.808195,4.80028,-3.01649
0.463095,372.027,0.000903465,2.18691,0.842803,4.3952,-2.76194
0.463095,372.027,0.000903622,2.05364,0.874084,3.97278,-2.49649
0.463095,372.027,0.00090378,1.91227,0.901917,3.53468,-2.22119
0.463095,372.027,0.000903937,1.76336,0.926189,3.08263,-1.93712
0.463095,372.027,0.000904094,1.60748,0.946807,2.61841,-1.64541
0.463095,372.027,0.000904252,1.44526,0.963688,2.14386,-1.3472
0.463095,372.027,0.000904409,1.27734,0.976765,1.66085,-1.04368
0.463095,372.027,0.000904567,1.10437,0.985988,1.17129,-0.736036
0.463095,372.027,0.000904724,0.927051,0.991319,0.677099,-0.425489
0.463095,372.027,0.000904882,0.74607,0.992739,0.180239,-0.113262
0.463095,372.027,0.000905039,0.562144,0.99024,-0.317332,0.199411
0.463095,372.027,0.000905197,0.376,0.983833,-0.813651,0.511298
0.463095,372.027,0.000905354,0.188372,0.973544,-1.30676,0.821167
0.463095,372.027,0.000905512,-3.23581e-014,0.959412,-1.79471,1.12779
0.463095,372.027,0.000905669,-0.188372,0.941494,-2.27558,1.42997
0.463095,372.027,0.000905827,-0.376,0.919861,-2.74747,1.72651
0.463095,372.027,0.000905984,-0.562144,0.894597,-3.20851,2.01623
0.463095,372.027,0.000906142,-0.74607,0.865802,-3.65689,2.29799
0.463095,372.027,0.000906299,-0.927051,0.833591,-4.09084,2.57068
0.463095,372.027,0.000906457,-1.10437,0.79809,-4.50865,2.83323
0.463095,372.027,0.000906614,-1.27734,0.759439,-4.90866,3.0846
0.463095,372.027,0.000906772,-1.44526,0.717791,-5.2893,3.32379
0.463095,372.027,0.000906929,-1.60748,0.67331,-5.64906,3.54987
0.463095,372.027,0.000907087,-1.76336,0.626172,-5.98653,3.76193
0.463095,372.027,0.000907244,-1.91227,0.576563,-6.30038,3.95915
0.463095,372.027,0.000907402,-2.05364,0.524678,-6.58936,4.14075
0.463095,372.027,0.000907559,-2.18691,0.470723,-6.85233,4.306
0.463095,372.027,0.000907717,-2.31154,0.41491,-7.08826,4.45426
0.463095,372.027,0.000907874,-2.42705,0.357459,-7.29622,4.58494
0.463095,372.027,0.000908031,-2.53298,0.298598,-7.47538,4.69752
0.463095,372.027,0.000908189,-2.62892,0.238558,-7.62504,4.79157
0.463095,372.027,0.000908346,-2.71448,0.177577,-7.74461,4.86671
0.463095,372.027,0.000908504,-2.78933,0.115895,-7.83361,4.92264
0.463095,372.027,0.000908661,-2.85317,0.0537557,-7.8917,4.95914
0.463095,372.027,0.000908819,-2.90575,-0.00859588,-7.91864,4.97607
0.463095,372.027,0.000908976,-2.94686,-0.0709135,-7.91434,4.97336
0.463095,372.027,0.000909134,-2.97634,-0.132951,-7.87879,4.95103
0.463095,372.027,0.000909291,-2.99408,-0.194464,-7.81216,4.90915
0.463095,372.027,0.000909449,-3,-0.25521,-7.71469,4.8479
0.463095,372.027,0.000909606,-2.99408,-0.314948,-7.58678,4.76752
0.463095,372.027,0.000909764,-2.97634,-0.373444,-7.42892,4.66833
0.463095,372.027,0.000909921,-2.94686,-0.430465,-7.24175,4.55071
0.463095,372.027,0.000910079,-2.90575,-0.485788,-7.02599,4.41513
0.463095,372.027,0.000910236,-2.85317,-0.539194,-6.78251,4.26212
0.463095,372.027,0.000910394,-2.78933,-0.590471,-6.51226,4.0923
0.463095,372.027,0.000910551,-2.71448,-0.639419,-6.21631,3.90632
0.463095,372.027,0.000910709,-2.62892,-0.685842,-5.89583,3.70493
0.463095,372.027,0.000910866,-2.53298,-0.72956,-5.55207,3.48892
0.463095,372.027,0.000911024,-2.42705,-0.770397,-5.18641,3.25914
0.463095,372.027,0.000911181,-2.31154,-0.808195,-4.80028,3.01649
0.463095,372.027,0.000911339,-2.18691,-0.842803,-4.3952,2.76194
0.463095,372.027,0.000911496,-2.05364,-0.874085,-3.97278,2.49649
0.463095,372.027,0.000911654,-1.91227,-0.901917,-3.53468,2.22119
0.463095,372.027,0.000911811,-1.76336,-0.926189,-3.08263,1.93712
0.463095,372.027,0.000911969,-1.60748,-0.946807,-2.61841,1.64541
0.463095,372.027,0.000912126,-1.44526,-0.963688,-2.14386,1.3472
0.463095,372.027,0.000912283,-1.27734,-0.976765,-1.66085,1.04368
0.463095,372.027,0.000912441,-1.10437,-0.985988,-1.17129,0.736036
0.463095,372.027,0.000912598,-0.927051,-0.991319,-0.677099,0.425488
0.463095,372.027,0.000912756,-0.74607,-0.992739,-0.180238,0.113262
0.463095,372.027,0.000912913,-0.562144,-0.99024,0.317333,-0.199412
0.463095,372.027,0.000913071,-0.376,-0.983833,0.813652,-0.511299
0.463095,372.027,0.000913228,-0.188372,-0.973544,1.30676,-0.821167
0.463095,372.027,0.000913386,-1.70514e-013,-0.959412,1.79471,-1.1278
0.463095,372.027,0.000913543,0.188372,-0.941494,2.27558,-1.42997
0.463095,372.027,0.000913701,0.376,-0.919861,2.74747,-1.72651
0.463095,372.027,0.000913858,0.562144,-0.894597,3.20851,-2.01623
0.463095,372.027,0.000914016,0.74607,-0.865802,3.65689,-2.29799
0.463095,372.027,0.000914173,0.927051,-0.833591,4.09084,-2.57068
0.463095,372.027,0.000914331,1.10437,-0.79809,4.50865,-2.83323
0.463095,372.027,0.000914488,1.27734,-0.759439,4.90866,-3.0846
0.463095,372.027,0.000914646,1.44526,-0.717791,5.2893,-3.32379
0.463095,372.027,0.000914803,1.60748,-0.67331,5.64906,-3.54987
0.463095,372.027,0.000914961,1.76336,-0.626172,5.98653,-3.76193
0.463095,372.027,0.000915118,1.91227,-0.576563,6.30038,-3.95915
0.463095,372.027,0.000915276,2.05364,-0.524678,6.58936,-4.14075
0.463095,372.027,0.000915433,2.18691,-0.470723,6.85233,-4.306
0.463095,372.027,0.000915591,2.31154,-0.41491,7.08826,-4.45426
0.463095,372.027,0.000915748,2.42705,-0.357459,7.29622,-4.58494
0.463095,372.027,0.000915906,2.53298,-0.298598,7.47538,-4.69752
0.463095,372.027,0.000916063,2.62892,-0.238558,7.62504,-4.79157
0.463095,372.027,0.00091622,2.71448,-0.177577,7.74461,-4.86671
0.463095,372.027,0.000916378,2.78933,-0.115895,7.83361,-4.92264
0.463095,372.027,0.000916535,2.85317,-0.0537556,7.8917,-4.95914
0.463095,372.027,0.000916693,2.90575,0.00859597,7.91864,-4.97607
0.463095,372.027,0.00091685,2.94686,0.0709136,7.91434,-4.97336
0.463095,372.027,0.000917008,2.97634,0.132951,7.87879,-4.95103
0.463095,372.027,0.000917165,2.99408,0.194464,7.81216,-4.90915
0.463095,372.027,0.000917323,3,0.25521,7.71469,-4.84791
0.463095,372.027,0.00091748,2.99408,0.314948,7.58678,-4.76752
0.463095,372.027,0.000917638,2.97634,0.373444,7.42892,-4.66833
0.463095,372.027,0.000917795,2.94686,0.430465,7.24175,-4.55071
0.463095,372.027,0.000917953,2.90575,0.485788,7.02599,-4.41513
0.463095,372.027,0.00091811,2.85317,0.539194,6.78251,-4.26212
0.463095,372.027,0.000918268,2.78933,0.590471,6.51226,-4.0923
0.463095,372.027,0.000918425,2.71448,0.639419,6.21631,-3.90632
0.463095,372.027,0.000918583,2.62892,0.685843,5.89583,-3.70493
0.463095,372.027,0.00091874,2.53298,0.72956,5.55207,-3.48892
0.463095,372.027,0.000918898,2.42705,0.770398,5.18641,-3.25914
0.463095,372.027,0.000919055,2.31154,0.808195,4.80028,-3.01649
0.463095,372.027,0.000919213,2.18691,0.842803,4.3952,-2.76194
0.463095,372.027,0.00091937,2.05364,0.874085,3.97278,-2.49649
0.463095,372.027,0.000919528,1.91227,0.901917,3.53468,-2.22119
0.463095,372.027,0.000919685,1.76336,0.926189,3.08263,-1.93712
0.463095,372.027,0.000919843,1.60748,0.946807,2.61841,-1.64541
0.463095,372.027,0.00092,1.44526,0.963688,2.14386,-1.3472
0.463095,372.027,0.000920157,1.27734,0.976765,1.66085,-1.04368
0.463095,372.027,0.000920315,1.10437,0.985988,1.17129,-0.736035
0.463095,372.027,0.000920472,0.927051,0.991319,0.677098,-0.425488
0.463095,372.027,0.00092063,0.74607,0.992739,0.180238,-0.113261
0.463095,372.027,0.000920787,0.562144,0.99024,-0.317333,0.199412
0.463095,372.027,0.000920945,0.376,0.983833,-0.813653,0.511299
0.463095,372.027,0.000921102,0.188372,0.973544,-1.30676,0.821168
0.463095,372.027,0.00092126,3.23255e-014,0.959412,-1.79471,1.1278
0.463095,372.027,0.000921417,-0.188372,0.941494,-2.27558,1.42997
0.463095,372.027,0.000921575,-0.376,0.919861,-2.74747,1.72651
0.463095,372.027,0.000921732,-0.562144,0.894597,-3.20851,2.01623
0.463095,372.027,0.00092189,-0.74607,0.865802,-3.65689,2.29799
0.463095,372.027,0.000922047,-0.927051,0.833591,-4.09084,2.57068
0.463095,372.027,0.000922205,-1.10437,0.79809,-4.50865,2.83323
0.463095,372.027,0.000922362,-1.27734,0.759439,-4.90866,3.0846
0.463095,372.027,0.00092252,-1.44526,0.717791,-5.2893,3.32379
0.463095,372.027,0.000922677,-1.60748,0.67331,-5.64906,3.54987
0.463095,372.027,0.000922835,-1.76336,0.626172,-5.98653,3.76193
0.463095,372.027,0.000922992,-1.91227,0.576563,-6.30038,3.95915
0.463095,372.027,0.00092315,-2.05364,0.524678,-6.58936,4.14075
0.463095,372.027,0.000923307,-2.18691,0.470723,-6.85233,4.306
0.463095,372.027,0.000923465,-2.31154,0.41491,-7.08826,4.45426
0.463095,372.027,0.000923622,-2.42705,0.357459,-7.29622,4.58494
0.463095,372.027,0.00092378,-2.53298,0.298598,-7.47538,4.69753
0.463095,372.027,0.000923937,-2.62892,0.238558,-7.62504,4.79157
0.463095,372.027,0.000924094,-2.71448,0.177577,-7.74461,4.86671
0.463095,372.027,0.000924252,-2.78933,0.115895,-7.83361,4.92264
0.463095,372.027,0.000924409,-2.85317,0.0537555,-7.8917,4.95914
0.463095,372.027,0.000924567,-2.90575,-0.00859602,-7.91865,4.97607
0.463095,372.027,0.000924724,-2.94686,-0.0709136,-7.91434,4.97336
0.463095,372.027,0.000924882,-2.97634,-0.132951,-7.87879,4.95103
0.463095,372.027,0.000925039,-2.99408,-0.194464,-7.81216,4.90915
0.463095,372.027,0.000925197,-3,-0.25521,-7.71469,4.84791
0.463095,372.027,0.000925354,-2.99408,-0.314948,-7.58678,4.76752
0.463095,372.027,0.000925512,-2.97634,-0.373444,-7.42892,4.66833
0.463095,372.027,0.000925669,-2.94686,-0.430465,-7.24175,4.55071
0.463095,372.027,0.000925827,-2.90575,-0.485788,-7.02599,4.41513
0.463095,372.027,0.000925984,-2.85317,-0.539194,-6.78251,4.26212
0.463095,372.027,0.000926142,-2.78933,-0.590471,-6.51226,4.0923
0.463095,372.027,0.000926299,-2.71448,-0.639419,-6.21631,3.90632
0.463095,372.027,0.000926457,-2.62892,-0.685843,-5.89583,3.70493
0.463095,372.027,0.000926614,-2.53298,-0.72956,-5.55207,3.48892
0.463095,372.027,0.000926772,-2.42705,-0.770398,-5.18641,3.25914
0.463095,372.027,0.000926929,-2.31154,-0.808195,-4.80028,3.01649
0.463095,372.027,0.000927087,-2.18691,-0.842803,-4.3952,2.76194
0.463095,372.027,0.000927244,-2.05364,-0.874085,-3.97278,2.49649
0.463095,372.027,0.000927402,-1.91227,-0.901917,-3.53468,2.22119
0.463095,372.027,0.000927559,-1.76336,-0.926189,-3.08263,1.93712
0.463095,372.027,0.000927717,-1.60748,-0.946807,-2.61841,1.64541
0.463095,372.027,0.000927874,-1.44526,-0.963688,-2.14386,1.3472
0.463095,372.027,0.000928031,-1.27734,-0.976765,-1.66085,1.04368
0.463095,372.027,0.000928189,-1.10437,-0.985988,-1.17129,0.736035
0.463095,372.027,0.000928346,-0.927051,-0.991319,-0.677098,0.425488
0.463095,372.027,0.000928504,-0.74607,-0.992739,-0.180238,0.113261
0.463095,372.027,0.000928661,-0.562144,-0.99024,0.317334,-0.199413
0.463095,372.027,0.000928819,-0.376,-0.983833,0.813653,-0.511299
0.463095,372.027,0.000928976,-0.188372,-0.973544,1.30676,-0.821168
0.463095,372.027,0.000929134,-6.46673e-014,-0.959412,1.79471,-1.1278
0.463095,372.027,0.000929291,0.188372,-0.941494,2.27558,-1.42997
0.463095,372.027,0.000929449,0.376,-0.919861,2.74747,-1.72651
0.463095,372.027,0.000929606,0.562144,-0.894597,3.20851,-2.01623
0.463095,372.027,0.000929764,0.74607,-0.865802,3.65689,-2.29799
0.463095,372.027,0.000929921,0.927051,-0.833591,4.09084,-2.57068
0.463095,372.027,0.000930079,1.10437,-0.79809,4.50865,-2.83323
0.463095,372.027,0.000930236,1.27734,-0.759439,4.90866,-3.0846
0.463095,372.027,0.000930394,1.44526,-0.717791,5.2893,-3.32379
0.463095,372.027,0.000930551,1.60748,-0.67331,5.64906,-3.54987
0.463095,372.027,0.000930709,1.76336,-0.626172,5.98653,-3.76193
0.463095,372.027,0.000930866,1.91227,-0.576563,6.30038,-3.95915
0.463095,372.027,0.000931024,2.05364,-0.524678,6.58936,-4.14075
0.463095,372.027,0.000931181,2.18691,-0.470723,6.85233,-4.306
0.463095,372.027,0.000931339,2.31154,-0.41491,7.08826,-4.45426
0.463095,372.027,0.000931496,2.42705,-0.357459,7.29622,-4.58494
0.463095,372.027,0.000931654,2.53298,-0.298598,7.47538,-4.69753
0.463095,372.027,0.000931811,2.62892,-0.238558,7.62504,-4.79157
0.463095,372.027,0.000931969,2.71448,-0.177577,7.74461,-4.86671
0.463095,372.027,0.000932126,2.78933,-0.115895,7.83361,-4.92264
0.463095,372.027,0.000932283,2.85317,-0.0537555,7.8917,-4.95914
0.463095,372.027,0.000932441,2.90575,0.00859602,7.91865,-4.97607
0.463095,372.027,0.000932598,2.94686,0.0709136,7.91434,-4.97336
0.463095,372.027,0.000932756,2.97634,0.132951,7.87879,-4.95103
0.463095,372.027,0.000932913,2.99408,0.194464,7.81216,-4.90915
0.463095,372.027,0.000933071,3,0.25521,7.71469,-4.84791
0.463095,372.027,0.000933228,2.99408,0.314948,7.58678,-4.76752
0.463095,372.027,0.000933386,2.97634,0.373444,7.42892,-4.66833
0.463095,372.027,0.000933543,2.94686,0.430465,7.24175,-4.55071
0.463095,372.027,0.000933701,2.90575,0.485788,7.02599,-4.41513
0.463095,372.027,0.000933858,2.85317,0.539194,6.78251,-4.26212
0.463095,372.027,0.000934016,2.78933,0.590471,6.51226,-4.0923
0.463095,372.027,0.000934173,2.71448,0.639419,6.21631,-3.90632
0.463095,372.027,0.000934331,2.62892,0.685843,5.89583,-3.70493
0.463095,372.027,0.000934488,2.53298,0.72956,5.55207,-3.48892
0.463095,372.027,0.000934646,2.42705,0.770398,5.18641,-3.25914
0.463095,372.027,0.000934803,2.31154,0.808195,4.80028,-3.01649
0.463095,372.027,0.000934961,2.18691,0.842803,4.3952,-2.76194
0.463095,372.027,0.000935118,2.05364,0.874085,3.97278,-2.49649
0.463095,372.027,0.000935276,1.91227,0.901917,3.53468,-2.22119
0.463095,372.027,0.000935433,1.76336,0.92619,3.08263,-1.93712
0.463095,372.027,0.000935591,1.60748,0.946807,2.61841,-1.64541
0.463095,372.027,0.000935748,1.44526,0.963688,2.14386,-1.3472
0.463095,372.027,0.000935906,1.27734,0.976765,1.66085,-1.04368
0.463095,372.027,0.000936063,1.10437,0.985988,1.17129,-0.736035
0.463095,372.027,0.00093622,0.927051,0.99132,0.677098,-0.425488
0.463095,372.027,0.000936378,0.74607,0.992739,0.180238,-0.113261
0.463095,372.027,0.000936535,0.562144,0.99024,-0.317334,0.199412
0.463095,372.027,0.000936693,0.376,0.983833,-0.813653,0.511299
0.463095,372.027,0.00093685,0.188372,0.973544,-1.30676,0.821168
0.463095,372.027,0.000937008,9.70092e-014,0.959412,-1.79471,1.1278
0.463095,372.027,0.000937165,-0.188372,0.941494,-2.27558,1.42997
0.463095,372.027,0.000937323,-0.376,0.919861,-2.74747,1.72651
0.463095,372.027,0.00093748,-0.562144,0.894597,-3.20851,2.01623
0.463095,372.027,0.000937638,-0.74607,0.865802,-3.65689,2.29799
0.463095,372.027,0.000937795,-0.927051,0.833591,-4.09084,2.57068
0.463095,372.027,0.000937953,-1.10437,0.79809,-4.50865,2.83323
0.463095,372.027,0.00093811,-1.27734,0.759439,-4.90866,3.0846
0.463095,372.027,0.000938268,-1.44526,0.717791,-5.2893,3.32379
0.463095,372.027,0.000938425,-1.60748,0.67331,-5.64906,3.54987
0.463095,372.027,0.000938583,-1.76336,0.626172,-5.98653,3.76193
0.463095,372.027,0.00093874,-1.91227,0.576563,-6.30038,3.95915
0.463095,372.027,0.000938898,-2.05364,0.524678,-6.58936,4.14075
0.463095,372.027,0.000939055,-2.18691,0.470723,-6.85233,4.306
0.463095,372.027,0.000939213,-2.31154,0.41491,-7.08826,4.45426
0.463095,372.027,0.00093937,-2.42705,0.357459,-7.29622,4.58494
0.463095,372.027,0.000939528,-2.53298,0.298598,-7.47538,4.69753
0.463095,372.027,0.000939685,-2.62892,0.238558,-7.62504,4.79157
0.463095,372.027,0.000939843,-2.71448,0.177577,-7.74461,4.86671
0.463095,372.027,0.00094,-2.78933,0.115895,-7.83362,4.92264
0.463095,372.027,0.000940157,-2.85317,0.0537556,-7.8917,4.95914
0.463095,372.027,0.000940315,-2.90575,-0.00859597,-7.91865,4.97607
0.463095,372.027,0.000940472,-2.94686,-0.0709136,-7.91434,4.97336
0.463095,372.027,0.00094063,-2.97634,-0.132951,-7.87879,4.95103
0.463095,372.027,0.000940787,-2.99408,-0.194464,-7.81216,4.90916
0.463095,372.027,0.000940945,-3,-0.25521,-7.71469,4.84791
0.463095,372.027,0.000941102,-2.99408,-0.314948,-7.58678,4.76753
0.463095,372.027,0.00094126,-2.97634,-0.373444,-7.42892,4.66833
0.463095,372.027,0.000941417,-2.94686,-0.430465,-7.24175,4.55071
0.463095,372.027,0.000941575,-2.90575,-0.485788,-7.02599,4.41513
0.463095,372.027,0.000941732,-2.85317,-0.539194,-6.78251,4.26212
0.463095,372.027,0.00094189,-2.78933,-0.590471,-6.51226,4.0923
0.463095,372.027,0.000942047,-2.71448,-0.639419,-6.21631,3.90632
0.463095,372.027,0.000942205,-2.62892,-0.685843,-5.89583,3.70493
0.463095,372.027,0.000942362,-2.53298,-0.72956,-5.55207,3.48892
0.463095,372.027,0.00094252,-2.42705,-0.770398,-5.18641,3.25914
0.463095,372.027,0.000942677,-2.31154,-0.808195,-4.80028,3.01649
0.463095,372.027,0.000942835,-2.18691,-0.842803,-4.3952,2.76194
0.463095,372.027,0.000942992,-2.05364,-0.874085,-3.97278,2.49649
0.463095,372.027,0.00094315,-1.91227,-0.901917,-3.53468,2.22119
0.463095,372.027,0.000943307,-1.76336,-0.92619,-3.08263,1.93712
0.463095,372.027,0.000943465,-1.60748,-0.946807,-2.61841,1.64541
0.463095,372.027,0.000943622,-1.44526,-0.963688,-2.14386,1.3472
0.463095,372.027,0.00094378,-1.27734,-0.976765,-1.66085,1.04368
0.463095,372.027,0.000943937,-1.10437,-0.985988,-1.17129,0.736036
0.463095,372.027,0.000944094,-0.927051,-0.99132,-0.677099,0.425488
0.463095,372.027,0.000944252,-0.74607,-0.992739,-0.180238,0.113262
0.463095,372.027,0.000944409,-0.562144,-0.99024,0.317333,-0.199412
0.463095,372.027,0.000944567,-0.376,-0.983833,0.813652,-0.511299
0.463095,372.027,0.000944724,-0.188372,-0.973544,1.30676,-0.821167
0.463095,372.027,0.000944882,4.11793e-014,-0.959412,1.79471,-1.1278
