Amp, Phaseshift, Time, Vd, Vr, VL, VC
0.263528,372.153,0,0,0,0,0
0.263528,372.153,1.34228e-007,0.188372,0.00126424,0.188372,0
0.263528,372.153,2.68456e-007,0.376,0.00377924,0.374735,0.000339393
0.263528,372.153,4.02685e-007,0.562144,0.00752438,0.558025,0.00135395
0.263528,372.153,5.36913e-007,0.74607,0.012472,0.737191,0.00337392
0.263528,372.153,6.71141e-007,0.927051,0.0185874,0.911205,0.0067221
0.263528,372.153,8.05369e-007,1.10437,0.0258295,1.07906,0.011712
0.263528,372.153,9.39597e-007,1.27734,0.0341503,1.2398,0.0186461
0.263528,372.153,1.07383e-006,1.44526,0.0434957,1.39246,0.027814
0.263528,372.153,1.20805e-006,1.60748,0.0538055,1.53617,0.0394907
0.263528,372.153,1.34228e-006,1.76336,0.065014,1.67006,0.0539351
0.263528,372.153,1.47651e-006,1.91227,0.0770497,1.79332,0.0713885
0.263528,372.153,1.61074e-006,2.05364,0.0898363,1.9052,0.092073
0.263528,372.153,1.74497e-006,2.18691,0.103293,2.005,0.11619
0.263528,372.153,1.87919e-006,2.31154,0.117333,2.09206,0.14392
0.263528,372.153,2.01342e-006,2.42705,0.131869,2.1658,0.175419
0.263528,372.153,2.14765e-006,2.53298,0.146806,2.2257,0.21082
0.263528,372.153,2.28188e-006,2.62892,0.16205,2.27129,0.250231
0.263528,372.153,2.41611e-006,2.71448,0.177501,2.3022,0.293734
0.263528,372.153,2.55034e-006,2.78933,0.193059,2.31809,0.341385
0.263528,372.153,2.68456e-006,2.85317,0.208621,2.31873,0.393213
0.263528,372.153,2.81879e-006,2.90575,0.224083,2.30392,0.449219
0.263528,372.153,2.95302e-006,2.94686,0.239342,2.27356,0.509375
0.263528,372.153,3.08725e-006,2.97634,0.254292,2.22763,0.573628
0.263528,372.153,3.22148e-006,2.99408,0.26883,2.16616,0.641895
0.263528,372.153,3.3557e-006,3,0.282852,2.08927,0.714064
0.263528,372.153,3.48993e-006,2.99408,0.296256,1.99716,0.789997
0.263528,372.153,3.62416e-006,2.97634,0.308941,1.89009,0.869529
0.263528,372.153,3.75839e-006,2.94686,0.32081,1.76839,0.952467
0.263528,372.153,3.89262e-006,2.90575,0.331766,1.63247,1.03859
0.263528,372.153,4.02685e-006,2.85317,0.341718,1.48281,1.12765
0.263528,372.153,4.16107e-006,2.78933,0.350577,1.31996,1.21939
0.263528,372.153,4.2953e-006,2.71448,0.358258,1.14451,1.31351
0.263528,372.153,4.42953e-006,2.62892,0.364682,0.957157,1.40968
0.263528,372.153,4.56376e-006,2.53298,0.369773,0.75862,1.50758
0.263528,372.153,4.69799e-006,2.42705,0.373462,0.549695,1.60685
0.263528,372.153,4.83221e-006,2.31154,0.375685,0.331226,1.70711
0.263528,372.153,4.96644e-006,2.18691,0.376384,0.104111,1.80796
0.263528,372.153,5.10067e-006,2.05364,0.375507,-0.130707,1.90901
0.263528,372.153,5.2349e-006,1.91227,0.373009,-0.372242,2.00981
0.263528,372.153,5.36913e-006,1.76336,0.368851,-0.619467,2.10995
0.263528,372.153,5.50336e-006,1.60748,0.363003,-0.871322,2.20897
0.263528,372.153,5.63758e-006,1.44526,0.355441,-1.12671,2.30642
0.263528,372.153,5.77181e-006,1.27734,0.346149,-1.38453,2.40184
0.263528,372.153,5.90604e-006,1.10437,0.335118,-1.64362,2.49477
0.263528,372.153,6.04027e-006,0.927051,0.322348,-1.90284,2.58473
0.263528,372.153,6.1745e-006,0.74607,0.307844,-2.16101,2.67127
0.263528,372.153,6.30872e-006,0.562144,0.291623,-2.41697,2.75391
0.263528,372.153,6.44295e-006,0.376,0.273707,-2.66954,2.8322
0.263528,372.153,6.57718e-006,0.188372,0.254126,-2.91754,2.90568
0.263528,372.153,6.71141e-006,3.67382e-016,0.232919,-3.1598,2.9739
0.263528,372.153,6.84564e-006,-0.188372,0.210133,-3.39519,3.03643
0.263528,372.153,6.97987e-006,-0.376,0.18582,-3.62256,3.09284
0.263528,372.153,7.11409e-006,-0.562144,0.160043,-3.8408,3.14272
0.263528,372.153,7.24832e-006,-0.74607,0.132869,-4.04884,3.18569
0.263528,372.153,7.38255e-006,-0.927051,0.104375,-4.24561,3.22136
0.263528,372.153,7.51678e-006,-1.10437,0.0746431,-4.43011,3.24938
0.263528,372.153,7.65101e-006,-1.27734,0.0437615,-4.60136,3.26942
0.263528,372.153,7.78523e-006,-1.44526,0.0118257,-4.75844,3.28117
0.263528,372.153,7.91946e-006,-1.60748,-0.0210634,-4.90047,3.28434
0.263528,372.153,8.05369e-006,-1.76336,-0.0547992,-5.02663,3.27869
0.263528,372.153,8.18792e-006,-1.91227,-0.08927,-5.13616,3.26397
0.263528,372.153,8.32215e-006,-2.05364,-0.12436,-5.22835,3.24001
0.263528,372.153,8.45638e-006,-2.18691,-0.159947,-5.30256,3.20662
0.263528,372.153,8.5906e-006,-2.31154,-0.195908,-5.35822,3.16369
0.263528,372.153,8.72483e-006,-2.42705,-0.232115,-5.39483,3.11109
0.263528,372.153,8.85906e-006,-2.53298,-0.268437,-5.41196,3.04878
0.263528,372.153,8.99329e-006,-2.62892,-0.304741,-5.40926,2.97672
0.263528,372.153,9.12752e-006,-2.71448,-0.340892,-5.38646,2.89491
0.263528,372.153,9.26174e-006,-2.78933,-0.376753,-5.34334,2.80339
0.263528,372.153,9.39597e-006,-2.85317,-0.412188,-5.27981,2.70225
0.263528,372.153,9.5302e-006,-2.90575,-0.447059,-5.19581,2.5916
0.263528,372.153,9.66443e-006,-2.94686,-0.48123,-5.0914,2.47158
0.263528,372.153,9.79866e-006,-2.97634,-0.514563,-4.96669,2.34239
0.263528,372.153,9.93289e-006,-2.99408,-0.546925,-4.82191,2.20425
0.263528,372.153,1.00671e-005,-3,-0.578182,-4.65733,2.05743
0.263528,372.153,1.02013e-005,-2.99408,-0.608205,-4.47333,1.90221
0.263528,372.153,1.03356e-005,-2.97634,-0.636865,-4.27035,1.73893
0.263528,372.153,1.04698e-005,-2.94686,-0.664039,-4.04893,1.56796
0.263528,372.153,1.0604e-005,-2.90575,-0.689607,-3.80967,1.3897
0.263528,372.153,1.07383e-005,-2.85317,-0.713454,-3.55326,1.20457
0.263528,372.153,1.08725e-005,-2.78933,-0.735471,-3.28044,1.01304
0.263528,372.153,1.10067e-005,-2.71448,-0.755552,-2.99205,0.815596
0.263528,372.153,1.11409e-005,-2.62892,-0.773598,-2.68896,0.612763
0.263528,372.153,1.12752e-005,-2.53298,-0.789519,-2.37215,0.405086
0.263528,372.153,1.14094e-005,-2.42705,-0.803228,-2.04262,0.193134
0.263528,372.153,1.15436e-005,-2.31154,-0.814647,-1.70145,-0.0224973
0.263528,372.153,1.16779e-005,-2.18691,-0.823706,-1.34976,-0.241194
0.263528,372.153,1.18121e-005,-2.05364,-0.830341,-0.988741,-0.462323
0.263528,372.153,1.19463e-005,-1.91227,-0.8345,-0.619607,-0.685234
0.263528,372.153,1.20805e-005,-1.76336,-0.836135,-0.243622,-0.909261
0.263528,372.153,1.22148e-005,-1.60748,-0.835209,0.137915,-1.13373
0.263528,372.153,1.2349e-005,-1.44526,-0.831695,0.523675,-1.35794
0.263528,372.153,1.24832e-005,-1.27734,-0.825572,0.9123,-1.58122
0.263528,372.153,1.26174e-005,-1.10437,-0.816831,1.30242,-1.80285
0.263528,372.153,1.27517e-005,-0.927051,-0.805471,1.69263,-2.02213
0.263528,372.153,1.28859e-005,-0.74607,-0.791501,2.08153,-2.23836
0.263528,372.153,1.30201e-005,-0.562144,-0.774939,2.46772,-2.45085
0.263528,372.153,1.31544e-005,-0.376,-0.755813,2.84979,-2.65889
0.263528,372.153,1.32886e-005,-0.188372,-0.73416,3.22633,-2.86179
0.263528,372.153,1.34228e-005,-7.34764e-016,-0.710026,3.59595,-3.05888
0.263528,372.153,1.3557e-005,0.188372,-0.683467,3.95728,-3.24949
0.263528,372.153,1.36913e-005,0.376,-0.654548,4.30896,-3.43297
0.263528,372.153,1.38255e-005,0.562144,-0.623342,4.64966,-3.60869
0.263528,372.153,1.39597e-005,0.74607,-0.589932,4.9781,-3.77603
0.263528,372.153,1.4094e-005,0.927051,-0.554408,5.29301,-3.9344
0.263528,372.153,1.42282e-005,1.10437,-0.51687,5.59318,-4.08323
0.263528,372.153,1.43624e-005,1.27734,-0.477424,5.87744,-4.22199
0.263528,372.153,1.44966e-005,1.44526,-0.436185,6.14468,-4.35016
0.263528,372.153,1.46309e-005,1.60748,-0.393273,6.39382,-4.46725
0.263528,372.153,1.47651e-005,1.76336,-0.348818,6.62388,-4.57283
0.263528,372.153,1.48993e-005,1.91227,-0.302952,6.83392,-4.66647
0.263528,372.153,1.50336e-005,2.05364,-0.255818,7.02307,-4.7478
0.263528,372.153,1.51678e-005,2.18691,-0.207559,7.19053,-4.81648
0.263528,372.153,1.5302e-005,2.31154,-0.158327,7.33558,-4.8722
0.263528,372.153,1.54362e-005,2.42705,-0.108276,7.45758,-4.9147
0.263528,372.153,1.55705e-005,2.53298,-0.0575651,7.55596,-4.94377
0.263528,372.153,1.57047e-005,2.62892,-0.00635537,7.63026,-4.95922
0.263528,372.153,1.58389e-005,2.71448,0.0451887,7.68006,-4.96093
0.263528,372.153,1.59732e-005,2.78933,0.0969006,7.70507,-4.9488
0.263528,372.153,1.61074e-005,2.85317,0.148612,7.70507,-4.92279
0.263528,372.153,1.62416e-005,2.90575,0.200156,7.67992,-4.88289
0.263528,372.153,1.63758e-005,2.94686,0.251361,7.6296,-4.82916
0.263528,372.153,1.65101e-005,2.97634,0.30206,7.55414,-4.76168
0.263528,372.153,1.66443e-005,2.99408,0.352085,7.4537,-4.68059
0.263528,372.153,1.67785e-005,3,0.401269,7.3285,-4.58607
0.263528,372.153,1.69128e-005,2.99408,0.44945,7.17888,-4.47835
0.263528,372.153,1.7047e-005,2.97634,0.496465,7.00524,-4.35769
0.263528,372.153,1.71812e-005,2.94686,0.542156,6.80808,-4.22441
0.263528,372.153,1.73154e-005,2.90575,0.586371,6.588,-4.07886
0.263528,372.153,1.74497e-005,2.85317,0.62896,6.34566,-3.92145
0.263528,372.153,1.75839e-005,2.78933,0.669777,6.08182,-3.7526
0.263528,372.153,1.77181e-005,2.71448,0.708685,5.7973,-3.57279
0.263528,372.153,1.78523e-005,2.62892,0.745551,5.49303,-3.38254
0.263528,372.153,1.79866e-005,2.53298,0.780249,5.16998,-3.18239
0.263528,372.153,1.81208e-005,2.42705,0.81266,4.8292,-2.97293
0.263528,372.153,1.8255e-005,2.31154,0.842672,4.47181,-2.75477
0.263528,372.153,1.83893e-005,2.18691,0.870182,4.099,-2.52855
0.263528,372.153,1.85235e-005,2.05364,0.895095,3.71201,-2.29494
0.263528,372.153,1.86577e-005,1.91227,0.917324,3.31212,-2.05465
0.263528,372.153,1.87919e-005,1.76336,0.936791,2.90068,-1.80839
0.263528,372.153,1.89262e-005,1.60748,0.953429,2.47908,-1.5569
0.263528,372.153,1.90604e-005,1.44526,0.967179,2.04873,-1.30094
0.263528,372.153,1.91946e-005,1.27734,0.977992,1.6111,-1.0413
0.263528,372.153,1.93289e-005,1.10437,0.985829,1.16768,-0.778751
0.263528,372.153,1.94631e-005,0.927051,0.990661,0.719973,-0.514099
0.263528,372.153,1.95973e-005,0.74607,0.99247,0.269507,-0.248149
0.263528,372.153,1.97315e-005,0.562144,0.991247,-0.182176,0.0182853
0.263528,372.153,1.98658e-005,0.376,0.986995,-0.633533,0.284392
0.263528,372.153,2e-005,0.188372,0.979727,-1.08302,0.549357
0.263528,372.153,2.01342e-005,1.10215e-015,0.969464,-1.52908,0.812371
0.263528,372.153,2.02685e-005,-0.188372,0.956241,-1.97021,1.07263
0.263528,372.153,2.04027e-005,-0.376,0.940101,-2.40487,1.32934
0.263528,372.153,2.05369e-005,-0.562144,0.921097,-2.83158,1.58172
0.263528,372.153,2.06711e-005,-0.74607,0.899293,-3.24888,1.82899
0.263528,372.153,2.08054e-005,-0.927051,0.87476,-3.65533,2.07041
0.263528,372.153,2.09396e-005,-1.10437,0.847582,-4.04954,2.30525
0.263528,372.153,2.10738e-005,-1.27734,0.81785,-4.43017,2.53278
0.263528,372.153,2.12081e-005,-1.44526,0.785662,-4.7959,2.75234
0.263528,372.153,2.13423e-005,-1.60748,0.751129,-5.14548,2.96326
0.263528,372.153,2.14765e-005,-1.76336,0.714366,-5.47774,3.1649
0.263528,372.153,2.16107e-005,-1.91227,0.675496,-5.79154,3.35668
0.263528,372.153,2.1745e-005,-2.05364,0.634652,-6.08582,3.53802
0.263528,372.153,2.18792e-005,-2.18691,0.59197,-6.35958,3.7084
0.263528,372.153,2.20134e-005,-2.31154,0.547595,-6.61191,3.86731
0.263528,372.153,2.21477e-005,-2.42705,0.501676,-6.84196,4.01432
0.263528,372.153,2.22819e-005,-2.53298,0.454367,-7.04898,4.149
0.263528,372.153,2.24161e-005,-2.62892,0.405828,-7.23228,4.27098
0.263528,372.153,2.25503e-005,-2.71448,0.356222,-7.39128,4.37992
0.263528,372.153,2.26846e-005,-2.78933,0.305716,-7.52547,4.47555
0.263528,372.153,2.28188e-005,-2.85317,0.254478,-7.63444,4.55762
0.263528,372.153,2.2953e-005,-2.90575,0.20268,-7.71785,4.62594
0.263528,372.153,2.30872e-005,-2.94686,0.150496,-7.77548,4.68035
0.263528,372.153,2.32215e-005,-2.97634,0.0980986,-7.80719,4.72075
0.263528,372.153,2.33557e-005,-2.99408,0.0456628,-7.81293,4.74709
0.263528,372.153,2.34899e-005,-3,-0.00663757,-7.79275,4.75935
0.263528,372.153,2.36242e-005,-2.99408,-0.0586294,-7.74679,4.75756
0.263528,372.153,2.37584e-005,-2.97634,-0.110141,-7.67528,4.74183
0.263528,372.153,2.38926e-005,-2.94686,-0.161004,-7.57855,4.71226
0.263528,372.153,2.40268e-005,-2.90575,-0.211051,-7.457,4.66903
0.263528,372.153,2.41611e-005,-2.85317,-0.260119,-7.31115,4.61238
0.263528,372.153,2.42953e-005,-2.78933,-0.308049,-7.14159,4.54255
0.263528,372.153,2.44295e-005,-2.71448,-0.354687,-6.94898,4.45985
0.263528,372.153,2.45638e-005,-2.62892,-0.399882,-6.73408,4.36463
0.263528,372.153,2.4698e-005,-2.53298,-0.443491,-6.49773,4.25728
0.263528,372.153,2.48322e-005,-2.42705,-0.485376,-6.24084,4.13822
0.263528,372.153,2.49664e-005,-2.31154,-0.525405,-5.96439,4.00792
0.263528,372.153,2.51007e-005,-2.18691,-0.563455,-5.66942,3.86687
0.263528,372.153,2.52349e-005,-2.05364,-0.599408,-5.35706,3.71561
0.263528,372.153,2.53691e-005,-1.91227,-0.633156,-5.02847,3.55469
0.263528,372.153,2.55034e-005,-1.76336,-0.664599,-4.68489,3.38472
0.263528,372.153,2.56376e-005,-1.60748,-0.693643,-4.3276,3.2063
0.263528,372.153,2.57718e-005,-1.44526,-0.720206,-3.95792,3.02009
0.263528,372.153,2.5906e-005,-1.27734,-0.744214,-3.57722,2.82675
0.263528,372.153,2.60403e-005,-1.10437,-0.765603,-3.1869,2.62696
0.263528,372.153,2.61745e-005,-0.927051,-0.784317,-2.7884,2.42142
0.263528,372.153,2.63087e-005,-0.74607,-0.800312,-2.38318,2.21087
0.263528,372.153,2.6443e-005,-0.562144,-0.813551,-1.9727,1.99602
0.263528,372.153,2.65772e-005,-0.376,-0.824011,-1.55847,1.77762
0.263528,372.153,2.67114e-005,-0.188372,-0.831675,-1.14198,1.55641
0.263528,372.153,2.68456e-005,-1.46953e-015,-0.836539,-0.724732,1.33314
0.263528,372.153,2.69799e-005,0.188372,-0.838608,-0.308228,1.10856
0.263528,372.153,2.71141e-005,0.376,-0.837896,0.106043,0.883435
0.263528,372.153,2.72483e-005,0.562144,-0.834429,0.516605,0.658496
0.263528,372.153,2.73826e-005,0.74607,-0.828241,0.922002,0.434489
0.263528,372.153,2.75168e-005,0.927051,-0.819376,1.3208,0.212142
0.263528,372.153,2.7651e-005,1.10437,-0.807889,1.71161,-0.00782471
0.263528,372.153,2.77852e-005,1.27734,-0.793842,2.09305,-0.224708
0.263528,372.153,2.79195e-005,1.44526,-0.777306,2.46381,-0.43782
0.263528,372.153,2.80537e-005,1.60748,-0.758363,2.82261,-0.646492
0.263528,372.153,2.81879e-005,1.76336,-0.737099,3.16821,-0.85008
0.263528,372.153,2.83221e-005,1.91227,-0.713613,3.49945,-1.04796
0.263528,372.153,2.84564e-005,2.05364,-0.688008,3.81521,-1.23953
0.263528,372.153,2.85906e-005,2.18691,-0.660394,4.11445,-1.42423
0.263528,372.153,2.87248e-005,2.31154,-0.630889,4.39617,-1.60152
0.263528,372.153,2.88591e-005,2.42705,-0.599618,4.65946,-1.77089
0.263528,372.153,2.89933e-005,2.53298,-0.566709,4.90349,-1.93186
0.263528,372.153,2.91275e-005,2.62892,-0.532296,5.12749,-2.08399
0.263528,372.153,2.92617e-005,2.71448,-0.496519,5.33077,-2.22689
0.263528,372.153,2.9396e-005,2.78933,-0.459521,5.51274,-2.36019
0.263528,372.153,2.95302e-005,2.85317,-0.421448,5.67288,-2.48355
0.263528,372.153,2.96644e-005,2.90575,-0.382449,5.81074,-2.59669
0.263528,372.153,2.97987e-005,2.94686,-0.342678,5.926,-2.69936
0.263528,372.153,2.99329e-005,2.97634,-0.302286,6.01838,-2.79135
0.263528,372.153,3.00671e-005,2.99408,-0.261429,6.08772,-2.8725
0.263528,372.153,3.02013e-005,3,-0.220261,6.13393,-2.94268
0.263528,372.153,3.03356e-005,2.99408,-0.178939,6.15703,-3.00182
0.263528,372.153,3.04698e-005,2.97634,-0.137616,6.1571,-3.04985
0.263528,372.153,3.0604e-005,2.94686,-0.0964462,6.13433,-3.0868
0.263528,372.153,3.07383e-005,2.90575,-0.0555804,6.08899,-3.11269
0.263528,372.153,3.08725e-005,2.85317,-0.0151681,6.02144,-3.12761
0.263528,372.153,3.10067e-005,2.78933,0.0246447,5.93211,-3.13168
0.263528,372.153,3.11409e-005,2.71448,0.0637153,5.82152,-3.12507
0.263528,372.153,3.12752e-005,2.62892,0.101905,5.69027,-3.10796
0.263528,372.153,3.14094e-005,2.53298,0.13908,5.53904,-3.0806
0.263528,372.153,3.15436e-005,2.42705,0.17511,5.36857,-3.04327
0.263528,372.153,3.16779e-005,2.31154,0.209874,5.1797,-2.99626
0.263528,372.153,3.18121e-005,2.18691,0.243251,4.97329,-2.93992
0.263528,372.153,3.19463e-005,2.05364,0.275133,4.75031,-2.87461
0.263528,372.153,3.20805e-005,1.91227,0.305413,4.51175,-2.80075
0.263528,372.153,3.22148e-005,1.76336,0.333995,4.25869,-2.71876
0.263528,372.153,3.2349e-005,1.60748,0.360788,3.99225,-2.6291
0.263528,372.153,3.24832e-005,1.44526,0.385712,3.71357,-2.53224
0.263528,372.153,3.26174e-005,1.27734,0.408691,3.42387,-2.4287
0.263528,372.153,3.27517e-005,1.10437,0.429659,3.12438,-2.31898
0.263528,372.153,3.28859e-005,0.927051,0.448561,2.81637,-2.20364
0.263528,372.153,3.30201e-005,0.74607,0.465348,2.50114,-2.08322
0.263528,372.153,3.31544e-005,0.562144,0.479978,2.18001,-1.95829
0.263528,372.153,3.32886e-005,0.376,0.492424,1.85431,-1.82944
0.263528,372.153,3.34228e-005,0.188372,0.502661,1.52539,-1.69724
0.263528,372.153,3.3557e-005,-3.49216e-015,0.510678,1.19458,-1.5623
0.263528,372.153,3.36913e-005,-0.188372,0.516472,0.863251,-1.42521
0.263528,372.153,3.38255e-005,-0.376,0.520047,0.532734,-1.28656
0.263528,372.153,3.39597e-005,-0.562144,0.521419,0.204365,-1.14695
0.263528,372.153,3.4094e-005,-0.74607,0.52061,-0.120543,-1.00697
0.263528,372.153,3.42282e-005,-0.927051,0.517652,-0.440693,-0.867207
0.263528,372.153,3.43624e-005,-1.10437,0.512586,-0.754819,-0.728239
0.263528,372.153,3.44966e-005,-1.27734,0.505461,-1.06168,-0.590632
0.263528,372.153,3.46309e-005,-1.44526,0.496333,-1.36009,-0.454938
0.263528,372.153,3.47651e-005,-1.60748,0.485267,-1.64888,-0.321694
0.263528,372.153,3.48993e-005,-1.76336,0.472334,-1.92693,-0.191422
0.263528,372.153,3.50336e-005,-1.91227,0.457615,-2.19318,-0.0646205
0.263528,372.153,3.51678e-005,-2.05364,0.441194,-2.44664,0.0582292
0.263528,372.153,3.5302e-005,-2.18691,0.423165,-2.68633,0.176671
0.263528,372.153,3.54362e-005,-2.31154,0.403626,-2.91138,0.290272
0.263528,372.153,3.55705e-005,-2.42705,0.38268,-3.12095,0.398628
0.263528,372.153,3.57047e-005,-2.53298,0.360436,-3.31429,0.501361
0.263528,372.153,3.58389e-005,-2.62892,0.337009,-3.49072,0.598122
0.263528,372.153,3.59732e-005,-2.71448,0.312515,-3.64961,0.688595
0.263528,372.153,3.61074e-005,-2.78933,0.287076,-3.79044,0.772491
0.263528,372.153,3.62416e-005,-2.85317,0.260816,-3.91274,0.849558
0.263528,372.153,3.63758e-005,-2.90575,0.233862,-4.01612,0.919576
0.263528,372.153,3.65101e-005,-2.94686,0.206343,-4.1003,0.982358
0.263528,372.153,3.66443e-005,-2.97634,0.17839,-4.16504,1.03775
0.263528,372.153,3.67785e-005,-2.99408,0.150133,-4.21022,1.08564
0.263528,372.153,3.69128e-005,-3,0.121705,-4.23577,1.12595
0.263528,372.153,3.7047e-005,-2.99408,0.0932371,-4.24173,1.15862
0.263528,372.153,3.71812e-005,-2.97634,0.0648599,-4.2282,1.18365
0.263528,372.153,3.73154e-005,-2.94686,0.0367031,-4.19537,1.20106
0.263528,372.153,3.74497e-005,-2.90575,0.00889425,-4.14351,1.21091
0.263528,372.153,3.75839e-005,-2.85317,-0.0184412,-4.07298,1.2133
0.263528,372.153,3.77181e-005,-2.78933,-0.0451807,-3.98419,1.20835
0.263528,372.153,3.78523e-005,-2.71448,-0.0712052,-3.87765,1.19622
0.263528,372.153,3.79866e-005,-2.62892,-0.0963994,-3.75394,1.17711
0.263528,372.153,3.81208e-005,-2.53298,-0.120652,-3.61369,1.15123
0.263528,372.153,3.8255e-005,-2.42705,-0.143858,-3.45763,1.11884
0.263528,372.153,3.83893e-005,-2.31154,-0.165915,-3.28652,1.08022
0.263528,372.153,3.85235e-005,-2.18691,-0.186729,-3.10121,1.03568
0.263528,372.153,3.86577e-005,-2.05364,-0.206209,-2.90259,0.985548
0.263528,372.153,3.87919e-005,-1.91227,-0.224274,-2.69161,0.93019
0.263528,372.153,3.89262e-005,-1.76336,-0.240846,-2.46927,0.869982
0.263528,372.153,3.90604e-005,-1.60748,-0.255857,-2.23662,0.805326
0.263528,372.153,3.91946e-005,-1.44526,-0.269244,-1.99473,0.736639
0.263528,372.153,3.93289e-005,-1.27734,-0.280954,-1.74473,0.664359
0.263528,372.153,3.94631e-005,-1.10437,-0.290939,-1.48778,0.588935
0.263528,372.153,3.95973e-005,-0.927051,-0.299161,-1.22505,0.510831
0.263528,372.153,3.97315e-005,-0.74607,-0.305588,-0.95774,0.430519
0.263528,372.153,3.98658e-005,-0.562144,-0.3102,-0.687075,0.348482
0.263528,372.153,4e-005,-0.376,-0.31298,-0.414282,0.265207
0.263528,372.153,4.01342e-005,-0.188372,-0.313924,-0.140599,0.181186
0.263528,372.153,4.02685e-005,-2.20429e-015,-0.313033,0.132738,0.0969108
0.263528,372.153,4.04027e-005,0.188372,-0.310318,0.404494,0.0128751
0.263528,372.153,4.05369e-005,0.376,-0.305798,0.673443,-0.0704317
0.263528,372.153,4.06711e-005,0.562144,-0.299501,0.938374,-0.152525
0.263528,372.153,4.08054e-005,0.74607,-0.29146,1.1981,-0.232928
0.263528,372.153,4.09396e-005,0.927051,-0.281718,1.45144,-0.311172
0.263528,372.153,4.10738e-005,1.10437,-0.270327,1.69726,-0.386801
0.263528,372.153,4.12081e-005,1.27734,-0.257344,1.93447,-0.459373
0.263528,372.153,4.13423e-005,1.44526,-0.242834,2.16198,-0.528458
0.263528,372.153,4.14765e-005,1.60748,-0.22687,2.37877,-0.593649
0.263528,372.153,4.16107e-005,1.76336,-0.209528,2.58387,-0.654553
0.263528,372.153,4.1745e-005,1.91227,-0.190895,2.77635,-0.710802
0.263528,372.153,4.18792e-005,2.05364,-0.17106,2.95534,-0.762049
0.263528,372.153,4.20134e-005,2.18691,-0.150121,3.12002,-0.807972
0.263528,372.153,4.21477e-005,2.31154,-0.128177,3.26963,-0.848273
0.263528,372.153,4.22819e-005,2.42705,-0.105335,3.4035,-0.882682
0.263528,372.153,4.24161e-005,2.53298,-0.0817037,3.521,-0.91096
0.263528,372.153,4.25503e-005,2.62892,-0.0573978,3.62158,-0.932894
0.263528,372.153,4.26846e-005,2.71448,-0.0325335,3.70477,-0.948303
0.263528,372.153,4.28188e-005,2.78933,-0.00723038,3.77017,-0.957037
0.263528,372.153,4.2953e-005,2.85317,0.01839,3.81744,-0.958978
0.263528,372.153,4.30872e-005,2.90575,0.0442043,3.84634,-0.954041
0.263528,372.153,4.32215e-005,2.94686,0.0700882,3.8567,-0.942174
0.263528,372.153,4.33557e-005,2.97634,0.0959166,3.84843,-0.923358
0.263528,372.153,4.34899e-005,2.99408,0.121564,3.82152,-0.897609
0.263528,372.153,4.36242e-005,3,0.146907,3.77604,-0.864974
0.263528,372.153,4.37584e-005,2.99408,0.171821,3.71215,-0.825536
0.263528,372.153,4.38926e-005,2.97634,0.196184,3.63006,-0.77941
0.263528,372.153,4.40268e-005,2.94686,0.219875,3.53009,-0.726743
0.263528,372.153,4.41611e-005,2.90575,0.242779,3.41262,-0.667716
0.263528,372.153,4.42953e-005,2.85317,0.26478,3.27811,-0.60254
0.263528,372.153,4.44295e-005,2.78933,0.285767,3.12709,-0.531459
0.263528,372.153,4.45638e-005,2.71448,0.305634,2.96017,-0.454743
0.263528,372.153,4.4698e-005,2.62892,0.324278,2.77803,-0.372693
0.263528,372.153,4.48322e-005,2.53298,0.341603,2.5814,-0.285639
0.263528,372.153,4.49664e-005,2.42705,0.357516,2.37109,-0.193933
0.263528,372.153,4.51007e-005,2.31154,0.371932,2.14796,-0.0979557
0.263528,372.153,4.52349e-005,2.18691,0.384771,1.91293,0.00189182
0.263528,372.153,4.53691e-005,2.05364,0.395958,1.66698,0.105186
0.263528,372.153,4.55034e-005,1.91227,0.405429,1.41113,0.211484
0.263528,372.153,4.56376e-005,1.76336,0.413123,1.14644,0.320324
0.263528,372.153,4.57718e-005,1.60748,0.418989,0.874034,0.431229
0.263528,372.153,4.5906e-005,1.44526,0.422983,0.595043,0.543709
0.263528,372.153,4.60403e-005,1.27734,0.425068,0.310646,0.657262
0.263528,372.153,4.61745e-005,1.10437,0.425216,0.022044,0.771374
0.263528,372.153,4.63087e-005,0.927051,0.423407,-0.269539,0.885526
0.263528,372.153,4.6443e-005,0.74607,0.419629,-0.562863,0.999192
0.263528,372.153,4.65772e-005,0.562144,0.41388,-0.856677,1.11184
0.263528,372.153,4.67114e-005,0.376,0.406163,-1.14972,1.22295
0.263528,372.153,4.68456e-005,0.188372,0.396494,-1.44074,1.33199
0.263528,372.153,4.69799e-005,2.57167e-015,0.384893,-1.72848,1.43843
0.263528,372.153,4.71141e-005,-0.188372,0.371392,-2.0117,1.54176
0.263528,372.153,4.72483e-005,-0.376,0.356029,-2.28915,1.64146
0.263528,372.153,4.73826e-005,-0.562144,0.33885,-2.55963,1.73704
0.263528,372.153,4.75168e-005,-0.74607,0.319911,-2.82196,1.82801
0.263528,372.153,4.7651e-005,-0.927051,0.299273,-3.07497,1.91389
0.263528,372.153,4.77852e-005,-1.10437,0.277008,-3.31753,1.99423
0.263528,372.153,4.79195e-005,-1.27734,0.253192,-3.54857,2.06859
0.263528,372.153,4.80537e-005,-1.44526,0.22791,-3.76705,2.13656
0.263528,372.153,4.81879e-005,-1.60748,0.201252,-3.97195,2.19775
0.263528,372.153,4.83221e-005,-1.76336,0.173317,-4.16236,2.25178
0.263528,372.153,4.84564e-005,-1.91227,0.144207,-4.33737,2.2983
0.263528,372.153,4.85906e-005,-2.05364,0.114032,-4.49615,2.33702
0.263528,372.153,4.87248e-005,-2.18691,0.0829044,-4.63795,2.36763
0.263528,372.153,4.88591e-005,-2.31154,0.0509442,-4.76207,2.38989
0.263528,372.153,4.89933e-005,-2.42705,0.0182739,-4.86788,2.40356
0.263528,372.153,4.91275e-005,-2.53298,-0.01498,-4.95482,2.40847
0.263528,372.153,4.92617e-005,-2.62892,-0.0486874,-5.02241,2.40445
0.263528,372.153,4.9396e-005,-2.71448,-0.0827159,-5.07024,2.39138
0.263528,372.153,4.95302e-005,-2.78933,-0.116931,-5.09799,2.36917
0.263528,372.153,4.96644e-005,-2.85317,-0.151195,-5.10541,2.33778
0.263528,372.153,4.97987e-005,-2.90575,-0.185372,-5.09233,2.29719
0.263528,372.153,4.99329e-005,-2.94686,-0.219323,-5.05868,2.24743
0.263528,372.153,5.00671e-005,-2.97634,-0.25291,-5.00445,2.18855
0.263528,372.153,5.02013e-005,-2.99408,-0.285995,-4.92972,2.12065
0.263528,372.153,5.03356e-005,-3,-0.318442,-4.83466,2.04388
0.263528,372.153,5.04698e-005,-2.99408,-0.350117,-4.71951,1.95839
0.263528,372.153,5.0604e-005,-2.97634,-0.380886,-4.58461,1.8644
0.263528,372.153,5.07383e-005,-2.94686,-0.41062,-4.43037,1.76215
0.263528,372.153,5.08725e-005,-2.90575,-0.439192,-4.25727,1.65191
0.263528,372.153,5.10067e-005,-2.85317,-0.46648,-4.06589,1.53401
0.263528,372.153,5.11409e-005,-2.78933,-0.492365,-3.85686,1.40878
0.263528,372.153,5.12752e-005,-2.71448,-0.516734,-3.63089,1.2766
0.263528,372.153,5.14094e-005,-2.62892,-0.539477,-3.38879,1.13788
0.263528,372.153,5.15436e-005,-2.53298,-0.560493,-3.13139,0.993053
0.263528,372.153,5.16779e-005,-2.42705,-0.579685,-2.85961,0.842585
0.263528,372.153,5.18121e-005,-2.31154,-0.596963,-2.57444,0.686965
0.263528,372.153,5.19463e-005,-2.18691,-0.612245,-2.27691,0.526706
0.263528,372.153,5.20805e-005,-2.05364,-0.625453,-1.9681,0.362345
0.263528,372.153,5.22148e-005,-1.91227,-0.636522,-1.64916,0.194438
0.263528,372.153,5.2349e-005,-1.76336,-0.645389,-1.32127,0.0235599
0.263528,372.153,5.24832e-005,-1.60748,-0.652004,-0.985651,-0.149699
0.263528,372.153,5.26174e-005,-1.44526,-0.656323,-0.643558,-0.324734
0.263528,372.153,5.27517e-005,-1.27734,-0.658312,-0.296281,-0.500928
0.263528,372.153,5.28859e-005,-1.10437,-0.657944,0.0548661,-0.677656
0.263528,372.153,5.30201e-005,-0.927051,-0.655202,0.408549,-0.854285
0.263528,372.153,5.31544e-005,-0.74607,-0.650078,0.763417,-1.03018
0.263528,372.153,5.32886e-005,-0.562144,-0.642574,1.11811,-1.2047
0.263528,372.153,5.34228e-005,-0.376,-0.6327,1.47127,-1.3772
0.263528,372.153,5.3557e-005,-0.188372,-0.620475,1.82153,-1.54705
0.263528,372.153,5.36913e-005,-2.93906e-015,-0.605928,2.16753,-1.71362
0.263528,372.153,5.38255e-005,0.188372,-0.589096,2.50792,-1.87629
0.263528,372.153,5.39597e-005,0.376,-0.570026,2.84138,-2.03443
0.263528,372.153,5.4094e-005,0.562144,-0.548774,3.1666,-2.18746
0.263528,372.153,5.42282e-005,0.74607,-0.525403,3.4823,-2.33478
0.263528,372.153,5.43624e-005,0.927051,-0.499985,3.78724,-2.47583
0.263528,372.153,5.44966e-005,1.10437,-0.472601,4.08019,-2.61005
0.263528,372.153,5.46309e-005,1.27734,-0.443339,4.35999,-2.73693
0.263528,372.153,5.47651e-005,1.44526,-0.412296,4.62553,-2.85594
0.263528,372.153,5.48993e-005,1.60748,-0.379573,4.87572,-2.96663
0.263528,372.153,5.50336e-005,1.76336,-0.34528,5.10956,-3.06853
0.263528,372.153,5.51678e-005,1.91227,-0.309535,5.32608,-3.16122
0.263528,372.153,5.5302e-005,2.05364,-0.272458,5.5244,-3.24432
0.263528,372.153,5.54362e-005,2.18691,-0.234179,5.70368,-3.31746
0.263528,372.153,5.55705e-005,2.31154,-0.194828,5.86318,-3.38033
0.263528,372.153,5.57047e-005,2.42705,-0.154545,6.0022,-3.43263
0.263528,372.153,5.58389e-005,2.53298,-0.11347,6.12016,-3.47412
0.263528,372.153,5.59732e-005,2.62892,-0.0717488,6.21651,-3.50458
0.263528,372.153,5.61074e-005,2.71448,-0.0295286,6.29081,-3.52384
0.263528,372.153,5.62416e-005,2.78933,0.0130398,6.3427,-3.53177
0.263528,372.153,5.63758e-005,2.85317,0.0558042,6.3719,-3.52827
0.263528,372.153,5.65101e-005,2.90575,0.098611,6.37821,-3.51329
0.263528,372.153,5.66443e-005,2.94686,0.141306,6.36154,-3.48681
0.263528,372.153,5.67785e-005,2.97634,0.183734,6.32185,-3.44888
0.263528,372.153,5.69128e-005,2.99408,0.225743,6.25922,-3.39955
0.263528,372.153,5.7047e-005,3,0.267178,6.17381,-3.33895
0.263528,372.153,5.71812e-005,2.99408,0.307888,6.06585,-3.26723
0.263528,372.153,5.73154e-005,2.97634,0.347725,5.93568,-3.18457
0.263528,372.153,5.74497e-005,2.94686,0.386542,5.78371,-3.09122
0.263528,372.153,5.75839e-005,2.90575,0.424196,5.61043,-2.98745
0.263528,372.153,5.77181e-005,2.85317,0.460547,5.41643,-2.87358
0.263528,372.153,5.78523e-005,2.78933,0.495463,5.20236,-2.74994
0.263528,372.153,5.79866e-005,2.71448,0.528811,4.96896,-2.61693
0.263528,372.153,5.81208e-005,2.62892,0.560469,4.71704,-2.47497
0.263528,372.153,5.8255e-005,2.53298,0.590318,4.44748,-2.3245
0.263528,372.153,5.83893e-005,2.42705,0.618246,4.16124,-2.16603
0.263528,372.153,5.85235e-005,2.31154,0.644147,3.85932,-2.00006
0.263528,372.153,5.86577e-005,2.18691,0.667925,3.54282,-1.82713
0.263528,372.153,5.87919e-005,2.05364,0.689487,3.21285,-1.64782
0.263528,372.153,5.89262e-005,1.91227,0.708753,2.87061,-1.46273
0.263528,372.153,5.90604e-005,1.76336,0.725648,2.51733,-1.27246
0.263528,372.153,5.91946e-005,1.60748,0.740106,2.15429,-1.07765
0.263528,372.153,5.93289e-005,1.44526,0.752072,1.78281,-0.878966
0.263528,372.153,5.94631e-005,1.27734,0.761496,1.40423,-0.677067
0.263528,372.153,5.95973e-005,1.10437,0.768341,1.01994,-0.472639
0.263528,372.153,5.97315e-005,0.927051,0.772578,0.631349,-0.266373
0.263528,372.153,5.98658e-005,0.74607,0.774188,0.239864,-0.058969
0.263528,372.153,6e-005,0.562144,0.773161,-0.153075,0.148867
0.263528,372.153,6.01342e-005,0.376,0.769496,-0.546028,0.356427
0.263528,372.153,6.02685e-005,0.188372,0.763204,-0.937551,0.563003
0.263528,372.153,6.04027e-005,-7.3517e-015,0.754303,-1.32621,0.76789
0.263528,372.153,6.05369e-005,-0.188372,0.742823,-1.71056,0.970387
0.263528,372.153,6.06711e-005,-0.376,0.728801,-2.08921,1.1698
0.263528,372.153,6.08054e-005,-0.562144,0.712286,-2.46075,1.36545
0.263528,372.153,6.09396e-005,-0.74607,0.693335,-2.82381,1.55667
0.263528,372.153,6.10738e-005,-0.927051,0.672012,-3.17706,1.7428
0.263528,372.153,6.12081e-005,-1.10437,0.648393,-3.51919,1.92321
0.263528,372.153,6.13423e-005,-1.27734,0.622562,-3.84894,2.09727
0.263528,372.153,6.14765e-005,-1.44526,0.594608,-4.1651,2.2644
0.263528,372.153,6.16107e-005,-1.60748,0.564631,-4.46649,2.42403
0.263528,372.153,6.1745e-005,-1.76336,0.532739,-4.75202,2.57561
0.263528,372.153,6.18792e-005,-1.91227,0.499043,-5.02062,2.71863
0.263528,372.153,6.20134e-005,-2.05364,0.463665,-5.27131,2.8526
0.263528,372.153,6.21477e-005,-2.18691,0.426731,-5.50317,2.97707
0.263528,372.153,6.22819e-005,-2.31154,0.388373,-5.71534,3.09163
0.263528,372.153,6.24161e-005,-2.42705,0.348729,-5.90705,3.19589
0.263528,372.153,6.25503e-005,-2.53298,0.307939,-6.0776,3.28951
0.263528,372.153,6.26846e-005,-2.62892,0.266152,-6.22637,3.37218
0.263528,372.153,6.28188e-005,-2.71448,0.223515,-6.35281,3.44363
0.263528,372.153,6.2953e-005,-2.78933,0.180183,-6.45647,3.50363
0.263528,372.153,6.30872e-005,-2.85317,0.136311,-6.53699,3.552
0.263528,372.153,6.32215e-005,-2.90575,0.0920554,-6.59406,3.5886
0.263528,372.153,6.33557e-005,-2.94686,0.0475755,-6.62751,3.61331
0.263528,372.153,6.34899e-005,-2.97634,0.00303028,-6.63723,3.62608
0.263528,372.153,6.36242e-005,-2.99408,-0.0414207,-6.62319,3.6269
0.263528,372.153,6.37584e-005,-3,-0.0856185,-6.58547,3.61578
0.263528,372.153,6.38926e-005,-2.99408,-0.129405,-6.52424,3.59279
0.263528,372.153,6.40268e-005,-2.97634,-0.172625,-6.43973,3.55805
0.263528,372.153,6.41611e-005,-2.94686,-0.215124,-6.33229,3.51171
0.263528,372.153,6.42953e-005,-2.90575,-0.25675,-6.20234,3.45396
0.263528,372.153,6.44295e-005,-2.85317,-0.297357,-6.05038,3.38503
0.263528,372.153,6.45638e-005,-2.78933,-0.3368,-5.877,3.3052
0.263528,372.153,6.4698e-005,-2.71448,-0.37494,-5.68289,3.21479
0.263528,372.153,6.48322e-005,-2.62892,-0.411643,-5.46877,3.11413
0.263528,372.153,6.49664e-005,-2.53298,-0.44678,-5.23547,3.00363
0.263528,372.153,6.51007e-005,-2.42705,-0.480229,-4.9839,2.88368
0.263528,372.153,6.52349e-005,-2.31154,-0.511873,-4.71499,2.75476
0.263528,372.153,6.53691e-005,-2.18691,-0.541604,-4.4298,2.61735
0.263528,372.153,6.55034e-005,-2.05364,-0.569318,-4.12939,2.47195
0.263528,372.153,6.56376e-005,-1.91227,-0.594921,-3.81491,2.31911
0.263528,372.153,6.57718e-005,-1.76336,-0.618327,-3.48755,2.1594
0.263528,372.153,6.5906e-005,-1.60748,-0.639459,-3.14856,1.99341
0.263528,372.153,6.60403e-005,-1.44526,-0.658245,-2.79921,1.82174
0.263528,372.153,6.61745e-005,-1.27734,-0.674627,-2.44084,1.64503
0.263528,372.153,6.63087e-005,-1.10437,-0.688551,-2.07478,1.46393
0.263528,372.153,6.6443e-005,-0.927051,-0.699977,-1.70242,1.27908
0.263528,372.153,6.65772e-005,-0.74607,-0.708871,-1.32517,1.09117
0.263528,372.153,6.67114e-005,-0.562144,-0.715209,-0.944439,0.900865
0.263528,372.153,6.68456e-005,-0.376,-0.718979,-0.561655,0.708862
0.263528,372.153,6.69799e-005,-0.188372,-0.720175,-0.178255,0.515848
0.263528,372.153,6.71141e-005,6.98432e-015,-0.718804,0.204327,0.322512
0.263528,372.153,6.72483e-005,0.188372,-0.71488,0.584663,0.129545
0.263528,372.153,6.73826e-005,0.376,-0.708428,0.961335,-0.0623694
0.263528,372.153,6.75168e-005,0.562144,-0.699482,1.33294,-0.252551
0.263528,372.153,6.7651e-005,0.74607,-0.688086,1.6981,-0.440332
0.263528,372.153,6.77852e-005,0.927051,-0.67429,2.05547,-0.625053
0.263528,372.153,6.79195e-005,1.10437,-0.658158,2.40372,-0.80607
0.263528,372.153,6.80537e-005,1.27734,-0.639758,2.74157,-0.982757
0.263528,372.153,6.81879e-005,1.44526,-0.619169,3.06778,-1.1545
0.263528,372.153,6.83221e-005,1.60748,-0.596477,3.38115,-1.32072
0.263528,372.153,6.84564e-005,1.76336,-0.571775,3.68056,-1.48085
0.263528,372.153,6.85906e-005,1.91227,-0.545165,3.9649,-1.63435
0.263528,372.153,6.87248e-005,2.05364,-0.516755,4.23316,-1.7807
0.263528,372.153,6.88591e-005,2.18691,-0.486658,4.48436,-1.91943
0.263528,372.153,6.89933e-005,2.31154,-0.454996,4.71763,-2.05007
0.263528,372.153,6.91275e-005,2.42705,-0.421895,4.93212,-2.17222
0.263528,372.153,6.92617e-005,2.53298,-0.387485,5.1271,-2.28548
0.263528,372.153,6.9396e-005,2.62892,-0.351902,5.30189,-2.3895
0.263528,372.153,6.95302e-005,2.71448,-0.315285,5.45589,-2.48397
0.263528,372.153,6.96644e-005,2.78933,-0.277778,5.58859,-2.56862
0.263528,372.153,6.97987e-005,2.85317,-0.239526,5.69956,-2.64319
0.263528,372.153,6.99329e-005,2.90575,-0.200677,5.78846,-2.70749
0.263528,372.153,7.00671e-005,2.94686,-0.161381,5.85503,-2.76136
0.263528,372.153,7.02013e-005,2.97634,-0.12179,5.89909,-2.80469
0.263528,372.153,7.03356e-005,2.99408,-0.0820549,5.92056,-2.83738
0.263528,372.153,7.04698e-005,3,-0.0423272,5.91944,-2.85941
0.263528,372.153,7.0604e-005,2.99408,-0.00275793,5.89582,-2.87077
0.263528,372.153,7.07383e-005,2.97634,0.036503,5.84987,-2.87151
0.263528,372.153,7.08725e-005,2.94686,0.0753075,5.78187,-2.86171
0.263528,372.153,7.10067e-005,2.90575,0.11351,5.69215,-2.8415
0.263528,372.153,7.11409e-005,2.85317,0.150967,5.58116,-2.81102
0.263528,372.153,7.12752e-005,2.78933,0.18754,5.44939,-2.7705
0.263528,372.153,7.14094e-005,2.71448,0.223094,5.29744,-2.72015
0.263528,372.153,7.15436e-005,2.62892,0.257496,5.12598,-2.66026
0.263528,372.153,7.16779e-005,2.53298,0.290622,4.93575,-2.59113
0.263528,372.153,7.18121e-005,2.42705,0.322351,4.72756,-2.51311
0.263528,372.153,7.19463e-005,2.31154,0.352567,4.5023,-2.42658
0.263528,372.153,7.20805e-005,2.18691,0.381164,4.26091,-2.33193
0.263528,372.153,7.22148e-005,2.05364,0.408039,4.0044,-2.2296
0.263528,372.153,7.2349e-005,1.91227,0.433099,3.73383,-2.12006
0.263528,372.153,7.24832e-005,1.76336,0.456255,3.45032,-2.00379
0.263528,372.153,7.26174e-005,1.60748,0.47743,3.15502,-1.88131
0.263528,372.153,7.27517e-005,1.44526,0.496551,2.84914,-1.75314
0.263528,372.153,7.28859e-005,1.27734,0.513558,2.53392,-1.61984
0.263528,372.153,7.30201e-005,1.10437,0.528394,2.21065,-1.48197
0.263528,372.153,7.31544e-005,0.927051,0.541016,1.88062,-1.34012
0.263528,372.153,7.32886e-005,0.74607,0.551386,1.54517,-1.19488
0.263528,372.153,7.34228e-005,0.562144,0.559478,1.20564,-1.04685
0.263528,372.153,7.3557e-005,0.376,0.565272,0.863377,-0.896659
0.263528,372.153,7.36913e-005,0.188372,0.56876,0.519759,-0.744909
0.263528,372.153,7.38255e-005,1.46993e-014,0.569943,0.176148,-0.592221
0.263528,372.153,7.39597e-005,-0.188372,0.568828,-0.166093,-0.439217
0.263528,372.153,7.4094e-005,-0.376,0.565434,-0.505611,-0.286511
0.263528,372.153,7.42282e-005,-0.562144,0.55979,-0.841067,-0.134717
0.263528,372.153,7.43624e-005,-0.74607,0.55193,-1.17114,0.0155626
0.263528,372.153,7.44966e-005,-0.927051,0.541899,-1.49454,0.163732
0.263528,372.153,7.46309e-005,-1.10437,0.529752,-1.81,0.309208
0.263528,372.153,7.47651e-005,-1.27734,0.515548,-2.1163,0.451423
0.263528,372.153,7.48993e-005,-1.44526,0.499359,-2.41223,0.589825
0.263528,372.153,7.50336e-005,-1.60748,0.48126,-2.69666,0.723881
0.263528,372.153,7.51678e-005,-1.76336,0.461338,-2.9685,0.853079
0.263528,372.153,7.5302e-005,-1.91227,0.439682,-3.22669,0.976928
0.263528,372.153,7.54362e-005,-2.05364,0.416392,-3.47025,1.09496
0.263528,372.153,7.55705e-005,-2.18691,0.391571,-3.69826,1.20675
0.263528,372.153,7.57047e-005,-2.31154,0.36533,-3.90986,1.31187
0.263528,372.153,7.58389e-005,-2.42705,0.337785,-4.10425,1.40994
0.263528,372.153,7.59732e-005,-2.53298,0.309056,-4.28071,1.50062
0.263528,372.153,7.61074e-005,-2.62892,0.279266,-4.4386,1.58359
0.263528,372.153,7.62416e-005,-2.71448,0.248546,-4.57734,1.65856
0.263528,372.153,7.63758e-005,-2.78933,0.217026,-4.69644,1.72528
0.263528,372.153,7.65101e-005,-2.85317,0.184842,-4.79548,1.78355
0.263528,372.153,7.66443e-005,-2.90575,0.152129,-4.87414,1.83317
0.263528,372.153,7.67785e-005,-2.94686,0.119028,-4.93216,1.87401
0.263528,372.153,7.69128e-005,-2.97634,0.0856762,-4.96938,1.90596
0.263528,372.153,7.7047e-005,-2.99408,0.052215,-4.98572,1.92896
0.263528,372.153,7.71812e-005,-3,0.0187842,-4.98118,1.94298
0.263528,372.153,7.73154e-005,-2.99408,-0.0144765,-4.95584,1.94802
0.263528,372.153,7.74497e-005,-2.97634,-0.0474287,-4.90989,1.94414
0.263528,372.153,7.75839e-005,-2.94686,-0.0799359,-4.84357,1.9314
0.263528,372.153,7.77181e-005,-2.90575,-0.111864,-4.75722,1.90994
0.263528,372.153,7.78523e-005,-2.85317,-0.14308,-4.65125,1.87991
0.263528,372.153,7.79866e-005,-2.78933,-0.173457,-4.52616,1.8415
0.263528,372.153,7.81208e-005,-2.71448,-0.20287,-4.38253,1.79494
0.263528,372.153,7.8255e-005,-2.62892,-0.231199,-4.22099,1.74048
0.263528,372.153,7.83893e-005,-2.53298,-0.258328,-4.04226,1.67841
0.263528,372.153,7.85235e-005,-2.42705,-0.284148,-3.84713,1.60906
0.263528,372.153,7.86577e-005,-2.31154,-0.308553,-3.63645,1.53278
0.263528,372.153,7.87919e-005,-2.18691,-0.331447,-3.41113,1.44995
0.263528,372.153,7.89262e-005,-2.05364,-0.352736,-3.17214,1.36097
0.263528,372.153,7.90604e-005,-1.91227,-0.372337,-2.9205,1.26627
0.263528,372.153,7.91946e-005,-1.76336,-0.390171,-2.65729,1.16632
0.263528,372.153,7.93289e-005,-1.60748,-0.406169,-2.38362,1.06157
0.263528,372.153,7.94631e-005,-1.44526,-0.420267,-2.10066,0.952533
0.263528,372.153,7.95973e-005,-1.27734,-0.432412,-1.8096,0.83971
0.263528,372.153,7.97315e-005,-1.10437,-0.442558,-1.51167,0.723626
0.263528,372.153,7.98658e-005,-0.927051,-0.450666,-1.20812,0.604818
0.263528,372.153,8e-005,-0.74607,-0.456707,-0.900222,0.483834
0.263528,372.153,8.01342e-005,-0.562144,-0.460662,-0.589271,0.361228
0.263528,372.153,8.02685e-005,-0.376,-0.462518,-0.276566,0.237561
0.263528,372.153,8.04027e-005,-0.188372,-0.462273,0.0365863,0.113395
0.263528,372.153,0.000738255,2.35368e-014,-0.577388,0.784283,-0.358048
0.263528,372.153,0.000738389,0.188372,-0.569846,1.12381,-0.513051
0.263528,372.153,0.000738523,0.376,-0.560054,1.4589,-0.66603
0.263528,372.153,0.000738658,0.562144,-0.548053,1.78823,-0.81638
0.263528,372.153,0.000738792,0.74607,-0.533888,2.1105,-0.963508
0.263528,372.153,0.000738926,0.927051,-0.517617,2.42445,-1.10683
0.263528,372.153,0.00073906,1.10437,-0.499303,2.72882,-1.24579
0.263528,372.153,0.000739195,1.27734,-0.479018,3.02243,-1.37983
0.263528,372.153,0.000739329,1.44526,-0.456843,3.30411,-1.50843
0.263528,372.153,0.000739463,1.60748,-0.432865,3.57275,-1.63107
0.263528,372.153,0.000739597,1.76336,-0.407178,3.82729,-1.74728
0.263528,372.153,0.000739732,1.91227,-0.379885,4.06673,-1.85659
0.263528,372.153,0.000739866,2.05364,-0.351092,4.29011,-1.95857
0.263528,372.153,0.00074,2.18691,-0.320914,4.49657,-2.05282
0.263528,372.153,0.000740134,2.31154,-0.289469,4.68527,-2.13897
0.263528,372.153,0.000740268,2.42705,-0.256882,4.85549,-2.21668
0.263528,372.153,0.000740403,2.53298,-0.223281,5.00655,-2.28564
0.263528,372.153,0.000740537,2.62892,-0.188798,5.13784,-2.34558
0.263528,372.153,0.000740671,2.71448,-0.153571,5.24886,-2.39627
0.263528,372.153,0.000740805,2.78933,-0.117738,5.33917,-2.4375
0.263528,372.153,0.00074094,2.85317,-0.0814398,5.4084,-2.4691
0.263528,372.153,0.000741074,2.90575,-0.0448204,5.45629,-2.49097
0.263528,372.153,0.000741208,2.94686,-0.00802411,5.48265,-2.503
0.263528,372.153,0.000741342,2.97634,0.0288039,5.48737,-2.50515
0.263528,372.153,0.000741477,2.99408,0.0655181,5.47043,-2.49742
0.263528,372.153,0.000741611,3,0.101974,5.4319,-2.47983
0.263528,372.153,0.000741745,2.99408,0.138027,5.37194,-2.45246
0.263528,372.153,0.000741879,2.97634,0.173536,5.29077,-2.4154
0.263528,372.153,0.000742013,2.94686,0.208359,5.18873,-2.36881
0.263528,372.153,0.000742148,2.90575,0.242361,5.0662,-2.31288
0.263528,372.153,0.000742282,2.85317,0.275406,4.92369,-2.24782
0.263528,372.153,0.000742416,2.78933,0.307364,4.76174,-2.17388
0.263528,372.153,0.00074255,2.71448,0.338109,4.581,-2.09137
0.263528,372.153,0.000742685,2.62892,0.367519,4.38218,-2.0006
0.263528,372.153,0.000742819,2.53298,0.395479,4.16606,-1.90194
0.263528,372.153,0.000742953,2.42705,0.421879,3.93351,-1.79577
0.263528,372.153,0.000743087,2.31154,0.446613,3.68543,-1.68251
0.263528,372.153,0.000743221,2.18691,0.469585,3.42281,-1.56262
0.263528,372.153,0.000743356,2.05364,0.490704,3.14667,-1.43655
0.263528,372.153,0.00074349,1.91227,0.509886,2.85812,-1.30482
0.263528,372.153,0.000743624,1.76336,0.527055,2.55829,-1.16794
0.263528,372.153,0.000743758,1.60748,0.542145,2.24836,-1.02645
0.263528,372.153,0.000743893,1.44526,0.555095,1.92956,-0.880905
0.263528,372.153,0.000744027,1.27734,0.565854,1.60315,-0.731886
0.263528,372.153,0.000744161,1.10437,0.574381,1.27041,-0.579979
0.263528,372.153,0.000744295,0.927051,0.58064,0.932649,-0.425783
0.263528,372.153,0.00074443,0.74607,0.584608,0.591212,-0.269906
0.263528,372.153,0.000744564,0.562144,0.586269,0.247442,-0.112965
0.263528,372.153,0.000744698,0.376,0.585616,-0.0973044,0.044423
0.263528,372.153,0.000744832,0.188372,0.582651,-0.441667,0.201635
0.263528,372.153,0.000744966,8.80497e-015,0.577388,-0.784287,0.358052
0.263528,372.153,0.000745101,-0.188372,0.569845,-1.12381,0.513055
0.263528,372.153,0.000745235,-0.376,0.560054,-1.4589,0.666034
0.263528,372.153,0.000745369,-0.562144,0.548053,-1.78823,0.816384
0.263528,372.153,0.000745503,-0.74607,0.533888,-2.11051,0.963512
0.263528,372.153,0.000745638,-0.927051,0.517617,-2.42445,1.10684
0.263528,372.153,0.000745772,-1.10437,0.499302,-2.72883,1.2458
0.263528,372.153,0.000745906,-1.27734,0.479018,-3.02244,1.37984
0.263528,372.153,0.00074604,-1.44526,0.456842,-3.30411,1.50843
0.263528,372.153,0.000746174,-1.60748,0.432864,-3.57275,1.63107
0.263528,372.153,0.000746309,-1.76336,0.407177,-3.82729,1.74728
0.263528,372.153,0.000746443,-1.91227,0.379884,-4.06673,1.85659
0.263528,372.153,0.000746577,-2.05364,0.351091,-4.29011,1.95857
0.263528,372.153,0.000746711,-2.18691,0.320913,-4.49657,2.05282
0.263528,372.153,0.000746846,-2.31154,0.289468,-4.68528,2.13897
0.263528,372.153,0.00074698,-2.42705,0.256881,-4.85549,2.21668
0.263528,372.153,0.000747114,-2.53298,0.22328,-5.00655,2.28565
0.263528,372.153,0.000747248,-2.62892,0.188798,-5.13785,2.34559
0.263528,372.153,0.000747383,-2.71448,0.153571,-5.24887,2.39627
0.263528,372.153,0.000747517,-2.78933,0.117737,-5.33917,2.4375
0.263528,372.153,0.000747651,-2.85317,0.0814392,-5.4084,2.4691
0.263528,372.153,0.000747785,-2.90575,0.0448197,-5.45629,2.49097
0.263528,372.153,0.000747919,-2.94686,0.00802344,-5.48265,2.503
0.263528,372.153,0.000748054,-2.97634,-0.0288045,-5.48737,2.50515
0.263528,372.153,0.000748188,-2.99408,-0.0655188,-5.47043,2.49742
0.263528,372.153,0.000748322,-3,-0.101975,-5.4319,2.47983
0.263528,372.153,0.000748456,-2.99408,-0.138028,-5.37194,2.45246
0.263528,372.153,0.000748591,-2.97634,-0.173536,-5.29077,2.4154
0.263528,372.153,0.000748725,-2.94686,-0.20836,-5.18873,2.36881
0.263528,372.153,0.000748859,-2.90575,-0.242361,-5.0662,2.31288
0.263528,372.153,0.000748993,-2.85317,-0.275406,-4.92369,2.24782
0.263528,372.153,0.000749128,-2.78933,-0.307364,-4.76174,2.17388
0.263528,372.153,0.000749262,-2.71448,-0.338109,-4.581,2.09137
0.263528,372.153,0.000749396,-2.62892,-0.36752,-4.38218,2.0006
0.263528,372.153,0.00074953,-2.53298,-0.39548,-4.16606,1.90194
0.263528,372.153,0.000749664,-2.42705,-0.421879,-3.93351,1.79577
0.263528,372.153,0.000749799,-2.31154,-0.446614,-3.68543,1.68251
0.263528,372.153,0.000749933,-2.18691,-0.469586,-3.4228,1.56261
0.263528,372.153,0.000750067,-2.05364,-0.490704,-3.14667,1.43655
0.263528,372.153,0.000750201,-1.91227,-0.509886,-2.85812,1.30482
0.263528,372.153,0.000750336,-1.76336,-0.527056,-2.55829,1.16794
0.263528,372.153,0.00075047,-1.60748,-0.542146,-2.24836,1.02645
0.263528,372.153,0.000750604,-1.44526,-0.555096,-1.92956,0.880903
0.263528,372.153,0.000750738,-1.27734,-0.565855,-1.60315,0.731884
0.263528,372.153,0.000750872,-1.10437,-0.574381,-1.2704,0.579976
0.263528,372.153,0.000751007,-0.927051,-0.580641,-0.932646,0.42578
0.263528,372.153,0.000751141,-0.74607,-0.584608,-0.591209,0.269904
0.263528,372.153,0.000751275,-0.562144,-0.586269,-0.247439,0.112962
0.263528,372.153,0.000751409,-0.376,-0.585616,0.0973077,-0.044426
0.263528,372.153,0.000751544,-0.188372,-0.582652,0.44167,-0.201638
0.263528,372.153,0.000751678,-4.11468e-014,-0.577388,0.78429,-0.358055
0.263528,372.153,0.000751812,0.188372,-0.569846,1.12381,-0.513058
0.263528,372.153,0.000751946,0.376,-0.560054,1.4589,-0.666037
0.263528,372.153,0.000752081,0.562144,-0.548053,1.78824,-0.816387
0.263528,372.153,0.000752215,0.74607,-0.533888,2.11051,-0.963516
0.263528,372.153,0.000752349,0.927051,-0.517617,2.42445,-1.10684
0.263528,372.153,0.000752483,1.10437,-0.499302,2.72883,-1.2458
0.263528,372.153,0.000752617,1.27734,-0.479018,3.02244,-1.37984
0.263528,372.153,0.000752752,1.44526,-0.456842,3.30412,-1.50844
0.263528,372.153,0.000752886,1.60748,-0.432864,3.57276,-1.63108
0.263528,372.153,0.00075302,1.76336,-0.407178,3.8273,-1.74728
0.263528,372.153,0.000753154,1.91227,-0.379884,4.06673,-1.85659
0.263528,372.153,0.000753289,2.05364,-0.351091,4.29012,-1.95857
0.263528,372.153,0.000753423,2.18691,-0.320913,4.49657,-2.05283
0.263528,372.153,0.000753557,2.31154,-0.289468,4.68528,-2.13898
0.263528,372.153,0.000753691,2.42705,-0.256881,4.8555,-2.21669
0.263528,372.153,0.000753826,2.53298,-0.22328,5.00655,-2.28565
0.263528,372.153,0.00075396,2.62892,-0.188798,5.13785,-2.34559
0.263528,372.153,0.000754094,2.71448,-0.15357,5.24887,-2.39627
0.263528,372.153,0.000754228,2.78933,-0.117737,5.33917,-2.4375
0.263528,372.153,0.000754362,2.85317,-0.081439,5.40841,-2.46911
0.263528,372.153,0.000754497,2.90575,-0.0448196,5.4563,-2.49097
0.263528,372.153,0.000754631,2.94686,-0.00802323,5.48265,-2.503
0.263528,372.153,0.000754765,2.97634,0.0288048,5.48737,-2.50516
0.263528,372.153,0.000754899,2.99408,0.0655191,5.47043,-2.49742
0.263528,372.153,0.000755034,3,0.101975,5.43191,-2.47984
0.263528,372.153,0.000755168,2.99408,0.138028,5.37194,-2.45246
0.263528,372.153,0.000755302,2.97634,0.173537,5.29078,-2.4154
0.263528,372.153,0.000755436,2.94686,0.20836,5.18873,-2.36882
0.263528,372.153,0.00075557,2.90575,0.242362,5.06621,-2.31288
0.263528,372.153,0.000755705,2.85317,0.275407,4.92369,-2.24782
0.263528,372.153,0.000755839,2.78933,0.307365,4.76174,-2.17388
0.263528,372.153,0.000755973,2.71448,0.33811,4.581,-2.09137
0.263528,372.153,0.000756107,2.62892,0.36752,4.38218,-2.0006
0.263528,372.153,0.000756242,2.53298,0.39548,4.16607,-1.90194
0.263528,372.153,0.000756376,2.42705,0.42188,3.93351,-1.79577
0.263528,372.153,0.00075651,2.31154,0.446614,3.68543,-1.68251
0.263528,372.153,0.000756644,2.18691,0.469586,3.42281,-1.56262
0.263528,372.153,0.000756779,2.05364,0.490705,3.14667,-1.43655
0.263528,372.153,0.000756913,1.91227,0.509887,2.85812,-1.30482
0.263528,372.153,0.000757047,1.76336,0.527056,2.55829,-1.16794
0.263528,372.153,0.000757181,1.60748,0.542146,2.24836,-1.02645
0.263528,372.153,0.000757315,1.44526,0.555096,1.92956,-0.880904
0.263528,372.153,0.00075745,1.27734,0.565856,1.60315,-0.731885
0.263528,372.153,0.000757584,1.10437,0.574382,1.2704,-0.579978
0.263528,372.153,0.000757718,0.927051,0.580641,0.932647,-0.425781
0.263528,372.153,0.000757852,0.74607,0.584609,0.59121,-0.269904
0.263528,372.153,0.000757987,0.562144,0.58627,0.247439,-0.112962
0.263528,372.153,0.000758121,0.376,0.585617,-0.0973075,0.0444254
0.263528,372.153,0.000758255,0.188372,0.582652,-0.44167,0.201638
0.263528,372.153,0.000758389,7.34886e-014,0.577389,-0.78429,0.358055
0.263528,372.153,0.000758523,-0.188372,0.569846,-1.12381,0.513058
0.263528,372.153,0.000758658,-0.376,0.560055,-1.4589,0.666037
0.263528,372.153,0.000758792,-0.562144,0.548053,-1.78824,0.816387
0.263528,372.153,0.000758926,-0.74607,0.533889,-2.11051,0.963516
0.263528,372.153,0.00075906,-0.927051,0.517617,-2.42446,1.10684
0.263528,372.153,0.000759195,-1.10437,0.499303,-2.72883,1.2458
0.263528,372.153,0.000759329,-1.27734,0.479018,-3.02244,1.37984
0.263528,372.153,0.000759463,-1.44526,0.456843,-3.30412,1.50844
0.263528,372.153,0.000759597,-1.60748,0.432865,-3.57276,1.63108
0.263528,372.153,0.000759732,-1.76336,0.407178,-3.8273,1.74728
0.263528,372.153,0.000759866,-1.91227,0.379885,-4.06673,1.85659
0.263528,372.153,0.00076,-2.05364,0.351092,-4.29012,1.95858
0.263528,372.153,0.000760134,-2.18691,0.320913,-4.49657,2.05283
0.263528,372.153,0.000760268,-2.31154,0.289469,-4.68528,2.13898
0.263528,372.153,0.000760403,-2.42705,0.256881,-4.8555,2.21669
0.263528,372.153,0.000760537,-2.53298,0.22328,-5.00655,2.28565
0.263528,372.153,0.000760671,-2.62892,0.188798,-5.13785,2.34559
0.263528,372.153,0.000760805,-2.71448,0.153571,-5.24887,2.39628
0.263528,372.153,0.00076094,-2.78933,0.117737,-5.33918,2.4375
0.263528,372.153,0.000761074,-2.85317,0.0814394,-5.40841,2.46911
0.263528,372.153,0.000761208,-2.90575,0.0448199,-5.4563,2.49097
0.263528,372.153,0.000761342,-2.94686,0.00802356,-5.48265,2.50301
0.263528,372.153,0.000761477,-2.97634,-0.0288045,-5.48737,2.50516
0.263528,372.153,0.000761611,-2.99408,-0.0655188,-5.47044,2.49743
0.263528,372.153,0.000761745,-3,-0.101975,-5.43191,2.47984
0.263528,372.153,0.000761879,-2.99408,-0.138028,-5.37194,2.45246
0.263528,372.153,0.000762013,-2.97634,-0.173536,-5.29078,2.41541
0.263528,372.153,0.000762148,-2.94686,-0.20836,-5.18873,2.36882
0.263528,372.153,0.000762282,-2.90575,-0.242362,-5.06621,2.31289
0.263528,372.153,0.000762416,-2.85317,-0.275406,-4.92369,2.24782
0.263528,372.153,0.00076255,-2.78933,-0.307364,-4.76174,2.17389
0.263528,372.153,0.000762685,-2.71448,-0.338109,-4.581,2.09137
0.263528,372.153,0.000762819,-2.62892,-0.36752,-4.38218,2.00061
0.263528,372.153,0.000762953,-2.53298,-0.39548,-4.16607,1.90194
0.263528,372.153,0.000763087,-2.42705,-0.42188,-3.93351,1.79577
0.263528,372.153,0.000763221,-2.31154,-0.446614,-3.68543,1.68252
0.263528,372.153,0.000763356,-2.18691,-0.469586,-3.42281,1.56262
0.263528,372.153,0.00076349,-2.05364,-0.490705,-3.14668,1.43656
0.263528,372.153,0.000763624,-1.91227,-0.509887,-2.85812,1.30482
0.263528,372.153,0.000763758,-1.76336,-0.527056,-2.55829,1.16794
0.263528,372.153,0.000763893,-1.60748,-0.542146,-2.24837,1.02645
0.263528,372.153,0.000764027,-1.44526,-0.555096,-1.92956,0.880908
0.263528,372.153,0.000764161,-1.27734,-0.565856,-1.60315,0.731888
0.263528,372.153,0.000764295,-1.10437,-0.574382,-1.27041,0.579981
0.263528,372.153,0.00076443,-0.927051,-0.580641,-0.93265,0.425784
0.263528,372.153,0.000764564,-0.74607,-0.584609,-0.591213,0.269908
0.263528,372.153,0.000764698,-0.562144,-0.58627,-0.247442,0.112965
0.263528,372.153,0.000764832,-0.376,-0.585617,0.0973047,-0.0444224
0.263528,372.153,0.000764966,-0.188372,-0.582653,0.441668,-0.201635
0.263528,372.153,0.000765101,6.46999e-014,-0.577389,0.784288,-0.358052
0.263528,372.153,0.000765235,0.188372,-0.569847,1.12381,-0.513055
0.263528,372.153,0.000765369,0.376,-0.560055,1.4589,-0.666034
0.263528,372.153,0.000765503,0.562144,-0.548054,1.78823,-0.816385
0.263528,372.153,0.000765638,0.74607,-0.533889,2.11051,-0.963513
0.263528,372.153,0.000765772,0.927051,-0.517618,2.42445,-1.10684
0.263528,372.153,0.000765906,1.10437,-0.499303,2.72883,-1.2458
0.263528,372.153,0.00076604,1.27734,-0.479019,3.02244,-1.37984
0.263528,372.153,0.000766174,1.44526,-0.456843,3.30412,-1.50843
0.263528,372.153,0.000766309,1.60748,-0.432865,3.57276,-1.63108
0.263528,372.153,0.000766443,1.76336,-0.407178,3.8273,-1.74728
0.263528,372.153,0.000766577,1.91227,-0.379885,4.06673,-1.85659
0.263528,372.153,0.000766711,2.05364,-0.351092,4.29012,-1.95857
0.263528,372.153,0.000766846,2.18691,-0.320914,4.49657,-2.05283
0.263528,372.153,0.00076698,2.31154,-0.289469,4.68528,-2.13898
0.263528,372.153,0.000767114,2.42705,-0.256882,4.8555,-2.21669
0.263528,372.153,0.000767248,2.53298,-0.223281,5.00655,-2.28565
0.263528,372.153,0.000767383,2.62892,-0.188799,5.13785,-2.34559
0.263528,372.153,0.000767517,2.71448,-0.153571,5.24887,-2.39627
0.263528,372.153,0.000767651,2.78933,-0.117738,5.33918,-2.4375
0.263528,372.153,0.000767785,2.85317,-0.0814398,5.40841,-2.46911
0.263528,372.153,0.000767919,2.90575,-0.0448204,5.4563,-2.49097
0.263528,372.153,0.000768054,2.94686,-0.00802402,5.48265,-2.503
0.263528,372.153,0.000768188,2.97634,0.028804,5.48737,-2.50516
0.263528,372.153,0.000768322,2.99408,0.0655183,5.47044,-2.49743
0.263528,372.153,0.000768456,3,0.101974,5.43191,-2.47984
0.263528,372.153,0.000768591,2.99408,0.138027,5.37194,-2.45246
0.263528,372.153,0.000768725,2.97634,0.173536,5.29078,-2.41541
0.263528,372.153,0.000768859,2.94686,0.20836,5.18873,-2.36882
0.263528,372.153,0.000768993,2.90575,0.242361,5.06621,-2.31289
0.263528,372.153,0.000769128,2.85317,0.275406,4.92369,-2.24782
0.263528,372.153,0.000769262,2.78933,0.307364,4.76175,-2.17389
0.263528,372.153,0.000769396,2.71448,0.338109,4.581,-2.09137
0.263528,372.153,0.00076953,2.62892,0.36752,4.38218,-2.00061
0.263528,372.153,0.000769664,2.53298,0.39548,4.16607,-1.90194
0.263528,372.153,0.000769799,2.42705,0.421879,3.93351,-1.79577
0.263528,372.153,0.000769933,2.31154,0.446614,3.68543,-1.68252
0.263528,372.153,0.000770067,2.18691,0.469586,3.42281,-1.56262
0.263528,372.153,0.000770201,2.05364,0.490704,3.14668,-1.43656
0.263528,372.153,0.000770336,1.91227,0.509886,2.85813,-1.30483
0.263528,372.153,0.00077047,1.76336,0.527056,2.55829,-1.16794
0.263528,372.153,0.000770604,1.60748,0.542146,2.24837,-1.02645
0.263528,372.153,0.000770738,1.44526,0.555096,1.92957,-0.880909
0.263528,372.153,0.000770872,1.27734,0.565855,1.60315,-0.73189
0.263528,372.153,0.000771007,1.10437,0.574382,1.27041,-0.579983
0.263528,372.153,0.000771141,0.927051,0.580641,0.932652,-0.425786
0.263528,372.153,0.000771275,0.74607,0.584609,0.591215,-0.26991
0.263528,372.153,0.000771409,0.562144,0.58627,0.247445,-0.112968
0.263528,372.153,0.000771544,0.376,0.585617,-0.0973023,0.0444202
0.263528,372.153,0.000771678,0.188372,0.582652,-0.441665,0.201633
0.263528,372.153,0.000771812,-3.23581e-014,0.577389,-0.784285,0.358049
0.263528,372.153,0.000771946,-0.188372,0.569846,-1.12381,0.513053
0.263528,372.153,0.000772081,-0.376,0.560055,-1.4589,0.666032
0.263528,372.153,0.000772215,-0.562144,0.548054,-1.78823,0.816382
0.263528,372.153,0.000772349,-0.74607,0.533889,-2.11051,0.963511
0.263528,372.153,0.000772483,-0.927051,0.517618,-2.42445,1.10684
0.263528,372.153,0.000772617,-1.10437,0.499303,-2.72883,1.24579
0.263528,372.153,0.000772752,-1.27734,0.479018,-3.02244,1.37984
0.263528,372.153,0.000772886,-1.44526,0.456843,-3.30412,1.50843
0.263528,372.153,0.00077302,-1.60748,0.432865,-3.57275,1.63107
0.263528,372.153,0.000773154,-1.76336,0.407178,-3.82729,1.74728
0.263528,372.153,0.000773289,-1.91227,0.379885,-4.06673,1.85659
0.263528,372.153,0.000773423,-2.05364,0.351092,-4.29011,1.95857
0.263528,372.153,0.000773557,-2.18691,0.320914,-4.49657,2.05282
0.263528,372.153,0.000773691,-2.31154,0.289469,-4.68528,2.13898
0.263528,372.153,0.000773826,-2.42705,0.256882,-4.8555,2.21669
0.263528,372.153,0.00077396,-2.53298,0.223281,-5.00655,2.28565
0.263528,372.153,0.000774094,-2.62892,0.188799,-5.13785,2.34559
0.263528,372.153,0.000774228,-2.71448,0.153571,-5.24887,2.39627
0.263528,372.153,0.000774362,-2.78933,0.117738,-5.33917,2.4375
0.263528,372.153,0.000774497,-2.85317,0.08144,-5.40841,2.46911
0.263528,372.153,0.000774631,-2.90575,0.0448205,-5.4563,2.49097
0.263528,372.153,0.000774765,-2.94686,0.0080242,-5.48265,2.503
0.263528,372.153,0.000774899,-2.97634,-0.0288038,-5.48737,2.50516
0.263528,372.153,0.000775034,-2.99408,-0.0655181,-5.47043,2.49742
0.263528,372.153,0.000775168,-3,-0.101974,-5.43191,2.47984
0.263528,372.153,0.000775302,-2.99408,-0.138027,-5.37194,2.45246
0.263528,372.153,0.000775436,-2.97634,-0.173536,-5.29078,2.41541
0.263528,372.153,0.00077557,-2.94686,-0.208359,-5.18873,2.36882
0.263528,372.153,0.000775705,-2.90575,-0.242361,-5.06621,2.31288
0.263528,372.153,0.000775839,-2.85317,-0.275406,-4.92369,2.24782
0.263528,372.153,0.000775973,-2.78933,-0.307364,-4.76174,2.17389
0.263528,372.153,0.000776107,-2.71448,-0.338109,-4.581,2.09137
0.263528,372.153,0.000776242,-2.62892,-0.367519,-4.38218,2.0006
0.263528,372.153,0.000776376,-2.53298,-0.39548,-4.16607,1.90194
0.263528,372.153,0.00077651,-2.42705,-0.421879,-3.93351,1.79577
0.263528,372.153,0.000776644,-2.31154,-0.446613,-3.68543,1.68252
0.263528,372.153,0.000776779,-2.18691,-0.469585,-3.42281,1.56262
0.263528,372.153,0.000776913,-2.05364,-0.490704,-3.14668,1.43656
0.263528,372.153,0.000777047,-1.91227,-0.509886,-2.85813,1.30482
0.263528,372.153,0.000777181,-1.76336,-0.527056,-2.55829,1.16794
0.263528,372.153,0.000777315,-1.60748,-0.542145,-2.24837,1.02645
0.263528,372.153,0.00077745,-1.44526,-0.555096,-1.92957,0.880908
0.263528,372.153,0.000777584,-1.27734,-0.565855,-1.60315,0.731889
0.263528,372.153,0.000777718,-1.10437,-0.574381,-1.27041,0.579982
0.263528,372.153,0.000777852,-0.927051,-0.580641,-0.932652,0.425786
0.263528,372.153,0.000777987,-0.74607,-0.584608,-0.591215,0.269909
0.263528,372.153,0.000778121,-0.562144,-0.586269,-0.247445,0.112967
0.263528,372.153,0.000778255,-0.376,-0.585616,0.0973022,-0.0444205
0.263528,372.153,0.000778389,-0.188372,-0.582652,0.441665,-0.201633
0.263528,372.153,0.000778523,1.6263e-017,-0.577388,0.784285,-0.358049
0.263528,372.153,0.000778658,0.188372,-0.569846,1.12381,-0.513053
0.263528,372.153,0.000778792,0.376,-0.560055,1.4589,-0.666032
0.263528,372.153,0.000778926,0.562144,-0.548053,1.78823,-0.816382
0.263528,372.153,0.00077906,0.74607,-0.533889,2.1105,-0.96351
0.263528,372.153,0.000779195,0.927051,-0.517617,2.42445,-1.10684
0.263528,372.153,0.000779329,1.10437,-0.499303,2.72883,-1.24579
0.263528,372.153,0.000779463,1.27734,-0.479018,3.02243,-1.37983
0.263528,372.153,0.000779597,1.44526,-0.456843,3.30411,-1.50843
0.263528,372.153,0.000779732,1.60748,-0.432865,3.57275,-1.63107
0.263528,372.153,0.000779866,1.76336,-0.407178,3.82729,-1.74728
0.263528,372.153,0.00078,1.91227,-0.379885,4.06673,-1.85659
0.263528,372.153,0.000780134,2.05364,-0.351092,4.29011,-1.95857
0.263528,372.153,0.000780268,2.18691,-0.320914,4.49657,-2.05282
0.263528,372.153,0.000780403,2.31154,-0.289469,4.68528,-2.13897
0.263528,372.153,0.000780537,2.42705,-0.256882,4.85549,-2.21668
0.263528,372.153,0.000780671,2.53298,-0.223281,5.00655,-2.28565
0.263528,372.153,0.000780805,2.62892,-0.188798,5.13785,-2.34559
0.263528,372.153,0.00078094,2.71448,-0.153571,5.24887,-2.39627
0.263528,372.153,0.000781074,2.78933,-0.117738,5.33917,-2.4375
0.263528,372.153,0.000781208,2.85317,-0.0814397,5.40841,-2.46911
0.263528,372.153,0.000781342,2.90575,-0.0448203,5.45629,-2.49097
0.263528,372.153,0.000781477,2.94686,-0.008024,5.48265,-2.503
0.263528,372.153,0.000781611,2.97634,0.028804,5.48737,-2.50515
0.263528,372.153,0.000781745,2.99408,0.0655183,5.47043,-2.49742
0.263528,372.153,0.000781879,3,0.101974,5.4319,-2.47983
0.263528,372.153,0.000782013,2.99408,0.138027,5.37194,-2.45246
0.263528,372.153,0.000782148,2.97634,0.173536,5.29077,-2.4154
0.263528,372.153,0.000782282,2.94686,0.20836,5.18873,-2.36882
0.263528,372.153,0.000782416,2.90575,0.242361,5.06621,-2.31288
0.263528,372.153,0.00078255,2.85317,0.275406,4.92369,-2.24782
0.263528,372.153,0.000782685,2.78933,0.307364,4.76174,-2.17388
0.263528,372.153,0.000782819,2.71448,0.338109,4.581,-2.09137
0.263528,372.153,0.000782953,2.62892,0.367519,4.38218,-2.0006
0.263528,372.153,0.000783087,2.53298,0.39548,4.16607,-1.90194
0.263528,372.153,0.000783221,2.42705,0.421879,3.93351,-1.79577
0.263528,372.153,0.000783356,2.31154,0.446613,3.68543,-1.68251
0.263528,372.153,0.00078349,2.18691,0.469585,3.42281,-1.56262
0.263528,372.153,0.000783624,2.05364,0.490704,3.14667,-1.43655
0.263528,372.153,0.000783758,1.91227,0.509886,2.85812,-1.30482
0.263528,372.153,0.000783893,1.76336,0.527056,2.55829,-1.16794
0.263528,372.153,0.000784027,1.60748,0.542145,2.24836,-1.02645
0.263528,372.153,0.000784161,1.44526,0.555095,1.92956,-0.880906
0.263528,372.153,0.000784295,1.27734,0.565855,1.60315,-0.731887
0.263528,372.153,0.00078443,1.10437,0.574381,1.27041,-0.57998
0.263528,372.153,0.000784564,0.927051,0.58064,0.93265,-0.425784
0.263528,372.153,0.000784698,0.74607,0.584608,0.591213,-0.269907
0.263528,372.153,0.000784832,0.562144,0.586269,0.247443,-0.112965
0.263528,372.153,0.000784966,0.376,0.585616,-0.0973041,0.0444224
0.263528,372.153,0.000785101,0.188372,0.582652,-0.441667,0.201635
0.263528,372.153,0.000785235,3.23255e-014,0.577388,-0.784287,0.358051
0.263528,372.153,0.000785369,-0.188372,0.569846,-1.12381,0.513055
0.263528,372.153,0.000785503,-0.376,0.560054,-1.4589,0.666034
0.263528,372.153,0.000785638,-0.562144,0.548053,-1.78823,0.816384
0.263528,372.153,0.000785772,-0.74607,0.533888,-2.11051,0.963512
0.263528,372.153,0.000785906,-0.927051,0.517617,-2.42445,1.10684
0.263528,372.153,0.00078604,-1.10437,0.499303,-2.72883,1.2458
0.263528,372.153,0.000786174,-1.27734,0.479018,-3.02244,1.37984
0.263528,372.153,0.000786309,-1.44526,0.456843,-3.30412,1.50843
0.263528,372.153,0.000786443,-1.60748,0.432864,-3.57275,1.63107
0.263528,372.153,0.000786577,-1.76336,0.407178,-3.82729,1.74728
0.263528,372.153,0.000786711,-1.91227,0.379884,-4.06673,1.85659
0.263528,372.153,0.000786846,-2.05364,0.351092,-4.29011,1.95857
0.263528,372.153,0.00078698,-2.18691,0.320913,-4.49657,2.05282
0.263528,372.153,0.000787114,-2.31154,0.289469,-4.68528,2.13898
0.263528,372.153,0.000787248,-2.42705,0.256881,-4.85549,2.21668
0.263528,372.153,0.000787383,-2.53298,0.22328,-5.00655,2.28565
0.263528,372.153,0.000787517,-2.62892,0.188798,-5.13785,2.34559
0.263528,372.153,0.000787651,-2.71448,0.153571,-5.24887,2.39627
0.263528,372.153,0.000787785,-2.78933,0.117737,-5.33917,2.4375
0.263528,372.153,0.000787919,-2.85317,0.0814394,-5.40841,2.46911
0.263528,372.153,0.000788054,-2.90575,0.04482,-5.45629,2.49097
0.263528,372.153,0.000788188,-2.94686,0.00802368,-5.48265,2.503
0.263528,372.153,0.000788322,-2.97634,-0.0288043,-5.48737,2.50515
0.263528,372.153,0.000788456,-2.99408,-0.0655186,-5.47043,2.49742
0.263528,372.153,0.000788591,-3,-0.101974,-5.4319,2.47983
0.263528,372.153,0.000788725,-2.99408,-0.138028,-5.37194,2.45246
0.263528,372.153,0.000788859,-2.97634,-0.173536,-5.29077,2.4154
0.263528,372.153,0.000788993,-2.94686,-0.20836,-5.18873,2.36882
0.263528,372.153,0.000789128,-2.90575,-0.242361,-5.06621,2.31288
0.263528,372.153,0.000789262,-2.85317,-0.275406,-4.92369,2.24782
0.263528,372.153,0.000789396,-2.78933,-0.307364,-4.76174,2.17388
0.263528,372.153,0.00078953,-2.71448,-0.338109,-4.581,2.09137
0.263528,372.153,0.000789664,-2.62892,-0.36752,-4.38218,2.0006
0.263528,372.153,0.000789799,-2.53298,-0.39548,-4.16607,1.90194
0.263528,372.153,0.000789933,-2.42705,-0.421879,-3.93351,1.79577
0.263528,372.153,0.000790067,-2.31154,-0.446614,-3.68543,1.68251
0.263528,372.153,0.000790201,-2.18691,-0.469586,-3.42281,1.56262
0.263528,372.153,0.000790336,-2.05364,-0.490704,-3.14667,1.43655
0.263528,372.153,0.00079047,-1.91227,-0.509886,-2.85812,1.30482
0.263528,372.153,0.000790604,-1.76336,-0.527056,-2.55829,1.16794
0.263528,372.153,0.000790738,-1.60748,-0.542146,-2.24836,1.02645
0.263528,372.153,0.000790872,-1.44526,-0.555096,-1.92956,0.880905
0.263528,372.153,0.000791007,-1.27734,-0.565855,-1.60315,0.731886
0.263528,372.153,0.000791141,-1.10437,-0.574381,-1.2704,0.579979
0.263528,372.153,0.000791275,-0.927051,-0.580641,-0.932648,0.425782
0.263528,372.153,0.000791409,-0.74607,-0.584608,-0.591211,0.269906
0.263528,372.153,0.000791544,-0.562144,-0.586269,-0.247441,0.112964
0.263528,372.153,0.000791678,-0.376,-0.585616,0.0973058,-0.044424
0.263528,372.153,0.000791812,-0.188372,-0.582652,0.441669,-0.201636
0.263528,372.153,0.000791946,-6.46673e-014,-0.577388,0.784288,-0.358053
0.263528,372.153,0.000792081,0.188372,-0.569846,1.12381,-0.513057
0.263528,372.153,0.000792215,0.376,-0.560055,1.4589,-0.666035
0.263528,372.153,0.000792349,0.562144,-0.548053,1.78823,-0.816386
0.263528,372.153,0.000792483,0.74607,-0.533889,2.11051,-0.963514
0.263528,372.153,0.000792617,0.927051,-0.517617,2.42445,-1.10684
0.263528,372.153,0.000792752,1.10437,-0.499303,2.72883,-1.2458
0.263528,372.153,0.000792886,1.27734,-0.479018,3.02244,-1.37984
0.263528,372.153,0.00079302,1.44526,-0.456843,3.30412,-1.50843
0.263528,372.153,0.000793154,1.60748,-0.432864,3.57276,-1.63108
0.263528,372.153,0.000793289,1.76336,-0.407178,3.8273,-1.74728
0.263528,372.153,0.000793423,1.91227,-0.379884,4.06673,-1.85659
0.263528,372.153,0.000793557,2.05364,-0.351092,4.29012,-1.95857
0.263528,372.153,0.000793691,2.18691,-0.320913,4.49657,-2.05283
0.263528,372.153,0.000793826,2.31154,-0.289468,4.68528,-2.13898
0.263528,372.153,0.00079396,2.42705,-0.256881,4.8555,-2.21669
0.263528,372.153,0.000794094,2.53298,-0.22328,5.00655,-2.28565
0.263528,372.153,0.000794228,2.62892,-0.188798,5.13785,-2.34559
0.263528,372.153,0.000794362,2.71448,-0.153571,5.24887,-2.39627
0.263528,372.153,0.000794497,2.78933,-0.117737,5.33917,-2.4375
0.263528,372.153,0.000794631,2.85317,-0.0814393,5.40841,-2.46911
0.263528,372.153,0.000794765,2.90575,-0.0448199,5.4563,-2.49097
0.263528,372.153,0.000794899,2.94686,-0.00802353,5.48265,-2.503
0.263528,372.153,0.000795034,2.97634,0.0288045,5.48737,-2.50516
0.263528,372.153,0.000795168,2.99408,0.0655188,5.47043,-2.49742
0.263528,372.153,0.000795302,3,0.101975,5.4319,-2.47983
0.263528,372.153,0.000795436,2.99408,0.138028,5.37194,-2.45246
0.263528,372.153,0.00079557,2.97634,0.173536,5.29078,-2.4154
0.263528,372.153,0.000795705,2.94686,0.20836,5.18873,-2.36882
0.263528,372.153,0.000795839,2.90575,0.242361,5.06621,-2.31288
0.263528,372.153,0.000795973,2.85317,0.275406,4.92369,-2.24782
0.263528,372.153,0.000796107,2.78933,0.307364,4.76174,-2.17388
0.263528,372.153,0.000796242,2.71448,0.338109,4.581,-2.09137
0.263528,372.153,0.000796376,2.62892,0.36752,4.38218,-2.0006
0.263528,372.153,0.00079651,2.53298,0.39548,4.16607,-1.90194
0.263528,372.153,0.000796644,2.42705,0.421879,3.93351,-1.79577
0.263528,372.153,0.000796779,2.31154,0.446614,3.68543,-1.68251
0.263528,372.153,0.000796913,2.18691,0.469586,3.42281,-1.56262
0.263528,372.153,0.000797047,2.05364,0.490704,3.14667,-1.43655
0.263528,372.153,0.000797181,1.91227,0.509886,2.85812,-1.30482
0.263528,372.153,0.000797315,1.76336,0.527056,2.55829,-1.16794
0.263528,372.153,0.00079745,1.60748,0.542146,2.24836,-1.02645
0.263528,372.153,0.000797584,1.44526,0.555096,1.92956,-0.880905
0.263528,372.153,0.000797718,1.27734,0.565855,1.60315,-0.731886
0.263528,372.153,0.000797852,1.10437,0.574382,1.2704,-0.579979
0.263528,372.153,0.000797987,0.927051,0.580641,0.932648,-0.425782
0.263528,372.153,0.000798121,0.74607,0.584609,0.591211,-0.269906
0.263528,372.153,0.000798255,0.562144,0.586269,0.247441,-0.112964
0.263528,372.153,0.000798389,0.376,0.585616,-0.097306,0.044424
0.263528,372.153,0.000798523,0.188372,0.582652,-0.441669,0.201636
0.263528,372.153,0.000798658,-7.35211e-014,0.577388,-0.784289,0.358053
0.263528,372.153,0.000798792,-0.188372,0.569846,-1.12381,0.513057
0.263528,372.153,0.000798926,-0.376,0.560055,-1.4589,0.666036
0.263528,372.153,0.00079906,-0.562144,0.548053,-1.78823,0.816386
0.263528,372.153,0.000799195,-0.74607,0.533889,-2.11051,0.963514
0.263528,372.153,0.000799329,-0.927051,0.517617,-2.42445,1.10684
0.263528,372.153,0.000799463,-1.10437,0.499303,-2.72883,1.2458
0.263528,372.153,0.000799597,-1.27734,0.479018,-3.02244,1.37984
0.263528,372.153,0.000799732,-1.44526,0.456843,-3.30412,1.50843
0.263528,372.153,0.000799866,-1.60748,0.432865,-3.57276,1.63108
0.263528,372.153,0.0008,-1.76336,0.407178,-3.8273,1.74728
0.263528,372.153,0.000800134,-1.91227,0.379885,-4.06673,1.85659
0.263528,372.153,0.000800268,-2.05364,0.351092,-4.29012,1.95857
0.263528,372.153,0.000800403,-2.18691,0.320913,-4.49657,2.05283
0.263528,372.153,0.000800537,-2.31154,0.289469,-4.68528,2.13898
0.263528,372.153,0.000800671,-2.42705,0.256881,-4.8555,2.21669
0.263528,372.153,0.000800805,-2.53298,0.22328,-5.00655,2.28565
0.263528,372.153,0.00080094,-2.62892,0.188798,-5.13785,2.34559
0.263528,372.153,0.000801074,-2.71448,0.153571,-5.24887,2.39627
0.263528,372.153,0.000801208,-2.78933,0.117737,-5.33917,2.4375
0.263528,372.153,0.000801342,-2.85317,0.0814394,-5.40841,2.46911
0.263528,372.153,0.000801477,-2.90575,0.04482,-5.4563,2.49097
0.263528,372.153,0.000801611,-2.94686,0.00802365,-5.48265,2.503
0.263528,372.153,0.000801745,-2.97634,-0.0288043,-5.48737,2.50516
0.263528,372.153,0.000801879,-2.99408,-0.0655187,-5.47043,2.49743
0.263528,372.153,0.000802013,-3,-0.101974,-5.43191,2.47984
0.263528,372.153,0.000802148,-2.99408,-0.138028,-5.37194,2.45246
0.263528,372.153,0.000802282,-2.97634,-0.173536,-5.29078,2.41541
0.263528,372.153,0.000802416,-2.94686,-0.20836,-5.18873,2.36882
0.263528,372.153,0.00080255,-2.90575,-0.242361,-5.06621,2.31288
0.263528,372.153,0.000802685,-2.85317,-0.275406,-4.92369,2.24782
0.263528,372.153,0.000802819,-2.78933,-0.307364,-4.76174,2.17389
0.263528,372.153,0.000802953,-2.71448,-0.338109,-4.581,2.09137
0.263528,372.153,0.000803087,-2.62892,-0.36752,-4.38218,2.0006
0.263528,372.153,0.000803221,-2.53298,-0.39548,-4.16607,1.90194
0.263528,372.153,0.000803356,-2.42705,-0.42188,-3.93351,1.79577
0.263528,372.153,0.00080349,-2.31154,-0.446614,-3.68543,1.68252
0.263528,372.153,0.000803624,-2.18691,-0.469586,-3.42281,1.56262
0.263528,372.153,0.000803758,-2.05364,-0.490704,-3.14667,1.43656
0.263528,372.153,0.000803893,-1.91227,-0.509886,-2.85812,1.30482
0.263528,372.153,0.000804027,-1.76336,-0.527056,-2.55829,1.16794
0.263528,372.153,0.000804161,-1.60748,-0.542146,-2.24837,1.02645
0.263528,372.153,0.000804295,-1.44526,-0.555096,-1.92956,0.880907
0.263528,372.153,0.00080443,-1.27734,-0.565855,-1.60315,0.731888
0.263528,372.153,0.000804564,-1.10437,-0.574382,-1.27041,0.57998
0.263528,372.153,0.000804698,-0.927051,-0.580641,-0.93265,0.425784
0.263528,372.153,0.000804832,-0.74607,-0.584609,-0.591213,0.269907
0.263528,372.153,0.000804966,-0.562144,-0.58627,-0.247442,0.112965
0.263528,372.153,0.000805101,-0.376,-0.585617,0.0973048,-0.0444227
0.263528,372.153,0.000805235,-0.188372,-0.582652,0.441668,-0.201635
