Amp, Phaseshift, Time, Vd, Vr, VL, VC
-0.101108,372.279,0,0,0,0,0
-0.101108,372.279,4.65116e-007,0.188372,0.00438073,0.188372,0
-0.101108,372.279,9.30233e-007,0.376,0.013023,0.371619,0.0040751
-0.101108,372.279,1.39535e-006,0.562144,0.0256985,0.545046,0.0161896
-0.101108,372.279,1.86047e-006,0.74607,0.0420748,0.704182,0.0400952
-0.101108,372.279,2.32558e-006,0.927051,0.0617232,0.844881,0.0792345
-0.101108,372.279,2.7907e-006,1.10437,0.0841283,0.963416,0.136651
-0.101108,372.279,3.25581e-006,1.27734,0.108699,1.05656,0.21491
-0.101108,372.279,3.72093e-006,1.44526,0.134784,1.12165,0.316026
-0.101108,372.279,4.18605e-006,1.60748,0.161684,1.15667,0.441407
-0.101108,372.279,4.65116e-006,1.76336,0.188667,1.16027,0.59181
-0.101108,372.279,5.11628e-006,1.91227,0.214987,1.1318,0.767314
-0.101108,372.279,5.5814e-006,2.05364,0.239902,1.07134,0.967302
-0.101108,372.279,6.04651e-006,2.18691,0.262686,0.979702,1.19047
-0.101108,372.279,6.51163e-006,2.31154,0.282648,0.858387,1.43483
-0.101108,372.279,6.97674e-006,2.42705,0.29915,0.709577,1.69775
-0.101108,372.279,7.44186e-006,2.53298,0.311617,0.536079,1.97603
-0.101108,372.279,7.90698e-006,2.62892,0.319554,0.341269,2.26591
-0.101108,372.279,8.37209e-006,2.71448,0.322554,0.129017,2.56317
-0.101108,372.279,8.83721e-006,2.78933,0.320312,-0.0963943,2.86322
-0.101108,372.279,9.30233e-006,2.85317,0.312629,-0.330363,3.16118
-0.101108,372.279,9.76744e-006,2.90575,0.299419,-0.568065,3.452
-0.101108,372.279,1.02326e-005,2.94686,0.280708,-0.80456,3.73053
-0.101108,372.279,1.06977e-005,2.97634,0.256641,-1.0349,3.99166
-0.101108,372.279,1.11628e-005,2.99408,0.227473,-1.25422,4.23039
-0.101108,372.279,1.16279e-005,3,0.193569,-1.45786,4.44199
-0.101108,372.279,1.2093e-005,2.99408,0.155395,-1.64148,4.62206
-0.101108,372.279,1.25581e-005,2.97634,0.113509,-1.80111,4.76661
-0.101108,372.279,1.30233e-005,2.94686,0.0685492,-1.93326,4.8722
-0.101108,372.279,1.34884e-005,2.90575,0.0212236,-2.035,4.93597
-0.101108,372.279,1.39535e-005,2.85317,-0.0277071,-2.10402,4.95571
-0.101108,372.279,1.44186e-005,2.78933,-0.0774437,-2.13867,4.92994
-0.101108,372.279,1.48837e-005,2.71448,-0.127165,-2.13801,4.8579
-0.101108,372.279,1.53488e-005,2.62892,-0.176044,-2.10181,4.7396
-0.101108,372.279,1.5814e-005,2.53298,-0.223267,-2.03057,4.57584
-0.101108,372.279,1.62791e-005,2.42705,-0.268047,-1.92552,4.36815
-0.101108,372.279,1.67442e-005,2.31154,-0.309641,-1.78856,4.11881
-0.101108,372.279,1.72093e-005,2.18691,-0.347368,-1.62226,3.83077
-0.101108,372.279,1.76744e-005,2.05364,-0.380618,-1.42976,3.50763
-0.101108,372.279,1.81395e-005,1.91227,-0.408868,-1.21474,3.15357
-0.101108,372.279,1.86047e-005,1.76336,-0.43169,-0.981347,2.77323
-0.101108,372.279,1.90698e-005,1.60748,-0.448761,-0.734058,2.37166
-0.101108,372.279,1.95349e-005,1.44526,-0.459869,-0.477634,1.9542
-0.101108,372.279,2e-005,1.27734,-0.464915,-0.216997,1.52642
-0.101108,372.279,2.04651e-005,1.10437,-0.463918,0.0428702,1.09394
-0.101108,372.279,2.09302e-005,0.927051,-0.457011,0.29703,0.662387
-0.101108,372.279,2.13953e-005,0.74607,-0.444436,0.540693,0.237261
-0.101108,372.279,2.18605e-005,0.562144,-0.426545,0.769319,-0.176168
-0.101108,372.279,2.23256e-005,0.376,-0.403785,0.978713,-0.572954
-0.101108,372.279,2.27907e-005,0.188372,-0.376689,1.16511,-0.948568
-0.101108,372.279,2.32558e-005,3.67382e-016,-0.345869,1.32526,-1.29898
-0.101108,372.279,2.37209e-005,-0.188372,-0.311998,1.45647,-1.62071
-0.101108,372.279,2.4186e-005,-0.376,-0.275795,1.55671,-1.91095
-0.101108,372.279,2.46512e-005,-0.562144,-0.238014,1.6246,-2.1675
-0.101108,372.279,2.51163e-005,-0.74607,-0.199422,1.65944,-2.38891
-0.101108,372.279,2.55814e-005,-0.927051,-0.160788,1.66128,-2.57442
-0.101108,372.279,2.60465e-005,-1.10437,-0.122861,1.63083,-2.72399
-0.101108,372.279,2.65116e-005,-1.27734,-0.0863611,1.56951,-2.83827
-0.101108,372.279,2.69767e-005,-1.44526,-0.051957,1.47937,-2.91861
-0.101108,372.279,2.74419e-005,-1.60748,-0.0202573,1.36309,-2.96694
-0.101108,372.279,2.7907e-005,-1.76336,0.00820416,1.22384,-2.98579
-0.101108,372.279,2.83721e-005,-1.91227,0.0329788,1.06531,-2.97815
-0.101108,372.279,2.88372e-005,-2.05364,0.0537122,0.891535,-2.94748
-0.101108,372.279,2.93023e-005,-2.18691,0.0701508,0.706859,-2.89751
-0.101108,372.279,2.97674e-005,-2.31154,0.0821466,0.515822,-2.83226
-0.101108,372.279,3.02326e-005,-2.42705,0.0896596,0.323058,-2.75584
-0.101108,372.279,3.06977e-005,-2.53298,0.0927572,0.133197,-2.67244
-0.101108,372.279,3.11628e-005,-2.62892,0.0916121,-0.0492413,-2.58615
-0.101108,372.279,3.16279e-005,-2.71448,0.0864971,-0.219943,-2.50093
-0.101108,372.279,3.2093e-005,-2.78933,0.0777786,-0.374897,-2.42047
-0.101108,372.279,3.25581e-005,-2.85317,0.0659069,-0.510481,-2.34812
-0.101108,372.279,3.30233e-005,-2.90575,0.051406,-0.623541,-2.28681
-0.101108,372.279,3.34884e-005,-2.94686,0.0348603,-0.711461,-2.23899
-0.101108,372.279,3.39535e-005,-2.97634,0.0169018,-0.772218,-2.20656
-0.101108,372.279,3.44186e-005,-2.99408,-0.00180573,-0.804423,-2.19084
-0.101108,372.279,3.48837e-005,-3,-0.0205815,-0.807358,-2.19252
-0.101108,372.279,3.53488e-005,-2.99408,-0.0387439,-0.780983,-2.21166
-0.101108,372.279,3.5814e-005,-2.97634,-0.0556262,-0.725939,-2.2477
-0.101108,372.279,3.62791e-005,-2.94686,-0.0705921,-0.643533,-2.29945
-0.101108,372.279,3.67442e-005,-2.90575,-0.0830505,-0.53571,-2.36511
-0.101108,372.279,3.72093e-005,-2.85317,-0.0924692,-0.405005,-2.44237
-0.101108,372.279,3.76744e-005,-2.78933,-0.0983875,-0.25449,-2.52839
-0.101108,372.279,3.81395e-005,-2.71448,-0.100427,-0.087705,-2.61991
-0.101108,372.279,3.86047e-005,-2.62892,-0.0983012,0.0914191,-2.71333
-0.101108,372.279,3.90698e-005,-2.53298,-0.0918209,0.27865,-2.80478
-0.101108,372.279,3.95349e-005,-2.42705,-0.0809013,0.469545,-2.89019
-0.101108,372.279,4e-005,-2.31154,-0.0655629,0.659552,-2.96545
-0.101108,372.279,4.04651e-005,-2.18691,-0.0459325,0.844104,-3.02644
-0.101108,372.279,4.09302e-005,-2.05364,-0.0222412,1.01873,-3.06916
-0.101108,372.279,4.13953e-005,-1.91227,0.00518051,1.17913,-3.08985
-0.101108,372.279,4.18605e-005,-1.76336,0.0359088,1.32132,-3.08503
-0.101108,372.279,4.23256e-005,-1.60748,0.0694354,1.44165,-3.05163
-0.101108,372.279,4.27907e-005,-1.44526,0.105178,1.53693,-2.98704
-0.101108,372.279,4.32558e-005,-1.27734,0.142493,1.60452,-2.8892
-0.101108,372.279,4.37209e-005,-1.10437,0.180686,1.64233,-2.75665
-0.101108,372.279,4.4186e-005,-0.927051,0.219033,1.64891,-2.58857
-0.101108,372.279,4.46512e-005,-0.74607,0.256788,1.62347,-2.38482
-0.101108,372.279,4.51163e-005,-0.562144,0.293204,1.56588,-2.14594
-0.101108,372.279,4.55814e-005,-0.376,0.327547,1.47674,-1.8732
-0.101108,372.279,4.60465e-005,-0.188372,0.359111,1.35728,-1.5685
-0.101108,372.279,4.65116e-005,-7.34764e-016,0.387237,1.20939,-1.23444
-0.101108,372.279,4.69767e-005,0.188372,0.41132,1.03558,-0.874223
-0.101108,372.279,4.74419e-005,0.376,0.430829,0.838903,-0.4916
-0.101108,372.279,4.7907e-005,0.562144,0.445316,0.622915,-0.0908285
-0.101108,372.279,4.83721e-005,0.74607,0.454422,0.391582,0.323419
-0.101108,372.279,4.88372e-005,0.927051,0.457892,0.14921,0.746137
-0.101108,372.279,4.93023e-005,1.10437,0.455575,-0.0996558,1.17208
-0.101108,372.279,4.97674e-005,1.27734,0.447428,-0.35032,1.59587
-0.101108,372.279,5.02326e-005,1.44526,0.43352,-0.598041,2.01209
-0.101108,372.279,5.06977e-005,1.60748,0.414029,-0.838125,2.41536
-0.101108,372.279,5.11628e-005,1.76336,0.389237,-1.06603,2.8005
-0.101108,372.279,5.16279e-005,1.91227,0.359529,-1.27747,3.16258
-0.101108,372.279,5.2093e-005,2.05364,0.325378,-1.46847,3.49703
-0.101108,372.279,5.25581e-005,2.18691,0.287343,-1.6355,3.79971
-0.101108,372.279,5.30233e-005,2.31154,0.246052,-1.77551,4.067
-0.101108,372.279,5.34884e-005,2.42705,0.202192,-1.886,4.29589
-0.101108,372.279,5.39535e-005,2.53298,0.156492,-1.9651,4.48397
-0.101108,372.279,5.44186e-005,2.62892,0.109712,-2.01154,4.62955
-0.101108,372.279,5.48837e-005,2.71448,0.0626238,-2.02478,4.7316
-0.101108,372.279,5.53488e-005,2.78933,0.0159982,-2.0049,4.78986
-0.101108,372.279,5.5814e-005,2.85317,-0.0294131,-1.95269,4.80474
-0.101108,372.279,5.62791e-005,2.90575,-0.0728917,-1.86958,4.77738
-0.101108,372.279,5.67442e-005,2.94686,-0.113767,-1.75763,4.70957
-0.101108,372.279,5.72093e-005,2.97634,-0.151429,-1.61946,4.60374
-0.101108,372.279,5.76744e-005,2.99408,-0.185341,-1.45824,4.46288
-0.101108,372.279,5.81395e-005,3,-0.215051,-1.27754,4.29047
-0.101108,372.279,5.86047e-005,2.99408,-0.240199,-1.08134,4.09042
-0.101108,372.279,5.90698e-005,2.97634,-0.260522,-0.87388,3.86698
-0.101108,372.279,5.95349e-005,2.94686,-0.275861,-0.659599,3.62464
-0.101108,372.279,6e-005,2.90575,-0.286164,-0.443026,3.36802
-0.101108,372.279,6.04651e-005,2.85317,-0.291482,-0.228688,3.10182
-0.101108,372.279,6.09302e-005,2.78933,-0.291971,-0.0210106,2.83068
-0.101108,372.279,6.13953e-005,2.71448,-0.287883,0.175776,2.55908
-0.101108,372.279,6.18605e-005,2.62892,-0.279564,0.357728,2.29128
-0.101108,372.279,6.23256e-005,2.53298,-0.267441,0.521271,2.03122
-0.101108,372.279,6.27907e-005,2.42705,-0.252016,0.663275,1.78244
-0.101108,372.279,6.32558e-005,2.31154,-0.233851,0.781121,1.548
-0.101108,372.279,6.37209e-005,2.18691,-0.213554,0.872755,1.33047
-0.101108,372.279,6.4186e-005,2.05364,-0.19177,0.936729,1.13181
-0.101108,372.279,6.46512e-005,1.91227,-0.16916,0.972231,0.953421
-0.101108,372.279,6.51163e-005,1.76336,-0.14639,0.979095,0.796063
-0.101108,372.279,6.55814e-005,1.60748,-0.124115,0.957807,0.659886
-0.101108,372.279,6.60465e-005,1.44526,-0.102964,0.90949,0.54443
-0.101108,372.279,6.65116e-005,1.27734,-0.0835255,0.835872,0.448649
-0.101108,372.279,6.69767e-005,1.10437,-0.0663337,0.73925,0.370951
-0.101108,372.279,6.74419e-005,0.927051,-0.0518585,0.622434,0.309245
-0.101108,372.279,6.7907e-005,0.74607,-0.0404938,0.488683,0.261005
-0.101108,372.279,6.83721e-005,0.562144,-0.0325488,0.341633,0.223336
-0.101108,372.279,6.88372e-005,0.376,-0.0282415,0.185212,0.193058
-0.101108,372.279,6.93023e-005,0.188372,-0.0276938,0.0235548,0.166787
-0.101108,372.279,6.97674e-005,1.10215e-015,-0.0309285,-0.139093,0.141025
-0.101108,372.279,7.02326e-005,-0.188372,-0.0378696,-0.298469,0.112255
-0.101108,372.279,7.06977e-005,-0.376,-0.0483437,-0.450385,0.0770272
-0.101108,372.279,7.11628e-005,-0.562144,-0.0620839,-0.590827,0.0320563
-0.101108,372.279,7.16279e-005,-0.74607,-0.078736,-0.716042,-0.0256961
-0.101108,372.279,7.2093e-005,-0.927051,-0.0978667,-0.822619,-0.0989389
-0.101108,372.279,7.25581e-005,-1.10437,-0.118973,-0.907568,-0.189978
-0.101108,372.279,7.30233e-005,-1.27734,-0.141494,-0.968387,-0.30065
-0.101108,372.279,7.34884e-005,-1.44526,-0.164822,-1.00312,-0.432272
-0.101108,372.279,7.39535e-005,-1.60748,-0.188319,-1.01039,-0.585595
-0.101108,372.279,7.44186e-005,-1.76336,-0.211329,-0.989442,-0.760775
-0.101108,372.279,7.48837e-005,-1.91227,-0.233194,-0.940167,-0.957361
-0.101108,372.279,7.53488e-005,-2.05364,-0.253266,-0.863087,-1.17429
-0.101108,372.279,7.5814e-005,-2.18691,-0.270925,-0.759355,-1.40988
-0.101108,372.279,7.62791e-005,-2.31154,-0.285593,-0.630733,-1.6619
-0.101108,372.279,7.67442e-005,-2.42705,-0.296746,-0.479553,-1.92757
-0.101108,372.279,7.72093e-005,-2.53298,-0.303924,-0.308665,-2.20362
-0.101108,372.279,7.76744e-005,-2.62892,-0.306747,-0.121381,-2.48634
-0.101108,372.279,7.81395e-005,-2.71448,-0.304919,0.0786007,-2.77168
-0.101108,372.279,7.86047e-005,-2.78933,-0.298238,0.28727,-3.05533
-0.101108,372.279,7.90698e-005,-2.85317,-0.286601,0.500395,-3.33276
-0.101108,372.279,7.95349e-005,-2.90575,-0.270005,0.713609,-3.59936
-0.101108,372.279,8e-005,-2.94686,-0.248552,0.922506,-3.85053
-0.101108,372.279,8.04651e-005,-2.97634,-0.222442,1.12274,-4.08174
-0.101108,372.279,8.09302e-005,-2.99408,-0.191974,1.3101,-4.28866
-0.101108,372.279,8.13953e-005,-3,-0.157541,1.48064,-4.46724
-0.101108,372.279,8.18605e-005,-2.99408,-0.119617,1.63071,-4.61379
-0.101108,372.279,8.23256e-005,-2.97634,-0.0787553,1.75707,-4.72507
-0.101108,372.279,8.27907e-005,-2.94686,-0.0355702,1.85696,-4.79833
-0.101108,372.279,8.32558e-005,-2.90575,0.00927048,1.92815,-4.83142
-0.101108,372.279,8.37209e-005,-2.85317,0.0550606,1.96898,-4.82279
-0.101108,372.279,8.4186e-005,-2.78933,0.10107,1.9784,-4.77157
-0.101108,372.279,8.46512e-005,-2.71448,0.146559,1.95602,-4.67755
-0.101108,372.279,8.51163e-005,-2.62892,0.190793,1.90207,-4.54122
-0.101108,372.279,8.55814e-005,-2.53298,0.233059,1.81744,-4.36374
-0.101108,372.279,8.60465e-005,-2.42705,0.272678,1.70363,-4.14694
-0.101108,372.279,8.65116e-005,-2.31154,0.309021,1.56272,-3.89328
-0.101108,372.279,8.69767e-005,-2.18691,0.341518,1.39736,-3.60582
-0.101108,372.279,8.74419e-005,-2.05364,0.369672,1.21066,-3.28813
-0.101108,372.279,8.7907e-005,-1.91227,0.393072,1.00619,-2.94425
-0.101108,372.279,8.83721e-005,-1.76336,0.411394,0.787823,-2.5786
-0.101108,372.279,8.88372e-005,-1.60748,0.424411,0.559728,-2.19591
-0.101108,372.279,8.93023e-005,-1.44526,0.431998,0.326239,-1.80111
-0.101108,372.279,8.97674e-005,-1.27734,0.434132,0.0917747,-1.39925
-0.101108,372.279,9.02326e-005,-1.10437,0.430893,-0.139254,-0.995408
-0.101108,372.279,9.06977e-005,-0.927051,0.422462,-0.362536,-0.594577
-0.101108,372.279,9.11628e-005,-0.74607,0.409115,-0.573955,-0.201589
-0.101108,372.279,9.16279e-005,-0.562144,0.391215,-0.769669,0.178983
-0.101108,372.279,9.2093e-005,-0.376,0.369211,-0.946198,0.542904
-0.101108,372.279,9.25581e-005,-0.188372,0.343618,-1.10049,0.886356
-0.101108,372.279,9.30233e-005,-1.46953e-015,0.315014,-1.22997,1.206
-0.101108,372.279,9.34884e-005,0.188372,0.284022,-1.33264,1.49904
-0.101108,372.279,9.39535e-005,0.376,0.2513,-1.40706,1.76324
-0.101108,372.279,9.44186e-005,0.562144,0.217523,-1.4524,1.99701
-0.101108,372.279,9.48837e-005,0.74607,0.183373,-1.46846,2.19936
-0.101108,372.279,9.53488e-005,0.927051,0.14952,-1.45568,2.36994
-0.101108,372.279,9.5814e-005,1.10437,0.116611,-1.41508,2.50903
-0.101108,372.279,9.62791e-005,1.27734,0.0852552,-1.3483,2.6175
-0.101108,372.279,9.67442e-005,1.44526,0.0560111,-1.25749,2.69681
-0.101108,372.279,9.72093e-005,1.60748,0.0293753,-1.14534,2.74891
-0.101108,372.279,9.76744e-005,1.76336,0.00577228,-1.01493,2.77624
-0.101108,372.279,9.81395e-005,1.91227,-0.0144542,-0.869737,2.78161
-0.101108,372.279,9.86047e-005,2.05364,-0.0310475,-0.713511,2.76816
-0.101108,372.279,9.90698e-005,2.18691,-0.043843,-0.550208,2.73928
-0.101108,372.279,9.95349e-005,2.31154,-0.0527708,-0.383897,2.6985
-0.101108,372.279,0.0001,2.42705,-0.0578563,-0.218674,2.64941
-0.101108,372.279,0.000100465,2.53298,-0.0592183,-0.0585663,2.59559
-0.101108,372.279,0.00010093,2.62892,-0.0570659,0.0925517,2.5405
-0.101108,372.279,0.000101395,2.71448,-0.0516927,0.231047,2.48742
-0.101108,372.279,0.00010186,2.78933,-0.0434693,0.353607,2.43933
-0.101108,372.279,0.000102326,2.85317,-0.0328342,0.45731,2.39889
-0.101108,372.279,0.000102791,2.90575,-0.0202832,0.539691,2.36835
-0.101108,372.279,0.000103256,2.94686,-0.00635773,0.598796,2.34948
-0.101108,372.279,0.000103721,2.97634,0.00836834,0.633221,2.34357
-0.101108,372.279,0.000104186,2.99408,0.0233019,0.642145,2.35135
-0.101108,372.279,0.000104651,3,0.0378449,0.625347,2.37303
-0.101108,372.279,0.000105116,2.99408,0.0514079,0.583208,2.40823
-0.101108,372.279,0.000105581,2.97634,0.0634242,0.516704,2.45605
-0.101108,372.279,0.000106047,2.94686,0.0733634,0.427384,2.51505
-0.101108,372.279,0.000106512,2.90575,0.0807433,0.317333,2.5833
-0.101108,372.279,0.000106977,2.85317,0.0851416,0.189129,2.65841
-0.101108,372.279,0.000107442,2.78933,0.0862062,0.0457802,2.73761
-0.101108,372.279,0.000107907,2.71448,0.0836636,-0.109334,2.8178
-0.101108,372.279,0.000108372,2.62892,0.0773253,-0.272545,2.89563
-0.101108,372.279,0.000108837,2.53298,0.0670935,-0.439969,2.96756
-0.101108,372.279,0.000109302,2.42705,0.0529633,-0.607601,3.02997
-0.101108,372.279,0.000109767,2.31154,0.0350239,-0.771394,3.07924
-0.101108,372.279,0.000110233,2.18691,0.0134574,-0.927357,3.11182
-0.101108,372.279,0.000110698,2.05364,-0.0114643,-1.07164,3.12434
-0.101108,372.279,0.000111163,1.91227,-0.0393853,-1.2006,3.11367
-0.101108,372.279,0.000111628,1.76336,-0.0698721,-1.31093,3.07704
-0.101108,372.279,0.000112093,1.60748,-0.102423,-1.39968,3.01204
-0.101108,372.279,0.000112558,1.44526,-0.136478,-1.46435,2.91676
-0.101108,372.279,0.000113023,1.27734,-0.17143,-1.50295,2.78981
-0.101108,372.279,0.000113488,1.10437,-0.206639,-1.514,2.63034
-0.101108,372.279,0.000113953,0.927051,-0.241445,-1.49665,2.43811
-0.101108,372.279,0.000114419,0.74607,-0.27518,-1.4506,2.21351
-0.101108,372.279,0.000114884,0.562144,-0.307184,-1.37619,1.95753
-0.101108,372.279,0.000115349,0.376,-0.33682,-1.27435,1.67178
-0.101108,372.279,0.000115814,0.188372,-0.363485,-1.14659,1.35846
-0.101108,372.279,0.000116279,7.16598e-015,-0.386624,-0.994973,1.02033
-0.101108,372.279,0.000116744,-0.188372,-0.405742,-0.82208,0.660683
-0.101108,372.279,0.000117209,-0.376,-0.420415,-0.63094,0.283248
-0.101108,372.279,0.000117674,-0.562144,-0.430298,-0.424977,-0.107836
-0.101108,372.279,0.00011814,-0.74607,-0.435134,-0.207936,-0.508113
-0.101108,372.279,0.000118605,-0.927051,-0.434757,0.0161962,-0.912889
-0.101108,372.279,0.00011907,-1.10437,-0.4291,0.243273,-1.31731
-0.101108,372.279,0.000119535,-1.27734,-0.418191,0.469076,-1.71648
-0.101108,372.279,0.00012,-1.44526,-0.402158,0.689407,-2.10549
-0.101108,372.279,0.000120465,-1.60748,-0.381224,0.90017,-2.47959
-0.101108,372.279,0.00012093,-1.76336,-0.355702,1.09746,-2.83422
-0.101108,372.279,0.000121395,-1.91227,-0.325989,1.27765,-3.16511
-0.101108,372.279,0.00012186,-2.05364,-0.29256,1.43745,-3.46835
-0.101108,372.279,0.000122326,-2.18691,-0.255955,1.57401,-3.7405
-0.101108,372.279,0.000122791,-2.31154,-0.216771,1.68492,-3.9786
-0.101108,372.279,0.000123256,-2.42705,-0.175647,1.76832,-4.18025
-0.101108,372.279,0.000123721,-2.53298,-0.133254,1.82291,-4.34364
-0.101108,372.279,0.000124186,-2.62892,-0.0902781,1.84797,-4.4676
-0.101108,372.279,0.000124651,-2.71448,-0.0474085,1.84339,-4.55157
-0.101108,372.279,0.000125116,-2.78933,-0.0053235,1.80965,-4.59568
-0.101108,372.279,0.000125581,-2.85317,0.0353237,1.74783,-4.60063
-0.101108,372.279,0.000126047,-2.90575,0.073918,1.65955,-4.56777
-0.101108,372.279,0.000126512,-2.94686,0.109894,1.54699,-4.49901
-0.101108,372.279,0.000126977,-2.97634,0.14275,1.41277,-4.39678
-0.101108,372.279,0.000127442,-2.99408,0.172051,1.25995,-4.26399
-0.101108,372.279,0.000127907,-3,0.197445,1.09194,-4.10394
-0.101108,372.279,0.000128372,-2.99408,0.218664,0.912418,-3.92027
-0.101108,372.279,0.000128837,-2.97634,0.23553,0.725266,-3.71687
-0.101108,372.279,0.000129302,-2.94686,0.24796,0.534473,-3.49777
-0.101108,372.279,0.000129767,-2.90575,0.255961,0.344058,-3.26711
-0.101108,372.279,0.000130233,-2.85317,0.259635,0.157976,-3.029
-0.101108,372.279,0.000130698,-2.78933,0.259171,-0.0199614,-2.78748
-0.101108,372.279,0.000131163,-2.71448,0.254841,-0.18617,-2.54639
-0.101108,372.279,0.000131628,-2.62892,0.246996,-0.337369,-2.30933
-0.101108,372.279,0.000132093,-2.53298,0.23605,-0.470648,-2.07957
-0.101108,372.279,0.000132558,-2.42705,0.22248,-0.583534,-1.85999
-0.101108,372.279,0.000133023,-2.31154,0.206805,-0.674033,-1.65303
-0.101108,372.279,0.000133488,-2.18691,0.189579,-0.740682,-1.46065
-0.101108,372.279,0.000133953,-2.05364,0.17138,-0.782569,-1.2843
-0.101108,372.279,0.000134419,-1.91227,0.152791,-0.799353,-1.12488
-0.101108,372.279,0.000134884,-1.76336,0.134389,-0.791271,-0.982745
-0.101108,372.279,0.000135349,-1.60748,0.116735,-0.759125,-0.857732
-0.101108,372.279,0.000135814,-1.44526,0.100357,-0.704264,-0.749141
-0.101108,372.279,0.000136279,-1.27734,0.0857391,-0.628553,-0.655786
-0.101108,372.279,0.000136744,-1.10437,0.0733129,-0.534326,-0.576029
-0.101108,372.279,0.000137209,-0.927051,0.0634446,-0.424335,-0.507831
-0.101108,372.279,0.000137674,-0.74607,0.0564287,-0.301683,-0.448813
-0.101108,372.279,0.00013814,-0.562144,0.0524808,-0.16976,-0.396321
-0.101108,372.279,0.000138605,-0.376,0.0517329,-0.0321596,-0.347502
-0.101108,372.279,0.00013907,-0.188372,0.0542305,0.107397,-0.299378
-0.101108,372.279,0.000139535,-2.20429e-015,0.0599316,0.245147,-0.248931
-0.101108,372.279,0.00014,0.188372,0.0687077,0.377371,-0.193181
-0.101108,372.279,0.000140465,0.376,0.0803466,0.500473,-0.129266
-0.101108,372.279,0.00014093,0.562144,0.0945574,0.611064,-0.0545254
-0.101108,372.279,0.000141395,0.74607,0.110977,0.706038,0.033435
-0.101108,372.279,0.00014186,0.927051,0.129178,0.782639,0.136669
-0.101108,372.279,0.000142326,1.10437,0.148678,0.838527,0.256835
-0.101108,372.279,0.000142791,1.27734,0.168953,0.871825,0.39514
-0.101108,372.279,0.000143256,1.44526,0.189446,0.881168,0.552306
-0.101108,372.279,0.000143721,1.60748,0.209579,0.865729,0.728535
-0.101108,372.279,0.000144186,1.76336,0.228771,0.825242,0.923492
-0.101108,372.279,0.000144651,1.91227,0.246445,0.76001,1.1363
-0.101108,372.279,0.000145116,2.05364,0.262047,0.670895,1.36555
-0.101108,372.279,0.000145581,2.18691,0.275055,0.559306,1.60932
-0.101108,372.279,0.000146047,2.31154,0.284989,0.427167,1.86518
-0.101108,372.279,0.000146512,2.42705,0.291428,0.27688,2.13029
-0.101108,372.279,0.000146977,2.53298,0.294015,0.111268,2.40138
-0.101108,372.279,0.000147442,2.62892,0.292469,-0.0664791,2.67489
-0.101108,372.279,0.000147907,2.71448,0.286588,-0.252875,2.94695
-0.101108,372.279,0.000148372,2.78933,0.276258,-0.44421,3.21354
-0.101108,372.279,0.000148837,2.85317,0.261453,-0.636633,3.47053
-0.101108,372.279,0.000149302,2.90575,0.242238,-0.826232,3.71374
-0.101108,372.279,0.000149767,2.94686,0.21877,-1.00912,3.93908
-0.101108,372.279,0.000150233,2.97634,0.191293,-1.1815,4.14259
-0.101108,372.279,0.000150698,2.99408,0.160135,-1.3398,4.32053
-0.101108,372.279,0.000151163,3,0.125701,-1.48067,4.4695
-0.101108,372.279,0.000151628,2.99408,0.0884657,-1.60112,4.58643
-0.101108,372.279,0.000152093,2.97634,0.0489646,-1.69855,4.66872
-0.101108,372.279,0.000152558,2.94686,0.00778266,-1.77082,4.71427
-0.101108,372.279,0.000153023,2.90575,-0.0344569,-1.8163,4.72151
-0.101108,372.279,0.000153488,2.85317,-0.0771053,-1.83388,4.68946
-0.101108,372.279,0.000153953,2.78933,-0.119501,-1.82302,4.61773
-0.101108,372.279,0.000154419,2.71448,-0.160984,-1.78375,4.50657
-0.101108,372.279,0.000154884,2.62892,-0.200906,-1.71666,4.35681
-0.101108,372.279,0.000155349,2.53298,-0.238648,-1.62292,4.16992
-0.101108,372.279,0.000155814,2.42705,-0.27363,-1.50422,3.94793
-0.101108,372.279,0.000156279,2.31154,-0.305322,-1.36276,3.69339
-0.101108,372.279,0.000156744,2.18691,-0.333256,-1.20116,3.40936
-0.101108,372.279,0.000157209,2.05364,-0.357035,-1.02247,3.09936
-0.101108,372.279,0.000157674,1.91227,-0.376338,-0.830052,2.76723
-0.101108,372.279,0.00015814,1.76336,-0.390932,-0.62754,2.41715
-0.101108,372.279,0.000158605,1.60748,-0.40067,-0.418739,2.05349
-0.101108,372.279,0.00015907,1.44526,-0.405497,-0.207563,1.68078
-0.101108,372.279,0.000159535,1.27734,-0.405449,0.00205765,1.30357
-0.101108,372.279,0.00016,1.10437,-0.400653,0.206252,0.926408
-0.101108,372.279,0.000160465,0.927051,-0.39132,0.401295,0.553708
-0.101108,372.279,0.00016093,0.74607,-0.377746,0.583682,0.189689
-0.101108,372.279,0.000161395,0.562144,-0.3603,0.750201,-0.161703
-0.101108,372.279,0.00016186,0.376,-0.339416,0.898002,-0.496865
-0.101108,372.279,0.000162326,0.188372,-0.315587,1.02465,-0.812601
-0.101108,372.279,0.000162791,2.57167e-015,-0.28935,1.12819,-1.10617
-0.101108,372.279,0.000163256,-0.188372,-0.261277,1.20715,-1.37533
-0.101108,372.279,0.000163721,-0.376,-0.23196,1.26061,-1.61838
-0.101108,372.279,0.000164186,-0.562144,-0.202002,1.2882,-1.83416
-0.101108,372.279,0.000164651,-0.74607,-0.172,1.29009,-2.02207
-0.101108,372.279,0.000165116,-0.927051,-0.142535,1.26702,-2.18207
-0.101108,372.279,0.000165581,-1.10437,-0.114157,1.22023,-2.31466
-0.101108,372.279,0.000166047,-1.27734,-0.0873786,1.15148,-2.42085
-0.101108,372.279,0.000166512,-1.44526,-0.0626584,1.06297,-2.50213
-0.101108,372.279,0.000166977,-1.60748,-0.0403954,0.957311,-2.56042
-0.101108,372.279,0.000167442,-1.76336,-0.0209196,0.837459,-2.598
-0.101108,372.279,0.000167907,-1.91227,-0.00448596,0.706645,-2.61746
-0.101108,372.279,0.000168372,-2.05364,0.00873035,0.568302,-2.62163
-0.101108,372.279,0.000168837,-2.18691,0.0186372,0.425994,-2.61351
-0.101108,372.279,0.000169302,-2.31154,0.0252263,0.283332,-2.59617
-0.101108,372.279,0.000169767,-2.42705,0.0285727,0.143895,-2.57271
-0.101108,372.279,0.000170233,-2.53298,0.028832,0.011149,-2.54613
-0.101108,372.279,0.000170698,-2.62892,0.026236,-0.111626,-2.51931
-0.101108,372.279,0.000171163,-2.71448,0.0210869,-0.221411,-2.4949
-0.101108,372.279,0.000171628,-2.78933,0.0137493,-0.315516,-2.47528
-0.101108,372.279,0.000172093,-2.85317,0.00464155,-0.391634,-2.46249
-0.101108,372.279,0.000172558,-2.90575,-0.00577465,-0.447897,-2.45818
-0.101108,372.279,0.000173023,-2.94686,-0.0170051,-0.48291,-2.46355
-0.101108,372.279,0.000173488,-2.97634,-0.0285351,-0.495791,-2.47937
-0.101108,372.279,0.000173953,-2.99408,-0.0398416,-0.486178,-2.50591
-0.101108,372.279,0.000174419,-3,-0.0504055,-0.454247,-2.54297
-0.101108,372.279,0.000174884,-2.99408,-0.0597241,-0.400701,-2.58986
-0.101108,372.279,0.000175349,-2.97634,-0.0673231,-0.326758,-2.64542
-0.101108,372.279,0.000175814,-2.94686,-0.0727678,-0.234119,-2.70805
-0.101108,372.279,0.000176279,-2.90575,-0.0756732,-0.124936,-2.77574
-0.101108,372.279,0.000176744,-2.85317,-0.0757142,-0.0017596,-2.84613
-0.101108,372.279,0.000177209,-2.78933,-0.0726324,0.132515,-2.91656
-0.101108,372.279,0.000177674,-2.71448,-0.0662437,0.274713,-2.98413
-0.101108,372.279,0.00017814,-2.62892,-0.0564426,0.421451,-3.04575
-0.101108,372.279,0.000178605,-2.53298,-0.0432052,0.569208,-3.09825
-0.101108,372.279,0.00017907,-2.42705,-0.026591,0.714408,-3.13844
-0.101108,372.279,0.000179535,-2.31154,-0.00674226,0.853496,-3.16318
-0.101108,372.279,0.00018,-2.18691,0.0161186,0.983017,-3.16945
-0.101108,372.279,0.000180465,-2.05364,0.0416928,1.09969,-3.15446
-0.101108,372.279,0.00018093,-1.91227,0.0696113,1.20049,-3.11567
-0.101108,372.279,0.000181395,-1.76336,0.0994417,1.28271,-3.05092
-0.101108,372.279,0.00018186,-1.60748,0.130697,1.344,-2.95842
-0.101108,372.279,0.000182326,-1.44526,0.162848,1.38246,-2.83684
-0.101108,372.279,0.000182791,-1.27734,0.195328,1.39665,-2.68535
-0.101108,372.279,0.000183256,-1.10437,0.227552,1.38565,-2.50365
-0.101108,372.279,0.000183721,-0.927051,0.258925,1.34905,-2.29197
-0.101108,372.279,0.000184186,-0.74607,0.288855,1.28698,-2.05111
-0.101108,372.279,0.000184651,-0.562144,0.316765,1.20011,-1.78241
-0.101108,372.279,0.000185116,-0.376,0.342105,1.08965,-1.48775
-0.101108,372.279,0.000185581,-0.188372,0.364367,0.957268,-1.16951
-0.101108,372.279,0.000186047,-2.93906e-015,0.383092,0.80514,-0.830561
-0.101108,372.279,0.000186512,0.188372,0.397879,0.635841,-0.474197
-0.101108,372.279,0.000186977,0.376,0.408398,0.452318,-0.104077
-0.101108,372.279,0.000187442,0.562144,0.414394,0.257823,0.275828
-0.101108,372.279,0.000187907,0.74607,0.415692,0.0558483,0.66131
-0.101108,372.279,0.000188372,0.927051,0.412205,-0.149952,1.048
-0.101108,372.279,0.000188837,1.10437,0.40393,-0.355832,1.43145
-0.101108,372.279,0.000189302,1.27734,0.390952,-0.558039,1.8072
-0.101108,372.279,0.000189767,1.44526,0.373443,-0.752887,2.17087
-0.101108,372.279,0.000190233,1.60748,0.351656,-0.936836,2.51826
-0.101108,372.279,0.000190698,1.76336,0.325922,-1.10656,2.84538
-0.101108,372.279,0.000191163,1.91227,0.296643,-1.25903,3.14857
-0.101108,372.279,0.000191628,2.05364,0.26428,-1.39157,3.42451
-0.101108,372.279,0.000192093,2.18691,0.229353,-1.50189,3.67036
-0.101108,372.279,0.000192558,2.31154,0.192419,-1.58817,3.88371
-0.101108,372.279,0.000193023,2.42705,0.154068,-1.64908,4.0627
-0.101108,372.279,0.000193488,2.53298,0.11491,-1.68379,4.20602
-0.101108,372.279,0.000193953,2.62892,0.0755611,-1.69201,4.31291
-0.101108,372.279,0.000194419,2.71448,0.036631,-1.67399,4.3832
-0.101108,372.279,0.000194884,2.78933,-0.00128772,-1.63051,4.41728
-0.101108,372.279,0.000195349,2.85317,-0.0376324,-1.56282,4.41608
-0.101108,372.279,0.000195814,2.90575,-0.0718812,-1.4727,4.38107
-0.101108,372.279,0.000196279,2.94686,-0.103563,-1.36233,4.31421
-0.101108,372.279,0.000196744,2.97634,-0.132268,-1.2343,4.21787
-0.101108,372.279,0.000197209,2.99408,-0.157652,-1.09152,4.09483
-0.101108,372.279,0.000197674,3,-0.179447,-0.937178,3.94818
-0.101108,372.279,0.00019814,2.99408,-0.197462,-0.77465,3.78125
-0.101108,372.279,0.000198605,2.97634,-0.211589,-0.607443,3.59756
-0.101108,372.279,0.00019907,2.94686,-0.221801,-0.439113,3.40074
-0.101108,372.279,0.000199535,2.90575,-0.228154,-0.273187,3.19441
-0.101108,372.279,0.0002,2.85317,-0.230784,-0.113087,2.98217
-0.101108,372.279,0.000200465,2.78933,-0.229902,0.037939,2.76749
-0.101108,372.279,0.00020093,2.71448,-0.225788,0.176891,2.55363
-0.101108,372.279,0.000201395,2.62892,-0.218786,0.301078,2.34359
-0.101108,372.279,0.00020186,2.53298,-0.209294,0.408175,2.14007
-0.101108,372.279,0.000202326,2.42705,-0.197752,0.496272,1.94538
-0.101108,372.279,0.000202791,2.31154,-0.184638,0.563911,1.76143
-0.101108,372.279,0.000203256,2.18691,-0.170449,0.610119,1.58967
-0.101108,372.279,0.000203721,2.05364,-0.155695,0.634422,1.43111
-0.101108,372.279,0.000204186,1.91227,-0.140885,0.636856,1.28628
-0.101108,372.279,0.000204651,1.76336,-0.126514,0.617962,1.15522
-0.101108,372.279,0.000205116,1.60748,-0.113054,0.578771,1.03754
-0.101108,372.279,0.000205581,1.44526,-0.100943,0.520779,0.93237
-0.101108,372.279,0.000206047,1.27734,-0.0905726,0.445911,0.83847
-0.101108,372.279,0.000206512,1.10437,-0.0822824,0.356476,0.754216
-0.101108,372.279,0.000206977,0.927051,-0.0763495,0.255117,0.677674
-0.101108,372.279,0.000207442,0.74607,-0.0729833,0.144745,0.606652
-0.101108,372.279,0.000207907,0.562144,-0.0723211,0.0284757,0.53876
-0.101108,372.279,0.000208372,0.376,-0.0744243,-0.0904393,0.471485
-0.101108,372.279,0.000208837,0.188372,-0.0792776,-0.208689,0.402253
-0.101108,372.279,0.000209302,3.30644e-015,-0.0867886,-0.322975,0.328506
-0.101108,372.279,0.000209767,-0.188372,-0.0967907,-0.430089,0.247773
-0.101108,372.279,0.000210233,-0.376,-0.109046,-0.526982,0.157735
-0.101108,372.279,0.000210698,-0.562144,-0.123251,-0.610833,0.0562965
-0.101108,372.279,0.000211163,-0.74607,-0.139045,-0.679115,-0.0583561
-0.101108,372.279,0.000211628,-0.927051,-0.156013,-0.72965,-0.1877
-0.101108,372.279,0.000212093,-1.10437,-0.173703,-0.76066,-0.332829
-0.101108,372.279,0.000212558,-1.27734,-0.191629,-0.770806,-0.494413
-0.101108,372.279,0.000213023,-1.44526,-0.209285,-0.759219,-0.672673
-0.101108,372.279,0.000213488,-1.60748,-0.226158,-0.725522,-0.867357
-0.101108,372.279,0.000213953,-1.76336,-0.241736,-0.669841,-1.07774
-0.101108,372.279,0.000214419,-1.91227,-0.255522,-0.5928,-1.30261
-0.101108,372.279,0.000214884,-2.05364,-0.267045,-0.495513,-1.5403
-0.101108,372.279,0.000215349,-2.18691,-0.275872,-0.37956,-1.78871
-0.101108,372.279,0.000215814,-2.31154,-0.281615,-0.246953,-2.04534
-0.101108,372.279,0.000216279,-2.42705,-0.283943,-0.100096,-2.30731
-0.101108,372.279,0.000216744,-2.53298,-0.282588,0.058267,-2.57144
-0.101108,372.279,0.000217209,-2.62892,-0.277353,0.225109,-2.83431
-0.101108,372.279,0.000217674,-2.71448,-0.268116,0.397185,-3.09232
-0.101108,372.279,0.00021814,-2.78933,-0.254835,0.571103,-3.34173
-0.101108,372.279,0.000218605,-2.85317,-0.237546,0.743391,-3.57878
-0.101108,372.279,0.00021907,-2.90575,-0.21637,0.910579,-3.79975
-0.101108,372.279,0.000219535,-2.94686,-0.191504,1.06926,-4.00103
-0.101108,372.279,0.00022,-2.97634,-0.16322,1.21619,-4.17917
-0.101108,372.279,0.000220465,-2.99408,-0.131864,1.34831,-4.33101
-0.101108,372.279,0.00022093,-3,-0.0978438,1.46287,-4.45367
-0.101108,372.279,0.000221395,-2.99408,-0.0616244,1.55743,-4.54469
-0.101108,372.279,0.00022186,-2.97634,-0.0237182,1.62997,-4.60201
-0.101108,372.279,0.000222326,-2.94686,0.0153252,1.67887,-4.62408
-0.101108,372.279,0.000222791,-2.90575,0.0549299,1.703,-4.60982
-0.101108,372.279,0.000223256,-2.85317,0.0945048,1.70172,-4.55872
-0.101108,372.279,0.000223721,-2.78933,0.133456,1.67489,-4.47081
-0.101108,372.279,0.000224186,-2.71448,0.171197,1.62287,-4.34667
-0.101108,372.279,0.000224651,-2.62892,0.207163,1.54655,-4.18741
-0.101108,372.279,0.000225116,-2.53298,0.24082,1.44727,-3.9947
-0.101108,372.279,0.000225581,-2.42705,0.271677,1.32683,-3.77068
-0.101108,372.279,0.000226047,-2.31154,0.299293,1.18747,-3.51796
-0.101108,372.279,0.000226512,-2.18691,0.323287,1.03176,-3.23955
-0.101108,372.279,0.000226977,-2.05364,0.343348,0.862621,-2.93882
-0.101108,372.279,0.000227442,-1.91227,0.359236,0.683197,-2.61942
-0.101108,372.279,0.000227907,-1.76336,0.37079,0.496832,-2.28525
-0.101108,372.279,0.000228372,-1.60748,0.37793,0.306979,-1.94033
-0.101108,372.279,0.000228837,-1.44526,0.380654,0.117138,-1.58877
-0.101108,372.279,0.000229302,-1.27734,0.379044,-0.0692249,-1.23467
-0.101108,372.279,0.000229767,-1.10437,0.373259,-0.248747,-0.882071
-0.101108,372.279,0.000230233,-0.927051,0.363532,-0.418239,-0.534854
-0.101108,372.279,0.000230698,-0.74607,0.350166,-0.574748,-0.196684
-0.101108,372.279,0.000231163,-0.562144,0.333524,-0.715626,0.129052
-0.101108,372.279,0.000231628,-0.376,0.314022,-0.838576,0.439307
-0.101108,372.279,0.000232093,-0.188372,0.292122,-0.9417,0.73142
-0.101108,372.279,0.000232558,-1.4332e-014,0.268319,-1.02354,1.00316
-0.101108,372.279,0.000233023,0.188372,0.24313,-1.08311,1.25276
-0.101108,372.279,0.000233488,0.376,0.217086,-1.11989,1.47893
-0.101108,372.279,0.000233953,0.562144,0.190717,-1.13387,1.68087
-0.101108,372.279,0.000234419,0.74607,0.164542,-1.12552,1.85828
-0.101108,372.279,0.000234884,0.927051,0.139059,-1.09577,2.01134
-0.101108,372.279,0.000235349,1.10437,0.114733,-1.04603,2.1407
-0.101108,372.279,0.000235814,1.27734,0.0919866,-0.978095,2.24743
-0.101108,372.279,0.000236279,1.44526,0.0711923,-0.894154,2.333
-0.101108,372.279,0.000236744,1.60748,0.0526642,-0.796709,2.39922
-0.101108,372.279,0.000237209,1.76336,0.0366519,-0.688531,2.44821
-0.101108,372.279,0.000237674,1.91227,0.0233358,-0.572592,2.48231
-0.101108,372.279,0.00023814,2.05364,0.0128241,-0.452002,2.50401
-0.101108,372.279,0.000238605,2.18691,0.00515123,-0.329933,2.51594
-0.101108,372.279,0.00023907,2.31154,0.000277833,-0.209556,2.52074
-0.101108,372.279,0.000239535,2.42705,-0.00190735,-0.093963,2.52099
-0.101108,372.279,0.00024,2.53298,-0.00158418,0.0138965,2.51922
-0.101108,372.279,0.000240465,2.62892,0.00100382,0.111284,2.51775
-0.101108,372.279,0.00024093,2.71448,0.00555569,0.195731,2.51868
-0.101108,372.279,0.000241395,2.78933,0.0117207,0.265093,2.52385
-0.101108,372.279,0.00024186,2.85317,0.0191067,0.3176,2.53475
-0.101108,372.279,0.000242326,2.90575,0.0272902,0.351891,2.55253
-0.101108,372.279,0.000242791,2.94686,0.0358262,0.367046,2.57791
-0.101108,372.279,0.000243256,2.97634,0.0442589,0.362606,2.61124
-0.101108,372.279,0.000243721,2.99408,0.0521329,0.338583,2.65241
-0.101108,372.279,0.000244186,3,0.059004,0.295458,2.7009
-0.101108,372.279,0.000244651,2.99408,0.0644499,0.234171,2.75579
-0.101108,372.279,0.000245116,2.97634,0.0680802,0.156102,2.81575
-0.101108,372.279,0.000245581,2.94686,0.0695461,0.0630358,2.87908
-0.101108,372.279,0.000246047,2.90575,0.0685491,-0.0428728,2.94377
-0.101108,372.279,0.000246512,2.85317,0.0648479,-0.15915,3.00754
-0.101108,372.279,0.000246977,2.78933,0.0582652,-0.283055,3.06786
-0.101108,372.279,0.000247442,2.71448,0.0486921,-0.411644,3.12206
-0.101108,372.279,0.000247907,2.62892,0.0360913,-0.541833,3.16736
-0.101108,372.279,0.000248372,2.53298,0.0204992,-0.670463,3.20093
-0.101108,372.279,0.000248837,2.42705,0.00202529,-0.794377,3.22
-0.101108,372.279,0.000249302,2.31154,-0.0191487,-0.910483,3.22188
-0.101108,372.279,0.000249767,2.18691,-0.0427726,-1.01583,3.20407
-0.101108,372.279,0.000250233,2.05364,-0.0685321,-1.10766,3.16428
-0.101108,372.279,0.000250698,1.91227,-0.0960548,-1.18348,3.10053
-0.101108,372.279,0.000251163,1.76336,-0.124918,-1.24112,3.01118
-0.101108,372.279,0.000251628,1.60748,-0.154657,-1.27878,2.89497
-0.101108,372.279,0.000252093,1.44526,-0.184775,-1.29506,2.75111
-0.101108,372.279,0.000252558,1.27734,-0.214751,-1.28899,2.57922
-0.101108,372.279,0.000253023,1.10437,-0.244056,-1.2601,2.37945
-0.101108,372.279,0.000253488,0.927051,-0.272157,-1.20835,2.15243
-0.101108,372.279,0.000253953,0.74607,-0.298534,-1.1342,1.89926
-0.101108,372.279,0.000254419,0.562144,-0.322687,-1.03858,1.62155
-0.101108,372.279,0.000254884,0.376,-0.344149,-0.922865,1.32138
-0.101108,372.279,0.000255349,0.188372,-0.362494,-0.788857,1.00124
-0.101108,372.279,0.000255814,-6.61694e-015,-0.377349,-0.638745,0.664035
-0.101108,372.279,0.000256279,-0.188372,-0.388397,-0.475058,0.313013
-0.101108,372.279,0.000256744,-0.376,-0.395388,-0.300616,-0.048286
-0.101108,372.279,0.000257209,-0.562144,-0.398143,-0.11847,-0.416088
-0.101108,372.279,0.000257674,-0.74607,-0.396558,0.0681615,-0.786454
-0.101108,372.279,0.00025814,-0.927051,-0.390605,0.25596,-1.15534
-0.101108,372.279,0.000258605,-1.10437,-0.380336,0.441576,-1.5187
-0.101108,372.279,0.00025907,-1.27734,-0.365878,0.621696,-1.8725
-0.101108,372.279,0.000259535,-1.44526,-0.347433,0.793116,-2.21285
-0.101108,372.279,0.00026,-1.60748,-0.325275,0.952803,-2.53604
-0.101108,372.279,0.000260465,-1.76336,-0.299741,1.09796,-2.83863
-0.101108,372.279,0.00026093,-1.91227,-0.271227,1.22609,-3.11745
-0.101108,372.279,0.000261395,-2.05364,-0.24018,1.33504,-3.36976
-0.101108,372.279,0.00026186,-2.18691,-0.207086,1.42303,-3.59318
-0.101108,372.279,0.000262326,-2.31154,-0.172464,1.48873,-3.78582
-0.101108,372.279,0.000262791,-2.42705,-0.136854,1.53123,-3.94625
-0.101108,372.279,0.000263256,-2.53298,-0.100805,1.55012,-4.07356
-0.101108,372.279,0.000263721,-2.62892,-0.0648644,1.54544,-4.16733
-0.101108,372.279,0.000264186,-2.71448,-0.0295687,1.51771,-4.22767
-0.101108,372.279,0.000264651,-2.78933,0.00456866,1.46791,-4.25517
-0.101108,372.279,0.000265116,-2.85317,0.0370672,1.39744,-4.25092
-0.101108,372.279,0.000265581,-2.90575,0.0674883,1.30811,-4.21644
-0.101108,372.279,0.000266047,-2.94686,0.095444,1.20209,-4.15366
-0.101108,372.279,0.000266512,-2.97634,0.120604,1.08188,-4.06488
-0.101108,372.279,0.000266977,-2.99408,0.142701,0.950195,-3.95269
-0.101108,372.279,0.000267442,-3,0.161538,0.809988,-3.81994
-0.101108,372.279,0.000267907,-2.99408,0.176988,0.664325,-3.66968
-0.101108,372.279,0.000268372,-2.97634,0.188996,0.516344,-3.50504
-0.101108,372.279,0.000268837,-2.94686,0.197581,0.369178,-3.32923
-0.101108,372.279,0.000269302,-2.90575,0.202835,0.225895,-3.14543
-0.101108,372.279,0.000269767,-2.85317,0.204914,0.0894248,-2.95675
-0.101108,372.279,0.000270233,-2.78933,0.204042,-0.0374982,-2.76613
-0.101108,372.279,0.000270698,-2.71448,0.200498,-0.152396,-2.57632
-0.101108,372.279,0.000271163,-2.62892,0.194612,-0.253097,-2.38981
-0.101108,372.279,0.000271628,-2.53298,0.186757,-0.337785,-2.20878
-0.101108,372.279,0.000272093,-2.42705,0.177337,-0.405031,-2.03505
-0.101108,372.279,0.000272558,-2.31154,0.166783,-0.453828,-1.87008
-0.101108,372.279,0.000273023,-2.18691,0.155537,-0.483605,-1.71494
-0.101108,372.279,0.000273488,-2.05364,0.144043,-0.494241,-1.57025
-0.101108,372.279,0.000273953,-1.91227,0.132739,-0.486063,-1.43626
-0.101108,372.279,0.000274419,-1.76336,0.122045,-0.459836,-1.31278
-0.101108,372.279,0.000274884,-1.60748,0.112353,-0.416745,-1.19925
-0.101108,372.279,0.000275349,-1.44526,0.104019,-0.358364,-1.09474
-0.101108,372.279,0.000275814,-1.27734,0.0973536,-0.286622,-0.997973
-0.101108,372.279,0.000276279,-1.10437,0.0926151,-0.203754,-0.907412
-0.101108,372.279,0.000276744,-0.927051,0.0900046,-0.112254,-0.821258
-0.101108,372.279,0.000277209,-0.74607,0.08966,-0.0148159,-0.737533
-0.101108,372.279,0.000277674,-0.562144,0.0916537,0.0857292,-0.654128
-0.101108,372.279,0.00027814,-0.376,0.0959903,0.186475,-0.568869
-0.101108,372.279,0.000278605,-0.188372,0.102607,0.284507,-0.479576
-0.101108,372.279,0.00027907,-4.40858e-015,0.111374,0.376969,-0.384128
-0.101108,372.279,0.0025586,0.188372,0.244077,-0.0449287,0.216199
-0.101108,372.279,0.00255907,0.376,0.242117,-0.0842758,0.443247
-0.101108,372.279,0.00255953,0.562144,0.239251,-0.12322,0.668472
-0.101108,372.279,0.00256,0.74607,0.235492,-0.161654,0.891031
-0.101108,372.279,0.00256047,0.927051,0.230853,-0.199472,1.11009
-0.101108,372.279,0.00256093,1.10437,0.225351,-0.236573,1.32484
-0.101108,372.279,0.0025614,1.27734,0.219006,-0.272854,1.53447
-0.101108,372.279,0.00256186,1.44526,0.211838,-0.308215,1.7382
-0.101108,372.279,0.00256233,1.60748,0.203872,-0.342554,1.93525
-0.101108,372.279,0.00256279,1.76336,0.195133,-0.375771,2.1249
-0.101108,372.279,0.00256326,1.91227,0.18565,-0.407764,2.30642
-0.101108,372.279,0.00256372,2.05364,0.175454,-0.438431,2.47912
-0.101108,372.279,0.00256419,2.18691,0.164578,-0.467668,2.64233
-0.101108,372.279,0.00256465,2.31154,0.153058,-0.495371,2.79543
-0.101108,372.279,0.00256512,2.42705,0.140931,-0.521435,2.93781
-0.101108,372.279,0.00256558,2.53298,0.128239,-0.545755,3.06891
-0.101108,372.279,0.00256605,2.62892,0.115025,-0.568226,3.1882
-0.101108,372.279,0.00256651,2.71448,0.101333,-0.588743,3.2952
-0.101108,372.279,0.00256698,2.78933,0.0872121,-0.607202,3.38946
-0.101108,372.279,0.00256744,2.85317,0.072712,-0.623505,3.47059
-0.101108,372.279,0.00256791,2.90575,0.0578852,-0.637552,3.53823
-0.101108,372.279,0.00256837,2.94686,0.0427863,-0.649252,3.59208
-0.101108,372.279,0.00256884,2.97634,0.0274719,-0.658518,3.63188
-0.101108,372.279,0.0025693,2.99408,0.0120006,-0.665268,3.65743
-0.101108,372.279,0.00256977,3,-0.00356761,-0.669432,3.6686
-0.101108,372.279,0.00257023,2.99408,-0.019171,-0.670947,3.66528
-0.101108,372.279,0.0025707,2.97634,-0.0347469,-0.669761,3.64744
-0.101108,372.279,0.00257116,2.94686,-0.0502314,-0.665834,3.61512
-0.101108,372.279,0.00257163,2.90575,-0.0655602,-0.659139,3.56839
-0.101108,372.279,0.00257209,2.85317,-0.0806687,-0.649664,3.50741
-0.101108,372.279,0.00257256,2.78933,-0.0954921,-0.637409,3.43237
-0.101108,372.279,0.00257302,2.71448,-0.109966,-0.622393,3.34354
-0.101108,372.279,0.00257349,2.62892,-0.124028,-0.60465,3.24124
-0.101108,372.279,0.00257395,2.53298,-0.137615,-0.58423,3.12587
-0.101108,372.279,0.00257442,2.42705,-0.150666,-0.561202,2.99785
-0.101108,372.279,0.00257488,2.31154,-0.163123,-0.535648,2.8577
-0.101108,372.279,0.00257535,2.18691,-0.174929,-0.50767,2.70596
-0.101108,372.279,0.00257581,2.05364,-0.186031,-0.477386,2.54323
-0.101108,372.279,0.00257628,1.91227,-0.196378,-0.444929,2.37018
-0.101108,372.279,0.00257674,1.76336,-0.205924,-0.410446,2.1875
-0.101108,372.279,0.00257721,1.60748,-0.214624,-0.374098,1.99595
-0.101108,372.279,0.00257767,1.44526,-0.222439,-0.336061,1.7963
-0.101108,372.279,0.00257814,1.27734,-0.229335,-0.296519,1.58938
-0.101108,372.279,0.0025786,1.10437,-0.23528,-0.255667,1.37604
-0.101108,372.279,0.00257907,0.927051,-0.24025,-0.213709,1.15718
-0.101108,372.279,0.00257953,0.74607,-0.244224,-0.170855,0.933686
-0.101108,372.279,0.00258,0.562144,-0.247185,-0.127319,0.706501
-0.101108,372.279,0.00258047,0.376,-0.249122,-0.083317,0.476562
-0.101108,372.279,0.00258093,0.188372,-0.250031,-0.0390682,0.24482
-0.101108,372.279,0.0025814,8.80497e-015,-0.24991,0.00521048,0.0122335
-0.101108,372.279,0.00258186,-0.188372,-0.248763,0.0493047,-0.220241
-0.101108,372.279,0.00258233,-0.376,-0.2466,0.0930041,-0.451648
-0.101108,372.279,0.00258279,-0.562144,-0.243435,0.136105,-0.681044
-0.101108,372.279,0.00258326,-0.74607,-0.239286,0.178409,-0.907495
-0.101108,372.279,0.00258372,-0.927051,-0.234176,0.21973,-1.13009
-0.101108,372.279,0.00258419,-1.10437,-0.228132,0.259889,-1.34792
-0.101108,372.279,0.00258465,-1.27734,-0.221185,0.298719,-1.56014
-0.101108,372.279,0.00258512,-1.44526,-0.21337,0.336065,-1.76589
-0.101108,372.279,0.00258558,-1.60748,-0.204724,0.371783,-1.96438
-0.101108,372.279,0.00258605,-1.76336,-0.195288,0.405745,-2.15482
-0.101108,372.279,0.00258651,-1.91227,-0.185105,0.437834,-2.33648
-0.101108,372.279,0.00258698,-2.05364,-0.174223,0.467945,-2.50867
-0.101108,372.279,0.00258744,-2.18691,-0.162688,0.495989,-2.67074
-0.101108,372.279,0.00258791,-2.31154,-0.150551,0.521888,-2.82208
-0.101108,372.279,0.00258837,-2.42705,-0.137864,0.545578,-2.96213
-0.101108,372.279,0.00258884,-2.53298,-0.124677,0.567005,-3.09037
-0.101108,372.279,0.0025893,-2.62892,-0.111046,0.586128,-3.20635
-0.101108,372.279,0.00258977,-2.71448,-0.0970252,0.602915,-3.30965
-0.101108,372.279,0.00259023,-2.78933,-0.0826683,0.617344,-3.3999
-0.101108,372.279,0.0025907,-2.85317,-0.0680311,0.629403,-3.47681
-0.101108,372.279,0.00259116,-2.90575,-0.0531686,0.639087,-3.54009
-0.101108,372.279,0.00259163,-2.94686,-0.0381361,0.646397,-3.58955
-0.101108,372.279,0.00259209,-2.97634,-0.0229886,0.651341,-3.62502
-0.101108,372.279,0.00259256,-2.99408,-0.00778086,0.653933,-3.64641
-0.101108,372.279,0.00259302,-3,0.00743287,0.65419,-3.65365
-0.101108,372.279,0.00259349,-2.99408,0.0225988,0.652134,-3.64673
-0.101108,372.279,0.00259395,-2.97634,0.0376637,0.64779,-3.62571
-0.101108,372.279,0.00259442,-2.94686,0.052575,0.641186,-3.59068
-0.101108,372.279,0.00259488,-2.90575,0.0672808,0.632351,-3.54177
-0.101108,372.279,0.00259535,-2.85317,0.0817301,0.621318,-3.47918
-0.101108,372.279,0.00259581,-2.78933,0.0958724,0.608122,-3.40315
-0.101108,372.279,0.00259628,-2.71448,0.109658,0.5928,-3.31397
-0.101108,372.279,0.00259674,-2.62892,0.12304,0.575391,-3.21196
-0.101108,372.279,0.00259721,-2.53298,0.135968,0.555938,-3.09751
-0.101108,372.279,0.00259767,-2.42705,0.148398,0.534487,-2.97102
-0.101108,372.279,0.00259814,-2.31154,0.160284,0.511086,-2.83298
-0.101108,372.279,0.0025986,-2.18691,0.171582,0.485789,-2.68388
-0.101108,372.279,0.00259907,-2.05364,0.182248,0.458655,-2.52427
-0.101108,372.279,0.00259953,-1.91227,0.192242,0.429747,-2.35473
-0.101108,372.279,0.0026,-1.76336,0.201524,0.399136,-2.1759
-0.101108,372.279,0.00260047,-1.60748,0.210057,0.366899,-1.98844
-0.101108,372.279,0.00260093,-1.44526,0.217804,0.333122,-1.79304
-0.101108,372.279,0.0026014,-1.27734,0.224732,0.297896,-1.59043
-0.101108,372.279,0.00260186,-1.10437,0.230809,0.261324,-1.38138
-0.101108,372.279,0.00260233,-0.927051,0.236007,0.223517,-1.16667
-0.101108,372.279,0.00260279,-0.74607,0.2403,0.184594,-0.94713
-0.101108,372.279,0.00260326,-0.562144,0.243665,0.144686,-0.723595
-0.101108,372.279,0.00260372,-0.376,0.246082,0.10393,-0.49693
-0.101108,372.279,0.00260419,-0.188372,0.247535,0.0624767,-0.268017
-0.101108,372.279,0.00260465,-4.11468e-014,0.248011,0.0204821,-0.0377519
-0.101108,372.279,0.00260512,0.188372,0.247502,-0.0218875,0.192956
-0.101108,372.279,0.00260558,0.376,0.246003,-0.0644582,0.42319
-0.101108,372.279,0.00260605,0.562144,0.243513,-0.107049,0.65203
-0.101108,372.279,0.00260651,0.74607,0.240037,-0.149474,0.878554
-0.101108,372.279,0.00260698,0.927051,0.235583,-0.191541,1.10184
-0.101108,372.279,0.00260744,1.10437,0.230163,-0.233054,1.32099
-0.101108,372.279,0.00260791,1.27734,0.223795,-0.273817,1.5351
-0.101108,372.279,0.00260837,1.44526,0.216501,-0.313631,1.74328
-0.101108,372.279,0.00260884,1.60748,0.208308,-0.352299,1.94468
-0.101108,372.279,0.0026093,1.76336,0.199247,-0.389628,2.13845
-0.101108,372.279,0.00260977,1.91227,0.189354,-0.425426,2.3238
-0.101108,372.279,0.00261023,2.05364,0.178667,-0.459509,2.49994
-0.101108,372.279,0.0026107,2.18691,0.167233,-0.491701,2.66614
-0.101108,372.279,0.00261116,2.31154,0.155097,-0.521835,2.82171
-0.101108,372.279,0.00261163,2.42705,0.142312,-0.549753,2.96598
-0.101108,372.279,0.00261209,2.53298,0.128933,-0.575311,3.09837
-0.101108,372.279,0.00261256,2.62892,0.115017,-0.598379,3.2183
-0.101108,372.279,0.00261302,2.71448,0.100625,-0.618839,3.3253
-0.101108,372.279,0.00261349,2.78933,0.0858207,-0.636591,3.4189
-0.101108,372.279,0.00261395,2.85317,0.0706683,-0.651552,3.49873
-0.101108,372.279,0.00261442,2.90575,0.0552346,-0.663653,3.56447
-0.101108,372.279,0.00261488,2.94686,0.039587,-0.672845,3.61585
-0.101108,372.279,0.00261535,2.97634,0.0237941,-0.679096,3.65268
-0.101108,372.279,0.00261581,2.99408,0.00792451,-0.682392,3.67481
-0.101108,372.279,0.00261628,3,-0.00795308,-0.682736,3.68218
-0.101108,372.279,0.00261674,2.99408,-0.0237705,-0.68015,3.67479
-0.101108,372.279,0.00261721,2.97634,-0.0394605,-0.674671,3.65267
-0.101108,372.279,0.00261767,2.94686,-0.0549571,-0.666351,3.61597
-0.101108,372.279,0.00261814,2.90575,-0.0701957,-0.655259,3.56484
-0.101108,372.279,0.0026186,2.85317,-0.0851137,-0.641478,3.49954
-0.101108,372.279,0.00261907,2.78933,-0.099651,-0.625101,3.42037
-0.101108,372.279,0.00261953,2.71448,-0.11375,-0.606237,3.32767
-0.101108,372.279,0.00262,2.62892,-0.127354,-0.585001,3.22186
-0.101108,372.279,0.00262047,2.53298,-0.140413,-0.561519,3.10339
-0.101108,372.279,0.00262093,2.42705,-0.152876,-0.535924,2.97277
-0.101108,372.279,0.0026214,2.31154,-0.164698,-0.508356,2.83056
-0.101108,372.279,0.00262186,2.18691,-0.175837,-0.478957,2.67735
-0.101108,372.279,0.00262233,2.05364,-0.186253,-0.447875,2.51378
-0.101108,372.279,0.00262279,1.91227,-0.19591,-0.41526,2.34053
-0.101108,372.279,0.00262326,1.76336,-0.204776,-0.38126,2.15828
-0.101108,372.279,0.00262372,1.60748,-0.212823,-0.346028,1.96779
-0.101108,372.279,0.00262419,1.44526,-0.220026,-0.30971,1.76982
-0.101108,372.279,0.00262465,1.27734,-0.226362,-0.272455,1.56514
-0.101108,372.279,0.00262512,1.10437,-0.231814,-0.234408,1.35457
-0.101108,372.279,0.00262558,0.927051,-0.236365,-0.19571,1.13893
-0.101108,372.279,0.00262605,0.74607,-0.240004,-0.156499,0.91906
-0.101108,372.279,0.00262651,0.562144,-0.242723,-0.116911,0.6958
-0.101108,372.279,0.00262698,0.376,-0.244516,-0.0770767,0.470011
-0.101108,372.279,0.00262744,0.188372,-0.245379,-0.0371232,0.242554
-0.101108,372.279,0.00262791,7.34886e-014,-0.245313,0.00282508,0.0142944
-0.101108,372.279,0.00262837,-0.188372,-0.244322,0.0426475,-0.213904
-0.101108,372.279,0.00262884,-0.376,-0.242409,0.0822261,-0.44118
-0.101108,372.279,0.0026293,-0.562144,-0.239585,0.121446,-0.666677
-0.101108,372.279,0.00262977,-0.74607,-0.23586,0.160193,-0.889547
-0.101108,372.279,0.00263023,-0.927051,-0.231247,0.198356,-1.10895
-0.101108,372.279,0.0026307,-1.10437,-0.225762,0.235824,-1.32406
-0.101108,372.279,0.00263116,-1.27734,-0.219425,0.272489,-1.53408
-0.101108,372.279,0.00263163,-1.44526,-0.212257,0.308241,-1.73819
-0.101108,372.279,0.00263209,-1.60748,-0.204281,0.34297,-1.93564
-0.101108,372.279,0.00263256,-1.76336,-0.195524,0.376567,-2.12567
-0.101108,372.279,0.00263302,-1.91227,-0.186014,0.408922,-2.30755
-0.101108,372.279,0.00263349,-2.05364,-0.175783,0.439925,-2.48059
-0.101108,372.279,0.00263395,-2.18691,-0.164865,0.469466,-2.64411
-0.101108,372.279,0.00263442,-2.31154,-0.153297,0.497434,-2.79747
-0.101108,372.279,0.00263488,-2.42705,-0.141118,0.523717,-2.94007
-0.101108,372.279,0.00263535,-2.53298,-0.128369,0.548207,-3.07135
-0.101108,372.279,0.00263581,-2.62892,-0.115094,0.570794,-3.19076
-0.101108,372.279,0.00263628,-2.71448,-0.101341,0.591371,-3.29782
-0.101108,372.279,0.00263674,-2.78933,-0.0871593,0.609834,-3.39209
-0.101108,372.279,0.00263721,-2.85317,-0.0725992,0.626083,-3.47317
-0.101108,372.279,0.00263767,-2.90575,-0.057715,0.640022,-3.54071
-0.101108,372.279,0.00263814,-2.94686,-0.0425624,0.651559,-3.59439
-0.101108,372.279,0.0026386,-2.97634,-0.0271994,0.660613,-3.63399
-0.101108,372.279,0.00263907,-2.99408,-0.0116853,0.667106,-3.65929
-0.101108,372.279,0.00263953,-3,0.00391879,0.670974,-3.67016
-0.101108,372.279,0.00264,-2.99408,0.0195504,0.67216,-3.66651
-0.101108,372.279,0.00264047,-2.97634,0.0351462,0.670619,-3.64833
-0.101108,372.279,0.00264093,-2.94686,0.050642,0.666319,-3.61563
-0.101108,372.279,0.0026414,-2.90575,0.0659732,0.659242,-3.56852
-0.101108,372.279,0.00264186,-2.85317,0.0810751,0.649381,-3.50715
-0.101108,372.279,0.00264233,-2.78933,0.0958832,0.636749,-3.43174
-0.101108,372.279,0.00264279,-2.71448,0.110334,0.621371,-3.34254
-0.101108,372.279,0.00264326,-2.62892,0.124364,0.603288,-3.23991
-0.101108,372.279,0.00264372,-2.53298,0.137912,0.582558,-3.12422
-0.101108,372.279,0.00264419,-2.42705,0.150917,0.559256,-2.99593
-0.101108,372.279,0.00264465,-2.31154,0.163324,0.533471,-2.85554
-0.101108,372.279,0.00264512,-2.18691,0.175075,0.50531,-2.70361
-0.101108,372.279,0.00264558,-2.05364,0.186119,0.474895,-2.54075
-0.101108,372.279,0.00264605,-1.91227,0.196407,0.442359,-2.36762
-0.101108,372.279,0.00264651,-1.76336,0.205892,0.407854,-2.18491
-0.101108,372.279,0.00264698,-1.60748,0.214532,0.37154,-1.99339
-0.101108,372.279,0.00264744,-1.44526,0.22229,0.333592,-1.79382
-0.101108,372.279,0.00264791,-1.27734,0.229132,0.294193,-1.58704
-0.101108,372.279,0.00264837,-1.10437,0.235028,0.253534,-1.37389
-0.101108,372.279,0.00264884,-0.927051,0.239954,0.211814,-1.15526
-0.101108,372.279,0.0026493,-0.74607,0.24389,0.169239,-0.93205
-0.101108,372.279,0.00264977,-0.562144,0.24682,0.126016,-0.705176
-0.101108,372.279,0.00265023,-0.376,0.248735,0.0823559,-0.475576
-0.101108,372.279,0.0026507,-0.188372,0.24963,0.0384686,-0.244194
-0.101108,372.279,0.00265116,-1.0583e-013,0.249504,-0.00543626,-0.0119798
-0.101108,372.279,0.00265163,0.188372,0.248361,-0.0491523,0.220117
-0.101108,372.279,0.00265209,0.376,0.24621,-0.0924775,0.45115
-0.101108,372.279,0.00265256,0.562144,0.243065,-0.135216,0.680182
-0.101108,372.279,0.00265302,0.74607,0.238945,-0.177178,0.90629
-0.101108,372.279,0.00265349,0.927051,0.233871,-0.218184,1.12856
-0.101108,372.279,0.00265395,1.10437,0.22787,-0.258061,1.34612
-0.101108,372.279,0.00265442,1.27734,0.220971,-0.29665,1.55809
-0.101108,372.279,0.00265488,1.44526,0.213208,-0.3338,1.76364
-0.101108,372.279,0.00265535,1.60748,0.204618,-0.369372,1.96198
-0.101108,372.279,0.00265581,1.76336,0.19524,-0.403239,2.15232
-0.101108,372.279,0.00265628,1.91227,0.185117,-0.435287,2.33394
-0.101108,372.279,0.00265674,2.05364,0.174294,-0.465414,2.50614
-0.101108,372.279,0.00265721,2.18691,0.162816,-0.493528,2.66827
-0.101108,372.279,0.00265767,2.31154,0.150734,-0.51955,2.81973
-0.101108,372.279,0.00265814,2.42705,0.138096,-0.543413,2.95995
-0.101108,372.279,0.0026586,2.53298,0.124955,-0.56506,3.08841
-0.101108,372.279,0.00265907,2.62892,0.111364,-0.584445,3.20465
-0.101108,372.279,0.00265953,2.71448,0.0973744,-0.601529,3.30824
-0.101108,372.279,0.00266,2.78933,0.0830422,-0.616286,3.39882
-0.101108,372.279,0.00266047,2.85317,0.0684214,-0.628695,3.47607
-0.101108,372.279,0.00266093,2.90575,0.0535669,-0.638742,3.53972
-0.101108,372.279,0.0026614,2.94686,0.0385338,-0.646423,3.58955
-0.101108,372.279,0.00266186,2.97634,0.0233771,-0.651738,3.62539
-0.101108,372.279,0.00266233,2.99408,0.00815178,-0.65469,3.64714
-0.101108,372.279,0.00266279,3,-0.00708756,-0.655291,3.65472
-0.101108,372.279,0.00266326,2.99408,-0.0222865,-0.653555,3.64813
-0.101108,372.279,0.00266372,2.97634,-0.0373911,-0.649499,3.6274
-0.101108,372.279,0.00266419,2.94686,-0.052348,-0.643145,3.59262
-0.101108,372.279,0.00266465,2.90575,-0.0671042,-0.634518,3.54392
-0.101108,372.279,0.00266512,2.85317,-0.0816076,-0.623646,3.4815
-0.101108,372.279,0.00266558,2.78933,-0.0958067,-0.61056,3.40558
-0.101108,372.279,0.00266605,2.71448,-0.109651,-0.595295,3.31646
-0.101108,372.279,0.00266651,2.62892,-0.12309,-0.57789,3.21446
-0.101108,372.279,0.00266698,2.53298,-0.136076,-0.558386,3.09996
-0.101108,372.279,0.00266744,2.42705,-0.14856,-0.536831,2.97338
-0.101108,372.279,0.00266791,2.31154,-0.160497,-0.513275,2.83518
-0.101108,372.279,0.00266837,2.18691,-0.171841,-0.487777,2.68588
-0.101108,372.279,0.00266884,2.05364,-0.182547,-0.460399,2.52603
-0.101108,372.279,0.0026693,1.91227,-0.192576,-0.431209,2.35622
-0.101108,372.279,0.00266977,1.76336,-0.201885,-0.400286,2.17708
-0.101108,372.279,0.00267023,1.60748,-0.210436,-0.367712,1.98928
-0.101108,372.279,0.0026707,1.44526,-0.218194,-0.33358,1.79352
-0.101108,372.279,0.00267116,1.27734,-0.225124,-0.297992,1.59055
-0.101108,372.279,0.00267163,1.10437,-0.231195,-0.261055,1.38113
-0.101108,372.279,0.00267209,0.927051,-0.236378,-0.222889,1.16607
-0.101108,372.279,0.00267256,0.74607,-0.240649,-0.183622,0.946183
-0.101108,372.279,0.00267302,0.562144,-0.243983,-0.143391,0.722324
-0.101108,372.279,0.00267349,0.376,-0.246363,-0.102341,0.495363
-0.101108,372.279,0.00267395,0.188372,-0.247773,-0.0606283,0.266188
-0.101108,372.279,0.00267442,-3.23581e-014,-0.248201,-0.0184148,0.0357013
-0.101108,372.279,0.00267488,-0.188372,-0.24764,0.0241286,-0.195184
-0.101108,372.279,0.00267535,-0.376,-0.246086,0.0668243,-0.425547
-0.101108,372.279,0.00267581,-0.562144,-0.24354,0.109489,-0.654464
-0.101108,372.279,0.00267628,-0.74607,-0.240007,0.151935,-0.881013
-0.101108,372.279,0.00267674,-0.927051,-0.235496,0.193969,-1.10428
-0.101108,372.279,0.00267721,-1.10437,-0.230021,0.235397,-1.32334
-0.101108,372.279,0.00267767,-1.27734,-0.223602,0.276024,-1.53731
-0.101108,372.279,0.00267814,-1.44526,-0.216261,0.315655,-1.74532
-0.101108,372.279,0.0026786,-1.60748,-0.208027,0.354097,-1.94649
-0.101108,372.279,0.00267907,-1.76336,-0.19893,0.39116,-2.14
-0.101108,372.279,0.00267953,-1.91227,-0.189007,0.42666,-2.32505
-0.101108,372.279,0.00268,-2.05364,-0.1783,0.46042,-2.50087
-0.101108,372.279,0.00268047,-2.18691,-0.166852,0.492269,-2.66673
-0.101108,372.279,0.00268093,-2.31154,-0.154711,0.522047,-2.82195
-0.101108,372.279,0.0026814,-2.42705,-0.14193,0.549606,-2.96586
-0.101108,372.279,0.00268186,-2.53298,-0.128562,0.57481,-3.09789
-0.101108,372.279,0.00268233,-2.62892,-0.114666,0.597533,-3.21748
-0.101108,372.279,0.00268279,-2.71448,-0.100302,0.617669,-3.32415
-0.101108,372.279,0.00268326,-2.78933,-0.0855313,0.635122,-3.41745
-0.101108,372.279,0.00268372,-2.85317,-0.0704193,0.649815,-3.49702
-0.101108,372.279,0.00268419,-2.90575,-0.0550312,0.661687,-3.56252
-0.101108,372.279,0.00268465,-2.94686,-0.0394337,0.670693,-3.61372
-0.101108,372.279,0.00268512,-2.97634,-0.023694,0.676805,-3.6504
-0.101108,372.279,0.00268558,-2.99408,-0.00787981,0.680012,-3.67244
-0.101108,372.279,0.00268605,-3,0.00794157,0.680319,-3.67977
-0.101108,372.279,0.00268651,-2.99408,0.0237031,0.677748,-3.67238
-0.101108,372.279,0.00268698,-2.97634,0.0393388,0.672335,-3.65033
-0.101108,372.279,0.00268744,-2.94686,0.0547838,0.664132,-3.61374
-0.101108,372.279,0.00268791,-2.90575,0.0699746,0.653205,-3.56278
-0.101108,372.279,0.00268837,-2.85317,0.0848497,0.639632,-3.49768
-0.101108,372.279,0.00268884,-2.78933,0.0993498,0.623505,-3.41875
-0.101108,372.279,0.0026893,-2.71448,0.113418,0.604923,-3.32634
-0.101108,372.279,0.00268977,-2.62892,0.126999,0.583998,-3.22083
-0.101108,372.279,0.00269023,-2.53298,0.140042,0.560848,-3.10269
-0.101108,372.279,0.0026907,-2.42705,0.152498,0.535599,-2.97242
-0.101108,372.279,0.00269116,-2.31154,0.164321,0.508382,-2.83056
-0.101108,372.279,0.00269163,-2.18691,0.175468,0.479335,-2.6777
-0.101108,372.279,0.00269209,-2.05364,0.185901,0.448596,-2.51448
-0.101108,372.279,0.00269256,-1.91227,0.195582,0.416306,-2.34155
-0.101108,372.279,0.00269302,-1.76336,0.20448,0.38261,-2.15961
-0.101108,372.279,0.00269349,-1.60748,0.212565,0.347651,-1.9694
-0.101108,372.279,0.00269395,-1.44526,0.219811,0.311571,-1.77166
-0.101108,372.279,0.00269442,-1.27734,0.226195,0.274514,-1.56719
-0.101108,372.279,0.00269488,-1.10437,0.231698,0.236619,-1.35677
-0.101108,372.279,0.00269535,-0.927051,0.236303,0.198025,-1.14124
-0.101108,372.279,0.00269581,-0.74607,0.239997,0.158869,-0.921425
-0.101108,372.279,0.00269628,-0.562144,0.242771,0.119283,-0.698171
-0.101108,372.279,0.00269674,-0.376,0.244618,0.0794,-0.472337
-0.101108,372.279,0.00269721,-0.188372,0.245533,0.0393477,-0.244786
-0.101108,372.279,0.00269767,1.6263e-017,0.245516,-0.000747346,-0.0163829
-0.101108,372.279,0.00269814,0.188372,0.244568,-0.0407612,0.212004
-0.101108,372.279,0.0026986,0.376,0.242694,-0.0805718,0.439509
-0.101108,372.279,0.00269907,0.562144,0.239902,-0.120059,0.66527
-0.101108,372.279,0.00269953,0.74607,0.236202,-0.159103,0.888435
-0.101108,372.279,0.0027,0.927051,0.231607,-0.197586,1.10816
-0.101108,372.279,0.00270047,1.10437,0.226133,-0.235391,1.32361
-0.101108,372.279,0.00270093,1.27734,0.219798,-0.2724,1.53396
-0.101108,372.279,0.0027014,1.44526,0.212623,-0.308498,1.73842
-0.101108,372.279,0.00270186,1.60748,0.204633,-0.343568,1.93621
-0.101108,372.279,0.00270233,1.76336,0.195855,-0.377491,2.12657
-0.101108,372.279,0.00270279,1.91227,0.186316,-0.410153,2.30876
-0.101108,372.279,0.00270326,2.05364,0.17605,-0.441435,2.48208
-0.101108,372.279,0.00270372,2.18691,0.165091,-0.471222,2.64585
-0.101108,372.279,0.00270419,2.31154,0.153478,-0.499397,2.79942
-0.101108,372.279,0.00270465,2.42705,0.141249,-0.525846,2.94219
-0.101108,372.279,0.00270512,2.53298,0.128447,-0.550454,3.07358
-0.101108,372.279,0.00270558,2.62892,0.115119,-0.57311,3.19307
-0.101108,372.279,0.00270605,2.71448,0.101312,-0.593707,3.30016
-0.101108,372.279,0.00270651,2.78933,0.0870763,-0.612139,3.3944
-0.101108,372.279,0.00270698,2.85317,0.0724645,-0.628307,3.4754
-0.101108,372.279,0.00270744,2.90575,0.0575316,-0.642116,3.54281
-0.101108,372.279,0.00270791,2.94686,0.0423344,-0.65348,3.59633
-0.101108,372.279,0.00270837,2.97634,0.0269316,-0.662318,3.63571
-0.101108,372.279,0.00270884,2.99408,0.0113837,-0.66856,3.66076
-0.101108,372.279,0.0027093,3,-0.00424759,-0.672145,3.67135
-0.101108,372.279,0.00270977,2.99408,-0.0198993,-0.673023,3.6674
-0.101108,372.279,0.00271023,2.97634,-0.0355076,-0.671156,3.64889
-0.101108,372.279,0.0027107,2.94686,-0.051008,-0.666519,3.61586
-0.101108,372.279,0.00271116,2.90575,-0.066336,-0.659101,3.56841
-0.101108,372.279,0.00271163,2.85317,-0.0814267,-0.648904,3.5067
-0.101108,372.279,0.00271209,2.78933,-0.0962162,-0.635945,3.43096
-0.101108,372.279,0.00271256,2.71448,-0.110641,-0.620258,3.34145
-0.101108,372.279,0.00271302,2.62892,-0.124638,-0.601891,3.23853
-0.101108,372.279,0.00271349,2.53298,-0.138148,-0.580908,3.12259
-0.101108,372.279,0.00271395,2.42705,-0.15111,-0.557389,2.99408
-0.101108,372.279,0.00271442,2.31154,-0.163469,-0.531428,2.85351
-0.101108,372.279,0.00271488,2.18691,-0.17517,-0.503136,2.70145
-0.101108,372.279,0.00271535,2.05364,-0.186161,-0.472635,2.5385
-0.101108,372.279,0.00271581,1.91227,-0.196395,-0.440064,2.36532
-0.101108,372.279,0.00271628,1.76336,-0.205827,-0.405573,2.18263
-0.101108,372.279,0.00271674,1.60748,-0.214416,-0.369323,1.99116
-0.101108,372.279,0.00271721,1.44526,-0.222125,-0.331486,1.79171
-0.101108,372.279,0.00271767,1.27734,-0.228922,-0.292243,1.58508
-0.101108,372.279,0.00271814,1.10437,-0.234777,-0.251783,1.37213
-0.101108,372.279,0.0027186,0.927051,-0.239668,-0.2103,1.15373
-0.101108,372.279,0.00271907,0.74607,-0.243575,-0.167993,0.930784
-0.101108,372.279,0.00271953,0.562144,-0.246483,-0.125065,0.704203
-0.101108,372.279,0.00272,0.376,-0.248384,-0.0817201,0.474916
-0.101108,372.279,0.00272047,0.188372,-0.249271,-0.0381612,0.243862
-0.101108,372.279,0.00272093,2.02856e-013,-0.249145,0.00540917,0.0119818
-0.101108,372.279,0.0027214,-0.188372,-0.248011,0.0487918,-0.219781
-0.101108,372.279,0.00272186,-0.376,-0.245876,0.091792,-0.450489
-0.101108,372.279,0.00272233,-0.562144,-0.242754,0.13422,-0.67921
-0.101108,372.279,0.00272279,-0.74607,-0.238664,0.175895,-0.905028
-0.101108,372.279,0.00272326,-0.927051,-0.233626,0.216641,-1.12704
-0.101108,372.279,0.00272372,-1.10437,-0.227665,0.256293,-1.34437
-0.101108,372.279,0.00272419,-1.27734,-0.220812,0.294695,-1.55615
-0.101108,372.279,0.00272465,-1.44526,-0.213098,0.3317,-1.76156
-0.101108,372.279,0.00272512,-1.60748,-0.204559,0.367173,-1.95979
-0.101108,372.279,0.00272558,-1.76336,-0.195234,0.40099,-2.15007
-0.101108,372.279,0.00272605,-1.91227,-0.185163,0.433036,-2.33169
-0.101108,372.279,0.00272651,-2.05364,-0.174391,0.463209,-2.50393
-0.101108,372.279,0.00272698,-2.18691,-0.162963,0.491417,-2.66616
-0.101108,372.279,0.00272744,-2.31154,-0.150926,0.517578,-2.81775
-0.101108,372.279,0.00272791,-2.42705,-0.13833,0.541624,-2.95814
-0.101108,372.279,0.00272837,-2.53298,-0.125226,0.563491,-3.08682
-0.101108,372.279,0.00272884,-2.62892,-0.111664,0.583129,-3.20331
-0.101108,372.279,0.0027293,-2.71448,-0.0976994,0.600496,-3.30719
-0.101108,372.279,0.00272977,-2.78933,-0.0833841,0.615557,-3.39807
-0.101108,372.279,0.00273023,-2.85317,-0.0687728,0.628284,-3.47564
-0.101108,372.279,0.0027307,-2.90575,-0.0539203,0.63866,-3.53961
-0.101108,372.279,0.00273116,-2.94686,-0.0388815,0.64667,-3.58977
-0.101108,372.279,0.00273163,-2.97634,-0.0237115,0.652307,-3.62594
-0.101108,372.279,0.00273209,-2.99408,-0.00846572,0.65557,-3.648
-0.101108,372.279,0.00273256,-3,0.00680082,0.656461,-3.65587
-0.101108,372.279,0.00273302,-2.99408,0.0220331,0.65499,-3.64954
-0.101108,372.279,0.00273349,-2.97634,0.0371766,0.651167,-3.62905
-0.101108,372.279,0.00273395,-2.94686,0.0521768,0.64501,-3.59447
-0.101108,372.279,0.00273442,-2.90575,0.06698,0.636539,-3.54593
-0.101108,372.279,0.00273488,-2.85317,0.081533,0.625779,-3.48362
-0.101108,372.279,0.00273535,-2.78933,0.0957833,0.612759,-3.40778
-0.101108,372.279,0.00273581,-2.71448,0.109679,0.597513,-3.31868
-0.101108,372.279,0.00273628,-2.62892,0.123169,0.580078,-3.21665
-0.101108,372.279,0.00273674,-2.53298,0.136204,0.560497,-3.10207
-0.101108,372.279,0.00273721,-2.42705,0.148735,0.538819,-2.97537
-0.101108,372.279,0.00273767,-2.31154,0.160714,0.515098,-2.83701
-0.101108,372.279,0.00273814,-2.18691,0.172095,0.489395,-2.68751
-0.101108,372.279,0.0027386,-2.05364,0.182834,0.461778,-2.52743
-0.101108,372.279,0.00273907,-1.91227,0.192888,0.43232,-2.35735
-0.101108,372.279,0.00273953,-1.76336,0.202216,0.401104,-2.17792
-0.101108,372.279,0.00274,-1.60748,0.210779,0.368221,-1.98981
-0.101108,372.279,0.00274047,-1.44526,0.218541,0.333769,-1.79374
-0.101108,372.279,0.00274093,-1.27734,0.225468,0.297857,-1.59044
-0.101108,372.279,0.0027414,-1.10437,0.231529,0.2606,-1.3807
-0.101108,372.279,0.00274186,-0.927051,0.236694,0.222124,-1.16533
-0.101108,372.279,0.00274233,-0.74607,0.24094,0.182564,-0.945148
-0.101108,372.279,0.00274279,-0.562144,0.244244,0.142064,-0.721018
-0.101108,372.279,0.00274326,-0.376,0.246587,0.100774,-0.493814
-0.101108,372.279,0.00274372,-0.188372,0.247956,0.0588553,-0.264431
-0.101108,372.279,0.00274419,-6.46673e-014,0.248339,0.0164746,-0.0337738
-0.101108,372.279,0.00274465,0.188372,0.24773,-0.0261938,0.197239
-0.101108,372.279,0.00274512,0.376,0.246126,-0.0689696,0.427686
-0.101108,372.279,0.00274558,0.562144,0.243529,-0.111668,0.65664
-0.101108,372.279,0.00274605,0.74607,0.239945,-0.1541,0.883179
-0.101108,372.279,0.00274651,0.927051,0.235386,-0.196073,1.10638
-0.101108,372.279,0.00274698,1.10437,0.229865,-0.237396,1.32535
-0.101108,372.279,0.00274744,1.27734,0.223403,-0.277874,1.53917
-0.101108,372.279,0.00274791,1.44526,0.216023,-0.317316,1.74699
-0.101108,372.279,0.00274837,1.60748,0.207755,-0.355534,1.94794
-0.101108,372.279,0.00274884,1.76336,0.198631,-0.392342,2.1412
-0.101108,372.279,0.0027493,1.91227,0.188687,-0.427562,2.32598
-0.101108,372.279,0.00274977,2.05364,0.177966,-0.461022,2.5015
-0.101108,372.279,0.00275023,2.18691,0.166511,-0.492559,2.66705
-0.101108,372.279,0.0027507,2.31154,0.154371,-0.52202,2.82194
-0.101108,372.279,0.00275116,2.42705,0.141597,-0.549263,2.96554
-0.101108,372.279,0.00275163,2.53298,0.128245,-0.574157,3.09726
-0.101108,372.279,0.00275209,2.62892,0.114371,-0.596587,3.21656
-0.101108,372.279,0.00275256,2.71448,0.100035,-0.616449,3.32295
-0.101108,372.279,0.00275302,2.78933,0.0852986,-0.633657,3.41601
-0.101108,372.279,0.00275349,2.85317,0.0702257,-0.648136,3.49535
-0.101108,372.279,0.00275395,2.90575,0.0548808,-0.659831,3.56068
-0.101108,372.279,0.00275442,2.94686,0.0393296,-0.6687,3.61173
-0.101108,372.279,0.00275488,2.97634,0.0236385,-0.674718,3.64832
-0.101108,372.279,0.00275535,2.99408,0.00787394,-0.677877,3.67031
-0.101108,372.279,0.00275581,3,-0.00789772,-0.678182,3.67763
-0.101108,372.279,0.00275628,2.99408,-0.0236106,-0.675654,3.67029
-0.101108,372.279,0.00275674,2.97634,-0.0391997,-0.670331,3.64832
-0.101108,372.279,0.00275721,2.94686,-0.0546011,-0.662261,3.61186
-0.101108,372.279,0.00275767,2.90575,-0.0697524,-0.651507,3.56107
-0.101108,372.279,0.00275814,2.85317,-0.084593,-0.638144,3.49618
-0.101108,372.279,0.0027586,2.78933,-0.0990641,-0.622257,3.41749
-0.101108,372.279,0.00275907,2.71448,-0.113109,-0.603943,3.32534
-0.101108,372.279,0.00275953,2.62892,-0.126675,-0.583306,3.22012
-0.101108,372.279,0.00276,2.53298,-0.139708,-0.56046,3.10228
-0.101108,372.279,0.00276047,2.42705,-0.152162,-0.535522,2.97232
-0.101108,372.279,0.00276093,2.31154,-0.163991,-0.508618,2.83077
-0.101108,372.279,0.0027614,2.18691,-0.175151,-0.479877,2.67822
-0.101108,372.279,0.00276186,2.05364,-0.185603,-0.449432,2.51529
-0.101108,372.279,0.00276233,1.91227,-0.19531,-0.417418,2.34264
-0.101108,372.279,0.00276279,1.76336,-0.20424,-0.383973,2.16096
-0.101108,372.279,0.00276326,1.60748,-0.212361,-0.349236,1.97097
-0.101108,372.279,0.00276372,1.44526,-0.219648,-0.313343,1.77342
-0.101108,372.279,0.00276419,1.27734,-0.226077,-0.276433,1.5691
-0.101108,372.279,0.00276465,1.10437,-0.231627,-0.238645,1.35879
-0.101108,372.279,0.00276512,0.927051,-0.236281,-0.200113,1.14332
-0.101108,372.279,0.00276558,0.74607,-0.240024,-0.160974,0.923528
-0.101108,372.279,0.00276605,0.562144,-0.242847,-0.12136,0.70025
-0.101108,372.279,0.00276651,0.376,-0.24474,-0.0814035,0.474346
-0.101108,372.279,0.00276698,0.188372,-0.245699,-0.0412346,0.246681
-0.101108,372.279,0.00276744,9.70092e-014,-0.245722,-0.000982302,0.0181241
-0.101108,372.279,0.00276791,-0.188372,-0.244809,0.0392259,-0.210454
-0.101108,372.279,0.00276837,-0.376,-0.242966,0.0792638,-0.438184
-0.101108,372.279,0.00276884,-0.562144,-0.240198,0.119006,-0.664199
-0.101108,372.279,0.0027693,-0.74607,-0.236516,0.158327,-0.887639
-0.101108,372.279,0.00276977,-0.927051,-0.231933,0.197104,-1.10765
-0.101108,372.279,0.00277023,-1.10437,-0.226462,0.235213,-1.32341
-0.101108,372.279,0.0027707,-1.27734,-0.220125,0.27253,-1.53407
-0.101108,372.279,0.00277116,-1.44526,-0.21294,0.308932,-1.73884
-0.101108,372.279,0.00277163,-1.60748,-0.204933,0.344295,-1.93692
-0.101108,372.279,0.00277209,-1.76336,-0.196131,0.378497,-2.12755
-0.101108,372.279,0.00277256,-1.91227,-0.186563,0.411414,-2.31
-0.101108,372.279,0.00277302,-2.05364,-0.176263,0.442924,-2.48355
-0.101108,372.279,0.00277349,-2.18691,-0.165265,0.472906,-2.64751
-0.101108,372.279,0.00277395,-2.31154,-0.153608,0.50124,-2.80125
-0.101108,372.279,0.00277442,-2.42705,-0.141334,0.527807,-2.94414
-0.101108,372.279,0.00277488,-2.53298,-0.128485,0.552491,-3.07561
-0.101108,372.279,0.00277535,-2.62892,-0.115109,0.575179,-3.19513
-0.101108,372.279,0.00277581,-2.71448,-0.101254,0.595762,-3.30221
-0.101108,372.279,0.00277628,-2.78933,-0.0869715,0.614137,-3.3964
-0.101108,372.279,0.00277674,-2.85317,-0.0723156,0.630204,-3.47731
-0.101108,372.279,0.00277721,-2.90575,-0.0573418,0.643872,-3.54458
-0.101108,372.279,0.00277767,-2.94686,-0.042108,0.655056,-3.59792
-0.101108,372.279,0.00277814,-2.97634,-0.0266735,0.663681,-3.63709
-0.101108,372.279,0.0027786,-2.99408,-0.0110995,0.669681,-3.6619
-0.101108,372.279,0.00277907,-3,0.00455161,0.673,-3.67223
-0.101108,372.279,0.00277953,-2.99408,0.0202166,0.673593,-3.66799
-0.101108,372.279,0.00278,-2.97634,0.0358312,0.671431,-3.64919
-0.101108,372.279,0.00278047,-2.94686,0.0513311,0.666492,-3.61585
-0.101108,372.279,0.00278093,-2.90575,0.0666514,0.658773,-3.5681
-0.101108,372.279,0.0027814,-2.85317,0.0817277,0.648283,-3.5061
-0.101108,372.279,0.00278186,-2.78933,0.0964962,0.635045,-3.43008
-0.101108,372.279,0.00278233,-2.71448,0.110894,0.619099,-3.34031
-0.101108,372.279,0.00278279,-2.62892,0.124859,0.600499,-3.23716
-0.101108,372.279,0.00278326,-2.53298,0.138331,0.579313,-3.12101
-0.101108,372.279,0.00278372,-2.42705,0.151253,0.555626,-2.99233
-0.101108,372.279,0.00278419,-2.31154,0.163568,0.529535,-2.85163
-0.101108,372.279,0.00278465,-2.18691,0.175222,0.501154,-2.69947
-0.101108,372.279,0.00278512,-2.05364,0.186167,0.470608,-2.53647
-0.101108,372.279,0.00278558,-1.91227,0.196354,0.438035,-2.3633
-0.101108,372.279,0.00278605,-1.76336,0.205739,0.403586,-2.18064
-0.101108,372.279,0.00278651,-1.60748,0.214284,0.367421,-1.98926
-0.101108,372.279,0.00278698,-1.44526,0.221952,0.32971,-1.78992
-0.101108,372.279,0.00278744,-1.27734,0.228711,0.290632,-1.58345
-0.101108,372.279,0.00278791,-1.10437,0.234533,0.25037,-1.3707
-0.101108,372.279,0.00278837,-0.927051,0.239396,0.209117,-1.15253
-0.101108,372.279,0.00278884,-0.74607,0.243282,0.167064,-0.929836
-0.101108,372.279,0.0027893,-0.562144,0.246175,0.124411,-0.703528
-0.101108,372.279,0.00278977,-0.376,0.248067,0.0813532,-0.474528
-0.101108,372.279,0.00279023,-0.188372,0.248953,0.0380895,-0.243768
