Amp, Phaseshift, Time, Vd, Vr, VL, VC
0.724965,371.965,0,0,0,0,0
0.724965,371.965,1.7094e-007,0.188372,0.00161001,0.188372,0
0.724965,371.965,3.4188e-007,0.376,0.00480993,0.37439,0.000550432
0.724965,371.965,5.12821e-007,0.562144,0.00956876,0.556784,0.00219485
0.724965,371.965,6.83761e-007,0.74607,0.0158449,0.734306,0.00546622
0.724965,371.965,8.54701e-007,0.927051,0.0235862,0.90574,0.0108833
0.724965,371.965,1.02564e-006,1.10437,0.0327307,1.0699,0.0189469
0.724965,371.965,1.19658e-006,1.27734,0.0432065,1.22566,0.0301369
0.724965,371.965,1.36752e-006,1.44526,0.0549322,1.37192,0.0449084
0.724965,371.965,1.53846e-006,1.60748,0.0678181,1.50764,0.0636886
0.724965,371.965,1.7094e-006,1.76336,0.0817655,1.63185,0.0868743
0.724965,371.965,1.88034e-006,1.91227,0.0966683,1.74363,0.114828
0.724965,371.965,2.05128e-006,2.05364,0.112413,1.84214,0.147877
0.724965,371.965,2.22222e-006,2.18691,0.12888,1.92662,0.186309
0.724965,371.965,2.39316e-006,2.31154,0.145943,1.99635,0.230371
0.724965,371.965,2.5641e-006,2.42705,0.16347,2.05074,0.280266
0.724965,371.965,2.73504e-006,2.53298,0.181327,2.08925,0.336153
0.724965,371.965,2.90598e-006,2.62892,0.199374,2.11144,0.398145
0.724965,371.965,3.07692e-006,2.71448,0.217467,2.11696,0.466307
0.724965,371.965,3.24786e-006,2.78933,0.235464,2.10555,0.540655
0.724965,371.965,3.4188e-006,2.85317,0.253216,2.07705,0.621155
0.724965,371.965,3.58974e-006,2.90575,0.270578,2.03138,0.707725
0.724965,371.965,3.76068e-006,2.94686,0.287404,1.96856,0.80023
0.724965,371.965,3.93162e-006,2.97634,0.303547,1.88871,0.898488
0.724965,371.965,4.10256e-006,2.99408,0.318863,1.79205,1.00226
0.724965,371.965,4.2735e-006,3,0.333212,1.67887,1.11128
0.724965,371.965,4.44444e-006,2.99408,0.346457,1.54959,1.2252
0.724965,371.965,4.61538e-006,2.97634,0.358463,1.40469,1.34364
0.724965,371.965,4.78632e-006,2.94686,0.369102,1.24476,1.46619
0.724965,371.965,4.95726e-006,2.90575,0.378251,1.07045,1.59238
0.724965,371.965,5.12821e-006,2.85317,0.385794,0.882535,1.7217
0.724965,371.965,5.29915e-006,2.78933,0.391622,0.681836,1.8536
0.724965,371.965,5.47009e-006,2.71448,0.395632,0.469264,1.98748
0.724965,371.965,5.64103e-006,2.62892,0.397733,0.245805,2.12274
0.724965,371.965,5.81197e-006,2.53298,0.39784,0.0125086,2.25872
0.724965,371.965,5.98291e-006,2.42705,0.395879,-0.229508,2.39473
0.724965,371.965,6.15385e-006,2.31154,0.391784,-0.479072,2.53008
0.724965,371.965,6.32479e-006,2.18691,0.385502,-0.734954,2.66402
0.724965,371.965,6.49573e-006,2.05364,0.37699,-0.99588,2.79581
0.724965,371.965,6.66667e-006,1.91227,0.366217,-1.26053,2.9247
0.724965,371.965,6.83761e-006,1.76336,0.353161,-1.52756,3.0499
0.724965,371.965,7.00855e-006,1.60748,0.337814,-1.79558,3.17064
0.724965,371.965,7.17949e-006,1.44526,0.32018,-2.06319,3.28613
0.724965,371.965,7.35043e-006,1.27734,0.300274,-2.32897,3.3956
0.724965,371.965,7.52137e-006,1.10437,0.278124,-2.5915,3.49825
0.724965,371.965,7.69231e-006,0.927051,0.253771,-2.84933,3.59334
0.724965,371.965,7.86325e-006,0.74607,0.227266,-3.10104,3.6801
0.724965,371.965,8.03419e-006,0.562144,0.198675,-3.34522,3.7578
0.724965,371.965,8.20513e-006,0.376,0.168072,-3.58047,3.82572
0.724965,371.965,8.37607e-006,0.188372,0.135548,-3.80542,3.88318
0.724965,371.965,8.54701e-006,-9.64886e-016,0.101199,-4.01873,3.92952
0.724965,371.965,8.71795e-006,-0.188372,0.0651388,-4.21909,3.96412
0.724965,371.965,8.88889e-006,-0.376,0.027487,-4.40526,3.98639
0.724965,371.965,9.05983e-006,-0.562144,-0.0116242,-4.57602,3.99579
0.724965,371.965,9.23077e-006,-0.74607,-0.0520536,-4.73023,3.99181
0.724965,371.965,9.40171e-006,-0.927051,-0.0936502,-4.86681,3.97402
0.724965,371.965,9.57265e-006,-1.10437,-0.136255,-4.98474,3.942
0.724965,371.965,9.74359e-006,-1.27734,-0.1797,-5.08308,3.89542
0.724965,371.965,9.91453e-006,-1.44526,-0.223811,-5.16098,3.83398
0.724965,371.965,1.00855e-005,-1.60748,-0.268406,-5.21765,3.75746
0.724965,371.965,1.02564e-005,-1.76336,-0.313299,-5.25241,3.6657
0.724965,371.965,1.04274e-005,-1.91227,-0.358296,-5.26467,3.55859
0.724965,371.965,1.05983e-005,-2.05364,-0.403201,-5.25394,3.4361
0.724965,371.965,1.07692e-005,-2.18691,-0.447815,-5.2198,3.29825
0.724965,371.965,1.09402e-005,-2.31154,-0.491934,-5.16197,3.14515
0.724965,371.965,1.11111e-005,-2.42705,-0.535355,-5.08027,2.97697
0.724965,371.965,1.12821e-005,-2.53298,-0.577873,-4.9746,2.79394
0.724965,371.965,1.1453e-005,-2.62892,-0.619284,-4.84499,2.59638
0.724965,371.965,1.16239e-005,-2.71448,-0.659382,-4.69157,2.38466
0.724965,371.965,1.17949e-005,-2.78933,-0.697969,-4.5146,2.15923
0.724965,371.965,1.19658e-005,-2.85317,-0.734844,-4.31443,1.9206
0.724965,371.965,1.21368e-005,-2.90575,-0.769814,-4.09151,1.66938
0.724965,371.965,1.23077e-005,-2.94686,-0.80269,-3.84642,1.40619
0.724965,371.965,1.24786e-005,-2.97634,-0.833287,-3.57984,1.13177
0.724965,371.965,1.26496e-005,-2.99408,-0.861428,-3.29256,0.846882
0.724965,371.965,1.28205e-005,-3,-0.886945,-2.98545,0.552377
0.724965,371.965,1.29915e-005,-2.99408,-0.909676,-2.65951,0.249148
0.724965,371.965,1.31624e-005,-2.97634,-0.929469,-2.31582,-0.0618524
0.724965,371.965,1.33333e-005,-2.94686,-0.946183,-1.95554,-0.37962
0.724965,371.965,1.35043e-005,-2.90575,-0.959687,-1.57995,-0.703101
0.724965,371.965,1.36752e-005,-2.85317,-0.969861,-1.19038,-1.0312
0.724965,371.965,1.38462e-005,-2.78933,-0.976599,-0.788269,-1.36278
0.724965,371.965,1.40171e-005,-2.71448,-0.979805,-0.375107,-1.69666
0.724965,371.965,1.4188e-005,-2.62892,-0.979398,0.0475401,-2.03163
0.724965,371.965,1.4359e-005,-2.53298,-0.975312,0.478046,-2.36647
0.724965,371.965,1.45299e-005,-2.42705,-0.967494,0.91473,-2.69991
0.724965,371.965,1.47009e-005,-2.31154,-0.955906,1.35586,-3.03068
0.724965,371.965,1.48718e-005,-2.18691,-0.940524,1.79968,-3.35748
0.724965,371.965,1.50427e-005,-2.05364,-0.921341,2.24436,-3.67903
0.724965,371.965,1.52137e-005,-1.91227,-0.898366,2.6881,-3.99402
0.724965,371.965,1.53846e-005,-1.76336,-0.871622,3.12903,-4.30115
0.724965,371.965,1.55556e-005,-1.60748,-0.84115,3.56529,-4.59914
0.724965,371.965,1.57265e-005,-1.44526,-0.807004,3.99503,-4.88671
0.724965,371.965,1.58974e-005,-1.27734,-0.769257,4.41638,-5.16261
0.724965,371.965,1.60684e-005,-1.10437,-0.727997,4.8275,-5.42561
0.724965,371.965,1.62393e-005,-0.927051,-0.683325,5.22655,-5.67449
0.724965,371.965,1.64103e-005,-0.74607,-0.635362,5.61175,-5.90811
0.724965,371.965,1.65812e-005,-0.562144,-0.584239,5.98133,-6.12533
0.724965,371.965,1.67521e-005,-0.376,-0.530106,6.33357,-6.32507
0.724965,371.965,1.69231e-005,-0.188372,-0.473125,6.6668,-6.5063
0.724965,371.965,1.7094e-005,1.92977e-015,-0.413472,6.97942,-6.66805
0.724965,371.965,1.7265e-005,0.188372,-0.351336,7.26989,-6.80941
0.724965,371.965,1.74359e-005,0.376,-0.286919,7.53674,-6.92952
0.724965,371.965,1.76068e-005,0.562144,-0.220436,7.77859,-7.02762
0.724965,371.965,1.77778e-005,0.74607,-0.15211,7.99412,-7.10298
0.724965,371.965,1.79487e-005,0.927051,-0.0821769,8.18214,-7.15498
0.724965,371.965,1.81197e-005,1.10437,-0.0108817,8.34153,-7.18308
0.724965,371.965,1.82906e-005,1.27734,0.0615225,8.4713,-7.1868
0.724965,371.965,1.84615e-005,1.44526,0.134775,8.57054,-7.16576
0.724965,371.965,1.86325e-005,1.60748,0.208608,8.63847,-7.11969
0.724965,371.965,1.88034e-005,1.76336,0.282748,8.67443,-7.04837
0.724965,371.965,1.89744e-005,1.91227,0.356918,8.67789,-6.9517
0.724965,371.965,1.91453e-005,2.05364,0.430837,8.64842,-6.82968
0.724965,371.965,1.93162e-005,2.18691,0.504219,8.58575,-6.68238
0.724965,371.965,1.94872e-005,2.31154,0.576781,8.4897,-6.51
0.724965,371.965,1.96581e-005,2.42705,0.648236,8.36027,-6.31281
0.724965,371.965,1.98291e-005,2.53298,0.718301,8.19756,-6.09119
0.724965,371.965,2e-005,2.62892,0.786692,8.00181,-5.84562
0.724965,371.965,2.01709e-005,2.71448,0.853132,7.77341,-5.57666
0.724965,371.965,2.03419e-005,2.78933,0.917344,7.51286,-5.285
0.724965,371.965,2.05128e-005,2.85317,0.97906,7.22082,-4.97137
0.724965,371.965,2.06838e-005,2.90575,1.03802,6.89806,-4.63665
0.724965,371.965,2.08547e-005,2.94686,1.09396,6.5455,-4.28177
0.724965,371.965,2.10256e-005,2.97634,1.14665,6.16416,-3.90777
0.724965,371.965,2.11966e-005,2.99408,1.19584,5.7552,-3.51575
0.724965,371.965,2.13675e-005,3,1.24131,5.31992,-3.10692
0.724965,371.965,2.15385e-005,2.99408,1.28284,4.85969,-2.68254
0.724965,371.965,2.17094e-005,2.97634,1.32024,4.37604,-2.24396
0.724965,371.965,2.18803e-005,2.94686,1.35333,3.87058,-1.7926
0.724965,371.965,2.20513e-005,2.90575,1.38192,3.34502,-1.32992
0.724965,371.965,2.22222e-005,2.85317,1.40586,2.80117,-0.857471
0.724965,371.965,2.23932e-005,2.78933,1.42501,2.24094,-0.376836
0.724965,371.965,2.25641e-005,2.71448,1.43925,1.66631,0.110347
0.724965,371.965,2.2735e-005,2.62892,1.44848,1.07932,0.6024
0.724965,371.965,2.2906e-005,2.53298,1.4526,0.482105,1.09761
0.724965,371.965,2.30769e-005,2.42705,1.45155,-0.123154,1.59422
0.724965,371.965,2.32479e-005,2.31154,1.44527,-0.734228,2.09048
0.724965,371.965,2.34188e-005,2.18691,1.43374,-1.34884,2.58459
0.724965,371.965,2.35897e-005,2.05364,1.41695,-1.96469,3.07475
0.724965,371.965,2.37607e-005,1.91227,1.3949,-2.57943,3.55918
0.724965,371.965,2.39316e-005,1.76336,1.36763,-3.19073,4.03607
0.724965,371.965,2.41026e-005,1.60748,1.33519,-3.79622,4.50364
0.724965,371.965,2.42735e-005,1.44526,1.29763,-4.39356,4.96011
0.724965,371.965,2.44444e-005,1.27734,1.25507,-4.98041,5.40375
0.724965,371.965,2.46154e-005,1.10437,1.20759,-5.55444,5.83283
0.724965,371.965,2.47863e-005,0.927051,1.15534,-6.11337,6.24568
0.724965,371.965,2.49573e-005,0.74607,1.09846,-6.65496,6.64067
0.724965,371.965,2.51282e-005,0.562144,1.03712,-7.17699,7.01621
0.724965,371.965,2.52991e-005,0.376,0.971502,-7.67733,7.37079
0.724965,371.965,2.54701e-005,0.188372,0.90181,-8.15392,7.70292
0.724965,371.965,2.5641e-005,1.10215e-015,0.828266,-8.60473,8.01123
0.724965,371.965,2.5812e-005,-0.188372,0.751104,-9.02787,8.2944
0.724965,371.965,2.59829e-005,-0.376,0.670579,-9.42151,8.55119
0.724965,371.965,2.61538e-005,-0.562144,0.586955,-9.78391,8.78045
0.724965,371.965,2.63248e-005,-0.74607,0.500515,-10.1135,8.98112
0.724965,371.965,2.64957e-005,-0.927051,0.411552,-10.4087,9.15223
0.724965,371.965,2.66667e-005,-1.10437,0.320372,-10.6682,9.29293
0.724965,371.965,2.68376e-005,-1.27734,0.227289,-10.8906,9.40246
0.724965,371.965,2.70085e-005,-1.44526,0.132631,-11.075,9.48017
0.724965,371.965,2.71795e-005,-1.60748,0.0367311,-11.2203,9.52551
0.724965,371.965,2.73504e-005,-1.76336,-0.0600689,-11.3256,9.53807
0.724965,371.965,2.75214e-005,-1.91227,-0.157422,-11.3903,9.51753
0.724965,371.965,2.76923e-005,-2.05364,-0.254975,-11.4138,9.46371
0.724965,371.965,2.78632e-005,-2.18691,-0.352374,-11.3956,9.37654
0.724965,371.965,2.80342e-005,-2.31154,-0.44926,-11.3357,9.25607
0.724965,371.965,2.82051e-005,-2.42705,-0.545276,-11.2339,9.10248
0.724965,371.965,2.83761e-005,-2.53298,-0.640064,-11.0902,8.91606
0.724965,371.965,2.8547e-005,-2.62892,-0.733268,-10.9049,8.69724
0.724965,371.965,2.87179e-005,-2.71448,-0.824537,-10.6784,8.44655
0.724965,371.965,2.88889e-005,-2.78933,-0.913523,-10.4113,8.16465
0.724965,371.965,2.90598e-005,-2.85317,-0.999885,-10.1043,7.85234
0.724965,371.965,2.92308e-005,-2.90575,-1.08329,-9.7582,7.5105
0.724965,371.965,2.94017e-005,-2.94686,-1.16341,-9.37407,7.14014
0.724965,371.965,2.95726e-005,-2.97634,-1.23993,-8.95308,6.74239
0.724965,371.965,2.97436e-005,-2.99408,-1.31255,-8.49654,6.31849
0.724965,371.965,2.99145e-005,-3,-1.38098,-8.00594,5.86975
0.724965,371.965,3.00855e-005,-2.99408,-1.44493,-7.48285,5.39762
0.724965,371.965,3.02564e-005,-2.97634,-1.50416,-6.92903,4.90363
0.724965,371.965,3.04274e-005,-2.94686,-1.5584,-6.34633,4.38939
0.724965,371.965,3.05983e-005,-2.90575,-1.60743,-5.73674,3.8566
0.724965,371.965,3.07692e-005,-2.85317,-1.65104,-5.10234,3.30705
0.724965,371.965,3.09402e-005,-2.78933,-1.68903,-4.44534,2.74259
0.724965,371.965,3.11111e-005,-2.71448,-1.72124,-3.76804,2.16515
0.724965,371.965,3.12821e-005,-2.62892,-1.7475,-3.07283,1.57669
0.724965,371.965,3.1453e-005,-2.53298,-1.76769,-2.36217,0.979253
0.724965,371.965,3.16239e-005,-2.42705,-1.7817,-1.63861,0.374913
0.724965,371.965,3.17949e-005,-2.31154,-1.78943,-0.904755,-0.234214
0.724965,371.965,3.19658e-005,-2.18691,-1.79083,-0.163261,-0.845985
0.724965,371.965,3.21368e-005,-2.05364,-1.78584,0.58317,-1.45823
0.724965,371.965,3.23077e-005,-1.91227,-1.77446,1.3318,-2.06878
0.724965,371.965,3.24786e-005,-1.76336,-1.75668,2.07988,-2.67543
0.724965,371.965,3.26496e-005,-1.60748,-1.73254,2.82463,-3.27601
0.724965,371.965,3.28205e-005,-1.44526,-1.70208,3.56328,-3.86833
0.724965,371.965,3.29915e-005,-1.27734,-1.66539,4.29307,-4.45024
0.724965,371.965,3.31624e-005,-1.10437,-1.62256,5.01125,-5.0196
0.724965,371.965,3.33333e-005,-0.927051,-1.57371,5.71511,-5.57432
0.724965,371.965,3.35043e-005,-0.74607,-1.519,6.40197,-6.11234
0.724965,371.965,3.36752e-005,-0.562144,-1.45858,7.06919,-6.63166
0.724965,371.965,3.38462e-005,-0.376,-1.39264,7.71423,-7.13032
0.724965,371.965,3.40171e-005,-0.188372,-1.32141,8.33459,-7.60643
0.724965,371.965,3.4188e-005,3.85954e-015,-1.2451,8.92784,-8.0582
0.724965,371.965,3.4359e-005,0.188372,-1.16397,9.49167,-8.48387
0.724965,371.965,3.45299e-005,0.376,-1.0783,10.0238,-8.88181
0.724965,371.965,3.47009e-005,0.562144,-0.988366,10.5223,-9.25046
0.724965,371.965,3.48718e-005,0.74607,-0.894478,10.9849,-9.58836
0.724965,371.965,3.50427e-005,0.927051,-0.796958,11.4099,-9.89417
0.724965,371.965,3.52137e-005,1.10437,-0.696142,11.7955,-10.1666
0.724965,371.965,3.53846e-005,1.27734,-0.59238,12.1401,-10.4046
0.724965,371.965,3.55556e-005,1.44526,-0.486036,12.4423,-10.6072
0.724965,371.965,3.57265e-005,1.60748,-0.377483,12.7007,-10.7733
0.724965,371.965,3.58974e-005,1.76336,-0.267106,12.9142,-10.9024
0.724965,371.965,3.60684e-005,1.91227,-0.155296,13.0817,-10.9937
0.724965,371.965,3.62393e-005,2.05364,-0.0424529,13.2026,-11.0468
0.724965,371.965,3.64103e-005,2.18691,0.0710184,13.2761,-11.0613
0.724965,371.965,3.65812e-005,2.31154,0.184709,13.3018,-11.037
0.724965,371.965,3.67521e-005,2.42705,0.298208,13.2794,-10.9739
0.724965,371.965,3.69231e-005,2.53298,0.411102,13.2086,-10.8719
0.724965,371.965,3.7094e-005,2.62892,0.52298,13.0897,-10.7314
0.724965,371.965,3.7265e-005,2.71448,0.633432,12.9229,-10.5526
0.724965,371.965,3.74359e-005,2.78933,0.742052,12.7085,-10.336
0.724965,371.965,3.76068e-005,2.85317,0.848437,12.4471,-10.0823
0.724965,371.965,3.77778e-005,2.90575,0.952195,12.1396,-9.79226
0.724965,371.965,3.79487e-005,2.94686,1.05294,11.7869,-9.46672
0.724965,371.965,3.81197e-005,2.97634,1.15029,11.3901,-9.10674
0.724965,371.965,3.82906e-005,2.99408,1.24388,10.9505,-8.71348
0.724965,371.965,3.84615e-005,3,1.33337,10.4696,-8.28822
0.724965,371.965,3.86325e-005,2.99408,1.4184,9.94893,-7.83237
0.724965,371.965,3.88034e-005,2.97634,1.49866,9.39031,-7.34745
0.724965,371.965,3.89744e-005,2.94686,1.57384,8.79565,-6.83508
0.724965,371.965,3.91453e-005,2.90575,1.64364,8.167,-6.29702
0.724965,371.965,3.93162e-005,2.85317,1.7078,7.50655,-5.73509
0.724965,371.965,3.94872e-005,2.78933,1.76606,6.81662,-5.15123
0.724965,371.965,3.96581e-005,2.71448,1.81819,6.09965,-4.54745
0.724965,371.965,3.98291e-005,2.62892,1.86399,5.35817,-3.92584
0.724965,371.965,4e-005,2.53298,1.90326,4.59484,-3.28858
0.724965,371.965,4.01709e-005,2.42705,1.93585,3.81237,-2.63789
0.724965,371.965,4.03419e-005,2.31154,1.9616,3.01359,-1.97606
0.724965,371.965,4.05128e-005,2.18691,1.98042,2.20137,-1.30543
0.724965,371.965,4.06838e-005,2.05364,1.9922,1.37865,-0.628364
0.724965,371.965,4.08547e-005,1.91227,1.99689,0.548434,0.0527307
0.724965,371.965,4.10256e-005,1.76336,1.99444,-0.286265,0.735428
0.724965,371.965,4.11966e-005,1.60748,1.98485,-1.12239,1.41729
0.724965,371.965,4.13675e-005,1.44526,1.96812,-1.95688,2.09587
0.724965,371.965,4.15385e-005,1.27734,1.94431,-2.78666,2.76873
0.724965,371.965,4.17094e-005,1.10437,1.91346,-3.60867,3.43345
0.724965,371.965,4.18803e-005,0.927051,1.87569,-4.41987,4.08763
0.724965,371.965,4.20513e-005,0.74607,1.8311,-5.21725,4.72889
0.724965,371.965,4.22222e-005,0.562144,1.77983,-5.99784,5.35491
0.724965,371.965,4.23932e-005,0.376,1.72206,-6.75874,5.96339
0.724965,371.965,4.25641e-005,0.188372,1.65799,-7.49709,6.55213
0.724965,371.965,4.2735e-005,1.83691e-015,1.58782,-8.21012,7.11897
0.724965,371.965,4.2906e-005,-0.188372,1.51179,-8.89515,7.66181
0.724965,371.965,4.30769e-005,-0.376,1.43017,-9.5496,8.17866
0.724965,371.965,4.32479e-005,-0.562144,1.34324,-10.171,8.66761
0.724965,371.965,4.34188e-005,-0.74607,1.2513,-10.7569,9.12683
0.724965,371.965,4.35897e-005,-0.927051,1.15467,-11.3052,9.55463
0.724965,371.965,4.37607e-005,-1.10437,1.0537,-11.8137,9.94939
0.724965,371.965,4.39316e-005,-1.27734,0.948739,-12.2804,10.3096
0.724965,371.965,4.41026e-005,-1.44526,0.840161,-12.7036,10.634
0.724965,371.965,4.42735e-005,-1.60748,0.728352,-13.0816,10.9212
0.724965,371.965,4.44444e-005,-1.76336,0.613712,-13.4129,11.1702
0.724965,371.965,4.46154e-005,-1.91227,0.49665,-13.6962,11.38
0.724965,371.965,4.47863e-005,-2.05364,0.377587,-13.9303,11.5498
0.724965,371.965,4.49573e-005,-2.18691,0.256952,-14.1143,11.6789
0.724965,371.965,4.51282e-005,-2.31154,0.135179,-14.2474,11.7668
0.724965,371.965,4.52991e-005,-2.42705,0.0127092,-14.329,11.813
0.724965,371.965,4.54701e-005,-2.53298,-0.110015,-14.3587,11.8173
0.724965,371.965,4.5641e-005,-2.62892,-0.232546,-14.3362,11.7797
0.724965,371.965,4.5812e-005,-2.71448,-0.354441,-14.2617,11.7002
0.724965,371.965,4.59829e-005,-2.78933,-0.475254,-14.1351,11.579
0.724965,371.965,4.61538e-005,-2.85317,-0.594544,-13.957,11.4166
0.724965,371.965,4.63248e-005,-2.90575,-0.711875,-13.7278,11.2133
0.724965,371.965,4.64957e-005,-2.94686,-0.826818,-13.4483,10.9699
0.724965,371.965,4.66667e-005,-2.97634,-0.93895,-13.1194,10.6872
0.724965,371.965,4.68376e-005,-2.99408,-1.04786,-12.7424,10.3662
0.724965,371.965,4.70085e-005,-3,-1.15314,-12.3184,10.008
0.724965,371.965,4.71795e-005,-2.99408,-1.25442,-11.8489,9.61376
0.724965,371.965,4.73504e-005,-2.97634,-1.3513,-11.3357,9.1849
0.724965,371.965,4.75214e-005,-2.94686,-1.44344,-10.7805,8.72292
0.724965,371.965,4.76923e-005,-2.90575,-1.5305,-10.1852,8.22943
0.724965,371.965,4.78632e-005,-2.85317,-1.61214,-9.5521,7.70618
0.724965,371.965,4.80342e-005,-2.78933,-1.68807,-8.88337,7.15502
0.724965,371.965,4.82051e-005,-2.71448,-1.75799,-8.18144,6.57791
0.724965,371.965,4.83761e-005,-2.62892,-1.82166,-7.44884,5.97689
0.724965,371.965,4.8547e-005,-2.53298,-1.87882,-6.68821,5.3541
0.724965,371.965,4.87179e-005,-2.42705,-1.92927,-5.90233,4.71176
0.724965,371.965,4.88889e-005,-2.31154,-1.97281,-5.09403,4.05218
0.724965,371.965,4.90598e-005,-2.18691,-2.00927,-4.26628,3.37772
0.724965,371.965,4.92308e-005,-2.05364,-2.03852,-3.42209,2.69079
0.724965,371.965,4.94017e-005,-1.91227,-2.06044,-2.56454,1.99386
0.724965,371.965,4.95726e-005,-1.76336,-2.07494,-1.69678,1.28944
0.724965,371.965,4.97436e-005,-1.60748,-2.08197,-0.821974,0.580054
0.724965,371.965,4.99145e-005,-1.44526,-2.08148,0.0566528,-0.13173
0.724965,371.965,5.00855e-005,-1.27734,-2.07348,0.935875,-0.843348
0.724965,371.965,5.02564e-005,-1.10437,-2.05799,1.81246,-1.55223
0.724965,371.965,5.04274e-005,-0.927051,-2.03506,2.68317,-2.25582
0.724965,371.965,5.05983e-005,-0.74607,-2.00476,3.54481,-2.95157
0.724965,371.965,5.07692e-005,-0.562144,-1.96721,4.39419,-3.63696
0.724965,371.965,5.09402e-005,-0.376,-1.92252,5.22816,-4.3095
0.724965,371.965,5.11111e-005,-0.188372,-1.87087,6.04365,-4.96678
0.724965,371.965,5.12821e-005,-2.20429e-015,-1.81242,6.83764,-5.60639
0.724965,371.965,5.1453e-005,0.188372,-1.74741,7.60718,-6.22602
0.724965,371.965,5.16239e-005,0.376,-1.67604,8.34943,-6.82342
0.724965,371.965,5.17949e-005,0.562144,-1.59859,9.06161,-7.39643
0.724965,371.965,5.19658e-005,0.74607,-1.51534,9.74109,-7.94296
0.724965,371.965,5.21368e-005,0.927051,-1.42657,10.3853,-8.46102
0.724965,371.965,5.23077e-005,1.10437,-1.33262,10.992,-8.94874
0.724965,371.965,5.24786e-005,1.27734,-1.23383,11.5587,-9.40434
0.724965,371.965,5.26496e-005,1.44526,-1.13055,12.0834,-9.82616
0.724965,371.965,5.28205e-005,1.60748,-1.02317,12.5642,-10.2127
0.724965,371.965,5.29915e-005,1.76336,-0.912064,12.9992,-10.5625
0.724965,371.965,5.31624e-005,1.91227,-0.797647,13.3868,-10.8743
0.724965,371.965,5.33333e-005,2.05364,-0.680334,13.7256,-11.147
0.724965,371.965,5.35043e-005,2.18691,-0.560554,14.0142,-11.3796
0.724965,371.965,5.36752e-005,2.31154,-0.438745,14.2517,-11.5712
0.724965,371.965,5.38462e-005,2.42705,-0.315352,14.437,-11.7212
0.724965,371.965,5.40171e-005,2.53298,-0.190825,14.5696,-11.829
0.724965,371.965,5.4188e-005,2.62892,-0.0656222,14.6488,-11.8943
0.724965,371.965,5.4359e-005,2.71448,0.0597998,14.6744,-11.9167
0.724965,371.965,5.45299e-005,2.78933,0.184981,14.6462,-11.8963
0.724965,371.965,5.47009e-005,2.85317,0.309464,14.5645,-11.833
0.724965,371.965,5.48718e-005,2.90575,0.432791,14.4293,-11.7272
0.724965,371.965,5.50427e-005,2.94686,0.554512,14.2413,-11.5793
0.724965,371.965,5.52137e-005,2.97634,0.674179,14.0011,-11.3897
0.724965,371.965,5.53846e-005,2.99408,0.791355,13.7096,-11.1592
0.724965,371.965,5.55556e-005,3,0.90561,13.3678,-10.8886
0.724965,371.965,5.57265e-005,2.99408,1.01653,12.9771,-10.579
0.724965,371.965,5.58974e-005,2.97634,1.1237,12.5389,-10.2315
0.724965,371.965,5.60684e-005,2.94686,1.22673,12.0547,-9.84734
0.724965,371.965,5.62393e-005,2.90575,1.32524,11.5264,-9.42794
0.724965,371.965,5.64103e-005,2.85317,1.41888,10.9559,-8.97487
0.724965,371.965,5.65812e-005,2.78933,1.5073,10.3453,-8.48978
0.724965,371.965,5.67521e-005,2.71448,1.59018,9.69696,-7.97446
0.724965,371.965,5.69231e-005,2.62892,1.66722,9.0132,-7.43081
0.724965,371.965,5.7094e-005,2.53298,1.73813,8.29657,-6.86082
0.724965,371.965,5.7265e-005,2.42705,1.80266,7.54974,-6.26659
0.724965,371.965,5.74359e-005,2.31154,1.86057,6.77547,-5.65029
0.724965,371.965,5.76068e-005,2.18691,1.91165,5.97663,-5.0142
0.724965,371.965,5.77778e-005,2.05364,1.95572,5.15619,-4.36065
0.724965,371.965,5.79487e-005,1.91227,1.99262,4.3172,-3.69202
0.724965,371.965,5.81197e-005,1.76336,2.02222,3.46276,-3.01079
0.724965,371.965,5.82906e-005,1.60748,2.0444,2.59605,-2.31943
0.724965,371.965,5.84615e-005,1.44526,2.05911,1.72029,-1.62049
0.724965,371.965,5.86325e-005,1.27734,2.06628,0.838719,-0.91652
0.724965,371.965,5.88034e-005,1.10437,2.06589,-0.0453827,-0.210101
0.724965,371.965,5.89744e-005,0.927051,2.05795,-0.928737,0.496186
0.724965,371.965,5.91453e-005,0.74607,2.0425,-1.80807,1.19976
0.724965,371.965,5.93162e-005,0.562144,2.01959,-2.68011,1.89805
0.724965,371.965,5.94872e-005,0.376,1.98932,-3.54164,2.58851
0.724965,371.965,5.96581e-005,0.188372,1.9518,-4.38946,3.26862
0.724965,371.965,5.98291e-005,2.57167e-015,1.90718,-5.22042,3.9359
0.724965,371.965,6e-005,-0.188372,1.85563,-6.03146,4.58793
0.724965,371.965,6.01709e-005,-0.376,1.79735,-6.81956,5.22233
0.724965,371.965,6.03419e-005,-0.562144,1.73254,-7.58182,5.83681
0.724965,371.965,6.05128e-005,-0.74607,1.66147,-8.31542,6.42913
0.724965,371.965,6.06838e-005,-0.927051,1.5844,-9.01766,6.99716
0.724965,371.965,6.08547e-005,-1.10437,1.50161,-9.68593,7.53883
0.724965,371.965,6.10256e-005,-1.27734,1.41343,-10.3178,8.0522
0.724965,371.965,6.11966e-005,-1.44526,1.32017,-10.9109,8.53543
0.724965,371.965,6.13675e-005,-1.60748,1.2222,-11.4631,8.98677
0.724965,371.965,6.15385e-005,-1.76336,1.11987,-11.9723,9.40461
0.724965,371.965,6.17094e-005,-1.91227,1.01357,-12.4368,9.78747
0.724965,371.965,6.18803e-005,-2.05364,0.903703,-12.8547,10.134
0.724965,371.965,6.20513e-005,-2.18691,0.790672,-13.2246,10.443
0.724965,371.965,6.22222e-005,-2.31154,0.674901,-13.5452,10.7133
0.724965,371.965,6.23932e-005,-2.42705,0.556822,-13.8152,10.944
0.724965,371.965,6.25641e-005,-2.53298,0.436875,-14.0338,11.1344
0.724965,371.965,6.2735e-005,-2.62892,0.315506,-14.2002,11.2837
0.724965,371.965,6.2906e-005,-2.71448,0.193167,-14.3137,11.3916
0.724965,371.965,6.30769e-005,-2.78933,0.0703114,-14.3741,11.4576
0.724965,371.965,6.32479e-005,-2.85317,-0.0526041,-14.3811,11.4817
0.724965,371.965,6.34188e-005,-2.90575,-0.175124,-14.3348,11.4637
0.724965,371.965,6.35897e-005,-2.94686,-0.296794,-14.2354,11.4038
0.724965,371.965,6.37607e-005,-2.97634,-0.417165,-14.0834,11.3023
0.724965,371.965,6.39316e-005,-2.99408,-0.535791,-13.8793,11.1597
0.724965,371.965,6.41026e-005,-3,-0.652235,-13.6239,10.9766
0.724965,371.965,6.42735e-005,-2.99408,-0.766067,-13.3184,10.7536
0.724965,371.965,6.44444e-005,-2.97634,-0.876869,-12.9638,10.4917
0.724965,371.965,6.46154e-005,-2.94686,-0.984234,-12.5617,10.1919
0.724965,371.965,6.47863e-005,-2.90575,-1.08777,-12.1134,9.85539
0.724965,371.965,6.49573e-005,-2.85317,-1.18709,-11.6208,9.4835
0.724965,371.965,6.51282e-005,-2.78933,-1.28184,-11.0857,9.07766
0.724965,371.965,6.52991e-005,-2.71448,-1.37167,-10.5103,8.63942
0.724965,371.965,6.54701e-005,-2.62892,-1.45626,-9.89667,8.17047
0.724965,371.965,6.5641e-005,-2.53298,-1.53529,-9.2472,7.67261
0.724965,371.965,6.5812e-005,-2.42705,-1.60849,-8.56436,7.14772
0.724965,371.965,6.59829e-005,-2.31154,-1.67559,-7.85077,6.59781
0.724965,371.965,6.61538e-005,-2.18691,-1.73636,-7.10912,6.02496
0.724965,371.965,6.63248e-005,-2.05364,-1.79056,-6.34224,5.43133
0.724965,371.965,6.64957e-005,-1.91227,-1.83803,-5.55304,4.81917
0.724965,371.965,6.66667e-005,-1.76336,-1.87858,-4.7445,4.19079
0.724965,371.965,6.68376e-005,-1.60748,-1.91208,-3.91969,3.54854
0.724965,371.965,6.70085e-005,-1.44526,-1.93842,-3.08172,2.89484
0.724965,371.965,6.71795e-005,-1.27734,-1.95751,-2.23375,2.23213
0.724965,371.965,6.73504e-005,-1.10437,-1.9693,-1.37899,1.56289
0.724965,371.965,6.75214e-005,-0.927051,-1.97375,-0.520649,0.88963
0.724965,371.965,6.76923e-005,-0.74607,-1.97086,0.338046,0.214845
0.724965,371.965,6.78632e-005,-0.562144,-1.96065,1.19387,-0.458952
0.724965,371.965,6.80342e-005,-0.376,-1.94319,2.04361,-1.12926
0.724965,371.965,6.82051e-005,-0.188372,-1.91854,2.88408,-1.7936
0.724965,371.965,6.83761e-005,7.71909e-015,-1.88681,3.71213,-2.44951
0.724965,371.965,6.8547e-005,0.188372,-1.84814,4.52469,-3.09457
0.724965,371.965,6.87179e-005,0.376,-1.80268,5.31871,-3.72641
0.724965,371.965,6.88889e-005,0.562144,-1.75061,6.09123,-4.34271
0.724965,371.965,6.90598e-005,0.74607,-1.69216,6.8394,-4.94121
0.724965,371.965,6.92308e-005,0.927051,-1.62754,7.56042,-5.51973
0.724965,371.965,6.94017e-005,1.10437,-1.55701,8.25164,-6.07615
0.724965,371.965,6.95726e-005,1.27734,-1.48085,8.9105,-6.60846
0.724965,371.965,6.97436e-005,1.44526,-1.39936,9.53458,-7.11474
0.724965,371.965,6.99145e-005,1.60748,-1.31285,10.1216,-7.59315
0.724965,371.965,7.00855e-005,1.76336,-1.22166,10.6694,-8.04199
0.724965,371.965,7.02564e-005,1.91227,-1.12614,11.1759,-8.45965
0.724965,371.965,7.04274e-005,2.05364,-1.02666,11.6394,-8.84466
0.724965,371.965,7.05983e-005,2.18691,-0.923597,12.0582,-9.19565
0.724965,371.965,7.07692e-005,2.31154,-0.817351,12.4308,-9.51141
0.724965,371.965,7.09402e-005,2.42705,-0.708327,12.7558,-9.79085
0.724965,371.965,7.11111e-005,2.53298,-0.596941,13.0322,-10.033
0.724965,371.965,7.12821e-005,2.62892,-0.483617,13.2589,-10.2371
0.724965,371.965,7.1453e-005,2.71448,-0.368787,13.4352,-10.4024
0.724965,371.965,7.16239e-005,2.78933,-0.252885,13.5606,-10.5285
0.724965,371.965,7.17949e-005,2.85317,-0.13635,13.6346,-10.615
0.724965,371.965,7.19658e-005,2.90575,-0.0196226,13.6571,-10.6616
0.724965,371.965,7.21368e-005,2.94686,0.0968566,13.6281,-10.6683
0.724965,371.965,7.23077e-005,2.97634,0.21265,13.5478,-10.6352
0.724965,371.965,7.24786e-005,2.99408,0.327322,13.4166,-10.5625
0.724965,371.965,7.26496e-005,3,0.440443,13.2352,-10.4506
0.724965,371.965,7.28205e-005,2.99408,0.55159,13.0042,-10.3
0.724965,371.965,7.29915e-005,2.97634,0.660348,12.7248,-10.1114
0.724965,371.965,7.31624e-005,2.94686,0.766314,12.3979,-9.88566
0.724965,371.965,7.33333e-005,2.90575,0.869092,12.0251,-9.62367
0.724965,371.965,7.35043e-005,2.85317,0.968304,11.6078,-9.32655
0.724965,371.965,7.36752e-005,2.78933,1.06358,11.1476,-8.9955
0.724965,371.965,7.38462e-005,2.71448,1.15458,10.6464,-8.63189
0.724965,371.965,7.40171e-005,2.62892,1.24096,10.1062,-8.23716
0.724965,371.965,7.4188e-005,2.53298,1.3224,9.52919,-7.8129
0.724965,371.965,7.4359e-005,2.42705,1.39862,8.91755,-7.3608
0.724965,371.965,7.45299e-005,2.31154,1.46934,8.27372,-6.88264
0.724965,371.965,7.47009e-005,2.18691,1.53429,7.60021,-6.3803
0.724965,371.965,7.48718e-005,2.05364,1.59327,6.89965,-5.85576
0.724965,371.965,7.50427e-005,1.91227,1.64604,6.17476,-5.31105
0.724965,371.965,7.52137e-005,1.76336,1.69244,5.42836,-4.7483
0.724965,371.965,7.53846e-005,1.60748,1.7323,4.66334,-4.16969
0.724965,371.965,7.55556e-005,1.44526,1.76548,3.88266,-3.57745
0.724965,371.965,7.57265e-005,1.27734,1.79188,3.08931,-2.97387
0.724965,371.965,7.58974e-005,1.10437,1.81143,2.28636,-2.36126
0.724965,371.965,7.60684e-005,0.927051,1.82405,1.47688,-1.74197
0.724965,371.965,7.62393e-005,0.74607,1.82972,0.663988,-1.11836
0.724965,371.965,7.64103e-005,0.562144,1.82845,-0.149219,-0.492815
0.724965,371.965,7.65812e-005,0.376,1.82025,-0.959634,0.132296
0.724965,371.965,7.67521e-005,0.188372,1.80517,-1.76417,0.754603
0.724965,371.965,7.69231e-005,3.30644e-015,1.78329,-2.55977,1.37175
0.724965,371.965,7.7094e-005,-0.188372,1.75471,-3.34342,1.98143
0.724965,371.965,7.7265e-005,-0.376,1.71957,-4.11214,2.58133
0.724965,371.965,7.74359e-005,-0.562144,1.678,-4.86304,3.16921
0.724965,371.965,7.76068e-005,-0.74607,1.6302,-5.59329,3.74289
0.724965,371.965,7.77778e-005,-0.927051,1.57635,-6.30014,4.30022
0.724965,371.965,7.79487e-005,-1.10437,1.51668,-6.98095,4.83915
0.724965,371.965,7.81197e-005,-1.27734,1.45144,-7.63317,5.35767
0.724965,371.965,7.82906e-005,-1.44526,1.38089,-8.25437,5.85389
0.724965,371.965,7.84615e-005,-1.60748,1.30532,-8.84226,6.32599
0.724965,371.965,7.86325e-005,-1.76336,1.22502,-9.39466,6.77225
0.724965,371.965,7.88034e-005,-1.91227,1.14032,-9.90955,7.19106
0.724965,371.965,7.89744e-005,-2.05364,1.05156,-10.385,7.58092
0.724965,371.965,7.91453e-005,-2.18691,0.95909,-10.8194,7.94043
0.724965,371.965,7.93162e-005,-2.31154,0.863269,-11.2111,8.26832
0.724965,371.965,7.94872e-005,-2.42705,0.764477,-11.5586,8.56345
0.724965,371.965,7.96581e-005,-2.53298,0.663102,-11.8609,8.82481
0.724965,371.965,7.98291e-005,-2.62892,0.559539,-12.1168,9.05152
0.724965,371.965,8e-005,-2.71448,0.454193,-12.3255,9.24281
0.724965,371.965,8.01709e-005,-2.78933,0.347472,-12.4863,9.39809
0.724965,371.965,8.03419e-005,-2.85317,0.23979,-12.5987,9.51688
0.724965,371.965,8.05128e-005,-2.90575,0.131565,-12.6624,9.59886
0.724965,371.965,8.06838e-005,-2.94686,0.0232116,-12.6773,9.64384
0.724965,371.965,8.08547e-005,-2.97634,-0.0848516,-12.6434,9.65178
0.724965,371.965,8.10256e-005,-2.99408,-0.192211,-12.561,9.62277
0.724965,371.965,8.11966e-005,-3,-0.298455,-12.4306,9.55706
0.724965,371.965,8.13675e-005,-2.99408,-0.403179,-12.2527,9.45502
0.724965,371.965,8.15385e-005,-2.97634,-0.505984,-12.0282,9.31718
0.724965,371.965,8.17094e-005,-2.94686,-0.60648,-11.7581,9.1442
0.724965,371.965,8.18803e-005,-2.90575,-0.704287,-11.4435,8.93685
0.724965,371.965,8.20513e-005,-2.85317,-0.799037,-11.0857,8.69607
0.724965,371.965,8.22222e-005,-2.78933,-0.890374,-10.6864,8.4229
0.724965,371.965,8.23932e-005,-2.71448,-0.977955,-10.247,8.1185
0.724965,371.965,8.25641e-005,-2.62892,-1.06145,-9.76946,7.78415
0.724965,371.965,8.2735e-005,-2.53298,-1.14056,-9.25568,7.42126
0.724965,371.965,8.2906e-005,-2.42705,-1.21499,-8.70775,7.03133
0.724965,371.965,8.30769e-005,-2.31154,-1.28446,-8.12788,6.61594
0.724965,371.965,8.32479e-005,-2.18691,-1.34872,-7.51839,6.17681
0.724965,371.965,8.34188e-005,-2.05364,-1.40754,-6.88174,5.71571
0.724965,371.965,8.35897e-005,-1.91227,-1.4607,-6.22045,5.23451
0.724965,371.965,8.37607e-005,-1.76336,-1.50803,-5.53716,4.73512
0.724965,371.965,8.39316e-005,-1.60748,-1.54935,-4.83457,4.21956
0.724965,371.965,8.41026e-005,-1.44526,-1.58452,-4.11547,3.68986
0.724965,371.965,8.42735e-005,-1.27734,-1.61344,-3.38268,3.14815
0.724965,371.965,8.44444e-005,-1.10437,-1.63599,-2.63908,2.59654
0.724965,371.965,8.46154e-005,-0.927051,-1.65213,-1.8876,2.03723
0.724965,371.965,8.47863e-005,-0.74607,-1.66179,-1.13118,1.4724
0.724965,371.965,8.49573e-005,-0.562144,-1.66498,-0.372753,0.904268
0.724965,371.965,8.51282e-005,-0.376,-1.66169,0.384712,0.335044
0.724965,371.965,8.52991e-005,-0.188372,-1.65196,1.13828,-0.233055
0.724965,371.965,8.54701e-005,-3.67382e-015,-1.63585,1.88502,-0.797829
0.724965,371.965,8.5641e-005,0.188372,-1.61344,2.62205,-1.35709
0.724965,371.965,8.5812e-005,0.376,-1.58484,3.34653,-1.9087
0.724965,371.965,8.59829e-005,0.562144,-1.55017,4.05568,-2.45052
0.724965,371.965,8.61538e-005,0.74607,-1.5096,4.74677,-2.9805
0.724965,371.965,8.63248e-005,0.927051,-1.4633,5.41715,-3.4966
0.724965,371.965,8.64957e-005,1.10437,-1.41147,6.06428,-3.99687
0.724965,371.965,8.66667e-005,1.27734,-1.35433,6.68568,-4.47943
0.724965,371.965,8.68376e-005,1.44526,-1.29211,7.27902,-4.94245
0.724965,371.965,8.70085e-005,1.60748,-1.22509,7.84204,-5.38419
0.724965,371.965,8.71795e-005,1.76336,-1.15353,8.37264,-5.80303
0.724965,371.965,8.73504e-005,1.91227,-1.07773,8.86883,-6.1974
0.724965,371.965,8.75214e-005,2.05364,-0.997993,9.32876,-6.56585
0.724965,371.965,8.76923e-005,2.18691,-0.914653,9.75075,-6.90704
0.724965,371.965,8.78632e-005,2.31154,-0.828044,10.1332,-7.21975
0.724965,371.965,8.80342e-005,2.42705,-0.738515,10.4748,-7.50284
0.724965,371.965,8.82051e-005,2.53298,-0.646427,10.7743,-7.75532
0.724965,371.965,8.83761e-005,2.62892,-0.552148,11.0307,-7.97632
0.724965,371.965,8.8547e-005,2.71448,-0.456054,11.243,-8.16509
0.724965,371.965,8.87179e-005,2.78933,-0.358529,11.4105,-8.32101
0.724965,371.965,8.88889e-005,2.85317,-0.259959,11.5327,-8.44358
0.724965,371.965,8.90598e-005,2.90575,-0.160734,11.6093,-8.53246
0.724965,371.965,8.92308e-005,2.94686,-0.0612464,11.6401,-8.58741
0.724965,371.965,8.94017e-005,2.97634,0.0381126,11.625,-8.60835
0.724965,371.965,8.95726e-005,2.99408,0.136953,11.5643,-8.59532
0.724965,371.965,8.97436e-005,3,0.234888,11.4584,-8.54849
0.724965,371.965,8.99145e-005,2.99408,0.331535,11.3077,-8.46819
0.724965,371.965,9.00855e-005,2.97634,0.426517,11.113,-8.35485
0.724965,371.965,9.02564e-005,2.94686,0.519468,10.8752,-8.20903
0.724965,371.965,9.04274e-005,2.90575,0.610026,10.5953,-8.03143
0.724965,371.965,9.05983e-005,2.85317,0.697843,10.2746,-7.82288
0.724965,371.965,9.07692e-005,2.78933,0.782581,9.91436,-7.5843
0.724965,371.965,9.09402e-005,2.71448,0.863916,9.5162,-7.31675
0.724965,371.965,9.11111e-005,2.62892,0.941538,9.08175,-7.02139
0.724965,371.965,9.12821e-005,2.53298,1.01515,8.61284,-6.6995
0.724965,371.965,9.1453e-005,2.42705,1.08448,8.1114,-6.35244
0.724965,371.965,9.16239e-005,2.31154,1.14926,7.5795,-5.98168
0.724965,371.965,9.17949e-005,2.18691,1.20926,7.01932,-5.58877
0.724965,371.965,9.19658e-005,2.05364,1.26424,6.43315,-5.17535
0.724965,371.965,9.21368e-005,1.91227,1.31401,5.82338,-4.74313
0.724965,371.965,9.23077e-005,1.76336,1.35839,5.19247,-4.29389
0.724965,371.965,9.24786e-005,1.60748,1.39722,4.54298,-3.82948
0.724965,371.965,9.26496e-005,1.44526,1.43036,3.87752,-3.3518
0.724965,371.965,9.28205e-005,1.27734,1.4577,3.19878,-2.86279
0.724965,371.965,9.29915e-005,1.10437,1.47915,2.50946,-2.36443
0.724965,371.965,9.31624e-005,0.927051,1.49464,1.81233,-1.85873
0.724965,371.965,9.33333e-005,0.74607,1.50413,1.11016,-1.34775
0.724965,371.965,9.35043e-005,0.562144,1.5076,0.40576,-0.833514
0.724965,371.965,9.36752e-005,0.376,1.50505,-0.298084,-0.318096
0.724965,371.965,9.38462e-005,0.188372,1.49652,-0.998583,0.196451
0.724965,371.965,9.40171e-005,1.46993e-014,1.48205,-1.69297,0.708081
0.724965,371.965,9.4188e-005,-0.188372,1.46172,-2.3785,1.21476
0.724965,371.965,9.4359e-005,-0.376,1.43563,-3.05248,1.71449
0.724965,371.965,9.45299e-005,-0.562144,1.4039,-3.71227,2.20531
0.724965,371.965,9.47009e-005,-0.74607,1.36667,-4.35528,2.68527
0.724965,371.965,9.48718e-005,-0.927051,1.32412,-4.979,3.15251
0.724965,371.965,9.50427e-005,-1.10437,1.27642,-5.581,3.6052
0.724965,371.965,9.52137e-005,-1.27734,1.22378,-6.15896,4.04158
0.724965,371.965,9.53846e-005,-1.44526,1.16642,-6.71062,4.45997
0.724965,371.965,9.55556e-005,-1.60748,1.10459,-7.23387,4.85875
0.724965,371.965,9.57265e-005,-1.76336,1.03855,-7.72669,5.23638
0.724965,371.965,9.58974e-005,-1.91227,0.968577,-8.18721,5.59144
0.724965,371.965,9.60684e-005,-2.05364,0.894956,-8.61366,5.92258
0.724965,371.965,9.62393e-005,-2.18691,0.817995,-9.00444,6.22855
0.724965,371.965,9.64103e-005,-2.31154,0.738011,-9.35808,6.50821
0.724965,371.965,9.65812e-005,-2.42705,0.655333,-9.67327,6.76052
0.724965,371.965,9.67521e-005,-2.53298,0.570301,-9.94883,6.98456
0.724965,371.965,9.69231e-005,-2.62892,0.48326,-10.1838,7.17954
0.724965,371.965,9.7094e-005,-2.71448,0.394565,-10.3773,7.34475
0.724965,371.965,9.7265e-005,-2.78933,0.304577,-10.5286,7.47965
0.724965,371.965,9.74359e-005,-2.85317,0.213659,-10.6374,7.58378
0.724965,371.965,9.76068e-005,-2.90575,0.122178,-10.7032,7.65682
0.724965,371.965,9.77778e-005,-2.94686,0.0305045,-10.7259,7.69859
0.724965,371.965,9.79487e-005,-2.97634,-0.060995,-10.7054,7.70902
0.724965,371.965,9.81197e-005,-2.99408,-0.151953,-10.6421,7.68817
0.724965,371.965,9.82906e-005,-3,-0.242006,-10.5362,7.63622
0.724965,371.965,9.84615e-005,-2.99408,-0.330795,-10.3883,7.55348
0.724965,371.965,9.86325e-005,-2.97634,-0.417966,-10.199,7.44039
0.724965,371.965,9.88034e-005,-2.94686,-0.503174,-9.96929,7.2975
0.724965,371.965,9.89744e-005,-2.90575,-0.586081,-9.70007,7.12547
0.724965,371.965,9.91453e-005,-2.85317,-0.666359,-9.39256,6.9251
0.724965,371.965,9.93162e-005,-2.78933,-0.743693,-9.04807,6.69729
0.724965,371.965,9.94872e-005,-2.71448,-0.817779,-8.66807,6.44303
0.724965,371.965,9.96581e-005,-2.62892,-0.888327,-8.25417,6.16345
0.724965,371.965,9.98291e-005,-2.53298,-0.955063,-7.80811,5.85975
0.724965,371.965,0.0001,-2.42705,-1.01773,-7.33174,5.53323
0.724965,371.965,0.000100171,-2.31154,-1.07608,-6.82704,5.18529
0.724965,371.965,0.000100342,-2.18691,-1.12989,-6.29612,4.8174
0.724965,371.965,0.000100513,-2.05364,-1.17896,-5.74115,4.43111
0.724965,371.965,0.000100684,-1.91227,-1.2231,-5.16442,4.02805
0.724965,371.965,0.000100855,-1.76336,-1.26215,-4.5683,3.60989
0.724965,371.965,0.000101026,-1.60748,-1.29595,-3.95523,3.17839
0.724965,371.965,0.000101197,-1.44526,-1.32439,-3.3277,2.73533
0.724965,371.965,0.000101368,-1.27734,-1.34737,-2.68827,2.28255
0.724965,371.965,0.000101538,-1.10437,-1.3648,-2.03955,1.82191
0.724965,371.965,0.000101709,-0.927051,-1.37663,-1.38415,1.35531
0.724965,371.965,0.00010188,-0.74607,-1.38283,-0.724743,0.884663
0.724965,371.965,0.000102051,-0.562144,-1.38337,-0.0639791,0.411901
0.724965,371.965,0.000102222,-0.376,-1.37828,0.595474,-0.0610474
0.724965,371.965,0.000102393,-0.188372,-1.36759,1.25096,-0.532256
0.724965,371.965,0.000102564,-4.40858e-015,-1.35135,1.89985,-0.999809
0.724965,371.965,0.000940342,0.188372,-1.36458,4.27784,-3.16735
0.724965,371.965,0.000940513,0.376,-1.32263,4.90793,-3.63387
0.724965,371.965,0.000940684,0.562144,-1.27546,5.51864,-4.08605
0.724965,371.965,0.000940855,0.74607,-1.22326,6.10758,-4.52211
0.724965,371.965,0.000941026,0.927051,-1.16623,6.67242,-4.94032
0.724965,371.965,0.000941197,1.10437,-1.1046,7.21092,-5.33903
0.724965,371.965,0.000941368,1.27734,-1.03861,7.72097,-5.71667
0.724965,371.965,0.000941538,1.44526,-0.968519,8.20054,-6.07175
0.724965,371.965,0.000941709,1.60748,-0.894607,8.64775,-6.40287
0.724965,371.965,0.00094188,1.76336,-0.817164,9.06083,-6.70871
0.724965,371.965,0.000942051,1.91227,-0.736496,9.43815,-6.98809
0.724965,371.965,0.000942222,2.05364,-0.652921,9.77822,-7.23988
0.724965,371.965,0.000942393,2.18691,-0.56677,10.0797,-7.4631
0.724965,371.965,0.000942564,2.31154,-0.478382,10.3414,-7.65687
0.724965,371.965,0.000942735,2.42705,-0.388106,10.5623,-7.82042
0.724965,371.965,0.000942906,2.53298,-0.296298,10.7415,-7.9531
0.724965,371.965,0.000943077,2.62892,-0.203321,10.8783,-8.0544
0.724965,371.965,0.000943248,2.71448,-0.109541,10.9722,-8.12391
0.724965,371.965,0.000943419,2.78933,-0.0153294,11.0228,-8.16136
0.724965,371.965,0.00094359,2.85317,0.0789429,11.0299,-8.1666
0.724965,371.965,0.000943761,2.90575,0.172904,10.9934,-8.13962
0.724965,371.965,0.000943932,2.94686,0.266182,10.9136,-8.0805
0.724965,371.965,0.000944103,2.97634,0.35841,10.7907,-7.9895
0.724965,371.965,0.000944274,2.99408,0.449223,10.6252,-7.86697
0.724965,371.965,0.000944444,3,0.538264,10.4177,-7.71339
0.724965,371.965,0.000944615,2.99408,0.62518,10.1692,-7.52936
0.724965,371.965,0.000944786,2.97634,0.709629,9.88053,-7.31563
0.724965,371.965,0.000944957,2.94686,0.791278,9.55286,-7.07302
0.724965,371.965,0.000945128,2.90575,0.869803,9.18749,-6.8025
0.724965,371.965,0.000945299,2.85317,0.944896,8.78586,-6.50513
0.724965,371.965,0.00094547,2.78933,1.01626,8.34956,-6.18209
0.724965,371.965,0.000945641,2.71448,1.08361,7.88031,-5.83465
0.724965,371.965,0.000945812,2.62892,1.14669,7.37996,-5.46418
0.724965,371.965,0.000945983,2.53298,1.20524,6.85048,-5.07215
0.724965,371.965,0.000946154,2.42705,1.25903,6.29396,-4.6601
0.724965,371.965,0.000946325,2.31154,1.30786,5.71261,-4.22966
0.724965,371.965,0.000946496,2.18691,1.35152,5.10871,-3.78253
0.724965,371.965,0.000946667,2.05364,1.38986,4.48465,-3.32047
0.724965,371.965,0.000946838,1.91227,1.4227,3.84289,-2.84531
0.724965,371.965,0.000947009,1.76336,1.44993,3.18596,-2.35892
0.724965,371.965,0.000947179,1.60748,1.47144,2.51646,-1.86321
0.724965,371.965,0.00094735,1.44526,1.48714,1.83703,-1.36016
0.724965,371.965,0.000947521,1.27734,1.49697,1.15035,-0.851732
0.724965,371.965,0.000947692,1.10437,1.5009,0.459134,-0.339947
0.724965,371.965,0.000947863,0.927051,1.4989,-0.233899,0.17318
0.724965,371.965,0.000948034,0.74607,1.49098,-0.926008,0.685624
0.724965,371.965,0.000948205,0.562144,1.47718,-1.61446,1.19536
0.724965,371.965,0.000948376,0.376,1.45756,-2.29655,1.70038
0.724965,371.965,0.000948547,0.188372,1.43217,-2.96957,2.19869
0.724965,371.965,0.000948718,8.80497e-015,1.40114,-3.63087,2.68832
0.724965,371.965,0.000948889,-0.188372,1.36458,-4.27784,3.16735
0.724965,371.965,0.00094906,-0.376,1.32263,-4.90792,3.63387
0.724965,371.965,0.000949231,-0.562144,1.27546,-5.51864,4.08605
0.724965,371.965,0.000949402,-0.74607,1.22326,-6.10758,4.52211
0.724965,371.965,0.000949573,-0.927051,1.16623,-6.67242,4.94031
0.724965,371.965,0.000949744,-1.10437,1.1046,-7.21092,5.33903
0.724965,371.965,0.000949915,-1.27734,1.03861,-7.72096,5.71667
0.724965,371.965,0.000950085,-1.44526,0.968519,-8.20054,6.07175
0.724965,371.965,0.000950256,-1.60748,0.894607,-8.64775,6.40287
0.724965,371.965,0.000950427,-1.76336,0.817164,-9.06083,6.70871
0.724965,371.965,0.000950598,-1.91227,0.736496,-9.43815,6.98809
0.724965,371.965,0.000950769,-2.05364,0.652921,-9.77822,7.23988
0.724965,371.965,0.00095094,-2.18691,0.56677,-10.0797,7.4631
0.724965,371.965,0.000951111,-2.31154,0.478382,-10.3414,7.65687
0.724965,371.965,0.000951282,-2.42705,0.388106,-10.5623,7.82042
0.724965,371.965,0.000951453,-2.53298,0.296298,-10.7415,7.9531
0.724965,371.965,0.000951624,-2.62892,0.203321,-10.8783,8.0544
0.724965,371.965,0.000951795,-2.71448,0.109541,-10.9722,8.12391
0.724965,371.965,0.000951966,-2.78933,0.0153294,-11.0228,8.16136
0.724965,371.965,0.000952137,-2.85317,-0.0789429,-11.0299,8.1666
0.724965,371.965,0.000952308,-2.90575,-0.172904,-10.9934,8.13961
0.724965,371.965,0.000952479,-2.94686,-0.266182,-10.9136,8.0805
0.724965,371.965,0.00095265,-2.97634,-0.35841,-10.7907,7.9895
0.724965,371.965,0.000952821,-2.99408,-0.449223,-10.6252,7.86697
0.724965,371.965,0.000952991,-3,-0.538264,-10.4177,7.71339
0.724965,371.965,0.000953162,-2.99408,-0.62518,-10.1692,7.52936
0.724965,371.965,0.000953333,-2.97634,-0.709629,-9.88053,7.31563
0.724965,371.965,0.000953504,-2.94686,-0.791277,-9.55286,7.07302
0.724965,371.965,0.000953675,-2.90575,-0.869803,-9.18749,6.8025
0.724965,371.965,0.000953846,-2.85317,-0.944896,-8.78586,6.50513
0.724965,371.965,0.000954017,-2.78933,-1.01626,-8.34956,6.18209
0.724965,371.965,0.000954188,-2.71448,-1.08361,-7.88031,5.83465
0.724965,371.965,0.000954359,-2.62892,-1.14669,-7.37995,5.46418
0.724965,371.965,0.00095453,-2.53298,-1.20524,-6.85048,5.07215
0.724965,371.965,0.000954701,-2.42705,-1.25903,-6.29396,4.6601
0.724965,371.965,0.000954872,-2.31154,-1.30786,-5.71261,4.22966
0.724965,371.965,0.000955043,-2.18691,-1.35152,-5.10871,3.78253
0.724965,371.965,0.000955214,-2.05364,-1.38986,-4.48465,3.32047
0.724965,371.965,0.000955385,-1.91227,-1.4227,-3.84289,2.84531
0.724965,371.965,0.000955556,-1.76336,-1.44993,-3.18596,2.35891
0.724965,371.965,0.000955726,-1.60748,-1.47144,-2.51646,1.86321
0.724965,371.965,0.000955897,-1.44526,-1.48714,-1.83703,1.36016
0.724965,371.965,0.000956068,-1.27734,-1.49697,-1.15035,0.851732
0.724965,371.965,0.000956239,-1.10437,-1.5009,-0.459133,0.339946
0.724965,371.965,0.00095641,-0.927051,-1.4989,0.233899,-0.173181
0.724965,371.965,0.000956581,-0.74607,-1.49098,0.926008,-0.685624
0.724965,371.965,0.000956752,-0.562144,-1.47718,1.61446,-1.19536
0.724965,371.965,0.000956923,-0.376,-1.45756,2.29655,-1.70038
0.724965,371.965,0.000957094,-0.188372,-1.43217,2.96957,-2.19869
0.724965,371.965,0.000957265,-4.11468e-014,-1.40114,3.63087,-2.68832
0.724965,371.965,0.000957436,0.188372,-1.36458,4.27784,-3.16735
0.724965,371.965,0.000957607,0.376,-1.32263,4.90792,-3.63387
0.724965,371.965,0.000957778,0.562144,-1.27546,5.51864,-4.08605
0.724965,371.965,0.000957949,0.74607,-1.22326,6.10758,-4.52211
0.724965,371.965,0.00095812,0.927051,-1.16623,6.67242,-4.94031
0.724965,371.965,0.000958291,1.10437,-1.1046,7.21092,-5.33903
0.724965,371.965,0.000958462,1.27734,-1.03861,7.72096,-5.71667
0.724965,371.965,0.000958632,1.44526,-0.968519,8.20054,-6.07175
0.724965,371.965,0.000958803,1.60748,-0.894607,8.64775,-6.40287
0.724965,371.965,0.000958974,1.76336,-0.817164,9.06083,-6.70871
0.724965,371.965,0.000959145,1.91227,-0.736496,9.43815,-6.98809
0.724965,371.965,0.000959316,2.05364,-0.652921,9.77822,-7.23988
0.724965,371.965,0.000959487,2.18691,-0.56677,10.0797,-7.4631
0.724965,371.965,0.000959658,2.31154,-0.478382,10.3414,-7.65687
0.724965,371.965,0.000959829,2.42705,-0.388106,10.5623,-7.82042
0.724965,371.965,0.00096,2.53298,-0.296298,10.7415,-7.9531
0.724965,371.965,0.000960171,2.62892,-0.203321,10.8783,-8.0544
0.724965,371.965,0.000960342,2.71448,-0.109541,10.9722,-8.12391
0.724965,371.965,0.000960513,2.78933,-0.0153294,11.0228,-8.16136
0.724965,371.965,0.000960684,2.85317,0.078943,11.0299,-8.1666
0.724965,371.965,0.000960855,2.90575,0.172904,10.9934,-8.13961
0.724965,371.965,0.000961026,2.94686,0.266182,10.9136,-8.0805
0.724965,371.965,0.000961197,2.97634,0.35841,10.7907,-7.9895
0.724965,371.965,0.000961368,2.99408,0.449223,10.6252,-7.86697
0.724965,371.965,0.000961538,3,0.538264,10.4177,-7.71339
0.724965,371.965,0.000961709,2.99408,0.62518,10.1692,-7.52936
0.724965,371.965,0.00096188,2.97634,0.709629,9.88053,-7.31563
0.724965,371.965,0.000962051,2.94686,0.791278,9.55286,-7.07302
0.724965,371.965,0.000962222,2.90575,0.869803,9.18749,-6.8025
0.724965,371.965,0.000962393,2.85317,0.944896,8.78586,-6.50513
0.724965,371.965,0.000962564,2.78933,1.01626,8.34956,-6.18209
0.724965,371.965,0.000962735,2.71448,1.08361,7.88031,-5.83465
0.724965,371.965,0.000962906,2.62892,1.14669,7.37995,-5.46418
0.724965,371.965,0.000963077,2.53298,1.20524,6.85048,-5.07215
0.724965,371.965,0.000963248,2.42705,1.25903,6.29396,-4.6601
0.724965,371.965,0.000963419,2.31154,1.30786,5.71261,-4.22966
0.724965,371.965,0.00096359,2.18691,1.35152,5.10871,-3.78253
0.724965,371.965,0.000963761,2.05364,1.38986,4.48465,-3.32047
0.724965,371.965,0.000963932,1.91227,1.4227,3.84289,-2.84531
0.724965,371.965,0.000964103,1.76336,1.44993,3.18596,-2.35891
0.724965,371.965,0.000964274,1.60748,1.47144,2.51646,-1.86321
0.724965,371.965,0.000964444,1.44526,1.48714,1.83703,-1.36016
0.724965,371.965,0.000964615,1.27734,1.49697,1.15035,-0.851731
0.724965,371.965,0.000964786,1.10437,1.5009,0.459133,-0.339946
0.724965,371.965,0.000964957,0.927051,1.4989,-0.233899,0.173181
0.724965,371.965,0.000965128,0.74607,1.49098,-0.926009,0.685625
0.724965,371.965,0.000965299,0.562144,1.47718,-1.61446,1.19536
0.724965,371.965,0.00096547,0.376,1.45756,-2.29655,1.70038
0.724965,371.965,0.000965641,0.188372,1.43217,-2.96957,2.19869
0.724965,371.965,0.000965812,7.34886e-014,1.40114,-3.63087,2.68832
0.724965,371.965,0.000965983,-0.188372,1.36458,-4.27784,3.16735
0.724965,371.965,0.000966154,-0.376,1.32263,-4.90792,3.63387
0.724965,371.965,0.000966325,-0.562144,1.27546,-5.51864,4.08605
0.724965,371.965,0.000966496,-0.74607,1.22326,-6.10758,4.52211
0.724965,371.965,0.000966667,-0.927051,1.16623,-6.67242,4.94032
0.724965,371.965,0.000966838,-1.10437,1.1046,-7.21092,5.33903
0.724965,371.965,0.000967009,-1.27734,1.03861,-7.72096,5.71667
0.724965,371.965,0.000967179,-1.44526,0.968519,-8.20054,6.07175
0.724965,371.965,0.00096735,-1.60748,0.894606,-8.64775,6.40287
0.724965,371.965,0.000967521,-1.76336,0.817163,-9.06083,6.70871
0.724965,371.965,0.000967692,-1.91227,0.736496,-9.43815,6.98809
0.724965,371.965,0.000967863,-2.05364,0.652921,-9.77822,7.23988
0.724965,371.965,0.000968034,-2.18691,0.56677,-10.0797,7.4631
0.724965,371.965,0.000968205,-2.31154,0.478382,-10.3414,7.65687
0.724965,371.965,0.000968376,-2.42705,0.388105,-10.5623,7.82042
0.724965,371.965,0.000968547,-2.53298,0.296298,-10.7415,7.9531
0.724965,371.965,0.000968718,-2.62892,0.203321,-10.8783,8.0544
0.724965,371.965,0.000968889,-2.71448,0.109541,-10.9722,8.12391
0.724965,371.965,0.00096906,-2.78933,0.0153293,-11.0228,8.16136
0.724965,371.965,0.000969231,-2.85317,-0.078943,-11.0299,8.1666
0.724965,371.965,0.000969402,-2.90575,-0.172904,-10.9934,8.13961
0.724965,371.965,0.000969573,-2.94686,-0.266182,-10.9136,8.0805
0.724965,371.965,0.000969744,-2.97634,-0.35841,-10.7907,7.9895
0.724965,371.965,0.000969915,-2.99408,-0.449223,-10.6252,7.86697
0.724965,371.965,0.000970085,-3,-0.538264,-10.4177,7.71338
0.724965,371.965,0.000970256,-2.99408,-0.62518,-10.1692,7.52936
0.724965,371.965,0.000970427,-2.97634,-0.709629,-9.88053,7.31563
0.724965,371.965,0.000970598,-2.94686,-0.791278,-9.55286,7.07302
0.724965,371.965,0.000970769,-2.90575,-0.869803,-9.18749,6.8025
0.724965,371.965,0.00097094,-2.85317,-0.944896,-8.78586,6.50513
0.724965,371.965,0.000971111,-2.78933,-1.01626,-8.34956,6.18209
0.724965,371.965,0.000971282,-2.71448,-1.08361,-7.88031,5.83465
0.724965,371.965,0.000971453,-2.62892,-1.14669,-7.37995,5.46418
0.724965,371.965,0.000971624,-2.53298,-1.20524,-6.85047,5.07215
0.724965,371.965,0.000971795,-2.42705,-1.25903,-6.29396,4.6601
0.724965,371.965,0.000971966,-2.31154,-1.30786,-5.71261,4.22966
0.724965,371.965,0.000972137,-2.18691,-1.35152,-5.10871,3.78253
0.724965,371.965,0.000972308,-2.05364,-1.38986,-4.48465,3.32047
0.724965,371.965,0.000972479,-1.91227,-1.4227,-3.84289,2.84531
0.724965,371.965,0.00097265,-1.76336,-1.44993,-3.18596,2.35891
0.724965,371.965,0.000972821,-1.60748,-1.47144,-2.51646,1.86321
0.724965,371.965,0.000972991,-1.44526,-1.48714,-1.83703,1.36015
0.724965,371.965,0.000973162,-1.27734,-1.49697,-1.15035,0.851731
0.724965,371.965,0.000973333,-1.10437,-1.5009,-0.459132,0.339945
0.724965,371.965,0.000973504,-0.927051,-1.4989,0.2339,-0.173181
0.724965,371.965,0.000973675,-0.74607,-1.49098,0.926009,-0.685625
0.724965,371.965,0.000973846,-0.562144,-1.47718,1.61446,-1.19536
0.724965,371.965,0.000974017,-0.376,-1.45756,2.29655,-1.70038
0.724965,371.965,0.000974188,-0.188372,-1.43217,2.96957,-2.19869
0.724965,371.965,0.000974359,6.46999e-014,-1.40114,3.63087,-2.68832
0.724965,371.965,0.00097453,0.188372,-1.36458,4.27784,-3.16735
0.724965,371.965,0.000974701,0.376,-1.32263,4.90793,-3.63387
0.724965,371.965,0.000974872,0.562144,-1.27546,5.51864,-4.08605
0.724965,371.965,0.000975043,0.74607,-1.22326,6.10758,-4.52211
0.724965,371.965,0.000975214,0.927051,-1.16623,6.67242,-4.94032
0.724965,371.965,0.000975385,1.10437,-1.1046,7.21092,-5.33903
0.724965,371.965,0.000975556,1.27734,-1.03861,7.72096,-5.71667
0.724965,371.965,0.000975726,1.44526,-0.968519,8.20054,-6.07175
0.724965,371.965,0.000975897,1.60748,-0.894606,8.64775,-6.40287
0.724965,371.965,0.000976068,1.76336,-0.817163,9.06083,-6.70871
0.724965,371.965,0.000976239,1.91227,-0.736495,9.43815,-6.98809
0.724965,371.965,0.00097641,2.05364,-0.652921,9.77822,-7.23988
0.724965,371.965,0.000976581,2.18691,-0.56677,10.0797,-7.4631
0.724965,371.965,0.000976752,2.31154,-0.478381,10.3414,-7.65687
0.724965,371.965,0.000976923,2.42705,-0.388105,10.5623,-7.82042
0.724965,371.965,0.000977094,2.53298,-0.296298,10.7415,-7.9531
0.724965,371.965,0.000977265,2.62892,-0.203321,10.8783,-8.0544
0.724965,371.965,0.000977436,2.71448,-0.109541,10.9722,-8.12391
0.724965,371.965,0.000977607,2.78933,-0.0153292,11.0228,-8.16136
0.724965,371.965,0.000977778,2.85317,0.0789431,11.0299,-8.1666
0.724965,371.965,0.000977949,2.90575,0.172904,10.9934,-8.13961
0.724965,371.965,0.00097812,2.94686,0.266182,10.9136,-8.0805
0.724965,371.965,0.000978291,2.97634,0.35841,10.7907,-7.9895
0.724965,371.965,0.000978462,2.99408,0.449224,10.6252,-7.86697
0.724965,371.965,0.000978632,3,0.538264,10.4177,-7.71338
0.724965,371.965,0.000978803,2.99408,0.62518,10.1692,-7.52936
0.724965,371.965,0.000978974,2.97634,0.709629,9.88053,-7.31563
0.724965,371.965,0.000979145,2.94686,0.791278,9.55286,-7.07302
0.724965,371.965,0.000979316,2.90575,0.869803,9.18749,-6.8025
0.724965,371.965,0.000979487,2.85317,0.944896,8.78586,-6.50513
0.724965,371.965,0.000979658,2.78933,1.01626,8.34956,-6.18209
0.724965,371.965,0.000979829,2.71448,1.08361,7.88031,-5.83465
0.724965,371.965,0.00098,2.62892,1.14669,7.37995,-5.46418
0.724965,371.965,0.000980171,2.53298,1.20524,6.85047,-5.07215
0.724965,371.965,0.000980342,2.42705,1.25903,6.29396,-4.6601
0.724965,371.965,0.000980513,2.31154,1.30786,5.71261,-4.22966
0.724965,371.965,0.000980684,2.18691,1.35152,5.10871,-3.78253
0.724965,371.965,0.000980855,2.05364,1.38986,4.48465,-3.32047
0.724965,371.965,0.000981026,1.91227,1.4227,3.84289,-2.84531
0.724965,371.965,0.000981197,1.76336,1.44993,3.18596,-2.35891
0.724965,371.965,0.000981368,1.60748,1.47144,2.51646,-1.86321
0.724965,371.965,0.000981538,1.44526,1.48714,1.83703,-1.36015
0.724965,371.965,0.000981709,1.27734,1.49697,1.15035,-0.85173
0.724965,371.965,0.00098188,1.10437,1.5009,0.459132,-0.339945
0.724965,371.965,0.000982051,0.927051,1.4989,-0.2339,0.173182
0.724965,371.965,0.000982222,0.74607,1.49098,-0.926009,0.685625
0.724965,371.965,0.000982393,0.562144,1.47718,-1.61446,1.19536
0.724965,371.965,0.000982564,0.376,1.45756,-2.29655,1.70038
0.724965,371.965,0.000982735,0.188372,1.43217,-2.96957,2.19869
0.724965,371.965,0.000982906,-3.23581e-014,1.40114,-3.63087,2.68832
0.724965,371.965,0.000983077,-0.188372,1.36458,-4.27784,3.16735
0.724965,371.965,0.000983248,-0.376,1.32263,-4.90793,3.63387
0.724965,371.965,0.000983419,-0.562144,1.27546,-5.51864,4.08605
0.724965,371.965,0.00098359,-0.74607,1.22326,-6.10758,4.52211
0.724965,371.965,0.000983761,-0.927051,1.16623,-6.67242,4.94032
0.724965,371.965,0.000983932,-1.10437,1.1046,-7.21092,5.33903
0.724965,371.965,0.000984103,-1.27734,1.03861,-7.72097,5.71667
0.724965,371.965,0.000984274,-1.44526,0.968519,-8.20054,6.07175
0.724965,371.965,0.000984444,-1.60748,0.894606,-8.64775,6.40287
0.724965,371.965,0.000984615,-1.76336,0.817163,-9.06083,6.70871
0.724965,371.965,0.000984786,-1.91227,0.736495,-9.43815,6.98809
0.724965,371.965,0.000984957,-2.05364,0.652921,-9.77822,7.23988
0.724965,371.965,0.000985128,-2.18691,0.56677,-10.0797,7.4631
0.724965,371.965,0.000985299,-2.31154,0.478381,-10.3414,7.65687
0.724965,371.965,0.00098547,-2.42705,0.388105,-10.5623,7.82042
0.724965,371.965,0.000985641,-2.53298,0.296298,-10.7415,7.9531
0.724965,371.965,0.000985812,-2.62892,0.20332,-10.8783,8.0544
0.724965,371.965,0.000985983,-2.71448,0.109541,-10.9722,8.12391
0.724965,371.965,0.000986154,-2.78933,0.0153292,-11.0228,8.16136
0.724965,371.965,0.000986325,-2.85317,-0.0789432,-11.0299,8.1666
0.724965,371.965,0.000986496,-2.90575,-0.172904,-10.9934,8.13961
0.724965,371.965,0.000986667,-2.94686,-0.266182,-10.9136,8.0805
0.724965,371.965,0.000986838,-2.97634,-0.35841,-10.7907,7.9895
0.724965,371.965,0.000987009,-2.99408,-0.449224,-10.6252,7.86697
0.724965,371.965,0.000987179,-3,-0.538264,-10.4177,7.71338
0.724965,371.965,0.00098735,-2.99408,-0.62518,-10.1692,7.52936
0.724965,371.965,0.000987521,-2.97634,-0.709629,-9.88053,7.31563
0.724965,371.965,0.000987692,-2.94686,-0.791278,-9.55286,7.07302
0.724965,371.965,0.000987863,-2.90575,-0.869803,-9.18749,6.8025
0.724965,371.965,0.000988034,-2.85317,-0.944896,-8.78586,6.50513
0.724965,371.965,0.000988205,-2.78933,-1.01626,-8.34956,6.18209
0.724965,371.965,0.000988376,-2.71448,-1.08361,-7.88031,5.83465
0.724965,371.965,0.000988547,-2.62892,-1.14669,-7.37995,5.46418
0.724965,371.965,0.000988718,-2.53298,-1.20524,-6.85047,5.07215
0.724965,371.965,0.000988889,-2.42705,-1.25903,-6.29396,4.6601
0.724965,371.965,0.00098906,-2.31154,-1.30786,-5.71261,4.22966
0.724965,371.965,0.000989231,-2.18691,-1.35152,-5.10871,3.78253
0.724965,371.965,0.000989402,-2.05364,-1.38986,-4.48465,3.32047
0.724965,371.965,0.000989573,-1.91227,-1.4227,-3.84289,2.84531
0.724965,371.965,0.000989744,-1.76336,-1.44993,-3.18596,2.35891
0.724965,371.965,0.000989915,-1.60748,-1.47144,-2.51646,1.86321
0.724965,371.965,0.000990085,-1.44526,-1.48714,-1.83703,1.36015
0.724965,371.965,0.000990256,-1.27734,-1.49697,-1.15035,0.85173
0.724965,371.965,0.000990427,-1.10437,-1.5009,-0.459132,0.339945
0.724965,371.965,0.000990598,-0.927051,-1.4989,0.233901,-0.173182
0.724965,371.965,0.000990769,-0.74607,-1.49098,0.92601,-0.685626
0.724965,371.965,0.00099094,-0.562144,-1.47718,1.61446,-1.19536
0.724965,371.965,0.000991111,-0.376,-1.45756,2.29655,-1.70038
0.724965,371.965,0.000991282,-0.188372,-1.43217,2.96957,-2.19869
0.724965,371.965,0.000991453,-1.70514e-013,-1.40114,3.63087,-2.68833
0.724965,371.965,0.000991624,0.188372,-1.36458,4.27784,-3.16735
0.724965,371.965,0.000991795,0.376,-1.32263,4.90793,-3.63387
0.724965,371.965,0.000991966,0.562144,-1.27546,5.51864,-4.08605
0.724965,371.965,0.000992137,0.74607,-1.22326,6.10758,-4.52211
0.724965,371.965,0.000992308,0.927051,-1.16623,6.67242,-4.94032
0.724965,371.965,0.000992479,1.10437,-1.1046,7.21092,-5.33903
0.724965,371.965,0.00099265,1.27734,-1.03861,7.72097,-5.71667
0.724965,371.965,0.000992821,1.44526,-0.968519,8.20054,-6.07175
0.724965,371.965,0.000992991,1.60748,-0.894606,8.64775,-6.40287
0.724965,371.965,0.000993162,1.76336,-0.817163,9.06083,-6.70871
0.724965,371.965,0.000993333,1.91227,-0.736495,9.43815,-6.98809
0.724965,371.965,0.000993504,2.05364,-0.652921,9.77822,-7.23988
0.724965,371.965,0.000993675,2.18691,-0.566769,10.0797,-7.4631
0.724965,371.965,0.000993846,2.31154,-0.478381,10.3414,-7.65687
0.724965,371.965,0.000994017,2.42705,-0.388105,10.5623,-7.82042
0.724965,371.965,0.000994188,2.53298,-0.296298,10.7415,-7.9531
0.724965,371.965,0.000994359,2.62892,-0.20332,10.8783,-8.0544
0.724965,371.965,0.00099453,2.71448,-0.109541,10.9722,-8.12391
0.724965,371.965,0.000994701,2.78933,-0.0153291,11.0228,-8.16136
0.724965,371.965,0.000994872,2.85317,0.0789432,11.0299,-8.1666
0.724965,371.965,0.000995043,2.90575,0.172904,10.9934,-8.13961
0.724965,371.965,0.000995214,2.94686,0.266182,10.9136,-8.0805
0.724965,371.965,0.000995385,2.97634,0.35841,10.7907,-7.9895
0.724965,371.965,0.000995556,2.99408,0.449224,10.6252,-7.86697
0.724965,371.965,0.000995726,3,0.538264,10.4177,-7.71338
0.724965,371.965,0.000995897,2.99408,0.62518,10.1692,-7.52936
0.724965,371.965,0.000996068,2.97634,0.709629,9.88053,-7.31563
0.724965,371.965,0.000996239,2.94686,0.791278,9.55286,-7.07302
0.724965,371.965,0.00099641,2.90575,0.869803,9.18749,-6.8025
0.724965,371.965,0.000996581,2.85317,0.944896,8.78586,-6.50513
0.724965,371.965,0.000996752,2.78933,1.01626,8.34956,-6.18209
0.724965,371.965,0.000996923,2.71448,1.08361,7.88031,-5.83465
0.724965,371.965,0.000997094,2.62892,1.14669,7.37995,-5.46418
0.724965,371.965,0.000997265,2.53298,1.20524,6.85047,-5.07215
0.724965,371.965,0.000997436,2.42705,1.25904,6.29396,-4.6601
0.724965,371.965,0.000997607,2.31154,1.30786,5.71261,-4.22966
0.724965,371.965,0.000997778,2.18691,1.35152,5.10871,-3.78253
0.724965,371.965,0.000997949,2.05364,1.38986,4.48465,-3.32047
0.724965,371.965,0.00099812,1.91227,1.4227,3.84289,-2.84531
0.724965,371.965,0.000998291,1.76336,1.44993,3.18596,-2.35891
0.724965,371.965,0.000998462,1.60748,1.47144,2.51646,-1.86321
0.724965,371.965,0.000998632,1.44526,1.48714,1.83703,-1.36015
0.724965,371.965,0.000998803,1.27734,1.49697,1.15035,-0.85173
0.724965,371.965,0.000998974,1.10437,1.5009,0.459131,-0.339945
0.724965,371.965,0.000999145,0.927051,1.4989,-0.233901,0.173182
0.724965,371.965,0.000999316,0.74607,1.49098,-0.92601,0.685626
0.724965,371.965,0.000999487,0.562144,1.47718,-1.61446,1.19536
0.724965,371.965,0.000999658,0.376,1.45756,-2.29655,1.70038
0.724965,371.965,0.000999829,0.188372,1.43217,-2.96957,2.19869
0.724965,371.965,0.001,3.23255e-014,1.40114,-3.63087,2.68833
0.724965,371.965,0.00100017,-0.188372,1.36458,-4.27784,3.16735
0.724965,371.965,0.00100034,-0.376,1.32263,-4.90793,3.63387
0.724965,371.965,0.00100051,-0.562144,1.27546,-5.51865,4.08605
0.724965,371.965,0.00100068,-0.74607,1.22326,-6.10758,4.52211
0.724965,371.965,0.00100085,-0.927051,1.16623,-6.67242,4.94032
0.724965,371.965,0.00100103,-1.10437,1.1046,-7.21092,5.33903
0.724965,371.965,0.0010012,-1.27734,1.03861,-7.72097,5.71667
0.724965,371.965,0.00100137,-1.44526,0.968519,-8.20054,6.07175
0.724965,371.965,0.00100154,-1.60748,0.894606,-8.64775,6.40287
0.724965,371.965,0.00100171,-1.76336,0.817163,-9.06083,6.70871
0.724965,371.965,0.00100188,-1.91227,0.736495,-9.43815,6.98809
0.724965,371.965,0.00100205,-2.05364,0.652921,-9.77822,7.23988
0.724965,371.965,0.00100222,-2.18691,0.566769,-10.0797,7.4631
0.724965,371.965,0.00100239,-2.31154,0.478381,-10.3414,7.65687
0.724965,371.965,0.00100256,-2.42705,0.388105,-10.5623,7.82042
0.724965,371.965,0.00100274,-2.53298,0.296298,-10.7415,7.9531
0.724965,371.965,0.00100291,-2.62892,0.20332,-10.8783,8.0544
0.724965,371.965,0.00100308,-2.71448,0.109541,-10.9722,8.12391
0.724965,371.965,0.00100325,-2.78933,0.0153291,-11.0228,8.16136
0.724965,371.965,0.00100342,-2.85317,-0.0789432,-11.0299,8.1666
0.724965,371.965,0.00100359,-2.90575,-0.172904,-10.9934,8.13961
0.724965,371.965,0.00100376,-2.94686,-0.266182,-10.9136,8.0805
0.724965,371.965,0.00100393,-2.97634,-0.35841,-10.7907,7.9895
0.724965,371.965,0.0010041,-2.99408,-0.449224,-10.6252,7.86697
0.724965,371.965,0.00100427,-3,-0.538264,-10.4177,7.71339
0.724965,371.965,0.00100444,-2.99408,-0.62518,-10.1692,7.52936
0.724965,371.965,0.00100462,-2.97634,-0.709629,-9.88053,7.31563
0.724965,371.965,0.00100479,-2.94686,-0.791278,-9.55286,7.07302
0.724965,371.965,0.00100496,-2.90575,-0.869803,-9.18749,6.8025
0.724965,371.965,0.00100513,-2.85317,-0.944896,-8.78586,6.50513
0.724965,371.965,0.0010053,-2.78933,-1.01626,-8.34956,6.18209
0.724965,371.965,0.00100547,-2.71448,-1.08361,-7.88031,5.83465
0.724965,371.965,0.00100564,-2.62892,-1.14669,-7.37995,5.46418
0.724965,371.965,0.00100581,-2.53298,-1.20524,-6.85047,5.07215
0.724965,371.965,0.00100598,-2.42705,-1.25904,-6.29396,4.6601
0.724965,371.965,0.00100615,-2.31154,-1.30786,-5.71261,4.22966
0.724965,371.965,0.00100632,-2.18691,-1.35152,-5.10871,3.78253
0.724965,371.965,0.0010065,-2.05364,-1.38986,-4.48465,3.32047
0.724965,371.965,0.00100667,-1.91227,-1.4227,-3.84289,2.84531
0.724965,371.965,0.00100684,-1.76336,-1.44993,-3.18596,2.35891
0.724965,371.965,0.00100701,-1.60748,-1.47144,-2.51646,1.86321
0.724965,371.965,0.00100718,-1.44526,-1.48714,-1.83703,1.36015
0.724965,371.965,0.00100735,-1.27734,-1.49697,-1.15035,0.85173
0.724965,371.965,0.00100752,-1.10437,-1.5009,-0.459131,0.339945
0.724965,371.965,0.00100769,-0.927051,-1.4989,0.233901,-0.173182
0.724965,371.965,0.00100786,-0.74607,-1.49098,0.92601,-0.685626
0.724965,371.965,0.00100803,-0.562144,-1.47718,1.61446,-1.19536
0.724965,371.965,0.00100821,-0.376,-1.45756,2.29655,-1.70038
0.724965,371.965,0.00100838,-0.188372,-1.43217,2.96957,-2.19869
0.724965,371.965,0.00100855,1.05863e-013,-1.40114,3.63087,-2.68833
0.724965,371.965,0.00100872,0.188372,-1.36458,4.27784,-3.16735
0.724965,371.965,0.00100889,0.376,-1.32263,4.90793,-3.63387
0.724965,371.965,0.00100906,0.562144,-1.27546,5.51865,-4.08605
0.724965,371.965,0.00100923,0.74607,-1.22326,6.10758,-4.52211
0.724965,371.965,0.0010094,0.927051,-1.16623,6.67242,-4.94032
0.724965,371.965,0.00100957,1.10437,-1.1046,7.21092,-5.33903
0.724965,371.965,0.00100974,1.27734,-1.03861,7.72097,-5.71667
0.724965,371.965,0.00100991,1.44526,-0.968519,8.20054,-6.07175
0.724965,371.965,0.00101009,1.60748,-0.894606,8.64775,-6.40287
0.724965,371.965,0.00101026,1.76336,-0.817163,9.06083,-6.70872
0.724965,371.965,0.00101043,1.91227,-0.736495,9.43815,-6.98809
0.724965,371.965,0.0010106,2.05364,-0.652921,9.77822,-7.23988
0.724965,371.965,0.00101077,2.18691,-0.56677,10.0797,-7.4631
0.724965,371.965,0.00101094,2.31154,-0.478381,10.3414,-7.65687
0.724965,371.965,0.00101111,2.42705,-0.388105,10.5623,-7.82042
0.724965,371.965,0.00101128,2.53298,-0.296298,10.7415,-7.9531
0.724965,371.965,0.00101145,2.62892,-0.20332,10.8783,-8.0544
0.724965,371.965,0.00101162,2.71448,-0.109541,10.9722,-8.12391
0.724965,371.965,0.00101179,2.78933,-0.0153291,11.0228,-8.16136
0.724965,371.965,0.00101197,2.85317,0.0789432,11.0299,-8.1666
0.724965,371.965,0.00101214,2.90575,0.172904,10.9934,-8.13961
0.724965,371.965,0.00101231,2.94686,0.266182,10.9136,-8.0805
0.724965,371.965,0.00101248,2.97634,0.35841,10.7907,-7.9895
0.724965,371.965,0.00101265,2.99408,0.449224,10.6252,-7.86697
0.724965,371.965,0.00101282,3,0.538264,10.4177,-7.71339
0.724965,371.965,0.00101299,2.99408,0.62518,10.1692,-7.52936
0.724965,371.965,0.00101316,2.97634,0.709629,9.88053,-7.31563
0.724965,371.965,0.00101333,2.94686,0.791278,9.55286,-7.07302
0.724965,371.965,0.0010135,2.90575,0.869803,9.18749,-6.8025
0.724965,371.965,0.00101368,2.85317,0.944896,8.78586,-6.50513
0.724965,371.965,0.00101385,2.78933,1.01626,8.34956,-6.18209
0.724965,371.965,0.00101402,2.71448,1.08361,7.88031,-5.83465
0.724965,371.965,0.00101419,2.62892,1.14669,7.37995,-5.46418
0.724965,371.965,0.00101436,2.53298,1.20524,6.85047,-5.07215
0.724965,371.965,0.00101453,2.42705,1.25904,6.29396,-4.6601
0.724965,371.965,0.0010147,2.31154,1.30786,5.71261,-4.22966
0.724965,371.965,0.00101487,2.18691,1.35152,5.10871,-3.78253
0.724965,371.965,0.00101504,2.05364,1.38986,4.48465,-3.32047
0.724965,371.965,0.00101521,1.91227,1.4227,3.84289,-2.84531
0.724965,371.965,0.00101538,1.76336,1.44993,3.18596,-2.35891
0.724965,371.965,0.00101556,1.60748,1.47144,2.51646,-1.86321
0.724965,371.965,0.00101573,1.44526,1.48714,1.83703,-1.36015
0.724965,371.965,0.0010159,1.27734,1.49697,1.15035,-0.85173
0.724965,371.965,0.00101607,1.10437,1.5009,0.459131,-0.339945
0.724965,371.965,0.00101624,0.927051,1.4989,-0.233901,0.173182
0.724965,371.965,0.00101641,0.74607,1.49098,-0.92601,0.685626
0.724965,371.965,0.00101658,0.562144,1.47718,-1.61446,1.19536
0.724965,371.965,0.00101675,0.376,1.45756,-2.29655,1.70038
0.724965,371.965,0.00101692,0.188372,1.43217,-2.96957,2.19869
0.724965,371.965,0.00101709,9.70092e-014,1.40114,-3.63087,2.68833
0.724965,371.965,0.00101726,-0.188372,1.36458,-4.27784,3.16735
0.724965,371.965,0.00101744,-0.376,1.32263,-4.90793,3.63387
0.724965,371.965,0.00101761,-0.562144,1.27546,-5.51865,4.08605
0.724965,371.965,0.00101778,-0.74607,1.22326,-6.10758,4.52211
0.724965,371.965,0.00101795,-0.927051,1.16623,-6.67242,4.94032
0.724965,371.965,0.00101812,-1.10437,1.1046,-7.21092,5.33903
0.724965,371.965,0.00101829,-1.27734,1.03861,-7.72097,5.71667
0.724965,371.965,0.00101846,-1.44526,0.968519,-8.20054,6.07175
0.724965,371.965,0.00101863,-1.60748,0.894606,-8.64775,6.40287
0.724965,371.965,0.0010188,-1.76336,0.817163,-9.06083,6.70872
0.724965,371.965,0.00101897,-1.91227,0.736495,-9.43815,6.98809
0.724965,371.965,0.00101915,-2.05364,0.652921,-9.77822,7.23988
0.724965,371.965,0.00101932,-2.18691,0.56677,-10.0797,7.4631
0.724965,371.965,0.00101949,-2.31154,0.478381,-10.3414,7.65687
0.724965,371.965,0.00101966,-2.42705,0.388105,-10.5623,7.82042
0.724965,371.965,0.00101983,-2.53298,0.296298,-10.7415,7.9531
0.724965,371.965,0.00102,-2.62892,0.20332,-10.8783,8.0544
0.724965,371.965,0.00102017,-2.71448,0.109541,-10.9722,8.12391
0.724965,371.965,0.00102034,-2.78933,0.0153291,-11.0228,8.16136
0.724965,371.965,0.00102051,-2.85317,-0.0789432,-11.0299,8.1666
0.724965,371.965,0.00102068,-2.90575,-0.172904,-10.9934,8.13961
0.724965,371.965,0.00102085,-2.94686,-0.266182,-10.9136,8.0805
0.724965,371.965,0.00102103,-2.97634,-0.35841,-10.7907,7.9895
0.724965,371.965,0.0010212,-2.99408,-0.449224,-10.6252,7.86697
0.724965,371.965,0.00102137,-3,-0.538264,-10.4177,7.71339
0.724965,371.965,0.00102154,-2.99408,-0.62518,-10.1692,7.52936
0.724965,371.965,0.00102171,-2.97634,-0.709629,-9.88053,7.31563
0.724965,371.965,0.00102188,-2.94686,-0.791278,-9.55286,7.07302
0.724965,371.965,0.00102205,-2.90575,-0.869803,-9.18749,6.8025
0.724965,371.965,0.00102222,-2.85317,-0.944896,-8.78586,6.50513
0.724965,371.965,0.00102239,-2.78933,-1.01626,-8.34956,6.18209
0.724965,371.965,0.00102256,-2.71448,-1.08361,-7.88031,5.83465
0.724965,371.965,0.00102274,-2.62892,-1.14669,-7.37995,5.46418
0.724965,371.965,0.00102291,-2.53298,-1.20524,-6.85047,5.07215
0.724965,371.965,0.00102308,-2.42705,-1.25904,-6.29396,4.6601
0.724965,371.965,0.00102325,-2.31154,-1.30786,-5.71261,4.22966
0.724965,371.965,0.00102342,-2.18691,-1.35152,-5.10871,3.78253
0.724965,371.965,0.00102359,-2.05364,-1.38986,-4.48465,3.32047
0.724965,371.965,0.00102376,-1.91227,-1.4227,-3.84289,2.84531
0.724965,371.965,0.00102393,-1.76336,-1.44993,-3.18596,2.35891
0.724965,371.965,0.0010241,-1.60748,-1.47144,-2.51646,1.86321
0.724965,371.965,0.00102427,-1.44526,-1.48714,-1.83703,1.36015
0.724965,371.965,0.00102444,-1.27734,-1.49697,-1.15035,0.85173
0.724965,371.965,0.00102462,-1.10437,-1.5009,-0.459132,0.339945
0.724965,371.965,0.00102479,-0.927051,-1.4989,0.233901,-0.173182
0.724965,371.965,0.00102496,-0.74607,-1.49098,0.92601,-0.685626
0.724965,371.965,0.00102513,-0.562144,-1.47718,1.61446,-1.19536
0.724965,371.965,0.0010253,-0.376,-1.45756,2.29655,-1.70038
0.724965,371.965,0.00102547,-0.188372,-1.43217,2.96957,-2.19869
0.724965,371.965,0.00102564,-1.29351e-013,-1.40114,3.63087,-2.68833
