Amp, Phaseshift, Time, Vd, Vr, VL, VC
0.527999,372.027,0,0,0,0,0
0.527999,372.027,1.62602e-007,0.188372,0.00153148,0.188372,0
0.527999,372.027,3.25203e-007,0.376,0.00457593,0.374468,0.000498041
0.527999,372.027,4.87805e-007,0.562144,0.00910496,0.55707,0.00198615
0.527999,372.027,6.50407e-007,0.74607,0.0150804,0.734979,0.00494711
0.527999,372.027,8.13008e-007,0.927051,0.0224546,0.907023,0.0098513
0.527999,372.027,9.7561e-007,1.10437,0.0311706,1.07207,0.0171536
0.527999,372.027,1.13821e-006,1.27734,0.0411625,1.22901,0.0272904
0.527999,372.027,1.30081e-006,1.44526,0.0523561,1.37681,0.0406766
0.527999,372.027,1.46341e-006,1.60748,0.0646687,1.51445,0.0577029
0.527999,372.027,1.62602e-006,1.76336,0.07801,1.64098,0.0787334
0.527999,372.027,1.78862e-006,1.91227,0.0922826,1.75553,0.104103
0.527999,372.027,1.95122e-006,2.05364,0.107382,1.85726,0.134113
0.527999,372.027,2.11382e-006,2.18691,0.123199,1.94541,0.169034
0.527999,372.027,2.27642e-006,2.31154,0.139616,2.01931,0.209099
0.527999,372.027,2.43902e-006,2.42705,0.156513,2.07834,0.254502
0.527999,372.027,2.60163e-006,2.53298,0.173765,2.12197,0.305401
0.527999,372.027,2.76423e-006,2.62892,0.191242,2.14975,0.36191
0.527999,372.027,2.92683e-006,2.71448,0.208814,2.16133,0.424102
0.527999,372.027,3.08943e-006,2.78933,0.226346,2.15641,0.492009
0.527999,372.027,3.25203e-006,2.85317,0.243702,2.13481,0.565618
0.527999,372.027,3.41463e-006,2.90575,0.260746,2.09643,0.64487
0.527999,372.027,3.57724e-006,2.94686,0.277342,2.04125,0.729666
0.527999,372.027,3.73984e-006,2.97634,0.293353,1.96934,0.819858
0.527999,372.027,3.90244e-006,2.99408,0.308644,1.88087,0.915257
0.527999,372.027,4.06504e-006,3,0.323084,1.7761,1.01563
0.527999,372.027,4.22764e-006,2.99408,0.336542,1.65537,1.1207
0.527999,372.027,4.39024e-006,2.97634,0.348893,1.5191,1.23014
0.527999,372.027,4.55285e-006,2.94686,0.360013,1.36783,1.3436
0.527999,372.027,4.71545e-006,2.90575,0.369787,1.20213,1.46068
0.527999,372.027,4.87805e-006,2.85317,0.378101,1.0227,1.58094
0.527999,372.027,5.04065e-006,2.78933,0.384852,0.830292,1.7039
0.527999,372.027,5.20325e-006,2.71448,0.389939,0.625733,1.82905
0.527999,372.027,5.36585e-006,2.62892,0.393272,0.40993,1.95586
0.527999,372.027,5.52846e-006,2.53298,0.394766,0.183851,2.08375
0.527999,372.027,5.69106e-006,2.42705,0.394348,-0.0514693,2.21213
0.527999,372.027,5.85366e-006,2.31154,0.39195,-0.294941,2.34038
0.527999,372.027,6.01626e-006,2.18691,0.387516,-0.545421,2.46784
0.527999,372.027,6.17886e-006,2.05364,0.380998,-0.801714,2.59386
0.527999,372.027,6.34146e-006,1.91227,0.372359,-1.06259,2.71776
0.527999,372.027,6.50407e-006,1.76336,0.361572,-1.32677,2.83886
0.527999,372.027,6.66667e-006,1.60748,0.348621,-1.59295,2.95644
0.527999,372.027,6.82927e-006,1.44526,0.333501,-1.8598,3.06981
0.527999,372.027,6.99187e-006,1.27734,0.316217,-2.12598,3.17827
0.527999,372.027,7.15447e-006,1.10437,0.296785,-2.39011,3.2811
0.527999,372.027,7.31707e-006,0.927051,0.275233,-2.65084,3.37762
0.527999,372.027,7.47967e-006,0.74607,0.251601,-2.90678,3.46713
0.527999,372.027,7.64228e-006,0.562144,0.225938,-3.15658,3.54895
0.527999,372.027,7.80488e-006,0.376,0.198305,-3.39888,3.62242
0.527999,372.027,7.96748e-006,0.188372,0.168773,-3.63236,3.68691
0.527999,372.027,8.13008e-006,1.69965e-015,0.137426,-3.85568,3.7418
0.527999,372.027,8.29268e-006,-0.188372,0.104356,-4.06759,3.78649
0.527999,372.027,8.45528e-006,-0.376,0.0696665,-4.26684,3.82043
0.527999,372.027,8.61789e-006,-0.562144,0.0334694,-4.45224,3.84308
0.527999,372.027,8.78049e-006,-0.74607,-0.00411286,-4.62262,3.85397
0.527999,372.027,8.94309e-006,-0.927051,-0.0429495,-4.7769,3.85263
0.527999,372.027,9.10569e-006,-1.10437,-0.0829011,-4.91405,3.83866
0.527999,372.027,9.26829e-006,-1.27734,-0.123821,-5.0331,3.8117
0.527999,372.027,9.43089e-006,-1.44526,-0.165553,-5.13314,3.77143
0.527999,372.027,9.5935e-006,-1.60748,-0.207939,-5.21336,3.7176
0.527999,372.027,9.7561e-006,-1.76336,-0.250809,-5.27301,3.64997
0.527999,372.027,9.9187e-006,-1.91227,-0.293991,-5.31144,3.56841
0.527999,372.027,1.00813e-005,-2.05364,-0.337309,-5.32806,3.4728
0.527999,372.027,1.02439e-005,-2.18691,-0.38058,-5.3224,3.36311
0.527999,372.027,1.04065e-005,-2.31154,-0.423621,-5.29407,3.23934
0.527999,372.027,1.05691e-005,-2.42705,-0.466245,-5.24277,3.10158
0.527999,372.027,1.07317e-005,-2.53298,-0.508264,-5.16832,2.94996
0.527999,372.027,1.08943e-005,-2.62892,-0.549489,-5.07061,2.78467
0.527999,372.027,1.10569e-005,-2.71448,-0.58973,-4.94966,2.60597
0.527999,372.027,1.12195e-005,-2.78933,-0.6288,-4.80557,2.41419
0.527999,372.027,1.13821e-005,-2.85317,-0.666511,-4.63856,2.2097
0.527999,372.027,1.15447e-005,-2.90575,-0.702682,-4.44894,1.99295
0.527999,372.027,1.17073e-005,-2.94686,-0.73713,-4.23713,1.76444
0.527999,372.027,1.18699e-005,-2.97634,-0.76968,-4.00365,1.52472
0.527999,372.027,1.20325e-005,-2.99408,-0.800161,-3.74912,1.27442
0.527999,372.027,1.21951e-005,-3,-0.828406,-3.47426,1.0142
0.527999,372.027,1.23577e-005,-2.99408,-0.854259,-3.17987,0.7448
0.527999,372.027,1.25203e-005,-2.97634,-0.877567,-2.86689,0.466992
0.527999,372.027,1.26829e-005,-2.94686,-0.898187,-2.53629,0.181605
0.527999,372.027,1.28455e-005,-2.90575,-0.915985,-2.18917,-0.110489
0.527999,372.027,1.30081e-005,-2.85317,-0.930837,-1.8267,-0.40837
0.527999,372.027,1.31707e-005,-2.78933,-0.942626,-1.45012,-0.711081
0.527999,372.027,1.33333e-005,-2.71448,-0.95125,-1.06077,-1.01763
0.527999,372.027,1.34959e-005,-2.62892,-0.956617,-0.660043,-1.32698
0.527999,372.027,1.36585e-005,-2.53298,-0.958644,-0.249391,-1.63807
0.527999,372.027,1.38211e-005,-2.42705,-0.957265,0.169664,-1.94983
0.527999,372.027,1.39837e-005,-2.31154,-0.952423,0.59555,-2.26113
0.527999,372.027,1.41463e-005,-2.18691,-0.944076,1.02665,-2.57086
0.527999,372.027,1.43089e-005,-2.05364,-0.932196,1.4613,-2.87788
0.527999,372.027,1.44715e-005,-1.91227,-0.916766,1.8978,-3.18103
0.527999,372.027,1.46341e-005,-1.76336,-0.897787,2.33444,-3.47917
0.527999,372.027,1.47967e-005,-1.60748,-0.875271,2.76947,-3.77113
0.527999,372.027,1.49593e-005,-1.44526,-0.849246,3.20114,-4.05577
0.527999,372.027,1.5122e-005,-1.27734,-0.819752,3.62768,-4.33195
0.527999,372.027,1.52846e-005,-1.10437,-0.786847,4.04733,-4.59853
0.527999,372.027,1.54472e-005,-0.927051,-0.750601,4.45833,-4.85442
0.527999,372.027,1.56098e-005,-0.74607,-0.711097,4.85895,-5.09852
0.527999,372.027,1.57724e-005,-0.562144,-0.668435,5.24747,-5.32977
0.527999,372.027,1.5935e-005,-0.376,-0.622726,5.6222,-5.54715
0.527999,372.027,1.60976e-005,-0.188372,-0.574096,5.9815,-5.74966
0.527999,372.027,1.62602e-005,-3.3993e-015,-0.522683,6.32375,-5.93636
0.527999,372.027,1.64228e-005,0.188372,-0.468639,6.64741,-6.10633
0.527999,372.027,1.65854e-005,0.376,-0.412127,6.95097,-6.25874
0.527999,372.027,1.6748e-005,0.562144,-0.353322,7.23301,-6.39276
0.527999,372.027,1.69106e-005,0.74607,-0.29241,7.49215,-6.50766
0.527999,372.027,1.70732e-005,0.927051,-0.229588,7.72713,-6.60276
0.527999,372.027,1.72358e-005,1.10437,-0.165062,7.93672,-6.67742
0.527999,372.027,1.73984e-005,1.27734,-0.0990471,8.11982,-6.7311
0.527999,372.027,1.7561e-005,1.44526,-0.0317674,8.27541,-6.76331
0.527999,372.027,1.77236e-005,1.60748,0.0365461,8.40256,-6.77364
0.527999,372.027,1.78862e-005,1.76336,0.105655,8.50045,-6.76175
0.527999,372.027,1.80488e-005,1.91227,0.175317,8.56837,-6.7274
0.527999,372.027,1.82114e-005,2.05364,0.245282,8.60572,-6.67038
0.527999,372.027,1.8374e-005,2.18691,0.315299,8.61201,-6.59061
0.527999,372.027,1.85366e-005,2.31154,0.38511,8.58686,-6.48808
0.527999,372.027,1.86992e-005,2.42705,0.45446,8.53002,-6.36284
0.527999,372.027,1.88618e-005,2.53298,0.523089,8.44136,-6.21505
0.527999,372.027,1.90244e-005,2.62892,0.590738,8.32088,-6.04494
0.527999,372.027,1.9187e-005,2.71448,0.657151,8.16868,-5.85283
0.527999,372.027,1.93496e-005,2.78933,0.722069,7.98501,-5.63912
0.527999,372.027,1.95122e-005,2.85317,0.785242,7.77022,-5.4043
0.527999,372.027,1.96748e-005,2.90575,0.846419,7.52481,-5.14894
0.527999,372.027,1.98374e-005,2.94686,0.905357,7.24938,-4.87368
0.527999,372.027,2e-005,2.97634,0.961818,6.94467,-4.57925
0.527999,372.027,2.01626e-005,2.99408,1.01557,6.61152,-4.26647
0.527999,372.027,2.03252e-005,3,1.06639,6.2509,-3.9362
0.527999,372.027,2.04878e-005,2.99408,1.11406,5.86389,-3.58941
0.527999,372.027,2.06504e-005,2.97634,1.15839,5.45169,-3.22711
0.527999,372.027,2.0813e-005,2.94686,1.19916,5.01559,-2.8504
0.527999,372.027,2.09756e-005,2.90575,1.23621,4.55698,-2.46043
0.527999,372.027,2.11382e-005,2.85317,1.26936,4.07738,-2.05841
0.527999,372.027,2.13008e-005,2.78933,1.29845,3.57837,-1.64561
0.527999,372.027,2.14634e-005,2.71448,1.32335,3.06163,-1.22334
0.527999,372.027,2.1626e-005,2.62892,1.34391,2.52892,-0.792988
0.527999,372.027,2.17886e-005,2.53298,1.36002,1.98207,-0.355945
0.527999,372.027,2.19512e-005,2.42705,1.37159,1.42298,0.0863379
0.527999,372.027,2.21138e-005,2.31154,1.37853,0.853612,0.532383
0.527999,372.027,2.22764e-005,2.18691,1.38077,0.275993,0.980686
0.527999,372.027,2.2439e-005,2.05364,1.37827,-0.307817,1.42972
0.527999,372.027,2.26016e-005,1.91227,1.37099,-0.895716,1.87794
0.527999,372.027,2.27642e-005,1.76336,1.35891,-1.48557,2.32379
0.527999,372.027,2.29268e-005,1.60748,1.34204,-2.07522,2.76571
0.527999,372.027,2.30894e-005,1.44526,1.32039,-2.66249,3.20214
0.527999,372.027,2.3252e-005,1.27734,1.29401,-3.2452,3.63154
0.527999,372.027,2.34146e-005,1.10437,1.26294,-3.82117,4.05236
0.527999,372.027,2.35772e-005,0.927051,1.22727,-4.38825,4.46307
0.527999,372.027,2.37398e-005,0.74607,1.18707,-4.94426,4.86218
0.527999,372.027,2.39024e-005,0.562144,1.14246,-5.4871,5.24822
0.527999,372.027,2.4065e-005,0.376,1.09356,-6.01468,5.61975
0.527999,372.027,2.42276e-005,0.188372,1.04051,-6.52493,5.97538
0.527999,372.027,2.43902e-005,1.10215e-015,0.98347,-7.01589,6.31375
0.527999,372.027,2.45528e-005,-0.188372,0.922612,-7.4856,6.63358
0.527999,372.027,2.47154e-005,-0.376,0.858122,-7.93219,6.93362
0.527999,372.027,2.4878e-005,-0.562144,0.790204,-8.35388,7.21268
0.527999,372.027,2.50407e-005,-0.74607,0.719075,-8.74896,7.46966
0.527999,372.027,2.52033e-005,-0.927051,0.644963,-9.11579,7.7035
0.527999,372.027,2.53659e-005,-1.10437,0.56811,-9.45284,7.91325
0.527999,372.027,2.55285e-005,-1.27734,0.488771,-9.7587,8.098
0.527999,372.027,2.56911e-005,-1.44526,0.40721,-10.032,8.25695
0.527999,372.027,2.58537e-005,-1.60748,0.323701,-10.2716,8.38938
0.527999,372.027,2.60163e-005,-1.76336,0.238527,-10.4764,8.49464
0.527999,372.027,2.61789e-005,-1.91227,0.151978,-10.6454,8.57221
0.527999,372.027,2.63415e-005,-2.05364,0.0643536,-10.7778,8.62164
0.527999,372.027,2.65041e-005,-2.18691,-0.024044,-10.8729,8.64257
0.527999,372.027,2.66667e-005,-2.31154,-0.112906,-10.9301,8.63475
0.527999,372.027,2.68293e-005,-2.42705,-0.201922,-10.9489,8.59803
0.527999,372.027,2.69919e-005,-2.53298,-0.290776,-10.9291,8.53236
0.527999,372.027,2.71545e-005,-2.62892,-0.379154,-10.8705,8.4378
0.527999,372.027,2.73171e-005,-2.71448,-0.466741,-10.7731,8.3145
0.527999,372.027,2.74797e-005,-2.78933,-0.553221,-10.6371,8.16271
0.527999,372.027,2.76423e-005,-2.85317,-0.638283,-10.4627,7.98281
0.527999,372.027,2.78049e-005,-2.90575,-0.721619,-10.2503,7.77523
0.527999,372.027,2.79675e-005,-2.94686,-0.802924,-10.0005,7.54056
0.527999,372.027,2.81301e-005,-2.97634,-0.881899,-9.71398,7.27945
0.527999,372.027,2.82927e-005,-2.99408,-0.958254,-9.39163,6.99265
0.527999,372.027,2.84553e-005,-3,-1.0317,-9.0344,6.68102
0.527999,372.027,2.86179e-005,-2.99408,-1.10198,-8.6434,6.34551
0.527999,372.027,2.87805e-005,-2.97634,-1.1688,-8.21988,5.98714
0.527999,372.027,2.89431e-005,-2.94686,-1.23194,-7.7652,5.60705
0.527999,372.027,2.91057e-005,-2.90575,-1.29113,-7.28086,5.20642
0.527999,372.027,2.92683e-005,-2.85317,-1.34616,-6.76846,4.78654
0.527999,372.027,2.94309e-005,-2.78933,-1.39681,-6.22971,4.34876
0.527999,372.027,2.95935e-005,-2.71448,-1.44287,-5.66644,3.89452
0.527999,372.027,2.97561e-005,-2.62892,-1.48418,-5.08056,3.42529
0.527999,372.027,2.99187e-005,-2.53298,-1.52055,-4.47409,2.94263
0.527999,372.027,3.00813e-005,-2.42705,-1.55185,-3.84912,2.44814
0.527999,372.027,3.02439e-005,-2.31154,-1.57793,-3.20783,1.94347
0.527999,372.027,3.04065e-005,-2.18691,-1.59868,-2.55245,1.43033
0.527999,372.027,3.05691e-005,-2.05364,-1.61401,-1.88529,0.91043
0.527999,372.027,3.07317e-005,-1.91227,-1.62383,-1.20869,0.38555
0.527999,372.027,3.08943e-005,-1.76336,-1.6281,-0.525071,-0.142527
0.527999,372.027,3.10569e-005,-1.60748,-1.62678,0.163149,-0.671991
0.527999,372.027,3.12195e-005,-1.44526,-1.61984,0.853506,-1.20102
0.527999,372.027,3.13821e-005,-1.27734,-1.60729,1.54352,-1.7278
0.527999,372.027,3.15447e-005,-1.10437,-1.58915,2.23072,-2.2505
0.527999,372.027,3.17073e-005,-0.927051,-1.56547,2.9126,-2.76729
0.527999,372.027,3.18699e-005,-0.74607,-1.53631,3.5867,-3.27639
0.527999,372.027,3.20325e-005,-0.562144,-1.50176,4.25056,-3.776
0.527999,372.027,3.21951e-005,-0.376,-1.4619,4.90176,-4.26438
0.527999,372.027,3.23577e-005,-0.188372,-1.41688,5.53791,-4.7398
0.527999,372.027,3.25203e-005,-6.7986e-015,-1.36683,6.15668,-5.20057
0.527999,372.027,3.26829e-005,0.188372,-1.3119,6.75577,-5.64507
0.527999,372.027,3.28455e-005,0.376,-1.25228,7.33297,-6.0717
0.527999,372.027,3.30081e-005,0.562144,-1.18817,7.88613,-6.47895
0.527999,372.027,3.31707e-005,0.74607,-1.11977,8.41318,-6.86534
0.527999,372.027,3.33333e-005,0.927051,-1.04731,8.91216,-7.2295
0.527999,372.027,3.34959e-005,1.10437,-0.971042,9.38118,-7.57008
0.527999,372.027,3.36585e-005,1.27734,-0.891217,9.81846,-7.88587
0.527999,372.027,3.38211e-005,1.44526,-0.808109,10.2223,-8.1757
0.527999,372.027,3.39837e-005,1.60748,-0.722001,10.5913,-8.4385
0.527999,372.027,3.41463e-005,1.76336,-0.633189,10.9239,-8.67329
0.527999,372.027,3.43089e-005,1.91227,-0.541979,11.2188,-8.87921
0.527999,372.027,3.44715e-005,2.05364,-0.448688,11.4748,-9.05546
0.527999,372.027,3.46341e-005,2.18691,-0.353639,11.6911,-9.20138
0.527999,372.027,3.47967e-005,2.31154,-0.257163,11.8666,-9.31638
0.527999,372.027,3.49593e-005,2.42705,-0.159597,12.0006,-9.40001
0.527999,372.027,3.5122e-005,2.53298,-0.0612832,12.0926,-9.45191
0.527999,372.027,3.52846e-005,2.62892,0.0374332,12.1421,-9.47184
0.527999,372.027,3.54472e-005,2.71448,0.136205,12.1489,-9.45967
0.527999,372.027,3.56098e-005,2.78933,0.234683,12.1128,-9.41538
0.527999,372.027,3.57724e-005,2.85317,0.332519,12.0339,-9.33906
0.527999,372.027,3.5935e-005,2.90575,0.429367,11.9123,-9.23092
0.527999,372.027,3.60976e-005,2.94686,0.524882,11.7484,-9.09129
0.527999,372.027,3.62602e-005,2.97634,0.618726,11.5427,-8.92059
0.527999,372.027,3.64228e-005,2.99408,0.710563,11.2959,-8.71938
0.527999,372.027,3.65854e-005,3,0.800065,11.0088,-8.48831
0.527999,372.027,3.6748e-005,2.99408,0.886914,10.6823,-8.22812
0.527999,372.027,3.69106e-005,2.97634,0.970796,10.3176,-7.93969
0.527999,372.027,3.70732e-005,2.94686,1.05141,9.91576,-7.62399
0.527999,372.027,3.72358e-005,2.90575,1.12847,9.47833,-7.28207
0.527999,372.027,3.73984e-005,2.85317,1.2017,9.00676,-6.91508
0.527999,372.027,3.7561e-005,2.78933,1.27083,8.50272,-6.52429
0.527999,372.027,3.77236e-005,2.71448,1.33561,7.96794,-6.11101
0.527999,372.027,3.78862e-005,2.62892,1.3958,7.40433,-5.67667
0.527999,372.027,3.80488e-005,2.53298,1.4512,6.81385,-5.22275
0.527999,372.027,3.82114e-005,2.42705,1.5016,6.1986,-4.75081
0.527999,372.027,3.8374e-005,2.31154,1.5468,5.56076,-4.26249
0.527999,372.027,3.85366e-005,2.18691,1.58666,4.90259,-3.75946
0.527999,372.027,3.86992e-005,2.05364,1.62102,4.22644,-3.24348
0.527999,372.027,3.88618e-005,1.91227,1.64976,3.53472,-2.71631
0.527999,372.027,3.90244e-005,1.76336,1.67277,2.82991,-2.17981
0.527999,372.027,3.9187e-005,1.60748,1.68996,2.11452,-1.63582
0.527999,372.027,3.93496e-005,1.44526,1.70127,1.39112,-1.08623
0.527999,372.027,3.95122e-005,1.27734,1.70665,0.662302,-0.532976
0.527999,372.027,3.96748e-005,1.10437,1.70609,-0.0693052,0.0220336
0.527999,372.027,3.98374e-005,0.927051,1.69958,-0.801074,0.57686
0.527999,372.027,4e-005,0.74607,1.68714,-1.53037,1.12957
0.527999,372.027,4.01626e-005,0.562144,1.66881,-2.25456,1.67823
0.527999,372.027,4.03252e-005,0.376,1.64465,-2.97104,2.22093
0.527999,372.027,4.04878e-005,0.188372,1.61476,-3.67721,2.75578
0.527999,372.027,4.06504e-005,1.83691e-015,1.57922,-4.37053,3.2809
0.527999,372.027,4.0813e-005,-0.188372,1.53818,-5.0485,3.79447
0.527999,372.027,4.09756e-005,-0.376,1.49177,-5.70865,4.29469
0.527999,372.027,4.11382e-005,-0.562144,1.44015,-6.3486,4.77982
0.527999,372.027,4.13008e-005,-0.74607,1.38352,-6.96604,5.24816
0.527999,372.027,4.14634e-005,-0.927051,1.32206,-7.55873,5.69809
0.527999,372.027,4.1626e-005,-1.10437,1.25601,-8.12452,6.12803
0.527999,372.027,4.17886e-005,-1.27734,1.18559,-8.66137,6.53648
0.527999,372.027,4.19512e-005,-1.44526,1.11106,-9.16734,6.92204
0.527999,372.027,4.21138e-005,-1.60748,1.03268,-9.64059,7.28336
0.527999,372.027,4.22764e-005,-1.76336,0.950738,-10.0794,7.6192
0.527999,372.027,4.2439e-005,-1.91227,0.865516,-10.4822,7.92838
0.527999,372.027,4.26016e-005,-2.05364,0.777325,-10.8475,8.20985
0.527999,372.027,4.27642e-005,-2.18691,0.686479,-11.1741,8.46264
0.527999,372.027,4.29268e-005,-2.31154,0.593303,-11.4607,8.68588
0.527999,372.027,4.30894e-005,-2.42705,0.49813,-11.7062,8.87883
0.527999,372.027,4.3252e-005,-2.53298,0.401301,-11.9099,9.04082
0.527999,372.027,4.34146e-005,-2.62892,0.303163,-12.071,9.17132
0.527999,372.027,4.35772e-005,-2.71448,0.204065,-12.189,9.26991
0.527999,372.027,4.37398e-005,-2.78933,0.104364,-12.2633,9.33628
0.527999,372.027,4.39024e-005,-2.85317,0.00441408,-12.2938,9.37022
0.527999,372.027,4.4065e-005,-2.90575,-0.0954264,-12.2804,9.37165
0.527999,372.027,4.42276e-005,-2.94686,-0.194801,-12.2231,9.34062
0.527999,372.027,4.43902e-005,-2.97634,-0.293355,-12.1222,9.27727
0.527999,372.027,4.45528e-005,-2.99408,-0.390737,-11.978,9.18187
0.527999,372.027,4.47154e-005,-3,-0.4866,-11.7911,9.0548
0.527999,372.027,4.4878e-005,-2.99408,-0.580602,-11.5623,8.89656
0.527999,372.027,4.50407e-005,-2.97634,-0.67241,-11.2923,8.70774
0.527999,372.027,4.52033e-005,-2.94686,-0.761696,-10.9822,8.48907
0.527999,372.027,4.53659e-005,-2.90575,-0.848144,-10.6331,8.24137
0.527999,372.027,4.55285e-005,-2.85317,-0.931448,-10.2464,7.96555
0.527999,372.027,4.56911e-005,-2.78933,-1.01131,-9.82343,7.66264
0.527999,372.027,4.58537e-005,-2.71448,-1.08746,-9.3658,7.33375
0.527999,372.027,4.60163e-005,-2.62892,-1.15961,-8.87522,6.98011
0.527999,372.027,4.61789e-005,-2.53298,-1.22753,-8.35348,6.603
0.527999,372.027,4.63415e-005,-2.42705,-1.29096,-7.80252,6.2038
0.527999,372.027,4.65041e-005,-2.31154,-1.3497,-7.22438,5.78398
0.527999,372.027,4.66667e-005,-2.18691,-1.40353,-6.62118,5.34505
0.527999,372.027,4.68293e-005,-2.05364,-1.45227,-5.99516,4.88862
0.527999,372.027,4.69919e-005,-1.91227,-1.49576,-5.34862,4.41634
0.527999,372.027,4.71545e-005,-1.76336,-1.53384,-4.68394,3.92991
0.527999,372.027,4.73171e-005,-1.60748,-1.56639,-4.00356,3.4311
0.527999,372.027,4.74797e-005,-1.44526,-1.5933,-3.30998,2.92171
0.527999,372.027,4.76423e-005,-1.27734,-1.61448,-2.60575,2.40356
0.527999,372.027,4.78049e-005,-1.10437,-1.62987,-1.89346,1.87853
0.527999,372.027,4.79675e-005,-0.927051,-1.63943,-1.17571,1.34849
0.527999,372.027,4.81301e-005,-0.74607,-1.64313,-0.455125,0.81534
0.527999,372.027,4.82927e-005,-0.562144,-1.64097,0.26565,0.280987
0.527999,372.027,4.84553e-005,-0.376,-1.63297,0.983986,-0.252662
0.527999,372.027,4.86179e-005,-0.188372,-1.61917,1.69726,-0.783711
0.527999,372.027,4.87805e-005,-2.20429e-015,-1.59964,2.40289,-1.31027
0.527999,372.027,4.89431e-005,0.188372,-1.57445,3.09828,-1.83048
0.527999,372.027,4.91057e-005,0.376,-1.54371,3.78093,-2.3425
0.527999,372.027,4.92683e-005,0.562144,-1.50755,4.44835,-2.84452
0.527999,372.027,4.94309e-005,0.74607,-1.4661,5.09813,-3.33477
0.527999,372.027,4.95935e-005,0.927051,-1.41953,5.72792,-3.81155
0.527999,372.027,4.97561e-005,1.10437,-1.36802,6.33546,-4.27319
0.527999,372.027,4.99187e-005,1.27734,-1.31177,6.91855,-4.71807
0.527999,372.027,5.00813e-005,1.44526,-1.251,7.47511,-5.14467
0.527999,372.027,5.02439e-005,1.60748,-1.18593,8.00315,-5.5515
0.527999,372.027,5.04065e-005,1.76336,-1.11682,8.50078,-5.93716
0.527999,372.027,5.05691e-005,1.91227,-1.04392,8.96626,-6.30036
0.527999,372.027,5.07317e-005,2.05364,-0.967519,9.39792,-6.63985
0.527999,372.027,5.08943e-005,2.18691,-0.88789,9.79427,-6.95449
0.527999,372.027,5.10569e-005,2.31154,-0.805338,10.1539,-7.24323
0.527999,372.027,5.12195e-005,2.42705,-0.720171,10.4756,-7.50513
0.527999,372.027,5.13821e-005,2.53298,-0.632705,10.7583,-7.73933
0.527999,372.027,5.15447e-005,2.62892,-0.543266,11.001,-7.94509
0.527999,372.027,5.17073e-005,2.71448,-0.452186,11.2028,-8.12176
0.527999,372.027,5.18699e-005,2.78933,-0.359802,11.3633,-8.26881
0.527999,372.027,5.20325e-005,2.85317,-0.266454,11.4818,-8.38582
0.527999,372.027,5.21951e-005,2.90575,-0.172486,11.558,-8.47247
0.527999,372.027,5.23577e-005,2.94686,-0.0782438,11.5918,-8.52857
0.527999,372.027,5.25203e-005,2.97634,0.0159282,11.5832,-8.55401
0.527999,372.027,5.26829e-005,2.99408,0.109686,11.5322,-8.54883
0.527999,372.027,5.28455e-005,3,0.202687,11.4391,-8.51316
0.527999,372.027,5.30081e-005,2.99408,0.294594,11.3046,-8.44725
0.527999,372.027,5.31707e-005,2.97634,0.385073,11.129,-8.35144
0.527999,372.027,5.33333e-005,2.94686,0.473799,10.9132,-8.22622
0.527999,372.027,5.34959e-005,2.90575,0.560451,10.6582,-8.07214
0.527999,372.027,5.36585e-005,2.85317,0.644718,10.3649,-7.88988
0.527999,372.027,5.38211e-005,2.78933,0.726299,10.0345,-7.68021
0.527999,372.027,5.39837e-005,2.71448,0.804904,9.66839,-7.44402
0.527999,372.027,5.41463e-005,2.62892,0.880254,9.26803,-7.18226
0.527999,372.027,5.43089e-005,2.53298,0.952083,8.83499,-6.896
0.527999,372.027,5.44715e-005,2.42705,1.02014,8.37097,-6.58638
0.527999,372.027,5.46341e-005,2.31154,1.08419,7.87778,-6.25463
0.527999,372.027,5.47967e-005,2.18691,1.144,7.35734,-5.90204
0.527999,372.027,5.49593e-005,2.05364,1.19938,6.81168,-5.53001
0.527999,372.027,5.5122e-005,1.91227,1.25014,6.2429,-5.13997
0.527999,372.027,5.52846e-005,1.76336,1.2961,5.65319,-4.73342
0.527999,372.027,5.54472e-005,1.60748,1.33711,5.0448,-4.31192
0.527999,372.027,5.56098e-005,1.44526,1.37305,4.42007,-3.87709
0.527999,372.027,5.57724e-005,1.27734,1.40379,3.78138,-3.43057
0.527999,372.027,5.5935e-005,1.10437,1.42925,3.13115,-2.97405
0.527999,372.027,5.60976e-005,0.927051,1.44934,2.47186,-2.50926
0.527999,372.027,5.62602e-005,0.74607,1.46403,1.80598,-2.03793
0.527999,372.027,5.64228e-005,0.562144,1.47326,1.13604,-1.56182
0.527999,372.027,5.65854e-005,0.376,1.47704,0.464557,-1.08271
0.527999,372.027,5.6748e-005,0.188372,1.47537,-0.205958,-0.602372
0.527999,372.027,5.69106e-005,2.57167e-015,1.46827,-0.872993,-0.122578
0.527999,372.027,5.70732e-005,-0.188372,1.4558,-1.53406,0.354907
0.527999,372.027,5.72358e-005,-0.376,1.43802,-2.1867,0.828337
0.527999,372.027,5.73984e-005,-0.562144,1.41502,-2.8285,1.29598
0.527999,372.027,5.7561e-005,-0.74607,1.38692,-3.45708,1.75615
0.527999,372.027,5.77236e-005,-0.927051,1.35383,-4.07012,2.20718
0.527999,372.027,5.78862e-005,-1.10437,1.3159,-4.66538,2.64745
0.527999,372.027,5.80488e-005,-1.27734,1.27329,-5.24069,3.07539
0.527999,372.027,5.82114e-005,-1.44526,1.22618,-5.79393,3.48946
0.527999,372.027,5.8374e-005,-1.60748,1.17478,-6.32313,3.88822
0.527999,372.027,5.85366e-005,-1.76336,1.11928,-6.82635,4.27026
0.527999,372.027,5.86992e-005,-1.91227,1.05991,-7.30181,4.63425
0.527999,372.027,5.88618e-005,-2.05364,0.996922,-7.74781,4.97894
0.527999,372.027,5.90244e-005,-2.18691,0.930558,-8.16277,5.30314
0.527999,372.027,5.9187e-005,-2.31154,0.861084,-8.54524,5.60576
0.527999,372.027,5.93496e-005,-2.42705,0.788776,-8.8939,5.88579
0.527999,372.027,5.95122e-005,-2.53298,0.713918,-9.20755,6.1423
0.527999,372.027,5.96748e-005,-2.62892,0.636803,-9.48514,6.37447
0.527999,372.027,5.98374e-005,-2.71448,0.557732,-9.72576,6.58156
0.527999,372.027,6e-005,-2.78933,0.477011,-9.92862,6.76294
0.527999,372.027,6.01626e-005,-2.85317,0.394954,-10.0931,6.91807
0.527999,372.027,6.03252e-005,-2.90575,0.311874,-10.2188,7.04651
0.527999,372.027,6.04878e-005,-2.94686,0.228092,-10.3052,7.14793
0.527999,372.027,6.06504e-005,-2.97634,0.143926,-10.3524,7.2221
0.527999,372.027,6.0813e-005,-2.99408,0.0596976,-10.3601,7.26891
0.527999,372.027,6.09756e-005,-3,-0.0242748,-10.3286,7.28832
0.527999,372.027,6.11382e-005,-2.99408,-0.107674,-10.2581,7.28043
0.527999,372.027,6.13008e-005,-2.97634,-0.190187,-10.1491,7.24541
0.527999,372.027,6.14634e-005,-2.94686,-0.271505,-10.0021,7.18356
0.527999,372.027,6.1626e-005,-2.90575,-0.351325,-9.81781,7.09527
0.527999,372.027,6.17886e-005,-2.85317,-0.42935,-9.59711,6.98102
0.527999,372.027,6.19512e-005,-2.78933,-0.505293,-9.341,6.84139
0.527999,372.027,6.21138e-005,-2.71448,-0.578875,-9.05058,6.67707
0.527999,372.027,6.22764e-005,-2.62892,-0.649827,-8.72711,6.48882
0.527999,372.027,6.2439e-005,-2.53298,-0.717892,-8.37197,6.27749
0.527999,372.027,6.26016e-005,-2.42705,-0.782824,-7.98665,6.04403
0.527999,372.027,6.27642e-005,-2.31154,-0.844391,-7.57275,5.78945
0.527999,372.027,6.29268e-005,-2.18691,-0.902375,-7.13197,5.51485
0.527999,372.027,6.30894e-005,-2.05364,-0.956571,-6.66612,5.2214
0.527999,372.027,6.3252e-005,-1.91227,-1.00679,-6.1771,4.91032
0.527999,372.027,6.34146e-005,-1.76336,-1.05286,-5.66688,4.58291
0.527999,372.027,6.35772e-005,-1.60748,-1.09463,-5.13752,4.24051
0.527999,372.027,6.37398e-005,-1.44526,-1.13196,-4.59114,3.88453
0.527999,372.027,6.39024e-005,-1.27734,-1.16472,-4.02991,3.51642
0.527999,372.027,6.4065e-005,-1.10437,-1.19282,-3.45607,3.13765
0.527999,372.027,6.42276e-005,-0.927051,-1.21617,-2.87188,2.74974
0.527999,372.027,6.43902e-005,-0.74607,-1.2347,-2.27964,2.35424
0.527999,372.027,6.45528e-005,-0.562144,-1.24837,-1.68168,1.95271
0.527999,372.027,6.47154e-005,-0.376,-1.25716,-1.08033,1.54673
0.527999,372.027,6.4878e-005,-0.188372,-1.26104,-0.477946,1.1379
0.527999,372.027,6.50407e-005,-1.35972e-014,-1.26004,0.123143,0.727805
0.527999,372.027,6.52033e-005,0.188372,-1.25418,0.720608,0.318035
0.527999,372.027,6.53659e-005,0.376,-1.24352,1.31215,-0.089829
0.527999,372.027,6.55285e-005,0.562144,-1.2281,1.89549,-0.494224
0.527999,372.027,6.56911e-005,0.74607,-1.20804,2.4684,-0.893608
0.527999,372.027,6.58537e-005,0.927051,-1.18341,3.0287,-1.28647
0.527999,372.027,6.60163e-005,1.10437,-1.15435,3.57425,-1.67132
0.527999,372.027,6.61789e-005,1.27734,-1.121,4.10301,-2.04672
0.527999,372.027,6.63415e-005,1.44526,-1.08349,4.61297,-2.41127
0.527999,372.027,6.65041e-005,1.60748,-1.04201,5.10224,-2.76362
0.527999,372.027,6.66667e-005,1.76336,-0.996735,5.56899,-3.10249
0.527999,372.027,6.68293e-005,1.91227,-0.947861,6.01149,-3.42663
0.527999,372.027,6.69919e-005,2.05364,-0.895599,6.42813,-3.73488
0.527999,372.027,6.71545e-005,2.18691,-0.840174,6.81738,-4.02613
0.527999,372.027,6.73171e-005,2.31154,-0.781817,7.17784,-4.29936
0.527999,372.027,6.74797e-005,2.42705,-0.720775,7.50822,-4.5536
0.527999,372.027,6.76423e-005,2.53298,-0.6573,7.80736,-4.788
0.527999,372.027,6.78049e-005,2.62892,-0.591656,8.07422,-5.00176
0.527999,372.027,6.79675e-005,2.71448,-0.524112,8.3079,-5.19417
0.527999,372.027,6.81301e-005,2.78933,-0.454945,8.50761,-5.36461
0.527999,372.027,6.82927e-005,2.85317,-0.384435,8.67272,-5.51256
0.527999,372.027,6.84553e-005,2.90575,-0.312868,8.80274,-5.63758
0.527999,372.027,6.86179e-005,2.94686,-0.240532,8.89731,-5.73933
0.527999,372.027,6.87805e-005,2.97634,-0.167717,8.9562,-5.81755
0.527999,372.027,6.89431e-005,2.99408,-0.0947144,8.97934,-5.87209
0.527999,372.027,6.91057e-005,3,-0.0218136,8.9668,-5.90289
0.527999,372.027,6.92683e-005,2.99408,0.0506969,8.91878,-5.90998
0.527999,372.027,6.94309e-005,2.97634,0.122531,8.83563,-5.8935
0.527999,372.027,6.95935e-005,2.94686,0.193408,8.71783,-5.85365
0.527999,372.027,6.97561e-005,2.90575,0.26305,8.56599,-5.79075
0.527999,372.027,6.99187e-005,2.85317,0.331187,8.38087,-5.70521
0.527999,372.027,7.00813e-005,2.78933,0.397556,8.16335,-5.59751
0.527999,372.027,7.02439e-005,2.71448,0.461901,7.91443,-5.46822
0.527999,372.027,7.04065e-005,2.62892,0.523976,7.63524,-5.31801
0.527999,372.027,7.05691e-005,2.53298,0.583545,7.32701,-5.14761
0.527999,372.027,7.07317e-005,2.42705,0.640384,6.99111,-4.95784
0.527999,372.027,7.08943e-005,2.31154,0.694278,6.62899,-4.74958
0.527999,372.027,7.10569e-005,2.18691,0.745028,6.24221,-4.5238
0.527999,372.027,7.12195e-005,2.05364,0.792446,5.83241,-4.28152
0.527999,372.027,7.13821e-005,1.91227,0.836359,5.40134,-4.02381
0.527999,372.027,7.15447e-005,1.76336,0.876609,4.95081,-3.75182
0.527999,372.027,7.17073e-005,1.60748,0.913054,4.48269,-3.46675
0.527999,372.027,7.18699e-005,1.44526,0.945566,3.99895,-3.16982
0.527999,372.027,7.20325e-005,1.27734,0.974034,3.50159,-2.86232
0.527999,372.027,7.21951e-005,1.10437,0.998365,2.99266,-2.54556
0.527999,372.027,7.23577e-005,0.927051,1.01848,2.47424,-2.22089
0.527999,372.027,7.25203e-005,0.74607,1.03432,1.94848,-1.88967
0.527999,372.027,7.26829e-005,0.562144,1.04585,1.4175,-1.55331
0.527999,372.027,7.28455e-005,0.376,1.05303,0.883463,-1.2132
0.527999,372.027,7.30081e-005,0.188372,1.05586,0.34854,-0.870748
0.527999,372.027,7.31707e-005,3.30644e-015,1.05436,-0.185114,-0.527379
0.527999,372.027,7.33333e-005,-0.188372,1.04854,-0.71535,-0.184498
0.527999,372.027,7.34959e-005,-0.376,1.03846,-1.24004,0.156491
0.527999,372.027,7.36585e-005,-0.562144,1.02417,-1.75709,0.494202
0.527999,372.027,7.38211e-005,-0.74607,1.00576,-2.26445,0.827266
0.527999,372.027,7.39837e-005,-0.927051,0.983325,-2.76008,1.15434
0.527999,372.027,7.41463e-005,-1.10437,0.956967,-3.24204,1.47412
0.527999,372.027,7.43089e-005,-1.27734,0.926817,-3.70843,1.78533
0.527999,372.027,7.44715e-005,-1.44526,0.893017,-4.15741,2.08674
0.527999,372.027,7.46341e-005,-1.60748,0.855722,-4.58723,2.37715
0.527999,372.027,7.47967e-005,-1.76336,0.815102,-4.99623,2.65543
0.527999,372.027,7.49593e-005,-1.91227,0.77134,-5.38281,2.92051
0.527999,372.027,7.5122e-005,-2.05364,0.724628,-5.74549,3.17135
0.527999,372.027,7.52846e-005,-2.18691,0.675174,-6.08288,3.407
0.527999,372.027,7.54472e-005,-2.31154,0.623193,-6.39371,3.62657
0.527999,372.027,7.56098e-005,-2.42705,0.56891,-6.67681,3.82923
0.527999,372.027,7.57724e-005,-2.53298,0.512559,-6.93113,4.01424
0.527999,372.027,7.5935e-005,-2.62892,0.454382,-7.15572,4.18093
0.527999,372.027,7.60976e-005,-2.71448,0.394628,-7.34979,4.3287
0.527999,372.027,7.62602e-005,-2.78933,0.33355,-7.51265,4.45703
0.527999,372.027,7.64228e-005,-2.85317,0.271405,-7.64375,4.5655
0.527999,372.027,7.65854e-005,-2.90575,0.208457,-7.74266,4.65376
0.527999,372.027,7.6748e-005,-2.94686,0.144968,-7.80908,4.72156
0.527999,372.027,7.69106e-005,-2.97634,0.0812051,-7.84287,4.7687
0.527999,372.027,7.70732e-005,-2.99408,0.0174329,-7.84399,4.79511
0.527999,372.027,7.72358e-005,-3,-0.0460837,-7.81254,4.80078
0.527999,372.027,7.73984e-005,-2.99408,-0.109082,-7.74877,4.78579
0.527999,372.027,7.7561e-005,-2.97634,-0.171302,-7.65305,4.75032
0.527999,372.027,7.77236e-005,-2.94686,-0.232488,-7.52588,4.69461
0.527999,372.027,7.78862e-005,-2.90575,-0.292389,-7.36787,4.619
0.527999,372.027,7.80488e-005,-2.85317,-0.350761,-7.17978,4.52392
0.527999,372.027,7.82114e-005,-2.78933,-0.407367,-6.96249,4.40985
0.527999,372.027,7.8374e-005,-2.71448,-0.461976,-6.71696,4.27737
0.527999,372.027,7.85366e-005,-2.62892,-0.514369,-6.44432,4.12714
0.527999,372.027,7.86992e-005,-2.53298,-0.564335,-6.14575,3.95986
0.527999,372.027,7.88618e-005,-2.42705,-0.611673,-5.82258,3.77634
0.527999,372.027,7.90244e-005,-2.31154,-0.656195,-5.4762,3.57742
0.527999,372.027,7.9187e-005,-2.18691,-0.697724,-5.10813,3.36402
0.527999,372.027,7.93496e-005,-2.05364,-0.736098,-4.71994,3.13712
0.527999,372.027,7.95122e-005,-1.91227,-0.771165,-4.31329,2.89774
0.527999,372.027,7.96748e-005,-1.76336,-0.802791,-3.88993,2.64695
0.527999,372.027,7.98374e-005,-1.60748,-0.830853,-3.45164,2.38588
0.527999,372.027,8e-005,-1.44526,-0.855245,-3.00029,2.11569
0.527999,372.027,8.01626e-005,-1.27734,-0.875878,-2.53778,1.83756
0.527999,372.027,8.03252e-005,-1.10437,-0.892675,-2.06605,1.55272
0.527999,372.027,8.04878e-005,-0.927051,-0.905578,-1.5871,1.26242
0.527999,372.027,8.06504e-005,-0.74607,-0.914545,-1.10291,0.967923
0.527999,372.027,8.0813e-005,-0.562144,-0.919549,-0.615522,0.67051
0.527999,372.027,8.09756e-005,-0.376,-0.920581,-0.126961,0.37147
0.527999,372.027,8.11382e-005,-0.188372,-0.917648,0.36074,0.0720935
0.527999,372.027,8.13008e-005,-3.67382e-015,-0.910774,0.845555,-0.226329
0.527999,372.027,8.14634e-005,0.188372,-0.899998,1.32547,-0.522515
0.527999,372.027,8.1626e-005,0.376,-0.885376,1.79851,-0.815198
0.527999,372.027,8.17886e-005,0.562144,-0.86698,2.26272,-1.10312
0.527999,372.027,8.19512e-005,0.74607,-0.844897,2.71617,-1.38507
0.527999,372.027,8.21138e-005,0.927051,-0.81923,3.15702,-1.65983
0.527999,372.027,8.22764e-005,1.10437,-0.790097,3.58344,-1.92625
0.527999,372.027,8.2439e-005,1.27734,-0.757628,3.99368,-2.18319
0.527999,372.027,8.26016e-005,1.44526,-0.721968,4.38608,-2.42957
0.527999,372.027,8.27642e-005,1.60748,-0.683277,4.75902,-2.66436
0.527999,372.027,8.29268e-005,1.76336,-0.641724,5.11099,-2.88656
0.527999,372.027,8.30894e-005,1.91227,-0.597492,5.44056,-3.09526
0.527999,372.027,8.3252e-005,2.05364,-0.550774,5.74639,-3.28956
0.527999,372.027,8.34146e-005,2.18691,-0.501772,6.02724,-3.46867
0.527999,372.027,8.35772e-005,2.31154,-0.450699,6.28199,-3.63185
0.527999,372.027,8.37398e-005,2.42705,-0.397775,6.5096,-3.77842
0.527999,372.027,8.39024e-005,2.53298,-0.343229,6.70918,-3.90778
0.527999,372.027,8.4065e-005,2.62892,-0.287294,6.87993,-4.0194
0.527999,372.027,8.42276e-005,2.71448,-0.230212,7.02117,-4.11283
0.527999,372.027,8.43902e-005,2.78933,-0.172225,7.13237,-4.18769
0.527999,372.027,8.45528e-005,2.85317,-0.113582,7.21309,-4.2437
0.527999,372.027,8.47154e-005,2.90575,-0.0545329,7.26303,-4.28064
0.527999,372.027,8.4878e-005,2.94686,0.0046706,7.28203,-4.29837
0.527999,372.027,8.50407e-005,2.97634,0.0637767,7.27005,-4.29685
0.527999,372.027,8.52033e-005,2.99408,0.122534,7.22716,-4.27611
0.527999,372.027,8.53659e-005,3,0.180693,7.15358,-4.23626
0.527999,372.027,8.55285e-005,2.99408,0.238007,7.04965,-4.1775
0.527999,372.027,8.56911e-005,2.97634,0.294234,6.91584,-4.1001
0.527999,372.027,8.58537e-005,2.94686,0.349134,6.75273,-4.00442
0.527999,372.027,8.60163e-005,2.90575,0.402476,6.56103,-3.89088
0.527999,372.027,8.61789e-005,2.85317,0.454033,6.34157,-3.75999
0.527999,372.027,8.63415e-005,2.78933,0.503588,6.09529,-3.61234
0.527999,372.027,8.65041e-005,2.71448,0.550932,5.82323,-3.44857
0.527999,372.027,8.66667e-005,2.62892,0.595863,5.52656,-3.2694
0.527999,372.027,8.68293e-005,2.53298,0.638193,5.20652,-3.07563
0.527999,372.027,8.69919e-005,2.42705,0.677741,4.86449,-2.86808
0.527999,372.027,8.71545e-005,2.31154,0.714342,4.50188,-2.64768
0.527999,372.027,8.73171e-005,2.18691,0.74784,4.12025,-2.41537
0.527999,372.027,8.74797e-005,2.05364,0.778093,3.72118,-2.17217
0.527999,372.027,8.76423e-005,1.91227,0.804974,3.30635,-1.91914
0.527999,372.027,8.78049e-005,1.76336,0.828369,2.87752,-1.65736
0.527999,372.027,8.79675e-005,1.60748,0.848177,2.43647,-1.38797
0.527999,372.027,8.81301e-005,1.44526,0.864316,1.98505,-1.11214
0.527999,372.027,8.82927e-005,1.27734,0.876716,1.52516,-0.831059
0.527999,372.027,8.84553e-005,1.10437,0.885323,1.05872,-0.545949
0.527999,372.027,8.86179e-005,0.927051,0.890101,0.587677,-0.258039
0.527999,372.027,8.87805e-005,0.74607,0.891028,0.114007,0.031425
0.527999,372.027,8.89431e-005,0.562144,0.888099,-0.360309,0.32119
0.527999,372.027,8.91057e-005,0.376,0.881324,-0.833289,0.610003
0.527999,372.027,8.92683e-005,0.188372,0.870731,-1.30295,0.896612
0.527999,372.027,8.94309e-005,-6.61694e-015,0.856362,-1.76734,1.17978
0.527999,372.027,8.95935e-005,-0.188372,0.838277,-2.22451,1.45827
0.527999,372.027,8.97561e-005,-0.376,0.816549,-2.67254,1.73088
0.527999,372.027,8.99187e-005,-0.562144,0.791268,-3.10957,1.99642
0.527999,372.027,9.00813e-005,-0.74607,0.762538,-3.53376,2.25375
0.527999,372.027,9.02439e-005,-0.927051,0.730478,-3.94333,2.50173
0.527999,372.027,9.04065e-005,-1.10437,0.695221,-4.33658,2.73928
0.527999,372.027,9.05691e-005,-1.27734,0.656914,-4.71184,2.96537
0.527999,372.027,9.07317e-005,-1.44526,0.615714,-5.06754,3.179
0.527999,372.027,9.08943e-005,-1.60748,0.571794,-5.40219,3.37923
0.527999,372.027,9.10569e-005,-1.76336,0.525336,-5.71438,3.56518
0.527999,372.027,9.12195e-005,-1.91227,0.476532,-6.00279,3.73602
0.527999,372.027,9.13821e-005,-2.05364,0.425588,-6.26619,3.89099
0.527999,372.027,9.15447e-005,-2.18691,0.372714,-6.50348,4.02939
0.527999,372.027,9.17073e-005,-2.31154,0.318131,-6.71365,4.1506
0.527999,372.027,9.18699e-005,-2.42705,0.262068,-6.89578,4.25406
0.527999,372.027,9.20325e-005,-2.53298,0.204758,-7.04911,4.33928
0.527999,372.027,9.21951e-005,-2.62892,0.146442,-7.17296,4.40587
0.527999,372.027,9.23577e-005,-2.71448,0.087362,-7.26679,4.45349
0.527999,372.027,9.25203e-005,-2.78933,0.027767,-7.33019,4.48191
0.527999,372.027,9.26829e-005,-2.85317,-0.0320936,-7.36284,4.49093
0.527999,372.027,9.28455e-005,-2.90575,-0.0919683,-7.36459,4.4805
0.527999,372.027,9.30081e-005,-2.94686,-0.151606,-7.33539,4.45059
0.527999,372.027,9.31707e-005,-2.97634,-0.210755,-7.27533,4.40129
0.527999,372.027,9.33333e-005,-2.99408,-0.269166,-7.18461,4.33275
0.527999,372.027,9.34959e-005,-3,-0.326594,-7.06358,4.24522
0.527999,372.027,9.36585e-005,-2.99408,-0.382794,-6.9127,4.13901
0.527999,372.027,9.38211e-005,-2.97634,-0.437531,-6.73256,4.01452
0.527999,372.027,9.39837e-005,-2.94686,-0.49057,-6.52385,3.87223
0.527999,372.027,9.41463e-005,-2.90575,-0.541687,-6.28741,3.7127
0.527999,372.027,9.43089e-005,-2.85317,-0.590664,-6.02418,3.53654
0.527999,372.027,9.44715e-005,-2.78933,-0.637292,-5.73521,3.34445
0.527999,372.027,9.46341e-005,-2.71448,-0.68137,-5.42164,3.1372
0.527999,372.027,9.47967e-005,-2.62892,-0.72271,-5.08475,2.91562
0.527999,372.027,9.49593e-005,-2.53298,-0.761132,-4.72589,2.68059
0.527999,372.027,9.5122e-005,-2.42705,-0.796469,-4.34651,2.43307
0.527999,372.027,9.52846e-005,-2.31154,-0.828568,-3.94814,2.17406
0.527999,372.027,9.54472e-005,-2.18691,-0.857287,-3.53239,1.9046
0.527999,372.027,9.56098e-005,-2.05364,-0.882498,-3.10096,1.62581
0.527999,372.027,9.57724e-005,-1.91227,-0.904088,-2.65559,1.33882
0.527999,372.027,9.5935e-005,-1.76336,-0.921958,-2.19809,1.04481
0.527999,372.027,9.60976e-005,-1.60748,-0.936026,-1.73033,0.744984
0.527999,372.027,9.62602e-005,-1.44526,-0.946223,-1.25422,0.440585
0.527999,372.027,9.64228e-005,-1.27734,-0.952497,-0.7717,0.13287
0.527999,372.027,9.65854e-005,-1.10437,-0.954812,-0.284747,-0.176885
0.527999,372.027,9.6748e-005,-0.927051,-0.953148,0.204646,-0.487393
0.527999,372.027,9.69106e-005,-0.74607,-0.947502,0.694472,-0.79736
0.527999,372.027,9.70732e-005,-0.562144,-0.937887,1.18272,-1.10549
0.527999,372.027,9.72358e-005,-0.376,-0.924331,1.66738,-1.41049
0.527999,372.027,9.73984e-005,-0.188372,-0.90688,2.14645,-1.71109
0.527999,372.027,9.7561e-005,-4.40858e-015,-0.885596,2.61797,-2.00601
0.527999,372.027,0.000894309,2.35368e-014,-1.09756,2.28182,-1.52867
0.527999,372.027,0.000894472,0.188372,-1.07468,2.81461,-1.88561
0.527999,372.027,0.000894634,0.376,-1.04755,3.33628,-2.23509
0.527999,372.027,0.000894797,0.562144,-1.0163,3.84479,-2.57576
0.527999,372.027,0.000894959,0.74607,-0.981027,4.33813,-2.90627
0.527999,372.027,0.000895122,0.927051,-0.941886,4.81434,-3.2253
0.527999,372.027,0.000895285,1.10437,-0.899028,5.27156,-3.5316
0.527999,372.027,0.000895447,1.27734,-0.852621,5.70797,-3.82397
0.527999,372.027,0.00089561,1.44526,-0.80285,6.12185,-4.10125
0.527999,372.027,0.000895772,1.60748,-0.749911,6.51158,-4.36233
0.527999,372.027,0.000895935,1.76336,-0.694011,6.8756,-4.60621
0.527999,372.027,0.000896098,1.91227,-0.635373,7.21249,-4.8319
0.527999,372.027,0.00089626,2.05364,-0.574228,7.52092,-5.03853
0.527999,372.027,0.000896423,2.18691,-0.510816,7.79966,-5.22527
0.527999,372.027,0.000896585,2.31154,-0.445388,8.04762,-5.39139
0.527999,372.027,0.000896748,2.42705,-0.378202,8.26383,-5.53623
0.527999,372.027,0.000896911,2.53298,-0.309524,8.44742,-5.65922
0.527999,372.027,0.000897073,2.62892,-0.239624,8.59767,-5.75988
0.527999,372.027,0.000897236,2.71448,-0.168779,8.71399,-5.83781
0.527999,372.027,0.000897398,2.78933,-0.0972674,8.79592,-5.89269
0.527999,372.027,0.000897561,2.85317,-0.0253721,8.84313,-5.92433
0.527999,372.027,0.000897724,2.90575,0.0466234,8.85545,-5.93258
0.527999,372.027,0.000897886,2.94686,0.118435,8.83282,-5.91741
0.527999,372.027,0.000898049,2.97634,0.189779,8.77532,-5.8789
0.527999,372.027,0.000898211,2.99408,0.260374,8.6832,-5.81718
0.527999,372.027,0.000898374,3,0.329942,8.55681,-5.73251
0.527999,372.027,0.000898537,2.99408,0.398207,8.39665,-5.62521
0.527999,372.027,0.000898699,2.97634,0.464901,8.20335,-5.49571
0.527999,372.027,0.000898862,2.94686,0.52976,7.97767,-5.34452
0.527999,372.027,0.000899024,2.90575,0.592529,7.72051,-5.17224
0.527999,372.027,0.000899187,2.85317,0.652959,7.43289,-4.97955
0.527999,372.027,0.00089935,2.78933,0.710812,7.11592,-4.76721
0.527999,372.027,0.000899512,2.71448,0.765859,6.77088,-4.53605
0.527999,372.027,0.000899675,2.62892,0.817885,6.39911,-4.28699
0.527999,372.027,0.000899837,2.53298,0.866682,6.00209,-4.02101
0.527999,372.027,0.0009,2.42705,0.912059,5.58138,-3.73916
0.527999,372.027,0.000900163,2.31154,0.953837,5.13864,-3.44256
0.527999,372.027,0.000900325,2.18691,0.99185,4.67563,-3.13237
0.527999,372.027,0.000900488,2.05364,1.02595,4.19416,-2.80982
0.527999,372.027,0.00090065,1.91227,1.056,3.69614,-2.47617
0.527999,372.027,0.000900813,1.76336,1.08188,3.18353,-2.13276
0.527999,372.027,0.000900976,1.60748,1.10349,2.65836,-1.78093
0.527999,372.027,0.000901138,1.44526,1.12075,2.1227,-1.42207
0.527999,372.027,0.000901301,1.27734,1.13359,1.57865,-1.0576
0.527999,372.027,0.000901463,1.10437,1.14195,1.02838,-0.68895
0.527999,372.027,0.000901626,0.927051,1.1458,0.474054,-0.317585
0.527999,372.027,0.000901789,0.74607,1.14513,-0.0821461,0.0550329
0.527999,372.027,0.000901951,0.562144,1.13995,-0.638022,0.427434
0.527999,372.027,0.000902114,0.376,1.13026,-1.19138,0.798148
0.527999,372.027,0.000902276,0.188372,1.11611,-1.74004,1.16571
0.527999,372.027,0.000902439,1.79335e-013,1.09756,-2.28183,1.52868
0.527999,372.027,0.000902602,-0.188372,1.07468,-2.81461,1.88561
0.527999,372.027,0.000902764,-0.376,1.04755,-3.33629,2.2351
0.527999,372.027,0.000902927,-0.562144,1.0163,-3.84479,2.57576
0.527999,372.027,0.000903089,-0.74607,0.981027,-4.33813,2.90627
0.527999,372.027,0.000903252,-0.927051,0.941886,-4.81434,3.2253
0.527999,372.027,0.000903415,-1.10437,0.899028,-5.27156,3.5316
0.527999,372.027,0.000903577,-1.27734,0.852621,-5.70797,3.82397
0.527999,372.027,0.00090374,-1.44526,0.80285,-6.12185,4.10125
0.527999,372.027,0.000903902,-1.60748,0.749911,-6.51158,4.36234
0.527999,372.027,0.000904065,-1.76336,0.694011,-6.8756,4.60621
0.527999,372.027,0.000904228,-1.91227,0.635373,-7.21249,4.8319
0.527999,372.027,0.00090439,-2.05364,0.574227,-7.52092,5.03853
0.527999,372.027,0.000904553,-2.18691,0.510816,-7.79966,5.22527
0.527999,372.027,0.000904715,-2.31154,0.445388,-8.04763,5.39139
0.527999,372.027,0.000904878,-2.42705,0.378202,-8.26383,5.53623
0.527999,372.027,0.000905041,-2.53298,0.309524,-8.44742,5.65922
0.527999,372.027,0.000905203,-2.62892,0.239624,-8.59767,5.75988
0.527999,372.027,0.000905366,-2.71448,0.168779,-8.71399,5.83781
0.527999,372.027,0.000905528,-2.78933,0.0972673,-8.79592,5.89269
0.527999,372.027,0.000905691,-2.85317,0.0253719,-8.84313,5.92433
0.527999,372.027,0.000905854,-2.90575,-0.0466236,-8.85545,5.93258
0.527999,372.027,0.000906016,-2.94686,-0.118435,-8.83282,5.91742
0.527999,372.027,0.000906179,-2.97634,-0.189779,-8.77532,5.8789
0.527999,372.027,0.000906341,-2.99408,-0.260374,-8.6832,5.81718
0.527999,372.027,0.000906504,-3,-0.329942,-8.55681,5.73251
0.527999,372.027,0.000906667,-2.99408,-0.398207,-8.39665,5.62521
0.527999,372.027,0.000906829,-2.97634,-0.464901,-8.20335,5.49571
0.527999,372.027,0.000906992,-2.94686,-0.52976,-7.97767,5.34452
0.527999,372.027,0.000907154,-2.90575,-0.592529,-7.72051,5.17224
0.527999,372.027,0.000907317,-2.85317,-0.652959,-7.43289,4.97955
0.527999,372.027,0.00090748,-2.78933,-0.710812,-7.11592,4.76721
0.527999,372.027,0.000907642,-2.71448,-0.765859,-6.77088,4.53605
0.527999,372.027,0.000907805,-2.62892,-0.817885,-6.39911,4.28699
0.527999,372.027,0.000907967,-2.53298,-0.866682,-6.00209,4.02101
0.527999,372.027,0.00090813,-2.42705,-0.912059,-5.58138,3.73916
0.527999,372.027,0.000908293,-2.31154,-0.953837,-5.13864,3.44256
0.527999,372.027,0.000908455,-2.18691,-0.99185,-4.67563,3.13237
0.527999,372.027,0.000908618,-2.05364,-1.02595,-4.19416,2.80982
0.527999,372.027,0.00090878,-1.91227,-1.056,-3.69614,2.47617
0.527999,372.027,0.000908943,-1.76336,-1.08188,-3.18353,2.13276
0.527999,372.027,0.000909106,-1.60748,-1.10349,-2.65836,1.78093
0.527999,372.027,0.000909268,-1.44526,-1.12075,-2.12269,1.42207
0.527999,372.027,0.000909431,-1.27734,-1.13359,-1.57865,1.0576
0.527999,372.027,0.000909593,-1.10437,-1.14195,-1.02838,0.68895
0.527999,372.027,0.000909756,-0.927051,-1.1458,-0.474054,0.317585
0.527999,372.027,0.000909919,-0.74607,-1.14513,0.0821467,-0.0550334
0.527999,372.027,0.000910081,-0.562144,-1.13995,0.638023,-0.427435
0.527999,372.027,0.000910244,-0.376,-1.13026,1.19138,-0.798149
0.527999,372.027,0.000910407,-0.188372,-1.11611,1.74004,-1.16571
0.527999,372.027,0.000910569,-4.11468e-014,-1.09756,2.28183,-1.52868
0.527999,372.027,0.000910732,0.188372,-1.07468,2.81461,-1.88561
0.527999,372.027,0.000910894,0.376,-1.04755,3.33629,-2.2351
0.527999,372.027,0.000911057,0.562144,-1.0163,3.8448,-2.57576
0.527999,372.027,0.00091122,0.74607,-0.981027,4.33813,-2.90627
0.527999,372.027,0.000911382,0.927051,-0.941886,4.81435,-3.2253
0.527999,372.027,0.000911545,1.10437,-0.899028,5.27156,-3.5316
0.527999,372.027,0.000911707,1.27734,-0.852621,5.70797,-3.82397
0.527999,372.027,0.00091187,1.44526,-0.80285,6.12185,-4.10125
0.527999,372.027,0.000912033,1.60748,-0.749911,6.51158,-4.36234
0.527999,372.027,0.000912195,1.76336,-0.694011,6.8756,-4.60621
0.527999,372.027,0.000912358,1.91227,-0.635373,7.21249,-4.8319
0.527999,372.027,0.00091252,2.05364,-0.574227,7.52092,-5.03853
0.527999,372.027,0.000912683,2.18691,-0.510816,7.79966,-5.22527
0.527999,372.027,0.000912846,2.31154,-0.445388,8.04763,-5.39139
0.527999,372.027,0.000913008,2.42705,-0.378202,8.26383,-5.53623
0.527999,372.027,0.000913171,2.53298,-0.309524,8.44742,-5.65922
0.527999,372.027,0.000913333,2.62892,-0.239624,8.59767,-5.75988
0.527999,372.027,0.000913496,2.71448,-0.168779,8.71399,-5.83781
0.527999,372.027,0.000913659,2.78933,-0.0972673,8.79592,-5.8927
0.527999,372.027,0.000913821,2.85317,-0.0253719,8.84313,-5.92433
0.527999,372.027,0.000913984,2.90575,0.0466236,8.85545,-5.93258
0.527999,372.027,0.000914146,2.94686,0.118435,8.83282,-5.91742
0.527999,372.027,0.000914309,2.97634,0.189779,8.77533,-5.8789
0.527999,372.027,0.000914472,2.99408,0.260374,8.6832,-5.81718
0.527999,372.027,0.000914634,3,0.329942,8.55681,-5.73251
0.527999,372.027,0.000914797,2.99408,0.398207,8.39665,-5.62521
0.527999,372.027,0.000914959,2.97634,0.464901,8.20335,-5.49571
0.527999,372.027,0.000915122,2.94686,0.52976,7.97767,-5.34453
0.527999,372.027,0.000915285,2.90575,0.592529,7.72051,-5.17225
0.527999,372.027,0.000915447,2.85317,0.652959,7.43289,-4.97955
0.527999,372.027,0.00091561,2.78933,0.710812,7.11592,-4.76721
0.527999,372.027,0.000915772,2.71448,0.76586,6.77088,-4.53605
0.527999,372.027,0.000915935,2.62892,0.817885,6.39911,-4.28699
0.527999,372.027,0.000916098,2.53298,0.866682,6.00209,-4.02101
0.527999,372.027,0.00091626,2.42705,0.912059,5.58138,-3.73916
0.527999,372.027,0.000916423,2.31154,0.953837,5.13864,-3.44256
0.527999,372.027,0.000916585,2.18691,0.99185,4.67563,-3.13237
0.527999,372.027,0.000916748,2.05364,1.02595,4.19416,-2.80982
0.527999,372.027,0.000916911,1.91227,1.056,3.69614,-2.47617
0.527999,372.027,0.000917073,1.76336,1.08188,3.18353,-2.13276
0.527999,372.027,0.000917236,1.60748,1.10349,2.65836,-1.78093
0.527999,372.027,0.000917398,1.44526,1.12075,2.12269,-1.42207
0.527999,372.027,0.000917561,1.27734,1.13359,1.57865,-1.0576
0.527999,372.027,0.000917724,1.10437,1.14195,1.02838,-0.68895
0.527999,372.027,0.000917886,0.927051,1.1458,0.474054,-0.317585
0.527999,372.027,0.000918049,0.74607,1.14513,-0.0821467,0.0550334
0.527999,372.027,0.000918211,0.562144,1.13995,-0.638023,0.427435
0.527999,372.027,0.000918374,0.376,1.13026,-1.19138,0.798149
0.527999,372.027,0.000918537,0.188372,1.11611,-1.74004,1.16571
0.527999,372.027,0.000918699,7.34886e-014,1.09756,-2.28183,1.52868
0.527999,372.027,0.000918862,-0.188372,1.07468,-2.81461,1.88561
0.527999,372.027,0.000919024,-0.376,1.04755,-3.33629,2.2351
0.527999,372.027,0.000919187,-0.562144,1.0163,-3.8448,2.57576
0.527999,372.027,0.00091935,-0.74607,0.981027,-4.33813,2.90627
0.527999,372.027,0.000919512,-0.927051,0.941886,-4.81435,3.2253
0.527999,372.027,0.000919675,-1.10437,0.899028,-5.27156,3.53161
0.527999,372.027,0.000919837,-1.27734,0.852621,-5.70797,3.82397
0.527999,372.027,0.00092,-1.44526,0.80285,-6.12185,4.10125
0.527999,372.027,0.000920163,-1.60748,0.749911,-6.51158,4.36234
0.527999,372.027,0.000920325,-1.76336,0.694011,-6.8756,4.60621
0.527999,372.027,0.000920488,-1.91227,0.635373,-7.21249,4.83191
0.527999,372.027,0.00092065,-2.05364,0.574228,-7.52092,5.03853
0.527999,372.027,0.000920813,-2.18691,0.510816,-7.79966,5.22527
0.527999,372.027,0.000920976,-2.31154,0.445388,-8.04763,5.39139
0.527999,372.027,0.000921138,-2.42705,0.378202,-8.26383,5.53623
0.527999,372.027,0.000921301,-2.53298,0.309524,-8.44742,5.65922
0.527999,372.027,0.000921463,-2.62892,0.239624,-8.59767,5.75988
0.527999,372.027,0.000921626,-2.71448,0.168779,-8.71399,5.83781
0.527999,372.027,0.000921789,-2.78933,0.0972673,-8.79592,5.8927
0.527999,372.027,0.000921951,-2.85317,0.0253719,-8.84313,5.92433
0.527999,372.027,0.000922114,-2.90575,-0.0466236,-8.85545,5.93258
0.527999,372.027,0.000922276,-2.94686,-0.118435,-8.83282,5.91742
0.527999,372.027,0.000922439,-2.97634,-0.189779,-8.77533,5.8789
0.527999,372.027,0.000922602,-2.99408,-0.260374,-8.6832,5.81718
0.527999,372.027,0.000922764,-3,-0.329942,-8.55681,5.73251
0.527999,372.027,0.000922927,-2.99408,-0.398207,-8.39665,5.62521
0.527999,372.027,0.000923089,-2.97634,-0.464901,-8.20335,5.49571
0.527999,372.027,0.000923252,-2.94686,-0.52976,-7.97767,5.34453
0.527999,372.027,0.000923415,-2.90575,-0.592529,-7.72052,5.17225
0.527999,372.027,0.000923577,-2.85317,-0.652959,-7.43289,4.97955
0.527999,372.027,0.00092374,-2.78933,-0.710812,-7.11592,4.76721
0.527999,372.027,0.000923902,-2.71448,-0.76586,-6.77088,4.53605
0.527999,372.027,0.000924065,-2.62892,-0.817885,-6.39911,4.28699
0.527999,372.027,0.000924228,-2.53298,-0.866682,-6.00209,4.02101
0.527999,372.027,0.00092439,-2.42705,-0.91206,-5.58138,3.73916
0.527999,372.027,0.000924553,-2.31154,-0.953837,-5.13864,3.44256
0.527999,372.027,0.000924715,-2.18691,-0.99185,-4.67563,3.13237
0.527999,372.027,0.000924878,-2.05364,-1.02595,-4.19416,2.80982
0.527999,372.027,0.000925041,-1.91227,-1.056,-3.69614,2.47617
0.527999,372.027,0.000925203,-1.76336,-1.08188,-3.18353,2.13276
0.527999,372.027,0.000925366,-1.60748,-1.10349,-2.65836,1.78093
0.527999,372.027,0.000925528,-1.44526,-1.12075,-2.1227,1.42207
0.527999,372.027,0.000925691,-1.27734,-1.13359,-1.57865,1.0576
0.527999,372.027,0.000925854,-1.10437,-1.14195,-1.02838,0.68895
0.527999,372.027,0.000926016,-0.927051,-1.1458,-0.474054,0.317585
0.527999,372.027,0.000926179,-0.74607,-1.14513,0.0821464,-0.0550331
0.527999,372.027,0.000926341,-0.562144,-1.13995,0.638023,-0.427434
0.527999,372.027,0.000926504,-0.376,-1.13026,1.19138,-0.798148
0.527999,372.027,0.000926667,-0.188372,-1.11611,1.74004,-1.16571
0.527999,372.027,0.000926829,-1.0583e-013,-1.09756,2.28183,-1.52868
0.527999,372.027,0.000926992,0.188372,-1.07468,2.81461,-1.88561
0.527999,372.027,0.000927154,0.376,-1.04755,3.33629,-2.2351
0.527999,372.027,0.000927317,0.562144,-1.0163,3.8448,-2.57576
0.527999,372.027,0.00092748,0.74607,-0.981027,4.33813,-2.90627
0.527999,372.027,0.000927642,0.927051,-0.941886,4.81435,-3.2253
0.527999,372.027,0.000927805,1.10437,-0.899028,5.27156,-3.53161
0.527999,372.027,0.000927967,1.27734,-0.852622,5.70797,-3.82397
0.527999,372.027,0.00092813,1.44526,-0.80285,6.12185,-4.10125
0.527999,372.027,0.000928293,1.60748,-0.749911,6.51158,-4.36234
0.527999,372.027,0.000928455,1.76336,-0.694012,6.8756,-4.60621
0.527999,372.027,0.000928618,1.91227,-0.635373,7.21249,-4.83191
0.527999,372.027,0.00092878,2.05364,-0.574228,7.52092,-5.03853
0.527999,372.027,0.000928943,2.18691,-0.510816,7.79966,-5.22527
0.527999,372.027,0.000929106,2.31154,-0.445388,8.04763,-5.39139
0.527999,372.027,0.000929268,2.42705,-0.378202,8.26383,-5.53623
0.527999,372.027,0.000929431,2.53298,-0.309524,8.44742,-5.65922
0.527999,372.027,0.000929593,2.62892,-0.239624,8.59767,-5.75988
0.527999,372.027,0.000929756,2.71448,-0.168779,8.71399,-5.83781
0.527999,372.027,0.000929919,2.78933,-0.0972674,8.79592,-5.8927
0.527999,372.027,0.000930081,2.85317,-0.025372,8.84313,-5.92433
0.527999,372.027,0.000930244,2.90575,0.0466235,8.85545,-5.93258
0.527999,372.027,0.000930407,2.94686,0.118435,8.83282,-5.91742
0.527999,372.027,0.000930569,2.97634,0.189779,8.77533,-5.8789
0.527999,372.027,0.000930732,2.99408,0.260374,8.6832,-5.81719
0.527999,372.027,0.000930894,3,0.329942,8.55681,-5.73251
0.527999,372.027,0.000931057,2.99408,0.398207,8.39665,-5.62521
0.527999,372.027,0.00093122,2.97634,0.464901,8.20335,-5.49571
0.527999,372.027,0.000931382,2.94686,0.52976,7.97767,-5.34453
0.527999,372.027,0.000931545,2.90575,0.592529,7.72052,-5.17225
0.527999,372.027,0.000931707,2.85317,0.652959,7.43289,-4.97955
0.527999,372.027,0.00093187,2.78933,0.710812,7.11593,-4.76721
0.527999,372.027,0.000932033,2.71448,0.76586,6.77088,-4.53605
0.527999,372.027,0.000932195,2.62892,0.817885,6.39911,-4.28699
0.527999,372.027,0.000932358,2.53298,0.866682,6.00209,-4.02101
0.527999,372.027,0.00093252,2.42705,0.912059,5.58138,-3.73917
0.527999,372.027,0.000932683,2.31154,0.953837,5.13865,-3.44256
0.527999,372.027,0.000932846,2.18691,0.99185,4.67563,-3.13237
0.527999,372.027,0.000933008,2.05364,1.02595,4.19416,-2.80982
0.527999,372.027,0.000933171,1.91227,1.056,3.69614,-2.47617
0.527999,372.027,0.000933333,1.76336,1.08188,3.18353,-2.13276
0.527999,372.027,0.000933496,1.60748,1.10349,2.65836,-1.78093
0.527999,372.027,0.000933659,1.44526,1.12075,2.1227,-1.42207
0.527999,372.027,0.000933821,1.27734,1.13359,1.57865,-1.0576
0.527999,372.027,0.000933984,1.10437,1.14195,1.02838,-0.688951
0.527999,372.027,0.000934146,0.927051,1.1458,0.474055,-0.317586
0.527999,372.027,0.000934309,0.74607,1.14513,-0.0821459,0.0550325
0.527999,372.027,0.000934472,0.562144,1.13995,-0.638022,0.427434
0.527999,372.027,0.000934634,0.376,1.13026,-1.19138,0.798148
0.527999,372.027,0.000934797,0.188372,1.11611,-1.74004,1.16571
0.527999,372.027,0.000934959,-3.23581e-014,1.09756,-2.28183,1.52868
0.527999,372.027,0.000935122,-0.188372,1.07468,-2.81461,1.88561
0.527999,372.027,0.000935285,-0.376,1.04756,-3.33629,2.2351
0.527999,372.027,0.000935447,-0.562144,1.0163,-3.8448,2.57576
0.527999,372.027,0.00093561,-0.74607,0.981027,-4.33813,2.90627
0.527999,372.027,0.000935772,-0.927051,0.941886,-4.81435,3.2253
0.527999,372.027,0.000935935,-1.10437,0.899028,-5.27156,3.5316
0.527999,372.027,0.000936098,-1.27734,0.852622,-5.70797,3.82397
0.527999,372.027,0.00093626,-1.44526,0.80285,-6.12185,4.10125
0.527999,372.027,0.000936423,-1.60748,0.749911,-6.51158,4.36234
0.527999,372.027,0.000936585,-1.76336,0.694012,-6.8756,4.60621
0.527999,372.027,0.000936748,-1.91227,0.635373,-7.21249,4.8319
0.527999,372.027,0.000936911,-2.05364,0.574228,-7.52092,5.03853
0.527999,372.027,0.000937073,-2.18691,0.510816,-7.79966,5.22527
0.527999,372.027,0.000937236,-2.31154,0.445388,-8.04763,5.39139
0.527999,372.027,0.000937398,-2.42705,0.378202,-8.26383,5.53623
0.527999,372.027,0.000937561,-2.53298,0.309524,-8.44742,5.65922
0.527999,372.027,0.000937724,-2.62892,0.239624,-8.59767,5.75988
0.527999,372.027,0.000937886,-2.71448,0.168779,-8.71399,5.83781
0.527999,372.027,0.000938049,-2.78933,0.0972675,-8.79592,5.8927
0.527999,372.027,0.000938211,-2.85317,0.0253721,-8.84313,5.92433
0.527999,372.027,0.000938374,-2.90575,-0.0466234,-8.85545,5.93258
0.527999,372.027,0.000938537,-2.94686,-0.118435,-8.83282,5.91742
0.527999,372.027,0.000938699,-2.97634,-0.189779,-8.77533,5.8789
0.527999,372.027,0.000938862,-2.99408,-0.260374,-8.6832,5.81719
0.527999,372.027,0.000939024,-3,-0.329942,-8.55681,5.73251
0.527999,372.027,0.000939187,-2.99408,-0.398207,-8.39665,5.62521
0.527999,372.027,0.00093935,-2.97634,-0.464901,-8.20335,5.49571
0.527999,372.027,0.000939512,-2.94686,-0.52976,-7.97768,5.34453
0.527999,372.027,0.000939675,-2.90575,-0.592529,-7.72052,5.17225
0.527999,372.027,0.000939837,-2.85317,-0.652959,-7.43289,4.97955
0.527999,372.027,0.00094,-2.78933,-0.710812,-7.11593,4.76721
0.527999,372.027,0.000940163,-2.71448,-0.76586,-6.77088,4.53605
0.527999,372.027,0.000940325,-2.62892,-0.817885,-6.39911,4.28699
0.527999,372.027,0.000940488,-2.53298,-0.866682,-6.00209,4.02101
0.527999,372.027,0.00094065,-2.42705,-0.912059,-5.58138,3.73917
0.527999,372.027,0.000940813,-2.31154,-0.953837,-5.13865,3.44256
0.527999,372.027,0.000940976,-2.18691,-0.99185,-4.67563,3.13237
0.527999,372.027,0.000941138,-2.05364,-1.02595,-4.19416,2.80982
0.527999,372.027,0.000941301,-1.91227,-1.056,-3.69614,2.47618
0.527999,372.027,0.000941463,-1.76336,-1.08188,-3.18353,2.13276
0.527999,372.027,0.000941626,-1.60748,-1.10349,-2.65836,1.78093
0.527999,372.027,0.000941789,-1.44526,-1.12075,-2.1227,1.42207
0.527999,372.027,0.000941951,-1.27734,-1.13359,-1.57866,1.0576
0.527999,372.027,0.000942114,-1.10437,-1.14195,-1.02838,0.688951
0.527999,372.027,0.000942276,-0.927051,-1.1458,-0.474055,0.317586
0.527999,372.027,0.000942439,-0.74607,-1.14513,0.0821454,-0.055032
0.527999,372.027,0.000942602,-0.562144,-1.13995,0.638022,-0.427433
0.527999,372.027,0.000942764,-0.376,-1.13026,1.19138,-0.798147
0.527999,372.027,0.000942927,-0.188372,-1.11611,1.74004,-1.16571
0.527999,372.027,0.000943089,-1.70514e-013,-1.09756,2.28183,-1.52868
0.527999,372.027,0.000943252,0.188372,-1.07468,2.81461,-1.88561
0.527999,372.027,0.000943415,0.376,-1.04756,3.33629,-2.2351
0.527999,372.027,0.000943577,0.562144,-1.0163,3.84479,-2.57576
0.527999,372.027,0.00094374,0.74607,-0.981027,4.33813,-2.90627
0.527999,372.027,0.000943902,0.927051,-0.941886,4.81434,-3.2253
0.527999,372.027,0.000944065,1.10437,-0.899028,5.27156,-3.5316
0.527999,372.027,0.000944228,1.27734,-0.852622,5.70797,-3.82397
0.527999,372.027,0.00094439,1.44526,-0.802851,6.12185,-4.10125
0.527999,372.027,0.000944553,1.60748,-0.749911,6.51158,-4.36234
0.527999,372.027,0.000944715,1.76336,-0.694012,6.8756,-4.60621
0.527999,372.027,0.000944878,1.91227,-0.635374,7.21249,-4.8319
0.527999,372.027,0.000945041,2.05364,-0.574228,7.52092,-5.03853
0.527999,372.027,0.000945203,2.18691,-0.510816,7.79966,-5.22527
0.527999,372.027,0.000945366,2.31154,-0.445388,8.04763,-5.39139
0.527999,372.027,0.000945528,2.42705,-0.378202,8.26383,-5.53623
0.527999,372.027,0.000945691,2.53298,-0.309524,8.44742,-5.65922
0.527999,372.027,0.000945854,2.62892,-0.239625,8.59767,-5.75988
0.527999,372.027,0.000946016,2.71448,-0.168779,8.71399,-5.83781
0.527999,372.027,0.000946179,2.78933,-0.0972676,8.79592,-5.8927
0.527999,372.027,0.000946341,2.85317,-0.0253722,8.84313,-5.92433
0.527999,372.027,0.000946504,2.90575,0.0466234,8.85545,-5.93258
0.527999,372.027,0.000946667,2.94686,0.118435,8.83282,-5.91742
0.527999,372.027,0.000946829,2.97634,0.189779,8.77533,-5.8789
0.527999,372.027,0.000946992,2.99408,0.260374,8.6832,-5.81719
0.527999,372.027,0.000947154,3,0.329942,8.55681,-5.73251
0.527999,372.027,0.000947317,2.99408,0.398207,8.39665,-5.62521
0.527999,372.027,0.00094748,2.97634,0.464901,8.20335,-5.49571
0.527999,372.027,0.000947642,2.94686,0.52976,7.97768,-5.34453
0.527999,372.027,0.000947805,2.90575,0.592529,7.72052,-5.17225
0.527999,372.027,0.000947967,2.85317,0.652959,7.43289,-4.97956
0.527999,372.027,0.00094813,2.78933,0.710812,7.11593,-4.76721
0.527999,372.027,0.000948293,2.71448,0.765859,6.77088,-4.53605
0.527999,372.027,0.000948455,2.62892,0.817885,6.39911,-4.28699
0.527999,372.027,0.000948618,2.53298,0.866682,6.00209,-4.02101
0.527999,372.027,0.00094878,2.42705,0.912059,5.58138,-3.73917
0.527999,372.027,0.000948943,2.31154,0.953837,5.13865,-3.44256
0.527999,372.027,0.000949106,2.18691,0.99185,4.67563,-3.13237
0.527999,372.027,0.000949268,2.05364,1.02595,4.19416,-2.80982
0.527999,372.027,0.000949431,1.91227,1.056,3.69614,-2.47618
0.527999,372.027,0.000949593,1.76336,1.08188,3.18353,-2.13276
0.527999,372.027,0.000949756,1.60748,1.10349,2.65836,-1.78093
0.527999,372.027,0.000949919,1.44526,1.12075,2.1227,-1.42207
0.527999,372.027,0.000950081,1.27734,1.13359,1.57866,-1.0576
0.527999,372.027,0.000950244,1.10437,1.14195,1.02838,-0.688952
0.527999,372.027,0.000950407,0.927051,1.1458,0.474055,-0.317587
0.527999,372.027,0.000950569,0.74607,1.14513,-0.082145,0.0550316
0.527999,372.027,0.000950732,0.562144,1.13995,-0.638021,0.427433
0.527999,372.027,0.000950894,0.376,1.13026,-1.19138,0.798147
0.527999,372.027,0.000951057,0.188372,1.11611,-1.74004,1.16571
0.527999,372.027,0.00095122,3.23255e-014,1.09756,-2.28183,1.52868
0.527999,372.027,0.000951382,-0.188372,1.07468,-2.81461,1.88561
0.527999,372.027,0.000951545,-0.376,1.04756,-3.33628,2.2351
0.527999,372.027,0.000951707,-0.562144,1.0163,-3.84479,2.57576
0.527999,372.027,0.00095187,-0.74607,0.981027,-4.33813,2.90627
0.527999,372.027,0.000952033,-0.927051,0.941886,-4.81434,3.2253
0.527999,372.027,0.000952195,-1.10437,0.899028,-5.27156,3.5316
0.527999,372.027,0.000952358,-1.27734,0.852622,-5.70797,3.82397
0.527999,372.027,0.00095252,-1.44526,0.802851,-6.12185,4.10125
0.527999,372.027,0.000952683,-1.60748,0.749911,-6.51158,4.36234
0.527999,372.027,0.000952846,-1.76336,0.694012,-6.8756,4.60621
0.527999,372.027,0.000953008,-1.91227,0.635374,-7.21249,4.8319
0.527999,372.027,0.000953171,-2.05364,0.574228,-7.52092,5.03853
0.527999,372.027,0.000953333,-2.18691,0.510816,-7.79966,5.22527
0.527999,372.027,0.000953496,-2.31154,0.445388,-8.04763,5.39139
0.527999,372.027,0.000953659,-2.42705,0.378202,-8.26383,5.53623
0.527999,372.027,0.000953821,-2.53298,0.309524,-8.44742,5.65922
0.527999,372.027,0.000953984,-2.62892,0.239625,-8.59767,5.75988
0.527999,372.027,0.000954146,-2.71448,0.168779,-8.71399,5.83781
0.527999,372.027,0.000954309,-2.78933,0.0972676,-8.79592,5.8927
0.527999,372.027,0.000954472,-2.85317,0.0253722,-8.84313,5.92433
0.527999,372.027,0.000954634,-2.90575,-0.0466233,-8.85545,5.93258
0.527999,372.027,0.000954797,-2.94686,-0.118435,-8.83282,5.91742
0.527999,372.027,0.000954959,-2.97634,-0.189779,-8.77533,5.8789
0.527999,372.027,0.000955122,-2.99408,-0.260374,-8.6832,5.81718
0.527999,372.027,0.000955285,-3,-0.329942,-8.55681,5.73251
0.527999,372.027,0.000955447,-2.99408,-0.398207,-8.39665,5.62521
0.527999,372.027,0.00095561,-2.97634,-0.464901,-8.20335,5.49571
0.527999,372.027,0.000955772,-2.94686,-0.52976,-7.97767,5.34453
0.527999,372.027,0.000955935,-2.90575,-0.592529,-7.72052,5.17225
0.527999,372.027,0.000956098,-2.85317,-0.652959,-7.43289,4.97955
0.527999,372.027,0.00095626,-2.78933,-0.710812,-7.11593,4.76721
0.527999,372.027,0.000956423,-2.71448,-0.765859,-6.77088,4.53605
0.527999,372.027,0.000956585,-2.62892,-0.817885,-6.39911,4.28699
0.527999,372.027,0.000956748,-2.53298,-0.866682,-6.00209,4.02101
0.527999,372.027,0.000956911,-2.42705,-0.912059,-5.58138,3.73917
0.527999,372.027,0.000957073,-2.31154,-0.953837,-5.13865,3.44256
0.527999,372.027,0.000957236,-2.18691,-0.99185,-4.67563,3.13237
0.527999,372.027,0.000957398,-2.05364,-1.02595,-4.19416,2.80982
0.527999,372.027,0.000957561,-1.91227,-1.056,-3.69614,2.47618
0.527999,372.027,0.000957724,-1.76336,-1.08188,-3.18353,2.13276
0.527999,372.027,0.000957886,-1.60748,-1.10349,-2.65836,1.78093
0.527999,372.027,0.000958049,-1.44526,-1.12075,-2.1227,1.42207
0.527999,372.027,0.000958211,-1.27734,-1.13359,-1.57866,1.0576
0.527999,372.027,0.000958374,-1.10437,-1.14195,-1.02839,0.688952
0.527999,372.027,0.000958537,-0.927051,-1.1458,-0.474056,0.317587
0.527999,372.027,0.000958699,-0.74607,-1.14513,0.0821448,-0.0550315
0.527999,372.027,0.000958862,-0.562144,-1.13995,0.638021,-0.427433
0.527999,372.027,0.000959024,-0.376,-1.13026,1.19138,-0.798147
0.527999,372.027,0.000959187,-0.188372,-1.11611,1.74004,-1.16571
0.527999,372.027,0.00095935,-6.46673e-014,-1.09756,2.28182,-1.52867
0.527999,372.027,0.000959512,0.188372,-1.07468,2.81461,-1.88561
0.527999,372.027,0.000959675,0.376,-1.04755,3.33628,-2.23509
0.527999,372.027,0.000959837,0.562144,-1.0163,3.84479,-2.57576
0.527999,372.027,0.00096,0.74607,-0.981027,4.33813,-2.90627
0.527999,372.027,0.000960163,0.927051,-0.941886,4.81434,-3.2253
0.527999,372.027,0.000960325,1.10437,-0.899028,5.27156,-3.5316
0.527999,372.027,0.000960488,1.27734,-0.852622,5.70797,-3.82397
0.527999,372.027,0.00096065,1.44526,-0.80285,6.12185,-4.10125
0.527999,372.027,0.000960813,1.60748,-0.749911,6.51158,-4.36234
0.527999,372.027,0.000960976,1.76336,-0.694012,6.8756,-4.60621
0.527999,372.027,0.000961138,1.91227,-0.635373,7.21249,-4.8319
0.527999,372.027,0.000961301,2.05364,-0.574228,7.52092,-5.03853
0.527999,372.027,0.000961463,2.18691,-0.510816,7.79966,-5.22527
0.527999,372.027,0.000961626,2.31154,-0.445388,8.04763,-5.39139
0.527999,372.027,0.000961789,2.42705,-0.378202,8.26383,-5.53623
0.527999,372.027,0.000961951,2.53298,-0.309524,8.44742,-5.65922
0.527999,372.027,0.000962114,2.62892,-0.239625,8.59767,-5.75988
0.527999,372.027,0.000962276,2.71448,-0.168779,8.71399,-5.83781
0.527999,372.027,0.000962439,2.78933,-0.0972676,8.79592,-5.8927
0.527999,372.027,0.000962602,2.85317,-0.0253722,8.84313,-5.92433
0.527999,372.027,0.000962764,2.90575,0.0466233,8.85545,-5.93258
0.527999,372.027,0.000962927,2.94686,0.118435,8.83282,-5.91742
0.527999,372.027,0.000963089,2.97634,0.189779,8.77533,-5.8789
0.527999,372.027,0.000963252,2.99408,0.260374,8.6832,-5.81718
0.527999,372.027,0.000963415,3,0.329942,8.55681,-5.73251
0.527999,372.027,0.000963577,2.99408,0.398207,8.39665,-5.62521
0.527999,372.027,0.00096374,2.97634,0.464901,8.20335,-5.49571
0.527999,372.027,0.000963902,2.94686,0.52976,7.97767,-5.34453
0.527999,372.027,0.000964065,2.90575,0.592529,7.72052,-5.17225
0.527999,372.027,0.000964228,2.85317,0.652959,7.43289,-4.97955
0.527999,372.027,0.00096439,2.78933,0.710812,7.11593,-4.76721
0.527999,372.027,0.000964553,2.71448,0.765859,6.77088,-4.53605
0.527999,372.027,0.000964715,2.62892,0.817885,6.39911,-4.28699
0.527999,372.027,0.000964878,2.53298,0.866682,6.00209,-4.02101
0.527999,372.027,0.000965041,2.42705,0.912059,5.58138,-3.73917
0.527999,372.027,0.000965203,2.31154,0.953837,5.13865,-3.44256
0.527999,372.027,0.000965366,2.18691,0.99185,4.67563,-3.13237
0.527999,372.027,0.000965528,2.05364,1.02595,4.19416,-2.80982
0.527999,372.027,0.000965691,1.91227,1.056,3.69614,-2.47618
0.527999,372.027,0.000965854,1.76336,1.08188,3.18353,-2.13276
0.527999,372.027,0.000966016,1.60748,1.10349,2.65836,-1.78093
0.527999,372.027,0.000966179,1.44526,1.12075,2.1227,-1.42207
0.527999,372.027,0.000966341,1.27734,1.13359,1.57866,-1.0576
0.527999,372.027,0.000966504,1.10437,1.14195,1.02838,-0.688952
0.527999,372.027,0.000966667,0.927051,1.1458,0.474055,-0.317587
0.527999,372.027,0.000966829,0.74607,1.14513,-0.0821449,0.0550316
0.527999,372.027,0.000966992,0.562144,1.13995,-0.638021,0.427433
0.527999,372.027,0.000967154,0.376,1.13026,-1.19138,0.798147
0.527999,372.027,0.000967317,0.188372,1.11611,-1.74004,1.16571
0.527999,372.027,0.00096748,9.70092e-014,1.09756,-2.28182,1.52867
0.527999,372.027,0.000967642,-0.188372,1.07468,-2.81461,1.88561
0.527999,372.027,0.000967805,-0.376,1.04755,-3.33628,2.23509
0.527999,372.027,0.000967967,-0.562144,1.0163,-3.84479,2.57576
0.527999,372.027,0.00096813,-0.74607,0.981027,-4.33813,2.90627
0.527999,372.027,0.000968293,-0.927051,0.941886,-4.81434,3.2253
0.527999,372.027,0.000968455,-1.10437,0.899028,-5.27156,3.5316
0.527999,372.027,0.000968618,-1.27734,0.852622,-5.70797,3.82397
0.527999,372.027,0.00096878,-1.44526,0.80285,-6.12185,4.10125
0.527999,372.027,0.000968943,-1.60748,0.749911,-6.51158,4.36234
0.527999,372.027,0.000969106,-1.76336,0.694012,-6.8756,4.60621
0.527999,372.027,0.000969268,-1.91227,0.635373,-7.21249,4.8319
0.527999,372.027,0.000969431,-2.05364,0.574228,-7.52092,5.03853
0.527999,372.027,0.000969593,-2.18691,0.510816,-7.79966,5.22527
0.527999,372.027,0.000969756,-2.31154,0.445388,-8.04763,5.39139
0.527999,372.027,0.000969919,-2.42705,0.378202,-8.26383,5.53623
0.527999,372.027,0.000970081,-2.53298,0.309524,-8.44742,5.65922
0.527999,372.027,0.000970244,-2.62892,0.239625,-8.59767,5.75988
0.527999,372.027,0.000970407,-2.71448,0.168779,-8.71399,5.83781
0.527999,372.027,0.000970569,-2.78933,0.0972676,-8.79592,5.8927
0.527999,372.027,0.000970732,-2.85317,0.0253722,-8.84313,5.92433
0.527999,372.027,0.000970894,-2.90575,-0.0466233,-8.85545,5.93258
0.527999,372.027,0.000971057,-2.94686,-0.118435,-8.83282,5.91742
0.527999,372.027,0.00097122,-2.97634,-0.189779,-8.77533,5.8789
0.527999,372.027,0.000971382,-2.99408,-0.260374,-8.6832,5.81718
0.527999,372.027,0.000971545,-3,-0.329942,-8.55681,5.73251
0.527999,372.027,0.000971707,-2.99408,-0.398207,-8.39665,5.62521
0.527999,372.027,0.00097187,-2.97634,-0.464901,-8.20335,5.49571
0.527999,372.027,0.000972033,-2.94686,-0.52976,-7.97767,5.34453
0.527999,372.027,0.000972195,-2.90575,-0.592529,-7.72052,5.17225
0.527999,372.027,0.000972358,-2.85317,-0.652959,-7.43289,4.97955
0.527999,372.027,0.00097252,-2.78933,-0.710812,-7.11593,4.76721
0.527999,372.027,0.000972683,-2.71448,-0.765859,-6.77088,4.53605
0.527999,372.027,0.000972846,-2.62892,-0.817885,-6.39911,4.28699
0.527999,372.027,0.000973008,-2.53298,-0.866682,-6.00209,4.02101
0.527999,372.027,0.000973171,-2.42705,-0.912059,-5.58138,3.73917
0.527999,372.027,0.000973333,-2.31154,-0.953837,-5.13865,3.44256
0.527999,372.027,0.000973496,-2.18691,-0.99185,-4.67563,3.13237
0.527999,372.027,0.000973659,-2.05364,-1.02595,-4.19416,2.80982
0.527999,372.027,0.000973821,-1.91227,-1.056,-3.69614,2.47617
0.527999,372.027,0.000973984,-1.76336,-1.08188,-3.18353,2.13276
0.527999,372.027,0.000974146,-1.60748,-1.10349,-2.65836,1.78093
0.527999,372.027,0.000974309,-1.44526,-1.12075,-2.1227,1.42207
0.527999,372.027,0.000974472,-1.27734,-1.13359,-1.57866,1.0576
0.527999,372.027,0.000974634,-1.10437,-1.14195,-1.02838,0.688951
0.527999,372.027,0.000974797,-0.927051,-1.1458,-0.474055,0.317586
0.527999,372.027,0.000974959,-0.74607,-1.14513,0.0821451,-0.0550318
0.527999,372.027,0.000975122,-0.562144,-1.13995,0.638021,-0.427433
0.527999,372.027,0.000975285,-0.376,-1.13026,1.19138,-0.798147
0.527999,372.027,0.000975447,-0.188372,-1.11611,1.74004,-1.16571
