Amp, Phaseshift, Time, Vd, Vr, VL, VC
-0.273554,372.404,0,0,0,0,0
-0.273554,372.404,2.73973e-007,0.188372,0.00258043,0.188372,0
-0.273554,372.404,5.47945e-007,0.376,0.00769576,0.373419,0.00141394
-0.273554,372.404,8.21918e-007,0.562144,0.0152716,0.553034,0.00563079
-0.273554,372.404,1.09589e-006,0.74607,0.0252054,0.725167,0.0139988
-0.273554,372.404,1.36986e-006,0.927051,0.0373677,0.887847,0.0278099
-0.273554,372.404,1.64384e-006,1.10437,0.0516032,1.0392,0.0482854
-0.273554,372.404,1.91781e-006,1.27734,0.0677327,1.17745,0.0765611
-0.273554,372.404,2.19178e-006,1.44526,0.0855541,1.30097,0.113675
-0.273554,372.404,2.46575e-006,1.60748,0.104845,1.40825,0.160554
-0.273554,372.404,2.73973e-006,1.76336,0.125365,1.49796,0.218003
-0.273554,372.404,3.0137e-006,1.91227,0.146857,1.5689,0.286697
-0.273554,372.404,3.28767e-006,2.05364,0.16905,1.62009,0.367166
-0.273554,372.404,3.56164e-006,2.18691,0.191662,1.65069,0.459796
-0.273554,372.404,3.83562e-006,2.31154,0.214403,1.66008,0.564817
-0.273554,372.404,4.10959e-006,2.42705,0.236976,1.64783,0.682298
-0.273554,372.404,4.38356e-006,2.53298,0.259082,1.61371,0.812148
-0.273554,372.404,4.65753e-006,2.62892,0.28042,1.55769,0.95411
-0.273554,372.404,4.93151e-006,2.71448,0.300693,1.47995,1.10777
-0.273554,372.404,5.20548e-006,2.78933,0.319609,1.38087,1.27253
-0.273554,372.404,5.47945e-006,2.85317,0.336884,1.26103,1.44766
-0.273554,372.404,5.75342e-006,2.90575,0.352243,1.12121,1.63225
-0.273554,372.404,6.0274e-006,2.94686,0.365426,0.962368,1.82526
-0.273554,372.404,6.30137e-006,2.97634,0.376188,0.785658,2.02549
-0.273554,372.404,6.57534e-006,2.99408,0.384303,0.592398,2.23162
-0.273554,372.404,6.84932e-006,3,0.389565,0.384073,2.4422
-0.273554,372.404,7.12329e-006,2.99408,0.391788,0.162314,2.65566
-0.273554,372.404,7.39726e-006,2.97634,0.390814,-0.0711053,2.87034
-0.273554,372.404,7.67123e-006,2.94686,0.386509,-0.314292,3.08448
-0.273554,372.404,7.94521e-006,2.90575,0.378766,-0.565244,3.29627
-0.273554,372.404,8.21918e-006,2.85317,0.367507,-0.821866,3.50381
-0.273554,372.404,8.49315e-006,2.78933,0.352685,-1.08199,3.70519
-0.273554,372.404,8.76712e-006,2.71448,0.334283,-1.34339,3.89844
-0.273554,372.404,9.0411e-006,2.62892,0.312313,-1.6038,4.08161
-0.273554,372.404,9.31507e-006,2.53298,0.286821,-1.86094,4.25274
-0.273554,372.404,9.58904e-006,2.42705,0.257882,-2.11251,4.4099
-0.273554,372.404,9.86301e-006,2.31154,0.225605,-2.35624,4.5512
-0.273554,372.404,1.0137e-005,2.18691,0.190127,-2.5899,4.67482
-0.273554,372.404,1.0411e-005,2.05364,0.151616,-2.81131,4.779
-0.273554,372.404,1.06849e-005,1.91227,0.110268,-3.01835,4.86208
-0.273554,372.404,1.09589e-005,1.76336,0.0663096,-3.20899,4.9225
-0.273554,372.404,1.12329e-005,1.60748,0.01999,-3.38133,4.95884
-0.273554,372.404,1.15068e-005,1.44526,-0.028415,-3.53356,4.96979
-0.273554,372.404,1.17808e-005,1.27734,-0.0786073,-3.66404,4.95422
-0.273554,372.404,1.20548e-005,1.10437,-0.130268,-3.77124,4.91115
-0.273554,372.404,1.23288e-005,0.927051,-0.18306,-3.85383,4.83977
-0.273554,372.404,1.26027e-005,0.74607,-0.236631,-3.91064,4.73946
-0.273554,372.404,1.28767e-005,0.562144,-0.290613,-3.94069,4.6098
-0.273554,372.404,1.31507e-005,0.376,-0.344629,-3.94319,4.45056
-0.273554,372.404,1.34247e-005,0.188372,-0.398294,-3.91756,4.26172
-0.273554,372.404,1.36986e-005,3.67382e-016,-0.451218,-3.86343,4.04348
-0.273554,372.404,1.39726e-005,-0.188372,-0.503007,-3.78063,3.79624
-0.273554,372.404,1.42466e-005,-0.376,-0.553271,-3.66923,3.52062
-0.273554,372.404,1.45205e-005,-0.562144,-0.60162,-3.52949,3.21745
-0.273554,372.404,1.47945e-005,-0.74607,-0.647673,-3.3619,2.8878
-0.273554,372.404,1.50685e-005,-0.927051,-0.691059,-3.16718,2.53291
-0.273554,372.404,1.53425e-005,-1.10437,-0.731418,-2.94622,2.15425
-0.273554,372.404,1.56164e-005,-1.27734,-0.768407,-2.70017,1.75347
-0.273554,372.404,1.58904e-005,-1.44526,-0.801699,-2.43032,1.33242
-0.273554,372.404,1.61644e-005,-1.60748,-0.83099,-2.13821,0.893137
-0.273554,372.404,1.64384e-005,-1.76336,-0.855996,-1.8255,0.437801
-0.273554,372.404,1.67123e-005,-1.91227,-0.876463,-1.49408,-0.0312385
-0.273554,372.404,1.69863e-005,-2.05364,-0.892161,-1.14594,-0.511492
-0.273554,372.404,1.72603e-005,-2.18691,-0.902891,-0.783253,-1.00035
-0.273554,372.404,1.75342e-005,-2.31154,-0.908484,-0.408302,-1.49508
-0.273554,372.404,1.78082e-005,-2.42705,-0.908805,-0.023485,-1.99288
-0.273554,372.404,1.80822e-005,-2.53298,-0.903755,0.368703,-2.49086
-0.273554,372.404,1.83562e-005,-2.62892,-0.893266,0.765692,-2.98607
-0.273554,372.404,1.86301e-005,-2.71448,-0.877309,1.16485,-3.47553
-0.273554,372.404,1.89041e-005,-2.78933,-0.855891,1.56351,-3.95624
-0.273554,372.404,1.91781e-005,-2.85317,-0.829056,1.95896,-4.42522
-0.273554,372.404,1.94521e-005,-2.90575,-0.796884,2.34853,-4.8795
-0.273554,372.404,1.9726e-005,-2.94686,-0.759494,2.72952,-5.31615
-0.273554,372.404,2e-005,-2.97634,-0.717037,3.0993,-5.73231
-0.273554,372.404,2.0274e-005,-2.99408,-0.669705,3.45527,-6.12521
-0.273554,372.404,2.05479e-005,-3,-0.61772,3.79491,-6.49217
-0.273554,372.404,2.08219e-005,-2.99408,-0.561339,4.11581,-6.83065
-0.273554,372.404,2.10959e-005,-2.97634,-0.500851,4.41564,-7.13823
-0.273554,372.404,2.13699e-005,-2.94686,-0.436574,4.69222,-7.41267
-0.273554,372.404,2.16438e-005,-2.90575,-0.368855,4.94349,-7.65189
-0.273554,372.404,2.19178e-005,-2.85317,-0.298066,5.16757,-7.854
-0.273554,372.404,2.21918e-005,-2.78933,-0.224604,5.36274,-8.01732
-0.273554,372.404,2.24658e-005,-2.71448,-0.148885,5.52745,-8.14039
-0.273554,372.404,2.27397e-005,-2.62892,-0.0713462,5.66036,-8.22197
-0.273554,372.404,2.30137e-005,-2.53298,0.00756254,5.76034,-8.26107
-0.273554,372.404,2.32877e-005,-2.42705,0.087377,5.82645,-8.25692
-0.273554,372.404,2.35616e-005,-2.31154,0.167624,5.85801,-8.20905
-0.273554,372.404,2.38356e-005,-2.18691,0.247823,5.85452,-8.1172
-0.273554,372.404,2.41096e-005,-2.05364,0.32749,5.81573,-7.9814
-0.273554,372.404,2.43836e-005,-1.91227,0.406143,5.74164,-7.80196
-0.273554,372.404,2.46575e-005,-1.76336,0.4833,5.63246,-7.57941
-0.273554,372.404,2.49315e-005,-1.60748,0.558486,5.48863,-7.31459
-0.273554,372.404,2.52055e-005,-1.44526,0.631238,5.31084,-7.00857
-0.273554,372.404,2.54795e-005,-1.27734,0.701101,5.1,-6.66269
-0.273554,372.404,2.57534e-005,-1.10437,0.767638,4.85721,-6.27852
-0.273554,372.404,2.60274e-005,-0.927051,0.83043,4.58383,-5.8579
-0.273554,372.404,2.63014e-005,-0.74607,0.88908,4.2814,-5.40287
-0.273554,372.404,2.65753e-005,-0.562144,0.943212,3.95165,-4.9157
-0.273554,372.404,2.68493e-005,-0.376,0.992479,3.59649,-4.39887
-0.273554,372.404,2.71233e-005,-0.188372,1.03656,3.21802,-3.85505
-0.273554,372.404,2.73973e-005,-7.34764e-016,1.07517,2.81849,-3.28707
-0.273554,372.404,2.76712e-005,0.188372,1.10805,2.40027,-2.69794
-0.273554,372.404,2.79452e-005,0.376,1.13498,1.96589,-2.09079
-0.273554,372.404,2.82192e-005,0.562144,1.15577,1.51795,-1.46888
-0.273554,372.404,2.84932e-005,0.74607,1.17028,1.05917,-0.835578
-0.273554,372.404,2.87671e-005,0.927051,1.1784,0.592344,-0.194326
-0.273554,372.404,2.90411e-005,1.10437,1.18005,0.120301,0.451372
-0.273554,372.404,2.93151e-005,1.27734,1.1752,-0.35408,1.09797
-0.273554,372.404,2.9589e-005,1.44526,1.16385,-0.827907,1.74192
-0.273554,372.404,2.9863e-005,1.60748,1.14607,-1.29829,2.37964
-0.273554,372.404,3.0137e-005,1.76336,1.12193,-1.76236,3.00763
-0.273554,372.404,3.0411e-005,1.91227,1.09155,-2.21728,3.62238
-0.273554,372.404,3.06849e-005,2.05364,1.05511,-2.6603,4.22049
-0.273554,372.404,3.09589e-005,2.18691,1.0128,-3.0887,4.79864
-0.273554,372.404,3.12329e-005,2.31154,0.964857,-3.4999,5.3536
-0.273554,372.404,3.15068e-005,2.42705,0.91155,-3.8914,5.88229
-0.273554,372.404,3.17808e-005,2.53298,0.853182,-4.26085,6.38177
-0.273554,372.404,3.20548e-005,2.62892,0.790086,-4.60603,6.84926
-0.273554,372.404,3.23288e-005,2.71448,0.722622,-4.92487,7.28219
-0.273554,372.404,3.26027e-005,2.78933,0.651177,-5.21548,7.67814
-0.273554,372.404,3.28767e-005,2.85317,0.576161,-5.47615,8.03495
-0.273554,372.404,3.31507e-005,2.90575,0.498006,-5.70537,8.35066
-0.273554,372.404,3.34247e-005,2.94686,0.417159,-5.9018,8.62354
-0.273554,372.404,3.36986e-005,2.97634,0.334086,-6.06435,8.85212
-0.273554,372.404,3.39726e-005,2.99408,0.249262,-6.19212,9.03518
-0.273554,372.404,3.42466e-005,3,0.163174,-6.28444,9.17176
-0.273554,372.404,3.45205e-005,2.99408,0.0763129,-6.34086,9.26117
-0.273554,372.404,3.47945e-005,2.97634,-0.010826,-6.36114,9.30299
-0.273554,372.404,3.50685e-005,2.94686,-0.097748,-6.3453,9.29706
-0.273554,372.404,3.53425e-005,2.90575,-0.183961,-6.29356,9.24349
-0.273554,372.404,3.56164e-005,2.85317,-0.26898,-6.20636,9.14269
-0.273554,372.404,3.58904e-005,2.78933,-0.352328,-6.08438,8.99531
-0.273554,372.404,3.61644e-005,2.71448,-0.43354,-5.9285,8.80225
-0.273554,372.404,3.64384e-005,2.62892,-0.512167,-5.73979,8.5647
-0.273554,372.404,3.67123e-005,2.53298,-0.587777,-5.51954,8.28406
-0.273554,372.404,3.69863e-005,2.42705,-0.659959,-5.26923,7.96199
-0.273554,372.404,3.72603e-005,2.31154,-0.728321,-4.99049,7.60037
-0.273554,372.404,3.75342e-005,2.18691,-0.792501,-4.68514,7.20129
-0.273554,372.404,3.78082e-005,2.05364,-0.852161,-4.35514,6.76704
-0.273554,372.404,3.80822e-005,1.91227,-0.906991,-4.00261,6.3001
-0.273554,372.404,3.83562e-005,1.76336,-0.956714,-3.62975,5.80312
-0.273554,372.404,3.86301e-005,1.60748,-1.00108,-3.23892,5.27889
-0.273554,372.404,3.89041e-005,1.44526,-1.03988,-2.83255,4.73035
-0.273554,372.404,3.91781e-005,1.27734,-1.07294,-2.41313,4.16055
-0.273554,372.404,3.94521e-005,1.10437,-1.10011,-1.98324,3.57264
-0.273554,372.404,3.9726e-005,0.927051,-1.12128,-1.54548,2.96984
-0.273554,372.404,4e-005,0.74607,-1.13638,-1.10249,2.35544
-0.273554,372.404,4.0274e-005,0.562144,-1.14538,-0.656916,1.73277
-0.273554,372.404,4.05479e-005,0.376,-1.14828,-0.211386,1.10516
-0.273554,372.404,4.08219e-005,0.188372,-1.14511,0.231488,0.475968
-0.273554,372.404,4.10959e-005,1.10215e-015,-1.13594,0.669138,-0.151488
-0.273554,372.404,4.13699e-005,-0.188372,-1.12088,1.09906,-0.77392
-0.273554,372.404,4.16438e-005,-0.376,-1.10008,1.5188,-1.3881
-0.273554,372.404,4.19178e-005,-0.562144,-1.07369,1.92604,-1.99089
-0.273554,372.404,4.21918e-005,-0.74607,-1.04193,2.31851,-2.57921
-0.273554,372.404,4.24658e-005,-0.927051,-1.00503,2.69409,-3.15013
-0.273554,372.404,4.27397e-005,-1.10437,-0.963237,3.05079,-3.70084
-0.273554,372.404,4.30137e-005,-1.27734,-0.916843,3.38673,-4.22864
-0.273554,372.404,4.32877e-005,-1.44526,-0.866155,3.70022,-4.73102
-0.273554,372.404,4.35616e-005,-1.60748,-0.811502,3.98969,-5.20562
-0.273554,372.404,4.38356e-005,-1.76336,-0.753231,4.25377,-5.65028
-0.273554,372.404,4.41096e-005,-1.91227,-0.691707,4.49124,-6.06301
-0.273554,372.404,4.43836e-005,-2.05364,-0.627309,4.70108,-6.44203
-0.273554,372.404,4.46575e-005,-2.18691,-0.560427,4.88243,-6.78576
-0.273554,372.404,4.49315e-005,-2.31154,-0.491459,5.03465,-7.09284
-0.273554,372.404,4.52055e-005,-2.42705,-0.420812,5.15725,-7.36213
-0.273554,372.404,4.54795e-005,-2.53298,-0.348894,5.24996,-7.59272
-0.273554,372.404,4.57534e-005,-2.62892,-0.276118,5.31269,-7.78389
-0.273554,372.404,4.60274e-005,-2.71448,-0.202891,5.34553,-7.93519
-0.273554,372.404,4.63014e-005,-2.78933,-0.129621,5.34875,-8.04636
-0.273554,372.404,4.65753e-005,-2.85317,-0.0567055,5.32281,-8.11739
-0.273554,372.404,4.68493e-005,-2.90575,0.0154636,5.26834,-8.14846
-0.273554,372.404,4.71233e-005,-2.94686,0.0865065,5.18613,-8.13999
-0.273554,372.404,4.73973e-005,-2.97634,0.156056,5.07713,-8.09258
-0.273554,372.404,4.76712e-005,-2.99408,0.223761,4.94245,-8.00707
-0.273554,372.404,4.79452e-005,-3,0.289286,4.78331,-7.88447
-0.273554,372.404,4.82192e-005,-2.99408,0.352315,4.6011,-7.72595
-0.273554,372.404,4.84932e-005,-2.97634,0.412552,4.39729,-7.5329
-0.273554,372.404,4.87671e-005,-2.94686,0.469723,4.17349,-7.30685
-0.273554,372.404,4.90411e-005,-2.90575,0.523577,3.93138,-7.04947
-0.273554,372.404,4.93151e-005,-2.85317,0.573888,3.67272,-6.76257
-0.273554,372.404,4.9589e-005,-2.78933,0.620455,3.39936,-6.44811
-0.273554,372.404,4.9863e-005,-2.71448,0.663101,3.11318,-6.10814
-0.273554,372.404,5.0137e-005,-2.62892,0.701678,2.81612,-5.7448
-0.273554,372.404,5.0411e-005,-2.53298,0.736063,2.51013,-5.36031
-0.273554,372.404,5.06849e-005,-2.42705,0.766162,2.1972,-4.95699
-0.273554,372.404,5.09589e-005,-2.31154,0.791906,1.87929,-4.53718
-0.273554,372.404,5.12329e-005,-2.18691,0.813253,1.55837,-4.10326
-0.273554,372.404,5.15068e-005,-2.05364,0.83019,1.23636,-3.65764
-0.273554,372.404,5.17808e-005,-1.91227,0.842726,0.915177,-3.20274
-0.273554,372.404,5.20548e-005,-1.76336,0.8509,0.596658,-2.74097
-0.273554,372.404,5.23288e-005,-1.60748,0.854771,0.282592,-2.27473
-0.273554,372.404,5.26027e-005,-1.44526,0.854424,-0.0253065,-1.80636
-0.273554,372.404,5.28767e-005,-1.27734,0.849967,-0.325404,-1.33818
-0.273554,372.404,5.31507e-005,-1.10437,0.841526,-0.61616,-0.872445
-0.273554,372.404,5.34247e-005,-0.927051,0.82925,-0.896132,-0.411335
-0.273554,372.404,5.36986e-005,-0.74607,0.813305,-1.16399,0.043049
-0.273554,372.404,5.39726e-005,-0.562144,0.793874,-1.4185,0.488696
-0.273554,372.404,5.42466e-005,-0.376,0.771154,-1.65857,0.923695
-0.273554,372.404,5.45205e-005,-0.188372,0.745356,-1.88322,1.34625
-0.273554,372.404,5.47945e-005,-1.46953e-015,0.716704,-2.0916,1.75466
-0.273554,372.404,5.50685e-005,0.188372,0.68543,-2.28299,2.14737
-0.273554,372.404,5.53425e-005,0.376,0.651775,-2.4568,2.52295
-0.273554,372.404,5.56164e-005,0.562144,0.615987,-2.61258,2.88009
-0.273554,372.404,5.58904e-005,0.74607,0.578315,-2.75001,3.21762
-0.273554,372.404,5.61644e-005,0.927051,0.539016,-2.86888,3.5345
-0.273554,372.404,5.64384e-005,1.10437,0.498342,-2.96914,3.82985
-0.273554,372.404,5.67123e-005,1.27734,0.45655,-3.05086,4.10292
-0.273554,372.404,5.69863e-005,1.44526,0.413889,-3.11421,4.35308
-0.273554,372.404,5.72603e-005,1.60748,0.370609,-3.15949,4.57987
-0.273554,372.404,5.75342e-005,1.76336,0.32695,-3.18712,4.78294
-0.273554,372.404,5.78082e-005,1.91227,0.283146,-3.19762,4.96209
-0.273554,372.404,5.80822e-005,2.05364,0.239426,-3.1916,5.11724
-0.273554,372.404,5.83562e-005,2.18691,0.196005,-3.16976,5.24843
-0.273554,372.404,5.86301e-005,2.31154,0.153088,-3.1329,5.35583
-0.273554,372.404,5.89041e-005,2.42705,0.110871,-3.08187,5.43972
-0.273554,372.404,5.91781e-005,2.53298,0.0695337,-3.01761,5.50047
-0.273554,372.404,5.94521e-005,2.62892,0.0292449,-2.94108,5.53857
-0.273554,372.404,5.9726e-005,2.71448,-0.0098419,-2.85333,5.55459
-0.273554,372.404,6e-005,2.78933,-0.0475874,-2.75542,5.5492
-0.273554,372.404,6.0274e-005,2.85317,-0.0838675,-2.64844,5.52313
-0.273554,372.404,6.05479e-005,2.90575,-0.118573,-2.53351,5.47717
-0.273554,372.404,6.08219e-005,2.94686,-0.151611,-2.41174,5.4122
-0.273554,372.404,6.10959e-005,2.97634,-0.182902,-2.28425,5.32913
-0.273554,372.404,6.13699e-005,2.99408,-0.212383,-2.15214,5.22891
-0.273554,372.404,6.16438e-005,3,-0.240007,-2.01652,5.11253
-0.273554,372.404,6.19178e-005,2.99408,-0.265739,-1.87844,4.98102
-0.273554,372.404,6.21918e-005,2.97634,-0.28956,-1.73894,4.83541
-0.273554,372.404,6.24658e-005,2.94686,-0.311464,-1.59899,4.67675
-0.273554,372.404,6.27397e-005,2.90575,-0.331457,-1.45953,4.50608
-0.273554,372.404,6.30137e-005,2.85317,-0.34956,-1.32146,4.32446
-0.273554,372.404,6.32877e-005,2.78933,-0.3658,-1.18557,4.13292
-0.273554,372.404,6.35616e-005,2.71448,-0.38022,-1.05264,3.93248
-0.273554,372.404,6.38356e-005,2.62892,-0.392869,-0.923344,3.72414
-0.273554,372.404,6.41096e-005,2.53298,-0.403804,-0.798292,3.50887
-0.273554,372.404,6.43836e-005,2.42705,-0.413092,-0.678019,3.28761
-0.273554,372.404,6.46575e-005,2.31154,-0.420804,-0.56298,3.06126
-0.273554,372.404,6.49315e-005,2.18691,-0.427017,-0.45355,2.83068
-0.273554,372.404,6.52055e-005,2.05364,-0.431812,-0.350024,2.5967
-0.273554,372.404,6.54795e-005,1.91227,-0.435272,-0.252616,2.36009
-0.273554,372.404,6.57534e-005,1.76336,-0.437484,-0.161463,2.12159
-0.273554,372.404,6.60274e-005,1.60748,-0.438534,-0.0766209,1.88187
-0.273554,372.404,6.63014e-005,1.44526,-0.438507,0.00192675,1.64158
-0.273554,372.404,6.65753e-005,1.27734,-0.43749,0.0742697,1.4013
-0.273554,372.404,6.68493e-005,1.10437,-0.435564,0.140566,1.16158
-0.273554,372.404,6.71233e-005,0.927051,-0.432811,0.201038,0.922912
-0.273554,372.404,6.73973e-005,0.74607,-0.429304,0.255969,0.685755
-0.273554,372.404,6.76712e-005,0.562144,-0.425117,0.305693,0.45052
-0.273554,372.404,6.79452e-005,0.376,-0.420314,0.350596,0.217579
-0.273554,372.404,6.82192e-005,0.188372,-0.414956,0.391106,-0.0127296
-0.273554,372.404,6.84932e-005,7.16598e-015,-0.409098,0.427686,-0.240103
-0.273554,372.404,6.87671e-005,-0.188372,-0.402785,0.460829,-0.464266
-0.273554,372.404,6.90411e-005,-0.376,-0.396058,0.491051,-0.68497
-0.273554,372.404,6.93151e-005,-0.562144,-0.38895,0.518884,-0.901988
-0.273554,372.404,6.9589e-005,-0.74607,-0.381486,0.544868,-1.11511
-0.273554,372.404,6.9863e-005,-0.927051,-0.373684,0.569546,-1.32414
-0.273554,372.404,7.0137e-005,-1.10437,-0.365555,0.593455,-1.5289
-0.273554,372.404,7.0411e-005,-1.27734,-0.357101,0.61712,-1.72921
-0.273554,372.404,7.06849e-005,-1.44526,-0.348319,0.641047,-1.92488
-0.273554,372.404,7.09589e-005,-1.60748,-0.3392,0.665718,-2.11574
-0.273554,372.404,7.12329e-005,-1.76336,-0.329726,0.691583,-2.3016
-0.273554,372.404,7.15068e-005,-1.91227,-0.319876,0.719056,-2.48227
-0.273554,372.404,7.17808e-005,-2.05364,-0.309623,0.748509,-2.65755
-0.273554,372.404,7.20548e-005,-2.18691,-0.298934,0.780265,-2.8272
-0.273554,372.404,7.23288e-005,-2.31154,-0.287775,0.814599,-2.991
-0.273554,372.404,7.26027e-005,-2.42705,-0.276108,0.851728,-3.14869
-0.273554,372.404,7.28767e-005,-2.53298,-0.263891,0.891813,-3.29998
-0.273554,372.404,7.31507e-005,-2.62892,-0.251083,0.934952,-3.44458
-0.273554,372.404,7.34247e-005,-2.71448,-0.237643,0.981181,-3.58216
-0.273554,372.404,7.36986e-005,-2.78933,-0.223527,1.03047,-3.71237
-0.273554,372.404,7.39726e-005,-2.85317,-0.208695,1.08273,-3.83485
-0.273554,372.404,7.42466e-005,-2.90575,-0.193108,1.1378,-3.94921
-0.273554,372.404,7.45205e-005,-2.94686,-0.176732,1.19545,-4.05502
-0.273554,372.404,7.47945e-005,-2.97634,-0.159535,1.25541,-4.15186
-0.273554,372.404,7.50685e-005,-2.99408,-0.14149,1.31731,-4.23928
-0.273554,372.404,7.53425e-005,-3,-0.122575,1.38077,-4.3168
-0.273554,372.404,7.56164e-005,-2.99408,-0.102776,1.4453,-4.38397
-0.273554,372.404,7.58904e-005,-2.97634,-0.0820859,1.5104,-4.44028
-0.273554,372.404,7.61644e-005,-2.94686,-0.0605035,1.57551,-4.48526
-0.273554,372.404,7.64384e-005,-2.90575,-0.0380376,1.64002,-4.51842
-0.273554,372.404,7.67123e-005,-2.85317,-0.0147049,1.70328,-4.53926
-0.273554,372.404,7.69863e-005,-2.78933,0.00946818,1.76463,-4.54732
-0.273554,372.404,7.72603e-005,-2.71448,0.0344458,1.82337,-4.54213
-0.273554,372.404,7.75342e-005,-2.62892,0.0601823,1.87876,-4.52325
-0.273554,372.404,7.78082e-005,-2.53298,0.0866218,1.93009,-4.49028
-0.273554,372.404,7.80822e-005,-2.42705,0.113699,1.9766,-4.44281
-0.273554,372.404,7.83562e-005,-2.31154,0.141337,2.01757,-4.38051
-0.273554,372.404,7.86301e-005,-2.18691,0.16945,2.05227,-4.30307
-0.273554,372.404,7.89041e-005,-2.05364,0.197943,2.07998,-4.21022
-0.273554,372.404,7.91781e-005,-1.91227,0.22671,2.1,-4.10176
-0.273554,372.404,7.94521e-005,-1.76336,0.255637,2.11169,-3.97753
-0.273554,372.404,7.9726e-005,-1.60748,0.284602,2.11441,-3.83746
-0.273554,372.404,8e-005,-1.44526,0.313473,2.10759,-3.68151
-0.273554,372.404,8.0274e-005,-1.27734,0.342113,2.0907,-3.50974
-0.273554,372.404,8.05479e-005,-1.10437,0.370376,2.06326,-3.32229
-0.273554,372.404,8.08219e-005,-0.927051,0.398114,2.02486,-3.11934
-0.273554,372.404,8.10959e-005,-0.74607,0.425171,1.97516,-2.9012
-0.273554,372.404,8.13699e-005,-0.562144,0.451389,1.91388,-2.66822
-0.273554,372.404,8.16438e-005,-0.376,0.476606,1.84084,-2.42089
-0.273554,372.404,8.19178e-005,-0.188372,0.500659,1.75591,-2.15973
-0.273554,372.404,8.21918e-005,-2.20429e-015,0.523386,1.65908,-1.8854
-0.273554,372.404,8.24658e-005,0.188372,0.544624,1.55039,-1.59861
-0.273554,372.404,8.27397e-005,0.376,0.564213,1.42999,-1.30019
-0.273554,372.404,8.30137e-005,0.562144,0.581996,1.29812,-0.991031
-0.273554,372.404,8.32877e-005,0.74607,0.597819,1.15511,-0.67213
-0.273554,372.404,8.35616e-005,0.927051,0.611536,1.00136,-0.344557
-0.273554,372.404,8.38356e-005,1.10437,0.623008,0.837395,-0.00946896
-0.273554,372.404,8.41096e-005,1.27734,0.632101,0.663799,0.331905
-0.273554,372.404,8.43836e-005,1.44526,0.638693,0.481255,0.678262
-0.273554,372.404,8.46575e-005,1.60748,0.642673,0.290526,1.02823
-0.273554,372.404,8.49315e-005,1.76336,0.64394,0.0924522,1.38038
-0.273554,372.404,8.52055e-005,1.91227,0.642405,-0.112048,1.73322
-0.273554,372.404,8.54795e-005,2.05364,0.637994,-0.321987,2.08523
-0.273554,372.404,8.57534e-005,2.18691,0.630647,-0.536314,2.43481
-0.273554,372.404,8.60274e-005,2.31154,0.620319,-0.753919,2.78037
-0.273554,372.404,8.63014e-005,2.42705,0.606982,-0.97364,3.12027
-0.273554,372.404,8.65753e-005,2.53298,0.590622,-1.19427,3.45287
-0.273554,372.404,8.68493e-005,2.62892,0.571244,-1.41457,3.77649
-0.273554,372.404,8.71233e-005,2.71448,0.548871,-1.63326,4.0895
-0.273554,372.404,8.73973e-005,2.78933,0.523542,-1.84905,4.39026
-0.273554,372.404,8.76712e-005,2.85317,0.495314,-2.06063,4.67713
-0.273554,372.404,8.79452e-005,2.90575,0.464263,-2.26669,4.94853
-0.273554,372.404,8.82192e-005,2.94686,0.430483,-2.46593,5.20292
-0.273554,372.404,8.84932e-005,2.97634,0.394085,-2.65706,5.43881
-0.273554,372.404,8.87671e-005,2.99408,0.355197,-2.83881,5.65474
-0.273554,372.404,8.90411e-005,3,0.313965,-3.00994,5.84937
-0.273554,372.404,8.93151e-005,2.99408,0.270551,-3.16926,6.02141
-0.273554,372.404,8.9589e-005,2.97634,0.225131,-3.31561,6.16965
-0.273554,372.404,8.9863e-005,2.94686,0.1779,-3.44792,6.29301
-0.273554,372.404,9.0137e-005,2.90575,0.129062,-3.56516,6.39049
-0.273554,372.404,9.0411e-005,2.85317,0.0788373,-3.66638,6.46121
-0.273554,372.404,9.06849e-005,2.78933,0.0274576,-3.75072,6.50441
-0.273554,372.404,9.09589e-005,2.71448,-0.0248353,-3.81739,6.51946
-0.273554,372.404,9.12329e-005,2.62892,-0.0777901,-3.8657,6.50585
-0.273554,372.404,9.15068e-005,2.53298,-0.131147,-3.89507,6.46322
-0.273554,372.404,9.17808e-005,2.42705,-0.184641,-3.90502,6.39136
-0.273554,372.404,9.20548e-005,2.31154,-0.237999,-3.89518,6.29019
-0.273554,372.404,9.23288e-005,2.18691,-0.290948,-3.86528,6.15978
-0.273554,372.404,9.26027e-005,2.05364,-0.343211,-3.81519,6.00035
-0.273554,372.404,9.28767e-005,1.91227,-0.394511,-3.74487,5.81229
-0.273554,372.404,9.31507e-005,1.76336,-0.444572,-3.65443,5.59612
-0.273554,372.404,9.34247e-005,1.60748,-0.49312,-3.54407,5.35252
-0.273554,372.404,9.36986e-005,1.44526,-0.539889,-3.41414,5.08232
-0.273554,372.404,9.39726e-005,1.27734,-0.584617,-3.26509,4.78649
-0.273554,372.404,9.42466e-005,1.10437,-0.627048,-3.0975,4.46615
-0.273554,372.404,9.45205e-005,0.927051,-0.666939,-2.91205,4.12256
-0.273554,372.404,9.47945e-005,0.74607,-0.704056,-2.70955,3.75712
-0.273554,372.404,9.50685e-005,0.562144,-0.738179,-2.49092,3.37133
-0.273554,372.404,9.53425e-005,0.376,-0.769099,-2.25715,2.96685
-0.273554,372.404,9.56164e-005,0.188372,-0.796624,-2.00938,2.54543
-0.273554,372.404,9.58904e-005,2.57167e-015,-0.82058,-1.7488,2.10892
-0.273554,372.404,9.61644e-005,-0.188372,-0.840809,-1.47671,1.65929
-0.273554,372.404,9.64384e-005,-0.376,-0.857172,-1.19448,1.19857
-0.273554,372.404,9.67123e-005,-0.562144,-0.869549,-0.903541,0.728886
-0.273554,372.404,9.69863e-005,-0.74607,-0.877843,-0.605406,0.25242
-0.273554,372.404,9.72603e-005,-0.927051,-0.881974,-0.301629,-0.228589
-0.273554,372.404,9.75342e-005,-1.10437,-0.88189,0.00618998,-0.711863
-0.273554,372.404,9.78082e-005,-1.27734,-0.877555,0.316415,-1.19509
-0.273554,372.404,9.80822e-005,-1.44526,-0.868961,0.627384,-1.67594
-0.273554,372.404,9.83562e-005,-1.60748,-0.85612,0.937423,-2.15209
-0.273554,372.404,9.86301e-005,-1.76336,-0.839067,1.24485,-2.62119
-0.273554,372.404,9.89041e-005,-1.91227,-0.817862,1.54799,-3.08095
-0.273554,372.404,9.91781e-005,-2.05364,-0.792585,1.84517,-3.5291
-0.273554,372.404,9.94521e-005,-2.18691,-0.763342,2.13478,-3.96339
-0.273554,372.404,9.9726e-005,-2.31154,-0.730257,2.41519,-4.38166
-0.273554,372.404,0.0001,-2.42705,-0.693478,2.68487,-4.7818
-0.273554,372.404,0.000100274,-2.53298,-0.653172,2.9423,-5.16179
-0.273554,372.404,0.000100548,-2.62892,-0.609528,3.18604,-5.51969
-0.273554,372.404,0.000100822,-2.71448,-0.562751,3.41474,-5.85368
-0.273554,372.404,0.000101096,-2.78933,-0.513064,3.6271,-6.16204
-0.273554,372.404,0.00010137,-2.85317,-0.460709,3.82193,-6.44317
-0.273554,372.404,0.000101644,-2.90575,-0.40594,3.99813,-6.69561
-0.273554,372.404,0.000101918,-2.94686,-0.349027,4.15469,-6.91804
-0.273554,372.404,0.000102192,-2.97634,-0.29025,4.29073,-7.10929
-0.273554,372.404,0.000102466,-2.99408,-0.229901,4.40546,-7.26833
-0.273554,372.404,0.00010274,-3,-0.168281,4.49823,-7.39431
-0.273554,372.404,0.000103014,-2.99408,-0.105699,4.56851,-7.48651
-0.273554,372.404,0.000103288,-2.97634,-0.0424679,4.61587,-7.54443
-0.273554,372.404,0.000103562,-2.94686,0.0210942,4.64004,-7.5677
-0.273554,372.404,0.000103836,-2.90575,0.0846676,4.64086,-7.55614
-0.273554,372.404,0.00010411,-2.85317,0.147932,4.61831,-7.50975
-0.273554,372.404,0.000104384,-2.78933,0.210569,4.57249,-7.42869
-0.273554,372.404,0.000104658,-2.71448,0.272263,4.50364,-7.31331
-0.273554,372.404,0.000104932,-2.62892,0.332703,4.41213,-7.16413
-0.273554,372.404,0.000105205,-2.53298,0.391585,4.29844,-6.98182
-0.273554,372.404,0.000105479,-2.42705,0.448615,4.16319,-6.76726
-0.273554,372.404,0.000105753,-2.31154,0.503507,4.0071,-6.52144
-0.273554,372.404,0.000106027,-2.18691,0.555987,3.83103,-6.24554
-0.273554,372.404,0.000106301,-2.05364,0.605794,3.63592,-5.94089
-0.273554,372.404,0.000106575,-1.91227,0.652682,3.42283,-5.60895
-0.273554,372.404,0.000106849,-1.76336,0.696421,3.19291,-5.25132
-0.273554,372.404,0.000107123,-1.60748,0.736796,2.94742,-4.86972
-0.273554,372.404,0.000107397,-1.44526,0.773614,2.68766,-4.46599
-0.273554,372.404,0.000107671,-1.27734,0.806696,2.41504,-4.0421
-0.273554,372.404,0.000107945,-1.10437,0.835888,2.13103,-3.60007
-0.273554,372.404,0.000108219,-0.927051,0.861055,1.83713,-3.14205
-0.273554,372.404,0.000108493,-0.74607,0.882081,1.53493,-2.67024
-0.273554,372.404,0.000108767,-0.562144,0.898876,1.22601,-2.18691
-0.273554,372.404,0.000109041,-0.376,0.911369,0.912031,-1.69437
-0.273554,372.404,0.000109315,-0.188372,0.919515,0.594631,-1.19499
-0.273554,372.404,0.000109589,-2.93906e-015,0.923289,0.275477,-0.691148
-0.273554,372.404,0.000109863,0.188372,0.922689,-0.0437692,-0.185236
-0.273554,372.404,0.000110137,0.376,0.917738,-0.361453,0.320347
-0.273554,372.404,0.000110411,0.562144,0.908478,-0.67594,0.823217
-0.273554,372.404,0.000110685,0.74607,0.894976,-0.985625,1.32101
-0.273554,372.404,0.000110959,0.927051,0.87732,-1.28894,1.81141
-0.273554,372.404,0.000111233,1.10437,0.855616,-1.58436,2.29213
-0.273554,372.404,0.000111507,1.27734,0.829994,-1.87041,2.76096
-0.273554,372.404,0.000111781,1.44526,0.800601,-2.1457,3.21576
-0.273554,372.404,0.000112055,1.60748,0.767603,-2.40888,3.65444
-0.273554,372.404,0.000112329,1.76336,0.731182,-2.65869,4.07505
-0.273554,372.404,0.000112603,1.91227,0.691539,-2.89396,4.47569
-0.273554,372.404,0.000112877,2.05364,0.648887,-3.11359,4.85462
-0.273554,372.404,0.000113151,2.18691,0.603454,-3.3166,5.21017
-0.273554,372.404,0.000113425,2.31154,0.55548,-3.50209,5.54083
-0.273554,372.404,0.000113699,2.42705,0.505217,-3.66926,5.84521
-0.273554,372.404,0.000113973,2.53298,0.452923,-3.81744,6.12204
-0.273554,372.404,0.000114247,2.62892,0.398868,-3.94604,6.37021
-0.273554,372.404,0.000114521,2.71448,0.343325,-4.0546,6.58877
-0.273554,372.404,0.000114795,2.78933,0.286575,-4.14277,6.7769
-0.273554,372.404,0.000115068,2.85317,0.228899,-4.2103,6.93392
-0.273554,372.404,0.000115342,2.90575,0.170583,-4.25707,7.05935
-0.273554,372.404,0.000115616,2.94686,0.111911,-4.28307,7.15282
-0.273554,372.404,0.00011589,2.97634,0.0531662,-4.28838,7.21414
-0.273554,372.404,0.000116164,2.99408,-0.0053711,-4.27322,7.24327
-0.273554,372.404,0.000116438,3,-0.0634245,-4.2379,7.24033
-0.273554,372.404,0.000116712,2.99408,-0.120723,-4.18282,7.20557
-0.273554,372.404,0.000116986,2.97634,-0.177004,-4.10851,7.13942
-0.273554,372.404,0.00011726,2.94686,-0.232012,-4.01556,7.04244
-0.273554,372.404,0.000117534,2.90575,-0.285501,-3.90467,6.91531
-0.273554,372.404,0.000117808,2.85317,-0.337235,-3.77664,6.75887
-0.273554,372.404,0.000118082,2.78933,-0.386993,-3.6323,6.57408
-0.273554,372.404,0.000118356,2.71448,-0.434563,-3.47261,6.36203
-0.273554,372.404,0.00011863,2.62892,-0.479749,-3.29855,6.12391
-0.273554,372.404,0.000118904,2.53298,-0.522367,-3.11118,5.86104
-0.273554,372.404,0.000119178,2.42705,-0.562253,-2.91162,5.57481
-0.273554,372.404,0.000119452,2.31154,-0.599253,-2.70102,5.26672
-0.273554,372.404,0.000119726,2.18691,-0.633233,-2.48057,4.93837
-0.273554,372.404,0.00012,2.05364,-0.664076,-2.25149,4.59139
-0.273554,372.404,0.000120274,1.91227,-0.691679,-2.01504,4.22751
-0.273554,372.404,0.000120548,1.76336,-0.715959,-1.77248,3.84851
-0.273554,372.404,0.000120822,1.60748,-0.736851,-1.52507,3.4562
-0.273554,372.404,0.000121096,1.44526,-0.754304,-1.27409,3.05245
-0.273554,372.404,0.00012137,1.27734,-0.768288,-1.02081,2.63913
-0.273554,372.404,0.000121644,1.10437,-0.778787,-0.766471,2.21815
-0.273554,372.404,0.000121918,0.927051,-0.785805,-0.512315,1.79142
-0.273554,372.404,0.000122192,0.74607,-0.789361,-0.259545,1.36084
-0.273554,372.404,0.000122466,0.562144,-0.789489,-0.00933735,0.928316
-0.273554,372.404,0.00012274,0.376,-0.78624,0.237173,0.495719
-0.273554,372.404,0.000123014,0.188372,-0.77968,0.478892,0.0649027
-0.273554,372.404,0.000123288,3.30644e-015,-0.769888,0.714777,-0.362319
-0.273554,372.404,0.000123562,-0.188372,-0.756959,0.943836,-0.784176
-0.273554,372.404,0.000123836,-0.376,-0.740998,1.16513,-1.19895
-0.273554,372.404,0.00012411,-0.562144,-0.722124,1.3778,-1.60497
-0.273554,372.404,0.000124384,-0.74607,-0.700466,1.58103,-2.00066
-0.273554,372.404,0.000124658,-0.927051,-0.676164,1.77407,-2.38448
-0.273554,372.404,0.000124932,-1.10437,-0.649366,1.95627,-2.75498
-0.273554,372.404,0.000125205,-1.27734,-0.620229,2.127,-3.11079
-0.273554,372.404,0.000125479,-1.44526,-0.588917,2.28576,-3.45064
-0.273554,372.404,0.000125753,-1.60748,-0.555601,2.43208,-3.77334
-0.273554,372.404,0.000126027,-1.76336,-0.520456,2.56558,-4.07778
-0.273554,372.404,0.000126301,-1.91227,-0.483662,2.68596,-4.36296
-0.273554,372.404,0.000126575,-2.05364,-0.445402,2.79298,-4.62798
-0.273554,372.404,0.000126849,-2.18691,-0.405861,2.88647,-4.87203
-0.273554,372.404,0.000127123,-2.31154,-0.365226,2.96636,-5.09442
-0.273554,372.404,0.000127397,-2.42705,-0.323684,3.0326,-5.29455
-0.273554,372.404,0.000127671,-2.53298,-0.28142,3.08525,-5.47191
-0.273554,372.404,0.000127945,-2.62892,-0.23862,3.12441,-5.62611
-0.273554,372.404,0.000128219,-2.71448,-0.195466,3.15025,-5.75686
-0.273554,372.404,0.000128493,-2.78933,-0.152137,3.163,-5.86397
-0.273554,372.404,0.000128767,-2.85317,-0.108809,3.16293,-5.94733
-0.273554,372.404,0.000129041,-2.90575,-0.065653,3.15039,-6.00695
-0.273554,372.404,0.000129315,-2.94686,-0.0228346,3.12574,-6.04292
-0.273554,372.404,0.000129589,-2.97634,0.0194861,3.08942,-6.05544
-0.273554,372.404,0.000129863,-2.99408,0.0611556,3.04187,-6.04476
-0.273554,372.404,0.000130137,-3,0.102027,2.9836,-6.01125
-0.273554,372.404,0.000130411,-2.99408,0.14196,2.91514,-5.95534
-0.273554,372.404,0.000130685,-2.97634,0.180824,2.83704,-5.87756
-0.273554,372.404,0.000130959,-2.94686,0.218493,2.74987,-5.77848
-0.273554,372.404,0.000131233,-2.90575,0.254853,2.65423,-5.65875
-0.273554,372.404,0.000131507,-2.85317,0.289794,2.55073,-5.51911
-0.273554,372.404,0.000131781,-2.78933,0.323219,2.43999,-5.36032
-0.273554,372.404,0.000132055,-2.71448,0.355035,2.32262,-5.18321
-0.273554,372.404,0.000132329,-2.62892,0.385162,2.19926,-4.98867
-0.273554,372.404,0.000132603,-2.53298,0.413526,2.07053,-4.77762
-0.273554,372.404,0.000132877,-2.42705,0.44006,1.93705,-4.55103
-0.273554,372.404,0.000133151,-2.31154,0.46471,1.79943,-4.30991
-0.273554,372.404,0.000133425,-2.18691,0.487427,1.65829,-4.05527
-0.273554,372.404,0.000133699,-2.05364,0.508169,1.5142,-3.78819
-0.273554,372.404,0.000133973,-1.91227,0.526905,1.36775,-3.50974
-0.273554,372.404,0.000134247,-1.76336,0.54361,1.21948,-3.22102
-0.273554,372.404,0.000134521,-1.60748,0.558267,1.06993,-2.92315
-0.273554,372.404,0.000134795,-1.44526,0.570865,0.919626,-2.61725
-0.273554,372.404,0.000135068,-1.27734,0.5814,0.769052,-2.30445
-0.273554,372.404,0.000135342,-1.10437,0.589875,0.618678,-1.98588
-0.273554,372.404,0.000135616,-0.927051,0.596299,0.468951,-1.66266
-0.273554,372.404,0.00013589,-0.74607,0.600686,0.320289,-1.33592
-0.273554,372.404,0.000136164,-0.562144,0.603057,0.173088,-1.00678
-0.273554,372.404,0.000136438,-0.376,0.603437,0.0277185,-0.676333
-0.273554,372.404,0.000136712,-0.188372,0.601855,-0.115475,-0.345683
-0.273554,372.404,0.000136986,-1.4332e-014,0.598346,-0.256172,-0.0158991
-0.273554,372.404,0.00013726,0.188372,0.592948,-0.394075,0.311962
-0.273554,372.404,0.000137534,0.376,0.585702,-0.528909,0.636864
-0.273554,372.404,0.000137808,0.562144,0.576655,-0.660423,0.957797
-0.273554,372.404,0.000138082,0.74607,0.565856,-0.788383,1.27377
-0.273554,372.404,0.000138356,0.927051,0.553355,-0.912577,1.58383
-0.273554,372.404,0.00013863,1.10437,0.539206,-1.03281,1.88704
-0.273554,372.404,0.000138904,1.27734,0.523468,-1.14891,2.18249
-0.273554,372.404,0.000139178,1.44526,0.506198,-1.2607,2.46933
-0.273554,372.404,0.000139452,1.60748,0.487458,-1.36804,2.74669
-0.273554,372.404,0.000139726,1.76336,0.46731,-1.4708,3.01379
-0.273554,372.404,0.00014,1.91227,0.445819,-1.56883,3.26985
-0.273554,372.404,0.000140274,2.05364,0.423051,-1.66203,3.51414
-0.273554,372.404,0.000140548,2.18691,0.399075,-1.75028,3.74595
-0.273554,372.404,0.000140822,2.31154,0.373959,-1.83348,3.96462
-0.273554,372.404,0.000141096,2.42705,0.347773,-1.91153,4.16953
-0.273554,372.404,0.00014137,2.53298,0.320591,-1.98432,4.36009
-0.273554,372.404,0.000141644,2.62892,0.292485,-2.05176,4.53576
-0.273554,372.404,0.000141918,2.71448,0.263529,-2.11376,4.69602
-0.273554,372.404,0.000142192,2.78933,0.2338,-2.17022,4.84042
-0.273554,372.404,0.000142466,2.85317,0.203375,-2.22105,4.96853
-0.273554,372.404,0.00014274,2.90575,0.172331,-2.26616,5.07997
-0.273554,372.404,0.000143014,2.94686,0.14075,-2.30544,5.1744
-0.273554,372.404,0.000143288,2.97634,0.108712,-2.3388,5.25152
-0.273554,372.404,0.000143562,2.99408,0.0762987,-2.36615,5.31109
-0.273554,372.404,0.000143836,3,0.0435948,-2.38739,5.3529
-0.273554,372.404,0.00014411,2.99408,0.010685,-2.40241,5.37678
-0.273554,372.404,0.000144384,2.97634,-0.0223441,-2.41112,5.38264
-0.273554,372.404,0.000144658,2.94686,-0.0554048,-2.41343,5.37039
-0.273554,372.404,0.000144932,2.90575,-0.0884081,-2.40924,5.34004
-0.273554,372.404,0.000145205,2.85317,-0.121264,-2.39846,5.29159
-0.273554,372.404,0.000145479,2.78933,-0.15388,-2.381,5.22515
-0.273554,372.404,0.000145753,2.71448,-0.186165,-2.35679,5.14083
-0.273554,372.404,0.000146027,2.62892,-0.218024,-2.32574,5.03882
-0.273554,372.404,0.000146301,2.53298,-0.249364,-2.28781,4.91936
-0.273554,372.404,0.000146575,2.42705,-0.280089,-2.24294,4.78272
-0.273554,372.404,0.000146849,2.31154,-0.310104,-2.19109,4.62924
-0.273554,372.404,0.000147123,2.18691,-0.339313,-2.13223,4.45932
-0.273554,372.404,0.000147397,2.05364,-0.367619,-2.06637,4.2734
-0.273554,372.404,0.000147671,1.91227,-0.394928,-1.99351,4.07196
-0.273554,372.404,0.000147945,1.76336,-0.421143,-1.91368,3.85556
-0.273554,372.404,0.000148219,1.60748,-0.446169,-1.82694,3.6248
-0.273554,372.404,0.000148493,1.44526,-0.469914,-1.73337,3.38033
-0.273554,372.404,0.000148767,1.27734,-0.492285,-1.63307,3.12284
-0.273554,372.404,0.000149041,1.10437,-0.513191,-1.52618,2.85309
-0.273554,372.404,0.000149315,0.927051,-0.532546,-1.41285,2.57189
-0.273554,372.404,0.000149589,0.74607,-0.550262,-1.29328,2.28009
-0.273554,372.404,0.000149863,0.562144,-0.566257,-1.16768,1.97857
-0.273554,372.404,0.000150137,0.376,-0.580453,-1.03632,1.6683
-0.273554,372.404,0.000150411,0.188372,-0.592775,-0.89947,1.35024
-0.273554,372.404,0.000150685,1.46993e-014,-0.603151,-0.757464,1.02543
-0.273554,372.404,0.000150959,-0.188372,-0.611516,-0.610651,0.694937
-0.273554,372.404,0.000151233,-0.376,-0.61781,-0.45942,0.359859
-0.273554,372.404,0.000151507,-0.562144,-0.621977,-0.304194,0.0213335
-0.273554,372.404,0.000151781,-0.74607,-0.623969,-0.145426,-0.319476
-0.273554,372.404,0.000152055,-0.927051,-0.623744,0.0163935,-0.661376
-0.273554,372.404,0.000152329,-1.10437,-0.621268,0.180747,-1.00315
-0.273554,372.404,0.000152603,-1.27734,-0.616514,0.347084,-1.34358
-0.273554,372.404,0.000152877,-1.44526,-0.609461,0.514828,-1.68139
-0.273554,372.404,0.000153151,-1.60748,-0.6001,0.683372,-2.01534
-0.273554,372.404,0.000153425,-1.76336,-0.588428,0.852086,-2.34416
-0.273554,372.404,0.000153699,-1.91227,-0.574451,1.02032,-2.66659
-0.273554,372.404,0.000153973,-2.05364,-0.558185,1.1874,-2.98136
-0.273554,372.404,0.000154247,-2.18691,-0.539656,1.35264,-3.28721
-0.273554,372.404,0.000154521,-2.31154,-0.518898,1.51533,-3.58291
-0.273554,372.404,0.000154795,-2.42705,-0.495956,1.67476,-3.86724
-0.273554,372.404,0.000155068,-2.53298,-0.470884,1.83021,-4.139
-0.273554,372.404,0.000155342,-2.62892,-0.443748,1.98096,-4.39702
-0.273554,372.404,0.000155616,-2.71448,-0.414621,2.12628,-4.64017
-0.273554,372.404,0.00015589,-2.78933,-0.383587,2.26546,-4.86736
-0.273554,372.404,0.000156164,-2.85317,-0.350741,2.39777,-5.07754
-0.273554,372.404,0.000156438,-2.90575,-0.316186,2.52253,-5.26973
-0.273554,372.404,0.000156712,-2.94686,-0.280034,2.63905,-5.44298
-0.273554,372.404,0.000156986,-2.97634,-0.242409,2.74667,-5.59642
-0.273554,372.404,0.00015726,-2.99408,-0.203439,2.84475,-5.72925
-0.273554,372.404,0.000157534,-3,-0.163266,2.93269,-5.84072
-0.273554,372.404,0.000157808,-2.99408,-0.122034,3.00991,-5.93018
-0.273554,372.404,0.000158082,-2.97634,-0.0798987,3.07587,-5.99705
-0.273554,372.404,0.000158356,-2.94686,-0.0370208,3.13009,-6.04083
-0.273554,372.404,0.00015863,-2.90575,0.00643272,3.1721,-6.06112
-0.273554,372.404,0.000158904,-2.85317,0.0502891,3.20151,-6.05759
-0.273554,372.404,0.000159178,-2.78933,0.0943709,3.21797,-6.03004
-0.273554,372.404,0.000159452,-2.71448,0.138497,3.22118,-5.97833
-0.273554,372.404,0.000159726,-2.62892,0.182482,3.21091,-5.90244
-0.273554,372.404,0.00016,-2.53298,0.226139,3.18697,-5.80245
-0.273554,372.404,0.000160274,-2.42705,0.269279,3.14926,-5.67854
-0.273554,372.404,0.000160548,-2.31154,0.311714,3.09772,-5.53099
-0.273554,372.404,0.000160822,-2.18691,0.353253,3.03237,-5.36018
-0.273554,372.404,0.000161096,-2.05364,0.393709,2.95329,-5.16662
-0.273554,372.404,0.00016137,-1.91227,0.432896,2.86064,-4.95089
-0.273554,372.404,0.000161644,-1.76336,0.470631,2.75464,-4.71369
-0.273554,372.404,0.000161918,-1.60748,0.506735,2.63557,-4.45581
-0.273554,372.404,0.000162192,-1.44526,0.541033,2.50381,-4.17814
-0.273554,372.404,0.000162466,-1.27734,0.573359,2.35977,-3.88169
-0.273554,372.404,0.00016274,-1.10437,0.60355,2.20395,-3.56752
-0.273554,372.404,0.000163014,-0.927051,0.631453,2.03692,-3.2368
-0.273554,372.404,0.000163288,-0.74607,0.656923,1.85928,-2.8908
-0.273554,372.404,0.000163562,-0.562144,0.679823,1.67174,-2.53085
-0.273554,372.404,0.000163836,-0.376,0.700029,1.47502,-2.15834
-0.273554,372.404,0.00016411,-0.188372,0.717425,1.26994,-1.77476
-0.273554,372.404,0.000164384,-4.40858e-015,0.73191,1.05734,-1.38165
-0.273554,372.404,0.00150685,2.35368e-014,0.716432,0.356628,-0.678286
-0.273554,372.404,0.00150712,0.188372,0.71849,0.150226,-0.285721
-0.273554,372.404,0.0015074,0.376,0.717712,-0.0567696,0.107972
-0.273554,372.404,0.00150767,0.562144,0.714102,-0.263541,0.501239
-0.273554,372.404,0.00150795,0.74607,0.707674,-0.469272,0.892528
-0.273554,372.404,0.00150822,0.927051,0.698453,-0.673151,1.28029
-0.273554,372.404,0.00150849,1.10437,0.686475,-0.874374,1.66301
-0.273554,372.404,0.00150877,1.27734,0.671788,-1.07215,2.03916
-0.273554,372.404,0.00150904,1.44526,0.65445,-1.26569,2.40726
-0.273554,372.404,0.00150932,1.60748,0.634529,-1.45423,2.76586
-0.273554,372.404,0.00150959,1.76336,0.612104,-1.63704,3.11355
-0.273554,372.404,0.00150986,1.91227,0.587263,-1.81338,3.44895
-0.273554,372.404,0.00151014,2.05364,0.560104,-1.98257,3.77074
-0.273554,372.404,0.00151041,2.18691,0.530735,-2.14394,4.07764
-0.273554,372.404,0.00151068,2.31154,0.499272,-2.29684,4.36846
-0.273554,372.404,0.00151096,2.42705,0.465838,-2.44068,4.64203
-0.273554,372.404,0.00151123,2.53298,0.430565,-2.57489,4.89729
-0.273554,372.404,0.00151151,2.62892,0.393594,-2.69893,5.13321
-0.273554,372.404,0.00151178,2.71448,0.355069,-2.81232,5.34888
-0.273554,372.404,0.00151205,2.78933,0.315142,-2.91462,5.54344
-0.273554,372.404,0.00151233,2.85317,0.273972,-3.00541,5.71612
-0.273554,372.404,0.0015126,2.90575,0.231721,-3.08434,5.86624
-0.273554,372.404,0.00151288,2.94686,0.188555,-3.1511,5.99321
-0.273554,372.404,0.00151315,2.97634,0.144645,-3.20542,6.09653
-0.273554,372.404,0.00151342,2.99408,0.100165,-3.24709,6.17579
-0.273554,372.404,0.0015137,3,0.0552886,-3.27595,6.23067
-0.273554,372.404,0.00151397,2.99408,0.0101944,-3.29188,6.26097
-0.273554,372.404,0.00151425,2.97634,-0.0349401,-3.29482,6.26655
-0.273554,372.404,0.00151452,2.94686,-0.0799367,-3.28475,6.24741
-0.273554,372.404,0.00151479,2.90575,-0.124618,-3.26172,6.20361
-0.273554,372.404,0.00151507,2.85317,-0.168807,-3.22582,6.13532
-0.273554,372.404,0.00151534,2.78933,-0.21233,-3.17719,6.04283
-0.273554,372.404,0.00151562,2.71448,-0.255015,-3.11601,5.92648
-0.273554,372.404,0.00151589,2.62892,-0.296694,-3.04254,5.78675
-0.273554,372.404,0.00151616,2.53298,-0.337202,-2.95707,5.62417
-0.273554,372.404,0.00151644,2.42705,-0.376379,-2.85992,5.43941
-0.273554,372.404,0.00151671,2.31154,-0.41407,-2.75149,5.23317
-0.273554,372.404,0.00151699,2.18691,-0.450128,-2.63219,5.00628
-0.273554,372.404,0.00151726,2.05364,-0.484409,-2.50251,4.75964
-0.273554,372.404,0.00151753,1.91227,-0.516778,-2.36296,4.49421
-0.273554,372.404,0.00151781,1.76336,-0.547108,-2.21407,4.21104
-0.273554,372.404,0.00151808,1.60748,-0.575278,-2.05645,3.91126
-0.273554,372.404,0.00151836,1.44526,-0.601179,-1.89072,3.59604
-0.273554,372.404,0.00151863,1.27734,-0.624706,-1.71752,3.26662
-0.273554,372.404,0.0015189,1.10437,-0.645769,-1.53754,2.92432
-0.273554,372.404,0.00151918,0.927051,-0.664282,-1.3515,2.57047
-0.273554,372.404,0.00151945,0.74607,-0.680174,-1.16012,2.20648
-0.273554,372.404,0.00151973,0.562144,-0.693382,-0.964163,1.83378
-0.273554,372.404,0.00152,0.376,-0.703853,-0.764402,1.45385
-0.273554,372.404,0.00152027,0.188372,-0.711547,-0.561623,1.06817
-0.273554,372.404,0.00152055,1.79335e-013,-0.716432,-0.356628,0.678286
-0.273554,372.404,0.00152082,-0.188372,-0.71849,-0.150226,0.285721
-0.273554,372.404,0.0015211,-0.376,-0.717712,0.0567694,-0.107972
-0.273554,372.404,0.00152137,-0.562144,-0.714102,0.263541,-0.501239
-0.273554,372.404,0.00152164,-0.74607,-0.707674,0.469272,-0.892528
-0.273554,372.404,0.00152192,-0.927051,-0.698453,0.673151,-1.28029
-0.273554,372.404,0.00152219,-1.10437,-0.686475,0.874373,-1.66301
-0.273554,372.404,0.00152247,-1.27734,-0.671788,1.07215,-2.03916
-0.273554,372.404,0.00152274,-1.44526,-0.65445,1.26569,-2.40726
-0.273554,372.404,0.00152301,-1.60748,-0.634529,1.45423,-2.76586
-0.273554,372.404,0.00152329,-1.76336,-0.612104,1.63704,-3.11355
-0.273554,372.404,0.00152356,-1.91227,-0.587263,1.81338,-3.44895
-0.273554,372.404,0.00152384,-2.05364,-0.560104,1.98257,-3.77074
-0.273554,372.404,0.00152411,-2.18691,-0.530735,2.14394,-4.07764
-0.273554,372.404,0.00152438,-2.31154,-0.499272,2.29684,-4.36846
-0.273554,372.404,0.00152466,-2.42705,-0.465838,2.44068,-4.64203
-0.273554,372.404,0.00152493,-2.53298,-0.430565,2.57489,-4.89729
-0.273554,372.404,0.00152521,-2.62892,-0.393594,2.69893,-5.13321
-0.273554,372.404,0.00152548,-2.71448,-0.355069,2.81232,-5.34888
-0.273554,372.404,0.00152575,-2.78933,-0.315142,2.91462,-5.54344
-0.273554,372.404,0.00152603,-2.85317,-0.273972,3.00541,-5.71612
-0.273554,372.404,0.0015263,-2.90575,-0.231721,3.08434,-5.86624
-0.273554,372.404,0.00152658,-2.94686,-0.188555,3.1511,-5.99321
-0.273554,372.404,0.00152685,-2.97634,-0.144645,3.20542,-6.09653
-0.273554,372.404,0.00152712,-2.99408,-0.100165,3.24709,-6.17579
-0.273554,372.404,0.0015274,-3,-0.0552887,3.27595,-6.23067
-0.273554,372.404,0.00152767,-2.99408,-0.0101944,3.29188,-6.26097
-0.273554,372.404,0.00152795,-2.97634,0.0349401,3.29482,-6.26655
-0.273554,372.404,0.00152822,-2.94686,0.0799366,3.28475,-6.24741
-0.273554,372.404,0.00152849,-2.90575,0.124618,3.26172,-6.20361
-0.273554,372.404,0.00152877,-2.85317,0.168807,3.22582,-6.13532
-0.273554,372.404,0.00152904,-2.78933,0.21233,3.17719,-6.04283
-0.273554,372.404,0.00152932,-2.71448,0.255015,3.11601,-5.92648
-0.273554,372.404,0.00152959,-2.62892,0.296694,3.04254,-5.78675
-0.273554,372.404,0.00152986,-2.53298,0.337202,2.95707,-5.62417
-0.273554,372.404,0.00153014,-2.42705,0.376379,2.85992,-5.43941
-0.273554,372.404,0.00153041,-2.31154,0.41407,2.75149,-5.23317
-0.273554,372.404,0.00153068,-2.18691,0.450128,2.63219,-5.00628
-0.273554,372.404,0.00153096,-2.05364,0.484409,2.50251,-4.75964
-0.273554,372.404,0.00153123,-1.91227,0.516778,2.36296,-4.49421
-0.273554,372.404,0.00153151,-1.76336,0.547108,2.21407,-4.21104
-0.273554,372.404,0.00153178,-1.60748,0.575278,2.05645,-3.91126
-0.273554,372.404,0.00153205,-1.44526,0.601179,1.89072,-3.59604
-0.273554,372.404,0.00153233,-1.27734,0.624706,1.71752,-3.26662
-0.273554,372.404,0.0015326,-1.10437,0.645769,1.53754,-2.92432
-0.273554,372.404,0.00153288,-0.927051,0.664282,1.3515,-2.57047
-0.273554,372.404,0.00153315,-0.74607,0.680174,1.16012,-2.20648
-0.273554,372.404,0.00153342,-0.562144,0.693382,0.964163,-1.83378
-0.273554,372.404,0.0015337,-0.376,0.703853,0.764402,-1.45385
-0.273554,372.404,0.00153397,-0.188372,0.711547,0.561623,-1.06818
-0.273554,372.404,0.00153425,-4.11468e-014,0.716432,0.356628,-0.678286
-0.273554,372.404,0.00153452,0.188372,0.71849,0.150226,-0.285721
-0.273554,372.404,0.00153479,0.376,0.717712,-0.0567694,0.107972
-0.273554,372.404,0.00153507,0.562144,0.714102,-0.263541,0.501239
-0.273554,372.404,0.00153534,0.74607,0.707674,-0.469272,0.892528
-0.273554,372.404,0.00153562,0.927051,0.698453,-0.673151,1.28029
-0.273554,372.404,0.00153589,1.10437,0.686475,-0.874374,1.66301
-0.273554,372.404,0.00153616,1.27734,0.671788,-1.07215,2.03916
-0.273554,372.404,0.00153644,1.44526,0.65445,-1.26569,2.40726
-0.273554,372.404,0.00153671,1.60748,0.634529,-1.45423,2.76586
-0.273554,372.404,0.00153699,1.76336,0.612104,-1.63704,3.11355
-0.273554,372.404,0.00153726,1.91227,0.587263,-1.81338,3.44895
-0.273554,372.404,0.00153753,2.05364,0.560104,-1.98257,3.77074
-0.273554,372.404,0.00153781,2.18691,0.530735,-2.14394,4.07764
-0.273554,372.404,0.00153808,2.31154,0.499272,-2.29684,4.36846
-0.273554,372.404,0.00153836,2.42705,0.465838,-2.44068,4.64203
-0.273554,372.404,0.00153863,2.53298,0.430565,-2.57489,4.89729
-0.273554,372.404,0.0015389,2.62892,0.393594,-2.69893,5.13321
-0.273554,372.404,0.00153918,2.71448,0.355069,-2.81232,5.34888
-0.273554,372.404,0.00153945,2.78933,0.315142,-2.91462,5.54344
-0.273554,372.404,0.00153973,2.85317,0.273972,-3.00541,5.71612
-0.273554,372.404,0.00154,2.90575,0.231721,-3.08434,5.86624
-0.273554,372.404,0.00154027,2.94686,0.188555,-3.1511,5.99321
-0.273554,372.404,0.00154055,2.97634,0.144645,-3.20542,6.09653
-0.273554,372.404,0.00154082,2.99408,0.100165,-3.24709,6.17579
-0.273554,372.404,0.0015411,3,0.0552886,-3.27595,6.23067
-0.273554,372.404,0.00154137,2.99408,0.0101944,-3.29188,6.26097
-0.273554,372.404,0.00154164,2.97634,-0.0349401,-3.29482,6.26655
-0.273554,372.404,0.00154192,2.94686,-0.0799367,-3.28475,6.24741
-0.273554,372.404,0.00154219,2.90575,-0.124618,-3.26172,6.20361
-0.273554,372.404,0.00154247,2.85317,-0.168807,-3.22582,6.13532
-0.273554,372.404,0.00154274,2.78933,-0.21233,-3.17719,6.04283
-0.273554,372.404,0.00154301,2.71448,-0.255015,-3.11601,5.92648
-0.273554,372.404,0.00154329,2.62892,-0.296694,-3.04254,5.78675
-0.273554,372.404,0.00154356,2.53298,-0.337202,-2.95707,5.62417
-0.273554,372.404,0.00154384,2.42705,-0.376379,-2.85992,5.43941
-0.273554,372.404,0.00154411,2.31154,-0.41407,-2.75149,5.23317
-0.273554,372.404,0.00154438,2.18691,-0.450128,-2.63219,5.00628
-0.273554,372.404,0.00154466,2.05364,-0.484409,-2.50251,4.75964
-0.273554,372.404,0.00154493,1.91227,-0.516778,-2.36296,4.49421
-0.273554,372.404,0.00154521,1.76336,-0.547108,-2.21407,4.21104
-0.273554,372.404,0.00154548,1.60748,-0.575279,-2.05645,3.91126
-0.273554,372.404,0.00154575,1.44526,-0.601179,-1.89072,3.59604
-0.273554,372.404,0.00154603,1.27734,-0.624706,-1.71752,3.26662
-0.273554,372.404,0.0015463,1.10437,-0.645769,-1.53754,2.92432
-0.273554,372.404,0.00154658,0.927051,-0.664282,-1.3515,2.57047
-0.273554,372.404,0.00154685,0.74607,-0.680174,-1.16012,2.20648
-0.273554,372.404,0.00154712,0.562144,-0.693382,-0.964163,1.83378
-0.273554,372.404,0.0015474,0.376,-0.703853,-0.764402,1.45385
-0.273554,372.404,0.00154767,0.188372,-0.711547,-0.561623,1.06817
-0.273554,372.404,0.00154795,7.34886e-014,-0.716432,-0.356628,0.678286
-0.273554,372.404,0.00154822,-0.188372,-0.71849,-0.150226,0.285721
-0.273554,372.404,0.00154849,-0.376,-0.717712,0.0567695,-0.107972
-0.273554,372.404,0.00154877,-0.562144,-0.714102,0.263541,-0.501239
-0.273554,372.404,0.00154904,-0.74607,-0.707674,0.469272,-0.892528
-0.273554,372.404,0.00154932,-0.927051,-0.698453,0.673151,-1.28029
-0.273554,372.404,0.00154959,-1.10437,-0.686475,0.874374,-1.66301
-0.273554,372.404,0.00154986,-1.27734,-0.671788,1.07215,-2.03916
-0.273554,372.404,0.00155014,-1.44526,-0.65445,1.26569,-2.40726
-0.273554,372.404,0.00155041,-1.60748,-0.634529,1.45423,-2.76586
-0.273554,372.404,0.00155068,-1.76336,-0.612104,1.63704,-3.11355
-0.273554,372.404,0.00155096,-1.91227,-0.587263,1.81338,-3.44895
-0.273554,372.404,0.00155123,-2.05364,-0.560104,1.98257,-3.77074
-0.273554,372.404,0.00155151,-2.18691,-0.530735,2.14394,-4.07765
-0.273554,372.404,0.00155178,-2.31154,-0.499272,2.29684,-4.36846
-0.273554,372.404,0.00155205,-2.42705,-0.465838,2.44068,-4.64203
-0.273554,372.404,0.00155233,-2.53298,-0.430565,2.57489,-4.89729
-0.273554,372.404,0.0015526,-2.62892,-0.393594,2.69893,-5.13321
-0.273554,372.404,0.00155288,-2.71448,-0.355069,2.81232,-5.34888
-0.273554,372.404,0.00155315,-2.78933,-0.315142,2.91462,-5.54344
-0.273554,372.404,0.00155342,-2.85317,-0.273972,3.00541,-5.71612
-0.273554,372.404,0.0015537,-2.90575,-0.231721,3.08434,-5.86624
-0.273554,372.404,0.00155397,-2.94686,-0.188555,3.1511,-5.99321
-0.273554,372.404,0.00155425,-2.97634,-0.144645,3.20542,-6.09653
-0.273554,372.404,0.00155452,-2.99408,-0.100165,3.24709,-6.17579
-0.273554,372.404,0.00155479,-3,-0.0552886,3.27595,-6.23067
-0.273554,372.404,0.00155507,-2.99408,-0.0101944,3.29188,-6.26097
-0.273554,372.404,0.00155534,-2.97634,0.0349401,3.29482,-6.26655
-0.273554,372.404,0.00155562,-2.94686,0.0799367,3.28475,-6.24741
-0.273554,372.404,0.00155589,-2.90575,0.124618,3.26172,-6.20361
-0.273554,372.404,0.00155616,-2.85317,0.168807,3.22582,-6.13532
-0.273554,372.404,0.00155644,-2.78933,0.21233,3.17719,-6.04283
-0.273554,372.404,0.00155671,-2.71448,0.255015,3.11601,-5.92648
-0.273554,372.404,0.00155699,-2.62892,0.296694,3.04254,-5.78675
-0.273554,372.404,0.00155726,-2.53298,0.337202,2.95707,-5.62417
-0.273554,372.404,0.00155753,-2.42705,0.376379,2.85992,-5.43941
-0.273554,372.404,0.00155781,-2.31154,0.41407,2.75149,-5.23317
-0.273554,372.404,0.00155808,-2.18691,0.450128,2.63219,-5.00628
-0.273554,372.404,0.00155836,-2.05364,0.484409,2.50251,-4.75964
-0.273554,372.404,0.00155863,-1.91227,0.516778,2.36296,-4.49421
-0.273554,372.404,0.0015589,-1.76336,0.547108,2.21407,-4.21104
-0.273554,372.404,0.00155918,-1.60748,0.575279,2.05645,-3.91126
-0.273554,372.404,0.00155945,-1.44526,0.601179,1.89072,-3.59604
-0.273554,372.404,0.00155973,-1.27734,0.624706,1.71752,-3.26662
-0.273554,372.404,0.00156,-1.10437,0.645769,1.53754,-2.92432
-0.273554,372.404,0.00156027,-0.927051,0.664282,1.3515,-2.57047
-0.273554,372.404,0.00156055,-0.74607,0.680174,1.16012,-2.20648
-0.273554,372.404,0.00156082,-0.562144,0.693382,0.964163,-1.83378
-0.273554,372.404,0.0015611,-0.376,0.703853,0.764402,-1.45385
-0.273554,372.404,0.00156137,-0.188372,0.711547,0.561623,-1.06817
-0.273554,372.404,0.00156164,-1.0583e-013,0.716432,0.356628,-0.678286
-0.273554,372.404,0.00156192,0.188372,0.71849,0.150226,-0.285721
-0.273554,372.404,0.00156219,0.376,0.717712,-0.0567696,0.107972
-0.273554,372.404,0.00156247,0.562144,0.714102,-0.263541,0.50124
-0.273554,372.404,0.00156274,0.74607,0.707674,-0.469272,0.892528
-0.273554,372.404,0.00156301,0.927051,0.698453,-0.673151,1.28029
-0.273554,372.404,0.00156329,1.10437,0.686475,-0.874374,1.66301
-0.273554,372.404,0.00156356,1.27734,0.671788,-1.07215,2.03916
-0.273554,372.404,0.00156384,1.44526,0.65445,-1.26569,2.40726
-0.273554,372.404,0.00156411,1.60748,0.634529,-1.45423,2.76586
-0.273554,372.404,0.00156438,1.76336,0.612104,-1.63704,3.11355
-0.273554,372.404,0.00156466,1.91227,0.587263,-1.81338,3.44895
-0.273554,372.404,0.00156493,2.05364,0.560104,-1.98257,3.77074
-0.273554,372.404,0.00156521,2.18691,0.530735,-2.14394,4.07765
-0.273554,372.404,0.00156548,2.31154,0.499272,-2.29684,4.36846
-0.273554,372.404,0.00156575,2.42705,0.465838,-2.44068,4.64203
-0.273554,372.404,0.00156603,2.53298,0.430565,-2.57489,4.89729
-0.273554,372.404,0.0015663,2.62892,0.393594,-2.69893,5.13321
-0.273554,372.404,0.00156658,2.71448,0.355069,-2.81232,5.34888
-0.273554,372.404,0.00156685,2.78933,0.315142,-2.91462,5.54344
-0.273554,372.404,0.00156712,2.85317,0.273972,-3.00541,5.71612
-0.273554,372.404,0.0015674,2.90575,0.231721,-3.08434,5.86624
-0.273554,372.404,0.00156767,2.94686,0.188555,-3.1511,5.99321
-0.273554,372.404,0.00156795,2.97634,0.144645,-3.20542,6.09653
-0.273554,372.404,0.00156822,2.99408,0.100165,-3.24709,6.17579
-0.273554,372.404,0.00156849,3,0.0552886,-3.27595,6.23067
-0.273554,372.404,0.00156877,2.99408,0.0101944,-3.29188,6.26097
-0.273554,372.404,0.00156904,2.97634,-0.0349401,-3.29482,6.26655
-0.273554,372.404,0.00156932,2.94686,-0.0799367,-3.28475,6.24741
-0.273554,372.404,0.00156959,2.90575,-0.124618,-3.26172,6.20361
-0.273554,372.404,0.00156986,2.85317,-0.168807,-3.22582,6.13532
-0.273554,372.404,0.00157014,2.78933,-0.21233,-3.17719,6.04283
-0.273554,372.404,0.00157041,2.71448,-0.255015,-3.11601,5.92648
-0.273554,372.404,0.00157068,2.62892,-0.296694,-3.04254,5.78675
-0.273554,372.404,0.00157096,2.53298,-0.337202,-2.95707,5.62417
-0.273554,372.404,0.00157123,2.42705,-0.376379,-2.85992,5.43941
-0.273554,372.404,0.00157151,2.31154,-0.41407,-2.75149,5.23317
-0.273554,372.404,0.00157178,2.18691,-0.450128,-2.63219,5.00628
-0.273554,372.404,0.00157205,2.05364,-0.484409,-2.50251,4.75964
-0.273554,372.404,0.00157233,1.91227,-0.516778,-2.36296,4.49421
-0.273554,372.404,0.0015726,1.76336,-0.547108,-2.21407,4.21104
-0.273554,372.404,0.00157288,1.60748,-0.575278,-2.05645,3.91126
-0.273554,372.404,0.00157315,1.44526,-0.601179,-1.89072,3.59604
-0.273554,372.404,0.00157342,1.27734,-0.624706,-1.71752,3.26662
-0.273554,372.404,0.0015737,1.10437,-0.645769,-1.53754,2.92432
-0.273554,372.404,0.00157397,0.927051,-0.664282,-1.3515,2.57047
-0.273554,372.404,0.00157425,0.74607,-0.680174,-1.16012,2.20648
-0.273554,372.404,0.00157452,0.562144,-0.693382,-0.964163,1.83378
-0.273554,372.404,0.00157479,0.376,-0.703853,-0.764402,1.45385
-0.273554,372.404,0.00157507,0.188372,-0.711547,-0.561623,1.06817
-0.273554,372.404,0.00157534,-3.23581e-014,-0.716432,-0.356628,0.678286
-0.273554,372.404,0.00157562,-0.188372,-0.71849,-0.150226,0.285721
-0.273554,372.404,0.00157589,-0.376,-0.717712,0.0567696,-0.107972
-0.273554,372.404,0.00157616,-0.562144,-0.714102,0.263541,-0.501239
-0.273554,372.404,0.00157644,-0.74607,-0.707674,0.469272,-0.892528
-0.273554,372.404,0.00157671,-0.927051,-0.698453,0.673151,-1.28029
-0.273554,372.404,0.00157699,-1.10437,-0.686475,0.874374,-1.66301
-0.273554,372.404,0.00157726,-1.27734,-0.671788,1.07215,-2.03916
-0.273554,372.404,0.00157753,-1.44526,-0.65445,1.26569,-2.40726
-0.273554,372.404,0.00157781,-1.60748,-0.634529,1.45423,-2.76586
-0.273554,372.404,0.00157808,-1.76336,-0.612104,1.63704,-3.11355
-0.273554,372.404,0.00157836,-1.91227,-0.587263,1.81338,-3.44895
-0.273554,372.404,0.00157863,-2.05364,-0.560104,1.98257,-3.77074
-0.273554,372.404,0.0015789,-2.18691,-0.530735,2.14394,-4.07764
-0.273554,372.404,0.00157918,-2.31154,-0.499272,2.29684,-4.36846
-0.273554,372.404,0.00157945,-2.42705,-0.465838,2.44068,-4.64203
-0.273554,372.404,0.00157973,-2.53298,-0.430565,2.57489,-4.89729
-0.273554,372.404,0.00158,-2.62892,-0.393594,2.69893,-5.13321
-0.273554,372.404,0.00158027,-2.71448,-0.355069,2.81232,-5.34888
-0.273554,372.404,0.00158055,-2.78933,-0.315142,2.91462,-5.54344
-0.273554,372.404,0.00158082,-2.85317,-0.273972,3.00541,-5.71612
-0.273554,372.404,0.0015811,-2.90575,-0.231721,3.08434,-5.86624
-0.273554,372.404,0.00158137,-2.94686,-0.188555,3.1511,-5.99321
-0.273554,372.404,0.00158164,-2.97634,-0.144645,3.20542,-6.09653
-0.273554,372.404,0.00158192,-2.99408,-0.100165,3.24709,-6.17579
-0.273554,372.404,0.00158219,-3,-0.0552886,3.27595,-6.23067
-0.273554,372.404,0.00158247,-2.99408,-0.0101944,3.29188,-6.26097
-0.273554,372.404,0.00158274,-2.97634,0.0349401,3.29482,-6.26655
-0.273554,372.404,0.00158301,-2.94686,0.0799367,3.28475,-6.24741
-0.273554,372.404,0.00158329,-2.90575,0.124618,3.26172,-6.20361
-0.273554,372.404,0.00158356,-2.85317,0.168807,3.22582,-6.13532
-0.273554,372.404,0.00158384,-2.78933,0.21233,3.17719,-6.04283
-0.273554,372.404,0.00158411,-2.71448,0.255015,3.11601,-5.92648
-0.273554,372.404,0.00158438,-2.62892,0.296694,3.04254,-5.78675
-0.273554,372.404,0.00158466,-2.53298,0.337202,2.95707,-5.62417
-0.273554,372.404,0.00158493,-2.42705,0.376379,2.85992,-5.43941
-0.273554,372.404,0.00158521,-2.31154,0.41407,2.75149,-5.23317
-0.273554,372.404,0.00158548,-2.18691,0.450128,2.63219,-5.00628
-0.273554,372.404,0.00158575,-2.05364,0.484409,2.50251,-4.75964
-0.273554,372.404,0.00158603,-1.91227,0.516778,2.36296,-4.49421
-0.273554,372.404,0.0015863,-1.76336,0.547108,2.21407,-4.21104
-0.273554,372.404,0.00158658,-1.60748,0.575278,2.05645,-3.91126
-0.273554,372.404,0.00158685,-1.44526,0.601179,1.89072,-3.59604
-0.273554,372.404,0.00158712,-1.27734,0.624706,1.71752,-3.26662
-0.273554,372.404,0.0015874,-1.10437,0.645769,1.53754,-2.92432
-0.273554,372.404,0.00158767,-0.927051,0.664282,1.3515,-2.57047
-0.273554,372.404,0.00158795,-0.74607,0.680174,1.16012,-2.20648
-0.273554,372.404,0.00158822,-0.562144,0.693382,0.964163,-1.83378
-0.273554,372.404,0.00158849,-0.376,0.703853,0.764402,-1.45385
-0.273554,372.404,0.00158877,-0.188372,0.711547,0.561623,-1.06817
-0.273554,372.404,0.00158904,-1.70514e-013,0.716432,0.356628,-0.678286
-0.273554,372.404,0.00158932,0.188372,0.71849,0.150226,-0.285721
-0.273554,372.404,0.00158959,0.376,0.717712,-0.0567695,0.107972
-0.273554,372.404,0.00158986,0.562144,0.714102,-0.263541,0.501239
-0.273554,372.404,0.00159014,0.74607,0.707674,-0.469272,0.892528
-0.273554,372.404,0.00159041,0.927051,0.698453,-0.673151,1.28029
-0.273554,372.404,0.00159068,1.10437,0.686475,-0.874374,1.66301
-0.273554,372.404,0.00159096,1.27734,0.671788,-1.07215,2.03916
-0.273554,372.404,0.00159123,1.44526,0.65445,-1.26569,2.40726
-0.273554,372.404,0.00159151,1.60748,0.634529,-1.45423,2.76586
-0.273554,372.404,0.00159178,1.76336,0.612104,-1.63704,3.11355
-0.273554,372.404,0.00159205,1.91227,0.587263,-1.81338,3.44895
-0.273554,372.404,0.00159233,2.05364,0.560104,-1.98257,3.77074
-0.273554,372.404,0.0015926,2.18691,0.530735,-2.14394,4.07764
-0.273554,372.404,0.00159288,2.31154,0.499272,-2.29684,4.36846
-0.273554,372.404,0.00159315,2.42705,0.465838,-2.44068,4.64203
-0.273554,372.404,0.00159342,2.53298,0.430565,-2.57489,4.89729
-0.273554,372.404,0.0015937,2.62892,0.393594,-2.69893,5.13321
-0.273554,372.404,0.00159397,2.71448,0.355069,-2.81232,5.34888
-0.273554,372.404,0.00159425,2.78933,0.315142,-2.91462,5.54344
-0.273554,372.404,0.00159452,2.85317,0.273972,-3.00541,5.71612
-0.273554,372.404,0.00159479,2.90575,0.231721,-3.08434,5.86624
-0.273554,372.404,0.00159507,2.94686,0.188555,-3.1511,5.99321
-0.273554,372.404,0.00159534,2.97634,0.144645,-3.20542,6.09653
-0.273554,372.404,0.00159562,2.99408,0.100165,-3.24709,6.17579
-0.273554,372.404,0.00159589,3,0.0552886,-3.27595,6.23067
-0.273554,372.404,0.00159616,2.99408,0.0101944,-3.29188,6.26097
-0.273554,372.404,0.00159644,2.97634,-0.0349401,-3.29482,6.26655
-0.273554,372.404,0.00159671,2.94686,-0.0799367,-3.28475,6.24741
-0.273554,372.404,0.00159699,2.90575,-0.124618,-3.26172,6.20361
-0.273554,372.404,0.00159726,2.85317,-0.168807,-3.22582,6.13532
-0.273554,372.404,0.00159753,2.78933,-0.21233,-3.17719,6.04283
-0.273554,372.404,0.00159781,2.71448,-0.255015,-3.11601,5.92648
-0.273554,372.404,0.00159808,2.62892,-0.296694,-3.04254,5.78675
-0.273554,372.404,0.00159836,2.53298,-0.337202,-2.95707,5.62417
-0.273554,372.404,0.00159863,2.42705,-0.376379,-2.85992,5.43941
-0.273554,372.404,0.0015989,2.31154,-0.41407,-2.75149,5.23317
-0.273554,372.404,0.00159918,2.18691,-0.450128,-2.63219,5.00628
-0.273554,372.404,0.00159945,2.05364,-0.484409,-2.50251,4.75964
-0.273554,372.404,0.00159973,1.91227,-0.516778,-2.36296,4.49421
-0.273554,372.404,0.0016,1.76336,-0.547108,-2.21407,4.21104
-0.273554,372.404,0.00160027,1.60748,-0.575278,-2.05645,3.91126
-0.273554,372.404,0.00160055,1.44526,-0.601179,-1.89072,3.59604
-0.273554,372.404,0.00160082,1.27734,-0.624706,-1.71752,3.26662
-0.273554,372.404,0.0016011,1.10437,-0.645769,-1.53754,2.92432
-0.273554,372.404,0.00160137,0.927051,-0.664282,-1.3515,2.57047
-0.273554,372.404,0.00160164,0.74607,-0.680174,-1.16012,2.20648
-0.273554,372.404,0.00160192,0.562144,-0.693382,-0.964163,1.83378
-0.273554,372.404,0.00160219,0.376,-0.703853,-0.764402,1.45385
-0.273554,372.404,0.00160247,0.188372,-0.711547,-0.561623,1.06817
-0.273554,372.404,0.00160274,3.23255e-014,-0.716432,-0.356628,0.678286
-0.273554,372.404,0.00160301,-0.188372,-0.71849,-0.150226,0.285721
-0.273554,372.404,0.00160329,-0.376,-0.717712,0.0567695,-0.107972
-0.273554,372.404,0.00160356,-0.562144,-0.714102,0.263541,-0.501239
-0.273554,372.404,0.00160384,-0.74607,-0.707674,0.469272,-0.892528
-0.273554,372.404,0.00160411,-0.927051,-0.698453,0.673151,-1.28029
-0.273554,372.404,0.00160438,-1.10437,-0.686475,0.874374,-1.66301
-0.273554,372.404,0.00160466,-1.27734,-0.671788,1.07215,-2.03916
-0.273554,372.404,0.00160493,-1.44526,-0.65445,1.26569,-2.40726
-0.273554,372.404,0.00160521,-1.60748,-0.634529,1.45423,-2.76586
-0.273554,372.404,0.00160548,-1.76336,-0.612104,1.63704,-3.11355
-0.273554,372.404,0.00160575,-1.91227,-0.587263,1.81338,-3.44895
-0.273554,372.404,0.00160603,-2.05364,-0.560104,1.98257,-3.77074
-0.273554,372.404,0.0016063,-2.18691,-0.530735,2.14394,-4.07764
-0.273554,372.404,0.00160658,-2.31154,-0.499272,2.29684,-4.36846
-0.273554,372.404,0.00160685,-2.42705,-0.465838,2.44068,-4.64203
-0.273554,372.404,0.00160712,-2.53298,-0.430565,2.57489,-4.89729
-0.273554,372.404,0.0016074,-2.62892,-0.393594,2.69893,-5.13321
-0.273554,372.404,0.00160767,-2.71448,-0.355069,2.81232,-5.34888
-0.273554,372.404,0.00160795,-2.78933,-0.315142,2.91462,-5.54344
-0.273554,372.404,0.00160822,-2.85317,-0.273972,3.00541,-5.71612
-0.273554,372.404,0.00160849,-2.90575,-0.231721,3.08434,-5.86624
-0.273554,372.404,0.00160877,-2.94686,-0.188555,3.1511,-5.99321
-0.273554,372.404,0.00160904,-2.97634,-0.144645,3.20542,-6.09653
-0.273554,372.404,0.00160932,-2.99408,-0.100165,3.24709,-6.17579
-0.273554,372.404,0.00160959,-3,-0.0552886,3.27595,-6.23067
-0.273554,372.404,0.00160986,-2.99408,-0.0101944,3.29188,-6.26097
-0.273554,372.404,0.00161014,-2.97634,0.0349401,3.29482,-6.26655
-0.273554,372.404,0.00161041,-2.94686,0.0799367,3.28475,-6.24741
-0.273554,372.404,0.00161068,-2.90575,0.124618,3.26172,-6.20361
-0.273554,372.404,0.00161096,-2.85317,0.168807,3.22582,-6.13532
-0.273554,372.404,0.00161123,-2.78933,0.21233,3.17719,-6.04283
-0.273554,372.404,0.00161151,-2.71448,0.255015,3.11601,-5.92648
-0.273554,372.404,0.00161178,-2.62892,0.296694,3.04254,-5.78675
-0.273554,372.404,0.00161205,-2.53298,0.337202,2.95707,-5.62417
-0.273554,372.404,0.00161233,-2.42705,0.376379,2.85992,-5.43941
-0.273554,372.404,0.0016126,-2.31154,0.41407,2.75149,-5.23317
-0.273554,372.404,0.00161288,-2.18691,0.450128,2.63219,-5.00628
-0.273554,372.404,0.00161315,-2.05364,0.484409,2.50251,-4.75964
-0.273554,372.404,0.00161342,-1.91227,0.516778,2.36296,-4.49421
-0.273554,372.404,0.0016137,-1.76336,0.547108,2.21407,-4.21104
-0.273554,372.404,0.00161397,-1.60748,0.575278,2.05645,-3.91126
-0.273554,372.404,0.00161425,-1.44526,0.601179,1.89072,-3.59604
-0.273554,372.404,0.00161452,-1.27734,0.624706,1.71752,-3.26662
-0.273554,372.404,0.00161479,-1.10437,0.645769,1.53754,-2.92432
-0.273554,372.404,0.00161507,-0.927051,0.664282,1.3515,-2.57047
-0.273554,372.404,0.00161534,-0.74607,0.680174,1.16012,-2.20648
-0.273554,372.404,0.00161562,-0.562144,0.693382,0.964163,-1.83378
-0.273554,372.404,0.00161589,-0.376,0.703853,0.764402,-1.45385
-0.273554,372.404,0.00161616,-0.188372,0.711547,0.561623,-1.06817
-0.273554,372.404,0.00161644,-6.46673e-014,0.716432,0.356628,-0.678286
-0.273554,372.404,0.00161671,0.188372,0.71849,0.150226,-0.285721
-0.273554,372.404,0.00161699,0.376,0.717712,-0.0567695,0.107972
-0.273554,372.404,0.00161726,0.562144,0.714102,-0.263541,0.501239
-0.273554,372.404,0.00161753,0.74607,0.707674,-0.469272,0.892528
-0.273554,372.404,0.00161781,0.927051,0.698453,-0.673151,1.28029
-0.273554,372.404,0.00161808,1.10437,0.686475,-0.874374,1.66301
-0.273554,372.404,0.00161836,1.27734,0.671788,-1.07215,2.03916
-0.273554,372.404,0.00161863,1.44526,0.65445,-1.26569,2.40726
-0.273554,372.404,0.0016189,1.60748,0.634529,-1.45423,2.76586
-0.273554,372.404,0.00161918,1.76336,0.612104,-1.63704,3.11355
-0.273554,372.404,0.00161945,1.91227,0.587263,-1.81338,3.44895
-0.273554,372.404,0.00161973,2.05364,0.560104,-1.98257,3.77074
-0.273554,372.404,0.00162,2.18691,0.530735,-2.14394,4.07765
-0.273554,372.404,0.00162027,2.31154,0.499272,-2.29684,4.36846
-0.273554,372.404,0.00162055,2.42705,0.465838,-2.44068,4.64203
-0.273554,372.404,0.00162082,2.53298,0.430565,-2.57489,4.89729
-0.273554,372.404,0.0016211,2.62892,0.393594,-2.69893,5.13321
-0.273554,372.404,0.00162137,2.71448,0.355069,-2.81232,5.34888
-0.273554,372.404,0.00162164,2.78933,0.315142,-2.91462,5.54344
-0.273554,372.404,0.00162192,2.85317,0.273972,-3.00541,5.71612
-0.273554,372.404,0.00162219,2.90575,0.231721,-3.08434,5.86624
-0.273554,372.404,0.00162247,2.94686,0.188555,-3.1511,5.99321
-0.273554,372.404,0.00162274,2.97634,0.144645,-3.20542,6.09653
-0.273554,372.404,0.00162301,2.99408,0.100165,-3.24709,6.17579
-0.273554,372.404,0.00162329,3,0.0552886,-3.27595,6.23067
-0.273554,372.404,0.00162356,2.99408,0.0101944,-3.29188,6.26097
-0.273554,372.404,0.00162384,2.97634,-0.0349401,-3.29482,6.26655
-0.273554,372.404,0.00162411,2.94686,-0.0799367,-3.28475,6.24741
-0.273554,372.404,0.00162438,2.90575,-0.124618,-3.26172,6.20361
-0.273554,372.404,0.00162466,2.85317,-0.168807,-3.22582,6.13532
-0.273554,372.404,0.00162493,2.78933,-0.21233,-3.17719,6.04283
-0.273554,372.404,0.00162521,2.71448,-0.255015,-3.11601,5.92648
-0.273554,372.404,0.00162548,2.62892,-0.296694,-3.04254,5.78675
-0.273554,372.404,0.00162575,2.53298,-0.337202,-2.95707,5.62417
-0.273554,372.404,0.00162603,2.42705,-0.376379,-2.85992,5.43941
-0.273554,372.404,0.0016263,2.31154,-0.41407,-2.75149,5.23317
-0.273554,372.404,0.00162658,2.18691,-0.450128,-2.63219,5.00628
-0.273554,372.404,0.00162685,2.05364,-0.484409,-2.50251,4.75964
-0.273554,372.404,0.00162712,1.91227,-0.516778,-2.36296,4.49421
-0.273554,372.404,0.0016274,1.76336,-0.547108,-2.21407,4.21104
-0.273554,372.404,0.00162767,1.60748,-0.575278,-2.05645,3.91126
-0.273554,372.404,0.00162795,1.44526,-0.601179,-1.89072,3.59604
-0.273554,372.404,0.00162822,1.27734,-0.624706,-1.71752,3.26662
-0.273554,372.404,0.00162849,1.10437,-0.645769,-1.53754,2.92432
-0.273554,372.404,0.00162877,0.927051,-0.664282,-1.3515,2.57047
-0.273554,372.404,0.00162904,0.74607,-0.680174,-1.16012,2.20648
-0.273554,372.404,0.00162932,0.562144,-0.693382,-0.964163,1.83378
-0.273554,372.404,0.00162959,0.376,-0.703853,-0.764402,1.45385
-0.273554,372.404,0.00162986,0.188372,-0.711547,-0.561623,1.06817
-0.273554,372.404,0.00163014,-7.35211e-014,-0.716432,-0.356628,0.678286
-0.273554,372.404,0.00163041,-0.188372,-0.71849,-0.150226,0.285721
-0.273554,372.404,0.00163068,-0.376,-0.717712,0.0567696,-0.107972
-0.273554,372.404,0.00163096,-0.562144,-0.714102,0.263541,-0.501239
-0.273554,372.404,0.00163123,-0.74607,-0.707674,0.469272,-0.892528
-0.273554,372.404,0.00163151,-0.927051,-0.698453,0.673151,-1.28029
-0.273554,372.404,0.00163178,-1.10437,-0.686475,0.874374,-1.66301
-0.273554,372.404,0.00163205,-1.27734,-0.671788,1.07215,-2.03916
-0.273554,372.404,0.00163233,-1.44526,-0.65445,1.26569,-2.40726
-0.273554,372.404,0.0016326,-1.60748,-0.634529,1.45423,-2.76586
-0.273554,372.404,0.00163288,-1.76336,-0.612104,1.63704,-3.11355
-0.273554,372.404,0.00163315,-1.91227,-0.587263,1.81338,-3.44895
-0.273554,372.404,0.00163342,-2.05364,-0.560104,1.98257,-3.77074
-0.273554,372.404,0.0016337,-2.18691,-0.530735,2.14394,-4.07765
-0.273554,372.404,0.00163397,-2.31154,-0.499272,2.29684,-4.36846
-0.273554,372.404,0.00163425,-2.42705,-0.465838,2.44068,-4.64203
-0.273554,372.404,0.00163452,-2.53298,-0.430565,2.57489,-4.89729
-0.273554,372.404,0.00163479,-2.62892,-0.393594,2.69893,-5.13321
-0.273554,372.404,0.00163507,-2.71448,-0.355069,2.81232,-5.34888
-0.273554,372.404,0.00163534,-2.78933,-0.315142,2.91462,-5.54344
-0.273554,372.404,0.00163562,-2.85317,-0.273972,3.00541,-5.71612
-0.273554,372.404,0.00163589,-2.90575,-0.231721,3.08434,-5.86624
-0.273554,372.404,0.00163616,-2.94686,-0.188555,3.1511,-5.99321
-0.273554,372.404,0.00163644,-2.97634,-0.144645,3.20542,-6.09653
-0.273554,372.404,0.00163671,-2.99408,-0.100165,3.24709,-6.17579
-0.273554,372.404,0.00163699,-3,-0.0552886,3.27595,-6.23067
-0.273554,372.404,0.00163726,-2.99408,-0.0101944,3.29188,-6.26097
-0.273554,372.404,0.00163753,-2.97634,0.0349401,3.29482,-6.26655
-0.273554,372.404,0.00163781,-2.94686,0.0799367,3.28475,-6.24741
-0.273554,372.404,0.00163808,-2.90575,0.124618,3.26172,-6.20361
-0.273554,372.404,0.00163836,-2.85317,0.168807,3.22582,-6.13532
-0.273554,372.404,0.00163863,-2.78933,0.21233,3.17719,-6.04283
-0.273554,372.404,0.0016389,-2.71448,0.255015,3.11601,-5.92648
-0.273554,372.404,0.00163918,-2.62892,0.296694,3.04254,-5.78675
-0.273554,372.404,0.00163945,-2.53298,0.337202,2.95707,-5.62417
-0.273554,372.404,0.00163973,-2.42705,0.376379,2.85992,-5.43941
-0.273554,372.404,0.00164,-2.31154,0.41407,2.75149,-5.23317
-0.273554,372.404,0.00164027,-2.18691,0.450128,2.63219,-5.00628
-0.273554,372.404,0.00164055,-2.05364,0.484409,2.50251,-4.75964
-0.273554,372.404,0.00164082,-1.91227,0.516778,2.36296,-4.49421
-0.273554,372.404,0.0016411,-1.76336,0.547108,2.21407,-4.21104
-0.273554,372.404,0.00164137,-1.60748,0.575278,2.05645,-3.91126
-0.273554,372.404,0.00164164,-1.44526,0.601179,1.89072,-3.59604
-0.273554,372.404,0.00164192,-1.27734,0.624706,1.71752,-3.26662
-0.273554,372.404,0.00164219,-1.10437,0.645769,1.53754,-2.92432
-0.273554,372.404,0.00164247,-0.927051,0.664282,1.3515,-2.57047
-0.273554,372.404,0.00164274,-0.74607,0.680174,1.16012,-2.20648
-0.273554,372.404,0.00164301,-0.562144,0.693382,0.964163,-1.83378
-0.273554,372.404,0.00164329,-0.376,0.703853,0.764402,-1.45385
-0.273554,372.404,0.00164356,-0.188372,0.711547,0.561623,-1.06817
-0.273554,372.404,0.00164384,-1.29351e-013,0.716432,0.356628,-0.678286
