Amp, Phaseshift, Time, Vd, Vr, VL, VC
-0.377656,372.467,0,0,0,0,0
-0.377656,372.467,2.46914e-007,0.188372,0.00232557,0.188372,0
-0.377656,372.467,4.93827e-007,0.376,0.00693884,0.373674,0.00114843
-0.377656,372.467,7.40741e-007,0.562144,0.013779,0.554057,0.00457502
-0.377656,372.467,9.87654e-007,0.74607,0.0227632,0.727716,0.0113795
-0.377656,372.467,1.23457e-006,0.927051,0.0337867,0.892908,0.0226206
-0.377656,372.467,1.48148e-006,1.10437,0.0467246,1.04797,0.0393054
-0.377656,372.467,1.7284e-006,1.27734,0.0614321,1.19131,0.0623792
-0.377656,372.467,1.97531e-006,1.44526,0.0777463,1.32145,0.0927161
-0.377656,372.467,2.22222e-006,1.60748,0.0954873,1.43702,0.131109
-0.377656,372.467,2.46914e-006,1.76336,0.11446,1.53676,0.178264
-0.377656,372.467,2.71605e-006,1.91227,0.134454,1.61955,0.234787
-0.377656,372.467,2.96296e-006,2.05364,0.155249,1.6844,0.301184
-0.377656,372.467,3.20988e-006,2.18691,0.176613,1.73047,0.37785
-0.377656,372.467,3.45679e-006,2.31154,0.198305,1.75708,0.465066
-0.377656,372.467,3.7037e-006,2.42705,0.220079,1.76368,0.562995
-0.377656,372.467,3.95062e-006,2.53298,0.241683,1.74991,0.671676
-0.377656,372.467,4.19753e-006,2.62892,0.262863,1.71556,0.791025
-0.377656,372.467,4.44444e-006,2.71448,0.283364,1.66059,0.920834
-0.377656,372.467,4.69136e-006,2.78933,0.302933,1.58513,1.06077
-0.377656,372.467,4.93827e-006,2.85317,0.321322,1.48947,1.21036
-0.377656,372.467,5.18519e-006,2.90575,0.338286,1.37406,1.36904
-0.377656,372.467,5.4321e-006,2.94686,0.353589,1.23954,1.5361
-0.377656,372.467,5.67901e-006,2.97634,0.367004,1.08666,1.71071
-0.377656,372.467,5.92593e-006,2.99408,0.378317,0.916369,1.89194
-0.377656,372.467,6.17284e-006,3,0.387326,0.729739,2.07877
-0.377656,372.467,6.41975e-006,2.99408,0.393845,0.527987,2.27004
-0.377656,372.467,6.66667e-006,2.97634,0.397702,0.31246,2.46453
-0.377656,372.467,6.91358e-006,2.94686,0.398747,0.0846287,2.66093
-0.377656,372.467,7.16049e-006,2.90575,0.396847,-0.153925,2.85784
-0.377656,372.467,7.40741e-006,2.85317,0.39189,-0.401516,3.05381
-0.377656,372.467,7.65432e-006,2.78933,0.383786,-0.656373,3.24734
-0.377656,372.467,7.90123e-006,2.71448,0.37247,-0.916644,3.43686
-0.377656,372.467,8.14815e-006,2.62892,0.357897,-1.18041,3.6208
-0.377656,372.467,8.39506e-006,2.53298,0.340049,-1.44571,3.79754
-0.377656,372.467,8.64198e-006,2.42705,0.318931,-1.71054,3.96546
-0.377656,372.467,8.88889e-006,2.31154,0.294575,-1.97285,4.12296
-0.377656,372.467,9.1358e-006,2.18691,0.267036,-2.23063,4.26843
-0.377656,372.467,9.38272e-006,2.05364,0.236396,-2.48182,4.4003
-0.377656,372.467,9.62963e-006,1.91227,0.202761,-2.72442,4.51704
-0.377656,372.467,9.87654e-006,1.76336,0.166262,-2.95644,4.61717
-0.377656,372.467,1.01235e-005,1.60748,0.127053,-3.17595,4.69927
-0.377656,372.467,1.03704e-005,1.44526,0.0853113,-3.38106,4.76201
-0.377656,372.467,1.06173e-005,1.27734,0.0412374,-3.56999,4.80414
-0.377656,372.467,1.08642e-005,1.10437,-0.00494786,-3.74101,4.82451
-0.377656,372.467,1.11111e-005,0.927051,-0.0530035,-3.89251,4.82206
-0.377656,372.467,1.1358e-005,0.74607,-0.10267,-4.02299,4.79589
-0.377656,372.467,1.16049e-005,0.562144,-0.153671,-4.13107,4.74519
-0.377656,372.467,1.18519e-005,0.376,-0.205714,-4.21552,4.6693
-0.377656,372.467,1.20988e-005,0.188372,-0.258495,-4.27521,4.56771
-0.377656,372.467,1.23457e-005,1.69965e-015,-0.311695,-4.30922,4.44006
-0.377656,372.467,1.25926e-005,-0.188372,-0.364988,-4.31674,4.28614
-0.377656,372.467,1.28395e-005,-0.376,-0.418039,-4.29715,4.1059
-0.377656,372.467,1.30864e-005,-0.562144,-0.470508,-4.25,3.89946
-0.377656,372.467,1.33333e-005,-0.74607,-0.522052,-4.17502,3.66711
-0.377656,372.467,1.35802e-005,-0.927051,-0.572325,-4.07211,3.4093
-0.377656,372.467,1.38272e-005,-1.10437,-0.620983,-3.94135,3.12667
-0.377656,372.467,1.40741e-005,-1.27734,-0.667688,-3.78303,2.82002
-0.377656,372.467,1.4321e-005,-1.44526,-0.712102,-3.59759,2.49029
-0.377656,372.467,1.45679e-005,-1.60748,-0.753901,-3.38567,2.13864
-0.377656,372.467,1.48148e-005,-1.76336,-0.792766,-3.14809,1.76634
-0.377656,372.467,1.50617e-005,-1.91227,-0.828394,-2.88585,1.37485
-0.377656,372.467,1.53086e-005,-2.05364,-0.860494,-2.6001,0.965769
-0.377656,372.467,1.55556e-005,-2.18691,-0.888792,-2.29218,0.540834
-0.377656,372.467,1.58025e-005,-2.31154,-0.913034,-1.96358,0.101924
-0.377656,372.467,1.60494e-005,-2.42705,-0.932984,-1.61594,-0.348957
-0.377656,372.467,1.62963e-005,-2.53298,-0.948429,-1.25104,-0.80969
-0.377656,372.467,1.65432e-005,-2.62892,-0.959179,-0.870801,-1.27805
-0.377656,372.467,1.67901e-005,-2.71448,-0.965071,-0.477252,-1.75172
-0.377656,372.467,1.7037e-005,-2.78933,-0.965967,-0.0725394,-2.2283
-0.377656,372.467,1.7284e-005,-2.85317,-0.961756,0.341095,-2.70532
-0.377656,372.467,1.75309e-005,-2.90575,-0.952357,0.761324,-3.18026
-0.377656,372.467,1.77778e-005,-2.94686,-0.937718,1.18575,-3.65056
-0.377656,372.467,1.80247e-005,-2.97634,-0.917818,1.61193,-4.11363
-0.377656,372.467,1.82716e-005,-2.99408,-0.892665,2.03737,-4.56687
-0.377656,372.467,1.85185e-005,-3,-0.8623,2.45954,-5.00769
-0.377656,372.467,1.87654e-005,-2.99408,-0.826795,2.87591,-5.43352
-0.377656,372.467,1.90123e-005,-2.97634,-0.786252,3.28397,-5.84182
-0.377656,372.467,1.92593e-005,-2.94686,-0.740805,3.68121,-6.23009
-0.377656,372.467,1.95062e-005,-2.90575,-0.690618,4.06514,-6.59592
-0.377656,372.467,1.97531e-005,-2.85317,-0.635885,4.43337,-6.93696
-0.377656,372.467,2e-005,-2.78933,-0.57683,4.78352,-7.25098
-0.377656,372.467,2.02469e-005,-2.71448,-0.513702,5.11333,-7.53584
-0.377656,372.467,2.04938e-005,-2.62892,-0.446781,5.42062,-7.78952
-0.377656,372.467,2.07407e-005,-2.53298,-0.37637,5.70331,-8.01015
-0.377656,372.467,2.09877e-005,-2.42705,-0.302796,5.95947,-8.19601
-0.377656,372.467,2.12346e-005,-2.31154,-0.22641,6.18727,-8.34554
-0.377656,372.467,2.14815e-005,-2.18691,-0.147582,6.38504,-8.45735
-0.377656,372.467,2.17284e-005,-2.05364,-0.0667021,6.55129,-8.53023
-0.377656,372.467,2.19753e-005,-1.91227,0.0158245,6.68466,-8.56317
-0.377656,372.467,2.22222e-005,-1.76336,0.0995774,6.78399,-8.55535
-0.377656,372.467,2.24691e-005,-1.60748,0.184124,6.84829,-8.50618
-0.377656,372.467,2.2716e-005,-1.44526,0.269023,6.87679,-8.41525
-0.377656,372.467,2.2963e-005,-1.27734,0.353824,6.86889,-8.2824
-0.377656,372.467,2.32099e-005,-1.10437,0.438073,6.8242,-8.10767
-0.377656,372.467,2.34568e-005,-0.927051,0.521315,6.74255,-7.89134
-0.377656,372.467,2.37037e-005,-0.74607,0.603092,6.62396,-7.6339
-0.377656,372.467,2.39506e-005,-0.562144,0.682952,6.46866,-7.33608
-0.377656,372.467,2.41975e-005,-0.376,0.760447,6.27713,-6.99882
-0.377656,372.467,2.44444e-005,-0.188372,0.835139,6.05,-6.62329
-0.377656,372.467,2.46914e-005,-3.3993e-015,0.906597,5.78815,-6.21087
-0.377656,372.467,2.49383e-005,0.188372,0.974408,5.49265,-5.76317
-0.377656,372.467,2.51852e-005,0.376,1.03817,5.16476,-5.28198
-0.377656,372.467,2.54321e-005,0.562144,1.0975,4.80596,-4.76931
-0.377656,372.467,2.5679e-005,0.74607,1.15204,4.41787,-4.22733
-0.377656,372.467,2.59259e-005,0.927051,1.20146,4.00233,-3.65842
-0.377656,372.467,2.61728e-005,1.10437,1.24542,3.56133,-3.06511
-0.377656,372.467,2.64198e-005,1.27734,1.28366,3.09702,-2.45008
-0.377656,372.467,2.66667e-005,1.44526,1.3159,2.61168,-1.81618
-0.377656,372.467,2.69136e-005,1.60748,1.34192,2.10776,-1.16635
-0.377656,372.467,2.71605e-005,1.76336,1.36153,1.58778,-0.50367
-0.377656,372.467,2.74074e-005,1.91227,1.37454,1.05442,0.168688
-0.377656,372.467,2.76543e-005,2.05364,1.38084,0.510411,0.847474
-0.377656,372.467,2.79012e-005,2.18691,1.38033,-0.0414124,1.52937
-0.377656,372.467,2.81481e-005,2.31154,1.37295,-0.598166,2.21102
-0.377656,372.467,2.83951e-005,2.42705,1.35867,-1.15692,2.88902
-0.377656,372.467,2.8642e-005,2.53298,1.3375,-1.7147,3.55996
-0.377656,372.467,2.88889e-005,2.62892,1.30949,-2.26854,4.22045
-0.377656,372.467,2.91358e-005,2.71448,1.27473,-2.81546,4.86712
-0.377656,372.467,2.93827e-005,2.78933,1.23334,-3.35252,5.49661
-0.377656,372.467,2.96296e-005,2.85317,1.18548,-3.87678,6.10567
-0.377656,372.467,2.98765e-005,2.90575,1.13134,-4.3854,6.69109
-0.377656,372.467,3.01235e-005,2.94686,1.07115,-4.87557,7.24978
-0.377656,372.467,3.03704e-005,2.97634,1.00516,-5.34458,7.77874
-0.377656,372.467,3.06173e-005,2.99408,0.933685,-5.78982,8.27512
-0.377656,372.467,3.08642e-005,3,0.857033,-6.2088,8.7362
-0.377656,372.467,3.11111e-005,2.99408,0.775562,-6.59915,9.15942
-0.377656,372.467,3.1358e-005,2.97634,0.689653,-6.95864,9.54242
-0.377656,372.467,3.16049e-005,2.94686,0.599712,-7.28521,9.88299
-0.377656,372.467,3.18519e-005,2.90575,0.50617,-7.57695,10.1791
-0.377656,372.467,3.20988e-005,2.85317,0.409477,-7.83214,10.4291
-0.377656,372.467,3.23457e-005,2.78933,0.310103,-8.04925,10.6313
-0.377656,372.467,3.25926e-005,2.71448,0.208536,-8.22693,10.7844
-0.377656,372.467,3.28395e-005,2.62892,0.105276,-8.36406,10.8874
-0.377656,372.467,3.30864e-005,2.53298,0.000835028,-8.45972,10.9394
-0.377656,372.467,3.33333e-005,2.42705,-0.104266,-8.5132,10.9398
-0.377656,372.467,3.35802e-005,2.31154,-0.209501,-8.52402,10.8883
-0.377656,372.467,3.38272e-005,2.18691,-0.31434,-8.49193,10.7849
-0.377656,372.467,3.40741e-005,2.05364,-0.418252,-8.4169,10.6297
-0.377656,372.467,3.4321e-005,1.91227,-0.520711,-8.29913,10.4231
-0.377656,372.467,3.45679e-005,1.76336,-0.621193,-8.13904,10.166
-0.377656,372.467,3.48148e-005,1.60748,-0.719184,-7.9373,9.85921
-0.377656,372.467,3.50617e-005,1.44526,-0.814181,-7.69476,9.50405
-0.377656,372.467,3.53086e-005,1.27734,-0.905694,-7.41254,9.10199
-0.377656,372.467,3.55556e-005,1.10437,-0.993248,-7.09192,8.65473
-0.377656,372.467,3.58025e-005,0.927051,-1.07639,-6.73443,8.16424
-0.377656,372.467,3.60494e-005,0.74607,-1.15468,-6.34178,7.63269
-0.377656,372.467,3.62963e-005,0.562144,-1.22772,-5.91586,7.06248
-0.377656,372.467,3.65432e-005,0.376,-1.29511,-5.45876,6.4562
-0.377656,372.467,3.67901e-005,0.188372,-1.3565,-4.97271,5.81663
-0.377656,372.467,3.7037e-005,6.43122e-015,-1.41157,-4.46013,5.14676
-0.377656,372.467,3.7284e-005,-0.188372,-1.46,-3.92356,4.44969
-0.377656,372.467,3.75309e-005,-0.376,-1.50156,-3.36568,3.7287
-0.377656,372.467,3.77778e-005,-0.562144,-1.53599,-2.78929,2.98719
-0.377656,372.467,3.80247e-005,-0.74607,-1.56312,-2.19727,2.22867
-0.377656,372.467,3.82716e-005,-0.927051,-1.58278,-1.59261,1.45676
-0.377656,372.467,3.85185e-005,-1.10437,-1.59486,-0.978358,0.675144
-0.377656,372.467,3.87654e-005,-1.27734,-1.59927,-0.357623,-0.11244
-0.377656,372.467,3.90123e-005,-1.44526,-1.59598,0.266453,-0.902205
-0.377656,372.467,3.92593e-005,-1.60748,-1.58499,0.890709,-1.69035
-0.377656,372.467,3.95062e-005,-1.76336,-1.56632,1.51198,-2.47306
-0.377656,372.467,3.97531e-005,-1.91227,-1.54006,2.12711,-3.24655
-0.377656,372.467,4e-005,-2.05364,-1.50632,2.73297,-4.00707
-0.377656,372.467,4.02469e-005,-2.18691,-1.46525,3.32649,-4.75093
-0.377656,372.467,4.04938e-005,-2.31154,-1.41705,3.90465,-5.47452
-0.377656,372.467,4.07407e-005,-2.42705,-1.36193,4.46451,-6.17429
-0.377656,372.467,4.09877e-005,-2.53298,-1.30016,5.00324,-6.84685
-0.377656,372.467,4.12346e-005,-2.62892,-1.23204,5.51809,-7.4889
-0.377656,372.467,4.14815e-005,-2.71448,-1.15788,6.00646,-8.09732
-0.377656,372.467,4.17284e-005,-2.78933,-1.07806,6.46587,-8.66911
-0.377656,372.467,4.19753e-005,-2.85317,-0.992946,6.894,-9.20149
-0.377656,372.467,4.22222e-005,-2.90575,-0.902963,7.28868,-9.69183
-0.377656,372.467,4.24691e-005,-2.94686,-0.808544,7.64793,-10.1377
-0.377656,372.467,4.2716e-005,-2.97634,-0.710149,7.96994,-10.537
-0.377656,372.467,4.2963e-005,-2.99408,-0.60826,8.25309,-10.8877
-0.377656,372.467,4.32099e-005,-3,-0.503371,8.49597,-11.1881
-0.377656,372.467,4.34568e-005,-2.99408,-0.395996,8.69738,-11.4367
-0.377656,372.467,4.37037e-005,-2.97634,-0.286659,8.85631,-11.6322
-0.377656,372.467,4.39506e-005,-2.94686,-0.175893,8.97201,-11.7738
-0.377656,372.467,4.41975e-005,-2.90575,-0.0642398,9.04392,-11.8606
-0.377656,372.467,4.44444e-005,-2.85317,0.0477565,9.07171,-11.8924
-0.377656,372.467,4.46914e-005,-2.78933,0.15955,9.05527,-11.8688
-0.377656,372.467,4.49383e-005,-2.71448,0.270596,8.99475,-11.79
-0.377656,372.467,4.51852e-005,-2.62892,0.380355,8.89047,-11.6564
-0.377656,372.467,4.54321e-005,-2.53298,0.488294,8.74302,-11.4685
-0.377656,372.467,4.5679e-005,-2.42705,0.593889,8.55318,-11.2274
-0.377656,372.467,4.59259e-005,-2.31154,0.696629,8.32197,-10.9341
-0.377656,372.467,4.61728e-005,-2.18691,0.796019,8.05058,-10.5901
-0.377656,372.467,4.64198e-005,-2.05364,0.89158,7.74044,-10.197
-0.377656,372.467,4.66667e-005,-1.91227,0.982853,7.39316,-9.75672
-0.377656,372.467,4.69136e-005,-1.76336,1.0694,7.01051,-9.27136
-0.377656,372.467,4.71605e-005,-1.60748,1.15082,6.59448,-8.74326
-0.377656,372.467,4.74074e-005,-1.44526,1.22671,6.14718,-8.17496
-0.377656,372.467,4.76543e-005,-1.27734,1.29672,5.67091,-7.56918
-0.377656,372.467,4.79012e-005,-1.10437,1.36052,5.16808,-6.92882
-0.377656,372.467,4.81481e-005,-0.927051,1.41782,4.64125,-6.25696
-0.377656,372.467,4.83951e-005,-0.74607,1.46835,4.09307,-5.5568
-0.377656,372.467,4.8642e-005,-0.562144,1.51189,3.5263,-4.83169
-0.377656,372.467,4.88889e-005,-0.376,1.54823,2.9438,-4.08508
-0.377656,372.467,4.91358e-005,-0.188372,1.57722,2.34847,-3.32052
-0.377656,372.467,4.93827e-005,-6.7986e-015,1.59875,1.74329,-2.54164
-0.377656,372.467,4.96296e-005,0.188372,1.61271,1.13127,-1.75214
-0.377656,372.467,4.98765e-005,0.376,1.61908,0.515423,-0.955735
-0.377656,372.467,5.01235e-005,0.562144,1.61783,-0.101198,-0.156191
-0.377656,372.467,5.03704e-005,0.74607,1.60899,-0.715566,0.642736
-0.377656,372.467,5.06173e-005,0.927051,1.59264,-1.32468,1.4373
-0.377656,372.467,5.08642e-005,1.10437,1.56887,-1.92557,2.22379
-0.377656,372.467,5.11111e-005,1.27734,1.53781,-2.51532,2.99854
-0.377656,372.467,5.1358e-005,1.44526,1.49965,-3.09109,3.75795
-0.377656,372.467,5.16049e-005,1.60748,1.45459,-3.65012,4.49852
-0.377656,372.467,5.18519e-005,1.76336,1.40286,-4.18975,5.21683
-0.377656,372.467,5.20988e-005,1.91227,1.34475,-4.70743,5.90961
-0.377656,372.467,5.23457e-005,2.05364,1.28054,-5.20071,6.57368
-0.377656,372.467,5.25926e-005,2.18691,1.21057,-5.66731,7.20604
-0.377656,372.467,5.28395e-005,2.31154,1.1352,-6.10508,7.80386
-0.377656,372.467,5.30864e-005,2.42705,1.05481,-6.51201,8.36445
-0.377656,372.467,5.33333e-005,2.53298,0.969791,-6.88627,8.88534
-0.377656,372.467,5.35802e-005,2.62892,0.880579,-7.22622,9.36425
-0.377656,372.467,5.38272e-005,2.71448,0.787611,-7.53035,9.79911
-0.377656,372.467,5.40741e-005,2.78933,0.691347,-7.79739,10.1881
-0.377656,372.467,5.4321e-005,2.85317,0.592258,-8.02623,10.5295
-0.377656,372.467,5.45679e-005,2.90575,0.490826,-8.21597,10.8219
-0.377656,372.467,5.48148e-005,2.94686,0.387544,-8.36589,11.0643
-0.377656,372.467,5.50617e-005,2.97634,0.282908,-8.47551,11.2557
-0.377656,372.467,5.53086e-005,2.99408,0.17742,-8.54452,11.3954
-0.377656,372.467,5.55556e-005,3,0.0715825,-8.57282,11.483
-0.377656,372.467,5.58025e-005,2.99408,-0.0341029,-8.56052,11.5184
-0.377656,372.467,5.60494e-005,2.97634,-0.139139,-8.50792,11.5015
-0.377656,372.467,5.62963e-005,2.94686,-0.243034,-8.41552,11.4328
-0.377656,372.467,5.65432e-005,2.90575,-0.345306,-8.28403,11.3128
-0.377656,372.467,5.67901e-005,2.85317,-0.445483,-8.11432,11.1423
-0.377656,372.467,5.7037e-005,2.78933,-0.543106,-7.90746,10.9223
-0.377656,372.467,5.7284e-005,2.71448,-0.637732,-7.6647,10.6541
-0.377656,372.467,5.75309e-005,2.62892,-0.728935,-7.38743,10.3392
-0.377656,372.467,5.77778e-005,2.53298,-0.816308,-7.07723,9.97918
-0.377656,372.467,5.80247e-005,2.42705,-0.899466,-6.73583,9.57607
-0.377656,372.467,5.82716e-005,2.31154,-0.978047,-6.36506,9.13189
-0.377656,372.467,5.85185e-005,2.18691,-1.05171,-5.96694,8.6489
-0.377656,372.467,5.87654e-005,2.05364,-1.12015,-5.54355,8.12954
-0.377656,372.467,5.90123e-005,1.91227,-1.18308,-5.09711,7.57638
-0.377656,372.467,5.92593e-005,1.76336,-1.24024,-4.62994,6.99214
-0.377656,372.467,5.95062e-005,1.60748,-1.2914,-4.14442,6.37968
-0.377656,372.467,5.97531e-005,1.44526,-1.33638,-3.64301,5.74195
-0.377656,372.467,6e-005,1.27734,-1.375,-3.12823,5.082
-0.377656,372.467,6.02469e-005,1.10437,-1.40713,-2.60263,4.40299
-0.377656,372.467,6.04938e-005,0.927051,-1.43267,-2.06881,3.70811
-0.377656,372.467,6.07407e-005,0.74607,-1.45155,-1.52937,3.00062
-0.377656,372.467,6.09877e-005,0.562144,-1.46374,-0.986922,2.2838
-0.377656,372.467,6.12346e-005,0.376,-1.46922,-0.444065,1.56097
-0.377656,372.467,6.14815e-005,0.188372,-1.46803,0.0966225,0.835428
-0.377656,372.467,6.17284e-005,1.24951e-014,-1.46022,0.632599,0.110477
-0.377656,372.467,6.19753e-005,-0.188372,-1.44588,1.16137,-0.610618
-0.377656,372.467,6.22222e-005,-0.376,-1.42513,1.6805,-1.32463
-0.377656,372.467,6.24691e-005,-0.562144,-1.39812,2.18762,-2.0284
-0.377656,372.467,6.2716e-005,-0.74607,-1.36503,2.68046,-2.71883
-0.377656,372.467,6.2963e-005,-0.927051,-1.32606,3.15682,-3.39292
-0.377656,372.467,6.32099e-005,-1.10437,-1.28143,3.61461,-4.04777
-0.377656,372.467,6.34568e-005,-1.27734,-1.23141,4.05187,-4.68058
-0.377656,372.467,6.37037e-005,-1.44526,-1.17627,4.46673,-5.28868
-0.377656,372.467,6.39506e-005,-1.60748,-1.1163,4.85747,-5.86955
-0.377656,372.467,6.41975e-005,-1.76336,-1.05182,5.2225,-6.42081
-0.377656,372.467,6.44444e-005,-1.91227,-0.983177,5.56036,-6.94023
-0.377656,372.467,6.46914e-005,-2.05364,-0.91071,5.86977,-7.42575
-0.377656,372.467,6.49383e-005,-2.18691,-0.83479,6.14955,-7.87548
-0.377656,372.467,6.51852e-005,-2.31154,-0.755793,6.39873,-8.28773
-0.377656,372.467,6.54321e-005,-2.42705,-0.674109,6.61647,-8.66096
-0.377656,372.467,6.5679e-005,-2.53298,-0.590132,6.80208,-8.99385
-0.377656,372.467,6.59259e-005,-2.62892,-0.504267,6.95506,-9.28527
-0.377656,372.467,6.61728e-005,-2.71448,-0.416921,7.07506,-9.53429
-0.377656,372.467,6.64198e-005,-2.78933,-0.328502,7.16189,-9.74018
-0.377656,372.467,6.66667e-005,-2.85317,-0.239422,7.21551,-9.9024
-0.377656,372.467,6.69136e-005,-2.90575,-0.150088,7.23608,-10.0206
-0.377656,372.467,6.71605e-005,-2.94686,-0.0609043,7.22386,-10.0948
-0.377656,372.467,6.74074e-005,-2.97634,0.0277292,7.17932,-10.1248
-0.377656,372.467,6.76543e-005,-2.99408,0.115421,7.10302,-10.1111
-0.377656,372.467,6.79012e-005,-3,0.201788,6.99572,-10.0541
-0.377656,372.467,6.81481e-005,-2.99408,0.286458,6.85827,-9.95449
-0.377656,372.467,6.83951e-005,-2.97634,0.369071,6.69169,-9.81303
-0.377656,372.467,6.8642e-005,-2.94686,0.449282,6.4971,-9.63077
-0.377656,372.467,6.88889e-005,-2.90575,0.526761,6.27574,-9.40891
-0.377656,372.467,6.91358e-005,-2.85317,0.601192,6.02898,-9.14878
-0.377656,372.467,6.93827e-005,-2.78933,0.672282,5.75826,-8.85189
-0.377656,372.467,6.96296e-005,-2.71448,0.739753,5.46513,-8.5199
-0.377656,372.467,6.98765e-005,-2.62892,0.803348,5.15123,-8.15459
-0.377656,372.467,7.01235e-005,-2.53298,0.862833,4.81826,-7.75788
-0.377656,372.467,7.03704e-005,-2.42705,0.917993,4.46799,-7.33179
-0.377656,372.467,7.06173e-005,-2.31154,0.968638,4.10225,-6.87846
-0.377656,372.467,7.08642e-005,-2.18691,1.0146,3.72291,-6.40012
-0.377656,372.467,7.11111e-005,-2.05364,1.05573,3.33187,-5.89908
-0.377656,372.467,7.1358e-005,-1.91227,1.09192,2.93107,-5.37773
-0.377656,372.467,7.16049e-005,-1.76336,1.12306,2.52245,-4.83851
-0.377656,372.467,7.18519e-005,-1.60748,1.14909,2.10797,-4.28391
-0.377656,372.467,7.20988e-005,-1.44526,1.16994,1.68956,-3.71646
-0.377656,372.467,7.23457e-005,-1.27734,1.18561,1.26918,-3.13871
-0.377656,372.467,7.25926e-005,-1.10437,1.19609,0.848722,-2.55322
-0.377656,372.467,7.28395e-005,-0.927051,1.2014,0.430078,-1.96256
-0.377656,372.467,7.30864e-005,-0.74607,1.20159,0.0150872,-1.36927
-0.377656,372.467,7.33333e-005,-0.562144,1.19672,-0.394458,-0.775897
-0.377656,372.467,7.35802e-005,-0.376,1.18688,-0.796821,-0.184925
-0.377656,372.467,7.38272e-005,-0.188372,1.17219,-1.19033,0.401189
-0.377656,372.467,7.40741e-005,-1.28624e-014,1.15276,-1.57337,0.980045
-0.377656,372.467,7.4321e-005,0.188372,1.12876,-1.94443,1.54931
-0.377656,372.467,7.45679e-005,0.376,1.10033,-2.30207,2.10672
-0.377656,372.467,7.48148e-005,0.562144,1.06768,-2.64491,2.6501
-0.377656,372.467,7.50617e-005,0.74607,1.03099,-2.97171,3.17735
-0.377656,372.467,7.53086e-005,0.927051,0.990484,-3.28129,3.68648
-0.377656,372.467,7.55556e-005,1.10437,0.946378,-3.57259,4.17561
-0.377656,372.467,7.58025e-005,1.27734,0.898913,-3.84465,4.64295
-0.377656,372.467,7.60494e-005,1.44526,0.848338,-4.09661,5.08686
-0.377656,372.467,7.62963e-005,1.60748,0.794909,-4.32772,5.50579
-0.377656,372.467,7.65432e-005,1.76336,0.738893,-4.53735,5.89834
-0.377656,372.467,7.67901e-005,1.91227,0.68056,-4.72496,6.26323
-0.377656,372.467,7.7037e-005,2.05364,0.620188,-4.89015,6.59931
-0.377656,372.467,7.7284e-005,2.18691,0.558057,-5.03259,6.90557
-0.377656,372.467,7.75309e-005,2.31154,0.494451,-5.15209,7.18115
-0.377656,372.467,7.77778e-005,2.42705,0.429654,-5.24855,7.42533
-0.377656,372.467,7.80247e-005,2.53298,0.36395,-5.322,7.6375
-0.377656,372.467,7.82716e-005,2.62892,0.297623,-5.37253,7.81723
-0.377656,372.467,7.85185e-005,2.71448,0.230951,-5.40037,7.96421
-0.377656,372.467,7.87654e-005,2.78933,0.164213,-5.40583,8.07826
-0.377656,372.467,7.90123e-005,2.85317,0.0976783,-5.3893,8.15935
-0.377656,372.467,7.92593e-005,2.90575,0.0316131,-5.35128,8.20758
-0.377656,372.467,7.95062e-005,2.94686,-0.0337244,-5.29234,8.2232
-0.377656,372.467,7.97531e-005,2.97634,-0.098084,-5.21313,8.20654
-0.377656,372.467,8e-005,2.99408,-0.161224,-5.11438,8.15811
-0.377656,372.467,8.02469e-005,3,-0.222914,-4.99688,8.07849
-0.377656,372.467,8.04938e-005,2.99408,-0.282933,-4.86149,7.96841
-0.377656,372.467,8.07407e-005,2.97634,-0.34107,-4.70913,7.82869
-0.377656,372.467,8.09877e-005,2.94686,-0.397129,-4.54076,7.66026
-0.377656,372.467,8.12346e-005,2.90575,-0.450924,-4.35738,7.46414
-0.377656,372.467,8.14815e-005,2.85317,-0.502282,-4.16005,7.24147
-0.377656,372.467,8.17284e-005,2.78933,-0.551046,-3.94985,6.99343
-0.377656,372.467,8.19753e-005,2.71448,-0.597069,-3.7279,6.7213
-0.377656,372.467,8.22222e-005,2.62892,-0.640221,-3.49531,6.42646
-0.377656,372.467,8.24691e-005,2.53298,-0.680385,-3.25325,6.1103
-0.377656,372.467,8.2716e-005,2.42705,-0.717457,-3.00286,5.7743
-0.377656,372.467,8.2963e-005,2.31154,-0.75135,-2.74531,5.42
-0.377656,372.467,8.32099e-005,2.18691,-0.781989,-2.48175,5.04897
-0.377656,372.467,8.34568e-005,2.05364,-0.809314,-2.21334,4.6628
-0.377656,372.467,8.37037e-005,1.91227,-0.83328,-1.94121,4.26314
-0.377656,372.467,8.39506e-005,1.76336,-0.853854,-1.6665,3.85164
-0.377656,372.467,8.41975e-005,1.60748,-0.871018,-1.39031,3.42999
-0.377656,372.467,8.44444e-005,1.44526,-0.884768,-1.11371,2.99985
-0.377656,372.467,8.46914e-005,1.27734,-0.89511,-0.837748,2.56293
-0.377656,372.467,8.49383e-005,1.10437,-0.902066,-0.563447,2.1209
-0.377656,372.467,8.51852e-005,0.927051,-0.905669,-0.291784,1.67544
-0.377656,372.467,8.54321e-005,0.74607,-0.905961,-0.0236983,1.22819
-0.377656,372.467,8.5679e-005,0.562144,-0.902999,0.239912,0.780805
-0.377656,372.467,8.59259e-005,0.376,-0.896849,0.498194,0.334879
-0.377656,372.467,8.61728e-005,0.188372,-0.887585,0.750341,-0.108009
-0.377656,372.467,8.64198e-005,1.32298e-014,-0.875294,0.995594,-0.546323
-0.377656,372.467,8.66667e-005,-0.188372,-0.860069,1.23325,-0.978567
-0.377656,372.467,8.69136e-005,-0.376,-0.842011,1.46264,-1.40329
-0.377656,372.467,8.71605e-005,-0.562144,-0.821232,1.68316,-1.8191
-0.377656,372.467,8.74074e-005,-0.74607,-0.797846,1.89426,-2.22465
-0.377656,372.467,8.76543e-005,-0.927051,-0.771976,2.09544,-2.61864
-0.377656,372.467,8.79012e-005,-1.10437,-0.743751,2.28625,-2.99987
-0.377656,372.467,8.81481e-005,-1.27734,-0.713303,2.46628,-3.36715
-0.377656,372.467,8.83951e-005,-1.44526,-0.68077,2.63519,-3.7194
-0.377656,372.467,8.8642e-005,-1.60748,-0.646292,2.79269,-4.05558
-0.377656,372.467,8.88889e-005,-1.76336,-0.610014,2.93852,-4.37474
-0.377656,372.467,8.91358e-005,-1.91227,-0.572082,3.07248,-4.67598
-0.377656,372.467,8.93827e-005,-2.05364,-0.532645,3.19442,-4.95849
-0.377656,372.467,8.96296e-005,-2.18691,-0.491852,3.30423,-5.22152
-0.377656,372.467,8.98765e-005,-2.31154,-0.449854,3.40184,-5.46441
-0.377656,372.467,9.01235e-005,-2.42705,-0.406802,3.48722,-5.68656
-0.377656,372.467,9.03704e-005,-2.53298,-0.362846,3.56038,-5.88745
-0.377656,372.467,9.06173e-005,-2.62892,-0.318138,3.62138,-6.06664
-0.377656,372.467,9.08642e-005,-2.71448,-0.272826,3.67029,-6.22374
-0.377656,372.467,9.11111e-005,-2.78933,-0.227057,3.70724,-6.35847
-0.377656,372.467,9.1358e-005,-2.85317,-0.180979,3.73236,-6.4706
-0.377656,372.467,9.16049e-005,-2.90575,-0.134734,3.74583,-6.55997
-0.377656,372.467,9.18519e-005,-2.94686,-0.0884644,3.74784,-6.62651
-0.377656,372.467,9.20988e-005,-2.97634,-0.0423085,3.73863,-6.67019
-0.377656,372.467,9.23457e-005,-2.99408,0.0035979,3.71842,-6.69109
-0.377656,372.467,9.25926e-005,-3,0.0491224,3.68749,-6.68931
-0.377656,372.467,9.28395e-005,-2.99408,0.0941361,3.64611,-6.66505
-0.377656,372.467,9.30864e-005,-2.97634,0.138514,3.59457,-6.61856
-0.377656,372.467,9.33333e-005,-2.94686,0.182133,3.53319,-6.55016
-0.377656,372.467,9.35802e-005,-2.90575,0.224877,3.46228,-6.46022
-0.377656,372.467,9.38272e-005,-2.85317,0.266633,3.38217,-6.34917
-0.377656,372.467,9.40741e-005,-2.78933,0.307289,3.29321,-6.2175
-0.377656,372.467,9.4321e-005,-2.71448,0.346743,3.19573,-6.06575
-0.377656,372.467,9.45679e-005,-2.62892,0.384892,3.09009,-5.89452
-0.377656,372.467,9.48148e-005,-2.53298,0.421641,2.97664,-5.70445
-0.377656,372.467,9.50617e-005,-2.42705,0.456897,2.85576,-5.49623
-0.377656,372.467,9.53086e-005,-2.31154,0.490574,2.7278,-5.2706
-0.377656,372.467,9.55556e-005,-2.18691,0.522587,2.59312,-5.02835
-0.377656,372.467,9.58025e-005,-2.05364,0.552861,2.45212,-4.77028
-0.377656,372.467,9.60494e-005,-1.91227,0.581319,2.30515,-4.49726
-0.377656,372.467,9.62963e-005,-1.76336,0.607894,2.15259,-4.21019
-0.377656,372.467,9.65432e-005,-1.60748,0.632522,1.99481,-3.90999
-0.377656,372.467,9.67901e-005,-1.44526,0.655141,1.83221,-3.59764
-0.377656,372.467,9.7037e-005,-1.27734,0.675699,1.66516,-3.27411
-0.377656,372.467,9.7284e-005,-1.10437,0.694144,1.49404,-2.94043
-0.377656,372.467,9.75309e-005,-0.927051,0.710431,1.31924,-2.59765
-0.377656,372.467,9.77778e-005,-0.74607,0.724519,1.14115,-2.24682
-0.377656,372.467,9.80247e-005,-0.562144,0.736373,0.960153,-1.88903
-0.377656,372.467,9.82716e-005,-0.376,0.745961,0.776656,-1.52539
-0.377656,372.467,9.85185e-005,-0.188372,0.753258,0.591055,-1.15701
-0.377656,372.467,9.87654e-005,-1.35972e-014,0.758243,0.403754,-0.785033
-0.377656,372.467,9.90123e-005,0.188372,0.760899,0.215161,-0.410592
-0.377656,372.467,9.92593e-005,0.376,0.761216,0.0256924,-0.0348391
-0.377656,372.467,9.95062e-005,0.562144,0.759189,-0.164233,0.34107
-0.377656,372.467,9.97531e-005,0.74607,0.754816,-0.354189,0.715978
-0.377656,372.467,0.0001,0.927051,0.748103,-0.543743,1.08873
-0.377656,372.467,0.000100247,1.10437,0.73906,-0.732456,1.45816
-0.377656,372.467,0.000100494,1.27734,0.727704,-0.919883,1.82313
-0.377656,372.467,0.000100741,1.44526,0.714055,-1.10557,2.18249
-0.377656,372.467,0.000100988,1.60748,0.69814,-1.28906,2.53511
-0.377656,372.467,0.000101235,1.76336,0.679994,-1.46989,2.87987
-0.377656,372.467,0.000101481,1.91227,0.659653,-1.64759,3.21567
-0.377656,372.467,0.000101728,2.05364,0.637163,-1.82168,3.54142
-0.377656,372.467,0.000101975,2.18691,0.612574,-1.99168,3.85607
-0.377656,372.467,0.000102222,2.31154,0.585944,-2.15711,4.15858
-0.377656,372.467,0.000102469,2.42705,0.557333,-2.31747,4.44793
-0.377656,372.467,0.000102716,2.53298,0.526811,-2.47228,4.72316
-0.377656,372.467,0.000102963,2.62892,0.494452,-2.62105,4.98331
-0.377656,372.467,0.00010321,2.71448,0.460338,-2.76328,5.22749
-0.377656,372.467,0.000103457,2.78933,0.424554,-2.89849,5.45481
-0.377656,372.467,0.000103704,2.85317,0.387193,-3.0262,5.66447
-0.377656,372.467,0.000103951,2.90575,0.348355,-3.14591,5.85568
-0.377656,372.467,0.000104198,2.94686,0.308143,-3.25717,6.0277
-0.377656,372.467,0.000104444,2.97634,0.266668,-3.3595,6.17987
-0.377656,372.467,0.000104691,2.99408,0.224045,-3.45246,6.31156
-0.377656,372.467,0.000104938,3,0.180395,-3.5356,6.4222
-0.377656,372.467,0.000105185,2.99408,0.135846,-3.60851,6.51128
-0.377656,372.467,0.000105432,2.97634,0.0905273,-3.67078,6.57837
-0.377656,372.467,0.000105679,2.94686,0.0445763,-3.72203,6.62307
-0.377656,372.467,0.000105926,2.90575,-0.00186688,-3.7619,6.64508
-0.377656,372.467,0.000106173,2.85317,-0.0486576,-3.79005,6.64416
-0.377656,372.467,0.00010642,2.78933,-0.0956474,-3.80618,6.62013
-0.377656,372.467,0.000106667,2.71448,-0.142685,-3.81001,6.5729
-0.377656,372.467,0.000106914,2.62892,-0.189614,-3.8013,6.50244
-0.377656,372.467,0.00010716,2.53298,-0.236279,-3.77984,6.4088
-0.377656,372.467,0.000107407,2.42705,-0.282519,-3.74547,6.29212
-0.377656,372.467,0.000107654,2.31154,-0.328174,-3.69806,6.15261
-0.377656,372.467,0.000107901,2.18691,-0.373082,-3.63753,5.99054
-0.377656,372.467,0.000108148,2.05364,-0.41708,-3.56382,5.80631
-0.377656,372.467,0.000108395,1.91227,-0.460005,-3.47696,5.60034
-0.377656,372.467,0.000108642,1.76336,-0.501696,-3.37698,5.37318
-0.377656,372.467,0.000108889,1.60748,-0.541993,-3.264,5.12543
-0.377656,372.467,0.000109136,1.44526,-0.580736,-3.13817,4.85778
-0.377656,372.467,0.000109383,1.27734,-0.617769,-2.9997,4.57099
-0.377656,372.467,0.00010963,1.10437,-0.65294,-2.84885,4.26592
-0.377656,372.467,0.000109877,0.927051,-0.6861,-2.68593,3.94348
-0.377656,372.467,0.000110123,0.74607,-0.717103,-2.51131,3.60467
-0.377656,372.467,0.00011037,0.562144,-0.745812,-2.32542,3.25054
-0.377656,372.467,0.000110617,0.376,-0.772093,-2.12873,2.88224
-0.377656,372.467,0.000110864,0.188372,-0.795819,-1.92178,2.50096
-0.377656,372.467,0.000111111,2.46227e-014,-0.81687,-1.70514,2.10796
-0.377656,372.467,0.000111358,-0.188372,-0.835135,-1.47947,1.70457
-0.377656,372.467,0.000111605,-0.376,-0.85051,-1.24544,1.29216
-0.377656,372.467,0.000111852,-0.562144,-0.862903,-1.00379,0.872154
-0.377656,372.467,0.000112099,-0.74607,-0.872228,-0.75532,0.446029
-0.377656,372.467,0.000112346,-0.927051,-0.878411,-0.500852,0.0152988
-0.377656,372.467,0.000112593,-1.10437,-0.88139,-0.241261,-0.418485
-0.377656,372.467,0.00011284,-1.27734,-0.881112,0.0225365,-0.853739
-0.377656,372.467,0.000113086,-1.44526,-0.877536,0.289589,-1.28886
-0.377656,372.467,0.000113333,-1.60748,-0.870636,0.558912,-1.72221
-0.377656,372.467,0.00011358,-1.76336,-0.860396,0.829487,-2.15215
-0.377656,372.467,0.000113827,-1.91227,-0.846812,1.10027,-2.57704
-0.377656,372.467,0.000114074,-2.05364,-0.829896,1.37021,-2.99522
-0.377656,372.467,0.000114321,-2.18691,-0.809671,1.63821,-3.40504
-0.377656,372.467,0.000114568,-2.31154,-0.786175,1.90317,-3.80488
-0.377656,372.467,0.000114815,-2.42705,-0.759459,2.164,-4.19311
-0.377656,372.467,0.000115062,-2.53298,-0.729588,2.41959,-4.56816
-0.377656,372.467,0.000115309,-2.62892,-0.696639,2.66882,-4.92845
-0.377656,372.467,0.000115556,-2.71448,-0.660706,2.9106,-5.27246
-0.377656,372.467,0.000115802,-2.78933,-0.621893,3.14384,-5.59874
-0.377656,372.467,0.000116049,-2.85317,-0.580319,3.36746,-5.90585
-0.377656,372.467,0.000116296,-2.90575,-0.536117,3.58042,-6.19242
-0.377656,372.467,0.000116543,-2.94686,-0.489429,3.78168,-6.45717
-0.377656,372.467,0.00011679,-2.97634,-0.440414,3.97026,-6.69887
-0.377656,372.467,0.000117037,-2.99408,-0.389238,4.1452,-6.91636
-0.377656,372.467,0.000117284,-3,-0.336083,4.30559,-7.10857
-0.377656,372.467,0.000117531,-2.99408,-0.281138,4.45057,-7.27454
-0.377656,372.467,0.000117778,-2.97634,-0.224603,4.57933,-7.41337
-0.377656,372.467,0.000118025,-2.94686,-0.166688,4.69111,-7.52429
-0.377656,372.467,0.000118272,-2.90575,-0.107611,4.78522,-7.6066
-0.377656,372.467,0.000118519,-2.85317,-0.0475979,4.86104,-7.65974
-0.377656,372.467,0.000118765,-2.78933,0.0131183,4.91801,-7.68325
-0.377656,372.467,0.000119012,-2.71448,0.0742991,4.95565,-7.67677
-0.377656,372.467,0.000119259,-2.62892,0.135701,4.97355,-7.64008
-0.377656,372.467,0.000119506,-2.53298,0.197076,4.97139,-7.57307
-0.377656,372.467,0.000119753,-2.42705,0.258174,4.94894,-7.47574
-0.377656,372.467,0.00012,-2.31154,0.318742,4.90603,-7.34825
-0.377656,372.467,0.000120247,-2.18691,0.378528,4.8426,-7.19085
-0.377656,372.467,0.000120494,-2.05364,0.437277,4.75868,-7.00392
-0.377656,372.467,0.000120741,-1.91227,0.494738,4.65437,-6.78798
-0.377656,372.467,0.000120988,-1.76336,0.550663,4.52989,-6.54367
-0.377656,372.467,0.000121235,-1.60748,0.604805,4.38552,-6.27173
-0.377656,372.467,0.000121481,-1.44526,0.656924,4.22167,-5.97306
-0.377656,372.467,0.000121728,-1.27734,0.706786,4.0388,-5.64866
-0.377656,372.467,0.000121975,-1.10437,0.754163,3.8375,-5.29963
-0.377656,372.467,0.000122222,-0.927051,0.798834,3.61841,-4.9272
-0.377656,372.467,0.000122469,-0.74607,0.840591,3.3823,-4.53272
-0.377656,372.467,0.000122716,-0.562144,0.879233,3.12998,-4.11761
-0.377656,372.467,0.000122963,-0.376,0.914571,2.86238,-3.68342
-0.377656,372.467,0.00012321,-0.188372,0.946429,2.58048,-3.23178
-0.377656,372.467,0.000123457,-2.49901e-014,0.974643,2.28535,-2.76441
-0.377656,372.467,0.000123704,0.188372,0.999064,1.97814,-2.2831
-0.377656,372.467,0.000123951,0.376,1.01956,1.66004,-1.78974
-0.377656,372.467,0.000124198,0.562144,1.03601,1.33232,-1.28625
-0.377656,372.467,0.000124444,0.74607,1.04831,0.996314,-0.774643
-0.377656,372.467,0.000124691,0.927051,1.05637,0.653387,-0.256961
-0.377656,372.467,0.000124938,1.10437,1.06014,0.304961,0.264705
-0.377656,372.467,0.000125185,1.27734,1.05955,-0.0475061,0.788231
-0.377656,372.467,0.000125432,1.44526,1.05458,-0.402522,1.31147
-0.377656,372.467,0.000125679,1.60748,1.04522,-0.758568,1.83225
-0.377656,372.467,0.000125926,1.76336,1.03146,-1.11411,2.3484
-0.377656,372.467,0.000126173,1.91227,1.01334,-1.4676,2.85777
-0.377656,372.467,0.00012642,2.05364,0.990907,-1.81747,3.35819
-0.377656,372.467,0.000126667,2.18691,0.964213,-2.16219,3.84752
-0.377656,372.467,0.000126914,2.31154,0.933346,-2.5002,4.32368
-0.377656,372.467,0.00012716,2.42705,0.898409,-2.82997,4.78459
-0.377656,372.467,0.000127407,2.53298,0.859519,-3.15001,5.22825
-0.377656,372.467,0.000127654,2.62892,0.816818,-3.45885,5.6527
-0.377656,372.467,0.000127901,2.71448,0.770459,-3.75504,6.05607
-0.377656,372.467,0.000128148,2.78933,0.720617,-4.0372,6.43654
-0.377656,372.467,0.000128395,2.85317,0.667482,-4.30399,6.7924
-0.377656,372.467,0.000128642,2.90575,0.611258,-4.55413,7.12202
-0.377656,372.467,0.000128889,2.94686,0.552166,-4.78642,7.42388
-0.377656,372.467,0.000129136,2.97634,0.490441,-4.9997,7.69655
-0.377656,372.467,0.000129383,2.99408,0.426331,-5.19291,7.93875
-0.377656,372.467,0.00012963,3,0.360096,-5.36508,8.14928
-0.377656,372.467,0.000129877,2.99408,0.292006,-5.5153,8.32711
-0.377656,372.467,0.000130123,2.97634,0.222342,-5.64277,8.47131
-0.377656,372.467,0.00013037,2.94686,0.151394,-5.74679,8.5811
-0.377656,372.467,0.000130617,2.90575,0.0794587,-5.82675,8.65587
-0.377656,372.467,0.000130864,2.85317,0.00683952,-5.88216,8.69511
-0.377656,372.467,0.000131111,2.78933,-0.0661557,-5.91262,8.69848
-0.377656,372.467,0.000131358,2.71448,-0.139216,-5.91785,8.66581
-0.377656,372.467,0.000131605,2.62892,-0.212026,-5.89768,8.59707
-0.377656,372.467,0.000131852,2.53298,-0.284274,-5.85206,8.49236
-0.377656,372.467,0.000132099,2.42705,-0.355645,-5.78104,8.35198
-0.377656,372.467,0.000132346,2.31154,-0.425827,-5.68479,8.17635
-0.377656,372.467,0.000132593,2.18691,-0.494514,-5.56362,7.96607
-0.377656,372.467,0.00013284,2.05364,-0.561402,-5.41791,7.72186
-0.377656,372.467,0.000133086,1.91227,-0.626194,-5.24819,7.44463
-0.377656,372.467,0.000133333,1.76336,-0.688603,-5.05508,7.13539
-0.377656,372.467,0.00013358,1.60748,-0.748347,-4.83931,6.79534
-0.377656,372.467,0.000133827,1.44526,-0.805159,-4.60174,6.42579
-0.377656,372.467,0.000134074,1.27734,-0.85878,-4.34329,6.02818
-0.377656,372.467,0.000134321,1.10437,-0.908965,-4.06503,5.60409
-0.377656,372.467,0.000134568,0.927051,-0.955485,-3.76808,5.15522
-0.377656,372.467,0.000134815,0.74607,-0.998123,-3.45367,4.68338
-0.377656,372.467,0.000135062,0.562144,-1.03668,-3.12311,4.19048
-0.377656,372.467,0.000135309,0.376,-1.07097,-2.7778,3.67854
-0.377656,372.467,0.000135556,0.188372,-1.10084,-2.41919,3.14966
-0.377656,372.467,0.000135802,1.46993e-014,-1.12613,-2.04882,2.60603
-0.377656,372.467,0.000136049,-0.188372,-1.14673,-1.66827,2.04992
-0.377656,372.467,0.000136296,-0.376,-1.16252,-1.27919,1.48363
-0.377656,372.467,0.000136543,-0.562144,-1.17343,-0.883255,0.909548
-0.377656,372.467,0.00013679,-0.74607,-1.17938,-0.482191,0.330078
-0.377656,372.467,0.000137037,-0.927051,-1.18034,-0.0777494,-0.252332
-0.377656,372.467,0.000137284,-1.10437,-1.17629,0.328297,-0.835215
-0.377656,372.467,0.000137531,-1.27734,-1.16722,0.734164,-1.4161
-0.377656,372.467,0.000137778,-1.44526,-1.15317,1.13806,-1.9925
-0.377656,372.467,0.000138025,-1.60748,-1.13418,1.5382,-2.56197
-0.377656,372.467,0.000138272,-1.76336,-1.11032,1.9328,-3.12206
-0.377656,372.467,0.000138519,-1.91227,-1.08168,2.32011,-3.67037
-0.377656,372.467,0.000138765,-2.05364,-1.04836,2.6984,-4.20453
-0.377656,372.467,0.000139012,-2.18691,-1.01051,3.06599,-4.72224
-0.377656,372.467,0.000139259,-2.31154,-0.968275,3.42121,-5.22126
-0.377656,372.467,0.000139506,-2.42705,-0.921825,3.76248,-5.69942
-0.377656,372.467,0.000139753,-2.53298,-0.871352,4.08826,-6.15464
-0.377656,372.467,0.00014,-2.62892,-0.817067,4.39707,-6.58494
-0.377656,372.467,0.000140247,-2.71448,-0.759197,4.68752,-6.98843
-0.377656,372.467,0.000140494,-2.78933,-0.697983,4.9583,-7.36334
-0.377656,372.467,0.000140741,-2.85317,-0.633685,5.20815,-7.70802
-0.377656,372.467,0.000140988,-2.90575,-0.566574,5.43596,-8.02095
-0.377656,372.467,0.000141235,-2.94686,-0.496936,5.64067,-8.30074
-0.377656,372.467,0.000141481,-2.97634,-0.425068,5.82134,-8.54615
-0.377656,372.467,0.000141728,-2.99408,-0.351276,5.97713,-8.75606
-0.377656,372.467,0.000141975,-3,-0.275877,6.10733,-8.92953
-0.377656,372.467,0.000142222,-2.99408,-0.199194,6.21132,-9.06576
-0.377656,372.467,0.000142469,-2.97634,-0.121557,6.28861,-9.16413
-0.377656,372.467,0.000142716,-2.94686,-0.0432999,6.33882,-9.22416
-0.377656,372.467,0.000142963,-2.90575,0.0352397,6.36171,-9.24554
-0.377656,372.467,0.00014321,-2.85317,0.113723,6.35713,-9.22814
-0.377656,372.467,0.000143457,-2.78933,0.19181,6.32508,-9.17198
-0.377656,372.467,0.000143704,-2.71448,0.269164,6.26569,-9.07726
-0.377656,372.467,0.000143951,-2.62892,0.34545,6.17917,-8.94434
-0.377656,372.467,0.000144198,-2.53298,0.420338,6.0659,-8.77374
-0.377656,372.467,0.000144444,-2.42705,0.493503,5.92635,-8.56617
-0.377656,372.467,0.000144691,-2.31154,0.564628,5.76113,-8.32246
-0.377656,372.467,0.000144938,-2.18691,0.633405,5.57093,-8.04363
-0.377656,372.467,0.000145185,-2.05364,0.699536,5.35659,-7.73084
-0.377656,372.467,0.000145432,-1.91227,0.762734,5.11903,-7.38539
-0.377656,372.467,0.000145679,-1.76336,0.822725,4.8593,-7.00873
-0.377656,372.467,0.000145926,-1.60748,0.87925,4.57853,-6.60245
-0.377656,372.467,0.000146173,-1.44526,0.932064,4.27794,-6.16825
-0.377656,372.467,0.00014642,-1.27734,0.980939,3.95885,-5.70797
-0.377656,372.467,0.000146667,-1.10437,1.02566,3.62266,-5.22356
-0.377656,372.467,0.000146914,-0.927051,1.06604,3.27085,-4.71706
-0.377656,372.467,0.00014716,-0.74607,1.10191,2.90495,-4.19062
-0.377656,372.467,0.000147407,-0.562144,1.1331,2.52657,-3.64647
-0.377656,372.467,0.000147654,-0.376,1.15949,2.13737,-3.08691
-0.377656,372.467,0.000147901,-0.188372,1.18096,1.73905,-2.51432
-0.377656,372.467,0.000148148,-2.57249e-014,1.19742,1.33337,-1.93114
-0.377656,372.467,0.00135827,0.188372,1.05485,0.627099,-0.968744
-0.377656,372.467,0.00135852,0.376,1.05843,0.289895,-0.447831
-0.377656,372.467,0.00135877,0.562144,1.05783,-0.048452,0.0748489
-0.377656,372.467,0.00135901,0.74607,1.05306,-0.386608,0.597234
-0.377656,372.467,0.00135926,0.927051,1.04413,-0.723239,1.11726
-0.377656,372.467,0.00135951,1.10437,1.03108,-1.05701,1.63288
-0.377656,372.467,0.00135975,1.27734,1.01396,-1.38662,2.14205
-0.377656,372.467,0.00136,1.44526,0.992838,-1.71075,2.64277
-0.377656,372.467,0.00136025,1.60748,0.9678,-2.02813,3.13306
-0.377656,372.467,0.00136049,1.76336,0.938942,-2.33751,3.61099
-0.377656,372.467,0.00136074,1.91227,0.906378,-2.63766,4.07467
-0.377656,372.467,0.00136099,2.05364,0.870237,-2.9274,4.52226
-0.377656,372.467,0.00136123,2.18691,0.830662,-3.20559,4.95201
-0.377656,372.467,0.00136148,2.31154,0.787809,-3.47113,5.36221
-0.377656,372.467,0.00136173,2.42705,0.741846,-3.72297,5.75125
-0.377656,372.467,0.00136198,2.53298,0.692956,-3.96011,6.11759
-0.377656,372.467,0.00136222,2.62892,0.641331,-4.18163,6.4598
-0.377656,372.467,0.00136247,2.71448,0.587175,-4.38664,6.7765
-0.377656,372.467,0.00136272,2.78933,0.530701,-4.57435,7.06646
-0.377656,372.467,0.00136296,2.85317,0.472133,-4.744,7.32854
-0.377656,372.467,0.00136321,2.90575,0.411702,-4.89492,7.56169
-0.377656,372.467,0.00136346,2.94686,0.349646,-5.02653,7.765
-0.377656,372.467,0.0013637,2.97634,0.28621,-5.1383,7.93767
-0.377656,372.467,0.00136395,2.99408,0.221645,-5.2298,8.079
-0.377656,372.467,0.0013642,3,0.156205,-5.30065,8.18846
-0.377656,372.467,0.00136444,2.99408,0.0901483,-5.35058,8.2656
-0.377656,372.467,0.00136469,2.97634,0.0237359,-5.3794,8.31011
-0.377656,372.467,0.00136494,2.94686,-0.0427701,-5.38699,8.32184
-0.377656,372.467,0.00136519,2.90575,-0.109107,-5.37332,8.30071
-0.377656,372.467,0.00136543,2.85317,-0.175014,-5.33844,8.24683
-0.377656,372.467,0.00136568,2.78933,-0.24023,-5.28249,8.16041
-0.377656,372.467,0.00136593,2.71448,-0.304498,-5.2057,8.04178
-0.377656,372.467,0.00136617,2.62892,-0.367564,-5.10836,7.89141
-0.377656,372.467,0.00136642,2.53298,-0.429179,-4.99086,7.70989
-0.377656,372.467,0.00136667,2.42705,-0.489101,-4.85366,7.49795
-0.377656,372.467,0.00136691,2.31154,-0.547093,-4.69731,7.25642
-0.377656,372.467,0.00136716,2.18691,-0.602925,-4.52242,6.98625
-0.377656,372.467,0.00136741,2.05364,-0.656378,-4.32969,6.68851
-0.377656,372.467,0.00136765,1.91227,-0.707241,-4.11986,6.36437
-0.377656,372.467,0.0013679,1.76336,-0.755312,-3.89378,6.01512
-0.377656,372.467,0.00136815,1.60748,-0.800402,-3.65233,5.64213
-0.377656,372.467,0.0013684,1.44526,-0.842334,-3.39646,5.24687
-0.377656,372.467,0.00136864,1.27734,-0.880941,-3.12719,4.8309
-0.377656,372.467,0.00136889,1.10437,-0.916072,-2.84558,4.39587
-0.377656,372.467,0.00136914,0.927051,-0.947587,-2.55274,3.94348
-0.377656,372.467,0.00136938,0.74607,-0.975363,-2.24983,3.47554
-0.377656,372.467,0.00136963,0.562144,-0.999289,-1.93803,2.99388
-0.377656,372.467,0.00136988,0.376,-1.01927,-1.61859,2.5004
-0.377656,372.467,0.00137012,0.188372,-1.03523,-1.29276,1.99706
-0.377656,372.467,0.00137037,1.79335e-013,-1.04711,-0.961827,1.48583
-0.377656,372.467,0.00137062,-0.188372,-1.05485,-0.627099,0.968744
-0.377656,372.467,0.00137086,-0.376,-1.05843,-0.289895,0.447831
-0.377656,372.467,0.00137111,-0.562144,-1.05783,0.0484522,-0.074849
-0.377656,372.467,0.00137136,-0.74607,-1.05306,0.386608,-0.597234
-0.377656,372.467,0.0013716,-0.927051,-1.04413,0.723239,-1.11726
-0.377656,372.467,0.00137185,-1.10437,-1.03108,1.05701,-1.63288
-0.377656,372.467,0.0013721,-1.27734,-1.01396,1.38662,-2.14205
-0.377656,372.467,0.00137235,-1.44526,-0.992838,1.71075,-2.64277
-0.377656,372.467,0.00137259,-1.60748,-0.9678,2.02813,-3.13306
-0.377656,372.467,0.00137284,-1.76336,-0.938942,2.33751,-3.61099
-0.377656,372.467,0.00137309,-1.91227,-0.906378,2.63766,-4.07467
-0.377656,372.467,0.00137333,-2.05364,-0.870237,2.9274,-4.52226
-0.377656,372.467,0.00137358,-2.18691,-0.830662,3.20559,-4.95201
-0.377656,372.467,0.00137383,-2.31154,-0.787809,3.47113,-5.36221
-0.377656,372.467,0.00137407,-2.42705,-0.741846,3.72297,-5.75125
-0.377656,372.467,0.00137432,-2.53298,-0.692956,3.96011,-6.11759
-0.377656,372.467,0.00137457,-2.62892,-0.641331,4.18163,-6.4598
-0.377656,372.467,0.00137481,-2.71448,-0.587175,4.38664,-6.7765
-0.377656,372.467,0.00137506,-2.78933,-0.530701,4.57435,-7.06646
-0.377656,372.467,0.00137531,-2.85317,-0.472133,4.744,-7.32854
-0.377656,372.467,0.00137556,-2.90575,-0.411702,4.89492,-7.56169
-0.377656,372.467,0.0013758,-2.94686,-0.349646,5.02653,-7.765
-0.377656,372.467,0.00137605,-2.97634,-0.28621,5.1383,-7.93767
-0.377656,372.467,0.0013763,-2.99408,-0.221645,5.2298,-8.079
-0.377656,372.467,0.00137654,-3,-0.156205,5.30065,-8.18846
-0.377656,372.467,0.00137679,-2.99408,-0.0901482,5.35058,-8.2656
-0.377656,372.467,0.00137704,-2.97634,-0.0237359,5.3794,-8.31011
-0.377656,372.467,0.00137728,-2.94686,0.0427701,5.38699,-8.32184
-0.377656,372.467,0.00137753,-2.90575,0.109107,5.37332,-8.30071
-0.377656,372.467,0.00137778,-2.85317,0.175014,5.33844,-8.24683
-0.377656,372.467,0.00137802,-2.78933,0.24023,5.28249,-8.16041
-0.377656,372.467,0.00137827,-2.71448,0.304498,5.2057,-8.04178
-0.377656,372.467,0.00137852,-2.62892,0.367564,5.10836,-7.89141
-0.377656,372.467,0.00137877,-2.53298,0.42918,4.99086,-7.70989
-0.377656,372.467,0.00137901,-2.42705,0.489101,4.85366,-7.49795
-0.377656,372.467,0.00137926,-2.31154,0.547093,4.69731,-7.25642
-0.377656,372.467,0.00137951,-2.18691,0.602925,4.52242,-6.98625
-0.377656,372.467,0.00137975,-2.05364,0.656378,4.32969,-6.68851
-0.377656,372.467,0.00138,-1.91227,0.707241,4.11986,-6.36437
-0.377656,372.467,0.00138025,-1.76336,0.755312,3.89378,-6.01512
-0.377656,372.467,0.00138049,-1.60748,0.800402,3.65233,-5.64213
-0.377656,372.467,0.00138074,-1.44526,0.842334,3.39646,-5.24687
-0.377656,372.467,0.00138099,-1.27734,0.880941,3.12719,-4.8309
-0.377656,372.467,0.00138123,-1.10437,0.916072,2.84558,-4.39587
-0.377656,372.467,0.00138148,-0.927051,0.947587,2.55274,-3.94348
-0.377656,372.467,0.00138173,-0.74607,0.975363,2.24983,-3.47554
-0.377656,372.467,0.00138198,-0.562144,0.999289,1.93803,-2.99388
-0.377656,372.467,0.00138222,-0.376,1.01927,1.61859,-2.5004
-0.377656,372.467,0.00138247,-0.188372,1.03523,1.29276,-1.99706
-0.377656,372.467,0.00138272,-2.11677e-013,1.04711,0.961827,-1.48583
-0.377656,372.467,0.00138296,0.188372,1.05485,0.627098,-0.968744
-0.377656,372.467,0.00138321,0.376,1.05843,0.289895,-0.447831
-0.377656,372.467,0.00138346,0.562144,1.05783,-0.0484523,0.0748491
-0.377656,372.467,0.0013837,0.74607,1.05306,-0.386608,0.597234
-0.377656,372.467,0.00138395,0.927051,1.04413,-0.723239,1.11726
-0.377656,372.467,0.0013842,1.10437,1.03108,-1.05702,1.63288
-0.377656,372.467,0.00138444,1.27734,1.01396,-1.38662,2.14205
-0.377656,372.467,0.00138469,1.44526,0.992838,-1.71075,2.64277
-0.377656,372.467,0.00138494,1.60748,0.9678,-2.02813,3.13306
-0.377656,372.467,0.00138519,1.76336,0.938942,-2.33751,3.61099
-0.377656,372.467,0.00138543,1.91227,0.906378,-2.63766,4.07467
-0.377656,372.467,0.00138568,2.05364,0.870237,-2.9274,4.52226
-0.377656,372.467,0.00138593,2.18691,0.830662,-3.20559,4.95201
-0.377656,372.467,0.00138617,2.31154,0.787809,-3.47113,5.36221
-0.377656,372.467,0.00138642,2.42705,0.741846,-3.72297,5.75125
-0.377656,372.467,0.00138667,2.53298,0.692956,-3.96011,6.11759
-0.377656,372.467,0.00138691,2.62892,0.641331,-4.18163,6.4598
-0.377656,372.467,0.00138716,2.71448,0.587175,-4.38664,6.7765
-0.377656,372.467,0.00138741,2.78933,0.530701,-4.57435,7.06646
-0.377656,372.467,0.00138765,2.85317,0.472133,-4.744,7.32854
-0.377656,372.467,0.0013879,2.90575,0.411702,-4.89492,7.56169
-0.377656,372.467,0.00138815,2.94686,0.349646,-5.02653,7.765
-0.377656,372.467,0.0013884,2.97634,0.28621,-5.1383,7.93767
-0.377656,372.467,0.00138864,2.99408,0.221645,-5.2298,8.079
-0.377656,372.467,0.00138889,3,0.156205,-5.30065,8.18846
-0.377656,372.467,0.00138914,2.99408,0.0901482,-5.35058,8.2656
-0.377656,372.467,0.00138938,2.97634,0.0237359,-5.3794,8.31011
-0.377656,372.467,0.00138963,2.94686,-0.0427701,-5.38699,8.32184
-0.377656,372.467,0.00138988,2.90575,-0.109107,-5.37332,8.30071
-0.377656,372.467,0.00139012,2.85317,-0.175014,-5.33844,8.24683
-0.377656,372.467,0.00139037,2.78933,-0.24023,-5.28249,8.16041
-0.377656,372.467,0.00139062,2.71448,-0.304498,-5.2057,8.04178
-0.377656,372.467,0.00139086,2.62892,-0.367564,-5.10836,7.89141
-0.377656,372.467,0.00139111,2.53298,-0.429179,-4.99086,7.70989
-0.377656,372.467,0.00139136,2.42705,-0.489101,-4.85366,7.49795
-0.377656,372.467,0.0013916,2.31154,-0.547093,-4.69731,7.25642
-0.377656,372.467,0.00139185,2.18691,-0.602925,-4.52242,6.98625
-0.377656,372.467,0.0013921,2.05364,-0.656378,-4.32969,6.68851
-0.377656,372.467,0.00139235,1.91227,-0.707241,-4.11986,6.36437
-0.377656,372.467,0.00139259,1.76336,-0.755312,-3.89378,6.01512
-0.377656,372.467,0.00139284,1.60748,-0.800402,-3.65233,5.64213
-0.377656,372.467,0.00139309,1.44526,-0.842334,-3.39646,5.24687
-0.377656,372.467,0.00139333,1.27734,-0.880941,-3.12719,4.8309
-0.377656,372.467,0.00139358,1.10437,-0.916072,-2.84558,4.39587
-0.377656,372.467,0.00139383,0.927051,-0.947587,-2.55274,3.94348
-0.377656,372.467,0.00139407,0.74607,-0.975363,-2.24983,3.47554
-0.377656,372.467,0.00139432,0.562144,-0.999289,-1.93803,2.99388
-0.377656,372.467,0.00139457,0.376,-1.01927,-1.61859,2.5004
-0.377656,372.467,0.00139481,0.188372,-1.03523,-1.29276,1.99706
-0.377656,372.467,0.00139506,2.44019e-013,-1.04711,-0.961827,1.48583
-0.377656,372.467,0.00139531,-0.188372,-1.05485,-0.627098,0.968744
-0.377656,372.467,0.00139556,-0.376,-1.05843,-0.289895,0.447831
-0.377656,372.467,0.0013958,-0.562144,-1.05783,0.0484523,-0.0748491
-0.377656,372.467,0.00139605,-0.74607,-1.05306,0.386608,-0.597234
-0.377656,372.467,0.0013963,-0.927051,-1.04413,0.723239,-1.11726
-0.377656,372.467,0.00139654,-1.10437,-1.03108,1.05701,-1.63288
-0.377656,372.467,0.00139679,-1.27734,-1.01396,1.38662,-2.14205
-0.377656,372.467,0.00139704,-1.44526,-0.992838,1.71075,-2.64277
-0.377656,372.467,0.00139728,-1.60748,-0.9678,2.02813,-3.13306
-0.377656,372.467,0.00139753,-1.76336,-0.938942,2.33751,-3.61099
-0.377656,372.467,0.00139778,-1.91227,-0.906378,2.63766,-4.07467
-0.377656,372.467,0.00139802,-2.05364,-0.870237,2.9274,-4.52226
-0.377656,372.467,0.00139827,-2.18691,-0.830662,3.20559,-4.95201
-0.377656,372.467,0.00139852,-2.31154,-0.787809,3.47113,-5.36221
-0.377656,372.467,0.00139877,-2.42705,-0.741846,3.72297,-5.75125
-0.377656,372.467,0.00139901,-2.53298,-0.692956,3.96011,-6.11759
-0.377656,372.467,0.00139926,-2.62892,-0.641331,4.18163,-6.4598
-0.377656,372.467,0.00139951,-2.71448,-0.587174,4.38664,-6.7765
-0.377656,372.467,0.00139975,-2.78933,-0.530701,4.57435,-7.06646
-0.377656,372.467,0.0014,-2.85317,-0.472133,4.744,-7.32854
-0.377656,372.467,0.00140025,-2.90575,-0.411702,4.89492,-7.56169
-0.377656,372.467,0.00140049,-2.94686,-0.349646,5.02653,-7.765
-0.377656,372.467,0.00140074,-2.97634,-0.28621,5.1383,-7.93767
-0.377656,372.467,0.00140099,-2.99408,-0.221645,5.2298,-8.079
-0.377656,372.467,0.00140123,-3,-0.156205,5.30065,-8.18846
-0.377656,372.467,0.00140148,-2.99408,-0.0901482,5.35058,-8.2656
-0.377656,372.467,0.00140173,-2.97634,-0.0237359,5.3794,-8.31011
-0.377656,372.467,0.00140198,-2.94686,0.0427701,5.38699,-8.32184
-0.377656,372.467,0.00140222,-2.90575,0.109107,5.37332,-8.30071
-0.377656,372.467,0.00140247,-2.85317,0.175014,5.33844,-8.24683
-0.377656,372.467,0.00140272,-2.78933,0.24023,5.28249,-8.16041
-0.377656,372.467,0.00140296,-2.71448,0.304498,5.2057,-8.04178
-0.377656,372.467,0.00140321,-2.62892,0.367564,5.10836,-7.89141
-0.377656,372.467,0.00140346,-2.53298,0.429179,4.99086,-7.70989
-0.377656,372.467,0.0014037,-2.42705,0.489101,4.85366,-7.49795
-0.377656,372.467,0.00140395,-2.31154,0.547093,4.69731,-7.25642
-0.377656,372.467,0.0014042,-2.18691,0.602925,4.52242,-6.98625
-0.377656,372.467,0.00140444,-2.05364,0.656378,4.32969,-6.68851
-0.377656,372.467,0.00140469,-1.91227,0.707241,4.11986,-6.36437
-0.377656,372.467,0.00140494,-1.76336,0.755312,3.89378,-6.01512
-0.377656,372.467,0.00140519,-1.60748,0.800402,3.65233,-5.64213
-0.377656,372.467,0.00140543,-1.44526,0.842334,3.39646,-5.24687
-0.377656,372.467,0.00140568,-1.27734,0.880941,3.12719,-4.8309
-0.377656,372.467,0.00140593,-1.10437,0.916072,2.84558,-4.39587
-0.377656,372.467,0.00140617,-0.927051,0.947587,2.55274,-3.94348
-0.377656,372.467,0.00140642,-0.74607,0.975363,2.24983,-3.47554
-0.377656,372.467,0.00140667,-0.562144,0.999289,1.93803,-2.99388
-0.377656,372.467,0.00140691,-0.376,1.01927,1.61859,-2.5004
-0.377656,372.467,0.00140716,-0.188372,1.03523,1.29276,-1.99706
-0.377656,372.467,0.00140741,-2.76361e-013,1.04711,0.961827,-1.48583
-0.377656,372.467,0.00140765,0.188372,1.05485,0.627099,-0.968744
-0.377656,372.467,0.0014079,0.376,1.05843,0.289895,-0.447831
-0.377656,372.467,0.00140815,0.562144,1.05783,-0.0484522,0.0748491
-0.377656,372.467,0.0014084,0.74607,1.05306,-0.386608,0.597234
-0.377656,372.467,0.00140864,0.927051,1.04413,-0.723239,1.11726
-0.377656,372.467,0.00140889,1.10437,1.03108,-1.05701,1.63288
-0.377656,372.467,0.00140914,1.27734,1.01396,-1.38662,2.14205
-0.377656,372.467,0.00140938,1.44526,0.992838,-1.71075,2.64277
-0.377656,372.467,0.00140963,1.60748,0.9678,-2.02813,3.13306
-0.377656,372.467,0.00140988,1.76336,0.938942,-2.33751,3.61099
-0.377656,372.467,0.00141012,1.91227,0.906378,-2.63766,4.07467
-0.377656,372.467,0.00141037,2.05364,0.870237,-2.9274,4.52226
-0.377656,372.467,0.00141062,2.18691,0.830662,-3.20559,4.95201
-0.377656,372.467,0.00141086,2.31154,0.787809,-3.47113,5.36221
-0.377656,372.467,0.00141111,2.42705,0.741846,-3.72297,5.75125
-0.377656,372.467,0.00141136,2.53298,0.692956,-3.96011,6.11759
-0.377656,372.467,0.0014116,2.62892,0.641331,-4.18163,6.4598
-0.377656,372.467,0.00141185,2.71448,0.587175,-4.38664,6.7765
-0.377656,372.467,0.0014121,2.78933,0.530701,-4.57435,7.06646
-0.377656,372.467,0.00141235,2.85317,0.472133,-4.744,7.32854
-0.377656,372.467,0.00141259,2.90575,0.411702,-4.89492,7.56169
-0.377656,372.467,0.00141284,2.94686,0.349646,-5.02653,7.765
-0.377656,372.467,0.00141309,2.97634,0.28621,-5.1383,7.93767
-0.377656,372.467,0.00141333,2.99408,0.221645,-5.2298,8.079
-0.377656,372.467,0.00141358,3,0.156205,-5.30065,8.18846
-0.377656,372.467,0.00141383,2.99408,0.0901483,-5.35058,8.2656
-0.377656,372.467,0.00141407,2.97634,0.0237359,-5.3794,8.31011
-0.377656,372.467,0.00141432,2.94686,-0.0427701,-5.38699,8.32184
-0.377656,372.467,0.00141457,2.90575,-0.109107,-5.37332,8.30071
-0.377656,372.467,0.00141481,2.85317,-0.175014,-5.33844,8.24683
-0.377656,372.467,0.00141506,2.78933,-0.24023,-5.28249,8.16041
-0.377656,372.467,0.00141531,2.71448,-0.304498,-5.2057,8.04178
-0.377656,372.467,0.00141556,2.62892,-0.367564,-5.10836,7.89141
-0.377656,372.467,0.0014158,2.53298,-0.429179,-4.99086,7.70989
-0.377656,372.467,0.00141605,2.42705,-0.489101,-4.85366,7.49795
-0.377656,372.467,0.0014163,2.31154,-0.547093,-4.69731,7.25642
-0.377656,372.467,0.00141654,2.18691,-0.602925,-4.52242,6.98625
-0.377656,372.467,0.00141679,2.05364,-0.656378,-4.32969,6.68851
-0.377656,372.467,0.00141704,1.91227,-0.707241,-4.11986,6.36437
-0.377656,372.467,0.00141728,1.76336,-0.755312,-3.89378,6.01512
-0.377656,372.467,0.00141753,1.60748,-0.800402,-3.65233,5.64213
-0.377656,372.467,0.00141778,1.44526,-0.842334,-3.39646,5.24687
-0.377656,372.467,0.00141802,1.27734,-0.880941,-3.12719,4.8309
-0.377656,372.467,0.00141827,1.10437,-0.916072,-2.84558,4.39587
-0.377656,372.467,0.00141852,0.927051,-0.947587,-2.55274,3.94348
-0.377656,372.467,0.00141877,0.74607,-0.975363,-2.24983,3.47554
-0.377656,372.467,0.00141901,0.562144,-0.999289,-1.93803,2.99388
-0.377656,372.467,0.00141926,0.376,-1.01927,-1.61859,2.5004
-0.377656,372.467,0.00141951,0.188372,-1.03523,-1.29276,1.99706
-0.377656,372.467,0.00141975,3.08702e-013,-1.04711,-0.961827,1.48583
-0.377656,372.467,0.00142,-0.188372,-1.05485,-0.627099,0.968744
-0.377656,372.467,0.00142025,-0.376,-1.05843,-0.289895,0.447831
-0.377656,372.467,0.00142049,-0.562144,-1.05783,0.0484521,-0.074849
-0.377656,372.467,0.00142074,-0.74607,-1.05306,0.386608,-0.597234
-0.377656,372.467,0.00142099,-0.927051,-1.04413,0.723239,-1.11726
-0.377656,372.467,0.00142123,-1.10437,-1.03108,1.05701,-1.63288
-0.377656,372.467,0.00142148,-1.27734,-1.01396,1.38662,-2.14205
-0.377656,372.467,0.00142173,-1.44526,-0.992838,1.71075,-2.64277
-0.377656,372.467,0.00142198,-1.60748,-0.9678,2.02813,-3.13306
-0.377656,372.467,0.00142222,-1.76336,-0.938942,2.33751,-3.61099
-0.377656,372.467,0.00142247,-1.91227,-0.906378,2.63766,-4.07467
-0.377656,372.467,0.00142272,-2.05364,-0.870237,2.9274,-4.52226
-0.377656,372.467,0.00142296,-2.18691,-0.830662,3.20559,-4.95201
-0.377656,372.467,0.00142321,-2.31154,-0.787809,3.47113,-5.36221
-0.377656,372.467,0.00142346,-2.42705,-0.741846,3.72297,-5.75125
-0.377656,372.467,0.0014237,-2.53298,-0.692956,3.96011,-6.11759
-0.377656,372.467,0.00142395,-2.62892,-0.641331,4.18163,-6.45979
-0.377656,372.467,0.0014242,-2.71448,-0.587175,4.38664,-6.7765
-0.377656,372.467,0.00142444,-2.78933,-0.530701,4.57435,-7.06646
-0.377656,372.467,0.00142469,-2.85317,-0.472133,4.744,-7.32854
-0.377656,372.467,0.00142494,-2.90575,-0.411702,4.89492,-7.56169
-0.377656,372.467,0.00142519,-2.94686,-0.349646,5.02653,-7.765
-0.377656,372.467,0.00142543,-2.97634,-0.28621,5.1383,-7.93767
-0.377656,372.467,0.00142568,-2.99408,-0.221645,5.2298,-8.079
-0.377656,372.467,0.00142593,-3,-0.156205,5.30065,-8.18846
-0.377656,372.467,0.00142617,-2.99408,-0.0901483,5.35058,-8.2656
-0.377656,372.467,0.00142642,-2.97634,-0.0237359,5.3794,-8.31011
-0.377656,372.467,0.00142667,-2.94686,0.0427701,5.38699,-8.32184
-0.377656,372.467,0.00142691,-2.90575,0.109107,5.37332,-8.30071
-0.377656,372.467,0.00142716,-2.85317,0.175014,5.33844,-8.24683
-0.377656,372.467,0.00142741,-2.78933,0.24023,5.28249,-8.16041
-0.377656,372.467,0.00142765,-2.71448,0.304498,5.2057,-8.04178
-0.377656,372.467,0.0014279,-2.62892,0.367564,5.10836,-7.89141
-0.377656,372.467,0.00142815,-2.53298,0.429179,4.99086,-7.70989
-0.377656,372.467,0.0014284,-2.42705,0.489101,4.85366,-7.49795
-0.377656,372.467,0.00142864,-2.31154,0.547093,4.69731,-7.25642
-0.377656,372.467,0.00142889,-2.18691,0.602925,4.52242,-6.98625
-0.377656,372.467,0.00142914,-2.05364,0.656378,4.32969,-6.68851
-0.377656,372.467,0.00142938,-1.91227,0.707241,4.11986,-6.36437
-0.377656,372.467,0.00142963,-1.76336,0.755312,3.89378,-6.01512
-0.377656,372.467,0.00142988,-1.60748,0.800402,3.65233,-5.64213
-0.377656,372.467,0.00143012,-1.44526,0.842334,3.39646,-5.24687
-0.377656,372.467,0.00143037,-1.27734,0.880941,3.12719,-4.8309
-0.377656,372.467,0.00143062,-1.10437,0.916072,2.84558,-4.39587
-0.377656,372.467,0.00143086,-0.927051,0.947587,2.55274,-3.94348
-0.377656,372.467,0.00143111,-0.74607,0.975363,2.24983,-3.47554
-0.377656,372.467,0.00143136,-0.562144,0.999289,1.93803,-2.99388
-0.377656,372.467,0.0014316,-0.376,1.01927,1.61859,-2.5004
-0.377656,372.467,0.00143185,-0.188372,1.03523,1.29276,-1.99706
-0.377656,372.467,0.0014321,-3.41044e-013,1.04711,0.961827,-1.48583
-0.377656,372.467,0.00143235,0.188372,1.05485,0.627099,-0.968744
-0.377656,372.467,0.00143259,0.376,1.05843,0.289895,-0.447831
-0.377656,372.467,0.00143284,0.562144,1.05783,-0.0484521,0.0748489
-0.377656,372.467,0.00143309,0.74607,1.05306,-0.386608,0.597234
-0.377656,372.467,0.00143333,0.927051,1.04413,-0.723239,1.11726
-0.377656,372.467,0.00143358,1.10437,1.03108,-1.05701,1.63288
-0.377656,372.467,0.00143383,1.27734,1.01396,-1.38662,2.14205
-0.377656,372.467,0.00143407,1.44526,0.992838,-1.71075,2.64277
-0.377656,372.467,0.00143432,1.60748,0.9678,-2.02813,3.13306
-0.377656,372.467,0.00143457,1.76336,0.938942,-2.33751,3.61099
-0.377656,372.467,0.00143481,1.91227,0.906378,-2.63766,4.07467
-0.377656,372.467,0.00143506,2.05364,0.870237,-2.9274,4.52226
-0.377656,372.467,0.00143531,2.18691,0.830662,-3.20559,4.95201
-0.377656,372.467,0.00143556,2.31154,0.787809,-3.47113,5.36221
-0.377656,372.467,0.0014358,2.42705,0.741846,-3.72297,5.75125
-0.377656,372.467,0.00143605,2.53298,0.692956,-3.96011,6.11759
-0.377656,372.467,0.0014363,2.62892,0.641331,-4.18163,6.45979
-0.377656,372.467,0.00143654,2.71448,0.587175,-4.38664,6.7765
-0.377656,372.467,0.00143679,2.78933,0.530701,-4.57435,7.06646
-0.377656,372.467,0.00143704,2.85317,0.472133,-4.744,7.32854
-0.377656,372.467,0.00143728,2.90575,0.411702,-4.89492,7.56169
-0.377656,372.467,0.00143753,2.94686,0.349646,-5.02653,7.765
-0.377656,372.467,0.00143778,2.97634,0.28621,-5.1383,7.93767
-0.377656,372.467,0.00143802,2.99408,0.221645,-5.2298,8.079
-0.377656,372.467,0.00143827,3,0.156205,-5.30065,8.18846
-0.377656,372.467,0.00143852,2.99408,0.0901483,-5.35058,8.2656
-0.377656,372.467,0.00143877,2.97634,0.0237359,-5.3794,8.31011
-0.377656,372.467,0.00143901,2.94686,-0.0427701,-5.38699,8.32184
-0.377656,372.467,0.00143926,2.90575,-0.109107,-5.37332,8.30071
-0.377656,372.467,0.00143951,2.85317,-0.175014,-5.33844,8.24683
-0.377656,372.467,0.00143975,2.78933,-0.24023,-5.28249,8.16041
-0.377656,372.467,0.00144,2.71448,-0.304498,-5.2057,8.04178
-0.377656,372.467,0.00144025,2.62892,-0.367564,-5.10836,7.89141
-0.377656,372.467,0.00144049,2.53298,-0.429179,-4.99086,7.70989
-0.377656,372.467,0.00144074,2.42705,-0.489101,-4.85366,7.49795
-0.377656,372.467,0.00144099,2.31154,-0.547093,-4.69731,7.25642
-0.377656,372.467,0.00144123,2.18691,-0.602925,-4.52242,6.98625
-0.377656,372.467,0.00144148,2.05364,-0.656378,-4.32969,6.68851
-0.377656,372.467,0.00144173,1.91227,-0.707241,-4.11986,6.36437
-0.377656,372.467,0.00144198,1.76336,-0.755312,-3.89378,6.01512
-0.377656,372.467,0.00144222,1.60748,-0.800402,-3.65233,5.64213
-0.377656,372.467,0.00144247,1.44526,-0.842334,-3.39646,5.24687
-0.377656,372.467,0.00144272,1.27734,-0.880941,-3.12719,4.8309
-0.377656,372.467,0.00144296,1.10437,-0.916072,-2.84558,4.39587
-0.377656,372.467,0.00144321,0.927051,-0.947587,-2.55274,3.94348
-0.377656,372.467,0.00144346,0.74607,-0.975363,-2.24983,3.47554
-0.377656,372.467,0.0014437,0.562144,-0.999289,-1.93803,2.99388
-0.377656,372.467,0.00144395,0.376,-1.01927,-1.61859,2.5004
-0.377656,372.467,0.0014442,0.188372,-1.03523,-1.29276,1.99706
-0.377656,372.467,0.00144444,2.02856e-013,-1.04711,-0.961827,1.48583
-0.377656,372.467,0.00144469,-0.188372,-1.05485,-0.627099,0.968744
-0.377656,372.467,0.00144494,-0.376,-1.05843,-0.289895,0.447831
-0.377656,372.467,0.00144519,-0.562144,-1.05783,0.0484521,-0.0748489
-0.377656,372.467,0.00144543,-0.74607,-1.05306,0.386608,-0.597234
-0.377656,372.467,0.00144568,-0.927051,-1.04413,0.723239,-1.11726
-0.377656,372.467,0.00144593,-1.10437,-1.03108,1.05701,-1.63288
-0.377656,372.467,0.00144617,-1.27734,-1.01396,1.38662,-2.14205
-0.377656,372.467,0.00144642,-1.44526,-0.992838,1.71075,-2.64277
-0.377656,372.467,0.00144667,-1.60748,-0.9678,2.02813,-3.13306
-0.377656,372.467,0.00144691,-1.76336,-0.938942,2.33751,-3.61099
-0.377656,372.467,0.00144716,-1.91227,-0.906378,2.63766,-4.07467
-0.377656,372.467,0.00144741,-2.05364,-0.870237,2.9274,-4.52226
-0.377656,372.467,0.00144765,-2.18691,-0.830662,3.20559,-4.95201
-0.377656,372.467,0.0014479,-2.31154,-0.787809,3.47113,-5.36221
-0.377656,372.467,0.00144815,-2.42705,-0.741846,3.72297,-5.75125
-0.377656,372.467,0.0014484,-2.53298,-0.692956,3.96011,-6.11759
-0.377656,372.467,0.00144864,-2.62892,-0.641331,4.18163,-6.4598
-0.377656,372.467,0.00144889,-2.71448,-0.587175,4.38664,-6.7765
-0.377656,372.467,0.00144914,-2.78933,-0.530701,4.57435,-7.06646
-0.377656,372.467,0.00144938,-2.85317,-0.472133,4.744,-7.32854
-0.377656,372.467,0.00144963,-2.90575,-0.411702,4.89492,-7.56169
-0.377656,372.467,0.00144988,-2.94686,-0.349646,5.02653,-7.765
-0.377656,372.467,0.00145012,-2.97634,-0.28621,5.1383,-7.93767
-0.377656,372.467,0.00145037,-2.99408,-0.221645,5.2298,-8.079
-0.377656,372.467,0.00145062,-3,-0.156205,5.30065,-8.18846
-0.377656,372.467,0.00145086,-2.99408,-0.0901483,5.35058,-8.2656
-0.377656,372.467,0.00145111,-2.97634,-0.0237359,5.3794,-8.31011
-0.377656,372.467,0.00145136,-2.94686,0.0427701,5.38699,-8.32184
-0.377656,372.467,0.0014516,-2.90575,0.109107,5.37332,-8.30071
-0.377656,372.467,0.00145185,-2.85317,0.175014,5.33844,-8.24683
-0.377656,372.467,0.0014521,-2.78933,0.24023,5.28249,-8.16041
-0.377656,372.467,0.00145235,-2.71448,0.304498,5.2057,-8.04178
-0.377656,372.467,0.00145259,-2.62892,0.367564,5.10836,-7.89141
-0.377656,372.467,0.00145284,-2.53298,0.429179,4.99086,-7.70989
-0.377656,372.467,0.00145309,-2.42705,0.489101,4.85366,-7.49795
-0.377656,372.467,0.00145333,-2.31154,0.547093,4.69731,-7.25642
-0.377656,372.467,0.00145358,-2.18691,0.602925,4.52242,-6.98625
-0.377656,372.467,0.00145383,-2.05364,0.656378,4.32969,-6.68851
-0.377656,372.467,0.00145407,-1.91227,0.707241,4.11986,-6.36437
-0.377656,372.467,0.00145432,-1.76336,0.755312,3.89378,-6.01512
-0.377656,372.467,0.00145457,-1.60748,0.800402,3.65233,-5.64213
-0.377656,372.467,0.00145481,-1.44526,0.842334,3.39646,-5.24687
-0.377656,372.467,0.00145506,-1.27734,0.880941,3.12719,-4.8309
-0.377656,372.467,0.00145531,-1.10437,0.916072,2.84558,-4.39587
-0.377656,372.467,0.00145556,-0.927051,0.947587,2.55274,-3.94348
-0.377656,372.467,0.0014558,-0.74607,0.975363,2.24983,-3.47554
-0.377656,372.467,0.00145605,-0.562144,0.999289,1.93803,-2.99388
-0.377656,372.467,0.0014563,-0.376,1.01927,1.61859,-2.5004
-0.377656,372.467,0.00145654,-0.188372,1.03523,1.29276,-1.99706
-0.377656,372.467,0.00145679,-2.35198e-013,1.04711,0.961827,-1.48583
-0.377656,372.467,0.00145704,0.188372,1.05485,0.627099,-0.968744
-0.377656,372.467,0.00145728,0.376,1.05843,0.289895,-0.447831
-0.377656,372.467,0.00145753,0.562144,1.05783,-0.0484521,0.074849
-0.377656,372.467,0.00145778,0.74607,1.05306,-0.386608,0.597234
-0.377656,372.467,0.00145802,0.927051,1.04413,-0.723239,1.11726
-0.377656,372.467,0.00145827,1.10437,1.03108,-1.05701,1.63288
-0.377656,372.467,0.00145852,1.27734,1.01396,-1.38662,2.14205
-0.377656,372.467,0.00145877,1.44526,0.992838,-1.71075,2.64277
-0.377656,372.467,0.00145901,1.60748,0.9678,-2.02813,3.13306
-0.377656,372.467,0.00145926,1.76336,0.938942,-2.33751,3.61099
-0.377656,372.467,0.00145951,1.91227,0.906378,-2.63766,4.07467
-0.377656,372.467,0.00145975,2.05364,0.870237,-2.9274,4.52226
-0.377656,372.467,0.00146,2.18691,0.830662,-3.20559,4.95201
-0.377656,372.467,0.00146025,2.31154,0.787809,-3.47113,5.36221
-0.377656,372.467,0.00146049,2.42705,0.741846,-3.72297,5.75125
-0.377656,372.467,0.00146074,2.53298,0.692956,-3.96011,6.11759
-0.377656,372.467,0.00146099,2.62892,0.641331,-4.18163,6.4598
-0.377656,372.467,0.00146123,2.71448,0.587175,-4.38664,6.7765
-0.377656,372.467,0.00146148,2.78933,0.530701,-4.57435,7.06646
-0.377656,372.467,0.00146173,2.85317,0.472133,-4.744,7.32854
-0.377656,372.467,0.00146198,2.90575,0.411702,-4.89492,7.56169
-0.377656,372.467,0.00146222,2.94686,0.349646,-5.02653,7.765
-0.377656,372.467,0.00146247,2.97634,0.28621,-5.1383,7.93767
-0.377656,372.467,0.00146272,2.99408,0.221645,-5.2298,8.079
-0.377656,372.467,0.00146296,3,0.156205,-5.30065,8.18846
-0.377656,372.467,0.00146321,2.99408,0.0901483,-5.35058,8.2656
-0.377656,372.467,0.00146346,2.97634,0.0237359,-5.3794,8.31011
-0.377656,372.467,0.0014637,2.94686,-0.0427701,-5.38699,8.32184
-0.377656,372.467,0.00146395,2.90575,-0.109107,-5.37332,8.30071
-0.377656,372.467,0.0014642,2.85317,-0.175014,-5.33844,8.24683
-0.377656,372.467,0.00146444,2.78933,-0.24023,-5.28249,8.16041
-0.377656,372.467,0.00146469,2.71448,-0.304498,-5.2057,8.04178
-0.377656,372.467,0.00146494,2.62892,-0.367564,-5.10836,7.89141
-0.377656,372.467,0.00146519,2.53298,-0.429179,-4.99086,7.70989
-0.377656,372.467,0.00146543,2.42705,-0.489101,-4.85366,7.49795
-0.377656,372.467,0.00146568,2.31154,-0.547093,-4.69731,7.25642
-0.377656,372.467,0.00146593,2.18691,-0.602925,-4.52242,6.98625
-0.377656,372.467,0.00146617,2.05364,-0.656378,-4.32969,6.68851
-0.377656,372.467,0.00146642,1.91227,-0.707241,-4.11986,6.36437
-0.377656,372.467,0.00146667,1.76336,-0.755312,-3.89378,6.01512
-0.377656,372.467,0.00146691,1.60748,-0.800402,-3.65233,5.64213
-0.377656,372.467,0.00146716,1.44526,-0.842334,-3.39646,5.24687
-0.377656,372.467,0.00146741,1.27734,-0.880941,-3.12719,4.8309
-0.377656,372.467,0.00146765,1.10437,-0.916072,-2.84558,4.39587
-0.377656,372.467,0.0014679,0.927051,-0.947587,-2.55274,3.94348
-0.377656,372.467,0.00146815,0.74607,-0.975363,-2.24983,3.47554
-0.377656,372.467,0.0014684,0.562144,-0.999289,-1.93803,2.99388
-0.377656,372.467,0.00146864,0.376,-1.01927,-1.61859,2.5004
-0.377656,372.467,0.00146889,0.188372,-1.03523,-1.29276,1.99706
-0.377656,372.467,0.00146914,2.67539e-013,-1.04711,-0.961827,1.48583
-0.377656,372.467,0.00146938,-0.188372,-1.05485,-0.627099,0.968744
-0.377656,372.467,0.00146963,-0.376,-1.05843,-0.289895,0.447831
-0.377656,372.467,0.00146988,-0.562144,-1.05783,0.0484521,-0.074849
-0.377656,372.467,0.00147012,-0.74607,-1.05306,0.386608,-0.597234
-0.377656,372.467,0.00147037,-0.927051,-1.04413,0.723239,-1.11726
-0.377656,372.467,0.00147062,-1.10437,-1.03108,1.05701,-1.63288
-0.377656,372.467,0.00147086,-1.27734,-1.01396,1.38662,-2.14205
-0.377656,372.467,0.00147111,-1.44526,-0.992838,1.71075,-2.64277
-0.377656,372.467,0.00147136,-1.60748,-0.9678,2.02813,-3.13306
-0.377656,372.467,0.0014716,-1.76336,-0.938942,2.33751,-3.61099
-0.377656,372.467,0.00147185,-1.91227,-0.906378,2.63766,-4.07467
-0.377656,372.467,0.0014721,-2.05364,-0.870237,2.9274,-4.52226
-0.377656,372.467,0.00147235,-2.18691,-0.830662,3.20559,-4.95201
-0.377656,372.467,0.00147259,-2.31154,-0.787809,3.47113,-5.36221
-0.377656,372.467,0.00147284,-2.42705,-0.741846,3.72297,-5.75125
-0.377656,372.467,0.00147309,-2.53298,-0.692956,3.96011,-6.11759
-0.377656,372.467,0.00147333,-2.62892,-0.641331,4.18163,-6.4598
-0.377656,372.467,0.00147358,-2.71448,-0.587175,4.38664,-6.7765
-0.377656,372.467,0.00147383,-2.78933,-0.530701,4.57435,-7.06646
-0.377656,372.467,0.00147407,-2.85317,-0.472133,4.744,-7.32854
-0.377656,372.467,0.00147432,-2.90575,-0.411702,4.89492,-7.56169
-0.377656,372.467,0.00147457,-2.94686,-0.349646,5.02653,-7.765
-0.377656,372.467,0.00147481,-2.97634,-0.28621,5.1383,-7.93767
-0.377656,372.467,0.00147506,-2.99408,-0.221645,5.2298,-8.079
-0.377656,372.467,0.00147531,-3,-0.156205,5.30065,-8.18846
-0.377656,372.467,0.00147556,-2.99408,-0.0901483,5.35058,-8.2656
-0.377656,372.467,0.0014758,-2.97634,-0.0237359,5.3794,-8.31011
-0.377656,372.467,0.00147605,-2.94686,0.0427701,5.38699,-8.32184
-0.377656,372.467,0.0014763,-2.90575,0.109107,5.37332,-8.30071
-0.377656,372.467,0.00147654,-2.85317,0.175014,5.33844,-8.24683
-0.377656,372.467,0.00147679,-2.78933,0.24023,5.28249,-8.16041
-0.377656,372.467,0.00147704,-2.71448,0.304498,5.2057,-8.04178
-0.377656,372.467,0.00147728,-2.62892,0.367564,5.10836,-7.89141
-0.377656,372.467,0.00147753,-2.53298,0.429179,4.99086,-7.70989
-0.377656,372.467,0.00147778,-2.42705,0.489101,4.85366,-7.49795
-0.377656,372.467,0.00147802,-2.31154,0.547093,4.69731,-7.25642
-0.377656,372.467,0.00147827,-2.18691,0.602925,4.52242,-6.98625
-0.377656,372.467,0.00147852,-2.05364,0.656378,4.32969,-6.68851
-0.377656,372.467,0.00147877,-1.91227,0.707241,4.11986,-6.36437
-0.377656,372.467,0.00147901,-1.76336,0.755312,3.89378,-6.01512
-0.377656,372.467,0.00147926,-1.60748,0.800402,3.65233,-5.64213
-0.377656,372.467,0.00147951,-1.44526,0.842334,3.39646,-5.24687
-0.377656,372.467,0.00147975,-1.27734,0.880941,3.12719,-4.8309
-0.377656,372.467,0.00148,-1.10437,0.916072,2.84558,-4.39587
-0.377656,372.467,0.00148025,-0.927051,0.947587,2.55274,-3.94348
-0.377656,372.467,0.00148049,-0.74607,0.975363,2.24983,-3.47554
-0.377656,372.467,0.00148074,-0.562144,0.999289,1.93803,-2.99388
-0.377656,372.467,0.00148099,-0.376,1.01927,1.61859,-2.5004
-0.377656,372.467,0.00148123,-0.188372,1.03523,1.29276,-1.99706
-0.377656,372.467,0.00148148,-2.99881e-013,1.04711,0.961827,-1.48583
