Amp, Phaseshift, Time, Vd, Vr, VL, VC
0.285139,372.153,0,0,0,0,0
0.285139,372.153,1.37931e-007,0.188372,0.00129911,0.188372,0
0.285139,372.153,2.75862e-007,0.376,0.00388326,0.374701,0.000358376
0.285139,372.153,4.13793e-007,0.562144,0.00773086,0.557902,0.00142962
0.285139,372.153,5.51724e-007,0.74607,0.012813,0.736909,0.00356227
0.285139,372.153,6.89655e-007,0.927051,0.0190935,0.910676,0.00709689
0.285139,372.153,8.27586e-007,1.10437,0.0265293,1.07818,0.0123641
0.285139,372.153,9.65517e-007,1.27734,0.0350703,1.23844,0.0196825
0.285139,372.153,1.10345e-006,1.44526,0.04466,1.39051,0.029357
0.285139,372.153,1.24138e-006,1.60748,0.0552356,1.53346,0.041677
0.285139,372.153,1.37931e-006,1.76336,0.0667283,1.66644,0.0569144
0.285139,372.153,1.51724e-006,1.91227,0.0790637,1.78863,0.0753222
0.285139,372.153,1.65517e-006,2.05364,0.092162,1.89926,0.0971329
0.285139,372.153,1.7931e-006,2.18691,0.105939,1.99761,0.122557
0.285139,372.153,1.93103e-006,2.31154,0.120304,2.08304,0.151781
0.285139,372.153,2.06897e-006,2.42705,0.135166,2.15497,0.184969
0.285139,372.153,2.2069e-006,2.53298,0.150427,2.21285,0.222256
0.285139,372.153,2.34483e-006,2.62892,0.165988,2.25624,0.263753
0.285139,372.153,2.48276e-006,2.71448,0.181744,2.28474,0.309543
0.285139,372.153,2.62069e-006,2.78933,0.197593,2.29804,0.359679
0.285139,372.153,2.75862e-006,2.85317,0.213427,2.2959,0.414188
0.285139,372.153,2.89655e-006,2.90575,0.229138,2.27814,0.473064
0.285139,372.153,3.03448e-006,2.94686,0.244618,2.24466,0.536274
0.285139,372.153,3.17241e-006,2.97634,0.259759,2.19545,0.603755
0.285139,372.153,3.31034e-006,2.99408,0.274453,2.13057,0.675413
0.285139,372.153,3.44828e-006,3,0.288592,2.05013,0.751124
0.285139,372.153,3.58621e-006,2.99408,0.30207,1.95436,0.830736
0.285139,372.153,3.72414e-006,2.97634,0.314784,1.84354,0.914066
0.285139,372.153,3.86207e-006,2.94686,0.326633,1.71801,1.0009
0.285139,372.153,4e-006,2.90575,0.337517,1.57821,1.09101
0.285139,372.153,4.13793e-006,2.85317,0.347342,1.42464,1.18412
0.285139,372.153,4.27586e-006,2.78933,0.356017,1.25787,1.27993
0.285139,372.153,4.41379e-006,2.71448,0.363455,1.07853,1.37815
0.285139,372.153,4.55172e-006,2.62892,0.369575,0.887319,1.47841
0.285139,372.153,4.68966e-006,2.53298,0.374299,0.684999,1.58036
0.285139,372.153,4.82759e-006,2.42705,0.377557,0.472391,1.68362
0.285139,372.153,4.96552e-006,2.31154,0.379283,0.250367,1.78777
0.285139,372.153,5.10345e-006,2.18691,0.37942,0.0198529,1.8924
0.285139,372.153,5.24138e-006,2.05364,0.377915,-0.218178,1.99707
0.285139,372.153,5.37931e-006,1.91227,0.374724,-0.462711,2.10132
0.285139,372.153,5.51724e-006,1.76336,0.369809,-0.712688,2.20469
0.285139,372.153,5.65517e-006,1.60748,0.36314,-0.967021,2.30671
0.285139,372.153,5.7931e-006,1.44526,0.354695,-1.22459,2.40688
0.285139,372.153,5.93103e-006,1.27734,0.344459,-1.48424,2.50473
0.285139,372.153,6.06897e-006,1.10437,0.332425,-1.74482,2.59975
0.285139,372.153,6.2069e-006,0.927051,0.318597,-2.00513,2.69146
0.285139,372.153,6.34483e-006,0.74607,0.302983,-2.26399,2.77935
0.285139,372.153,6.48276e-006,0.562144,0.285603,-2.52019,2.86293
0.285139,372.153,6.62069e-006,0.376,0.266482,-2.77253,2.94172
0.285139,372.153,6.75862e-006,0.188372,0.245655,-3.01983,3.01523
0.285139,372.153,6.89655e-006,1.69965e-015,0.223166,-3.26088,3.08299
0.285139,372.153,7.03448e-006,-0.188372,0.199066,-3.49453,3.14456
0.285139,372.153,7.17241e-006,-0.376,0.173414,-3.71962,3.19947
0.285139,372.153,7.31034e-006,-0.562144,0.146275,-3.93503,3.24731
0.285139,372.153,7.44828e-006,-0.74607,0.117726,-4.13966,3.28766
0.285139,372.153,7.58621e-006,-0.927051,0.0878472,-4.33244,3.32014
0.285139,372.153,7.72414e-006,-1.10437,0.0567275,-4.51236,3.34437
0.285139,372.153,7.86207e-006,-1.27734,0.0244624,-4.67844,3.36002
0.285139,372.153,8e-006,-1.44526,-0.00884616,-4.82975,3.36677
0.285139,372.153,8.13793e-006,-1.60748,-0.0430903,-4.9654,3.36433
0.285139,372.153,8.27586e-006,-1.76336,-0.0781565,-5.0846,3.35244
0.285139,372.153,8.41379e-006,-1.91227,-0.113926,-5.18656,3.33088
0.285139,372.153,8.55172e-006,-2.05364,-0.150275,-5.2706,3.29945
0.285139,372.153,8.68966e-006,-2.18691,-0.187075,-5.33609,3.258
0.285139,372.153,8.82759e-006,-2.31154,-0.224196,-5.38246,3.20639
0.285139,372.153,8.96552e-006,-2.42705,-0.261501,-5.40925,3.14455
0.285139,372.153,9.10345e-006,-2.53298,-0.298853,-5.41603,3.07241
0.285139,372.153,9.24138e-006,-2.62892,-0.336111,-5.40247,2.98996
0.285139,372.153,9.37931e-006,-2.71448,-0.373134,-5.36833,2.89724
0.285139,372.153,9.51724e-006,-2.78933,-0.409779,-5.31344,2.79431
0.285139,372.153,9.65517e-006,-2.85317,-0.445901,-5.2377,2.68127
0.285139,372.153,9.7931e-006,-2.90575,-0.481357,-5.14112,2.55826
0.285139,372.153,9.93103e-006,-2.94686,-0.516003,-5.02377,2.42547
0.285139,372.153,1.0069e-005,-2.97634,-0.549699,-4.88581,2.28313
0.285139,372.153,1.02069e-005,-2.99408,-0.582302,-4.72751,2.13149
0.285139,372.153,1.03448e-005,-3,-0.613676,-4.54918,1.97085
0.285139,372.153,1.04828e-005,-2.99408,-0.643685,-4.35126,1.80156
0.285139,372.153,1.06207e-005,-2.97634,-0.672196,-4.13422,1.62399
0.285139,372.153,1.07586e-005,-2.94686,-0.699084,-3.89866,1.43856
0.285139,372.153,1.08966e-005,-2.90575,-0.724223,-3.64523,1.24571
0.285139,372.153,1.10345e-005,-2.85317,-0.747497,-3.37466,1.04592
0.285139,372.153,1.11724e-005,-2.78933,-0.768792,-3.08776,0.839717
0.285139,372.153,1.13103e-005,-2.71448,-0.788001,-2.78541,0.627637
0.285139,372.153,1.14483e-005,-2.62892,-0.805026,-2.46856,0.410257
0.285139,372.153,1.15862e-005,-2.53298,-0.819772,-2.13822,0.188181
0.285139,372.153,1.17241e-005,-2.42705,-0.832155,-1.79546,-0.037963
0.285139,372.153,1.18621e-005,-2.31154,-0.842095,-1.44142,-0.267523
0.285139,372.153,1.2e-005,-2.18691,-0.849525,-1.07729,-0.499825
0.285139,372.153,1.21379e-005,-2.05364,-0.854382,-0.704291,-0.734177
0.285139,372.153,1.22759e-005,-1.91227,-0.856615,-0.323713,-0.969868
0.285139,372.153,1.24138e-005,-1.76336,-0.856179,0.0631275,-1.20618
0.285139,372.153,1.25517e-005,-1.60748,-0.853042,0.454875,-1.44236
0.285139,372.153,1.26897e-005,-1.44526,-0.847179,0.850145,-1.67769
0.285139,372.153,1.28276e-005,-1.27734,-0.838576,1.24753,-1.91139
0.285139,372.153,1.29655e-005,-1.10437,-0.827227,1.64559,-2.14272
0.285139,372.153,1.31034e-005,-0.927051,-0.813138,2.0429,-2.37092
0.285139,372.153,1.32414e-005,-0.74607,-0.796324,2.43799,-2.59524
0.285139,372.153,1.33793e-005,-0.562144,-0.776811,2.82942,-2.81491
0.285139,372.153,1.35172e-005,-0.376,-0.754633,3.21572,-3.0292
0.285139,372.153,1.36552e-005,-0.188372,-0.729837,3.59547,-3.23738
0.285139,372.153,1.37931e-005,-3.3993e-015,-0.702477,3.96722,-3.43871
0.285139,372.153,1.3931e-005,0.188372,-0.672618,4.32956,-3.6325
0.285139,372.153,1.4069e-005,0.376,-0.640334,4.68112,-3.81805
0.285139,372.153,1.42069e-005,0.562144,-0.60571,5.02053,-3.99469
0.285139,372.153,1.43448e-005,0.74607,-0.568838,5.34647,-4.16179
0.285139,372.153,1.44828e-005,0.927051,-0.529819,5.65767,-4.31871
0.285139,372.153,1.46207e-005,1.10437,-0.488765,5.9529,-4.46486
0.285139,372.153,1.47586e-005,1.27734,-0.445793,6.23097,-4.5997
0.285139,372.153,1.48966e-005,1.44526,-0.401029,6.49075,-4.72267
0.285139,372.153,1.50345e-005,1.60748,-0.354607,6.73118,-4.8333
0.285139,372.153,1.51724e-005,1.76336,-0.306667,6.95126,-4.93112
0.285139,372.153,1.53103e-005,1.91227,-0.257356,7.15006,-5.01572
0.285139,372.153,1.54483e-005,2.05364,-0.206827,7.32672,-5.08672
0.285139,372.153,1.55862e-005,2.18691,-0.155238,7.48045,-5.14377
0.285139,372.153,1.57241e-005,2.31154,-0.102751,7.61055,-5.1866
0.285139,372.153,1.58621e-005,2.42705,-0.0495349,7.7164,-5.21494
0.285139,372.153,1.6e-005,2.53298,0.00424065,7.79746,-5.22861
0.285139,372.153,1.61379e-005,2.62892,0.0584012,7.85329,-5.22744
0.285139,372.153,1.62759e-005,2.71448,0.11277,7.88352,-5.21133
0.285139,372.153,1.64138e-005,2.78933,0.16717,7.88789,-5.18022
0.285139,372.153,1.65517e-005,2.85317,0.221419,7.86622,-5.1341
0.285139,372.153,1.66897e-005,2.90575,0.27534,7.81843,-5.07302
0.285139,372.153,1.68276e-005,2.94686,0.32875,7.74454,-4.99706
0.285139,372.153,1.69655e-005,2.97634,0.381472,7.64466,-4.90637
0.285139,372.153,1.71034e-005,2.99408,0.433327,7.51898,-4.80114
0.285139,372.153,1.72414e-005,3,0.48414,7.36781,-4.6816
0.285139,372.153,1.73793e-005,2.99408,0.533736,7.19154,-4.54805
0.285139,372.153,1.75172e-005,2.97634,0.581948,6.99065,-4.40081
0.285139,372.153,1.76552e-005,2.94686,0.628608,6.76572,-4.24027
0.285139,372.153,1.77931e-005,2.90575,0.673556,6.51741,-4.06686
0.285139,372.153,1.7931e-005,2.85317,0.716635,6.24648,-3.88105
0.285139,372.153,1.8069e-005,2.78933,0.757695,5.95375,-3.68336
0.285139,372.153,1.82069e-005,2.71448,0.796593,5.64015,-3.47434
0.285139,372.153,1.83448e-005,2.62892,0.83319,5.30667,-3.25459
0.285139,372.153,1.84828e-005,2.53298,0.867359,4.95439,-3.02475
0.285139,372.153,1.86207e-005,2.42705,0.898975,4.58444,-2.78548
0.285139,372.153,1.87586e-005,2.31154,0.927927,4.19804,-2.53748
0.285139,372.153,1.88966e-005,2.18691,0.95411,3.79646,-2.2815
0.285139,372.153,1.90345e-005,2.05364,0.977427,3.38103,-2.0183
0.285139,372.153,1.91724e-005,1.91227,0.997794,2.95314,-1.74867
0.285139,372.153,1.93103e-005,1.76336,1.01513,2.51423,-1.47341
0.285139,372.153,1.94483e-005,1.60748,1.02938,2.06576,-1.19337
0.285139,372.153,1.95862e-005,1.44526,1.04048,1.60926,-0.909408
0.285139,372.153,1.97241e-005,1.27734,1.04838,1.14627,-0.622379
0.285139,372.153,1.98621e-005,1.10437,1.05306,0.678369,-0.33317
0.285139,372.153,2e-005,0.927051,1.05449,0.207159,-0.0426702
0.285139,372.153,2.01379e-005,0.74607,1.05266,-0.265751,0.248224
0.285139,372.153,2.02759e-005,0.562144,1.04756,-0.738738,0.538612
0.285139,372.153,2.04138e-005,0.376,1.03922,-1.21018,0.827595
0.285139,372.153,2.05517e-005,0.188372,1.02764,-1.67844,1.11428
0.285139,372.153,2.06897e-005,6.43122e-015,1.01287,-2.14192,1.39776
0.285139,372.153,2.08276e-005,-0.188372,0.994946,-2.599,1.67718
0.285139,372.153,2.09655e-005,-0.376,0.973924,-3.04812,1.95164
0.285139,372.153,2.11034e-005,-0.562144,0.949871,-3.48771,2.22031
0.285139,372.153,2.12414e-005,-0.74607,0.922862,-3.91625,2.48235
0.285139,372.153,2.13793e-005,-0.927051,0.892985,-4.33226,2.73693
0.285139,372.153,2.15172e-005,-1.10437,0.860334,-4.73429,2.98327
0.285139,372.153,2.16552e-005,-1.27734,0.825018,-5.12094,3.2206
0.285139,372.153,2.17931e-005,-1.44526,0.787149,-5.49088,3.44819
0.285139,372.153,2.1931e-005,-1.60748,0.746854,-5.84282,3.66534
0.285139,372.153,2.2069e-005,-1.76336,0.704264,-6.17555,3.87137
0.285139,372.153,2.22069e-005,-1.91227,0.65952,-6.4879,4.06565
0.285139,372.153,2.23448e-005,-2.05364,0.61277,-6.77881,4.24758
0.285139,372.153,2.24828e-005,-2.18691,0.564168,-7.04726,4.41662
0.285139,372.153,2.26207e-005,-2.31154,0.513876,-7.29233,4.57226
0.285139,372.153,2.27586e-005,-2.42705,0.462061,-7.51318,4.71401
0.285139,372.153,2.28966e-005,-2.53298,0.408895,-7.70906,4.84148
0.285139,372.153,2.30345e-005,-2.62892,0.354555,-7.87929,4.95428
0.285139,372.153,2.31724e-005,-2.71448,0.299222,-8.02331,5.05209
0.285139,372.153,2.33103e-005,-2.78933,0.243079,-8.14064,5.13463
0.285139,372.153,2.34483e-005,-2.85317,0.186315,-8.23088,5.20169
0.285139,372.153,2.35862e-005,-2.90575,0.129116,-8.29375,5.25308
0.285139,372.153,2.37241e-005,-2.94686,0.0716747,-8.32906,5.2887
0.285139,372.153,2.38621e-005,-2.97634,0.01418,-8.33672,5.30847
0.285139,372.153,2.4e-005,-2.99408,-0.0431768,-8.31673,5.31239
0.285139,372.153,2.41379e-005,-3,-0.100206,-8.26921,5.30048
0.285139,372.153,2.42759e-005,-2.99408,-0.156719,-8.19435,5.27283
0.285139,372.153,2.44138e-005,-2.97634,-0.212529,-8.09246,5.2296
0.285139,372.153,2.45517e-005,-2.94686,-0.267452,-7.96393,5.17097
0.285139,372.153,2.46897e-005,-2.90575,-0.321309,-7.80927,5.09719
0.285139,372.153,2.48276e-005,-2.85317,-0.373923,-7.62905,5.00855
0.285139,372.153,2.49655e-005,-2.78933,-0.425123,-7.42396,4.9054
0.285139,372.153,2.51034e-005,-2.71448,-0.474742,-7.19476,4.78813
0.285139,372.153,2.52414e-005,-2.62892,-0.52262,-6.94231,4.65716
0.285139,372.153,2.53793e-005,-2.53298,-0.568603,-6.66753,4.51299
0.285139,372.153,2.55172e-005,-2.42705,-0.612544,-6.37144,4.35614
0.285139,372.153,2.56552e-005,-2.31154,-0.654304,-6.05513,4.18716
0.285139,372.153,2.57931e-005,-2.18691,-0.69375,-5.71976,4.00666
0.285139,372.153,2.5931e-005,-2.05364,-0.730761,-5.36655,3.81528
0.285139,372.153,2.6069e-005,-1.91227,-0.765222,-4.99679,3.61369
0.285139,372.153,2.62069e-005,-1.76336,-0.797027,-4.61183,3.4026
0.285139,372.153,2.63448e-005,-1.60748,-0.826083,-4.21305,3.18273
0.285139,372.153,2.64828e-005,-1.44526,-0.852303,-3.80191,2.95484
0.285139,372.153,2.66207e-005,-1.27734,-0.875612,-3.37988,2.71972
0.285139,372.153,2.67586e-005,-1.10437,-0.895947,-2.94849,2.47818
0.285139,372.153,2.68966e-005,-0.927051,-0.913252,-2.50928,2.23102
0.285139,372.153,2.70345e-005,-0.74607,-0.927486,-2.06384,1.97909
0.285139,372.153,2.71724e-005,-0.562144,-0.938615,-1.61375,1.72323
0.285139,372.153,2.73103e-005,-0.376,-0.946619,-1.16061,1.4643
0.285139,372.153,2.74483e-005,-0.188372,-0.951488,-0.706054,1.20316
0.285139,372.153,2.75862e-005,-6.7986e-015,-0.953224,-0.251676,0.940685
0.285139,372.153,2.77241e-005,0.188372,-0.951838,0.20091,0.677727
0.285139,372.153,2.78621e-005,0.376,-0.947355,0.650111,0.415151
0.285139,372.153,2.8e-005,0.562144,-0.939808,1.09435,0.153811
0.285139,372.153,2.81379e-005,0.74607,-0.929242,1.53207,-0.105446
0.285139,372.153,2.82759e-005,0.927051,-0.915713,1.96174,-0.361788
0.285139,372.153,2.84138e-005,1.10437,-0.899286,2.38187,-0.614399
0.285139,372.153,2.85517e-005,1.27734,-0.880037,2.79102,-0.862478
0.285139,372.153,2.86897e-005,1.44526,-0.858053,3.18778,-1.10525
0.285139,372.153,2.88276e-005,1.60748,-0.833427,3.57078,-1.34195
0.285139,372.153,2.89655e-005,1.76336,-0.806263,3.93873,-1.57186
0.285139,372.153,2.91034e-005,1.91227,-0.776674,4.2904,-1.79428
0.285139,372.153,2.92414e-005,2.05364,-0.74478,4.62459,-2.00853
0.285139,372.153,2.93793e-005,2.18691,-0.71071,4.94022,-2.21399
0.285139,372.153,2.95172e-005,2.31154,-0.674598,5.23624,-2.41005
0.285139,372.153,2.96552e-005,2.42705,-0.636586,5.5117,-2.59614
0.285139,372.153,2.97931e-005,2.53298,-0.596823,5.76571,-2.77175
0.285139,372.153,2.9931e-005,2.62892,-0.55546,5.9975,-2.93639
0.285139,372.153,3.0069e-005,2.71448,-0.512658,6.20634,-3.08963
0.285139,372.153,3.02069e-005,2.78933,-0.468578,6.39161,-3.23105
0.285139,372.153,3.03448e-005,2.85317,-0.423386,6.5528,-3.36031
0.285139,372.153,3.04828e-005,2.90575,-0.377252,6.68945,-3.47711
0.285139,372.153,3.06207e-005,2.94686,-0.330347,6.80122,-3.58118
0.285139,372.153,3.07586e-005,2.97634,-0.282845,6.88787,-3.67231
0.285139,372.153,3.08966e-005,2.99408,-0.234919,6.94923,-3.75033
0.285139,372.153,3.10345e-005,3,-0.186745,6.98525,-3.81514
0.285139,372.153,3.11724e-005,2.99408,-0.138497,6.99596,-3.86665
0.285139,372.153,3.13103e-005,2.97634,-0.0903486,6.9815,-3.90486
0.285139,372.153,3.14483e-005,2.94686,-0.0424722,6.94207,-3.92978
0.285139,372.153,3.15862e-005,2.90575,0.0049623,6.87801,-3.9415
0.285139,372.153,3.17241e-005,2.85317,0.0517879,6.78971,-3.94013
0.285139,372.153,3.18621e-005,2.78933,0.0978408,6.67767,-3.92585
0.285139,372.153,3.2e-005,2.71448,0.142961,6.54249,-3.89886
0.285139,372.153,3.21379e-005,2.62892,0.186995,6.38481,-3.85942
0.285139,372.153,3.22759e-005,2.53298,0.22979,6.20541,-3.80783
0.285139,372.153,3.24138e-005,2.42705,0.271205,6.00509,-3.74444
0.285139,372.153,3.25517e-005,2.31154,0.3111,5.78478,-3.66963
0.285139,372.153,3.26897e-005,2.18691,0.349344,5.54543,-3.58381
0.285139,372.153,3.28276e-005,2.05364,0.385814,5.2881,-3.48744
0.285139,372.153,3.29655e-005,1.91227,0.420393,5.01389,-3.381
0.285139,372.153,3.31034e-005,1.76336,0.452972,4.72397,-3.26503
0.285139,372.153,3.32414e-005,1.60748,0.483451,4.41954,-3.14008
0.285139,372.153,3.33793e-005,1.44526,0.51174,4.10189,-3.00671
0.285139,372.153,3.35172e-005,1.27734,0.537756,3.77231,-2.86554
0.285139,372.153,3.36552e-005,1.10437,0.561426,3.43216,-2.71719
0.285139,372.153,3.37931e-005,0.927051,0.582687,3.08282,-2.56232
0.285139,372.153,3.3931e-005,0.74607,0.601485,2.7257,-2.40158
0.285139,372.153,3.4069e-005,0.562144,0.617776,2.36224,-2.23565
0.285139,372.153,3.42069e-005,0.376,0.631527,1.99387,-2.06523
0.285139,372.153,3.43448e-005,0.188372,0.642714,1.62207,-1.89101
0.285139,372.153,3.44828e-005,7.16598e-015,0.651323,1.2483,-1.71371
0.285139,372.153,3.46207e-005,-0.188372,0.65735,0.87402,-1.53404
0.285139,372.153,3.47586e-005,-0.376,0.660803,0.500689,-1.3527
0.285139,372.153,3.48966e-005,-0.562144,0.661698,0.129754,-1.17041
0.285139,372.153,3.50345e-005,-0.74607,0.660061,-0.237358,-0.987873
0.285139,372.153,3.51724e-005,-0.927051,0.655929,-0.599239,-0.805787
0.285139,372.153,3.53103e-005,-1.10437,0.649346,-0.954515,-0.624841
0.285139,372.153,3.54483e-005,-1.27734,0.640368,-1.30184,-0.445711
0.285139,372.153,3.55862e-005,-1.44526,0.629058,-1.63992,-0.269058
0.285139,372.153,3.57241e-005,-1.60748,0.615489,-1.96748,-0.095525
0.285139,372.153,3.58621e-005,-1.76336,0.599742,-2.28332,0.0742651
0.285139,372.153,3.6e-005,-1.91227,0.581906,-2.58628,0.239711
0.285139,372.153,3.61379e-005,-2.05364,0.562076,-2.87526,0.400237
0.285139,372.153,3.62759e-005,-2.18691,0.540357,-3.14922,0.555292
0.285139,372.153,3.64138e-005,-2.31154,0.51686,-3.40719,0.704356
0.285139,372.153,3.65517e-005,-2.42705,0.491699,-3.64827,0.846938
0.285139,372.153,3.66897e-005,-2.53298,0.464998,-3.87162,0.982579
0.285139,372.153,3.68276e-005,-2.62892,0.436884,-4.0765,1.11085
0.285139,372.153,3.69655e-005,-2.71448,0.40749,-4.26222,1.23137
0.285139,372.153,3.71034e-005,-2.78933,0.376951,-4.42819,1.34379
0.285139,372.153,3.72414e-005,-2.85317,0.345406,-4.57391,1.44777
0.285139,372.153,3.73793e-005,-2.90575,0.313,-4.69893,1.54306
0.285139,372.153,3.75172e-005,-2.94686,0.279876,-4.80292,1.6294
0.285139,372.153,3.76552e-005,-2.97634,0.246182,-4.88562,1.70661
0.285139,372.153,3.77931e-005,-2.99408,0.212066,-4.94687,1.77452
0.285139,372.153,3.7931e-005,-3,0.177676,-4.98659,1.83302
0.285139,372.153,3.8069e-005,-2.99408,0.14316,-5.00478,1.88204
0.285139,372.153,3.82069e-005,-2.97634,0.108667,-5.00154,1.92153
0.285139,372.153,3.83448e-005,-2.94686,0.0743422,-4.97706,1.95151
0.285139,372.153,3.84828e-005,-2.90575,0.0403312,-4.9316,1.97201
0.285139,372.153,3.86207e-005,-2.85317,0.00677595,-4.86551,1.98314
0.285139,372.153,3.87586e-005,-2.78933,-0.0261844,-4.77925,1.98501
0.285139,372.153,3.88966e-005,-2.71448,-0.0584141,-4.67331,1.97779
0.285139,372.153,3.90345e-005,-2.62892,-0.0897816,-4.54829,1.96167
0.285139,372.153,3.91724e-005,-2.53298,-0.12016,-4.40487,1.9369
0.285139,372.153,3.93103e-005,-2.42705,-0.149428,-4.24379,1.90376
0.285139,372.153,3.94483e-005,-2.31154,-0.177468,-4.06587,1.86254
0.285139,372.153,3.95862e-005,-2.18691,-0.204171,-3.87197,1.81358
0.285139,372.153,3.97241e-005,-2.05364,-0.229434,-3.66305,1.75726
0.285139,372.153,3.98621e-005,-1.91227,-0.253158,-3.44009,1.69396
0.285139,372.153,4e-005,-1.76336,-0.275256,-3.20416,1.62413
0.285139,372.153,4.01379e-005,-1.60748,-0.295645,-2.95635,1.54819
0.285139,372.153,4.02759e-005,-1.44526,-0.31425,-2.69781,1.46664
0.285139,372.153,4.04138e-005,-1.27734,-0.331007,-2.42972,1.37995
0.285139,372.153,4.05517e-005,-1.10437,-0.345858,-2.15331,1.28863
0.285139,372.153,4.06897e-005,-0.927051,-0.358753,-1.86983,1.19323
0.285139,372.153,4.08276e-005,-0.74607,-0.369653,-1.58054,1.09426
0.285139,372.153,4.09655e-005,-0.562144,-0.378527,-1.28675,0.992286
0.285139,372.153,4.11034e-005,-0.376,-0.385353,-0.989758,0.887864
0.285139,372.153,4.12414e-005,-0.188372,-0.390118,-0.690883,0.78156
0.285139,372.153,4.13793e-005,-1.28624e-014,-0.392818,-0.391442,0.673941
0.285139,372.153,4.15172e-005,0.188372,-0.393457,-0.0927523,0.565578
0.285139,372.153,4.16552e-005,0.376,-0.392051,0.203879,0.457038
0.285139,372.153,4.17931e-005,0.562144,-0.388622,0.497157,0.348886
0.285139,372.153,4.1931e-005,0.74607,-0.383203,0.785806,0.24168
0.285139,372.153,4.2069e-005,0.927051,-0.375834,1.06857,0.135969
0.285139,372.153,4.22069e-005,1.10437,-0.366563,1.34424,0.0322903
0.285139,372.153,4.23448e-005,1.27734,-0.355448,1.61161,-0.0688305
0.285139,372.153,4.24828e-005,1.44526,-0.342555,1.86954,-0.166885
0.285139,372.153,4.26207e-005,1.60748,-0.327956,2.11692,-0.261383
0.285139,372.153,4.27586e-005,1.76336,-0.31173,2.35269,-0.351854
0.285139,372.153,4.28966e-005,1.91227,-0.293966,2.57586,-0.437848
0.285139,372.153,4.30345e-005,2.05364,-0.274756,2.78546,-0.518942
0.285139,372.153,4.31724e-005,2.18691,-0.2542,2.9806,-0.594737
0.285139,372.153,4.33103e-005,2.31154,-0.232403,3.16048,-0.664861
0.285139,372.153,4.34483e-005,2.42705,-0.209477,3.32432,-0.728972
0.285139,372.153,4.35862e-005,2.53298,-0.185536,3.47143,-0.786759
0.285139,372.153,4.37241e-005,2.62892,-0.1607,3.60122,-0.837941
0.285139,372.153,4.38621e-005,2.71448,-0.135092,3.71312,-0.882272
0.285139,372.153,4.4e-005,2.78933,-0.108839,3.80669,-0.919539
0.285139,372.153,4.41379e-005,2.85317,-0.08207,3.88155,-0.949564
0.285139,372.153,4.42759e-005,2.90575,-0.0549157,3.93738,-0.972204
0.285139,372.153,4.44138e-005,2.94686,-0.0275089,3.97398,-0.987353
0.285139,372.153,4.45517e-005,2.97634,1.66679e-005,3.99121,-0.994942
0.285139,372.153,4.46897e-005,2.99408,0.027527,3.98901,-0.994937
0.285139,372.153,4.48276e-005,3,0.0548885,3.96741,-0.987343
0.285139,372.153,4.49655e-005,2.99408,0.0819681,3.92654,-0.972202
0.285139,372.153,4.51034e-005,2.97634,0.108634,3.86658,-0.94959
0.285139,372.153,4.52414e-005,2.94686,0.134757,3.78782,-0.919622
0.285139,372.153,4.53793e-005,2.90575,0.160209,3.69061,-0.882448
0.285139,372.153,4.55172e-005,2.85317,0.184867,3.57541,-0.838252
0.285139,372.153,4.56552e-005,2.78933,0.20861,3.44271,-0.787254
0.285139,372.153,4.57931e-005,2.71448,0.231322,3.29312,-0.729706
0.285139,372.153,4.5931e-005,2.62892,0.252889,3.1273,-0.665893
0.285139,372.153,4.6069e-005,2.53298,0.273206,2.94599,-0.596131
0.285139,372.153,4.62069e-005,2.42705,0.292172,2.74998,-0.520764
0.285139,372.153,4.63448e-005,2.31154,0.30969,2.54013,-0.440165
0.285139,372.153,4.64828e-005,2.18691,0.325672,2.31738,-0.354733
0.285139,372.153,4.66207e-005,2.05364,0.340035,2.0827,-0.264892
0.285139,372.153,4.67586e-005,1.91227,0.352705,1.83713,-0.17109
0.285139,372.153,4.68966e-005,1.76336,0.363614,1.58174,-0.0737916
0.285139,372.153,4.70345e-005,1.60748,0.372701,1.31766,0.0265156
0.285139,372.153,4.71724e-005,1.44526,0.379915,1.04604,0.12933
0.285139,372.153,4.73103e-005,1.27734,0.385212,0.768093,0.234134
0.285139,372.153,4.74483e-005,1.10437,0.388557,0.485028,0.340399
0.285139,372.153,4.75862e-005,0.927051,0.389923,0.198095,0.447587
0.285139,372.153,4.77241e-005,0.74607,0.389293,-0.0914412,0.555153
0.285139,372.153,4.78621e-005,0.562144,0.386656,-0.382301,0.662544
0.285139,372.153,4.8e-005,0.376,0.382013,-0.6732,0.769207
0.285139,372.153,4.81379e-005,0.188372,0.375373,-0.962849,0.87459
0.285139,372.153,4.82759e-005,1.32298e-014,0.366753,-1.24996,0.978142
0.285139,372.153,4.84138e-005,-0.188372,0.356178,-1.53327,1.07931
0.285139,372.153,4.85517e-005,-0.376,0.343685,-1.81149,1.17757
0.285139,372.153,4.86897e-005,-0.562144,0.329317,-2.0834,1.27238
0.285139,372.153,4.88276e-005,-0.74607,0.313126,-2.34777,1.36323
0.285139,372.153,4.89655e-005,-0.927051,0.295171,-2.6034,1.44961
0.285139,372.153,4.91034e-005,-1.10437,0.275522,-2.84915,1.53103
0.285139,372.153,4.92414e-005,-1.27734,0.254254,-3.08389,1.60704
0.285139,372.153,4.93793e-005,-1.44526,0.23145,-3.30655,1.67718
0.285139,372.153,4.95172e-005,-1.60748,0.207201,-3.51611,1.74103
0.285139,372.153,4.96552e-005,-1.76336,0.181604,-3.71158,1.79818
0.285139,372.153,4.97931e-005,-1.91227,0.154762,-3.89206,1.84828
0.285139,372.153,4.9931e-005,-2.05364,0.126785,-4.05669,1.89098
0.285139,372.153,5.0069e-005,-2.18691,0.097787,-4.20467,1.92595
0.285139,372.153,5.02069e-005,-2.31154,0.0678885,-4.33528,1.95293
0.285139,372.153,5.03448e-005,-2.42705,0.0372136,-4.44787,1.97165
0.285139,372.153,5.04828e-005,-2.53298,0.00589046,-4.54185,1.98192
0.285139,372.153,5.06207e-005,-2.62892,-0.0259491,-4.61673,1.98354
0.285139,372.153,5.07586e-005,-2.71448,-0.0581703,-4.67208,1.97639
0.285139,372.153,5.08966e-005,-2.78933,-0.0906361,-4.70755,1.96034
0.285139,372.153,5.10345e-005,-2.85317,-0.123208,-4.72287,1.93534
0.285139,372.153,5.11724e-005,-2.90575,-0.155745,-4.71788,1.90135
0.285139,372.153,5.13103e-005,-2.94686,-0.188107,-4.69246,1.85838
0.285139,372.153,5.14483e-005,-2.97634,-0.220152,-4.64662,1.80649
0.285139,372.153,5.15862e-005,-2.99408,-0.251741,-4.58042,1.74576
0.285139,372.153,5.17241e-005,-3,-0.282735,-4.49402,1.67631
0.285139,372.153,5.18621e-005,-2.99408,-0.312994,-4.38766,1.59832
0.285139,372.153,5.2e-005,-2.97634,-0.342385,-4.26167,1.51198
0.285139,372.153,5.21379e-005,-2.94686,-0.370774,-4.11645,1.41752
0.285139,372.153,5.22759e-005,-2.90575,-0.398033,-3.9525,1.31524
0.285139,372.153,5.24138e-005,-2.85317,-0.424036,-3.77038,1.20544
0.285139,372.153,5.25517e-005,-2.78933,-0.448661,-3.57073,1.08846
0.285139,372.153,5.26897e-005,-2.71448,-0.471794,-3.35428,0.964696
0.285139,372.153,5.28276e-005,-2.62892,-0.493324,-3.12182,0.834546
0.285139,372.153,5.29655e-005,-2.53298,-0.513146,-2.87421,0.698456
0.285139,372.153,5.31034e-005,-2.42705,-0.531163,-2.61236,0.556899
0.285139,372.153,5.32414e-005,-2.31154,-0.547282,-2.33728,0.410371
0.285139,372.153,5.33793e-005,-2.18691,-0.56142,-2.05,0.259397
0.285139,372.153,5.35172e-005,-2.05364,-0.5735,-1.75162,0.104522
0.285139,372.153,5.36552e-005,-1.91227,-0.583454,-1.44329,-0.0536844
0.285139,372.153,5.37931e-005,-1.76336,-0.591221,-1.12622,-0.214637
0.285139,372.153,5.3931e-005,-1.60748,-0.596749,-0.801623,-0.377732
0.285139,372.153,5.4069e-005,-1.44526,-0.599996,-0.47078,-0.542353
0.285139,372.153,5.42069e-005,-1.27734,-0.600927,-0.134989,-0.707869
0.285139,372.153,5.43448e-005,-1.10437,-0.599517,0.204422,-0.873642
0.285139,372.153,5.44828e-005,-0.927051,-0.595751,0.546108,-1.03903
0.285139,372.153,5.46207e-005,-0.74607,-0.589622,0.888707,-1.20337
0.285139,372.153,5.47586e-005,-0.562144,-0.581133,1.23085,-1.36603
0.285139,372.153,5.48966e-005,-0.376,-0.570297,1.57116,-1.52634
0.285139,372.153,5.50345e-005,-0.188372,-0.557137,1.90826,-1.68366
0.285139,372.153,5.51724e-005,-1.35972e-014,-0.541683,2.2408,-1.83735
0.285139,372.153,5.53103e-005,0.188372,-0.523977,2.56741,-1.98678
0.285139,372.153,5.54483e-005,0.376,-0.504068,2.88676,-2.13133
0.285139,372.153,5.55862e-005,0.562144,-0.482016,3.19754,-2.27038
0.285139,372.153,5.57241e-005,0.74607,-0.457889,3.49847,-2.40335
0.285139,372.153,5.58621e-005,0.927051,-0.431763,3.78829,-2.52967
0.285139,372.153,5.6e-005,1.10437,-0.403723,4.0658,-2.64877
0.285139,372.153,5.61379e-005,1.27734,-0.373862,4.32983,-2.76015
0.285139,372.153,5.62759e-005,1.44526,-0.342281,4.57927,-2.86328
0.285139,372.153,5.64138e-005,1.60748,-0.309087,4.81304,-2.9577
0.285139,372.153,5.65517e-005,1.76336,-0.274397,5.03014,-3.04297
0.285139,372.153,5.66897e-005,1.91227,-0.23833,5.22964,-3.11866
0.285139,372.153,5.68276e-005,2.05364,-0.201015,5.41063,-3.18441
0.285139,372.153,5.69655e-005,2.18691,-0.162586,5.57233,-3.23986
0.285139,372.153,5.71034e-005,2.31154,-0.123179,5.71399,-3.28471
0.285139,372.153,5.72414e-005,2.42705,-0.0829377,5.83494,-3.31869
0.285139,372.153,5.73793e-005,2.53298,-0.0420094,5.93461,-3.34157
0.285139,372.153,5.75172e-005,2.62892,-0.000543839,6.0125,-3.35316
0.285139,372.153,5.76552e-005,2.71448,0.0413057,6.06819,-3.35331
0.285139,372.153,5.77931e-005,2.78933,0.0833839,6.10134,-3.34192
0.285139,372.153,5.7931e-005,2.85317,0.125534,6.1117,-3.31891
0.285139,372.153,5.8069e-005,2.90575,0.167597,6.09913,-3.28428
0.285139,372.153,5.82069e-005,2.94686,0.209414,6.06355,-3.23805
0.285139,372.153,5.83448e-005,2.97634,0.250828,6.00498,-3.18028
0.285139,372.153,5.84828e-005,2.99408,0.29168,5.92353,-3.11109
0.285139,372.153,5.86207e-005,3,0.331814,5.81941,-3.03062
0.285139,372.153,5.87586e-005,2.99408,0.371075,5.69289,-2.93909
0.285139,372.153,5.88966e-005,2.97634,0.409312,5.54436,-2.83672
0.285139,372.153,5.90345e-005,2.94686,0.446376,5.37427,-2.72381
0.285139,372.153,5.91724e-005,2.90575,0.482122,5.18318,-2.60067
0.285139,372.153,5.93103e-005,2.85317,0.51641,4.97172,-2.46767
0.285139,372.153,5.94483e-005,2.78933,0.549103,4.74059,-2.32522
0.285139,372.153,5.95862e-005,2.71448,0.580073,4.49059,-2.17374
0.285139,372.153,5.97241e-005,2.62892,0.609194,4.22259,-2.01372
0.285139,372.153,5.98621e-005,2.53298,0.636349,3.93751,-1.84566
0.285139,372.153,6e-005,2.42705,0.661428,3.63637,-1.67012
0.285139,372.153,6.01379e-005,2.31154,0.684326,3.32023,-1.48766
0.285139,372.153,6.02759e-005,2.18691,0.704948,2.99024,-1.29888
0.285139,372.153,6.04138e-005,2.05364,0.723207,2.64757,-1.10441
0.285139,372.153,6.05517e-005,1.91227,0.739025,2.29347,-0.904903
0.285139,372.153,6.06897e-005,1.76336,0.75233,1.92923,-0.701035
0.285139,372.153,6.08276e-005,1.60748,0.763062,1.55619,-0.493495
0.285139,372.153,6.09655e-005,1.44526,0.77117,1.17569,-0.282996
0.285139,372.153,6.11034e-005,1.27734,0.776613,0.789163,-0.070259
0.285139,372.153,6.12414e-005,1.10437,0.779358,0.39802,0.143979
0.285139,372.153,6.13793e-005,0.927051,0.779383,0.00371446,0.358974
0.285139,372.153,6.15172e-005,0.74607,0.776678,-0.392288,0.573976
0.285139,372.153,6.16552e-005,0.562144,0.77124,-0.78851,0.788232
0.285139,372.153,6.17931e-005,0.376,0.763078,-1.18347,1.00099
0.285139,372.153,6.1931e-005,0.188372,0.752211,-1.57569,1.21149
0.285139,372.153,6.2069e-005,1.39646e-014,0.738668,-1.9637,1.419
0.285139,372.153,6.22069e-005,-0.188372,0.722489,-2.34604,1.62277
0.285139,372.153,6.23448e-005,-0.376,0.703721,-2.72126,1.82208
0.285139,372.153,6.24828e-005,-0.562144,0.682425,-3.08794,2.01621
0.285139,372.153,6.26207e-005,-0.74607,0.658669,-3.4447,2.20446
0.285139,372.153,6.27586e-005,-0.927051,0.632529,-3.79018,2.38616
0.285139,372.153,6.28966e-005,-1.10437,0.604095,-4.12307,2.56065
0.285139,372.153,6.30345e-005,-1.27734,0.573459,-4.44209,2.7273
0.285139,372.153,6.31724e-005,-1.44526,0.540728,-4.74602,2.8855
0.285139,372.153,6.33103e-005,-1.60748,0.506013,-5.03371,3.03466
0.285139,372.153,6.34483e-005,-1.76336,0.469434,-5.30403,3.17425
0.285139,372.153,6.35862e-005,-1.91227,0.431117,-5.55596,3.30375
0.285139,372.153,6.37241e-005,-2.05364,0.391196,-5.78851,3.42268
0.285139,372.153,6.38621e-005,-2.18691,0.349811,-6.00078,3.5306
0.285139,372.153,6.4e-005,-2.31154,0.307108,-6.19195,3.6271
0.285139,372.153,6.41379e-005,-2.42705,0.263237,-6.36126,3.71182
0.285139,372.153,6.42759e-005,-2.53298,0.218354,-6.50804,3.78443
0.285139,372.153,6.44138e-005,-2.62892,0.172618,-6.63171,3.84467
0.285139,372.153,6.45517e-005,-2.71448,0.126192,-6.73177,3.89229
0.285139,372.153,6.46897e-005,-2.78933,0.079242,-6.80781,3.9271
0.285139,372.153,6.48276e-005,-2.85317,0.031935,-6.85951,3.94896
0.285139,372.153,6.49655e-005,-2.90575,-0.0155591,-6.88664,3.95777
0.285139,372.153,6.51034e-005,-2.94686,-0.0630699,-6.88907,3.95348
0.285139,372.153,6.52414e-005,-2.97634,-0.110427,-6.86675,3.93608
0.285139,372.153,6.53793e-005,-2.99408,-0.157459,-6.81973,3.90562
0.285139,372.153,6.55172e-005,-3,-0.203998,-6.74816,3.86218
0.285139,372.153,6.56552e-005,-2.99408,-0.249876,-6.65226,3.8059
0.285139,372.153,6.57931e-005,-2.97634,-0.294927,-6.53237,3.73697
0.285139,372.153,6.5931e-005,-2.94686,-0.338988,-6.38891,3.65561
0.285139,372.153,6.6069e-005,-2.90575,-0.381901,-6.22237,3.5621
0.285139,372.153,6.62069e-005,-2.85317,-0.423511,-6.03337,3.45675
0.285139,372.153,6.63448e-005,-2.78933,-0.463666,-5.82257,3.33992
0.285139,372.153,6.64828e-005,-2.71448,-0.502223,-5.59073,3.21201
0.285139,372.153,6.66207e-005,-2.62892,-0.539042,-5.3387,3.07346
0.285139,372.153,6.67586e-005,-2.53298,-0.573989,-5.06741,2.92476
0.285139,372.153,6.68966e-005,-2.42705,-0.60694,-4.77782,2.76642
0.285139,372.153,6.70345e-005,-2.31154,-0.637775,-4.47102,2.59899
0.285139,372.153,6.71724e-005,-2.18691,-0.666382,-4.14812,2.42305
0.285139,372.153,6.73103e-005,-2.05364,-0.69266,-3.81031,2.23922
0.285139,372.153,6.74483e-005,-1.91227,-0.716514,-3.45883,2.04814
0.285139,372.153,6.75862e-005,-1.76336,-0.737859,-3.09498,1.85048
0.285139,372.153,6.77241e-005,-1.60748,-0.756618,-2.72011,1.64694
0.285139,372.153,6.78621e-005,-1.44526,-0.772726,-2.33558,1.43821
0.285139,372.153,6.8e-005,-1.27734,-0.786125,-1.94283,1.22505
0.285139,372.153,6.81379e-005,-1.10437,-0.796768,-1.5433,1.00819
0.285139,372.153,6.82759e-005,-0.927051,-0.80462,-1.13847,0.788388
0.285139,372.153,6.84138e-005,-0.74607,-0.809653,-0.729838,0.566424
0.285139,372.153,6.85517e-005,-0.562144,-0.811852,-0.318915,0.343072
0.285139,372.153,6.86897e-005,-0.376,-0.811212,0.0927809,0.119112
0.285139,372.153,6.88276e-005,-0.188372,-0.807738,0.503728,-0.10467
0.285139,372.153,6.89655e-005,-1.4332e-014,-0.801446,0.912409,-0.327495
0.285139,372.153,6.91034e-005,0.188372,-0.792361,1.31731,-0.548583
0.285139,372.153,6.92414e-005,0.376,-0.78052,1.71694,-0.767166
0.285139,372.153,6.93793e-005,0.562144,-0.76597,2.10983,-0.982481
0.285139,372.153,6.95172e-005,0.74607,-0.748766,2.49452,-1.19378
0.285139,372.153,6.96552e-005,0.927051,-0.728976,2.8696,-1.40034
0.285139,372.153,6.97931e-005,1.10437,-0.706674,3.23369,-1.60144
0.285139,372.153,6.9931e-005,1.27734,-0.681947,3.58545,-1.79638
0.285139,372.153,7.0069e-005,1.44526,-0.654888,3.92359,-1.9845
0.285139,372.153,7.02069e-005,1.60748,-0.625599,4.24687,-2.16516
0.285139,372.153,7.03448e-005,1.76336,-0.594191,4.55412,-2.33774
0.285139,372.153,7.04828e-005,1.91227,-0.560783,4.84421,-2.50166
0.285139,372.153,7.06207e-005,2.05364,-0.5255,5.11608,-2.65636
0.285139,372.153,7.07586e-005,2.18691,-0.488474,5.36876,-2.80132
0.285139,372.153,7.08966e-005,2.31154,-0.449844,5.60133,-2.93607
0.285139,372.153,7.10345e-005,2.42705,-0.409754,5.81297,-3.06017
0.285139,372.153,7.11724e-005,2.53298,-0.368355,6.00291,-3.1732
0.285139,372.153,7.13103e-005,2.62892,-0.3258,6.17048,-3.27482
0.285139,372.153,7.14483e-005,2.71448,-0.282248,6.3151,-3.36469
0.285139,372.153,7.15862e-005,2.78933,-0.23786,6.43627,-3.44256
0.285139,372.153,7.17241e-005,2.85317,-0.1928,6.53358,-3.50817
0.285139,372.153,7.18621e-005,2.90575,-0.147237,6.60672,-3.56136
0.285139,372.153,7.2e-005,2.94686,-0.101337,6.65546,-3.60198
0.285139,372.153,7.21379e-005,2.97634,-0.0552705,6.67966,-3.62993
0.285139,372.153,7.22759e-005,2.99408,-0.00920649,6.67928,-3.64518
0.285139,372.153,7.24138e-005,3,0.0366858,6.65438,-3.64772
0.285139,372.153,7.25517e-005,2.99408,0.0822383,6.60511,-3.6376
0.285139,372.153,7.26897e-005,2.97634,0.127285,6.5317,-3.61491
0.285139,372.153,7.28276e-005,2.94686,0.17166,6.43449,-3.5798
0.285139,372.153,7.29655e-005,2.90575,0.215204,6.31389,-3.53244
0.285139,372.153,7.31034e-005,2.85317,0.257759,6.17041,-3.47308
0.285139,372.153,7.32414e-005,2.78933,0.29917,6.00465,-3.40197
0.285139,372.153,7.33793e-005,2.71448,0.339289,5.81728,-3.31944
0.285139,372.153,7.35172e-005,2.62892,0.377973,5.60907,-3.22584
0.285139,372.153,7.36552e-005,2.53298,0.415082,5.38085,-3.12158
0.285139,372.153,7.37931e-005,2.42705,0.450486,5.13354,-3.00707
0.285139,372.153,7.3931e-005,2.31154,0.484059,4.86812,-2.8828
0.285139,372.153,7.4069e-005,2.18691,0.515684,4.58564,-2.74926
0.285139,372.153,7.42069e-005,2.05364,0.545251,4.28722,-2.60701
0.285139,372.153,7.43448e-005,1.91227,0.572658,3.97403,-2.45659
0.285139,372.153,7.44828e-005,1.76336,0.597812,3.64729,-2.29862
0.285139,372.153,7.46207e-005,1.60748,0.620628,3.30829,-2.1337
0.285139,372.153,7.47586e-005,1.44526,0.64103,2.95834,-1.9625
0.285139,372.153,7.48966e-005,1.27734,0.658953,2.5988,-1.78566
0.285139,372.153,7.50345e-005,1.10437,0.67434,2.23108,-1.60388
0.285139,372.153,7.51724e-005,0.927051,0.687144,1.85659,-1.41786
0.285139,372.153,7.53103e-005,0.74607,0.697328,1.47678,-1.2283
0.285139,372.153,7.54483e-005,0.562144,0.704867,1.09311,-1.03593
0.285139,372.153,7.55862e-005,0.376,0.709743,0.707065,-0.841486
0.285139,372.153,7.57241e-005,0.188372,0.711951,0.320114,-0.645695
0.285139,372.153,7.58621e-005,1.46993e-014,0.711494,-0.0662563,-0.449295
0.285139,372.153,7.6e-005,-0.188372,0.708387,-0.450571,-0.25302
0.285139,372.153,7.61379e-005,-0.376,0.702653,-0.831366,-0.0576032
0.285139,372.153,7.62759e-005,-0.562144,0.694328,-1.20719,0.136232
0.285139,372.153,7.64138e-005,-0.74607,0.683455,-1.57663,0.327771
0.285139,372.153,7.65517e-005,-0.927051,0.670087,-1.93828,0.51631
0.285139,372.153,7.66897e-005,-1.10437,0.654289,-2.29077,0.701162
0.285139,372.153,7.68276e-005,-1.27734,0.636132,-2.63279,0.881655
0.285139,372.153,7.69655e-005,-1.44526,0.615697,-2.96305,1.05714
0.285139,372.153,7.71034e-005,-1.60748,0.593074,-3.28032,1.22699
0.285139,372.153,7.72414e-005,-1.76336,0.568361,-3.58342,1.39059
0.285139,372.153,7.73793e-005,-1.91227,0.541662,-3.87123,1.54738
0.285139,372.153,7.75172e-005,-2.05364,0.513092,-4.14269,1.69681
0.285139,372.153,7.76552e-005,-2.18691,0.482769,-4.3968,1.83835
0.285139,372.153,7.77931e-005,-2.31154,0.45082,-4.63266,1.97153
0.285139,372.153,7.7931e-005,-2.42705,0.417376,-4.8494,2.09589
0.285139,372.153,7.8069e-005,-2.53298,0.382574,-5.04625,2.21103
0.285139,372.153,7.82069e-005,-2.62892,0.346557,-5.22252,2.31657
0.285139,372.153,7.83448e-005,-2.71448,0.30947,-5.37761,2.41217
0.285139,372.153,7.84828e-005,-2.78933,0.271463,-5.51097,2.49754
0.285139,372.153,7.86207e-005,-2.85317,0.23269,-5.62217,2.57243
0.285139,372.153,7.87586e-005,-2.90575,0.193304,-5.71087,2.63662
0.285139,372.153,7.88966e-005,-2.94686,0.153464,-5.77678,2.68994
0.285139,372.153,7.90345e-005,-2.97634,0.113328,-5.81975,2.73228
0.285139,372.153,7.91724e-005,-2.99408,0.0730545,-5.83969,2.76354
0.285139,372.153,7.93103e-005,-3,0.0328021,-5.83659,2.78369
0.285139,372.153,7.94483e-005,-2.99408,-0.00727079,-5.81058,2.79274
0.285139,372.153,7.95862e-005,-2.97634,-0.0470074,-5.76182,2.79074
0.285139,372.153,7.97241e-005,-2.94686,-0.0862529,-5.69059,2.77777
0.285139,372.153,7.98621e-005,-2.90575,-0.124855,-5.59727,2.75397
0.285139,372.153,8e-005,-2.85317,-0.162664,-5.48229,2.71953
0.285139,372.153,8.01379e-005,-2.78933,-0.199534,-5.3462,2.67466
0.285139,372.153,8.02759e-005,-2.71448,-0.235324,-5.18961,2.61962
0.285139,372.153,8.04138e-005,-2.62892,-0.269898,-5.01321,2.5547
0.285139,372.153,8.05517e-005,-2.53298,-0.303124,-4.81778,2.48024
0.285139,372.153,8.06897e-005,-2.42705,-0.334877,-4.60417,2.39662
0.285139,372.153,8.08276e-005,-2.31154,-0.365038,-4.37329,2.30424
0.285139,372.153,8.09655e-005,-2.18691,-0.393494,-4.12611,2.20354
0.285139,372.153,8.11034e-005,-2.05364,-0.42014,-3.86369,2.09499
0.285139,372.153,8.12414e-005,-1.91227,-0.444879,-3.58713,1.97909
0.285139,372.153,8.13793e-005,-1.76336,-0.467621,-3.29757,1.85637
0.285139,372.153,8.15172e-005,-1.60748,-0.488284,-2.99623,1.72737
0.285139,372.153,8.16552e-005,-1.44526,-0.506797,-2.68435,1.59267
0.285139,372.153,8.17931e-005,-1.27734,-0.523095,-2.36321,1.45286
0.285139,372.153,8.1931e-005,-1.10437,-0.537123,-2.03414,1.30856
0.285139,372.153,8.2069e-005,-0.927051,-0.548837,-1.69849,1.16039
0.285139,372.153,8.22069e-005,-0.74607,-0.5582,-1.35762,1.00899
0.285139,372.153,8.23448e-005,-0.562144,-0.565186,-1.01293,0.855
0.285139,372.153,8.24828e-005,-0.376,-0.569778,-0.665814,0.699087
0.285139,372.153,8.26207e-005,-0.188372,-0.571969,-0.317681,0.541907
0.285139,372.153,8.27586e-005,-2.57249e-014,-0.571761,0.030062,0.384122
0.285139,372.153,0.000758759,0.188372,-0.612299,1.23164,-0.593732
0.285139,372.153,0.000758897,0.376,-0.601388,1.58203,-0.762642
0.285139,372.153,0.000759034,0.562144,-0.588104,1.92617,-0.928543
0.285139,372.153,0.000759172,0.74607,-0.572499,2.26272,-1.09078
0.285139,372.153,0.00075931,0.927051,-0.554635,2.59033,-1.24871
0.285139,372.153,0.000759448,1.10437,-0.534582,2.90772,-1.40171
0.285139,372.153,0.000759586,1.27734,-0.512419,3.21363,-1.54918
0.285139,372.153,0.000759724,1.44526,-0.488233,3.50686,-1.69054
0.285139,372.153,0.000759862,1.60748,-0.462121,3.78625,-1.82522
0.285139,372.153,0.00076,1.76336,-0.434185,4.0507,-1.95271
0.285139,372.153,0.000760138,1.91227,-0.404536,4.29916,-2.07248
0.285139,372.153,0.000760276,2.05364,-0.37329,4.53066,-2.18408
0.285139,372.153,0.000760414,2.18691,-0.340571,4.74427,-2.28705
0.285139,372.153,0.000760552,2.31154,-0.306508,4.93916,-2.381
0.285139,372.153,0.00076069,2.42705,-0.271235,5.11456,-2.46556
0.285139,372.153,0.000760828,2.53298,-0.234892,5.26978,-2.54038
0.285139,372.153,0.000760966,2.62892,-0.197621,5.40419,-2.60518
0.285139,372.153,0.000761103,2.71448,-0.159571,5.51728,-2.6597
0.285139,372.153,0.000761241,2.78933,-0.120891,5.6086,-2.70372
0.285139,372.153,0.000761379,2.85317,-0.0817341,5.67778,-2.73706
0.285139,372.153,0.000761517,2.90575,-0.0422544,5.72455,-2.75961
0.285139,372.153,0.000761655,2.94686,-0.00260802,5.74873,-2.77127
0.285139,372.153,0.000761793,2.97634,0.0370487,5.75022,-2.77199
0.285139,372.153,0.000761931,2.99408,0.0765592,5.72902,-2.76177
0.285139,372.153,0.000762069,3,0.115767,5.68521,-2.74065
0.285139,372.153,0.000762207,2.99408,0.154519,5.61896,-2.70871
0.285139,372.153,0.000762345,2.97634,0.192661,5.53054,-2.66609
0.285139,372.153,0.000762483,2.94686,0.230042,5.42029,-2.61294
0.285139,372.153,0.000762621,2.90575,0.266515,5.28865,-2.54948
0.285139,372.153,0.000762759,2.85317,0.301937,5.13613,-2.47596
0.285139,372.153,0.000762897,2.78933,0.336167,4.96335,-2.39266
0.285139,372.153,0.000763034,2.71448,0.36907,4.77098,-2.29993
0.285139,372.153,0.000763172,2.62892,0.400517,4.55978,-2.19812
0.285139,372.153,0.00076331,2.53298,0.430383,4.33058,-2.08763
0.285139,372.153,0.000763448,2.42705,0.458551,4.0843,-1.9689
0.285139,372.153,0.000763586,2.31154,0.484908,3.82189,-1.84241
0.285139,372.153,0.000763724,2.18691,0.509353,3.5444,-1.70864
0.285139,372.153,0.000763862,2.05364,0.531787,3.25293,-1.56813
0.285139,372.153,0.000764,1.91227,0.552122,2.94861,-1.42143
0.285139,372.153,0.000764138,1.76336,0.570278,2.63266,-1.26912
0.285139,372.153,0.000764276,1.60748,0.586184,2.30632,-1.1118
0.285139,372.153,0.000764414,1.44526,0.599776,1.97088,-0.950093
0.285139,372.153,0.000764552,1.27734,0.611001,1.62766,-0.784638
0.285139,372.153,0.00076469,1.10437,0.619815,1.27801,-0.616086
0.285139,372.153,0.000764828,0.927051,0.626183,0.923322,-0.445102
0.285139,372.153,0.000764966,0.74607,0.630079,0.564989,-0.272362
0.285139,372.153,0.000765103,0.562144,0.631489,0.204427,-0.0985474
0.285139,372.153,0.000765241,0.376,0.630407,-0.156942,0.0756565
0.285139,372.153,0.000765379,0.188372,0.626837,-0.517692,0.249562
0.285139,372.153,0.000765517,1.79335e-013,0.620792,-0.876398,0.422482
0.285139,372.153,0.000765655,-0.188372,0.612298,-1.23165,0.593735
0.285139,372.153,0.000765793,-0.376,0.601388,-1.58203,0.762645
0.285139,372.153,0.000765931,-0.562144,0.588104,-1.92618,0.928545
0.285139,372.153,0.000766069,-0.74607,0.572499,-2.26272,1.09078
0.285139,372.153,0.000766207,-0.927051,0.554634,-2.59033,1.24871
0.285139,372.153,0.000766345,-1.10437,0.534581,-2.90772,1.40171
0.285139,372.153,0.000766483,-1.27734,0.512418,-3.21363,1.54918
0.285139,372.153,0.000766621,-1.44526,0.488233,-3.50686,1.69054
0.285139,372.153,0.000766759,-1.60748,0.462121,-3.78625,1.82523
0.285139,372.153,0.000766897,-1.76336,0.434185,-4.0507,1.95271
0.285139,372.153,0.000767034,-1.91227,0.404536,-4.29917,2.07248
0.285139,372.153,0.000767172,-2.05364,0.37329,-4.53066,2.18408
0.285139,372.153,0.00076731,-2.18691,0.34057,-4.74427,2.28706
0.285139,372.153,0.000767448,-2.31154,0.306507,-4.93917,2.38101
0.285139,372.153,0.000767586,-2.42705,0.271234,-5.11456,2.46556
0.285139,372.153,0.000767724,-2.53298,0.234891,-5.26978,2.54038
0.285139,372.153,0.000767862,-2.62892,0.197621,-5.40419,2.60518
0.285139,372.153,0.000768,-2.71448,0.159571,-5.51728,2.6597
0.285139,372.153,0.000768138,-2.78933,0.120891,-5.6086,2.70372
0.285139,372.153,0.000768276,-2.85317,0.0817335,-5.67778,2.73707
0.285139,372.153,0.000768414,-2.90575,0.0422539,-5.72455,2.75961
0.285139,372.153,0.000768552,-2.94686,0.00260747,-5.74873,2.77127
0.285139,372.153,0.00076869,-2.97634,-0.0370492,-5.75022,2.77199
0.285139,372.153,0.000768828,-2.99408,-0.0765597,-5.72902,2.76177
0.285139,372.153,0.000768966,-3,-0.115768,-5.68521,2.74065
0.285139,372.153,0.000769103,-2.99408,-0.154519,-5.61896,2.70871
0.285139,372.153,0.000769241,-2.97634,-0.192661,-5.53054,2.66609
0.285139,372.153,0.000769379,-2.94686,-0.230042,-5.42029,2.61294
0.285139,372.153,0.000769517,-2.90575,-0.266516,-5.28864,2.54948
0.285139,372.153,0.000769655,-2.85317,-0.301937,-5.13613,2.47596
0.285139,372.153,0.000769793,-2.78933,-0.336167,-4.96335,2.39266
0.285139,372.153,0.000769931,-2.71448,-0.369071,-4.77098,2.29993
0.285139,372.153,0.000770069,-2.62892,-0.400517,-4.55978,2.19811
0.285139,372.153,0.000770207,-2.53298,-0.430383,-4.33058,2.08763
0.285139,372.153,0.000770345,-2.42705,-0.458551,-4.08429,1.9689
0.285139,372.153,0.000770483,-2.31154,-0.484909,-3.82189,1.8424
0.285139,372.153,0.000770621,-2.18691,-0.509353,-3.5444,1.70864
0.285139,372.153,0.000770759,-2.05364,-0.531787,-3.25292,1.56812
0.285139,372.153,0.000770897,-1.91227,-0.552122,-2.94861,1.42142
0.285139,372.153,0.000771034,-1.76336,-0.570279,-2.63266,1.26912
0.285139,372.153,0.000771172,-1.60748,-0.586184,-2.30632,1.1118
0.285139,372.153,0.00077131,-1.44526,-0.599776,-1.97087,0.950091
0.285139,372.153,0.000771448,-1.27734,-0.611002,-1.62765,0.784635
0.285139,372.153,0.000771586,-1.10437,-0.619815,-1.27801,0.616083
0.285139,372.153,0.000771724,-0.927051,-0.626183,-0.923319,0.4451
0.285139,372.153,0.000771862,-0.74607,-0.63008,-0.564986,0.27236
0.285139,372.153,0.000772,-0.562144,-0.631489,-0.204424,0.0985445
0.285139,372.153,0.000772138,-0.376,-0.630407,0.156945,-0.0756594
0.285139,372.153,0.000772276,-0.188372,-0.626837,0.517695,-0.249565
0.285139,372.153,0.000772414,-2.11677e-013,-0.620793,0.876402,-0.422485
0.285139,372.153,0.000772552,0.188372,-0.612298,1.23165,-0.593738
0.285139,372.153,0.00077269,0.376,-0.601388,1.58204,-0.762648
0.285139,372.153,0.000772828,0.562144,-0.588104,1.92618,-0.928548
0.285139,372.153,0.000772966,0.74607,-0.572499,2.26272,-1.09078
0.285139,372.153,0.000773103,0.927051,-0.554634,2.59033,-1.24871
0.285139,372.153,0.000773241,1.10437,-0.534581,2.90772,-1.40172
0.285139,372.153,0.000773379,1.27734,-0.512418,3.21364,-1.54919
0.285139,372.153,0.000773517,1.44526,-0.488233,3.50687,-1.69054
0.285139,372.153,0.000773655,1.60748,-0.462121,3.78626,-1.82523
0.285139,372.153,0.000773793,1.76336,-0.434185,4.05071,-1.95271
0.285139,372.153,0.000773931,1.91227,-0.404535,4.29917,-2.07249
0.285139,372.153,0.000774069,2.05364,-0.37329,4.53066,-2.18408
0.285139,372.153,0.000774207,2.18691,-0.34057,4.74428,-2.28706
0.285139,372.153,0.000774345,2.31154,-0.306507,4.93917,-2.38101
0.285139,372.153,0.000774483,2.42705,-0.271234,5.11457,-2.46556
0.285139,372.153,0.000774621,2.53298,-0.234891,5.26978,-2.54039
0.285139,372.153,0.000774759,2.62892,-0.197621,5.4042,-2.60518
0.285139,372.153,0.000774897,2.71448,-0.15957,5.51729,-2.6597
0.285139,372.153,0.000775034,2.78933,-0.12089,5.6086,-2.70372
0.285139,372.153,0.000775172,2.85317,-0.0817333,5.67778,-2.73707
0.285139,372.153,0.00077531,2.90575,-0.0422536,5.72455,-2.75962
0.285139,372.153,0.000775448,2.94686,-0.00260718,5.74873,-2.77127
0.285139,372.153,0.000775586,2.97634,0.0370495,5.75022,-2.77199
0.285139,372.153,0.000775724,2.99408,0.07656,5.72902,-2.76177
0.285139,372.153,0.000775862,3,0.115768,5.68521,-2.74065
0.285139,372.153,0.000776,2.99408,0.15452,5.61896,-2.70871
0.285139,372.153,0.000776138,2.97634,0.192661,5.53054,-2.66609
0.285139,372.153,0.000776276,2.94686,0.230043,5.42029,-2.61294
0.285139,372.153,0.000776414,2.90575,0.266516,5.28865,-2.54948
0.285139,372.153,0.000776552,2.85317,0.301938,5.13613,-2.47596
0.285139,372.153,0.00077669,2.78933,0.336168,4.96335,-2.39266
0.285139,372.153,0.000776828,2.71448,0.369071,4.77098,-2.29993
0.285139,372.153,0.000776966,2.62892,0.400518,4.55978,-2.19812
0.285139,372.153,0.000777103,2.53298,0.430384,4.33058,-2.08763
0.285139,372.153,0.000777241,2.42705,0.458551,4.0843,-1.9689
0.285139,372.153,0.000777379,2.31154,0.484909,3.82189,-1.8424
0.285139,372.153,0.000777517,2.18691,0.509353,3.5444,-1.70864
0.285139,372.153,0.000777655,2.05364,0.531787,3.25292,-1.56813
0.285139,372.153,0.000777793,1.91227,0.552123,2.94861,-1.42143
0.285139,372.153,0.000777931,1.76336,0.570279,2.63266,-1.26912
0.285139,372.153,0.000778069,1.60748,0.586185,2.30632,-1.1118
0.285139,372.153,0.000778207,1.44526,0.599777,1.97087,-0.950091
0.285139,372.153,0.000778345,1.27734,0.611002,1.62765,-0.784636
0.285139,372.153,0.000778483,1.10437,0.619816,1.27801,-0.616083
0.285139,372.153,0.000778621,0.927051,0.626184,0.923319,-0.4451
0.285139,372.153,0.000778759,0.74607,0.63008,0.564986,-0.272359
0.285139,372.153,0.000778897,0.562144,0.63149,0.204423,-0.0985443
0.285139,372.153,0.000779034,0.376,0.630407,-0.156946,0.0756598
0.285139,372.153,0.000779172,0.188372,0.626837,-0.517696,0.249565
0.285139,372.153,0.00077931,7.34886e-014,0.620793,-0.876402,0.422486
0.285139,372.153,0.000779448,-0.188372,0.612299,-1.23165,0.593739
0.285139,372.153,0.000779586,-0.376,0.601388,-1.58204,0.762649
0.285139,372.153,0.000779724,-0.562144,0.588104,-1.92618,0.928549
0.285139,372.153,0.000779862,-0.74607,0.572499,-2.26272,1.09079
0.285139,372.153,0.00078,-0.927051,0.554635,-2.59034,1.24872
0.285139,372.153,0.000780138,-1.10437,0.534582,-2.90772,1.40172
0.285139,372.153,0.000780276,-1.27734,0.512419,-3.21364,1.54919
0.285139,372.153,0.000780414,-1.44526,0.488233,-3.50687,1.69055
0.285139,372.153,0.000780552,-1.60748,0.462121,-3.78626,1.82523
0.285139,372.153,0.00078069,-1.76336,0.434185,-4.05071,1.95271
0.285139,372.153,0.000780828,-1.91227,0.404536,-4.29917,2.07249
0.285139,372.153,0.000780966,-2.05364,0.37329,-4.53067,2.18408
0.285139,372.153,0.000781103,-2.18691,0.340571,-4.74428,2.28706
0.285139,372.153,0.000781241,-2.31154,0.306507,-4.93917,2.38101
0.285139,372.153,0.000781379,-2.42705,0.271234,-5.11457,2.46557
0.285139,372.153,0.000781517,-2.53298,0.234891,-5.26978,2.54039
0.285139,372.153,0.000781655,-2.62892,0.197621,-5.4042,2.60519
0.285139,372.153,0.000781793,-2.71448,0.159571,-5.51729,2.6597
0.285139,372.153,0.000781931,-2.78933,0.120891,-5.6086,2.70372
0.285139,372.153,0.000782069,-2.85317,0.0817334,-5.67778,2.73707
0.285139,372.153,0.000782207,-2.90575,0.0422537,-5.72455,2.75962
0.285139,372.153,0.000782345,-2.94686,0.00260731,-5.74873,2.77127
0.285139,372.153,0.000782483,-2.97634,-0.0370494,-5.75023,2.77199
0.285139,372.153,0.000782621,-2.99408,-0.0765599,-5.72902,2.76177
0.285139,372.153,0.000782759,-3,-0.115768,-5.68521,2.74065
0.285139,372.153,0.000782897,-2.99408,-0.15452,-5.61896,2.70872
0.285139,372.153,0.000783034,-2.97634,-0.192661,-5.53054,2.66609
0.285139,372.153,0.000783172,-2.94686,-0.230043,-5.42029,2.61294
0.285139,372.153,0.00078331,-2.90575,-0.266516,-5.28865,2.54948
0.285139,372.153,0.000783448,-2.85317,-0.301938,-5.13614,2.47596
0.285139,372.153,0.000783586,-2.78933,-0.336168,-4.96335,2.39267
0.285139,372.153,0.000783724,-2.71448,-0.369071,-4.77098,2.29993
0.285139,372.153,0.000783862,-2.62892,-0.400518,-4.55978,2.19812
0.285139,372.153,0.000784,-2.53298,-0.430384,-4.33058,2.08763
0.285139,372.153,0.000784138,-2.42705,-0.458552,-4.0843,1.9689
0.285139,372.153,0.000784276,-2.31154,-0.484909,-3.82189,1.84241
0.285139,372.153,0.000784414,-2.18691,-0.509354,-3.5444,1.70864
0.285139,372.153,0.000784552,-2.05364,-0.531788,-3.25293,1.56813
0.285139,372.153,0.00078469,-1.91227,-0.552123,-2.94861,1.42143
0.285139,372.153,0.000784828,-1.76336,-0.570279,-2.63266,1.26912
0.285139,372.153,0.000784966,-1.60748,-0.586185,-2.30632,1.1118
0.285139,372.153,0.000785103,-1.44526,-0.599777,-1.97088,0.950094
0.285139,372.153,0.000785241,-1.27734,-0.611002,-1.62765,0.784638
0.285139,372.153,0.000785379,-1.10437,-0.619816,-1.27801,0.616086
0.285139,372.153,0.000785517,-0.927051,-0.626184,-0.923321,0.445102
0.285139,372.153,0.000785655,-0.74607,-0.63008,-0.564988,0.272362
0.285139,372.153,0.000785793,-0.562144,-0.63149,-0.204425,0.0985463
0.285139,372.153,0.000785931,-0.376,-0.630408,0.156944,-0.0756579
0.285139,372.153,0.000786069,-0.188372,-0.626837,0.517694,-0.249564
0.285139,372.153,0.000786207,-1.0583e-013,-0.620793,0.876401,-0.422484
0.285139,372.153,0.000786345,0.188372,-0.612299,1.23165,-0.593738
0.285139,372.153,0.000786483,0.376,-0.601389,1.58204,-0.762648
0.285139,372.153,0.000786621,0.562144,-0.588105,1.92618,-0.928548
0.285139,372.153,0.000786759,0.74607,-0.5725,2.26272,-1.09078
0.285139,372.153,0.000786897,0.927051,-0.554635,2.59033,-1.24871
0.285139,372.153,0.000787034,1.10437,-0.534582,2.90772,-1.40172
0.285139,372.153,0.000787172,1.27734,-0.512419,3.21364,-1.54919
0.285139,372.153,0.00078731,1.44526,-0.488234,3.50687,-1.69055
0.285139,372.153,0.000787448,1.60748,-0.462122,3.78626,-1.82523
0.285139,372.153,0.000787586,1.76336,-0.434186,4.05071,-1.95271
0.285139,372.153,0.000787724,1.91227,-0.404536,4.29917,-2.07249
0.285139,372.153,0.000787862,2.05364,-0.37329,4.53067,-2.18408
0.285139,372.153,0.000788,2.18691,-0.340571,4.74428,-2.28706
0.285139,372.153,0.000788138,2.31154,-0.306508,4.93917,-2.38101
0.285139,372.153,0.000788276,2.42705,-0.271235,5.11457,-2.46556
0.285139,372.153,0.000788414,2.53298,-0.234892,5.26978,-2.54039
0.285139,372.153,0.000788552,2.62892,-0.197621,5.4042,-2.60519
0.285139,372.153,0.00078869,2.71448,-0.159571,5.51729,-2.6597
0.285139,372.153,0.000788828,2.78933,-0.120891,5.6086,-2.70372
0.285139,372.153,0.000788966,2.85317,-0.0817338,5.67778,-2.73707
0.285139,372.153,0.000789103,2.90575,-0.0422541,5.72455,-2.75962
0.285139,372.153,0.000789241,2.94686,-0.00260767,5.74873,-2.77127
0.285139,372.153,0.000789379,2.97634,0.0370491,5.75023,-2.77199
0.285139,372.153,0.000789517,2.99408,0.0765596,5.72902,-2.76177
0.285139,372.153,0.000789655,3,0.115768,5.68521,-2.74065
0.285139,372.153,0.000789793,2.99408,0.154519,5.61897,-2.70872
0.285139,372.153,0.000789931,2.97634,0.192661,5.53054,-2.66609
0.285139,372.153,0.000790069,2.94686,0.230042,5.42029,-2.61294
0.285139,372.153,0.000790207,2.90575,0.266516,5.28865,-2.54948
0.285139,372.153,0.000790345,2.85317,0.301938,5.13614,-2.47596
0.285139,372.153,0.000790483,2.78933,0.336168,4.96335,-2.39267
0.285139,372.153,0.000790621,2.71448,0.369071,4.77098,-2.29993
0.285139,372.153,0.000790759,2.62892,0.400518,4.55978,-2.19812
0.285139,372.153,0.000790897,2.53298,0.430384,4.33059,-2.08763
0.285139,372.153,0.000791034,2.42705,0.458551,4.0843,-1.96891
0.285139,372.153,0.000791172,2.31154,0.484909,3.82189,-1.84241
0.285139,372.153,0.00079131,2.18691,0.509353,3.54441,-1.70864
0.285139,372.153,0.000791448,2.05364,0.531787,3.25293,-1.56813
0.285139,372.153,0.000791586,1.91227,0.552123,2.94861,-1.42143
0.285139,372.153,0.000791724,1.76336,0.570279,2.63266,-1.26912
0.285139,372.153,0.000791862,1.60748,0.586185,2.30632,-1.1118
0.285139,372.153,0.000792,1.44526,0.599777,1.97088,-0.950096
0.285139,372.153,0.000792138,1.27734,0.611002,1.62766,-0.78464
0.285139,372.153,0.000792276,1.10437,0.619816,1.27801,-0.616088
0.285139,372.153,0.000792414,0.927051,0.626184,0.923323,-0.445104
0.285139,372.153,0.000792552,0.74607,0.63008,0.56499,-0.272364
0.285139,372.153,0.00079269,0.562144,0.63149,0.204427,-0.0985484
0.285139,372.153,0.000792828,0.376,0.630408,-0.156942,0.0756557
0.285139,372.153,0.000792966,0.188372,0.626837,-0.517692,0.249561
0.285139,372.153,0.000793103,3.08702e-013,0.620793,-0.876399,0.422482
0.285139,372.153,0.000793241,-0.188372,0.612299,-1.23165,0.593735
0.285139,372.153,0.000793379,-0.376,0.601389,-1.58203,0.762645
0.285139,372.153,0.000793517,-0.562144,0.588105,-1.92618,0.928546
0.285139,372.153,0.000793655,-0.74607,0.5725,-2.26272,1.09078
0.285139,372.153,0.000793793,-0.927051,0.554635,-2.59033,1.24871
0.285139,372.153,0.000793931,-1.10437,0.534582,-2.90772,1.40172
0.285139,372.153,0.000794069,-1.27734,0.512419,-3.21364,1.54919
0.285139,372.153,0.000794207,-1.44526,0.488234,-3.50687,1.69054
0.285139,372.153,0.000794345,-1.60748,0.462122,-3.78626,1.82523
0.285139,372.153,0.000794483,-1.76336,0.434186,-4.05071,1.95271
0.285139,372.153,0.000794621,-1.91227,0.404536,-4.29917,2.07249
0.285139,372.153,0.000794759,-2.05364,0.37329,-4.53066,2.18408
0.285139,372.153,0.000794897,-2.18691,0.340571,-4.74428,2.28706
0.285139,372.153,0.000795034,-2.31154,0.306508,-4.93917,2.38101
0.285139,372.153,0.000795172,-2.42705,0.271235,-5.11457,2.46556
0.285139,372.153,0.00079531,-2.53298,0.234892,-5.26978,2.54039
0.285139,372.153,0.000795448,-2.62892,0.197621,-5.4042,2.60518
0.285139,372.153,0.000795586,-2.71448,0.159571,-5.51729,2.6597
0.285139,372.153,0.000795724,-2.78933,0.120891,-5.6086,2.70372
0.285139,372.153,0.000795862,-2.85317,0.081734,-5.67778,2.73707
0.285139,372.153,0.000796,-2.90575,0.0422544,-5.72455,2.75962
0.285139,372.153,0.000796138,-2.94686,0.00260793,-5.74873,2.77127
0.285139,372.153,0.000796276,-2.97634,-0.0370488,-5.75023,2.77199
0.285139,372.153,0.000796414,-2.99408,-0.0765593,-5.72902,2.76177
0.285139,372.153,0.000796552,-3,-0.115768,-5.68521,2.74065
0.285139,372.153,0.00079669,-2.99408,-0.154519,-5.61896,2.70872
0.285139,372.153,0.000796828,-2.97634,-0.192661,-5.53054,2.66609
0.285139,372.153,0.000796966,-2.94686,-0.230042,-5.42029,2.61294
0.285139,372.153,0.000797103,-2.90575,-0.266516,-5.28865,2.54948
0.285139,372.153,0.000797241,-2.85317,-0.301937,-5.13614,2.47596
0.285139,372.153,0.000797379,-2.78933,-0.336167,-4.96335,2.39267
0.285139,372.153,0.000797517,-2.71448,-0.369071,-4.77098,2.29993
0.285139,372.153,0.000797655,-2.62892,-0.400517,-4.55978,2.19812
0.285139,372.153,0.000797793,-2.53298,-0.430383,-4.33059,2.08763
0.285139,372.153,0.000797931,-2.42705,-0.458551,-4.0843,1.96891
0.285139,372.153,0.000798069,-2.31154,-0.484909,-3.82189,1.84241
0.285139,372.153,0.000798207,-2.18691,-0.509353,-3.54441,1.70864
0.285139,372.153,0.000798345,-2.05364,-0.531787,-3.25293,1.56813
0.285139,372.153,0.000798483,-1.91227,-0.552122,-2.94861,1.42143
0.285139,372.153,0.000798621,-1.76336,-0.570279,-2.63266,1.26912
0.285139,372.153,0.000798759,-1.60748,-0.586184,-2.30632,1.1118
0.285139,372.153,0.000798897,-1.44526,-0.599777,-1.97088,0.950096
0.285139,372.153,0.000799034,-1.27734,-0.611002,-1.62766,0.78464
0.285139,372.153,0.000799172,-1.10437,-0.619816,-1.27801,0.616088
0.285139,372.153,0.00079931,-0.927051,-0.626183,-0.923323,0.445104
0.285139,372.153,0.000799448,-0.74607,-0.63008,-0.564991,0.272364
0.285139,372.153,0.000799586,-0.562144,-0.63149,-0.204428,0.0985491
0.285139,372.153,0.000799724,-0.376,-0.630407,0.156941,-0.075655
0.285139,372.153,0.000799862,-0.188372,-0.626837,0.517691,-0.24956
0.285139,372.153,0.0008,-1.70514e-013,-0.620793,0.876398,-0.422481
0.285139,372.153,0.000800138,0.188372,-0.612299,1.23165,-0.593734
0.285139,372.153,0.000800276,0.376,-0.601388,1.58203,-0.762644
0.285139,372.153,0.000800414,0.562144,-0.588104,1.92618,-0.928545
0.285139,372.153,0.000800552,0.74607,-0.572499,2.26272,-1.09078
0.285139,372.153,0.00080069,0.927051,-0.554635,2.59033,-1.24871
0.285139,372.153,0.000800828,1.10437,-0.534582,2.90772,-1.40171
0.285139,372.153,0.000800966,1.27734,-0.512419,3.21363,-1.54918
0.285139,372.153,0.000801103,1.44526,-0.488234,3.50686,-1.69054
0.285139,372.153,0.000801241,1.60748,-0.462121,3.78626,-1.82523
0.285139,372.153,0.000801379,1.76336,-0.434186,4.0507,-1.95271
0.285139,372.153,0.000801517,1.91227,-0.404536,4.29917,-2.07248
0.285139,372.153,0.000801655,2.05364,-0.37329,4.53066,-2.18408
0.285139,372.153,0.000801793,2.18691,-0.340571,4.74428,-2.28706
0.285139,372.153,0.000801931,2.31154,-0.306508,4.93917,-2.38101
0.285139,372.153,0.000802069,2.42705,-0.271235,5.11457,-2.46556
0.285139,372.153,0.000802207,2.53298,-0.234892,5.26978,-2.54038
0.285139,372.153,0.000802345,2.62892,-0.197621,5.4042,-2.60518
0.285139,372.153,0.000802483,2.71448,-0.159571,5.51728,-2.6597
0.285139,372.153,0.000802621,2.78933,-0.120891,5.6086,-2.70372
0.285139,372.153,0.000802759,2.85317,-0.081734,5.67778,-2.73707
0.285139,372.153,0.000802897,2.90575,-0.0422543,5.72455,-2.75961
0.285139,372.153,0.000803034,2.94686,-0.00260792,5.74873,-2.77127
0.285139,372.153,0.000803172,2.97634,0.0370488,5.75022,-2.77199
0.285139,372.153,0.00080331,2.99408,0.0765593,5.72902,-2.76177
0.285139,372.153,0.000803448,3,0.115768,5.68521,-2.74065
0.285139,372.153,0.000803586,2.99408,0.154519,5.61896,-2.70871
0.285139,372.153,0.000803724,2.97634,0.192661,5.53054,-2.66609
0.285139,372.153,0.000803862,2.94686,0.230042,5.42029,-2.61294
0.285139,372.153,0.000804,2.90575,0.266516,5.28865,-2.54948
0.285139,372.153,0.000804138,2.85317,0.301937,5.13613,-2.47596
0.285139,372.153,0.000804276,2.78933,0.336167,4.96335,-2.39267
0.285139,372.153,0.000804414,2.71448,0.36907,4.77098,-2.29993
0.285139,372.153,0.000804552,2.62892,0.400517,4.55978,-2.19812
0.285139,372.153,0.00080469,2.53298,0.430383,4.33058,-2.08763
0.285139,372.153,0.000804828,2.42705,0.458551,4.0843,-1.9689
0.285139,372.153,0.000804966,2.31154,0.484909,3.82189,-1.84241
0.285139,372.153,0.000805103,2.18691,0.509353,3.5444,-1.70864
0.285139,372.153,0.000805241,2.05364,0.531787,3.25293,-1.56813
0.285139,372.153,0.000805379,1.91227,0.552122,2.94861,-1.42143
0.285139,372.153,0.000805517,1.76336,0.570278,2.63266,-1.26912
0.285139,372.153,0.000805655,1.60748,0.586184,2.30632,-1.1118
0.285139,372.153,0.000805793,1.44526,0.599776,1.97088,-0.950095
0.285139,372.153,0.000805931,1.27734,0.611002,1.62766,-0.784639
0.285139,372.153,0.000806069,1.10437,0.619815,1.27801,-0.616087
0.285139,372.153,0.000806207,0.927051,0.626183,0.923322,-0.445103
0.285139,372.153,0.000806345,0.74607,0.63008,0.56499,-0.272363
0.285139,372.153,0.000806483,0.562144,0.63149,0.204427,-0.0985481
0.285139,372.153,0.000806621,0.376,0.630407,-0.156942,0.0756559
0.285139,372.153,0.000806759,0.188372,0.626837,-0.517692,0.249561
0.285139,372.153,0.000806897,2.02856e-013,0.620793,-0.876398,0.422482
0.285139,372.153,0.000807034,-0.188372,0.612299,-1.23165,0.593735
0.285139,372.153,0.000807172,-0.376,0.601388,-1.58203,0.762645
0.285139,372.153,0.00080731,-0.562144,0.588104,-1.92618,0.928545
0.285139,372.153,0.000807448,-0.74607,0.572499,-2.26272,1.09078
0.285139,372.153,0.000807586,-0.927051,0.554635,-2.59033,1.24871
0.285139,372.153,0.000807724,-1.10437,0.534582,-2.90772,1.40171
0.285139,372.153,0.000807862,-1.27734,0.512419,-3.21363,1.54919
0.285139,372.153,0.000808,-1.44526,0.488233,-3.50686,1.69054
0.285139,372.153,0.000808138,-1.60748,0.462121,-3.78626,1.82523
0.285139,372.153,0.000808276,-1.76336,0.434185,-4.0507,1.95271
0.285139,372.153,0.000808414,-1.91227,0.404536,-4.29917,2.07248
0.285139,372.153,0.000808552,-2.05364,0.37329,-4.53066,2.18408
0.285139,372.153,0.00080869,-2.18691,0.340571,-4.74428,2.28706
0.285139,372.153,0.000808828,-2.31154,0.306508,-4.93917,2.38101
0.285139,372.153,0.000808966,-2.42705,0.271235,-5.11457,2.46556
0.285139,372.153,0.000809103,-2.53298,0.234891,-5.26978,2.54038
0.285139,372.153,0.000809241,-2.62892,0.197621,-5.4042,2.60518
0.285139,372.153,0.000809379,-2.71448,0.159571,-5.51728,2.6597
0.285139,372.153,0.000809517,-2.78933,0.120891,-5.6086,2.70372
0.285139,372.153,0.000809655,-2.85317,0.0817338,-5.67778,2.73707
0.285139,372.153,0.000809793,-2.90575,0.0422541,-5.72455,2.75961
0.285139,372.153,0.000809931,-2.94686,0.0026077,-5.74873,2.77127
0.285139,372.153,0.000810069,-2.97634,-0.037049,-5.75022,2.77199
0.285139,372.153,0.000810207,-2.99408,-0.0765595,-5.72902,2.76177
0.285139,372.153,0.000810345,-3,-0.115768,-5.68521,2.74065
0.285139,372.153,0.000810483,-2.99408,-0.154519,-5.61896,2.70871
0.285139,372.153,0.000810621,-2.97634,-0.192661,-5.53054,2.66609
0.285139,372.153,0.000810759,-2.94686,-0.230042,-5.42029,2.61294
0.285139,372.153,0.000810897,-2.90575,-0.266516,-5.28865,2.54948
0.285139,372.153,0.000811034,-2.85317,-0.301937,-5.13613,2.47596
0.285139,372.153,0.000811172,-2.78933,-0.336167,-4.96335,2.39267
0.285139,372.153,0.00081131,-2.71448,-0.369071,-4.77098,2.29993
0.285139,372.153,0.000811448,-2.62892,-0.400517,-4.55978,2.19812
0.285139,372.153,0.000811586,-2.53298,-0.430383,-4.33058,2.08763
0.285139,372.153,0.000811724,-2.42705,-0.458551,-4.0843,1.9689
0.285139,372.153,0.000811862,-2.31154,-0.484909,-3.82189,1.84241
0.285139,372.153,0.000812,-2.18691,-0.509353,-3.5444,1.70864
0.285139,372.153,0.000812138,-2.05364,-0.531787,-3.25293,1.56813
0.285139,372.153,0.000812276,-1.91227,-0.552122,-2.94861,1.42143
0.285139,372.153,0.000812414,-1.76336,-0.570279,-2.63266,1.26912
0.285139,372.153,0.000812552,-1.60748,-0.586184,-2.30632,1.1118
0.285139,372.153,0.00081269,-1.44526,-0.599776,-1.97088,0.950093
0.285139,372.153,0.000812828,-1.27734,-0.611002,-1.62765,0.784638
0.285139,372.153,0.000812966,-1.10437,-0.619815,-1.27801,0.616085
0.285139,372.153,0.000813103,-0.927051,-0.626183,-0.923321,0.445102
0.285139,372.153,0.000813241,-0.74607,-0.63008,-0.564988,0.272362
0.285139,372.153,0.000813379,-0.562144,-0.63149,-0.204426,0.0985465
0.285139,372.153,0.000813517,-0.376,-0.630407,0.156943,-0.0756575
0.285139,372.153,0.000813655,-0.188372,-0.626837,0.517693,-0.249563
0.285139,372.153,0.000813793,-2.35198e-013,-0.620793,0.8764,-0.422483
0.285139,372.153,0.000813931,0.188372,-0.612299,1.23165,-0.593737
0.285139,372.153,0.000814069,0.376,-0.601388,1.58203,-0.762647
0.285139,372.153,0.000814207,0.562144,-0.588104,1.92618,-0.928547
0.285139,372.153,0.000814345,0.74607,-0.572499,2.26272,-1.09078
0.285139,372.153,0.000814483,0.927051,-0.554635,2.59033,-1.24871
0.285139,372.153,0.000814621,1.10437,-0.534581,2.90772,-1.40172
0.285139,372.153,0.000814759,1.27734,-0.512418,3.21364,-1.54919
0.285139,372.153,0.000814897,1.44526,-0.488233,3.50687,-1.69054
0.285139,372.153,0.000815034,1.60748,-0.462121,3.78626,-1.82523
0.285139,372.153,0.000815172,1.76336,-0.434185,4.05071,-1.95271
0.285139,372.153,0.00081531,1.91227,-0.404536,4.29917,-2.07249
0.285139,372.153,0.000815448,2.05364,-0.37329,4.53066,-2.18408
0.285139,372.153,0.000815586,2.18691,-0.340571,4.74428,-2.28706
0.285139,372.153,0.000815724,2.31154,-0.306507,4.93917,-2.38101
0.285139,372.153,0.000815862,2.42705,-0.271235,5.11457,-2.46556
0.285139,372.153,0.000816,2.53298,-0.234891,5.26978,-2.54039
0.285139,372.153,0.000816138,2.62892,-0.197621,5.4042,-2.60518
0.285139,372.153,0.000816276,2.71448,-0.159571,5.51728,-2.6597
0.285139,372.153,0.000816414,2.78933,-0.120891,5.6086,-2.70372
0.285139,372.153,0.000816552,2.85317,-0.0817336,5.67778,-2.73707
0.285139,372.153,0.00081669,2.90575,-0.0422539,5.72455,-2.75961
0.285139,372.153,0.000816828,2.94686,-0.00260749,5.74873,-2.77127
0.285139,372.153,0.000816966,2.97634,0.0370492,5.75022,-2.77199
0.285139,372.153,0.000817103,2.99408,0.0765597,5.72902,-2.76177
0.285139,372.153,0.000817241,3,0.115768,5.68521,-2.74065
0.285139,372.153,0.000817379,2.99408,0.15452,5.61896,-2.70871
0.285139,372.153,0.000817517,2.97634,0.192661,5.53054,-2.66609
0.285139,372.153,0.000817655,2.94686,0.230042,5.42029,-2.61294
0.285139,372.153,0.000817793,2.90575,0.266516,5.28865,-2.54948
0.285139,372.153,0.000817931,2.85317,0.301938,5.13613,-2.47596
0.285139,372.153,0.000818069,2.78933,0.336168,4.96335,-2.39267
0.285139,372.153,0.000818207,2.71448,0.369071,4.77098,-2.29993
0.285139,372.153,0.000818345,2.62892,0.400518,4.55978,-2.19812
0.285139,372.153,0.000818483,2.53298,0.430384,4.33058,-2.08763
0.285139,372.153,0.000818621,2.42705,0.458551,4.0843,-1.9689
0.285139,372.153,0.000818759,2.31154,0.484909,3.82189,-1.84241
0.285139,372.153,0.000818897,2.18691,0.509353,3.5444,-1.70864
0.285139,372.153,0.000819034,2.05364,0.531787,3.25293,-1.56813
0.285139,372.153,0.000819172,1.91227,0.552122,2.94861,-1.42143
0.285139,372.153,0.00081931,1.76336,0.570279,2.63266,-1.26912
0.285139,372.153,0.000819448,1.60748,0.586184,2.30632,-1.1118
0.285139,372.153,0.000819586,1.44526,0.599777,1.97088,-0.950093
0.285139,372.153,0.000819724,1.27734,0.611002,1.62765,-0.784637
0.285139,372.153,0.000819862,1.10437,0.619816,1.27801,-0.616085
0.285139,372.153,0.00082,0.927051,0.626183,0.92332,-0.445101
0.285139,372.153,0.000820138,0.74607,0.63008,0.564987,-0.272361
0.285139,372.153,0.000820276,0.562144,0.63149,0.204425,-0.0985458
0.285139,372.153,0.000820414,0.376,0.630407,-0.156944,0.0756583
0.285139,372.153,0.000820552,0.188372,0.626837,-0.517694,0.249564
0.285139,372.153,0.00082069,9.70092e-014,0.620793,-0.876401,0.422484
0.285139,372.153,0.000820828,-0.188372,0.612299,-1.23165,0.593738
0.285139,372.153,0.000820966,-0.376,0.601388,-1.58204,0.762648
0.285139,372.153,0.000821103,-0.562144,0.588104,-1.92618,0.928548
0.285139,372.153,0.000821241,-0.74607,0.572499,-2.26272,1.09078
0.285139,372.153,0.000821379,-0.927051,0.554635,-2.59033,1.24871
0.285139,372.153,0.000821517,-1.10437,0.534582,-2.90772,1.40172
0.285139,372.153,0.000821655,-1.27734,0.512419,-3.21364,1.54919
0.285139,372.153,0.000821793,-1.44526,0.488233,-3.50687,1.69054
0.285139,372.153,0.000821931,-1.60748,0.462121,-3.78626,1.82523
0.285139,372.153,0.000822069,-1.76336,0.434185,-4.05071,1.95271
0.285139,372.153,0.000822207,-1.91227,0.404536,-4.29917,2.07249
0.285139,372.153,0.000822345,-2.05364,0.37329,-4.53066,2.18408
0.285139,372.153,0.000822483,-2.18691,0.340571,-4.74428,2.28706
0.285139,372.153,0.000822621,-2.31154,0.306507,-4.93917,2.38101
0.285139,372.153,0.000822759,-2.42705,0.271235,-5.11457,2.46556
0.285139,372.153,0.000822897,-2.53298,0.234891,-5.26978,2.54039
0.285139,372.153,0.000823034,-2.62892,0.197621,-5.4042,2.60518
0.285139,372.153,0.000823172,-2.71448,0.159571,-5.51729,2.6597
0.285139,372.153,0.00082331,-2.78933,0.120891,-5.6086,2.70372
0.285139,372.153,0.000823448,-2.85317,0.0817335,-5.67778,2.73707
0.285139,372.153,0.000823586,-2.90575,0.0422539,-5.72455,2.75962
0.285139,372.153,0.000823724,-2.94686,0.00260745,-5.74873,2.77127
0.285139,372.153,0.000823862,-2.97634,-0.0370493,-5.75022,2.77199
0.285139,372.153,0.000824,-2.99408,-0.0765598,-5.72902,2.76177
0.285139,372.153,0.000824138,-3,-0.115768,-5.68521,2.74065
0.285139,372.153,0.000824276,-2.99408,-0.15452,-5.61896,2.70872
0.285139,372.153,0.000824414,-2.97634,-0.192661,-5.53054,2.66609
0.285139,372.153,0.000824552,-2.94686,-0.230043,-5.42029,2.61294
0.285139,372.153,0.00082469,-2.90575,-0.266516,-5.28865,2.54948
0.285139,372.153,0.000824828,-2.85317,-0.301938,-5.13613,2.47596
0.285139,372.153,0.000824966,-2.78933,-0.336168,-4.96335,2.39267
0.285139,372.153,0.000825103,-2.71448,-0.369071,-4.77098,2.29993
0.285139,372.153,0.000825241,-2.62892,-0.400518,-4.55978,2.19812
0.285139,372.153,0.000825379,-2.53298,-0.430384,-4.33058,2.08763
0.285139,372.153,0.000825517,-2.42705,-0.458551,-4.0843,1.9689
0.285139,372.153,0.000825655,-2.31154,-0.484909,-3.82189,1.84241
0.285139,372.153,0.000825793,-2.18691,-0.509353,-3.5444,1.70864
0.285139,372.153,0.000825931,-2.05364,-0.531787,-3.25293,1.56813
0.285139,372.153,0.000826069,-1.91227,-0.552123,-2.94861,1.42143
0.285139,372.153,0.000826207,-1.76336,-0.570279,-2.63266,1.26912
0.285139,372.153,0.000826345,-1.60748,-0.586185,-2.30632,1.1118
0.285139,372.153,0.000826483,-1.44526,-0.599777,-1.97088,0.950093
0.285139,372.153,0.000826621,-1.27734,-0.611002,-1.62765,0.784638
0.285139,372.153,0.000826759,-1.10437,-0.619816,-1.27801,0.616085
0.285139,372.153,0.000826897,-0.927051,-0.626184,-0.92332,0.445102
0.285139,372.153,0.000827034,-0.74607,-0.63008,-0.564988,0.272361
0.285139,372.153,0.000827172,-0.562144,-0.63149,-0.204425,0.0985462
0.285139,372.153,0.00082731,-0.376,-0.630408,0.156944,-0.0756579
0.285139,372.153,0.000827448,-0.188372,-0.626837,0.517694,-0.249563
0.285139,372.153,0.000827586,-2.99881e-013,-0.620793,0.876401,-0.422484
