Amp, Phaseshift, Time, Vd, Vr, VL, VC
-0.49218,372.53,0,0,0,0,0
-0.49218,372.53,2.29885e-007,0.188372,0.00216519,0.188372,0
-0.49218,372.53,4.5977e-007,0.376,0.00646214,0.373835,0.00099549
-0.49218,372.53,6.89655e-007,0.562144,0.0128378,0.554686,0.00396659
-0.49218,372.53,9.1954e-007,0.74607,0.0212202,0.729265,0.00986904
-0.49218,372.53,1.14943e-006,0.927051,0.0315186,0.895962,0.0196255
-0.49218,372.53,1.37931e-006,1.10437,0.0436247,1.05323,0.0341168
-0.49218,372.53,1.6092e-006,1.27734,0.0574132,1.1996,0.0541741
-0.49218,372.53,1.83908e-006,1.44526,0.0727427,1.33367,0.080571
-0.49218,372.53,2.06897e-006,1.60748,0.0894573,1.45417,0.114016
-0.49218,372.53,2.29885e-006,1.76336,0.107387,1.55988,0.155146
-0.49218,372.53,2.52874e-006,1.91227,0.12635,1.64974,0.204519
-0.49218,372.53,2.75862e-006,2.05364,0.146151,1.72277,0.262611
-0.49218,372.53,2.98851e-006,2.18691,0.16659,1.77814,0.329807
-0.49218,372.53,3.21839e-006,2.31154,0.187454,1.81514,0.4064
-0.49218,372.53,3.44828e-006,2.42705,0.208525,1.8332,0.492586
-0.49218,372.53,3.67816e-006,2.53298,0.229581,1.83187,0.588459
-0.49218,372.53,3.90805e-006,2.62892,0.250396,1.81088,0.694013
-0.49218,372.53,4.13793e-006,2.71448,0.270741,1.77007,0.809138
-0.49218,372.53,4.36782e-006,2.78933,0.29039,1.70945,0.933617
-0.49218,372.53,4.5977e-006,2.85317,0.309116,1.62916,1.06713
-0.49218,372.53,4.82759e-006,2.90575,0.326697,1.5295,1.20925
-0.49218,372.53,5.05747e-006,2.94686,0.342914,1.41091,1.35946
-0.49218,372.53,5.28736e-006,2.97634,0.357557,1.27397,1.51712
-0.49218,372.53,5.51724e-006,2.99408,0.370424,1.1194,1.68151
-0.49218,372.53,5.74713e-006,3,0.381321,0.948063,1.85182
-0.49218,372.53,5.97701e-006,2.99408,0.390068,0.760936,2.02714
-0.49218,372.53,6.2069e-006,2.97634,0.396495,0.559133,2.20648
-0.49218,372.53,6.43678e-006,2.94686,0.400447,0.343883,2.38878
-0.49218,372.53,6.66667e-006,2.90575,0.401787,0.116521,2.57289
-0.49218,372.53,6.89655e-006,2.85317,0.40039,-0.121512,2.75762
-0.49218,372.53,7.12644e-006,2.78933,0.396152,-0.368684,2.94171
-0.49218,372.53,7.35632e-006,2.71448,0.388987,-0.623382,3.12385
-0.49218,372.53,7.58621e-006,2.62892,0.378827,-0.883917,3.30269
-0.49218,372.53,7.81609e-006,2.53298,0.365625,-1.14854,3.47687
-0.49218,372.53,8.04598e-006,2.42705,0.349356,-1.41544,3.64497
-0.49218,372.53,8.27586e-006,2.31154,0.330013,-1.68279,3.8056
-0.49218,372.53,8.50575e-006,2.18691,0.307615,-1.9487,3.95733
-0.49218,372.53,8.73563e-006,2.05364,0.282197,-2.2113,4.09876
-0.49218,372.53,8.96552e-006,1.91227,0.253822,-2.46868,4.2285
-0.49218,372.53,9.1954e-006,1.76336,0.222569,-2.71897,4.3452
-0.49218,372.53,9.42529e-006,1.60748,0.188543,-2.96029,4.44753
-0.49218,372.53,9.65517e-006,1.44526,0.151867,-3.19082,4.53422
-0.49218,372.53,9.88506e-006,1.27734,0.112686,-3.40875,4.60404
-0.49218,372.53,1.01149e-005,1.10437,0.0711644,-3.61236,4.65585
-0.49218,372.53,1.03448e-005,0.927051,0.0274867,-3.79997,4.68857
-0.49218,372.53,1.05747e-005,0.74607,-0.0181454,-3.96999,4.70121
-0.49218,372.53,1.08046e-005,0.562144,-0.0655123,-4.12092,4.69287
-0.49218,372.53,1.10345e-005,0.376,-0.114378,-4.25136,4.66275
-0.49218,372.53,1.12644e-005,0.188372,-0.164493,-4.36,4.61016
-0.49218,372.53,1.14943e-005,3.67382e-016,-0.215593,-4.44567,4.53453
-0.49218,372.53,1.17241e-005,-0.188372,-0.267401,-4.50731,4.43541
-0.49218,372.53,1.1954e-005,-0.376,-0.319631,-4.54401,4.31246
-0.49218,372.53,1.21839e-005,-0.562144,-0.371987,-4.55498,4.16551
-0.49218,372.53,1.24138e-005,-0.74607,-0.424166,-4.53959,3.99448
-0.49218,372.53,1.26437e-005,-0.927051,-0.47586,-4.49736,3.79946
-0.49218,372.53,1.28736e-005,-1.10437,-0.526756,-4.42797,3.58067
-0.49218,372.53,1.31034e-005,-1.27734,-0.576541,-4.33125,3.33849
-0.49218,372.53,1.33333e-005,-1.44526,-0.6249,-4.20721,3.07341
-0.49218,372.53,1.35632e-005,-1.60748,-0.67152,-4.05599,2.7861
-0.49218,372.53,1.37931e-005,-1.76336,-0.716094,-3.87794,2.47735
-0.49218,372.53,1.4023e-005,-1.91227,-0.758319,-3.67353,2.14812
-0.49218,372.53,1.42529e-005,-2.05364,-0.797898,-3.44344,1.79946
-0.49218,372.53,1.44828e-005,-2.18691,-0.834548,-3.18847,1.43261
-0.49218,372.53,1.47126e-005,-2.31154,-0.867991,-2.90961,1.04891
-0.49218,372.53,1.49425e-005,-2.42705,-0.897968,-2.60797,0.649838
-0.49218,372.53,1.51724e-005,-2.53298,-0.924231,-2.28485,0.236979
-0.49218,372.53,1.54023e-005,-2.62892,-0.946549,-1.94167,-0.187955
-0.49218,372.53,1.56322e-005,-2.71448,-0.964709,-1.57998,-0.62315
-0.49218,372.53,1.58621e-005,-2.78933,-0.978519,-1.20147,-1.06669
-0.49218,372.53,1.6092e-005,-2.85317,-0.987806,-0.807956,-1.51659
-0.49218,372.53,1.63218e-005,-2.90575,-0.992419,-0.401355,-1.97075
-0.49218,372.53,1.65517e-005,-2.94686,-0.992232,0.0163096,-2.42704
-0.49218,372.53,1.67816e-005,-2.97634,-0.987141,0.442925,-2.88324
-0.49218,372.53,1.70115e-005,-2.99408,-0.977069,0.876296,-3.33709
-0.49218,372.53,1.72414e-005,-3,-0.961963,1.31416,-3.78632
-0.49218,372.53,1.74713e-005,-2.99408,-0.9418,1.7542,-4.2286
-0.49218,372.53,1.77011e-005,-2.97634,-0.916581,2.19406,-4.66161
-0.49218,372.53,1.7931e-005,-2.94686,-0.886336,2.63133,-5.08303
-0.49218,372.53,1.81609e-005,-2.90575,-0.851122,3.06362,-5.49054
-0.49218,372.53,1.83908e-005,-2.85317,-0.811024,3.48849,-5.88186
-0.49218,372.53,1.86207e-005,-2.78933,-0.766156,3.90356,-6.25475
-0.49218,372.53,1.88506e-005,-2.71448,-0.716657,4.30642,-6.607
-0.49218,372.53,1.90805e-005,-2.62892,-0.662694,4.69474,-6.9365
-0.49218,372.53,1.93103e-005,-2.53298,-0.604462,5.06621,-7.24119
-0.49218,372.53,1.95402e-005,-2.42705,-0.542179,5.4186,-7.5191
-0.49218,372.53,1.97701e-005,-2.31154,-0.47609,5.74974,-7.76838
-0.49218,372.53,2e-005,-2.18691,-0.406463,6.05756,-7.98727
-0.49218,372.53,2.02299e-005,-2.05364,-0.333588,6.34009,-8.17415
-0.49218,372.53,2.04598e-005,-1.91227,-0.257778,6.59546,-8.32752
-0.49218,372.53,2.06897e-005,-1.76336,-0.179365,6.82194,-8.44604
-0.49218,372.53,2.09195e-005,-1.60748,-0.0986995,7.01793,-8.52851
-0.49218,372.53,2.11494e-005,-1.44526,-0.0161484,7.18195,-8.57389
-0.49218,372.53,2.13793e-005,-1.27734,0.0679056,7.3127,-8.58131
-0.49218,372.53,2.16092e-005,-1.10437,0.153067,7.40903,-8.55009
-0.49218,372.53,2.18391e-005,-0.927051,0.238929,7.46997,-8.47971
-0.49218,372.53,2.2069e-005,-0.74607,0.325075,7.49472,-8.36986
-0.49218,372.53,2.22989e-005,-0.562144,0.411082,7.48264,-8.2204
-0.49218,372.53,2.25287e-005,-0.376,0.496523,7.43332,-8.0314
-0.49218,372.53,2.27586e-005,-0.188372,0.580965,7.34651,-7.80311
-0.49218,372.53,2.29885e-005,-7.34764e-016,0.663978,7.22215,-7.536
-0.49218,372.53,2.32184e-005,0.188372,0.745132,7.0604,-7.23073
-0.49218,372.53,2.34483e-005,0.376,0.824001,6.86159,-6.88814
-0.49218,372.53,2.36782e-005,0.562144,0.900165,6.62628,-6.50928
-0.49218,372.53,2.3908e-005,0.74607,0.973214,6.35519,-6.09542
-0.49218,372.53,2.41379e-005,0.927051,1.04275,6.04925,-5.64796
-0.49218,372.53,2.43678e-005,1.10437,1.10837,5.70959,-5.16854
-0.49218,372.53,2.45977e-005,1.27734,1.16972,5.3375,-4.65894
-0.49218,372.53,2.48276e-005,1.44526,1.22644,4.93448,-4.12114
-0.49218,372.53,2.50575e-005,1.60748,1.27819,4.50218,-3.55726
-0.49218,372.53,2.52874e-005,1.76336,1.32466,4.04242,-2.96958
-0.49218,372.53,2.55172e-005,1.91227,1.36554,3.5572,-2.36055
-0.49218,372.53,2.57471e-005,2.05364,1.40058,3.04864,-1.73271
-0.49218,372.53,2.5977e-005,2.18691,1.42954,2.51903,-1.08876
-0.49218,372.53,2.62069e-005,2.31154,1.45219,1.97076,-0.431504
-0.49218,372.53,2.64368e-005,2.42705,1.46836,1.40636,0.236171
-0.49218,372.53,2.66667e-005,2.53298,1.47788,0.828457,0.911277
-0.49218,372.53,2.68966e-005,2.62892,1.48063,0.239764,1.59076
-0.49218,372.53,2.71264e-005,2.71448,1.47653,-0.356915,2.27151
-0.49218,372.53,2.73563e-005,2.78933,1.46551,-0.958716,2.95038
-0.49218,372.53,2.75862e-005,2.85317,1.44755,-1.56272,3.62418
-0.49218,372.53,2.78161e-005,2.90575,1.42265,-2.16598,4.28972
-0.49218,372.53,2.8046e-005,2.94686,1.39087,-2.76551,4.94381
-0.49218,372.53,2.82759e-005,2.97634,1.35226,-3.35833,5.58329
-0.49218,372.53,2.85057e-005,2.99408,1.30696,-3.94148,6.20502
-0.49218,372.53,2.87356e-005,3,1.2551,-4.51198,6.80592
-0.49218,372.53,2.89655e-005,2.99408,1.19686,-5.06694,7.38298
-0.49218,372.53,2.91954e-005,2.97634,1.13245,-5.60349,7.93326
-0.49218,372.53,2.94253e-005,2.94686,1.06212,-6.11885,8.45393
-0.49218,372.53,2.96552e-005,2.90575,0.986138,-6.6103,8.94226
-0.49218,372.53,2.98851e-005,2.85317,0.904814,-7.07523,9.39565
-0.49218,372.53,3.01149e-005,2.78933,0.818479,-7.51114,9.81166
-0.49218,372.53,3.03448e-005,2.71448,0.727494,-7.91566,10.188
-0.49218,372.53,3.05747e-005,2.62892,0.632247,-8.28655,10.5225
-0.49218,372.53,3.08046e-005,2.53298,0.533146,-8.62171,10.8131
-0.49218,372.53,3.10345e-005,2.42705,0.430626,-8.91924,11.0583
-0.49218,372.53,3.12644e-005,2.31154,0.32514,-9.17735,11.2563
-0.49218,372.53,3.14943e-005,2.18691,0.217157,-9.39449,11.4057
-0.49218,372.53,3.17241e-005,2.05364,0.107166,-9.56926,11.5056
-0.49218,372.53,3.1954e-005,1.91227,-0.00433421,-9.70048,11.5549
-0.49218,372.53,3.21839e-005,1.76336,-0.11683,-9.78717,11.5529
-0.49218,372.53,3.24138e-005,1.60748,-0.229802,-9.82855,11.4991
-0.49218,372.53,3.26437e-005,1.44526,-0.342723,-9.82409,11.3935
-0.49218,372.53,3.28736e-005,1.27734,-0.455061,-9.77343,11.2359
-0.49218,372.53,3.31034e-005,1.10437,-0.566285,-9.67648,11.0267
-0.49218,372.53,3.33333e-005,0.927051,-0.675864,-9.53336,10.7663
-0.49218,372.53,3.35632e-005,0.74607,-0.783271,-9.3444,10.4556
-0.49218,372.53,3.37931e-005,0.562144,-0.887986,-9.11018,10.0955
-0.49218,372.53,3.4023e-005,0.376,-0.989497,-8.83148,9.6872
-0.49218,372.53,3.42529e-005,0.188372,-1.08731,-8.50933,9.23226
-0.49218,372.53,3.44828e-005,1.10215e-015,-1.18093,-8.14495,8.73235
-0.49218,372.53,3.47126e-005,-0.188372,-1.26989,-7.73979,8.18939
-0.49218,372.53,3.49425e-005,-0.376,-1.35374,-7.2955,7.60554
-0.49218,372.53,3.51724e-005,-0.562144,-1.43207,-6.81394,6.98313
-0.49218,372.53,3.54023e-005,-0.74607,-1.50445,-6.29713,6.3247
-0.49218,372.53,3.56322e-005,-0.927051,-1.57051,-5.74731,5.633
-0.49218,372.53,3.58621e-005,-1.10437,-1.6299,-5.16687,4.91093
-0.49218,372.53,3.6092e-005,-1.27734,-1.68229,-4.55837,4.16155
-0.49218,372.53,3.63218e-005,-1.44526,-1.7274,-3.92452,3.38809
-0.49218,372.53,3.65517e-005,-1.60748,-1.76497,-3.26816,2.59388
-0.49218,372.53,3.67816e-005,-1.76336,-1.79476,-2.59227,1.7824
-0.49218,372.53,3.70115e-005,-1.91227,-1.8166,-1.89991,0.957221
-0.49218,372.53,3.72414e-005,-2.05364,-1.83033,-1.19426,0.122002
-0.49218,372.53,3.74713e-005,-2.18691,-1.83583,-0.47858,-0.719528
-0.49218,372.53,3.77011e-005,-2.31154,-1.83303,0.243817,-1.56359
-0.49218,372.53,3.7931e-005,-2.42705,-1.82188,0.969563,-2.40636
-0.49218,372.53,3.81609e-005,-2.53298,-1.8024,1.69526,-3.244
-0.49218,372.53,3.83908e-005,-2.62892,-1.77461,2.41748,-4.07269
-0.49218,372.53,3.86207e-005,-2.71448,-1.7386,3.13282,-4.88861
-0.49218,372.53,3.88506e-005,-2.78933,-1.69449,3.83788,-5.68796
-0.49218,372.53,3.90805e-005,-2.85317,-1.64243,4.52928,-6.46704
-0.49218,372.53,3.93103e-005,-2.90575,-1.58261,5.20371,-7.22217
-0.49218,372.53,3.95402e-005,-2.94686,-1.51528,5.85793,-7.94981
-0.49218,372.53,3.97701e-005,-2.97634,-1.4407,6.48875,-8.64649
-0.49218,372.53,4e-005,-2.99408,-1.35917,7.09311,-9.30888
-0.49218,372.53,4.02299e-005,-3,-1.27103,7.66805,-9.93379
-0.49218,372.53,4.04598e-005,-2.99408,-1.17665,8.21074,-10.5182
-0.49218,372.53,4.06897e-005,-2.97634,-1.07644,8.71848,-11.0592
-0.49218,372.53,4.09195e-005,-2.94686,-0.970822,9.18874,-11.5541
-0.49218,372.53,4.11494e-005,-2.90575,-0.860257,9.61914,-12.0004
-0.49218,372.53,4.13793e-005,-2.85317,-0.745229,10.0075,-12.3959
-0.49218,372.53,4.16092e-005,-2.78933,-0.626242,10.3518,-12.7386
-0.49218,372.53,4.18391e-005,-2.71448,-0.503824,10.6503,-13.0265
-0.49218,372.53,4.2069e-005,-2.62892,-0.37852,10.9014,-13.2582
-0.49218,372.53,4.22989e-005,-2.53298,-0.250892,11.1037,-13.4322
-0.49218,372.53,4.25287e-005,-2.42705,-0.121512,11.256,-13.5475
-0.49218,372.53,4.27586e-005,-2.31154,0.00903382,11.3575,-13.6034
-0.49218,372.53,4.29885e-005,-2.18691,0.140154,11.4075,-13.5993
-0.49218,372.53,4.32184e-005,-2.05364,0.271251,11.4055,-13.5348
-0.49218,372.53,4.34483e-005,-1.91227,0.401726,11.3513,-13.4101
-0.49218,372.53,4.36782e-005,-1.76336,0.530979,11.245,-13.2254
-0.49218,372.53,4.3908e-005,-1.60748,0.658415,11.0869,-12.9813
-0.49218,372.53,4.41379e-005,-1.44526,0.783445,10.8776,-12.6786
-0.49218,372.53,4.43678e-005,-1.27734,0.905488,10.6178,-12.3183
-0.49218,372.53,4.45977e-005,-1.10437,1.02398,10.3085,-11.902
-0.49218,372.53,4.48276e-005,-0.927051,1.13836,9.951,-11.4312
-0.49218,372.53,4.50575e-005,-0.74607,1.24809,9.54681,-10.9079
-0.49218,372.53,4.52874e-005,-0.562144,1.35266,9.09762,-10.334
-0.49218,372.53,4.55172e-005,-0.376,1.45157,8.60536,-9.71211
-0.49218,372.53,4.57471e-005,-0.188372,1.54436,8.07216,-9.04472
-0.49218,372.53,4.5977e-005,-1.46953e-015,1.63057,7.50036,-8.33467
-0.49218,372.53,4.62069e-005,0.188372,1.70979,6.89247,-7.58498
-0.49218,372.53,4.64368e-005,0.376,1.78164,6.25119,-6.79887
-0.49218,372.53,4.66667e-005,0.562144,1.84577,5.57937,-5.97973
-0.49218,372.53,4.68966e-005,0.74607,1.90187,4.88002,-5.1311
-0.49218,372.53,4.71264e-005,0.927051,1.94964,4.15628,-4.25667
-0.49218,372.53,4.73563e-005,1.10437,1.98885,3.41141,-3.36029
-0.49218,372.53,4.75862e-005,1.27734,2.0193,2.64878,-2.44587
-0.49218,372.53,4.78161e-005,1.44526,2.04081,1.87184,-1.51746
-0.49218,372.53,4.8046e-005,1.60748,2.05327,1.08413,-0.579157
-0.49218,372.53,4.82759e-005,1.76336,2.0566,0.28924,0.364876
-0.49218,372.53,4.85057e-005,1.91227,2.05074,-0.509202,1.31044
-0.49218,372.53,4.87356e-005,2.05364,2.03572,-1.30754,2.25331
-0.49218,372.53,4.89655e-005,2.18691,2.01155,-2.10212,3.18927
-0.49218,372.53,4.91954e-005,2.31154,1.97834,-2.88928,4.11412
-0.49218,372.53,4.94253e-005,2.42705,1.93621,-3.66542,5.02371
-0.49218,372.53,4.96552e-005,2.53298,1.88533,-4.42693,5.91392
-0.49218,372.53,4.98851e-005,2.62892,1.8259,-5.17033,6.78074
-0.49218,372.53,5.01149e-005,2.71448,1.75817,-5.89215,7.62023
-0.49218,372.53,5.03448e-005,2.78933,1.68244,-6.58907,8.42858
-0.49218,372.53,5.05747e-005,2.85317,1.59901,-7.25785,9.20212
-0.49218,372.53,5.08046e-005,2.90575,1.50826,-7.89538,9.9373
-0.49218,372.53,5.10345e-005,2.94686,1.41058,-8.4987,10.6308
-0.49218,372.53,5.12644e-005,2.97634,1.30638,-9.06498,11.2793
-0.49218,372.53,5.14943e-005,2.99408,1.19613,-9.59159,11.8799
-0.49218,372.53,5.17241e-005,3,1.08031,-10.0761,12.4299
-0.49218,372.53,5.1954e-005,2.99408,0.95944,-10.5161,12.9266
-0.49218,372.53,5.21839e-005,2.97634,0.834042,-10.9097,13.3677
-0.49218,372.53,5.24138e-005,2.94686,0.704675,-11.2549,13.7512
-0.49218,372.53,5.26437e-005,2.90575,0.571916,-11.5501,14.0751
-0.49218,372.53,5.28736e-005,2.85317,0.436354,-11.7939,14.3381
-0.49218,372.53,5.31034e-005,2.78933,0.298594,-11.9851,14.5387
-0.49218,372.53,5.33333e-005,2.71448,0.159251,-12.1228,14.676
-0.49218,372.53,5.35632e-005,2.62892,0.0189483,-12.2063,14.7492
-0.49218,372.53,5.37931e-005,2.53298,-0.121686,-12.2352,14.7579
-0.49218,372.53,5.4023e-005,2.42705,-0.262022,-12.2092,14.702
-0.49218,372.53,5.42529e-005,2.31154,-0.401429,-12.1284,14.5815
-0.49218,372.53,5.44828e-005,2.18691,-0.539281,-11.9932,14.397
-0.49218,372.53,5.47126e-005,2.05364,-0.67496,-11.804,14.149
-0.49218,372.53,5.49425e-005,1.91227,-0.807854,-11.5618,13.8387
-0.49218,372.53,5.51724e-005,1.76336,-0.937365,-11.2675,13.4673
-0.49218,372.53,5.54023e-005,1.60748,-1.06291,-10.9224,13.0363
-0.49218,372.53,5.56322e-005,1.44526,-1.18392,-10.5281,12.5476
-0.49218,372.53,5.58621e-005,1.27734,-1.29986,-10.0863,12.0033
-0.49218,372.53,5.6092e-005,1.10437,-1.41019,-9.59902,11.4056
-0.49218,372.53,5.63218e-005,0.927051,-1.51443,-9.06838,10.7573
-0.49218,372.53,5.65517e-005,0.74607,-1.61209,-8.49676,10.061
-0.49218,372.53,5.67816e-005,0.562144,-1.70274,-7.88673,9.31978
-0.49218,372.53,5.70115e-005,0.376,-1.78597,-7.24104,8.53691
-0.49218,372.53,5.72414e-005,0.188372,-1.8614,-6.56256,7.71577
-0.49218,372.53,5.74713e-005,-3.49216e-015,-1.92869,-5.85437,6.85995
-0.49218,372.53,5.77011e-005,-0.188372,-1.98754,-5.11963,5.9732
-0.49218,372.53,5.7931e-005,-0.376,-2.03768,-4.36165,5.05938
-0.49218,372.53,5.81609e-005,-0.562144,-2.07887,-3.58385,4.12252
-0.49218,372.53,5.83908e-005,-0.74607,-2.11093,-2.78972,3.16672
-0.49218,372.53,5.86207e-005,-0.927051,-2.13373,-1.98284,2.19618
-0.49218,372.53,5.88506e-005,-1.10437,-2.14714,-1.16682,1.21515
-0.49218,372.53,5.90805e-005,-1.27734,-2.15111,-0.345353,0.227963
-0.49218,372.53,5.93103e-005,-1.44526,-2.14561,0.477883,-0.761052
-0.49218,372.53,5.95402e-005,-1.60748,-2.13068,1.29919,-1.74754
-0.49218,372.53,5.97701e-005,-1.76336,-2.10637,2.11487,-2.72716
-0.49218,372.53,6e-005,-1.91227,-2.07279,2.92126,-3.69561
-0.49218,372.53,6.02299e-005,-2.05364,-2.0301,3.71476,-4.64862
-0.49218,372.53,6.04598e-005,-2.18691,-1.97847,4.49181,-5.582
-0.49218,372.53,6.06897e-005,-2.31154,-1.91813,5.24892,-6.49164
-0.49218,372.53,6.09195e-005,-2.42705,-1.84937,5.98272,-7.37354
-0.49218,372.53,6.11494e-005,-2.53298,-1.77247,6.68992,-8.22382
-0.49218,372.53,6.13793e-005,-2.62892,-1.68779,7.36737,-9.03875
-0.49218,372.53,6.16092e-005,-2.71448,-1.5957,8.01206,-9.81475
-0.49218,372.53,6.18391e-005,-2.78933,-1.4966,8.62111,-10.5484
-0.49218,372.53,6.2069e-005,-2.85317,-1.39095,9.19183,-11.2365
-0.49218,372.53,6.22989e-005,-2.90575,-1.27921,9.72169,-11.876
-0.49218,372.53,6.25287e-005,-2.94686,-1.16187,10.2084,-12.4641
-0.49218,372.53,6.27586e-005,-2.97634,-1.03946,10.6497,-12.9983
-0.49218,372.53,6.29885e-005,-2.99408,-0.912519,11.0437,-13.4763
-0.49218,372.53,6.32184e-005,-3,-0.781614,11.3888,-13.8958
-0.49218,372.53,6.34483e-005,-2.99408,-0.647322,11.6833,-14.2552
-0.49218,372.53,6.36782e-005,-2.97634,-0.51024,11.9261,-14.5528
-0.49218,372.53,6.3908e-005,-2.94686,-0.370974,12.1162,-14.7874
-0.49218,372.53,6.41379e-005,-2.90575,-0.23014,12.2526,-14.9579
-0.49218,372.53,6.43678e-005,-2.85317,-0.088359,12.3349,-15.0638
-0.49218,372.53,6.45977e-005,-2.78933,0.053742,12.3628,-15.1044
-0.49218,372.53,6.48276e-005,-2.71448,0.195537,12.3362,-15.0797
-0.49218,372.53,6.50575e-005,-2.62892,0.336401,12.2552,-14.9898
-0.49218,372.53,6.52874e-005,-2.53298,0.475716,12.1204,-14.8351
-0.49218,372.53,6.55172e-005,-2.42705,0.612869,11.9323,-14.6164
-0.49218,372.53,6.57471e-005,-2.31154,0.74726,11.692,-14.3346
-0.49218,372.53,6.5977e-005,-2.18691,0.878299,11.4004,-13.991
-0.49218,372.53,6.62069e-005,-2.05364,1.00542,11.0591,-13.5872
-0.49218,372.53,6.64368e-005,-1.91227,1.12805,10.6695,-13.125
-0.49218,372.53,6.66667e-005,-1.76336,1.24568,10.2335,-12.6063
-0.49218,372.53,6.68966e-005,-1.60748,1.35779,9.75315,-12.0336
-0.49218,372.53,6.71264e-005,-1.44526,1.46388,9.23054,-11.4093
-0.49218,372.53,6.73563e-005,-1.27734,1.56352,8.66809,-10.7363
-0.49218,372.53,6.75862e-005,-1.10437,1.65626,8.06837,-10.0174
-0.49218,372.53,6.78161e-005,-0.927051,1.74171,7.4341,-9.25591
-0.49218,372.53,6.8046e-005,-0.74607,1.8195,6.76813,-8.45513
-0.49218,372.53,6.82759e-005,-0.562144,1.88931,6.07348,-7.61857
-0.49218,372.53,6.85057e-005,-0.376,1.95084,5.35326,-6.74992
-0.49218,372.53,6.87356e-005,-0.188372,2.00384,4.61071,-5.85298
-0.49218,372.53,6.89655e-005,-2.20429e-015,2.04808,3.84915,-4.93168
-0.49218,372.53,6.91954e-005,0.188372,2.08339,3.07197,-3.99003
-0.49218,372.53,6.94253e-005,0.376,2.10963,2.28264,-3.03215
-0.49218,372.53,6.96552e-005,0.562144,2.12669,1.48466,-2.06221
-0.49218,372.53,6.98851e-005,0.74607,2.13453,0.68158,-1.08441
-0.49218,372.53,7.01149e-005,0.927051,2.13311,-0.123063,-0.103022
-0.49218,372.53,7.03448e-005,1.10437,2.12247,-0.925719,0.87772
-0.49218,372.53,7.05747e-005,1.27734,2.10267,-1.72286,1.85357
-0.49218,372.53,7.08046e-005,1.44526,2.07381,-2.51098,2.82032
-0.49218,372.53,7.10345e-005,1.60748,2.03603,-3.28665,3.77379
-0.49218,372.53,7.12644e-005,1.76336,1.98952,-4.04647,4.7099
-0.49218,372.53,7.14943e-005,1.91227,1.9345,-4.78715,5.62462
-0.49218,372.53,7.17241e-005,2.05364,1.87121,-5.50548,6.51404
-0.49218,372.53,7.1954e-005,2.18691,1.79997,-6.19835,7.37437
-0.49218,372.53,7.21839e-005,2.31154,1.72109,-6.8628,8.20194
-0.49218,372.53,7.24138e-005,2.42705,1.63493,-7.49598,8.99325
-0.49218,372.53,7.26437e-005,2.53298,1.54188,-8.09519,9.74494
-0.49218,372.53,7.28736e-005,2.62892,1.44236,-8.6579,10.4538
-0.49218,372.53,7.31034e-005,2.71448,1.33682,-9.18173,11.117
-0.49218,372.53,7.33333e-005,2.78933,1.22574,-9.6645,11.7316
-0.49218,372.53,7.35632e-005,2.85317,1.1096,-10.1042,12.2952
-0.49218,372.53,7.37931e-005,2.90575,0.988919,-10.499,12.8054
-0.49218,372.53,7.4023e-005,2.94686,0.864237,-10.8474,13.26
-0.49218,372.53,7.42529e-005,2.97634,0.7361,-11.1479,13.6574
-0.49218,372.53,7.44828e-005,2.99408,0.605072,-11.3994,13.9958
-0.49218,372.53,7.47126e-005,3,0.471728,-11.6009,14.274
-0.49218,372.53,7.49425e-005,2.99408,0.336652,-11.7517,14.4909
-0.49218,372.53,7.51724e-005,2.97634,0.200431,-11.8512,14.6457
-0.49218,372.53,7.54023e-005,2.94686,0.0636582,-11.8992,14.7378
-0.49218,372.53,7.56322e-005,2.90575,-0.0730744,-11.8957,14.7671
-0.49218,372.53,7.58621e-005,2.85317,-0.209176,-11.8409,14.7335
-0.49218,372.53,7.6092e-005,2.78933,-0.344061,-11.735,14.6373
-0.49218,372.53,7.63218e-005,2.71448,-0.477151,-11.5788,14.4791
-0.49218,372.53,7.65517e-005,2.62892,-0.607876,-11.3731,14.2598
-0.49218,372.53,7.67816e-005,2.53298,-0.735679,-11.1189,13.9803
-0.49218,372.53,7.70115e-005,2.42705,-0.860019,-10.8175,13.642
-0.49218,372.53,7.72414e-005,2.31154,-0.980369,-10.4705,13.2466
-0.49218,372.53,7.74713e-005,2.18691,-1.09622,-10.0793,12.7959
-0.49218,372.53,7.77011e-005,2.05364,-1.2071,-9.64601,12.2919
-0.49218,372.53,7.7931e-005,1.91227,-1.31253,-9.1725,11.7369
-0.49218,372.53,7.81609e-005,1.76336,-1.41208,-8.661,11.1334
-0.49218,372.53,7.83908e-005,1.60748,-1.50534,-8.11386,10.4842
-0.49218,372.53,7.86207e-005,1.44526,-1.59194,-7.53358,9.79208
-0.49218,372.53,7.88506e-005,1.27734,-1.67151,-6.9228,9.06015
-0.49218,372.53,7.90805e-005,1.10437,-1.74374,-6.28427,8.29164
-0.49218,372.53,7.93103e-005,0.927051,-1.80835,-5.62085,7.48992
-0.49218,372.53,7.95402e-005,0.74607,-1.86508,-4.9355,6.6585
-0.49218,372.53,7.97701e-005,0.562144,-1.91371,-4.23127,5.80099
-0.49218,372.53,8e-005,0.376,-1.95407,-3.51128,4.92112
-0.49218,372.53,8.02299e-005,0.188372,-1.98601,-2.77868,4.0227
-0.49218,372.53,8.04598e-005,2.57167e-015,-2.00942,-2.03668,3.10959
-0.49218,372.53,8.06897e-005,-0.188372,-2.02423,-1.28854,2.18572
-0.49218,372.53,8.09195e-005,-0.376,-2.03041,-0.537482,1.25503
-0.49218,372.53,8.11494e-005,-0.562144,-2.02796,0.213234,0.321511
-0.49218,372.53,8.13793e-005,-0.74607,-2.01692,0.960379,-0.610884
-0.49218,372.53,8.16092e-005,-0.927051,-1.99737,1.70075,-1.5382
-0.49218,372.53,8.18391e-005,-1.10437,-1.96943,2.4312,-2.45654
-0.49218,372.53,8.2069e-005,-1.27734,-1.93324,3.14863,-3.36202
-0.49218,372.53,8.22989e-005,-1.44526,-1.88898,3.85,-4.25086
-0.49218,372.53,8.25287e-005,-1.60748,-1.83689,4.53237,-5.11936
-0.49218,372.53,8.27586e-005,-1.76336,-1.7772,5.19289,-5.96391
-0.49218,372.53,8.29885e-005,-1.91227,-1.7102,5.82884,-6.78101
-0.49218,372.53,8.32184e-005,-2.05364,-1.63621,6.43757,-7.56731
-0.49218,372.53,8.34483e-005,-2.18691,-1.55555,7.01661,-8.31959
-0.49218,372.53,8.36782e-005,-2.31154,-1.46862,7.5636,-9.03479
-0.49218,372.53,8.3908e-005,-2.42705,-1.37579,8.07635,-9.71001
-0.49218,372.53,8.41379e-005,-2.53298,-1.27748,8.55281,-10.3426
-0.49218,372.53,8.43678e-005,-2.62892,-1.17413,8.99111,-10.9299
-0.49218,372.53,8.45977e-005,-2.71448,-1.06621,9.38955,-11.4697
-0.49218,372.53,8.48276e-005,-2.78933,-0.954175,9.74661,-11.9599
-0.49218,372.53,8.50575e-005,-2.85317,-0.838532,10.0609,-12.3986
-0.49218,372.53,8.52874e-005,-2.90575,-0.71978,10.3314,-12.7842
-0.49218,372.53,8.55172e-005,-2.94686,-0.598434,10.5571,-13.1151
-0.49218,372.53,8.57471e-005,-2.97634,-0.475018,10.7372,-13.3903
-0.49218,372.53,8.5977e-005,-2.99408,-0.350062,10.8712,-13.6087
-0.49218,372.53,8.62069e-005,-3,-0.2241,10.9587,-13.7696
-0.49218,372.53,8.64368e-005,-2.99408,-0.0976671,10.9996,-13.8726
-0.49218,372.53,8.66667e-005,-2.97634,0.0287002,10.994,-13.9175
-0.49218,372.53,8.68966e-005,-2.94686,0.15447,10.942,-13.9043
-0.49218,372.53,8.71264e-005,-2.90575,0.279115,10.8441,-13.8333
-0.49218,372.53,8.73563e-005,-2.85317,0.402116,10.701,-13.705
-0.49218,372.53,8.75862e-005,-2.78933,0.522961,10.5135,-13.5201
-0.49218,372.53,8.78161e-005,-2.71448,0.641152,10.2827,-13.2797
-0.49218,372.53,8.8046e-005,-2.62892,0.756205,10.0096,-12.9849
-0.49218,372.53,8.82759e-005,-2.53298,0.86765,9.6957,-12.6372
-0.49218,372.53,8.85057e-005,-2.42705,0.975035,9.34251,-12.2383
-0.49218,372.53,8.87356e-005,-2.31154,1.07793,8.95171,-11.79
-0.49218,372.53,8.89655e-005,-2.18691,1.17592,8.52516,-11.2944
-0.49218,372.53,8.91954e-005,-2.05364,1.26862,8.06484,-10.7537
-0.49218,372.53,8.94253e-005,-1.91227,1.35566,7.57285,-10.1705
-0.49218,372.53,8.96552e-005,-1.76336,1.43671,7.05145,-9.54718
-0.49218,372.53,8.98851e-005,-1.60748,1.51146,6.50298,-8.88662
-0.49218,372.53,9.01149e-005,-1.44526,1.57962,5.9299,-8.1917
-0.49218,372.53,9.03448e-005,-1.27734,1.64094,5.33474,-7.46543
-0.49218,372.53,9.05747e-005,-1.10437,1.69519,4.72012,-6.71098
-0.49218,372.53,9.08046e-005,-0.927051,1.74219,4.08873,-5.93158
-0.49218,372.53,9.10345e-005,-0.74607,1.78177,3.44332,-5.13057
-0.49218,372.53,9.12644e-005,-0.562144,1.8138,2.78666,-4.31137
-0.49218,372.53,9.14943e-005,-0.376,1.83819,2.12157,-3.47744
-0.49218,372.53,9.17241e-005,-0.188372,1.85486,1.45088,-2.63229
-0.49218,372.53,9.1954e-005,-2.93906e-015,1.8638,0.777433,-1.77948
-0.49218,372.53,9.21839e-005,0.188372,1.86499,0.104058,-0.922566
-0.49218,372.53,9.24138e-005,0.376,1.85848,-0.566428,-0.0650977
-0.49218,372.53,9.26437e-005,0.562144,1.84433,-1.23124,0.789377
-0.49218,372.53,9.28736e-005,0.74607,1.82263,-1.88764,1.63735
-0.49218,372.53,9.31034e-005,0.927051,1.79352,-2.53293,2.47534
-0.49218,372.53,9.33333e-005,1.10437,1.75715,-3.16448,3.29995
-0.49218,372.53,9.35632e-005,1.27734,1.7137,-3.77975,4.10783
-0.49218,372.53,9.37931e-005,1.44526,1.6634,-4.37627,4.89574
-0.49218,372.53,9.4023e-005,1.60748,1.60648,-4.95166,5.66052
-0.49218,372.53,9.42529e-005,1.76336,1.54322,-5.50365,6.39913
-0.49218,372.53,9.44828e-005,1.91227,1.47391,-6.03008,7.10866
-0.49218,372.53,9.47126e-005,2.05364,1.39887,-6.52893,7.78632
-0.49218,372.53,9.49425e-005,2.18691,1.31843,-6.99828,8.42948
-0.49218,372.53,9.51724e-005,2.31154,1.23295,-7.43636,9.03565
-0.49218,372.53,9.54023e-005,2.42705,1.14282,-7.84155,9.60252
-0.49218,372.53,9.56322e-005,2.53298,1.04842,-8.21236,10.128
-0.49218,372.53,9.58621e-005,2.62892,0.950177,-8.54746,10.61
-0.49218,372.53,9.6092e-005,2.71448,0.848502,-8.84569,11.0469
-0.49218,372.53,9.63218e-005,2.78933,0.743835,-9.10603,11.437
-0.49218,372.53,9.65517e-005,2.85317,0.636621,-9.32764,11.779
-0.49218,372.53,9.67816e-005,2.90575,0.527313,-9.50984,12.0717
-0.49218,372.53,9.70115e-005,2.94686,0.416369,-9.65212,12.3141
-0.49218,372.53,9.72414e-005,2.97634,0.304252,-9.75413,12.5055
-0.49218,372.53,9.74713e-005,2.99408,0.191428,-9.81571,12.6454
-0.49218,372.53,9.77011e-005,3,0.0783608,-9.83686,12.7334
-0.49218,372.53,9.7931e-005,2.99408,-0.0344866,-9.81772,12.7695
-0.49218,372.53,9.81609e-005,2.97634,-0.146655,-9.75864,12.7536
-0.49218,372.53,9.83908e-005,2.94686,-0.25769,-9.6601,12.6862
-0.49218,372.53,9.86207e-005,2.90575,-0.367147,-9.52274,12.5677
-0.49218,372.53,9.88506e-005,2.85317,-0.474588,-9.34739,12.3989
-0.49218,372.53,9.90805e-005,2.78933,-0.579588,-9.13498,12.1807
-0.49218,372.53,9.93103e-005,2.71448,-0.681734,-8.88663,11.9142
-0.49218,372.53,9.95402e-005,2.62892,-0.780625,-8.60357,11.6008
-0.49218,372.53,9.97701e-005,2.53298,-0.87588,-8.28717,11.2419
-0.49218,372.53,0.0001,2.42705,-0.967132,-7.93894,10.8392
-0.49218,372.53,0.00010023,2.31154,-1.05403,-7.5605,10.3945
-0.49218,372.53,0.00010046,2.18691,-1.13626,-7.15357,9.9099
-0.49218,372.53,0.00010069,2.05364,-1.2135,-6.72,9.38748
-0.49218,372.53,0.00010092,1.91227,-1.28547,-6.26171,8.82955
-0.49218,372.53,0.000101149,1.76336,-1.35192,-5.78072,8.23853
-0.49218,372.53,0.000101379,1.60748,-1.4126,-5.27913,7.61695
-0.49218,372.53,0.000101609,1.44526,-1.4673,-4.75909,6.96748
-0.49218,372.53,0.000101839,1.27734,-1.51584,-4.22284,6.29286
-0.49218,372.53,0.000102069,1.10437,-1.55805,-3.67265,5.59592
-0.49218,372.53,0.000102299,0.927051,-1.59381,-3.11082,4.87958
-0.49218,372.53,0.000102529,0.74607,-1.623,-2.5397,4.14679
-0.49218,372.53,0.000102759,0.562144,-1.64555,-1.96164,3.40058
-0.49218,372.53,0.000102989,0.376,-1.6614,-1.37903,2.64401
-0.49218,372.53,0.000103218,0.188372,-1.67053,-0.794236,1.88015
-0.49218,372.53,0.000103448,3.30644e-015,-1.67294,-0.209615,1.11209
-0.49218,372.53,0.000103678,-0.188372,-1.66866,0.372482,0.342918
-0.49218,372.53,0.000103908,-0.376,-1.65774,0.949741,-0.424281
-0.49218,372.53,0.000104138,-0.562144,-1.64027,1.51988,-1.18646
-0.49218,372.53,0.000104368,-0.74607,-1.61636,2.08066,-1.94061
-0.49218,372.53,0.000104598,-0.927051,-1.58613,2.62991,-2.68376
-0.49218,372.53,0.000104828,-1.10437,-1.54974,3.16552,-3.41302
-0.49218,372.53,0.000105057,-1.27734,-1.50738,3.68542,-4.12554
-0.49218,372.53,0.000105287,-1.44526,-1.45925,4.18766,-4.81859
-0.49218,372.53,0.000105517,-1.60748,-1.40556,4.67036,-5.48951
-0.49218,372.53,0.000105747,-1.76336,-1.34658,5.13172,-6.13574
-0.49218,372.53,0.000105977,-1.91227,-1.28256,5.57005,-6.75486
-0.49218,372.53,0.000106207,-2.05364,-1.21378,5.98378,-7.34454
-0.49218,372.53,0.000106437,-2.18691,-1.14054,6.37141,-7.9026
-0.49218,372.53,0.000106667,-2.31154,-1.06317,6.7316,-8.42699
-0.49218,372.53,0.000106897,-2.42705,-0.981982,7.0631,-8.9158
-0.49218,372.53,0.000107126,-2.53298,-0.89733,7.3648,-9.36729
-0.49218,372.53,0.000107356,-2.62892,-0.809563,7.6357,-9.77985
-0.49218,372.53,0.000107586,-2.71448,-0.719046,7.87493,-10.1521
-0.49218,372.53,0.000107816,-2.78933,-0.626152,8.08178,-10.4827
-0.49218,372.53,0.000108046,-2.85317,-0.53126,8.25564,-10.7705
-0.49218,372.53,0.000108276,-2.90575,-0.434754,8.39606,-11.0148
-0.49218,372.53,0.000108506,-2.94686,-0.337021,8.5027,-11.2147
-0.49218,372.53,0.000108736,-2.97634,-0.238454,8.57537,-11.3696
-0.49218,372.53,0.000108966,-2.99408,-0.139442,8.61402,-11.4793
-0.49218,372.53,0.000109195,-3,-0.0403765,8.61872,-11.5434
-0.49218,372.53,0.000109425,-2.99408,0.0583555,8.58968,-11.562
-0.49218,372.53,0.000109655,-2.97634,0.15637,8.52725,-11.5351
-0.49218,372.53,0.000109885,-2.94686,0.253288,8.43189,-11.4632
-0.49218,372.53,0.000110115,-2.90575,0.348739,8.30419,-11.3468
-0.49218,372.53,0.000110345,-2.85317,0.442358,8.14487,-11.1864
-0.49218,372.53,0.000110575,-2.78933,0.533792,7.95475,-10.9831
-0.49218,372.53,0.000110805,-2.71448,0.622697,7.73478,-10.7376
-0.49218,372.53,0.000111034,-2.62892,0.708743,7.48601,-10.4513
-0.49218,372.53,0.000111264,-2.53298,0.791612,7.20961,-10.1255
-0.49218,372.53,0.000111494,-2.42705,0.871001,6.90681,-9.76151
-0.49218,372.53,0.000111724,-2.31154,0.946621,6.57897,-9.36105
-0.49218,372.53,0.000111954,-2.18691,1.0182,6.22753,-8.92583
-0.49218,372.53,0.000112184,-2.05364,1.08549,5.85398,-8.45769
-0.49218,372.53,0.000112414,-1.91227,1.14825,5.45993,-7.95861
-0.49218,372.53,0.000112644,-1.76336,1.20626,5.04701,-7.43068
-0.49218,372.53,0.000112874,-1.60748,1.25933,4.61694,-6.87608
-0.49218,372.53,0.000113103,-1.44526,1.30728,4.17149,-6.29708
-0.49218,372.53,0.000113333,-1.27734,1.34995,3.71247,-5.69603
-0.49218,372.53,0.000113563,-1.10437,1.38721,3.24171,-5.07537
-0.49218,372.53,0.000113793,-0.927051,1.41895,2.76111,-4.43757
-0.49218,372.53,0.000114023,-0.74607,1.44507,2.27256,-3.78518
-0.49218,372.53,0.000114253,-0.562144,1.4655,1.77797,-3.12078
-0.49218,372.53,0.000114483,-0.376,1.48021,1.27928,-2.44699
-0.49218,372.53,0.000114713,-0.188372,1.48915,0.77841,-1.76643
-0.49218,372.53,0.000114943,6.98432e-015,1.49234,0.27728,-1.08177
-0.49218,372.53,0.000115172,0.188372,1.48979,-0.222205,-0.395631
-0.49218,372.53,0.000115402,0.376,1.48153,-0.718156,0.289328
-0.49218,372.53,0.000115632,0.562144,1.46764,-1.20872,0.970493
-0.49218,372.53,0.000115862,0.74607,1.44819,-1.69206,1.64527
-0.49218,372.53,0.000116092,0.927051,1.42329,-2.16641,2.3111
-0.49218,372.53,0.000116322,1.10437,1.39306,-2.63002,2.96549
-0.49218,372.53,0.000116552,1.27734,1.35764,-3.08121,3.60598
-0.49218,372.53,0.000116782,1.44526,1.3172,-3.51836,4.23018
-0.49218,372.53,0.000117011,1.60748,1.27192,-3.9399,4.83579
-0.49218,372.53,0.000117241,1.76336,1.22198,-4.34435,5.42058
-0.49218,372.53,0.000117471,1.91227,1.16761,-4.73029,5.98241
-0.49218,372.53,0.000117701,2.05364,1.10903,-5.09638,6.51924
-0.49218,372.53,0.000117931,2.18691,1.04649,-5.44137,7.02914
-0.49218,372.53,0.000118161,2.31154,0.980232,-5.76409,7.51028
-0.49218,372.53,0.000118391,2.42705,0.910537,-6.06347,7.96097
-0.49218,372.53,0.000118621,2.53298,0.837681,-6.33852,8.3796
-0.49218,372.53,0.000118851,2.62892,0.761952,-6.58836,8.76474
-0.49218,372.53,0.00011908,2.71448,0.683651,-6.81222,9.11507
-0.49218,372.53,0.00011931,2.78933,0.603083,-7.00939,9.42939
-0.49218,372.53,0.00011954,2.85317,0.520563,-7.1793,9.70667
-0.49218,372.53,0.00011977,2.90575,0.436408,-7.32148,9.94601
-0.49218,372.53,0.00012,2.94686,0.350941,-7.43555,10.1467
-0.49218,372.53,0.00012023,2.97634,0.26449,-7.52125,10.308
-0.49218,372.53,0.00012046,2.99408,0.177382,-7.57842,10.4296
-0.49218,372.53,0.00012069,3,0.0899453,-7.60699,10.5112
-0.49218,372.53,0.00012092,2.99408,0.00250819,-7.60703,10.5525
-0.49218,372.53,0.000121149,2.97634,-0.0846031,-7.57869,10.5537
-0.49218,372.53,0.000121379,2.94686,-0.171065,-7.52221,10.5148
-0.49218,372.53,0.000121609,2.90575,-0.256559,-7.43796,10.4361
-0.49218,372.53,0.000121839,2.85317,-0.340771,-7.3264,10.3182
-0.49218,372.53,0.000122069,2.78933,-0.423392,-7.18807,10.1615
-0.49218,372.53,0.000122299,2.71448,-0.504123,-7.02362,9.96683
-0.49218,372.53,0.000122529,2.62892,-0.582673,-6.83379,9.73505
-0.49218,372.53,0.000122759,2.53298,-0.658758,-6.61939,9.46715
-0.49218,372.53,0.000122989,2.42705,-0.732106,-6.38134,9.16428
-0.49218,372.53,0.000123218,2.31154,-0.802458,-6.12063,8.82767
-0.49218,372.53,0.000123448,2.18691,-0.869565,-5.83831,8.45873
-0.49218,372.53,0.000123678,2.05364,-0.933192,-5.53552,8.05893
-0.49218,372.53,0.000123908,1.91227,-0.993117,-5.21346,7.62987
-0.49218,372.53,0.000124138,1.76336,-1.04913,-4.8734,7.17327
-0.49218,372.53,0.000124368,1.60748,-1.10105,-4.51666,6.69091
-0.49218,372.53,0.000124598,1.44526,-1.14869,-4.1446,6.18468
-0.49218,372.53,0.000124828,1.27734,-1.19189,-3.75865,5.65655
-0.49218,372.53,0.000125057,1.10437,-1.23051,-3.36028,5.10855
-0.49218,372.53,0.000125287,0.927051,-1.26443,-2.95099,4.5428
-0.49218,372.53,0.000125517,0.74607,-1.29354,-2.53229,3.96145
-0.49218,372.53,0.000125747,0.562144,-1.31774,-2.10576,3.36672
-0.49218,372.53,0.000125977,0.376,-1.33697,-1.67297,2.76086
-0.49218,372.53,0.000126207,0.188372,-1.35118,-1.23551,2.14616
-0.49218,372.53,0.000126437,1.46993e-014,-1.36031,-0.794981,1.52493
-0.49218,372.53,0.000126667,-0.188372,-1.36437,-0.352985,0.899495
-0.49218,372.53,0.000126897,-0.376,-1.36335,0.0888761,0.272198
-0.49218,372.53,0.000127126,-0.562144,-1.35727,0.529007,-0.354629
-0.49218,372.53,0.000127356,-0.74607,-1.34617,0.965828,-0.978661
-0.49218,372.53,0.000127586,-0.927051,-1.3301,1.39778,-1.59759
-0.49218,372.53,0.000127816,-1.10437,-1.30914,1.82332,-2.20913
-0.49218,372.53,0.000128046,-1.27734,-1.28339,2.24093,-2.81103
-0.49218,372.53,0.000128276,-1.44526,-1.25294,2.64916,-3.4011
-0.49218,372.53,0.000128506,-1.60748,-1.21792,3.04655,-3.97716
-0.49218,372.53,0.000128736,-1.76336,-1.17847,3.43172,-4.53712
-0.49218,372.53,0.000128966,-1.91227,-1.13476,3.80332,-5.07895
-0.49218,372.53,0.000129195,-2.05364,-1.08694,4.16006,-5.60067
-0.49218,372.53,0.000129425,-2.18691,-1.03521,4.50071,-6.10042
-0.49218,372.53,0.000129655,-2.31154,-0.979758,4.82408,-6.57637
-0.49218,372.53,0.000129885,-2.42705,-0.920803,5.12908,-7.02684
-0.49218,372.53,0.000130115,-2.53298,-0.858565,5.41466,-7.45019
-0.49218,372.53,0.000130345,-2.62892,-0.79328,5.67984,-7.84494
-0.49218,372.53,0.000130575,-2.71448,-0.725191,5.92374,-8.20966
-0.49218,372.53,0.000130805,-2.78933,-0.654553,6.14552,-8.54308
-0.49218,372.53,0.000131034,-2.85317,-0.581628,6.34447,-8.84403
-0.49218,372.53,0.000131264,-2.90575,-0.506686,6.51991,-9.11144
-0.49218,372.53,0.000131494,-2.94686,-0.430005,6.67127,-9.3444
-0.49218,372.53,0.000131724,-2.97634,-0.351867,6.79806,-9.54211
-0.49218,372.53,0.000131954,-2.99408,-0.272557,6.89989,-9.70388
-0.49218,372.53,0.000132184,-3,-0.192368,6.97644,-9.8292
-0.49218,372.53,0.000132414,-2.99408,-0.111593,7.02749,-9.91764
-0.49218,372.53,0.000132644,-2.97634,-0.030525,7.05289,-9.96895
-0.49218,372.53,0.000132874,-2.94686,0.0505395,7.05261,-9.98298
-0.49218,372.53,0.000133103,-2.90575,0.131306,7.02669,-9.95975
-0.49218,372.53,0.000133333,-2.85317,0.211482,6.97527,-9.89938
-0.49218,372.53,0.000133563,-2.78933,0.290775,6.89857,-9.80214
-0.49218,372.53,0.000133793,-2.71448,0.368901,6.79689,-9.66845
-0.49218,372.53,0.000134023,-2.62892,0.445575,6.67063,-9.49884
-0.49218,372.53,0.000134253,-2.53298,0.52052,6.52029,-9.29398
-0.49218,372.53,0.000134483,-2.42705,0.593468,6.34641,-9.05466
-0.49218,372.53,0.000134713,-2.31154,0.664153,6.14966,-8.7818
-0.49218,372.53,0.000134943,-2.18691,0.732323,5.93074,-8.47645
-0.49218,372.53,0.000135172,-2.05364,0.797731,5.69048,-8.13975
-0.49218,372.53,0.000135402,-1.91227,0.860142,5.42974,-7.77297
-0.49218,372.53,0.000135632,-1.76336,0.919331,5.14948,-7.37751
-0.49218,372.53,0.000135862,-1.60748,0.975086,4.85069,-6.95483
-0.49218,372.53,0.000136092,-1.44526,1.02721,4.53448,-6.50651
-0.49218,372.53,0.000136322,-1.27734,1.0755,4.20197,-6.03423
-0.49218,372.53,0.000136552,-1.10437,1.11981,3.85435,-5.53975
-0.49218,372.53,0.000136782,-0.927051,1.15996,3.49289,-5.02489
-0.49218,372.53,0.000137011,-0.74607,1.1958,3.11887,-4.49158
-0.49218,372.53,0.000137241,-0.562144,1.22723,2.73363,-3.94178
-0.49218,372.53,0.000137471,-0.376,1.25411,2.33856,-3.37754
-0.49218,372.53,0.000137701,-0.188372,1.27635,1.93506,-2.80094
-0.49218,372.53,0.0012646,0.188372,1.51436,1.82381,-2.44221
-0.49218,372.53,0.00126483,0.376,1.52935,1.30385,-1.74596
-0.49218,372.53,0.00126506,0.562144,1.5383,0.778753,-1.04281
-0.49218,372.53,0.00126529,0.74607,1.54118,0.250579,-0.335544
-0.49218,372.53,0.00126552,0.927051,1.53798,-0.278583,0.373043
-0.49218,372.53,0.00126575,1.10437,1.5287,-0.806646,1.08016
-0.49218,372.53,0.00126598,1.27734,1.5134,-1.33153,1.78301
-0.49218,372.53,0.00126621,1.44526,1.49212,-1.85115,2.47883
-0.49218,372.53,0.00126644,1.60748,1.46496,-2.36347,3.16486
-0.49218,372.53,0.00126667,1.76336,1.43201,-2.86646,3.8384
-0.49218,372.53,0.0012669,1.91227,1.39341,-3.35814,4.4968
-0.49218,372.53,0.00126713,2.05364,1.34931,-3.83657,5.13745
-0.49218,372.53,0.00126736,2.18691,1.29989,-4.29985,5.75782
-0.49218,372.53,0.00126759,2.31154,1.24533,-4.74617,6.35547
-0.49218,372.53,0.00126782,2.42705,1.18586,-5.17375,6.92803
-0.49218,372.53,0.00126805,2.53298,1.12172,-5.58092,7.47326
-0.49218,372.53,0.00126828,2.62892,1.05314,-5.96606,7.98899
-0.49218,372.53,0.00126851,2.71448,0.980409,-6.32765,8.47319
-0.49218,372.53,0.00126874,2.78933,0.903808,-6.66427,8.92396
-0.49218,372.53,0.00126897,2.85317,0.823641,-6.9746,9.3395
-0.49218,372.53,0.0012692,2.90575,0.740222,-7.25739,9.71819
-0.49218,372.53,0.00126943,2.94686,0.653883,-7.51155,10.0585
-0.49218,372.53,0.00126966,2.97634,0.564963,-7.73606,10.3592
-0.49218,372.53,0.00126989,2.99408,0.473813,-7.93004,10.6189
-0.49218,372.53,0.00127011,3,0.380793,-8.09272,10.8368
-0.49218,372.53,0.00127034,2.99408,0.28627,-8.22346,11.0118
-0.49218,372.53,0.00127057,2.97634,0.190618,-8.32176,11.1434
-0.49218,372.53,0.0012708,2.94686,0.0942133,-8.3872,11.2311
-0.49218,372.53,0.00127103,2.90575,-0.00256315,-8.41955,11.2744
-0.49218,372.53,0.00127126,2.85317,-0.0993295,-8.41867,11.2732
-0.49218,372.53,0.00127149,2.78933,-0.195704,-8.38457,11.2276
-0.49218,372.53,0.00127172,2.71448,-0.291306,-8.31737,11.1376
-0.49218,372.53,0.00127195,2.62892,-0.385758,-8.21735,11.0036
-0.49218,372.53,0.00127218,2.53298,-0.478688,-8.0849,10.8263
-0.49218,372.53,0.00127241,2.42705,-0.569729,-7.92055,10.6062
-0.49218,372.53,0.00127264,2.31154,-0.658521,-7.72493,10.3443
-0.49218,372.53,0.00127287,2.18691,-0.744715,-7.49883,10.0415
-0.49218,372.53,0.0012731,2.05364,-0.827969,-7.24313,9.69909
-0.49218,372.53,0.00127333,1.91227,-0.907956,-6.95885,9.31841
-0.49218,372.53,0.00127356,1.76336,-0.984359,-6.6471,8.90096
-0.49218,372.53,0.00127379,1.60748,-1.05688,-6.30912,8.44838
-0.49218,372.53,0.00127402,1.44526,-1.12523,-5.94624,7.96246
-0.49218,372.53,0.00127425,1.27734,-1.18913,-5.5599,7.44512
-0.49218,372.53,0.00127448,1.10437,-1.24835,-5.15161,6.89839
-0.49218,372.53,0.00127471,0.927051,-1.30263,-4.72299,6.32444
-0.49218,372.53,0.00127494,0.74607,-1.35178,-4.27573,5.72553
-0.49218,372.53,0.00127517,0.562144,-1.39559,-3.8116,5.10402
-0.49218,372.53,0.0012754,0.376,-1.4339,-3.33243,4.46237
-0.49218,372.53,0.00127563,0.188372,-1.46654,-2.8401,3.8031
-0.49218,372.53,0.00127586,8.80497e-015,-1.4934,-2.33656,3.12883
-0.49218,372.53,0.00127609,-0.188372,-1.51436,-1.82381,2.44221
-0.49218,372.53,0.00127632,-0.376,-1.52935,-1.30385,1.74596
-0.49218,372.53,0.00127655,-0.562144,-1.5383,-0.778753,1.04281
-0.49218,372.53,0.00127678,-0.74607,-1.54118,-0.250579,0.335544
-0.49218,372.53,0.00127701,-0.927051,-1.53798,0.278583,-0.373043
-0.49218,372.53,0.00127724,-1.10437,-1.5287,0.806646,-1.08016
-0.49218,372.53,0.00127747,-1.27734,-1.5134,1.33153,-1.78301
-0.49218,372.53,0.0012777,-1.44526,-1.49212,1.85115,-2.47883
-0.49218,372.53,0.00127793,-1.60748,-1.46496,2.36347,-3.16486
-0.49218,372.53,0.00127816,-1.76336,-1.43201,2.86646,-3.8384
-0.49218,372.53,0.00127839,-1.91227,-1.39341,3.35814,-4.4968
-0.49218,372.53,0.00127862,-2.05364,-1.34931,3.83657,-5.13745
-0.49218,372.53,0.00127885,-2.18691,-1.29989,4.29985,-5.75782
-0.49218,372.53,0.00127908,-2.31154,-1.24533,4.74617,-6.35547
-0.49218,372.53,0.00127931,-2.42705,-1.18586,5.17375,-6.92803
-0.49218,372.53,0.00127954,-2.53298,-1.12172,5.58092,-7.47326
-0.49218,372.53,0.00127977,-2.62892,-1.05314,5.96606,-7.98899
-0.49218,372.53,0.00128,-2.71448,-0.980409,6.32765,-8.47319
-0.49218,372.53,0.00128023,-2.78933,-0.903808,6.66427,-8.92396
-0.49218,372.53,0.00128046,-2.85317,-0.823641,6.9746,-9.3395
-0.49218,372.53,0.00128069,-2.90575,-0.740222,7.25739,-9.71819
-0.49218,372.53,0.00128092,-2.94686,-0.653883,7.51155,-10.0585
-0.49218,372.53,0.00128115,-2.97634,-0.564963,7.73606,-10.3592
-0.49218,372.53,0.00128138,-2.99408,-0.473813,7.93004,-10.6189
-0.49218,372.53,0.00128161,-3,-0.380793,8.09272,-10.8368
-0.49218,372.53,0.00128184,-2.99408,-0.28627,8.22346,-11.0118
-0.49218,372.53,0.00128207,-2.97634,-0.190618,8.32176,-11.1434
-0.49218,372.53,0.0012823,-2.94686,-0.0942133,8.3872,-11.2311
-0.49218,372.53,0.00128253,-2.90575,0.00256314,8.41955,-11.2744
-0.49218,372.53,0.00128276,-2.85317,0.0993295,8.41867,-11.2732
-0.49218,372.53,0.00128299,-2.78933,0.195704,8.38457,-11.2276
-0.49218,372.53,0.00128322,-2.71448,0.291306,8.31737,-11.1376
-0.49218,372.53,0.00128345,-2.62892,0.385758,8.21735,-11.0036
-0.49218,372.53,0.00128368,-2.53298,0.478688,8.0849,-10.8263
-0.49218,372.53,0.00128391,-2.42705,0.569729,7.92055,-10.6062
-0.49218,372.53,0.00128414,-2.31154,0.658521,7.72493,-10.3443
-0.49218,372.53,0.00128437,-2.18691,0.744715,7.49883,-10.0415
-0.49218,372.53,0.0012846,-2.05364,0.827969,7.24313,-9.69909
-0.49218,372.53,0.00128483,-1.91227,0.907956,6.95885,-9.31841
-0.49218,372.53,0.00128506,-1.76336,0.984359,6.6471,-8.90096
-0.49218,372.53,0.00128529,-1.60748,1.05688,6.30912,-8.44838
-0.49218,372.53,0.00128552,-1.44526,1.12523,5.94624,-7.96246
-0.49218,372.53,0.00128575,-1.27734,1.18913,5.5599,-7.44512
-0.49218,372.53,0.00128598,-1.10437,1.24835,5.15161,-6.89839
-0.49218,372.53,0.00128621,-0.927051,1.30263,4.72299,-6.32444
-0.49218,372.53,0.00128644,-0.74607,1.35178,4.27573,-5.72553
-0.49218,372.53,0.00128667,-0.562144,1.39559,3.8116,-5.10402
-0.49218,372.53,0.0012869,-0.376,1.4339,3.33243,-4.46237
-0.49218,372.53,0.00128713,-0.188372,1.46654,2.8401,-3.8031
-0.49218,372.53,0.00128736,-4.11468e-014,1.4934,2.33656,-3.12883
-0.49218,372.53,0.00128759,0.188372,1.51436,1.82381,-2.44221
-0.49218,372.53,0.00128782,0.376,1.52935,1.30385,-1.74596
-0.49218,372.53,0.00128805,0.562144,1.5383,0.778753,-1.04281
-0.49218,372.53,0.00128828,0.74607,1.54118,0.250579,-0.335544
-0.49218,372.53,0.00128851,0.927051,1.53798,-0.278583,0.373043
-0.49218,372.53,0.00128874,1.10437,1.5287,-0.806646,1.08016
-0.49218,372.53,0.00128897,1.27734,1.5134,-1.33153,1.78301
-0.49218,372.53,0.0012892,1.44526,1.49212,-1.85115,2.47883
-0.49218,372.53,0.00128943,1.60748,1.46496,-2.36347,3.16486
-0.49218,372.53,0.00128966,1.76336,1.43201,-2.86646,3.8384
-0.49218,372.53,0.00128989,1.91227,1.39341,-3.35814,4.4968
-0.49218,372.53,0.00129011,2.05364,1.34931,-3.83657,5.13745
-0.49218,372.53,0.00129034,2.18691,1.29989,-4.29985,5.75782
-0.49218,372.53,0.00129057,2.31154,1.24533,-4.74617,6.35547
-0.49218,372.53,0.0012908,2.42705,1.18586,-5.17375,6.92803
-0.49218,372.53,0.00129103,2.53298,1.12172,-5.58092,7.47326
-0.49218,372.53,0.00129126,2.62892,1.05314,-5.96606,7.98899
-0.49218,372.53,0.00129149,2.71448,0.980409,-6.32765,8.47319
-0.49218,372.53,0.00129172,2.78933,0.903808,-6.66427,8.92396
-0.49218,372.53,0.00129195,2.85317,0.823641,-6.9746,9.3395
-0.49218,372.53,0.00129218,2.90575,0.740222,-7.25739,9.71819
-0.49218,372.53,0.00129241,2.94686,0.653883,-7.51155,10.0585
-0.49218,372.53,0.00129264,2.97634,0.564963,-7.73606,10.3592
-0.49218,372.53,0.00129287,2.99408,0.473813,-7.93004,10.6189
-0.49218,372.53,0.0012931,3,0.380793,-8.09272,10.8368
-0.49218,372.53,0.00129333,2.99408,0.28627,-8.22346,11.0118
-0.49218,372.53,0.00129356,2.97634,0.190618,-8.32176,11.1434
-0.49218,372.53,0.00129379,2.94686,0.0942133,-8.3872,11.2311
-0.49218,372.53,0.00129402,2.90575,-0.00256312,-8.41955,11.2744
-0.49218,372.53,0.00129425,2.85317,-0.0993295,-8.41867,11.2732
-0.49218,372.53,0.00129448,2.78933,-0.195704,-8.38457,11.2276
-0.49218,372.53,0.00129471,2.71448,-0.291306,-8.31737,11.1376
-0.49218,372.53,0.00129494,2.62892,-0.385758,-8.21735,11.0036
-0.49218,372.53,0.00129517,2.53298,-0.478688,-8.0849,10.8263
-0.49218,372.53,0.0012954,2.42705,-0.569729,-7.92055,10.6062
-0.49218,372.53,0.00129563,2.31154,-0.658521,-7.72493,10.3443
-0.49218,372.53,0.00129586,2.18691,-0.744715,-7.49883,10.0415
-0.49218,372.53,0.00129609,2.05364,-0.827969,-7.24313,9.69909
-0.49218,372.53,0.00129632,1.91227,-0.907956,-6.95885,9.31841
-0.49218,372.53,0.00129655,1.76336,-0.984359,-6.6471,8.90096
-0.49218,372.53,0.00129678,1.60748,-1.05688,-6.30912,8.44838
-0.49218,372.53,0.00129701,1.44526,-1.12523,-5.94624,7.96246
-0.49218,372.53,0.00129724,1.27734,-1.18913,-5.5599,7.44512
-0.49218,372.53,0.00129747,1.10437,-1.24835,-5.15161,6.89839
-0.49218,372.53,0.0012977,0.927051,-1.30263,-4.72299,6.32444
-0.49218,372.53,0.00129793,0.74607,-1.35178,-4.27573,5.72553
-0.49218,372.53,0.00129816,0.562144,-1.39559,-3.8116,5.10402
-0.49218,372.53,0.00129839,0.376,-1.4339,-3.33243,4.46237
-0.49218,372.53,0.00129862,0.188372,-1.46654,-2.8401,3.8031
-0.49218,372.53,0.00129885,7.34886e-014,-1.4934,-2.33656,3.12883
-0.49218,372.53,0.00129908,-0.188372,-1.51436,-1.82381,2.44221
-0.49218,372.53,0.00129931,-0.376,-1.52935,-1.30385,1.74596
-0.49218,372.53,0.00129954,-0.562144,-1.5383,-0.778753,1.04281
-0.49218,372.53,0.00129977,-0.74607,-1.54118,-0.25058,0.335545
-0.49218,372.53,0.0013,-0.927051,-1.53798,0.278583,-0.373043
-0.49218,372.53,0.00130023,-1.10437,-1.5287,0.806646,-1.08016
-0.49218,372.53,0.00130046,-1.27734,-1.5134,1.33153,-1.78301
-0.49218,372.53,0.00130069,-1.44526,-1.49212,1.85115,-2.47883
-0.49218,372.53,0.00130092,-1.60748,-1.46496,2.36347,-3.16486
-0.49218,372.53,0.00130115,-1.76336,-1.43201,2.86646,-3.8384
-0.49218,372.53,0.00130138,-1.91227,-1.39341,3.35814,-4.4968
-0.49218,372.53,0.00130161,-2.05364,-1.34931,3.83657,-5.13745
-0.49218,372.53,0.00130184,-2.18691,-1.29989,4.29985,-5.75782
-0.49218,372.53,0.00130207,-2.31154,-1.24533,4.74617,-6.35547
-0.49218,372.53,0.0013023,-2.42705,-1.18586,5.17375,-6.92803
-0.49218,372.53,0.00130253,-2.53298,-1.12172,5.58092,-7.47326
-0.49218,372.53,0.00130276,-2.62892,-1.05314,5.96606,-7.98899
-0.49218,372.53,0.00130299,-2.71448,-0.980409,6.32765,-8.47319
-0.49218,372.53,0.00130322,-2.78933,-0.903808,6.66427,-8.92396
-0.49218,372.53,0.00130345,-2.85317,-0.823641,6.9746,-9.3395
-0.49218,372.53,0.00130368,-2.90575,-0.740222,7.25739,-9.71819
-0.49218,372.53,0.00130391,-2.94686,-0.653883,7.51155,-10.0585
-0.49218,372.53,0.00130414,-2.97634,-0.564963,7.73606,-10.3592
-0.49218,372.53,0.00130437,-2.99408,-0.473813,7.93004,-10.6189
-0.49218,372.53,0.0013046,-3,-0.380793,8.09272,-10.8368
-0.49218,372.53,0.00130483,-2.99408,-0.28627,8.22346,-11.0118
-0.49218,372.53,0.00130506,-2.97634,-0.190618,8.32176,-11.1434
-0.49218,372.53,0.00130529,-2.94686,-0.0942134,8.3872,-11.2311
-0.49218,372.53,0.00130552,-2.90575,0.0025631,8.41955,-11.2744
-0.49218,372.53,0.00130575,-2.85317,0.0993294,8.41867,-11.2732
-0.49218,372.53,0.00130598,-2.78933,0.195704,8.38457,-11.2276
-0.49218,372.53,0.00130621,-2.71448,0.291306,8.31737,-11.1376
-0.49218,372.53,0.00130644,-2.62892,0.385758,8.21735,-11.0036
-0.49218,372.53,0.00130667,-2.53298,0.478688,8.0849,-10.8263
-0.49218,372.53,0.0013069,-2.42705,0.569729,7.92055,-10.6062
-0.49218,372.53,0.00130713,-2.31154,0.658521,7.72493,-10.3443
-0.49218,372.53,0.00130736,-2.18691,0.744714,7.49883,-10.0415
-0.49218,372.53,0.00130759,-2.05364,0.827969,7.24313,-9.69909
-0.49218,372.53,0.00130782,-1.91227,0.907956,6.95885,-9.31841
-0.49218,372.53,0.00130805,-1.76336,0.984359,6.6471,-8.90096
-0.49218,372.53,0.00130828,-1.60748,1.05688,6.30912,-8.44838
-0.49218,372.53,0.00130851,-1.44526,1.12523,5.94624,-7.96246
-0.49218,372.53,0.00130874,-1.27734,1.18913,5.5599,-7.44512
-0.49218,372.53,0.00130897,-1.10437,1.24835,5.15161,-6.89839
-0.49218,372.53,0.0013092,-0.927051,1.30263,4.72299,-6.32444
-0.49218,372.53,0.00130943,-0.74607,1.35178,4.27573,-5.72553
-0.49218,372.53,0.00130966,-0.562144,1.39559,3.8116,-5.10402
-0.49218,372.53,0.00130989,-0.376,1.4339,3.33243,-4.46237
-0.49218,372.53,0.00131011,-0.188372,1.46654,2.8401,-3.8031
-0.49218,372.53,0.00131034,6.46999e-014,1.4934,2.33656,-3.12883
-0.49218,372.53,0.00131057,0.188372,1.51436,1.82381,-2.44221
-0.49218,372.53,0.0013108,0.376,1.52935,1.30385,-1.74596
-0.49218,372.53,0.00131103,0.562144,1.5383,0.778753,-1.04281
-0.49218,372.53,0.00131126,0.74607,1.54118,0.25058,-0.335545
-0.49218,372.53,0.00131149,0.927051,1.53798,-0.278583,0.373043
-0.49218,372.53,0.00131172,1.10437,1.5287,-0.806646,1.08016
-0.49218,372.53,0.00131195,1.27734,1.5134,-1.33153,1.78301
-0.49218,372.53,0.00131218,1.44526,1.49212,-1.85115,2.47883
-0.49218,372.53,0.00131241,1.60748,1.46496,-2.36347,3.16486
-0.49218,372.53,0.00131264,1.76336,1.43201,-2.86646,3.8384
-0.49218,372.53,0.00131287,1.91227,1.39341,-3.35814,4.4968
-0.49218,372.53,0.0013131,2.05364,1.34931,-3.83657,5.13745
-0.49218,372.53,0.00131333,2.18691,1.29989,-4.29985,5.75782
-0.49218,372.53,0.00131356,2.31154,1.24533,-4.74617,6.35547
-0.49218,372.53,0.00131379,2.42705,1.18586,-5.17375,6.92803
-0.49218,372.53,0.00131402,2.53298,1.12172,-5.58092,7.47326
-0.49218,372.53,0.00131425,2.62892,1.05314,-5.96606,7.98899
-0.49218,372.53,0.00131448,2.71448,0.980409,-6.32765,8.47319
-0.49218,372.53,0.00131471,2.78933,0.903808,-6.66427,8.92396
-0.49218,372.53,0.00131494,2.85317,0.823641,-6.9746,9.3395
-0.49218,372.53,0.00131517,2.90575,0.740222,-7.25739,9.71819
-0.49218,372.53,0.0013154,2.94686,0.653883,-7.51155,10.0585
-0.49218,372.53,0.00131563,2.97634,0.564963,-7.73606,10.3592
-0.49218,372.53,0.00131586,2.99408,0.473813,-7.93004,10.6189
-0.49218,372.53,0.00131609,3,0.380793,-8.09272,10.8368
-0.49218,372.53,0.00131632,2.99408,0.28627,-8.22346,11.0118
-0.49218,372.53,0.00131655,2.97634,0.190618,-8.32176,11.1434
-0.49218,372.53,0.00131678,2.94686,0.0942134,-8.3872,11.2311
-0.49218,372.53,0.00131701,2.90575,-0.00256309,-8.41955,11.2744
-0.49218,372.53,0.00131724,2.85317,-0.0993294,-8.41867,11.2732
-0.49218,372.53,0.00131747,2.78933,-0.195704,-8.38457,11.2276
-0.49218,372.53,0.0013177,2.71448,-0.291306,-8.31737,11.1376
-0.49218,372.53,0.00131793,2.62892,-0.385758,-8.21735,11.0036
-0.49218,372.53,0.00131816,2.53298,-0.478688,-8.0849,10.8263
-0.49218,372.53,0.00131839,2.42705,-0.569729,-7.92055,10.6062
-0.49218,372.53,0.00131862,2.31154,-0.658521,-7.72493,10.3443
-0.49218,372.53,0.00131885,2.18691,-0.744714,-7.49883,10.0415
-0.49218,372.53,0.00131908,2.05364,-0.827969,-7.24313,9.69909
-0.49218,372.53,0.00131931,1.91227,-0.907956,-6.95885,9.31841
-0.49218,372.53,0.00131954,1.76336,-0.984359,-6.6471,8.90096
-0.49218,372.53,0.00131977,1.60748,-1.05688,-6.30912,8.44838
-0.49218,372.53,0.00132,1.44526,-1.12523,-5.94624,7.96246
-0.49218,372.53,0.00132023,1.27734,-1.18913,-5.5599,7.44512
-0.49218,372.53,0.00132046,1.10437,-1.24835,-5.15161,6.89839
-0.49218,372.53,0.00132069,0.927051,-1.30263,-4.72299,6.32444
-0.49218,372.53,0.00132092,0.74607,-1.35178,-4.27573,5.72553
-0.49218,372.53,0.00132115,0.562144,-1.39559,-3.8116,5.10402
-0.49218,372.53,0.00132138,0.376,-1.4339,-3.33243,4.46237
-0.49218,372.53,0.00132161,0.188372,-1.46654,-2.8401,3.8031
-0.49218,372.53,0.00132184,-3.23581e-014,-1.4934,-2.33656,3.12883
-0.49218,372.53,0.00132207,-0.188372,-1.51436,-1.82381,2.44221
-0.49218,372.53,0.0013223,-0.376,-1.52935,-1.30385,1.74596
-0.49218,372.53,0.00132253,-0.562144,-1.5383,-0.778753,1.04281
-0.49218,372.53,0.00132276,-0.74607,-1.54118,-0.25058,0.335545
-0.49218,372.53,0.00132299,-0.927051,-1.53798,0.278583,-0.373043
-0.49218,372.53,0.00132322,-1.10437,-1.5287,0.806646,-1.08016
-0.49218,372.53,0.00132345,-1.27734,-1.5134,1.33153,-1.78301
-0.49218,372.53,0.00132368,-1.44526,-1.49212,1.85115,-2.47883
-0.49218,372.53,0.00132391,-1.60748,-1.46496,2.36347,-3.16486
-0.49218,372.53,0.00132414,-1.76336,-1.43201,2.86646,-3.8384
-0.49218,372.53,0.00132437,-1.91227,-1.39341,3.35814,-4.4968
-0.49218,372.53,0.0013246,-2.05364,-1.34931,3.83657,-5.13745
-0.49218,372.53,0.00132483,-2.18691,-1.29989,4.29985,-5.75782
-0.49218,372.53,0.00132506,-2.31154,-1.24533,4.74617,-6.35547
-0.49218,372.53,0.00132529,-2.42705,-1.18586,5.17375,-6.92803
-0.49218,372.53,0.00132552,-2.53298,-1.12172,5.58092,-7.47326
-0.49218,372.53,0.00132575,-2.62892,-1.05314,5.96606,-7.98899
-0.49218,372.53,0.00132598,-2.71448,-0.980409,6.32765,-8.47319
-0.49218,372.53,0.00132621,-2.78933,-0.903808,6.66427,-8.92396
-0.49218,372.53,0.00132644,-2.85317,-0.823641,6.9746,-9.3395
-0.49218,372.53,0.00132667,-2.90575,-0.740222,7.25739,-9.71819
-0.49218,372.53,0.0013269,-2.94686,-0.653883,7.51155,-10.0585
-0.49218,372.53,0.00132713,-2.97634,-0.564963,7.73606,-10.3592
-0.49218,372.53,0.00132736,-2.99408,-0.473813,7.93004,-10.6189
-0.49218,372.53,0.00132759,-3,-0.380793,8.09272,-10.8368
-0.49218,372.53,0.00132782,-2.99408,-0.28627,8.22346,-11.0118
-0.49218,372.53,0.00132805,-2.97634,-0.190618,8.32176,-11.1434
-0.49218,372.53,0.00132828,-2.94686,-0.0942134,8.3872,-11.2311
-0.49218,372.53,0.00132851,-2.90575,0.00256308,8.41955,-11.2744
-0.49218,372.53,0.00132874,-2.85317,0.0993294,8.41867,-11.2732
-0.49218,372.53,0.00132897,-2.78933,0.195704,8.38457,-11.2276
-0.49218,372.53,0.0013292,-2.71448,0.291306,8.31737,-11.1376
-0.49218,372.53,0.00132943,-2.62892,0.385758,8.21735,-11.0036
-0.49218,372.53,0.00132966,-2.53298,0.478688,8.0849,-10.8263
-0.49218,372.53,0.00132989,-2.42705,0.569729,7.92055,-10.6062
-0.49218,372.53,0.00133011,-2.31154,0.658521,7.72493,-10.3443
-0.49218,372.53,0.00133034,-2.18691,0.744714,7.49883,-10.0415
-0.49218,372.53,0.00133057,-2.05364,0.827969,7.24313,-9.69909
-0.49218,372.53,0.0013308,-1.91227,0.907956,6.95885,-9.31841
-0.49218,372.53,0.00133103,-1.76336,0.984359,6.6471,-8.90096
-0.49218,372.53,0.00133126,-1.60748,1.05688,6.30912,-8.44838
-0.49218,372.53,0.00133149,-1.44526,1.12523,5.94624,-7.96246
-0.49218,372.53,0.00133172,-1.27734,1.18913,5.5599,-7.44512
-0.49218,372.53,0.00133195,-1.10437,1.24835,5.15161,-6.89839
-0.49218,372.53,0.00133218,-0.927051,1.30263,4.72299,-6.32444
-0.49218,372.53,0.00133241,-0.74607,1.35178,4.27573,-5.72553
-0.49218,372.53,0.00133264,-0.562144,1.39559,3.8116,-5.10402
-0.49218,372.53,0.00133287,-0.376,1.4339,3.33243,-4.46237
-0.49218,372.53,0.0013331,-0.188372,1.46654,2.8401,-3.8031
-0.49218,372.53,0.00133333,1.6263e-017,1.4934,2.33656,-3.12883
-0.49218,372.53,0.00133356,0.188372,1.51436,1.82381,-2.44221
-0.49218,372.53,0.00133379,0.376,1.52935,1.30385,-1.74596
-0.49218,372.53,0.00133402,0.562144,1.5383,0.778753,-1.04281
-0.49218,372.53,0.00133425,0.74607,1.54118,0.25058,-0.335545
-0.49218,372.53,0.00133448,0.927051,1.53798,-0.278583,0.373043
-0.49218,372.53,0.00133471,1.10437,1.5287,-0.806646,1.08016
-0.49218,372.53,0.00133494,1.27734,1.5134,-1.33153,1.78301
-0.49218,372.53,0.00133517,1.44526,1.49212,-1.85115,2.47883
-0.49218,372.53,0.0013354,1.60748,1.46496,-2.36347,3.16486
-0.49218,372.53,0.00133563,1.76336,1.43201,-2.86646,3.8384
-0.49218,372.53,0.00133586,1.91227,1.39341,-3.35814,4.4968
-0.49218,372.53,0.00133609,2.05364,1.34931,-3.83657,5.13745
-0.49218,372.53,0.00133632,2.18691,1.29989,-4.29985,5.75782
-0.49218,372.53,0.00133655,2.31154,1.24533,-4.74617,6.35547
-0.49218,372.53,0.00133678,2.42705,1.18586,-5.17375,6.92803
-0.49218,372.53,0.00133701,2.53298,1.12172,-5.58092,7.47326
-0.49218,372.53,0.00133724,2.62892,1.05314,-5.96606,7.98899
-0.49218,372.53,0.00133747,2.71448,0.980409,-6.32765,8.47319
-0.49218,372.53,0.0013377,2.78933,0.903808,-6.66427,8.92396
-0.49218,372.53,0.00133793,2.85317,0.823641,-6.9746,9.3395
-0.49218,372.53,0.00133816,2.90575,0.740222,-7.25739,9.71819
-0.49218,372.53,0.00133839,2.94686,0.653883,-7.51155,10.0585
-0.49218,372.53,0.00133862,2.97634,0.564963,-7.73606,10.3592
-0.49218,372.53,0.00133885,2.99408,0.473813,-7.93004,10.6189
-0.49218,372.53,0.00133908,3,0.380793,-8.09272,10.8368
-0.49218,372.53,0.00133931,2.99408,0.28627,-8.22346,11.0118
-0.49218,372.53,0.00133954,2.97634,0.190618,-8.32176,11.1434
-0.49218,372.53,0.00133977,2.94686,0.0942134,-8.3872,11.2311
-0.49218,372.53,0.00134,2.90575,-0.00256308,-8.41955,11.2744
-0.49218,372.53,0.00134023,2.85317,-0.0993294,-8.41867,11.2732
-0.49218,372.53,0.00134046,2.78933,-0.195704,-8.38457,11.2276
-0.49218,372.53,0.00134069,2.71448,-0.291306,-8.31737,11.1376
-0.49218,372.53,0.00134092,2.62892,-0.385758,-8.21735,11.0036
-0.49218,372.53,0.00134115,2.53298,-0.478688,-8.0849,10.8263
-0.49218,372.53,0.00134138,2.42705,-0.569729,-7.92055,10.6062
-0.49218,372.53,0.00134161,2.31154,-0.658521,-7.72493,10.3443
-0.49218,372.53,0.00134184,2.18691,-0.744714,-7.49883,10.0415
-0.49218,372.53,0.00134207,2.05364,-0.827969,-7.24313,9.69909
-0.49218,372.53,0.0013423,1.91227,-0.907956,-6.95885,9.31841
-0.49218,372.53,0.00134253,1.76336,-0.984359,-6.6471,8.90096
-0.49218,372.53,0.00134276,1.60748,-1.05688,-6.30912,8.44838
-0.49218,372.53,0.00134299,1.44526,-1.12523,-5.94624,7.96246
-0.49218,372.53,0.00134322,1.27734,-1.18913,-5.5599,7.44512
-0.49218,372.53,0.00134345,1.10437,-1.24835,-5.15161,6.89839
-0.49218,372.53,0.00134368,0.927051,-1.30263,-4.72299,6.32444
-0.49218,372.53,0.00134391,0.74607,-1.35178,-4.27573,5.72553
-0.49218,372.53,0.00134414,0.562144,-1.39559,-3.8116,5.10402
-0.49218,372.53,0.00134437,0.376,-1.4339,-3.33243,4.46237
-0.49218,372.53,0.0013446,0.188372,-1.46654,-2.8401,3.8031
-0.49218,372.53,0.00134483,3.23255e-014,-1.4934,-2.33656,3.12883
-0.49218,372.53,0.00134506,-0.188372,-1.51436,-1.82381,2.44221
-0.49218,372.53,0.00134529,-0.376,-1.52935,-1.30385,1.74596
-0.49218,372.53,0.00134552,-0.562144,-1.5383,-0.778753,1.04281
-0.49218,372.53,0.00134575,-0.74607,-1.54118,-0.25058,0.335545
-0.49218,372.53,0.00134598,-0.927051,-1.53798,0.278583,-0.373043
-0.49218,372.53,0.00134621,-1.10437,-1.5287,0.806646,-1.08016
-0.49218,372.53,0.00134644,-1.27734,-1.5134,1.33153,-1.78301
-0.49218,372.53,0.00134667,-1.44526,-1.49212,1.85115,-2.47883
-0.49218,372.53,0.0013469,-1.60748,-1.46496,2.36347,-3.16486
-0.49218,372.53,0.00134713,-1.76336,-1.43201,2.86646,-3.8384
-0.49218,372.53,0.00134736,-1.91227,-1.39341,3.35814,-4.4968
-0.49218,372.53,0.00134759,-2.05364,-1.34931,3.83657,-5.13745
-0.49218,372.53,0.00134782,-2.18691,-1.29989,4.29985,-5.75782
-0.49218,372.53,0.00134805,-2.31154,-1.24533,4.74617,-6.35547
-0.49218,372.53,0.00134828,-2.42705,-1.18586,5.17375,-6.92803
-0.49218,372.53,0.00134851,-2.53298,-1.12172,5.58092,-7.47326
-0.49218,372.53,0.00134874,-2.62892,-1.05314,5.96606,-7.98899
-0.49218,372.53,0.00134897,-2.71448,-0.980409,6.32765,-8.47319
-0.49218,372.53,0.0013492,-2.78933,-0.903808,6.66427,-8.92396
-0.49218,372.53,0.00134943,-2.85317,-0.823641,6.9746,-9.3395
-0.49218,372.53,0.00134966,-2.90575,-0.740222,7.25739,-9.71819
-0.49218,372.53,0.00134989,-2.94686,-0.653883,7.51155,-10.0585
-0.49218,372.53,0.00135011,-2.97634,-0.564963,7.73606,-10.3592
-0.49218,372.53,0.00135034,-2.99408,-0.473813,7.93004,-10.6189
-0.49218,372.53,0.00135057,-3,-0.380793,8.09272,-10.8368
-0.49218,372.53,0.0013508,-2.99408,-0.28627,8.22346,-11.0118
-0.49218,372.53,0.00135103,-2.97634,-0.190618,8.32176,-11.1434
-0.49218,372.53,0.00135126,-2.94686,-0.0942134,8.3872,-11.2311
-0.49218,372.53,0.00135149,-2.90575,0.00256308,8.41955,-11.2744
-0.49218,372.53,0.00135172,-2.85317,0.0993294,8.41867,-11.2732
-0.49218,372.53,0.00135195,-2.78933,0.195704,8.38457,-11.2276
-0.49218,372.53,0.00135218,-2.71448,0.291306,8.31737,-11.1376
-0.49218,372.53,0.00135241,-2.62892,0.385758,8.21735,-11.0036
-0.49218,372.53,0.00135264,-2.53298,0.478688,8.0849,-10.8263
-0.49218,372.53,0.00135287,-2.42705,0.569729,7.92055,-10.6062
-0.49218,372.53,0.0013531,-2.31154,0.658521,7.72493,-10.3443
-0.49218,372.53,0.00135333,-2.18691,0.744714,7.49883,-10.0415
-0.49218,372.53,0.00135356,-2.05364,0.827969,7.24313,-9.69909
-0.49218,372.53,0.00135379,-1.91227,0.907956,6.95885,-9.31841
-0.49218,372.53,0.00135402,-1.76336,0.984359,6.6471,-8.90096
-0.49218,372.53,0.00135425,-1.60748,1.05688,6.30912,-8.44838
-0.49218,372.53,0.00135448,-1.44526,1.12523,5.94624,-7.96246
-0.49218,372.53,0.00135471,-1.27734,1.18913,5.5599,-7.44512
-0.49218,372.53,0.00135494,-1.10437,1.24835,5.15161,-6.89839
-0.49218,372.53,0.00135517,-0.927051,1.30263,4.72299,-6.32444
-0.49218,372.53,0.0013554,-0.74607,1.35178,4.27573,-5.72553
-0.49218,372.53,0.00135563,-0.562144,1.39559,3.8116,-5.10402
-0.49218,372.53,0.00135586,-0.376,1.4339,3.33243,-4.46237
-0.49218,372.53,0.00135609,-0.188372,1.46654,2.8401,-3.8031
-0.49218,372.53,0.00135632,-6.46673e-014,1.4934,2.33656,-3.12883
-0.49218,372.53,0.00135655,0.188372,1.51436,1.82381,-2.44221
-0.49218,372.53,0.00135678,0.376,1.52935,1.30385,-1.74596
-0.49218,372.53,0.00135701,0.562144,1.5383,0.778753,-1.04281
-0.49218,372.53,0.00135724,0.74607,1.54118,0.25058,-0.335545
-0.49218,372.53,0.00135747,0.927051,1.53798,-0.278583,0.373043
-0.49218,372.53,0.0013577,1.10437,1.5287,-0.806646,1.08016
-0.49218,372.53,0.00135793,1.27734,1.5134,-1.33153,1.78301
-0.49218,372.53,0.00135816,1.44526,1.49212,-1.85115,2.47883
-0.49218,372.53,0.00135839,1.60748,1.46496,-2.36347,3.16486
-0.49218,372.53,0.00135862,1.76336,1.43201,-2.86646,3.8384
-0.49218,372.53,0.00135885,1.91227,1.39341,-3.35814,4.4968
-0.49218,372.53,0.00135908,2.05364,1.34931,-3.83657,5.13745
-0.49218,372.53,0.00135931,2.18691,1.29989,-4.29985,5.75782
-0.49218,372.53,0.00135954,2.31154,1.24533,-4.74617,6.35547
-0.49218,372.53,0.00135977,2.42705,1.18586,-5.17375,6.92803
-0.49218,372.53,0.00136,2.53298,1.12172,-5.58092,7.47326
-0.49218,372.53,0.00136023,2.62892,1.05314,-5.96606,7.98899
-0.49218,372.53,0.00136046,2.71448,0.980409,-6.32765,8.47319
-0.49218,372.53,0.00136069,2.78933,0.903808,-6.66427,8.92396
-0.49218,372.53,0.00136092,2.85317,0.823641,-6.9746,9.3395
-0.49218,372.53,0.00136115,2.90575,0.740222,-7.25739,9.71819
-0.49218,372.53,0.00136138,2.94686,0.653883,-7.51155,10.0585
-0.49218,372.53,0.00136161,2.97634,0.564963,-7.73606,10.3592
-0.49218,372.53,0.00136184,2.99408,0.473813,-7.93004,10.6189
-0.49218,372.53,0.00136207,3,0.380793,-8.09272,10.8368
-0.49218,372.53,0.0013623,2.99408,0.28627,-8.22346,11.0118
-0.49218,372.53,0.00136253,2.97634,0.190618,-8.32176,11.1434
-0.49218,372.53,0.00136276,2.94686,0.0942134,-8.3872,11.2311
-0.49218,372.53,0.00136299,2.90575,-0.00256309,-8.41955,11.2744
-0.49218,372.53,0.00136322,2.85317,-0.0993294,-8.41867,11.2732
-0.49218,372.53,0.00136345,2.78933,-0.195704,-8.38457,11.2276
-0.49218,372.53,0.00136368,2.71448,-0.291306,-8.31737,11.1376
-0.49218,372.53,0.00136391,2.62892,-0.385758,-8.21735,11.0036
-0.49218,372.53,0.00136414,2.53298,-0.478688,-8.0849,10.8263
-0.49218,372.53,0.00136437,2.42705,-0.569729,-7.92055,10.6062
-0.49218,372.53,0.0013646,2.31154,-0.658521,-7.72493,10.3443
-0.49218,372.53,0.00136483,2.18691,-0.744714,-7.49883,10.0415
-0.49218,372.53,0.00136506,2.05364,-0.827969,-7.24313,9.69909
-0.49218,372.53,0.00136529,1.91227,-0.907956,-6.95885,9.31841
-0.49218,372.53,0.00136552,1.76336,-0.984359,-6.6471,8.90096
-0.49218,372.53,0.00136575,1.60748,-1.05688,-6.30912,8.44838
-0.49218,372.53,0.00136598,1.44526,-1.12523,-5.94624,7.96246
-0.49218,372.53,0.00136621,1.27734,-1.18913,-5.5599,7.44512
-0.49218,372.53,0.00136644,1.10437,-1.24835,-5.15161,6.89839
-0.49218,372.53,0.00136667,0.927051,-1.30263,-4.72299,6.32444
-0.49218,372.53,0.0013669,0.74607,-1.35178,-4.27573,5.72553
-0.49218,372.53,0.00136713,0.562144,-1.39559,-3.8116,5.10402
-0.49218,372.53,0.00136736,0.376,-1.4339,-3.33243,4.46237
-0.49218,372.53,0.00136759,0.188372,-1.46654,-2.8401,3.8031
-0.49218,372.53,0.00136782,9.70092e-014,-1.4934,-2.33656,3.12883
-0.49218,372.53,0.00136805,-0.188372,-1.51436,-1.82381,2.44221
-0.49218,372.53,0.00136828,-0.376,-1.52935,-1.30385,1.74596
-0.49218,372.53,0.00136851,-0.562144,-1.5383,-0.778753,1.04281
-0.49218,372.53,0.00136874,-0.74607,-1.54118,-0.25058,0.335545
-0.49218,372.53,0.00136897,-0.927051,-1.53798,0.278583,-0.373043
-0.49218,372.53,0.0013692,-1.10437,-1.5287,0.806646,-1.08016
-0.49218,372.53,0.00136943,-1.27734,-1.5134,1.33153,-1.78301
-0.49218,372.53,0.00136966,-1.44526,-1.49212,1.85115,-2.47883
-0.49218,372.53,0.00136989,-1.60748,-1.46496,2.36347,-3.16486
-0.49218,372.53,0.00137011,-1.76336,-1.43201,2.86646,-3.8384
-0.49218,372.53,0.00137034,-1.91227,-1.39341,3.35814,-4.4968
-0.49218,372.53,0.00137057,-2.05364,-1.34931,3.83657,-5.13745
-0.49218,372.53,0.0013708,-2.18691,-1.29989,4.29985,-5.75782
-0.49218,372.53,0.00137103,-2.31154,-1.24533,4.74617,-6.35547
-0.49218,372.53,0.00137126,-2.42705,-1.18586,5.17375,-6.92803
-0.49218,372.53,0.00137149,-2.53298,-1.12172,5.58092,-7.47326
-0.49218,372.53,0.00137172,-2.62892,-1.05314,5.96606,-7.98899
-0.49218,372.53,0.00137195,-2.71448,-0.980409,6.32765,-8.47319
-0.49218,372.53,0.00137218,-2.78933,-0.903808,6.66427,-8.92396
-0.49218,372.53,0.00137241,-2.85317,-0.823641,6.9746,-9.3395
-0.49218,372.53,0.00137264,-2.90575,-0.740222,7.25739,-9.71819
-0.49218,372.53,0.00137287,-2.94686,-0.653883,7.51155,-10.0585
-0.49218,372.53,0.0013731,-2.97634,-0.564963,7.73606,-10.3592
-0.49218,372.53,0.00137333,-2.99408,-0.473813,7.93004,-10.6189
-0.49218,372.53,0.00137356,-3,-0.380793,8.09272,-10.8368
-0.49218,372.53,0.00137379,-2.99408,-0.28627,8.22346,-11.0118
-0.49218,372.53,0.00137402,-2.97634,-0.190618,8.32176,-11.1434
-0.49218,372.53,0.00137425,-2.94686,-0.0942134,8.3872,-11.2311
-0.49218,372.53,0.00137448,-2.90575,0.00256309,8.41955,-11.2744
-0.49218,372.53,0.00137471,-2.85317,0.0993294,8.41867,-11.2732
-0.49218,372.53,0.00137494,-2.78933,0.195704,8.38457,-11.2276
-0.49218,372.53,0.00137517,-2.71448,0.291306,8.31737,-11.1376
-0.49218,372.53,0.0013754,-2.62892,0.385758,8.21735,-11.0036
-0.49218,372.53,0.00137563,-2.53298,0.478688,8.0849,-10.8263
-0.49218,372.53,0.00137586,-2.42705,0.569729,7.92055,-10.6062
-0.49218,372.53,0.00137609,-2.31154,0.658521,7.72493,-10.3443
-0.49218,372.53,0.00137632,-2.18691,0.744715,7.49883,-10.0415
-0.49218,372.53,0.00137655,-2.05364,0.827969,7.24313,-9.69909
-0.49218,372.53,0.00137678,-1.91227,0.907956,6.95885,-9.31841
-0.49218,372.53,0.00137701,-1.76336,0.984359,6.6471,-8.90096
-0.49218,372.53,0.00137724,-1.60748,1.05688,6.30912,-8.44838
-0.49218,372.53,0.00137747,-1.44526,1.12523,5.94624,-7.96246
-0.49218,372.53,0.0013777,-1.27734,1.18913,5.5599,-7.44512
-0.49218,372.53,0.00137793,-1.10437,1.24835,5.15161,-6.89839
-0.49218,372.53,0.00137816,-0.927051,1.30263,4.72299,-6.32444
-0.49218,372.53,0.00137839,-0.74607,1.35178,4.27573,-5.72553
-0.49218,372.53,0.00137862,-0.562144,1.39559,3.8116,-5.10402
-0.49218,372.53,0.00137885,-0.376,1.4339,3.33243,-4.46237
-0.49218,372.53,0.00137908,-0.188372,1.46654,2.8401,-3.8031
