Amp, Phaseshift, Time, Vd, Vr, VL, VC
-0.319629,372.404,0,0,0,0,0
-0.319629,372.404,2.5974e-007,0.188372,0.00244638,0.188372,0
-0.319629,372.404,5.19481e-007,0.376,0.00729773,0.373553,0.00127085
-0.319629,372.404,7.79221e-007,0.562144,0.014487,0.553575,0.00506188
-0.319629,372.404,1.03896e-006,0.74607,0.0239224,0.726521,0.0125876
-0.319629,372.404,1.2987e-006,0.927051,0.0354878,0.890541,0.0250148
-0.319629,372.404,1.55844e-006,1.10437,0.0490446,1.04387,0.04345
-0.319629,372.404,1.81818e-006,1.27734,0.0644322,1.18484,0.0689277
-0.319629,372.404,2.07792e-006,1.44526,0.0814698,1.3119,0.102399
-0.319629,372.404,2.33766e-006,1.60748,0.0999583,1.42361,0.144721
-0.319629,372.404,2.5974e-006,1.76336,0.119681,1.51868,0.196647
-0.319629,372.404,2.85714e-006,1.91227,0.140408,1.59594,0.25882
-0.319629,372.404,3.11688e-006,2.05364,0.161894,1.65441,0.331759
-0.319629,372.404,3.37662e-006,2.18691,0.183884,1.69325,0.415859
-0.319629,372.404,3.63636e-006,2.31154,0.206115,1.7118,0.511384
-0.319629,372.404,3.8961e-006,2.42705,0.228317,1.70955,0.618456
-0.319629,372.404,4.15584e-006,2.53298,0.250216,1.68621,0.737063
-0.319629,372.404,4.41558e-006,2.62892,0.271536,1.64164,0.867045
-0.319629,372.404,4.67532e-006,2.71448,0.292002,1.5759,1.0081
-0.319629,372.404,4.93506e-006,2.78933,0.311343,1.48922,1.15979
-0.319629,372.404,5.19481e-006,2.85317,0.329291,1.38203,1.32153
-0.319629,372.404,5.45455e-006,2.90575,0.345589,1.25493,1.49259
-0.319629,372.404,5.71429e-006,2.94686,0.359988,1.10868,1.67212
-0.319629,372.404,5.97403e-006,2.97634,0.37225,0.94424,1.85912
-0.319629,372.404,6.23377e-006,2.99408,0.382156,0.762707,2.0525
-0.319629,372.404,6.49351e-006,3,0.389498,0.565345,2.25102
-0.319629,372.404,6.75325e-006,2.99408,0.39409,0.35356,2.45336
-0.319629,372.404,7.01299e-006,2.97634,0.395764,0.128896,2.65808
-0.319629,372.404,7.27273e-006,2.94686,0.394374,-0.106982,2.86367
-0.319629,372.404,7.53247e-006,2.90575,0.389799,-0.352297,3.06854
-0.319629,372.404,7.79221e-006,2.85317,0.38194,-0.605171,3.27103
-0.319629,372.404,8.05195e-006,2.78933,0.370723,-0.863645,3.46944
-0.319629,372.404,8.31169e-006,2.71448,0.356104,-1.12569,3.66203
-0.319629,372.404,8.57143e-006,2.62892,0.338062,-1.38921,3.84702
-0.319629,372.404,8.83117e-006,2.53298,0.316607,-1.6521,4.02263
-0.319629,372.404,9.09091e-006,2.42705,0.291773,-1.91219,4.18711
-0.319629,372.404,9.35065e-006,2.31154,0.263626,-2.16734,4.33868
-0.319629,372.404,9.61039e-006,2.18691,0.232257,-2.4154,4.47562
-0.319629,372.404,9.87013e-006,2.05364,0.197786,-2.65424,4.59628
-0.319629,372.404,1.01299e-005,1.91227,0.16036,-2.88179,4.69902
-0.319629,372.404,1.03896e-005,1.76336,0.120152,-3.09603,4.78233
-0.319629,372.404,1.06494e-005,1.60748,0.0773601,-3.295,4.84474
-0.319629,372.404,1.09091e-005,1.44526,0.0322063,-3.47684,4.88493
-0.319629,372.404,1.11688e-005,1.27734,-0.0150639,-3.6398,4.90166
-0.319629,372.404,1.14286e-005,1.10437,-0.0641837,-3.78222,4.89384
-0.319629,372.404,1.16883e-005,0.927051,-0.114867,-3.9026,4.86049
-0.319629,372.404,1.19481e-005,0.74607,-0.166809,-3.99956,4.80082
-0.319629,372.404,1.22078e-005,0.562144,-0.219691,-4.07187,4.71417
-0.319629,372.404,1.24675e-005,0.376,-0.273177,-4.11848,4.60004
-0.319629,372.404,1.27273e-005,0.188372,-0.326924,-4.13849,4.45813
-0.319629,372.404,1.2987e-005,3.67382e-016,-0.380576,-4.13121,4.2883
-0.319629,372.404,1.32468e-005,-0.188372,-0.433772,-4.0961,4.0906
-0.319629,372.404,1.35065e-005,-0.376,-0.486147,-4.03283,3.86526
-0.319629,372.404,1.37662e-005,-0.562144,-0.537332,-3.94126,3.61272
-0.319629,372.404,1.4026e-005,-0.74607,-0.586961,-3.82146,3.33359
-0.319629,372.404,1.42857e-005,-0.927051,-0.634671,-3.67368,3.02867
-0.319629,372.404,1.45455e-005,-1.10437,-0.680105,-3.49838,2.69897
-0.319629,372.404,1.48052e-005,-1.27734,-0.722913,-3.29621,2.34567
-0.319629,372.404,1.50649e-005,-1.44526,-0.762757,-3.06802,1.97013
-0.319629,372.404,1.53247e-005,-1.60748,-0.799314,-2.81486,1.5739
-0.319629,372.404,1.55844e-005,-1.76336,-0.832274,-2.53794,1.15867
-0.319629,372.404,1.58442e-005,-1.91227,-0.861347,-2.23867,0.726319
-0.319629,372.404,1.61039e-005,-2.05364,-0.886264,-1.91861,0.278865
-0.319629,372.404,1.63636e-005,-2.18691,-0.906777,-1.57951,-0.181532
-0.319629,372.404,1.66234e-005,-2.31154,-0.922664,-1.22323,-0.652585
-0.319629,372.404,1.68831e-005,-2.42705,-0.933726,-0.851802,-1.13189
-0.319629,372.404,1.71429e-005,-2.53298,-0.939796,-0.467367,-1.61694
-0.319629,372.404,1.74026e-005,-2.62892,-0.940733,-0.0721812,-2.10515
-0.319629,372.404,1.76623e-005,-2.71448,-0.936429,0.331401,-2.59384
-0.319629,372.404,1.79221e-005,-2.78933,-0.926807,0.740941,-3.0803
-0.319629,372.404,1.81818e-005,-2.85317,-0.91182,1.15393,-3.56176
-0.319629,372.404,1.84416e-005,-2.90575,-0.891459,1.56783,-4.03543
-0.319629,372.404,1.87013e-005,-2.94686,-0.865744,1.98003,-4.49852
-0.319629,372.404,1.8961e-005,-2.97634,-0.834732,2.38792,-4.94826
-0.319629,372.404,1.92208e-005,-2.99408,-0.798513,2.78891,-5.38189
-0.319629,372.404,1.94805e-005,-3,-0.757209,3.1804,-5.7967
-0.319629,372.404,1.97403e-005,-2.99408,-0.710977,3.55983,-6.19006
-0.319629,372.404,2e-005,-2.97634,-0.660007,3.92469,-6.55939
-0.319629,372.404,2.02597e-005,-2.94686,-0.60452,4.27254,-6.90226
-0.319629,372.404,2.05195e-005,-2.90575,-0.544766,4.60103,-7.21629
-0.319629,372.404,2.07792e-005,-2.85317,-0.481027,4.90789,-7.49929
-0.319629,372.404,2.1039e-005,-2.78933,-0.413612,5.19099,-7.74917
-0.319629,372.404,2.12987e-005,-2.71448,-0.342855,5.4483,-7.96404
-0.319629,372.404,2.15584e-005,-2.62892,-0.269115,5.67797,-8.14214
-0.319629,372.404,2.18182e-005,-2.53298,-0.192774,5.87827,-8.28194
-0.319629,372.404,2.20779e-005,-2.42705,-0.114233,6.04766,-8.38208
-0.319629,372.404,2.23377e-005,-2.31154,-0.0339108,6.18478,-8.44143
-0.319629,372.404,2.25974e-005,-2.18691,0.0477571,6.28843,-8.45904
-0.319629,372.404,2.28571e-005,-2.05364,0.130324,6.35764,-8.43423
-0.319629,372.404,2.31169e-005,-1.91227,0.213332,6.39164,-8.36653
-0.319629,372.404,2.33766e-005,-1.76336,0.296317,6.38984,-8.25571
-0.319629,372.404,2.36364e-005,-1.60748,0.378809,6.35191,-8.10178
-0.319629,372.404,2.38961e-005,-1.44526,0.460338,6.27771,-7.90499
-0.319629,372.404,2.41558e-005,-1.27734,0.540433,6.16732,-7.66586
-0.319629,372.404,2.44156e-005,-1.10437,0.618629,6.02105,-7.38511
-0.319629,372.404,2.46753e-005,-0.927051,0.694465,5.83943,-7.06375
-0.319629,372.404,2.49351e-005,-0.74607,0.767494,5.62321,-6.70299
-0.319629,372.404,2.51948e-005,-0.562144,0.837278,5.37335,-6.30429
-0.319629,372.404,2.54545e-005,-0.376,0.903395,5.09101,-5.86934
-0.319629,372.404,2.57143e-005,-0.188372,0.965441,4.77757,-5.40004
-0.319629,372.404,2.5974e-005,-7.34764e-016,1.02303,4.4346,-4.89851
-0.319629,372.404,2.62338e-005,0.188372,1.07581,4.06385,-4.36707
-0.319629,372.404,2.64935e-005,0.376,1.12344,3.66726,-3.80821
-0.319629,372.404,2.67532e-005,0.562144,1.16561,3.24691,-3.2246
-0.319629,372.404,2.7013e-005,0.74607,1.20203,2.80507,-2.61909
-0.319629,372.404,2.72727e-005,0.927051,1.23248,2.34411,-1.99466
-0.319629,372.404,2.75325e-005,1.10437,1.25672,1.86655,-1.35441
-0.319629,372.404,2.77922e-005,1.27734,1.27458,1.37503,-0.70157
-0.319629,372.404,2.80519e-005,1.44526,1.2859,0.872255,-0.0394523
-0.319629,372.404,2.83117e-005,1.60748,1.29059,0.361028,0.62855
-0.319629,372.404,2.85714e-005,1.76336,1.28857,-0.155787,1.29899
-0.319629,372.404,2.88312e-005,1.91227,1.2798,-0.675285,1.96837
-0.319629,372.404,2.90909e-005,2.05364,1.26429,-1.19453,2.63321
-0.319629,372.404,2.93506e-005,2.18691,1.24207,-1.71059,3.28998
-0.319629,372.404,2.96104e-005,2.31154,1.21323,-2.22051,3.93521
-0.319629,372.404,2.98701e-005,2.42705,1.17789,-2.72139,4.56546
-0.319629,372.404,3.01299e-005,2.53298,1.1362,-3.21037,5.17735
-0.319629,372.404,3.03896e-005,2.62892,1.08834,-3.68463,5.76758
-0.319629,372.404,3.06494e-005,2.71448,1.03456,-4.14145,6.33296
-0.319629,372.404,3.09091e-005,2.78933,0.975103,-4.57819,6.87039
-0.319629,372.404,3.11688e-005,2.85317,0.910268,-4.99232,7.37694
-0.319629,372.404,3.14286e-005,2.90575,0.840379,-5.38146,7.8498
-0.319629,372.404,3.16883e-005,2.94686,0.76579,-5.74332,8.28637
-0.319629,372.404,3.19481e-005,2.97634,0.686883,-6.07581,8.68418
-0.319629,372.404,3.22078e-005,2.99408,0.604065,-6.37698,9.041
-0.319629,372.404,3.24675e-005,3,0.517766,-6.64507,9.3548
-0.319629,372.404,3.27273e-005,2.99408,0.428435,-6.87849,9.62377
-0.319629,372.404,3.2987e-005,2.97634,0.336541,-7.07586,9.84633
-0.319629,372.404,3.32468e-005,2.94686,0.242566,-7.23601,10.0212
-0.319629,372.404,3.35065e-005,2.90575,0.147008,-7.35798,10.1472
-0.319629,372.404,3.37662e-005,2.85317,0.0503717,-7.44101,10.2235
-0.319629,372.404,3.4026e-005,2.78933,-0.0468306,-7.48458,10.2497
-0.319629,372.404,3.42857e-005,2.71448,-0.144082,-7.48839,10.2254
-0.319629,372.404,3.45455e-005,2.62892,-0.240866,-7.45237,10.1505
-0.319629,372.404,3.48052e-005,2.53298,-0.336667,-7.37668,10.0254
-0.319629,372.404,3.50649e-005,2.42705,-0.430975,-7.26168,9.85051
-0.319629,372.404,3.53247e-005,2.31154,-0.523287,-7.108,9.62663
-0.319629,372.404,3.55844e-005,2.18691,-0.613111,-6.91643,9.35479
-0.319629,372.404,3.58442e-005,2.05364,-0.699968,-6.68804,9.03629
-0.319629,372.404,3.61039e-005,1.91227,-0.783397,-6.42405,8.67267
-0.319629,372.404,3.63636e-005,1.76336,-0.862955,-6.12592,8.26571
-0.319629,372.404,3.66234e-005,1.60748,-0.938218,-5.79528,7.81742
-0.319629,372.404,3.68831e-005,1.44526,-1.00879,-5.43394,7.33004
-0.319629,372.404,3.71429e-005,1.27734,-1.07429,-5.04391,6.80599
-0.319629,372.404,3.74026e-005,1.10437,-1.13439,-4.62732,6.24792
-0.319629,372.404,3.76623e-005,0.927051,-1.18876,-4.18648,5.65862
-0.319629,372.404,3.79221e-005,0.74607,-1.23712,-3.72379,5.04109
-0.319629,372.404,3.81818e-005,0.562144,-1.27922,-3.24182,4.39843
-0.319629,372.404,3.84416e-005,0.376,-1.31485,-2.7432,3.7339
-0.319629,372.404,3.87013e-005,0.188372,-1.34382,-2.23068,3.05086
-0.319629,372.404,3.8961e-005,1.10215e-015,-1.36599,-1.70704,2.35277
-0.319629,372.404,3.92208e-005,-0.188372,-1.38125,-1.17516,1.64317
-0.319629,372.404,3.94805e-005,-0.376,-1.38953,-0.637918,0.925635
-0.319629,372.404,3.97403e-005,-0.562144,-1.39081,-0.0982461,0.2038
-0.319629,372.404,4e-005,-0.74607,-1.38508,0.440939,-0.518698
-0.319629,372.404,4.02597e-005,-0.927051,-1.3724,0.97673,-1.23822
-0.319629,372.404,4.05195e-005,-1.10437,-1.35284,1.50625,-1.95116
-0.319629,372.404,4.07792e-005,-1.27734,-1.32652,2.02665,-2.65393
-0.319629,372.404,4.1039e-005,-1.44526,-1.29359,2.53518,-3.34303
-0.319629,372.404,4.12987e-005,-1.60748,-1.25425,3.02914,-4.01502
-0.319629,372.404,4.15584e-005,-1.76336,-1.20872,3.50592,-4.66658
-0.319629,372.404,4.18182e-005,-1.91227,-1.15725,3.96303,-5.29449
-0.319629,372.404,4.20779e-005,-2.05364,-1.10013,4.3981,-5.89566
-0.319629,372.404,4.23377e-005,-2.18691,-1.03768,4.80889,-6.46716
-0.319629,372.404,4.25974e-005,-2.31154,-0.970236,5.1933,-7.00621
-0.319629,372.404,4.28571e-005,-2.42705,-0.898166,5.5494,-7.51023
-0.319629,372.404,4.31169e-005,-2.53298,-0.821862,5.87541,-7.97681
-0.319629,372.404,4.33766e-005,-2.62892,-0.741735,6.16975,-8.40375
-0.319629,372.404,4.36364e-005,-2.71448,-0.658216,6.43101,-8.78907
-0.319629,372.404,4.38961e-005,-2.78933,-0.571749,6.65796,-9.131
-0.319629,372.404,4.41558e-005,-2.85317,-0.482793,6.84958,-9.42801
-0.319629,372.404,4.44156e-005,-2.90575,-0.391818,7.00506,-9.67881
-0.319629,372.404,4.46753e-005,-2.94686,-0.299302,7.12377,-9.88236
-0.319629,372.404,4.49351e-005,-2.97634,-0.205726,7.20531,-10.0378
-0.319629,372.404,4.51948e-005,-2.99408,-0.111577,7.24948,-10.1447
-0.319629,372.404,4.54545e-005,-3,-0.0173397,7.25629,-10.2027
-0.319629,372.404,4.57143e-005,-2.99408,0.0765035,7.22593,-10.2117
-0.319629,372.404,4.5974e-005,-2.97634,0.169475,7.15883,-10.1719
-0.319629,372.404,4.62338e-005,-2.94686,0.261106,7.0556,-10.0839
-0.319629,372.404,4.64935e-005,-2.90575,0.350938,6.91704,-9.94826
-0.319629,372.404,4.67532e-005,-2.85317,0.438525,6.74415,-9.76595
-0.319629,372.404,4.7013e-005,-2.78933,0.523435,6.5381,-9.53815
-0.319629,372.404,4.72727e-005,-2.71448,0.605256,6.30023,-9.26623
-0.319629,372.404,4.75325e-005,-2.62892,0.683594,6.03206,-8.95181
-0.319629,372.404,4.77922e-005,-2.53298,0.758078,5.73524,-8.5967
-0.319629,372.404,4.80519e-005,-2.42705,0.828358,5.41157,-8.20289
-0.319629,372.404,4.83117e-005,-2.31154,0.894111,5.06299,-7.77258
-0.319629,372.404,4.85714e-005,-2.18691,0.955041,4.69156,-7.3081
-0.319629,372.404,4.88312e-005,-2.05364,1.01088,4.29942,-6.81198
-0.319629,372.404,4.90909e-005,-1.91227,1.06138,3.88883,-6.28685
-0.319629,372.404,4.93506e-005,-1.76336,1.10634,3.46211,-5.73548
-0.319629,372.404,4.96104e-005,-1.60748,1.14559,3.02166,-5.16076
-0.319629,372.404,4.98701e-005,-1.44526,1.17896,2.56991,-4.56565
-0.319629,372.404,5.01299e-005,-1.27734,1.20636,2.10935,-3.9532
-0.319629,372.404,5.03896e-005,-1.10437,1.22769,1.64247,-3.32652
-0.319629,372.404,5.06494e-005,-0.927051,1.2429,1.17178,-2.68876
-0.319629,372.404,5.09091e-005,-0.74607,1.25199,0.699787,-2.0431
-0.319629,372.404,5.11688e-005,-0.562144,1.25497,0.228959,-1.39271
-0.319629,372.404,5.14286e-005,-0.376,1.25187,-0.238256,-0.74078
-0.319629,372.404,5.16883e-005,-0.188372,1.24279,-0.699464,-0.0904567
-0.319629,372.404,5.19481e-005,-1.46953e-015,1.22782,-1.15233,0.555148
-0.319629,372.404,5.22078e-005,0.188372,1.20711,-1.5946,1.19298
-0.319629,372.404,5.24675e-005,0.376,1.18083,-2.02409,1.82005
-0.319629,372.404,5.27273e-005,0.562144,1.14915,-2.43873,2.43347
-0.319629,372.404,5.2987e-005,0.74607,1.11232,-2.83655,3.03043
-0.319629,372.404,5.32468e-005,0.927051,1.07055,-3.2157,3.60826
-0.319629,372.404,5.35065e-005,1.10437,1.02413,-3.57444,4.16439
-0.319629,372.404,5.37662e-005,1.27734,0.973338,-3.91118,4.69641
-0.319629,372.404,5.4026e-005,1.44526,0.918475,-4.22448,5.20204
-0.319629,372.404,5.42857e-005,1.60748,0.859864,-4.51303,5.67917
-0.319629,372.404,5.45455e-005,1.76336,0.797842,-4.77567,6.12585
-0.319629,372.404,5.48052e-005,1.91227,0.732759,-5.01142,6.54031
-0.319629,372.404,5.50649e-005,2.05364,0.664974,-5.21943,6.92097
-0.319629,372.404,5.53247e-005,2.18691,0.594857,-5.39903,7.26641
-0.319629,372.404,5.55844e-005,2.31154,0.522783,-5.54972,7.57542
-0.319629,372.404,5.58442e-005,2.42705,0.449131,-5.67116,7.847
-0.319629,372.404,5.61039e-005,2.53298,0.374285,-5.76315,8.08031
-0.319629,372.404,5.63636e-005,2.62892,0.298627,-5.82568,8.27475
-0.319629,372.404,5.66234e-005,2.71448,0.222537,-5.85889,8.42988
-0.319629,372.404,5.68831e-005,2.78933,0.146393,-5.86309,8.54548
-0.319629,372.404,5.71429e-005,2.85317,0.0705661,-5.83871,8.62153
-0.319629,372.404,5.74026e-005,2.90575,-0.00458126,-5.78635,8.65819
-0.319629,372.404,5.76623e-005,2.94686,-0.0786948,-5.70675,8.65581
-0.319629,372.404,5.79221e-005,2.97634,-0.151432,-5.60077,8.61493
-0.319629,372.404,5.81818e-005,2.99408,-0.222464,-5.46942,8.53626
-0.319629,372.404,5.84416e-005,3,-0.291474,-5.3138,8.4207
-0.319629,372.404,5.87013e-005,2.99408,-0.358164,-5.13514,8.26928
-0.319629,372.404,5.8961e-005,2.97634,-0.422252,-4.93477,8.08322
-0.319629,372.404,5.92208e-005,2.94686,-0.483474,-4.71411,7.86387
-0.319629,372.404,5.94805e-005,2.90575,-0.541587,-4.47465,7.61272
-0.319629,372.404,5.97403e-005,2.85317,-0.596365,-4.21796,7.33137
-0.319629,372.404,6e-005,2.78933,-0.647608,-3.94568,7.02157
-0.319629,372.404,6.02597e-005,2.71448,-0.695134,-3.65948,6.68515
-0.319629,372.404,6.05195e-005,2.62892,-0.738784,-3.3611,6.32404
-0.319629,372.404,6.07792e-005,2.53298,-0.778424,-3.05228,5.94026
-0.319629,372.404,6.1039e-005,2.42705,-0.813941,-2.73479,5.53588
-0.319629,372.404,6.12987e-005,2.31154,-0.845245,-2.4104,5.11306
-0.319629,372.404,6.15584e-005,2.18691,-0.87227,-2.08091,4.67397
-0.319629,372.404,6.18182e-005,2.05364,-0.894972,-1.74806,4.22084
-0.319629,372.404,6.20779e-005,1.91227,-0.91333,-1.4136,3.75592
-0.319629,372.404,6.23377e-005,1.76336,-0.927346,-1.07924,3.28146
-0.319629,372.404,6.25974e-005,1.60748,-0.937043,-0.746638,2.79973
-0.319629,372.404,6.28571e-005,1.44526,-0.942464,-0.417423,2.31295
-0.319629,372.404,6.31169e-005,1.27734,-0.943674,-0.0931495,1.82336
-0.319629,372.404,6.33766e-005,1.10437,-0.940756,0.224688,1.33314
-0.319629,372.404,6.36364e-005,0.927051,-0.933812,0.534667,0.844435
-0.319629,372.404,6.38961e-005,0.74607,-0.922962,0.835446,0.359338
-0.319629,372.404,6.41558e-005,0.562144,-0.908341,1.12577,-0.120122
-0.319629,372.404,6.44156e-005,0.376,-0.890102,1.40446,-0.591988
-0.319629,372.404,6.46753e-005,0.188372,-0.868407,1.67046,-1.05438
-0.319629,372.404,6.49351e-005,1.83691e-015,-0.843436,1.92279,-1.5055
-0.319629,372.404,6.51948e-005,-0.188372,-0.815377,2.16056,-1.94365
-0.319629,372.404,6.54545e-005,-0.376,-0.784429,2.38303,-2.36722
-0.319629,372.404,6.57143e-005,-0.562144,-0.750799,2.5895,-2.77472
-0.319629,372.404,6.5974e-005,-0.74607,-0.714702,2.77944,-3.16474
-0.319629,372.404,6.62338e-005,-0.927051,-0.676359,2.95239,-3.53601
-0.319629,372.404,6.64935e-005,-1.10437,-0.635996,3.108,-3.88737
-0.319629,372.404,6.67532e-005,-1.27734,-0.593839,3.24603,-4.21776
-0.319629,372.404,6.7013e-005,-1.44526,-0.550121,3.36634,-4.52625
-0.319629,372.404,6.72727e-005,-1.60748,-0.50507,3.46889,-4.81202
-0.319629,372.404,6.75325e-005,-1.76336,-0.458918,3.55374,-5.0744
-0.319629,372.404,6.77922e-005,-1.91227,-0.411891,3.62104,-5.3128
-0.319629,372.404,6.80519e-005,-2.05364,-0.364215,3.67105,-5.52676
-0.319629,372.404,6.83117e-005,-2.18691,-0.31611,3.70407,-5.71597
-0.319629,372.404,6.85714e-005,-2.31154,-0.267792,3.72054,-5.88018
-0.319629,372.404,6.88312e-005,-2.42705,-0.219468,3.72092,-6.01929
-0.319629,372.404,6.90909e-005,-2.53298,-0.171341,3.70578,-6.1333
-0.319629,372.404,6.93506e-005,-2.62892,-0.123604,3.67572,-6.22231
-0.319629,372.404,6.96104e-005,-2.71448,-0.076443,3.63143,-6.28652
-0.319629,372.404,6.98701e-005,-2.78933,-0.0300322,3.57363,-6.32623
-0.319629,372.404,7.01299e-005,-2.85317,0.0154626,3.50309,-6.34183
-0.319629,372.404,7.03896e-005,-2.90575,0.0598862,3.42062,-6.3338
-0.319629,372.404,7.06494e-005,-2.94686,0.103095,3.32705,-6.30269
-0.319629,372.404,7.09091e-005,-2.97634,0.144955,3.22325,-6.24914
-0.319629,372.404,7.11688e-005,-2.99408,0.185346,3.1101,-6.17383
-0.319629,372.404,7.14286e-005,-3,0.224158,2.98849,-6.07755
-0.319629,372.404,7.16883e-005,-2.99408,0.261291,2.85931,-5.9611
-0.319629,372.404,7.19481e-005,-2.97634,0.296661,2.72347,-5.82537
-0.319629,372.404,7.22078e-005,-2.94686,0.330192,2.58185,-5.67126
-0.319629,372.404,7.24675e-005,-2.90575,0.361819,2.43532,-5.49973
-0.319629,372.404,7.27273e-005,-2.85317,0.391491,2.28474,-5.31177
-0.319629,372.404,7.2987e-005,-2.78933,0.419166,2.13095,-5.1084
-0.319629,372.404,7.32468e-005,-2.71448,0.444812,1.97475,-4.89065
-0.319629,372.404,7.35065e-005,-2.62892,0.468408,1.81692,-4.65958
-0.319629,372.404,7.37662e-005,-2.53298,0.489943,1.65819,-4.41625
-0.319629,372.404,7.4026e-005,-2.42705,0.509414,1.49926,-4.16174
-0.319629,372.404,7.42857e-005,-2.31154,0.526827,1.34078,-3.89711
-0.319629,372.404,7.45455e-005,-2.18691,0.542195,1.18337,-3.62343
-0.319629,372.404,7.48052e-005,-2.05364,0.555541,1.02759,-3.34177
-0.319629,372.404,7.50649e-005,-1.91227,0.566891,0.873956,-3.05318
-0.319629,372.404,7.53247e-005,-1.76336,0.57628,0.72293,-2.75869
-0.319629,372.404,7.55844e-005,-1.60748,0.583746,0.574928,-2.45932
-0.319629,372.404,7.58442e-005,-1.44526,0.589335,0.430315,-2.15608
-0.319629,372.404,7.61039e-005,-1.27734,0.593093,0.289405,-1.84993
-0.319629,372.404,7.63636e-005,-1.10437,0.595073,0.152462,-1.54183
-0.319629,372.404,7.66234e-005,-0.927051,0.595329,0.0197047,-1.2327
-0.319629,372.404,7.68831e-005,-0.74607,0.593917,-0.108699,-0.923438
-0.319629,372.404,7.71429e-005,-0.562144,0.590896,-0.232623,-0.61491
-0.319629,372.404,7.74026e-005,-0.376,0.586325,-0.351986,-0.30795
-0.319629,372.404,7.76623e-005,-0.188372,0.580263,-0.466746,-0.00336595
-0.319629,372.404,7.79221e-005,-2.20429e-015,0.572771,-0.576898,0.29807
-0.319629,372.404,7.81818e-005,0.188372,0.563908,-0.682469,0.595613
-0.319629,372.404,7.84416e-005,0.376,0.553732,-0.783521,0.888552
-0.319629,372.404,7.87013e-005,0.562144,0.542302,-0.880141,1.17621
-0.319629,372.404,7.8961e-005,0.74607,0.529673,-0.972438,1.45792
-0.319629,372.404,7.92208e-005,0.927051,0.5159,-1.06054,1.73308
-0.319629,372.404,7.94805e-005,1.10437,0.501035,-1.1446,2.00108
-0.319629,372.404,7.97403e-005,1.27734,0.485129,-1.22477,2.26135
-0.319629,372.404,8e-005,1.44526,0.46823,-1.30122,2.51337
-0.319629,372.404,8.02597e-005,1.60748,0.450384,-1.37412,2.7566
-0.319629,372.404,8.05195e-005,1.76336,0.431635,-1.44363,2.99057
-0.319629,372.404,8.07792e-005,1.91227,0.412026,-1.50993,3.2148
-0.319629,372.404,8.1039e-005,2.05364,0.391595,-1.57318,3.42884
-0.319629,372.404,8.12987e-005,2.18691,0.37038,-1.63352,3.63226
-0.319629,372.404,8.15584e-005,2.31154,0.348418,-1.6911,3.82467
-0.319629,372.404,8.18182e-005,2.42705,0.325742,-1.74603,4.00566
-0.319629,372.404,8.20779e-005,2.53298,0.302386,-1.79842,4.17488
-0.319629,372.404,8.23377e-005,2.62892,0.278382,-1.84835,4.33196
-0.319629,372.404,8.25974e-005,2.71448,0.25376,-1.89586,4.47658
-0.319629,372.404,8.28571e-005,2.78933,0.228552,-1.94101,4.6084
-0.319629,372.404,8.31169e-005,2.85317,0.202789,-1.98378,4.72713
-0.319629,372.404,8.33766e-005,2.90575,0.176501,-2.02417,4.83247
-0.319629,372.404,8.36364e-005,2.94686,0.14972,-2.06211,4.92416
-0.319629,372.404,8.38961e-005,2.97634,0.122479,-2.09754,5.00194
-0.319629,372.404,8.41558e-005,2.99408,0.0948126,-2.13034,5.06557
-0.319629,372.404,8.44156e-005,3,0.0667557,-2.16038,5.11482
-0.319629,372.404,8.46753e-005,2.99408,0.0383467,-2.18749,5.1495
-0.319629,372.404,8.49351e-005,2.97634,0.00962595,-2.2115,5.16942
-0.319629,372.404,8.51948e-005,2.94686,-0.0193634,-2.23218,5.17442
-0.319629,372.404,8.54545e-005,2.90575,-0.0485752,-2.2493,5.16436
-0.319629,372.404,8.57143e-005,2.85317,-0.0779598,-2.26261,5.13913
-0.319629,372.404,8.5974e-005,2.78933,-0.107464,-2.27184,5.09863
-0.319629,372.404,8.62338e-005,2.71448,-0.137031,-2.27668,5.0428
-0.319629,372.404,8.64935e-005,2.62892,-0.166601,-2.27685,4.97162
-0.319629,372.404,8.67532e-005,2.53298,-0.196108,-2.27203,4.88507
-0.319629,372.404,8.7013e-005,2.42705,-0.225483,-2.26191,4.7832
-0.319629,372.404,8.72727e-005,2.31154,-0.254654,-2.24617,4.66606
-0.319629,372.404,8.75325e-005,2.18691,-0.283544,-2.2245,4.53377
-0.319629,372.404,8.77922e-005,2.05364,-0.312071,-2.19659,4.38648
-0.319629,372.404,8.80519e-005,1.91227,-0.340151,-2.16213,4.22436
-0.319629,372.404,8.83117e-005,1.76336,-0.367694,-2.12086,4.04766
-0.319629,372.404,8.85714e-005,1.60748,-0.39461,-2.07249,3.85665
-0.319629,372.404,8.88312e-005,1.44526,-0.420802,-2.01678,3.65166
-0.319629,372.404,8.90909e-005,1.27734,-0.446172,-1.95352,3.43306
-0.319629,372.404,8.93506e-005,1.10437,-0.47062,-1.88252,3.20128
-0.319629,372.404,8.96104e-005,0.927051,-0.494044,-1.80361,2.95681
-0.319629,372.404,8.98701e-005,0.74607,-0.516339,-1.71669,2.70016
-0.319629,372.404,9.01299e-005,0.562144,-0.537399,-1.62168,2.43193
-0.319629,372.404,9.03896e-005,0.376,-0.557121,-1.51853,2.15276
-0.319629,372.404,9.06494e-005,0.188372,-0.575397,-1.40727,1.86335
-0.319629,372.404,9.09091e-005,2.57167e-015,-0.592123,-1.28795,1.56444
-0.319629,372.404,9.11688e-005,-0.188372,-0.607197,-1.16069,1.25685
-0.319629,372.404,9.14286e-005,-0.376,-0.620517,-1.02565,0.941418
-0.319629,372.404,9.16883e-005,-0.562144,-0.631986,-0.883045,0.619072
-0.319629,372.404,9.19481e-005,-0.74607,-0.641507,-0.733156,0.290767
-0.319629,372.404,9.22078e-005,-0.927051,-0.648992,-0.576311,-0.042483
-0.319629,372.404,9.24675e-005,-1.10437,-0.654354,-0.412899,-0.379621
-0.319629,372.404,9.27273e-005,-1.27734,-0.657514,-0.243362,-0.719546
-0.319629,372.404,9.2987e-005,-1.44526,-0.6584,-0.0682009,-1.06111
-0.319629,372.404,9.32468e-005,-1.60748,-0.656945,0.112031,-1.40314
-0.319629,372.404,9.35065e-005,-1.76336,-0.653092,0.296727,-1.74441
-0.319629,372.404,9.37662e-005,-1.91227,-0.64679,0.485228,-2.08368
-0.319629,372.404,9.4026e-005,-2.05364,-0.638,0.676825,-2.41967
-0.319629,372.404,9.42857e-005,-2.18691,-0.626691,0.870765,-2.7511
-0.319629,372.404,9.45455e-005,-2.31154,-0.612844,1.06625,-3.07665
-0.319629,372.404,9.48052e-005,-2.42705,-0.596449,1.26245,-3.39501
-0.319629,372.404,9.50649e-005,-2.53298,-0.577507,1.45848,-3.70486
-0.319629,372.404,9.53247e-005,-2.62892,-0.556034,1.65344,-4.00486
-0.319629,372.404,9.55844e-005,-2.71448,-0.532055,1.84641,-4.29371
-0.319629,372.404,9.58442e-005,-2.78933,-0.505607,2.03644,-4.5701
-0.319629,372.404,9.61039e-005,-2.85317,-0.476743,2.22254,-4.83276
-0.319629,372.404,9.63636e-005,-2.90575,-0.445526,2.40375,-5.08041
-0.319629,372.404,9.66234e-005,-2.94686,-0.412031,2.57908,-5.31186
-0.319629,372.404,9.68831e-005,-2.97634,-0.376349,2.74754,-5.5259
-0.319629,372.404,9.71429e-005,-2.99408,-0.33858,2.90817,-5.7214
-0.319629,372.404,9.74026e-005,-3,-0.29884,3.05998,-5.89729
-0.319629,372.404,9.76623e-005,-2.99408,-0.257255,3.20205,-6.05253
-0.319629,372.404,9.79221e-005,-2.97634,-0.213964,3.33344,-6.18617
-0.319629,372.404,9.81818e-005,-2.94686,-0.169116,3.45327,-6.29732
-0.319629,372.404,9.84416e-005,-2.90575,-0.122873,3.56069,-6.38517
-0.319629,372.404,9.87013e-005,-2.85317,-0.0754075,3.65488,-6.449
-0.319629,372.404,9.8961e-005,-2.78933,-0.0268999,3.73508,-6.48818
-0.319629,372.404,9.92208e-005,-2.71448,0.0224585,3.8006,-6.50215
-0.319629,372.404,9.94805e-005,-2.62892,0.0724685,3.85077,-6.49048
-0.319629,372.404,9.97403e-005,-2.53298,0.122923,3.88503,-6.45284
-0.319629,372.404,0.0001,-2.42705,0.17361,3.90286,-6.38898
-0.319629,372.404,0.00010026,-2.31154,0.224309,3.90383,-6.29879
-0.319629,372.404,0.000100519,-2.18691,0.274797,3.88758,-6.18227
-0.319629,372.404,0.000100779,-2.05364,0.324847,3.85383,-6.03952
-0.319629,372.404,0.000101039,-1.91227,0.374229,3.8024,-5.87077
-0.319629,372.404,0.000101299,-1.76336,0.422712,3.73318,-5.67636
-0.319629,372.404,0.000101558,-1.60748,0.470064,3.64617,-5.45677
-0.319629,372.404,0.000101818,-1.44526,0.516057,3.54145,-5.21258
-0.319629,372.404,0.000102078,-1.27734,0.560462,3.41919,-4.9445
-0.319629,372.404,0.000102338,-1.10437,0.603055,3.27966,-4.65335
-0.319629,372.404,0.000102597,-0.927051,0.643617,3.12325,-4.34008
-0.319629,372.404,0.000102857,-0.74607,0.681934,2.95039,-4.00573
-0.319629,372.404,0.000103117,-0.562144,0.717799,2.76165,-3.65148
-0.319629,372.404,0.000103377,-0.376,0.751016,2.55768,-3.2786
-0.319629,372.404,0.000103636,-0.188372,0.781395,2.33921,-2.88846
-0.319629,372.404,0.000103896,-2.93906e-015,0.80876,2.10706,-2.48254
-0.319629,372.404,0.000104156,0.188372,0.832943,1.86215,-2.0624
-0.319629,372.404,0.000104416,0.376,0.853794,1.60546,-1.6297
-0.319629,372.404,0.000104675,0.562144,0.871171,1.33806,-1.18618
-0.319629,372.404,0.000104935,0.74607,0.884951,1.06107,-0.733619
-0.319629,372.404,0.000105195,0.927051,0.895025,0.775719,-0.273905
-0.319629,372.404,0.000105455,1.10437,0.901301,0.483253,0.191044
-0.319629,372.404,0.000105714,1.27734,0.903704,0.184993,0.659252
-0.319629,372.404,0.000105974,1.44526,0.902175,-0.117695,1.12871
-0.319629,372.404,0.000106234,1.60748,0.896677,-0.423404,1.59737
-0.319629,372.404,0.000106494,1.76336,0.887187,-0.730692,2.06318
-0.319629,372.404,0.000106753,1.91227,0.873705,-1.03809,2.52405
-0.319629,372.404,0.000107013,2.05364,0.856249,-1.34412,2.97793
-0.319629,372.404,0.000107273,2.18691,0.834856,-1.64727,3.42273
-0.319629,372.404,0.000107532,2.31154,0.809583,-1.94605,3.85642
-0.319629,372.404,0.000107792,2.42705,0.780506,-2.23896,4.27699
-0.319629,372.404,0.000108052,2.53298,0.74772,-2.52451,4.68244
-0.319629,372.404,0.000108312,2.62892,0.71134,-2.80124,5.07087
-0.319629,372.404,0.000108571,2.71448,0.671499,-3.06773,5.4404
-0.319629,372.404,0.000108831,2.78933,0.628349,-3.32257,5.78923
-0.319629,372.404,0.000109091,2.85317,0.582058,-3.56441,6.11564
-0.319629,372.404,0.000109351,2.90575,0.532812,-3.79195,6.41801
-0.319629,372.404,0.00010961,2.94686,0.480813,-4.00396,6.6948
-0.319629,372.404,0.00010987,2.97634,0.426277,-4.19926,6.94457
-0.319629,372.404,0.00011013,2.99408,0.369436,-4.37676,7.16601
-0.319629,372.404,0.00011039,3,0.310534,-4.53545,7.35793
-0.319629,372.404,0.000110649,2.99408,0.249827,-4.67438,7.51924
-0.319629,372.404,0.000110909,2.97634,0.187584,-4.79272,7.64902
-0.319629,372.404,0.000111169,2.94686,0.124081,-4.88974,7.74647
-0.319629,372.404,0.000111429,2.90575,0.0596031,-4.9648,7.81093
-0.319629,372.404,0.000111688,2.85317,-0.00555737,-5.01736,7.84189
-0.319629,372.404,0.000111948,2.78933,-0.0711029,-5.047,7.839
-0.319629,372.404,0.000112208,2.71448,-0.136732,-5.05342,7.80207
-0.319629,372.404,0.000112468,2.62892,-0.20214,-5.03641,7.73104
-0.319629,372.404,0.000112727,2.53298,-0.267022,-4.99591,7.62603
-0.319629,372.404,0.000112987,2.42705,-0.331073,-4.93196,7.48732
-0.319629,372.404,0.000113247,2.31154,-0.393991,-4.8447,7.31533
-0.319629,372.404,0.000113506,2.18691,-0.455477,-4.73443,7.11066
-0.319629,372.404,0.000113766,2.05364,-0.515238,-4.60154,6.87405
-0.319629,372.404,0.000114026,1.91227,-0.572985,-4.44654,6.60639
-0.319629,372.404,0.000114286,1.76336,-0.62844,-4.27005,6.30874
-0.319629,372.404,0.000114545,1.60748,-0.681334,-4.07282,5.98227
-0.319629,372.404,0.000114805,1.44526,-0.731408,-3.85568,5.62833
-0.319629,372.404,0.000115065,1.27734,-0.778415,-3.61959,5.24838
-0.319629,372.404,0.000115325,1.10437,-0.822124,-3.36559,4.84401
-0.319629,372.404,0.000115584,0.927051,-0.862317,-3.09484,4.41693
-0.319629,372.404,0.000115844,0.74607,-0.898792,-2.80855,3.96898
-0.319629,372.404,0.000116104,0.562144,-0.931363,-2.50804,3.50207
-0.319629,372.404,0.000116364,0.376,-0.959866,-2.19471,3.01825
-0.319629,372.404,0.000116623,0.188372,-0.984152,-1.87001,2.51962
-0.319629,372.404,0.000116883,3.30644e-015,-1.00409,-1.53546,2.00837
-0.319629,372.404,0.000117143,-0.188372,-1.01958,-1.19265,1.48676
-0.319629,372.404,0.000117403,-0.376,-1.03053,-0.843179,0.957108
-0.319629,372.404,0.000117662,-0.562144,-1.03688,-0.488719,0.421766
-0.319629,372.404,0.000117922,-0.74607,-1.03858,-0.130957,-0.116872
-0.319629,372.404,0.000118182,-0.927051,-1.03561,0.228401,-0.656394
-0.319629,372.404,0.000118442,-1.10437,-1.02798,0.587635,-1.19438
-0.319629,372.404,0.000118701,-1.27734,-1.01571,0.94502,-1.72839
-0.319629,372.404,0.000118961,-1.44526,-0.998841,1.29884,-2.25603
-0.319629,372.404,0.000119221,-1.60748,-0.977446,1.64739,-2.77491
-0.319629,372.404,0.000119481,-1.76336,-0.951615,1.989,-3.28268
-0.319629,372.404,0.00011974,-1.91227,-0.921459,2.32202,-3.77702
-0.319629,372.404,0.00012,-2.05364,-0.887111,2.64484,-4.2557
-0.319629,372.404,0.00012026,-2.18691,-0.848722,2.95591,-4.71654
-0.319629,372.404,0.000120519,-2.31154,-0.806466,3.25372,-5.15743
-0.319629,372.404,0.000120779,-2.42705,-0.760533,3.53685,-5.57638
-0.319629,372.404,0.000121039,-2.53298,-0.711131,3.80393,-5.97146
-0.319629,372.404,0.000121299,-2.62892,-0.658486,4.05367,-6.34088
-0.319629,372.404,0.000121558,-2.71448,-0.602838,4.28488,-6.68295
-0.319629,372.404,0.000121818,-2.78933,-0.544443,4.49646,-6.99611
-0.319629,372.404,0.000122078,-2.85317,-0.483568,4.68738,-7.27894
-0.319629,372.404,0.000122338,-2.90575,-0.420493,4.85676,-7.53014
-0.319629,372.404,0.000122597,-2.94686,-0.355509,5.00377,-7.74858
-0.319629,372.404,0.000122857,-2.97634,-0.288915,5.12775,-7.93326
-0.319629,372.404,0.000123117,-2.99408,-0.221017,5.2281,-8.08335
-0.319629,372.404,0.000123377,-3,-0.15213,5.30436,-8.19816
-0.319629,372.404,0.000123636,-2.99408,-0.0825684,5.35621,-8.27719
-0.319629,372.404,0.000123896,-2.97634,-0.012654,5.38341,-8.32008
-0.319629,372.404,0.000124156,-2.94686,0.0572924,5.38587,-8.32666
-0.319629,372.404,0.000124416,-2.90575,0.12695,5.36361,-8.29689
-0.319629,372.404,0.000124675,-2.85317,0.195999,5.31677,-8.23095
-0.319629,372.404,0.000124935,-2.78933,0.264124,5.24562,-8.12913
-0.319629,372.404,0.000125195,-2.71448,0.331014,5.15052,-7.99192
-0.319629,372.404,0.000125455,-2.62892,0.396364,5.03199,-7.81997
-0.319629,372.404,0.000125714,-2.53298,0.459879,4.89062,-7.61406
-0.319629,372.404,0.000125974,-2.42705,0.52127,4.72713,-7.37516
-0.319629,372.404,0.000126234,-2.31154,0.580262,4.54235,-7.10437
-0.319629,372.404,0.000126494,-2.18691,0.636589,4.33721,-6.80294
-0.319629,372.404,0.000126753,-2.05364,0.690001,4.11271,-6.47224
-0.319629,372.404,0.000127013,-1.91227,0.74026,3.86997,-6.1138
-0.319629,372.404,0.000127273,-1.76336,0.787146,3.61019,-5.72925
-0.319629,372.404,0.000127532,-1.60748,0.830452,3.33463,-5.32035
-0.319629,372.404,0.000127792,-1.44526,0.869993,3.04463,-4.88894
-0.319629,372.404,0.000128052,-1.27734,0.905598,2.74161,-4.437
-0.319629,372.404,0.000128312,-1.10437,0.937118,2.42702,-3.96656
-0.319629,372.404,0.000128571,-0.927051,0.964422,2.10239,-3.47974
-0.319629,372.404,0.000128831,-0.74607,0.987399,1.76925,-2.97874
-0.319629,372.404,0.000129091,-0.562144,1.00596,1.4292,-2.46581
-0.319629,372.404,0.000129351,-0.376,1.02004,1.08385,-1.94323
-0.319629,372.404,0.00012961,-0.188372,1.02958,0.734824,-1.41334
-0.319629,372.404,0.00012987,-3.67382e-015,1.03456,0.383763,-0.878496
-0.319629,372.404,0.00013013,0.188372,1.03498,0.0323044,-0.341061
-0.319629,372.404,0.00013039,0.376,1.03085,-0.317923,0.196593
-0.319629,372.404,0.000130649,0.562144,1.02221,-0.665303,0.732101
-0.319629,372.404,0.000130909,0.74607,1.00912,-1.00825,1.26312
-0.319629,372.404,0.000131169,0.927051,0.99165,-1.34519,1.78734
-0.319629,372.404,0.000131429,1.10437,0.969901,-1.67462,2.30248
-0.319629,372.404,0.000131688,1.27734,0.943992,-1.99505,2.80633
-0.319629,372.404,0.000131948,1.44526,0.914056,-2.30506,3.29671
-0.319629,372.404,0.000132208,1.60748,0.880247,-2.60329,3.77155
-0.319629,372.404,0.000132468,1.76336,0.842735,-2.88844,4.22882
-0.319629,372.404,0.000132727,1.91227,0.801705,-3.15928,4.6666
-0.319629,372.404,0.000132987,2.05364,0.757359,-3.41467,5.08307
-0.319629,372.404,0.000133247,2.18691,0.70991,-3.65352,5.47651
-0.319629,372.404,0.000133506,2.31154,0.659587,-3.87488,5.84529
-0.319629,372.404,0.000133766,2.42705,0.606629,-4.07783,6.18793
-0.319629,372.404,0.000134026,2.53298,0.551283,-4.26158,6.50306
-0.319629,372.404,0.000134286,2.62892,0.49381,-4.42543,6.78945
-0.319629,372.404,0.000134545,2.71448,0.434476,-4.56877,7.04597
-0.319629,372.404,0.000134805,2.78933,0.373552,-4.69112,7.27167
-0.319629,372.404,0.000135065,2.85317,0.311318,-4.79205,7.46572
-0.319629,372.404,0.000135325,2.90575,0.248054,-4.87129,7.62745
-0.319629,372.404,0.000135584,2.94686,0.184046,-4.92864,7.75631
-0.319629,372.404,0.000135844,2.97634,0.119578,-4.96401,7.85192
-0.319629,372.404,0.000136104,2.99408,0.0549363,-4.97741,7.91403
-0.319629,372.404,0.000136364,3,-0.00959577,-4.96897,7.94257
-0.319629,372.404,0.000136623,2.99408,-0.0737373,-4.9389,7.93759
-0.319629,372.404,0.000136883,2.97634,-0.137211,-4.88751,7.89928
-0.319629,372.404,0.000137143,2.94686,-0.199747,-4.81521,7.828
-0.319629,372.404,0.000137403,2.90575,-0.261078,-4.72251,7.72424
-0.319629,372.404,0.000137662,2.85317,-0.320948,-4.60999,7.58861
-0.319629,372.404,0.000137922,2.78933,-0.379108,-4.47834,7.42189
-0.319629,372.404,0.000138182,2.71448,-0.43532,-4.3283,7.22495
-0.319629,372.404,0.000138442,2.62892,-0.489355,-4.16071,6.99881
-0.319629,372.404,0.000138701,2.53298,-0.540997,-3.97647,6.7446
-0.319629,372.404,0.000138961,2.42705,-0.590044,-3.77655,6.46356
-0.319629,372.404,0.000139221,2.31154,-0.636303,-3.56198,6.15704
-0.319629,372.404,0.000139481,2.18691,-0.6796,-3.33384,5.8265
-0.319629,372.404,0.00013974,2.05364,-0.719772,-3.09326,5.47346
-0.319629,372.404,0.00014,1.91227,-0.756673,-2.84142,5.09955
-0.319629,372.404,0.00014026,1.76336,-0.790174,-2.57952,4.70647
-0.319629,372.404,0.000140519,1.60748,-0.820158,-2.30882,4.29599
-0.319629,372.404,0.000140779,1.44526,-0.846529,-2.03058,3.86994
-0.319629,372.404,0.000141039,1.27734,-0.869206,-1.74607,3.43018
-0.319629,372.404,0.000141299,1.10437,-0.888123,-1.4566,2.97865
-0.319629,372.404,0.000141558,0.927051,-0.903233,-1.16347,2.51729
-0.319629,372.404,0.000141818,0.74607,-0.914505,-0.867983,2.04807
-0.319629,372.404,0.000142078,0.562144,-0.921926,-0.571425,1.57301
-0.319629,372.404,0.000142338,0.376,-0.925499,-0.27508,1.09408
-0.319629,372.404,0.000142597,0.188372,-0.925242,0.0197866,0.613305
-0.319629,372.404,0.000142857,-6.61694e-015,-0.921191,0.311937,0.13266
-0.319629,372.404,0.000143117,-0.188372,-0.913396,0.600159,-0.345881
-0.319629,372.404,0.000143377,-0.376,-0.901925,0.883277,-0.820372
-0.319629,372.404,0.000143636,-0.562144,-0.886858,1.16015,-1.2889
-0.319629,372.404,0.000143896,-0.74607,-0.868291,1.42969,-1.74961
-0.319629,372.404,0.000144156,-0.927051,-0.846332,1.69085,-2.20067
-0.319629,372.404,0.000144416,-1.10437,-0.821103,1.94263,-2.64032
-0.319629,372.404,0.000144675,-1.27734,-0.792738,2.18409,-3.06687
-0.319629,372.404,0.000144935,-1.44526,-0.761383,2.41435,-3.47868
-0.319629,372.404,0.000145195,-1.60748,-0.727193,2.63258,-3.87421
-0.319629,372.404,0.000145455,-1.76336,-0.690336,2.83804,-4.25197
-0.319629,372.404,0.000145714,-1.91227,-0.650985,3.03003,-4.61058
-0.319629,372.404,0.000145974,-2.05364,-0.609323,3.20793,-4.94876
-0.319629,372.404,0.000146234,-2.18691,-0.565542,3.37118,-5.26529
-0.319629,372.404,0.000146494,-2.31154,-0.519837,3.51929,-5.55908
-0.319629,372.404,0.000146753,-2.42705,-0.47241,3.65186,-5.82912
-0.319629,372.404,0.000147013,-2.53298,-0.423468,3.76855,-6.07453
-0.319629,372.404,0.000147273,-2.62892,-0.37322,3.86908,-6.29451
-0.319629,372.404,0.000147532,-2.71448,-0.321879,3.95325,-6.48839
-0.319629,372.404,0.000147792,-2.78933,-0.269659,4.02094,-6.6556
-0.319629,372.404,0.000148052,-2.85317,-0.216775,4.07209,-6.79569
-0.319629,372.404,0.000148312,-2.90575,-0.163441,4.10671,-6.9083
-0.319629,372.404,0.000148571,-2.94686,-0.109871,4.12488,-6.9932
-0.319629,372.404,0.000148831,-2.97634,-0.056277,4.12673,-7.05028
-0.319629,372.404,0.000149091,-2.99408,-0.00286825,4.11247,-7.07951
-0.319629,372.404,0.000149351,-3,0.0501497,4.08238,-7.081
-0.319629,372.404,0.00014961,-2.99408,0.102575,4.03677,-7.05495
-0.319629,372.404,0.00014987,-2.97634,0.154212,3.97603,-7.00166
-0.319629,372.404,0.00015013,-2.94686,0.204869,3.90059,-6.92155
-0.319629,372.404,0.00015039,-2.90575,0.254362,3.81094,-6.81513
-0.319629,372.404,0.000150649,-2.85317,0.302512,3.7076,-6.68299
-0.319629,372.404,0.000150909,-2.78933,0.349151,3.59115,-6.52584
-0.319629,372.404,0.000151169,-2.71448,0.394114,3.46221,-6.34447
-0.319629,372.404,0.000151429,-2.62892,0.43725,3.32143,-6.13973
-0.319629,372.404,0.000151688,-2.53298,0.478412,3.1695,-5.91259
-0.319629,372.404,0.000151948,-2.42705,0.517466,3.00713,-5.66406
-0.319629,372.404,0.000152208,-2.31154,0.554285,2.83506,-5.39525
-0.319629,372.404,0.000152468,-2.18691,0.588753,2.65406,-5.10731
-0.319629,372.404,0.000152727,-2.05364,0.620765,2.46491,-4.80146
-0.319629,372.404,0.000152987,-1.91227,0.650225,2.26843,-4.47899
-0.319629,372.404,0.000153247,-1.76336,0.677048,2.06541,-4.14121
-0.319629,372.404,0.000153506,-1.60748,0.701161,1.85668,-3.7895
-0.319629,372.404,0.000153766,-1.44526,0.7225,1.64307,-3.42526
-0.319629,372.404,0.000154026,-1.27734,0.741012,1.42542,-3.04993
-0.319629,372.404,0.000154286,-1.10437,0.756655,1.20455,-2.66499
-0.319629,372.404,0.000154545,-0.927051,0.769399,0.981284,-2.27192
-0.319629,372.404,0.000154805,-0.74607,0.779223,0.756454,-1.87223
-0.319629,372.404,0.000155065,-0.562144,0.786118,0.530868,-1.46744
-0.319629,372.404,0.000155325,-0.376,0.790083,0.305326,-1.05907
-0.319629,372.404,0.000155584,-0.188372,0.79113,0.0806164,-0.648638
-0.319629,372.404,0.000155844,-4.40858e-015,0.789279,-0.142492,-0.237662
-0.319629,372.404,0.00142883,0.188372,0.861157,0.314975,-0.53844
-0.319629,372.404,0.00142909,0.376,0.861849,0.0532832,-0.091086
-0.319629,372.404,0.00142935,0.562144,0.859139,-0.208619,0.356628
-0.319629,372.404,0.00142961,0.74607,0.853039,-0.469697,0.802934
-0.319629,372.404,0.00142987,0.927051,0.843573,-0.728922,1.24607
-0.319629,372.404,0.00143013,1.10437,0.830777,-0.98527,1.68429
-0.319629,372.404,0.00143039,1.27734,0.814703,-1.23773,2.11586
-0.319629,372.404,0.00143065,1.44526,0.795413,-1.4853,2.53909
-0.319629,372.404,0.00143091,1.60748,0.772984,-1.72702,2.95229
-0.319629,372.404,0.00143117,1.76336,0.747505,-1.96192,3.35384
-0.319629,372.404,0.00143143,1.91227,0.719075,-2.18907,3.74215
-0.319629,372.404,0.00143169,2.05364,0.687808,-2.40759,4.1157
-0.319629,372.404,0.00143195,2.18691,0.653826,-2.6166,4.473
-0.319629,372.404,0.00143221,2.31154,0.617264,-2.81529,4.81265
-0.319629,372.404,0.00143247,2.42705,0.578266,-3.00286,5.13331
-0.319629,372.404,0.00143273,2.53298,0.536985,-3.17859,5.4337
-0.319629,372.404,0.00143299,2.62892,0.493586,-3.34177,5.71266
-0.319629,372.404,0.00143325,2.71448,0.448238,-3.49176,5.96907
-0.319629,372.404,0.00143351,2.78933,0.401122,-3.62797,6.20192
-0.319629,372.404,0.00143377,2.85317,0.352422,-3.74987,6.41029
-0.319629,372.404,0.00143403,2.90575,0.302332,-3.85696,6.59337
-0.319629,372.404,0.00143429,2.94686,0.251048,-3.94884,6.75042
-0.319629,372.404,0.00143455,2.97634,0.198774,-4.02513,6.88084
-0.319629,372.404,0.00143481,2.99408,0.145715,-4.08553,6.9841
-0.319629,372.404,0.00143506,3,0.0920809,-4.12981,7.05979
-0.319629,372.404,0.00143532,2.99408,0.0380836,-4.15779,7.10763
-0.319629,372.404,0.00143558,2.97634,-0.0160641,-4.16937,7.12741
-0.319629,372.404,0.00143584,2.94686,-0.0701483,-4.16449,7.11907
-0.319629,372.404,0.0014361,2.90575,-0.123956,-4.14317,7.08263
-0.319629,372.404,0.00143636,2.85317,-0.177274,-4.1055,7.01823
-0.319629,372.404,0.00143662,2.78933,-0.229892,-4.05163,6.92614
-0.319629,372.404,0.00143688,2.71448,-0.281604,-3.98177,6.80672
-0.319629,372.404,0.00143714,2.62892,-0.332204,-3.89619,6.66043
-0.319629,372.404,0.0014374,2.53298,-0.381493,-3.79524,6.48786
-0.319629,372.404,0.00143766,2.42705,-0.429276,-3.67931,6.28968
-0.319629,372.404,0.00143792,2.31154,-0.475365,-3.54886,6.06668
-0.319629,372.404,0.00143818,2.18691,-0.519578,-3.40441,5.81974
-0.319629,372.404,0.00143844,2.05364,-0.561741,-3.24652,5.54983
-0.319629,372.404,0.0014387,1.91227,-0.601686,-3.07581,5.25801
-0.319629,372.404,0.00143896,1.76336,-0.639257,-2.89297,4.94545
-0.319629,372.404,0.00143922,1.60748,-0.674305,-2.69871,4.61337
-0.319629,372.404,0.00143948,1.44526,-0.706692,-2.4938,4.26308
-0.319629,372.404,0.00143974,1.27734,-0.73629,-2.27905,3.89596
-0.319629,372.404,0.00144,1.10437,-0.762983,-2.0553,3.51348
-0.319629,372.404,0.00144026,0.927051,-0.786664,-1.82344,3.11712
-0.319629,372.404,0.00144052,0.74607,-0.80724,-1.58439,2.70846
-0.319629,372.404,0.00144078,0.562144,-0.824631,-1.33908,2.28912
-0.319629,372.404,0.00144104,0.376,-0.838767,-1.08849,1.86074
-0.319629,372.404,0.0014413,0.188372,-0.849593,-0.833601,1.42502
-0.319629,372.404,0.00144156,8.80497e-015,-0.857066,-0.575423,0.983669
-0.319629,372.404,0.00144182,-0.188372,-0.861157,-0.314975,0.53844
-0.319629,372.404,0.00144208,-0.376,-0.861849,-0.0532833,0.0910862
-0.319629,372.404,0.00144234,-0.562144,-0.859139,0.208619,-0.356627
-0.319629,372.404,0.0014426,-0.74607,-0.853039,0.469697,-0.802934
-0.319629,372.404,0.00144286,-0.927051,-0.843573,0.728922,-1.24607
-0.319629,372.404,0.00144312,-1.10437,-0.830777,0.98527,-1.68429
-0.319629,372.404,0.00144338,-1.27734,-0.814703,1.23773,-2.11586
-0.319629,372.404,0.00144364,-1.44526,-0.795413,1.4853,-2.53909
-0.319629,372.404,0.0014439,-1.60748,-0.772984,1.72702,-2.95229
-0.319629,372.404,0.00144416,-1.76336,-0.747505,1.96192,-3.35384
-0.319629,372.404,0.00144442,-1.91227,-0.719075,2.18907,-3.74215
-0.319629,372.404,0.00144468,-2.05364,-0.687808,2.40759,-4.1157
-0.319629,372.404,0.00144494,-2.18691,-0.653826,2.6166,-4.473
-0.319629,372.404,0.00144519,-2.31154,-0.617264,2.81529,-4.81265
-0.319629,372.404,0.00144545,-2.42705,-0.578266,3.00286,-5.13331
-0.319629,372.404,0.00144571,-2.53298,-0.536985,3.17859,-5.4337
-0.319629,372.404,0.00144597,-2.62892,-0.493586,3.34177,-5.71266
-0.319629,372.404,0.00144623,-2.71448,-0.448238,3.49176,-5.96907
-0.319629,372.404,0.00144649,-2.78933,-0.401122,3.62797,-6.20192
-0.319629,372.404,0.00144675,-2.85317,-0.352422,3.74987,-6.41029
-0.319629,372.404,0.00144701,-2.90575,-0.302332,3.85696,-6.59337
-0.319629,372.404,0.00144727,-2.94686,-0.251048,3.94884,-6.75042
-0.319629,372.404,0.00144753,-2.97634,-0.198774,4.02513,-6.88084
-0.319629,372.404,0.00144779,-2.99408,-0.145715,4.08553,-6.9841
-0.319629,372.404,0.00144805,-3,-0.0920809,4.12981,-7.05979
-0.319629,372.404,0.00144831,-2.99408,-0.0380836,4.15779,-7.10763
-0.319629,372.404,0.00144857,-2.97634,0.0160641,4.16937,-7.12741
-0.319629,372.404,0.00144883,-2.94686,0.0701483,4.16449,-7.11907
-0.319629,372.404,0.00144909,-2.90575,0.123956,4.14317,-7.08263
-0.319629,372.404,0.00144935,-2.85317,0.177274,4.1055,-7.01823
-0.319629,372.404,0.00144961,-2.78933,0.229892,4.05163,-6.92614
-0.319629,372.404,0.00144987,-2.71448,0.281604,3.98177,-6.80672
-0.319629,372.404,0.00145013,-2.62892,0.332204,3.89619,-6.66043
-0.319629,372.404,0.00145039,-2.53298,0.381493,3.79524,-6.48786
-0.319629,372.404,0.00145065,-2.42705,0.429276,3.67931,-6.28968
-0.319629,372.404,0.00145091,-2.31154,0.475365,3.54886,-6.06668
-0.319629,372.404,0.00145117,-2.18691,0.519578,3.40441,-5.81974
-0.319629,372.404,0.00145143,-2.05364,0.561741,3.24652,-5.54983
-0.319629,372.404,0.00145169,-1.91227,0.601686,3.07581,-5.25801
-0.319629,372.404,0.00145195,-1.76336,0.639257,2.89297,-4.94545
-0.319629,372.404,0.00145221,-1.60748,0.674305,2.69871,-4.61337
-0.319629,372.404,0.00145247,-1.44526,0.706692,2.4938,-4.26308
-0.319629,372.404,0.00145273,-1.27734,0.73629,2.27905,-3.89596
-0.319629,372.404,0.00145299,-1.10437,0.762983,2.0553,-3.51348
-0.319629,372.404,0.00145325,-0.927051,0.786664,1.82344,-3.11712
-0.319629,372.404,0.00145351,-0.74607,0.80724,1.58439,-2.70846
-0.319629,372.404,0.00145377,-0.562144,0.824631,1.33908,-2.28912
-0.319629,372.404,0.00145403,-0.376,0.838767,1.08849,-1.86074
-0.319629,372.404,0.00145429,-0.188372,0.849593,0.833601,-1.42502
-0.319629,372.404,0.00145455,-4.11468e-014,0.857066,0.575423,-0.983669
-0.319629,372.404,0.00145481,0.188372,0.861157,0.314975,-0.53844
-0.319629,372.404,0.00145506,0.376,0.861849,0.0532833,-0.0910862
-0.319629,372.404,0.00145532,0.562144,0.859139,-0.208619,0.356627
-0.319629,372.404,0.00145558,0.74607,0.853039,-0.469697,0.802934
-0.319629,372.404,0.00145584,0.927051,0.843573,-0.728922,1.24607
-0.319629,372.404,0.0014561,1.10437,0.830777,-0.98527,1.68429
-0.319629,372.404,0.00145636,1.27734,0.814703,-1.23773,2.11586
-0.319629,372.404,0.00145662,1.44526,0.795413,-1.4853,2.53909
-0.319629,372.404,0.00145688,1.60748,0.772984,-1.72702,2.95229
-0.319629,372.404,0.00145714,1.76336,0.747505,-1.96192,3.35384
-0.319629,372.404,0.0014574,1.91227,0.719075,-2.18907,3.74215
-0.319629,372.404,0.00145766,2.05364,0.687808,-2.40759,4.1157
-0.319629,372.404,0.00145792,2.18691,0.653826,-2.6166,4.473
-0.319629,372.404,0.00145818,2.31154,0.617264,-2.81529,4.81265
-0.319629,372.404,0.00145844,2.42705,0.578266,-3.00286,5.13331
-0.319629,372.404,0.0014587,2.53298,0.536985,-3.17859,5.4337
-0.319629,372.404,0.00145896,2.62892,0.493586,-3.34177,5.71266
-0.319629,372.404,0.00145922,2.71448,0.448238,-3.49176,5.96907
-0.319629,372.404,0.00145948,2.78933,0.401122,-3.62797,6.20192
-0.319629,372.404,0.00145974,2.85317,0.352422,-3.74987,6.41029
-0.319629,372.404,0.00146,2.90575,0.302332,-3.85696,6.59337
-0.319629,372.404,0.00146026,2.94686,0.251048,-3.94884,6.75042
-0.319629,372.404,0.00146052,2.97634,0.198774,-4.02513,6.88084
-0.319629,372.404,0.00146078,2.99408,0.145715,-4.08553,6.9841
-0.319629,372.404,0.00146104,3,0.0920809,-4.12981,7.05979
-0.319629,372.404,0.0014613,2.99408,0.0380836,-4.15779,7.10763
-0.319629,372.404,0.00146156,2.97634,-0.0160641,-4.16937,7.12741
-0.319629,372.404,0.00146182,2.94686,-0.0701483,-4.16449,7.11907
-0.319629,372.404,0.00146208,2.90575,-0.123956,-4.14317,7.08263
-0.319629,372.404,0.00146234,2.85317,-0.177274,-4.1055,7.01823
-0.319629,372.404,0.0014626,2.78933,-0.229892,-4.05163,6.92614
-0.319629,372.404,0.00146286,2.71448,-0.281604,-3.98177,6.80672
-0.319629,372.404,0.00146312,2.62892,-0.332204,-3.89619,6.66043
-0.319629,372.404,0.00146338,2.53298,-0.381493,-3.79524,6.48786
-0.319629,372.404,0.00146364,2.42705,-0.429276,-3.67931,6.28968
-0.319629,372.404,0.0014639,2.31154,-0.475365,-3.54886,6.06668
-0.319629,372.404,0.00146416,2.18691,-0.519578,-3.40441,5.81974
-0.319629,372.404,0.00146442,2.05364,-0.561741,-3.24652,5.54983
-0.319629,372.404,0.00146468,1.91227,-0.601686,-3.07581,5.25801
-0.319629,372.404,0.00146494,1.76336,-0.639257,-2.89297,4.94545
-0.319629,372.404,0.00146519,1.60748,-0.674305,-2.69871,4.61337
-0.319629,372.404,0.00146545,1.44526,-0.706692,-2.4938,4.26308
-0.319629,372.404,0.00146571,1.27734,-0.73629,-2.27905,3.89596
-0.319629,372.404,0.00146597,1.10437,-0.762983,-2.0553,3.51348
-0.319629,372.404,0.00146623,0.927051,-0.786664,-1.82344,3.11712
-0.319629,372.404,0.00146649,0.74607,-0.80724,-1.58439,2.70846
-0.319629,372.404,0.00146675,0.562144,-0.824631,-1.33908,2.28912
-0.319629,372.404,0.00146701,0.376,-0.838767,-1.08849,1.86074
-0.319629,372.404,0.00146727,0.188372,-0.849593,-0.833601,1.42502
-0.319629,372.404,0.00146753,7.34886e-014,-0.857066,-0.575423,0.983669
-0.319629,372.404,0.00146779,-0.188372,-0.861157,-0.314975,0.53844
-0.319629,372.404,0.00146805,-0.376,-0.861849,-0.0532832,0.0910861
-0.319629,372.404,0.00146831,-0.562144,-0.859139,0.208619,-0.356628
-0.319629,372.404,0.00146857,-0.74607,-0.853039,0.469697,-0.802934
-0.319629,372.404,0.00146883,-0.927051,-0.843573,0.728922,-1.24607
-0.319629,372.404,0.00146909,-1.10437,-0.830777,0.98527,-1.68429
-0.319629,372.404,0.00146935,-1.27734,-0.814703,1.23773,-2.11586
-0.319629,372.404,0.00146961,-1.44526,-0.795413,1.4853,-2.53909
-0.319629,372.404,0.00146987,-1.60748,-0.772984,1.72702,-2.95229
-0.319629,372.404,0.00147013,-1.76336,-0.747505,1.96192,-3.35384
-0.319629,372.404,0.00147039,-1.91227,-0.719075,2.18907,-3.74215
-0.319629,372.404,0.00147065,-2.05364,-0.687808,2.40759,-4.1157
-0.319629,372.404,0.00147091,-2.18691,-0.653826,2.6166,-4.473
-0.319629,372.404,0.00147117,-2.31154,-0.617264,2.81529,-4.81265
-0.319629,372.404,0.00147143,-2.42705,-0.578266,3.00286,-5.13331
-0.319629,372.404,0.00147169,-2.53298,-0.536985,3.17859,-5.4337
-0.319629,372.404,0.00147195,-2.62892,-0.493586,3.34177,-5.71266
-0.319629,372.404,0.00147221,-2.71448,-0.448238,3.49176,-5.96907
-0.319629,372.404,0.00147247,-2.78933,-0.401122,3.62797,-6.20192
-0.319629,372.404,0.00147273,-2.85317,-0.352422,3.74987,-6.41029
-0.319629,372.404,0.00147299,-2.90575,-0.302332,3.85696,-6.59337
-0.319629,372.404,0.00147325,-2.94686,-0.251048,3.94884,-6.75042
-0.319629,372.404,0.00147351,-2.97634,-0.198774,4.02513,-6.88084
-0.319629,372.404,0.00147377,-2.99408,-0.145715,4.08553,-6.9841
-0.319629,372.404,0.00147403,-3,-0.0920809,4.12981,-7.05979
-0.319629,372.404,0.00147429,-2.99408,-0.0380835,4.15779,-7.10763
-0.319629,372.404,0.00147455,-2.97634,0.0160641,4.16937,-7.12741
-0.319629,372.404,0.00147481,-2.94686,0.0701483,4.16449,-7.11907
-0.319629,372.404,0.00147506,-2.90575,0.123956,4.14317,-7.08263
-0.319629,372.404,0.00147532,-2.85317,0.177274,4.1055,-7.01823
-0.319629,372.404,0.00147558,-2.78933,0.229892,4.05163,-6.92614
-0.319629,372.404,0.00147584,-2.71448,0.281604,3.98177,-6.80672
-0.319629,372.404,0.0014761,-2.62892,0.332204,3.89619,-6.66043
-0.319629,372.404,0.00147636,-2.53298,0.381493,3.79524,-6.48786
-0.319629,372.404,0.00147662,-2.42705,0.429276,3.67931,-6.28968
-0.319629,372.404,0.00147688,-2.31154,0.475365,3.54886,-6.06668
-0.319629,372.404,0.00147714,-2.18691,0.519578,3.40441,-5.81974
-0.319629,372.404,0.0014774,-2.05364,0.561741,3.24652,-5.54983
-0.319629,372.404,0.00147766,-1.91227,0.601686,3.07581,-5.25801
-0.319629,372.404,0.00147792,-1.76336,0.639257,2.89297,-4.94545
-0.319629,372.404,0.00147818,-1.60748,0.674305,2.69871,-4.61337
-0.319629,372.404,0.00147844,-1.44526,0.706692,2.4938,-4.26308
-0.319629,372.404,0.0014787,-1.27734,0.73629,2.27905,-3.89596
-0.319629,372.404,0.00147896,-1.10437,0.762983,2.0553,-3.51348
-0.319629,372.404,0.00147922,-0.927051,0.786664,1.82344,-3.11712
-0.319629,372.404,0.00147948,-0.74607,0.80724,1.58439,-2.70846
-0.319629,372.404,0.00147974,-0.562144,0.824631,1.33908,-2.28912
-0.319629,372.404,0.00148,-0.376,0.838767,1.08849,-1.86074
-0.319629,372.404,0.00148026,-0.188372,0.849593,0.833601,-1.42502
-0.319629,372.404,0.00148052,6.46999e-014,0.857066,0.575423,-0.983669
-0.319629,372.404,0.00148078,0.188372,0.861157,0.314975,-0.53844
-0.319629,372.404,0.00148104,0.376,0.861849,0.0532831,-0.091086
-0.319629,372.404,0.0014813,0.562144,0.859139,-0.208619,0.356628
-0.319629,372.404,0.00148156,0.74607,0.853039,-0.469697,0.802934
-0.319629,372.404,0.00148182,0.927051,0.843573,-0.728922,1.24607
-0.319629,372.404,0.00148208,1.10437,0.830777,-0.98527,1.68429
-0.319629,372.404,0.00148234,1.27734,0.814703,-1.23773,2.11586
-0.319629,372.404,0.0014826,1.44526,0.795413,-1.48531,2.53909
-0.319629,372.404,0.00148286,1.60748,0.772984,-1.72702,2.95229
-0.319629,372.404,0.00148312,1.76336,0.747505,-1.96192,3.35384
-0.319629,372.404,0.00148338,1.91227,0.719075,-2.18907,3.74215
-0.319629,372.404,0.00148364,2.05364,0.687808,-2.40759,4.1157
-0.319629,372.404,0.0014839,2.18691,0.653826,-2.6166,4.473
-0.319629,372.404,0.00148416,2.31154,0.617264,-2.81529,4.81265
-0.319629,372.404,0.00148442,2.42705,0.578266,-3.00286,5.13331
-0.319629,372.404,0.00148468,2.53298,0.536985,-3.17859,5.4337
-0.319629,372.404,0.00148494,2.62892,0.493586,-3.34177,5.71266
-0.319629,372.404,0.00148519,2.71448,0.448238,-3.49176,5.96907
-0.319629,372.404,0.00148545,2.78933,0.401122,-3.62797,6.20192
-0.319629,372.404,0.00148571,2.85317,0.352422,-3.74987,6.41029
-0.319629,372.404,0.00148597,2.90575,0.302332,-3.85696,6.59337
-0.319629,372.404,0.00148623,2.94686,0.251048,-3.94884,6.75042
-0.319629,372.404,0.00148649,2.97634,0.198774,-4.02513,6.88084
-0.319629,372.404,0.00148675,2.99408,0.145715,-4.08553,6.9841
-0.319629,372.404,0.00148701,3,0.0920809,-4.12981,7.05979
-0.319629,372.404,0.00148727,2.99408,0.0380835,-4.15779,7.10763
-0.319629,372.404,0.00148753,2.97634,-0.0160641,-4.16937,7.12741
-0.319629,372.404,0.00148779,2.94686,-0.0701483,-4.16449,7.11907
-0.319629,372.404,0.00148805,2.90575,-0.123956,-4.14317,7.08263
-0.319629,372.404,0.00148831,2.85317,-0.177274,-4.1055,7.01823
-0.319629,372.404,0.00148857,2.78933,-0.229892,-4.05163,6.92614
-0.319629,372.404,0.00148883,2.71448,-0.281604,-3.98177,6.80672
-0.319629,372.404,0.00148909,2.62892,-0.332204,-3.89619,6.66043
-0.319629,372.404,0.00148935,2.53298,-0.381493,-3.79524,6.48786
-0.319629,372.404,0.00148961,2.42705,-0.429276,-3.67931,6.28968
-0.319629,372.404,0.00148987,2.31154,-0.475365,-3.54886,6.06668
-0.319629,372.404,0.00149013,2.18691,-0.519578,-3.40441,5.81974
-0.319629,372.404,0.00149039,2.05364,-0.561741,-3.24652,5.54983
-0.319629,372.404,0.00149065,1.91227,-0.601686,-3.07581,5.25801
-0.319629,372.404,0.00149091,1.76336,-0.639257,-2.89297,4.94545
-0.319629,372.404,0.00149117,1.60748,-0.674305,-2.69871,4.61337
-0.319629,372.404,0.00149143,1.44526,-0.706692,-2.4938,4.26308
-0.319629,372.404,0.00149169,1.27734,-0.73629,-2.27905,3.89596
-0.319629,372.404,0.00149195,1.10437,-0.762983,-2.0553,3.51348
-0.319629,372.404,0.00149221,0.927051,-0.786664,-1.82344,3.11712
-0.319629,372.404,0.00149247,0.74607,-0.80724,-1.58439,2.70846
-0.319629,372.404,0.00149273,0.562144,-0.824631,-1.33908,2.28912
-0.319629,372.404,0.00149299,0.376,-0.838767,-1.08849,1.86074
-0.319629,372.404,0.00149325,0.188372,-0.849593,-0.833601,1.42502
-0.319629,372.404,0.00149351,-3.23581e-014,-0.857066,-0.575423,0.983669
-0.319629,372.404,0.00149377,-0.188372,-0.861157,-0.314975,0.53844
-0.319629,372.404,0.00149403,-0.376,-0.861849,-0.0532831,0.091086
-0.319629,372.404,0.00149429,-0.562144,-0.859139,0.208619,-0.356628
-0.319629,372.404,0.00149455,-0.74607,-0.853039,0.469697,-0.802934
-0.319629,372.404,0.00149481,-0.927051,-0.843573,0.728922,-1.24607
-0.319629,372.404,0.00149506,-1.10437,-0.830777,0.98527,-1.68429
-0.319629,372.404,0.00149532,-1.27734,-0.814703,1.23773,-2.11586
-0.319629,372.404,0.00149558,-1.44526,-0.795413,1.48531,-2.53909
-0.319629,372.404,0.00149584,-1.60748,-0.772984,1.72702,-2.95229
-0.319629,372.404,0.0014961,-1.76336,-0.747505,1.96192,-3.35384
-0.319629,372.404,0.00149636,-1.91227,-0.719075,2.18907,-3.74215
-0.319629,372.404,0.00149662,-2.05364,-0.687808,2.40759,-4.1157
-0.319629,372.404,0.00149688,-2.18691,-0.653826,2.6166,-4.473
-0.319629,372.404,0.00149714,-2.31154,-0.617264,2.81529,-4.81265
-0.319629,372.404,0.0014974,-2.42705,-0.578266,3.00286,-5.13331
-0.319629,372.404,0.00149766,-2.53298,-0.536985,3.17859,-5.4337
-0.319629,372.404,0.00149792,-2.62892,-0.493586,3.34177,-5.71266
-0.319629,372.404,0.00149818,-2.71448,-0.448238,3.49176,-5.96907
-0.319629,372.404,0.00149844,-2.78933,-0.401122,3.62797,-6.20192
-0.319629,372.404,0.0014987,-2.85317,-0.352422,3.74987,-6.41029
-0.319629,372.404,0.00149896,-2.90575,-0.302332,3.85696,-6.59337
-0.319629,372.404,0.00149922,-2.94686,-0.251048,3.94884,-6.75042
-0.319629,372.404,0.00149948,-2.97634,-0.198774,4.02513,-6.88084
-0.319629,372.404,0.00149974,-2.99408,-0.145715,4.08553,-6.9841
-0.319629,372.404,0.0015,-3,-0.0920809,4.12981,-7.05979
-0.319629,372.404,0.00150026,-2.99408,-0.0380835,4.15779,-7.10763
-0.319629,372.404,0.00150052,-2.97634,0.0160641,4.16937,-7.12741
-0.319629,372.404,0.00150078,-2.94686,0.0701483,4.16449,-7.11907
-0.319629,372.404,0.00150104,-2.90575,0.123956,4.14317,-7.08263
-0.319629,372.404,0.0015013,-2.85317,0.177274,4.1055,-7.01823
-0.319629,372.404,0.00150156,-2.78933,0.229892,4.05163,-6.92614
-0.319629,372.404,0.00150182,-2.71448,0.281604,3.98177,-6.80672
-0.319629,372.404,0.00150208,-2.62892,0.332204,3.89619,-6.66043
-0.319629,372.404,0.00150234,-2.53298,0.381493,3.79524,-6.48786
-0.319629,372.404,0.0015026,-2.42705,0.429276,3.67931,-6.28968
-0.319629,372.404,0.00150286,-2.31154,0.475365,3.54886,-6.06668
-0.319629,372.404,0.00150312,-2.18691,0.519578,3.40441,-5.81974
-0.319629,372.404,0.00150338,-2.05364,0.561741,3.24652,-5.54983
-0.319629,372.404,0.00150364,-1.91227,0.601686,3.07581,-5.25801
-0.319629,372.404,0.0015039,-1.76336,0.639257,2.89297,-4.94545
-0.319629,372.404,0.00150416,-1.60748,0.674305,2.69871,-4.61337
-0.319629,372.404,0.00150442,-1.44526,0.706692,2.4938,-4.26308
-0.319629,372.404,0.00150468,-1.27734,0.73629,2.27905,-3.89596
-0.319629,372.404,0.00150494,-1.10437,0.762983,2.0553,-3.51348
-0.319629,372.404,0.00150519,-0.927051,0.786664,1.82344,-3.11712
-0.319629,372.404,0.00150545,-0.74607,0.80724,1.58439,-2.70846
-0.319629,372.404,0.00150571,-0.562144,0.824631,1.33908,-2.28912
-0.319629,372.404,0.00150597,-0.376,0.838767,1.08849,-1.86074
-0.319629,372.404,0.00150623,-0.188372,0.849593,0.833601,-1.42502
-0.319629,372.404,0.00150649,1.6263e-017,0.857066,0.575423,-0.983669
-0.319629,372.404,0.00150675,0.188372,0.861157,0.314975,-0.53844
-0.319629,372.404,0.00150701,0.376,0.861849,0.0532831,-0.091086
-0.319629,372.404,0.00150727,0.562144,0.859139,-0.208619,0.356628
-0.319629,372.404,0.00150753,0.74607,0.853039,-0.469697,0.802934
-0.319629,372.404,0.00150779,0.927051,0.843573,-0.728922,1.24607
-0.319629,372.404,0.00150805,1.10437,0.830777,-0.98527,1.68429
-0.319629,372.404,0.00150831,1.27734,0.814703,-1.23773,2.11586
-0.319629,372.404,0.00150857,1.44526,0.795413,-1.4853,2.53909
-0.319629,372.404,0.00150883,1.60748,0.772984,-1.72702,2.95229
-0.319629,372.404,0.00150909,1.76336,0.747505,-1.96192,3.35384
-0.319629,372.404,0.00150935,1.91227,0.719075,-2.18907,3.74215
-0.319629,372.404,0.00150961,2.05364,0.687808,-2.40759,4.1157
-0.319629,372.404,0.00150987,2.18691,0.653826,-2.6166,4.473
-0.319629,372.404,0.00151013,2.31154,0.617264,-2.81529,4.81265
-0.319629,372.404,0.00151039,2.42705,0.578266,-3.00286,5.13331
-0.319629,372.404,0.00151065,2.53298,0.536985,-3.17859,5.4337
-0.319629,372.404,0.00151091,2.62892,0.493586,-3.34177,5.71266
-0.319629,372.404,0.00151117,2.71448,0.448238,-3.49176,5.96907
-0.319629,372.404,0.00151143,2.78933,0.401122,-3.62797,6.20192
-0.319629,372.404,0.00151169,2.85317,0.352422,-3.74987,6.41029
-0.319629,372.404,0.00151195,2.90575,0.302332,-3.85696,6.59337
-0.319629,372.404,0.00151221,2.94686,0.251048,-3.94884,6.75042
-0.319629,372.404,0.00151247,2.97634,0.198774,-4.02513,6.88084
-0.319629,372.404,0.00151273,2.99408,0.145715,-4.08553,6.9841
-0.319629,372.404,0.00151299,3,0.0920809,-4.12981,7.05979
-0.319629,372.404,0.00151325,2.99408,0.0380835,-4.15779,7.10763
-0.319629,372.404,0.00151351,2.97634,-0.0160641,-4.16937,7.12741
-0.319629,372.404,0.00151377,2.94686,-0.0701483,-4.16449,7.11907
-0.319629,372.404,0.00151403,2.90575,-0.123956,-4.14317,7.08263
-0.319629,372.404,0.00151429,2.85317,-0.177274,-4.1055,7.01823
-0.319629,372.404,0.00151455,2.78933,-0.229892,-4.05163,6.92614
-0.319629,372.404,0.00151481,2.71448,-0.281604,-3.98177,6.80672
-0.319629,372.404,0.00151506,2.62892,-0.332204,-3.89619,6.66043
-0.319629,372.404,0.00151532,2.53298,-0.381493,-3.79524,6.48786
-0.319629,372.404,0.00151558,2.42705,-0.429276,-3.67931,6.28968
-0.319629,372.404,0.00151584,2.31154,-0.475365,-3.54886,6.06668
-0.319629,372.404,0.0015161,2.18691,-0.519578,-3.40441,5.81974
-0.319629,372.404,0.00151636,2.05364,-0.561741,-3.24652,5.54983
-0.319629,372.404,0.00151662,1.91227,-0.601686,-3.07581,5.25801
-0.319629,372.404,0.00151688,1.76336,-0.639257,-2.89297,4.94545
-0.319629,372.404,0.00151714,1.60748,-0.674305,-2.69871,4.61337
-0.319629,372.404,0.0015174,1.44526,-0.706692,-2.4938,4.26308
-0.319629,372.404,0.00151766,1.27734,-0.73629,-2.27905,3.89596
-0.319629,372.404,0.00151792,1.10437,-0.762983,-2.0553,3.51348
-0.319629,372.404,0.00151818,0.927051,-0.786664,-1.82344,3.11712
-0.319629,372.404,0.00151844,0.74607,-0.80724,-1.58439,2.70846
-0.319629,372.404,0.0015187,0.562144,-0.824631,-1.33908,2.28912
-0.319629,372.404,0.00151896,0.376,-0.838767,-1.08849,1.86074
-0.319629,372.404,0.00151922,0.188372,-0.849593,-0.833601,1.42502
-0.319629,372.404,0.00151948,3.23255e-014,-0.857066,-0.575423,0.983669
-0.319629,372.404,0.00151974,-0.188372,-0.861157,-0.314975,0.53844
-0.319629,372.404,0.00152,-0.376,-0.861849,-0.0532832,0.0910861
-0.319629,372.404,0.00152026,-0.562144,-0.859139,0.208619,-0.356628
-0.319629,372.404,0.00152052,-0.74607,-0.853039,0.469697,-0.802934
-0.319629,372.404,0.00152078,-0.927051,-0.843573,0.728922,-1.24607
-0.319629,372.404,0.00152104,-1.10437,-0.830777,0.98527,-1.68429
-0.319629,372.404,0.0015213,-1.27734,-0.814703,1.23773,-2.11586
-0.319629,372.404,0.00152156,-1.44526,-0.795413,1.4853,-2.53909
-0.319629,372.404,0.00152182,-1.60748,-0.772984,1.72702,-2.95229
-0.319629,372.404,0.00152208,-1.76336,-0.747505,1.96192,-3.35384
-0.319629,372.404,0.00152234,-1.91227,-0.719075,2.18907,-3.74215
-0.319629,372.404,0.0015226,-2.05364,-0.687808,2.40759,-4.1157
-0.319629,372.404,0.00152286,-2.18691,-0.653826,2.6166,-4.473
-0.319629,372.404,0.00152312,-2.31154,-0.617264,2.81529,-4.81265
-0.319629,372.404,0.00152338,-2.42705,-0.578266,3.00286,-5.13331
-0.319629,372.404,0.00152364,-2.53298,-0.536985,3.17859,-5.4337
-0.319629,372.404,0.0015239,-2.62892,-0.493586,3.34177,-5.71266
-0.319629,372.404,0.00152416,-2.71448,-0.448238,3.49176,-5.96907
-0.319629,372.404,0.00152442,-2.78933,-0.401122,3.62797,-6.20192
-0.319629,372.404,0.00152468,-2.85317,-0.352422,3.74987,-6.41029
-0.319629,372.404,0.00152494,-2.90575,-0.302332,3.85696,-6.59337
-0.319629,372.404,0.00152519,-2.94686,-0.251048,3.94884,-6.75042
-0.319629,372.404,0.00152545,-2.97634,-0.198774,4.02513,-6.88084
-0.319629,372.404,0.00152571,-2.99408,-0.145715,4.08553,-6.9841
-0.319629,372.404,0.00152597,-3,-0.0920809,4.12981,-7.05979
-0.319629,372.404,0.00152623,-2.99408,-0.0380835,4.15779,-7.10763
-0.319629,372.404,0.00152649,-2.97634,0.0160641,4.16937,-7.12741
-0.319629,372.404,0.00152675,-2.94686,0.0701483,4.16449,-7.11907
-0.319629,372.404,0.00152701,-2.90575,0.123956,4.14317,-7.08263
-0.319629,372.404,0.00152727,-2.85317,0.177274,4.1055,-7.01823
-0.319629,372.404,0.00152753,-2.78933,0.229892,4.05163,-6.92614
-0.319629,372.404,0.00152779,-2.71448,0.281604,3.98177,-6.80672
-0.319629,372.404,0.00152805,-2.62892,0.332204,3.89619,-6.66043
-0.319629,372.404,0.00152831,-2.53298,0.381493,3.79524,-6.48786
-0.319629,372.404,0.00152857,-2.42705,0.429276,3.67931,-6.28968
-0.319629,372.404,0.00152883,-2.31154,0.475365,3.54886,-6.06668
-0.319629,372.404,0.00152909,-2.18691,0.519578,3.40441,-5.81974
-0.319629,372.404,0.00152935,-2.05364,0.561741,3.24652,-5.54983
-0.319629,372.404,0.00152961,-1.91227,0.601686,3.07581,-5.25801
-0.319629,372.404,0.00152987,-1.76336,0.639257,2.89297,-4.94545
-0.319629,372.404,0.00153013,-1.60748,0.674305,2.69871,-4.61337
-0.319629,372.404,0.00153039,-1.44526,0.706692,2.4938,-4.26308
-0.319629,372.404,0.00153065,-1.27734,0.73629,2.27905,-3.89596
-0.319629,372.404,0.00153091,-1.10437,0.762983,2.0553,-3.51348
-0.319629,372.404,0.00153117,-0.927051,0.786664,1.82344,-3.11712
-0.319629,372.404,0.00153143,-0.74607,0.80724,1.58439,-2.70846
-0.319629,372.404,0.00153169,-0.562144,0.824631,1.33908,-2.28912
-0.319629,372.404,0.00153195,-0.376,0.838767,1.08849,-1.86074
-0.319629,372.404,0.00153221,-0.188372,0.849593,0.833601,-1.42502
-0.319629,372.404,0.00153247,-6.46673e-014,0.857066,0.575423,-0.983669
-0.319629,372.404,0.00153273,0.188372,0.861157,0.314975,-0.53844
-0.319629,372.404,0.00153299,0.376,0.861849,0.0532832,-0.0910861
-0.319629,372.404,0.00153325,0.562144,0.859139,-0.208619,0.356627
-0.319629,372.404,0.00153351,0.74607,0.853039,-0.469697,0.802934
-0.319629,372.404,0.00153377,0.927051,0.843573,-0.728922,1.24607
-0.319629,372.404,0.00153403,1.10437,0.830777,-0.98527,1.68429
-0.319629,372.404,0.00153429,1.27734,0.814703,-1.23773,2.11586
-0.319629,372.404,0.00153455,1.44526,0.795413,-1.4853,2.53909
-0.319629,372.404,0.00153481,1.60748,0.772984,-1.72702,2.95229
-0.319629,372.404,0.00153506,1.76336,0.747505,-1.96192,3.35384
-0.319629,372.404,0.00153532,1.91227,0.719075,-2.18907,3.74215
-0.319629,372.404,0.00153558,2.05364,0.687808,-2.40759,4.1157
-0.319629,372.404,0.00153584,2.18691,0.653826,-2.6166,4.473
-0.319629,372.404,0.0015361,2.31154,0.617264,-2.81529,4.81265
-0.319629,372.404,0.00153636,2.42705,0.578266,-3.00286,5.13331
-0.319629,372.404,0.00153662,2.53298,0.536985,-3.17859,5.4337
-0.319629,372.404,0.00153688,2.62892,0.493586,-3.34177,5.71266
-0.319629,372.404,0.00153714,2.71448,0.448238,-3.49176,5.96907
-0.319629,372.404,0.0015374,2.78933,0.401122,-3.62797,6.20192
-0.319629,372.404,0.00153766,2.85317,0.352422,-3.74987,6.41029
-0.319629,372.404,0.00153792,2.90575,0.302332,-3.85696,6.59337
-0.319629,372.404,0.00153818,2.94686,0.251048,-3.94884,6.75042
-0.319629,372.404,0.00153844,2.97634,0.198774,-4.02513,6.88084
-0.319629,372.404,0.0015387,2.99408,0.145715,-4.08553,6.9841
-0.319629,372.404,0.00153896,3,0.0920809,-4.12981,7.05979
-0.319629,372.404,0.00153922,2.99408,0.0380836,-4.15779,7.10763
-0.319629,372.404,0.00153948,2.97634,-0.0160641,-4.16937,7.12741
-0.319629,372.404,0.00153974,2.94686,-0.0701483,-4.16449,7.11907
-0.319629,372.404,0.00154,2.90575,-0.123956,-4.14317,7.08263
-0.319629,372.404,0.00154026,2.85317,-0.177274,-4.1055,7.01823
-0.319629,372.404,0.00154052,2.78933,-0.229892,-4.05163,6.92614
-0.319629,372.404,0.00154078,2.71448,-0.281604,-3.98177,6.80672
-0.319629,372.404,0.00154104,2.62892,-0.332204,-3.89619,6.66043
-0.319629,372.404,0.0015413,2.53298,-0.381493,-3.79524,6.48786
-0.319629,372.404,0.00154156,2.42705,-0.429276,-3.67931,6.28968
-0.319629,372.404,0.00154182,2.31154,-0.475365,-3.54886,6.06668
-0.319629,372.404,0.00154208,2.18691,-0.519578,-3.40441,5.81974
-0.319629,372.404,0.00154234,2.05364,-0.561741,-3.24652,5.54983
-0.319629,372.404,0.0015426,1.91227,-0.601686,-3.07581,5.25801
-0.319629,372.404,0.00154286,1.76336,-0.639257,-2.89297,4.94545
-0.319629,372.404,0.00154312,1.60748,-0.674305,-2.69871,4.61337
-0.319629,372.404,0.00154338,1.44526,-0.706692,-2.4938,4.26308
-0.319629,372.404,0.00154364,1.27734,-0.73629,-2.27905,3.89596
-0.319629,372.404,0.0015439,1.10437,-0.762983,-2.0553,3.51348
-0.319629,372.404,0.00154416,0.927051,-0.786664,-1.82344,3.11712
-0.319629,372.404,0.00154442,0.74607,-0.80724,-1.58439,2.70846
-0.319629,372.404,0.00154468,0.562144,-0.824631,-1.33908,2.28912
-0.319629,372.404,0.00154494,0.376,-0.838767,-1.08849,1.86074
-0.319629,372.404,0.00154519,0.188372,-0.849593,-0.833601,1.42502
-0.319629,372.404,0.00154545,9.70092e-014,-0.857066,-0.575423,0.983669
-0.319629,372.404,0.00154571,-0.188372,-0.861157,-0.314975,0.53844
-0.319629,372.404,0.00154597,-0.376,-0.861849,-0.0532832,0.0910861
-0.319629,372.404,0.00154623,-0.562144,-0.859139,0.208619,-0.356628
-0.319629,372.404,0.00154649,-0.74607,-0.853039,0.469697,-0.802934
-0.319629,372.404,0.00154675,-0.927051,-0.843573,0.728922,-1.24607
-0.319629,372.404,0.00154701,-1.10437,-0.830777,0.98527,-1.68429
-0.319629,372.404,0.00154727,-1.27734,-0.814703,1.23773,-2.11586
-0.319629,372.404,0.00154753,-1.44526,-0.795413,1.4853,-2.53909
-0.319629,372.404,0.00154779,-1.60748,-0.772984,1.72702,-2.95229
-0.319629,372.404,0.00154805,-1.76336,-0.747505,1.96192,-3.35384
-0.319629,372.404,0.00154831,-1.91227,-0.719075,2.18907,-3.74215
-0.319629,372.404,0.00154857,-2.05364,-0.687808,2.40759,-4.1157
-0.319629,372.404,0.00154883,-2.18691,-0.653826,2.6166,-4.473
-0.319629,372.404,0.00154909,-2.31154,-0.617264,2.81529,-4.81265
-0.319629,372.404,0.00154935,-2.42705,-0.578266,3.00286,-5.13331
-0.319629,372.404,0.00154961,-2.53298,-0.536985,3.17859,-5.4337
-0.319629,372.404,0.00154987,-2.62892,-0.493586,3.34177,-5.71266
-0.319629,372.404,0.00155013,-2.71448,-0.448238,3.49176,-5.96907
-0.319629,372.404,0.00155039,-2.78933,-0.401122,3.62797,-6.20192
-0.319629,372.404,0.00155065,-2.85317,-0.352422,3.74987,-6.41029
-0.319629,372.404,0.00155091,-2.90575,-0.302332,3.85696,-6.59337
-0.319629,372.404,0.00155117,-2.94686,-0.251048,3.94884,-6.75042
-0.319629,372.404,0.00155143,-2.97634,-0.198774,4.02513,-6.88084
-0.319629,372.404,0.00155169,-2.99408,-0.145715,4.08553,-6.9841
-0.319629,372.404,0.00155195,-3,-0.0920809,4.12981,-7.05979
-0.319629,372.404,0.00155221,-2.99408,-0.0380835,4.15779,-7.10763
-0.319629,372.404,0.00155247,-2.97634,0.0160641,4.16937,-7.12741
-0.319629,372.404,0.00155273,-2.94686,0.0701483,4.16449,-7.11907
-0.319629,372.404,0.00155299,-2.90575,0.123956,4.14317,-7.08263
-0.319629,372.404,0.00155325,-2.85317,0.177274,4.1055,-7.01823
-0.319629,372.404,0.00155351,-2.78933,0.229892,4.05163,-6.92614
-0.319629,372.404,0.00155377,-2.71448,0.281604,3.98177,-6.80672
-0.319629,372.404,0.00155403,-2.62892,0.332204,3.89619,-6.66043
-0.319629,372.404,0.00155429,-2.53298,0.381493,3.79524,-6.48786
-0.319629,372.404,0.00155455,-2.42705,0.429276,3.67931,-6.28968
-0.319629,372.404,0.00155481,-2.31154,0.475365,3.54886,-6.06668
-0.319629,372.404,0.00155506,-2.18691,0.519578,3.40441,-5.81974
-0.319629,372.404,0.00155532,-2.05364,0.561741,3.24652,-5.54983
-0.319629,372.404,0.00155558,-1.91227,0.601686,3.07581,-5.25801
-0.319629,372.404,0.00155584,-1.76336,0.639257,2.89297,-4.94545
-0.319629,372.404,0.0015561,-1.60748,0.674305,2.69871,-4.61337
-0.319629,372.404,0.00155636,-1.44526,0.706692,2.4938,-4.26308
-0.319629,372.404,0.00155662,-1.27734,0.73629,2.27905,-3.89596
-0.319629,372.404,0.00155688,-1.10437,0.762983,2.0553,-3.51348
-0.319629,372.404,0.00155714,-0.927051,0.786664,1.82344,-3.11712
-0.319629,372.404,0.0015574,-0.74607,0.80724,1.58439,-2.70846
-0.319629,372.404,0.00155766,-0.562144,0.824631,1.33908,-2.28912
-0.319629,372.404,0.00155792,-0.376,0.838767,1.08849,-1.86074
-0.319629,372.404,0.00155818,-0.188372,0.849593,0.833601,-1.42502
-0.319629,372.404,0.00155844,-1.29351e-013,0.857066,0.575423,-0.983669
