Amp, Phaseshift, Time, Vd, Vr, VL, VC
-0.192602,372.342,0,0,0,0,0
-0.192602,372.342,3.1746e-007,0.188372,0.00299002,0.188372,0
-0.192602,372.342,6.34921e-007,0.376,0.00891081,0.37301,0.00189843
-0.192602,372.342,9.52381e-007,0.562144,0.0176622,0.551335,0.00755609
-0.192602,372.342,1.26984e-006,0.74607,0.0291042,0.720851,0.0187702
-0.192602,372.342,1.5873e-006,0.927051,0.0430594,0.879177,0.037249
-0.192602,372.342,1.90476e-006,1.10437,0.0593144,1.02407,0.0645884
-0.192602,372.342,2.22222e-006,1.27734,0.0776229,1.15344,0.102248
-0.192602,372.342,2.53968e-006,1.44526,0.0977085,1.26539,0.151533
-0.192602,372.342,2.85714e-006,1.60748,0.119268,1.35824,0.21357
-0.192602,372.342,3.1746e-006,1.76336,0.141974,1.43052,0.289295
-0.192602,372.342,3.49206e-006,1.91227,0.165482,1.481,0.379438
-0.192602,372.342,3.80952e-006,2.05364,0.18943,1.50872,0.484506
-0.192602,372.342,4.12698e-006,2.18691,0.213446,1.51297,0.604779
-0.192602,372.342,4.44444e-006,2.31154,0.237149,1.49331,0.740301
-0.192602,372.342,4.7619e-006,2.42705,0.260159,1.4496,0.890871
-0.192602,372.342,5.07937e-006,2.53298,0.282094,1.38195,1.05605
-0.192602,372.342,5.39683e-006,2.62892,0.302583,1.29077,1.23516
-0.192602,372.342,5.71429e-006,2.71448,0.321261,1.17674,1.42728
-0.192602,372.342,6.03175e-006,2.78933,0.337782,1.04079,1.63125
-0.192602,372.342,6.34921e-006,2.85317,0.351816,0.884137,1.84572
-0.192602,372.342,6.66667e-006,2.90575,0.363057,0.708218,2.06909
-0.192602,372.342,6.98413e-006,2.94686,0.371227,0.514714,2.2996
-0.192602,372.342,7.30159e-006,2.97634,0.376077,0.305513,2.5353
-0.192602,372.342,7.61905e-006,2.99408,0.37739,0.0827001,2.77408
-0.192602,372.342,7.93651e-006,3,0.374985,-0.151472,3.01369
-0.192602,372.342,8.25397e-006,2.99408,0.368722,-0.3946,3.25178
-0.192602,372.342,8.57143e-006,2.97634,0.358497,-0.644158,3.48589
-0.192602,372.342,8.88889e-006,2.94686,0.344251,-0.897525,3.71351
-0.192602,372.342,9.20635e-006,2.90575,0.325965,-1.15201,3.93208
-0.192602,372.342,9.52381e-006,2.85317,0.303665,-1.40487,4.13904
-0.192602,372.342,9.84127e-006,2.78933,0.277421,-1.65338,4.33184
-0.192602,372.342,1.01587e-005,2.71448,0.247345,-1.89478,4.50798
-0.192602,372.342,1.04762e-005,2.62892,0.213593,-2.12641,4.66503
-0.192602,372.342,1.07937e-005,2.53298,0.17636,-2.34564,4.80064
-0.192602,372.342,1.11111e-005,2.42705,0.135885,-2.54995,4.91262
-0.192602,372.342,1.14286e-005,2.31154,0.092441,-2.73696,4.99889
-0.192602,372.342,1.1746e-005,2.18691,0.046339,-2.90443,5.05759
-0.192602,372.342,1.20635e-005,2.05364,-0.00207822,-3.05028,5.08701
-0.192602,372.342,1.2381e-005,1.91227,-0.0524379,-3.17266,5.08569
-0.192602,372.342,1.26984e-005,1.76336,-0.104341,-3.26989,5.05239
-0.192602,372.342,1.30159e-005,1.60748,-0.157366,-3.34057,4.98615
-0.192602,372.342,1.33333e-005,1.44526,-0.211073,-3.38352,4.88623
-0.192602,372.342,1.36508e-005,1.27734,-0.265006,-3.39782,4.75222
-0.192602,372.342,1.39683e-005,1.10437,-0.318702,-3.38284,4.58396
-0.192602,372.342,1.42857e-005,0.927051,-0.371689,-3.33821,4.38161
-0.192602,372.342,1.46032e-005,0.74607,-0.423497,-3.26385,4.14562
-0.192602,372.342,1.49206e-005,0.562144,-0.473655,-3.15997,3.87673
-0.192602,372.342,1.52381e-005,0.376,-0.521704,-3.02707,3.576
-0.192602,372.342,1.55556e-005,0.188372,-0.567195,-2.86592,3.24475
-0.192602,372.342,1.5873e-005,3.67382e-016,-0.609695,-2.67756,2.88463
-0.192602,372.342,1.61905e-005,-0.188372,-0.648796,-2.46331,2.49752
-0.192602,372.342,1.65079e-005,-0.376,-0.684109,-2.22473,2.08559
-0.192602,372.342,1.68254e-005,-0.562144,-0.715277,-1.96362,1.65123
-0.192602,372.342,1.71429e-005,-0.74607,-0.741976,-1.68203,1.19709
-0.192602,372.342,1.74603e-005,-0.927051,-0.763915,-1.38216,0.725994
-0.192602,372.342,1.77778e-005,-1.10437,-0.780843,-1.06645,0.240969
-0.192602,372.342,1.80952e-005,-1.27734,-0.792549,-0.737463,-0.254805
-0.192602,372.342,1.84127e-005,-1.44526,-0.798865,-0.397907,-0.758011
-0.192602,372.342,1.87302e-005,-1.60748,-0.799668,-0.050605,-1.26523
-0.192602,372.342,1.90476e-005,-1.76336,-0.794882,0.301539,-1.77295
-0.192602,372.342,1.93651e-005,-1.91227,-0.784476,0.655562,-2.27764
-0.192602,372.342,1.96825e-005,-2.05364,-0.768469,1.00847,-2.77572
-0.192602,372.342,2e-005,-2.18691,-0.746924,1.35728,-3.26364
-0.192602,372.342,2.03175e-005,-2.31154,-0.719956,1.69902,-3.73787
-0.192602,372.342,2.06349e-005,-2.42705,-0.687721,2.03078,-4.19499
-0.192602,372.342,2.09524e-005,-2.53298,-0.650424,2.34973,-4.63164
-0.192602,372.342,2.12698e-005,-2.62892,-0.608311,2.65314,-5.0446
-0.192602,372.342,2.15873e-005,-2.71448,-0.561669,2.93843,-5.43083
-0.192602,372.342,2.19048e-005,-2.78933,-0.510825,3.20317,-5.78745
-0.192602,372.342,2.22222e-005,-2.85317,-0.456141,3.4451,-6.11178
-0.192602,372.342,2.25397e-005,-2.90575,-0.398011,3.66217,-6.40139
-0.192602,372.342,2.28571e-005,-2.94686,-0.336859,3.85254,-6.6541
-0.192602,372.342,2.31746e-005,-2.97634,-0.273135,4.01462,-6.86798
-0.192602,372.342,2.34921e-005,-2.99408,-0.207309,4.14703,-7.0414
-0.192602,372.342,2.38095e-005,-3,-0.13987,4.24871,-7.17302
-0.192602,372.342,2.4127e-005,-2.99408,-0.0713171,4.31881,-7.26183
-0.192602,372.342,2.44444e-005,-2.97634,-0.00216147,4.3568,-7.30711
-0.192602,372.342,2.47619e-005,-2.94686,0.0670831,4.36241,-7.30848
-0.192602,372.342,2.50794e-005,-2.90575,0.135903,4.33565,-7.26589
-0.192602,372.342,2.53968e-005,-2.85317,0.203789,4.27682,-7.1796
-0.192602,372.342,2.57143e-005,-2.78933,0.270241,4.18648,-7.05021
-0.192602,372.342,2.60317e-005,-2.71448,0.334773,4.06549,-6.87863
-0.192602,372.342,2.63492e-005,-2.62892,0.396915,3.91494,-6.66608
-0.192602,372.342,2.66667e-005,-2.53298,0.456219,3.73618,-6.41407
-0.192602,372.342,2.69841e-005,-2.42705,0.512263,3.5308,-6.12441
-0.192602,372.342,2.73016e-005,-2.31154,0.564654,3.3006,-5.79916
-0.192602,372.342,2.7619e-005,-2.18691,0.613029,3.0476,-5.44065
-0.192602,372.342,2.79365e-005,-2.05364,0.65706,2.77398,-5.05142
-0.192602,372.342,2.8254e-005,-1.91227,0.696458,2.48209,-4.63424
-0.192602,372.342,2.85714e-005,-1.76336,0.730973,2.17443,-4.19205
-0.192602,372.342,2.88889e-005,-1.60748,0.760395,1.85359,-3.72794
-0.192602,372.342,2.92063e-005,-1.44526,0.784558,1.52228,-3.24515
-0.192602,372.342,2.95238e-005,-1.27734,0.80334,1.18325,-2.74701
-0.192602,372.342,2.98413e-005,-1.10437,0.816662,0.839301,-2.23696
-0.192602,372.342,3.01587e-005,-0.927051,0.824491,0.493244,-1.71844
-0.192602,372.342,3.04762e-005,-0.74607,0.826839,0.14788,-1.19495
-0.192602,372.342,3.07937e-005,-0.562144,0.823759,-0.194028,-0.669978
-0.192602,372.342,3.11111e-005,-0.376,0.81535,-0.529781,-0.146956
-0.192602,372.342,3.14286e-005,-0.188372,0.80175,-0.856765,0.370726
-0.192602,372.342,3.1746e-005,-7.34764e-016,0.78314,-1.17248,0.879774
-0.192602,372.342,3.20635e-005,0.188372,0.759734,-1.47454,1.37701
-0.192602,372.342,3.2381e-005,0.376,0.731786,-1.76074,1.85938
-0.192602,372.342,3.26984e-005,0.562144,0.699579,-2.02902,2.324
-0.192602,372.342,3.30159e-005,0.74607,0.663428,-2.27751,2.76818
-0.192602,372.342,3.33333e-005,0.927051,0.623673,-2.50456,3.1894
-0.192602,372.342,3.36508e-005,1.10437,0.580678,-2.7087,3.58539
-0.192602,372.342,3.39683e-005,1.27734,0.534825,-2.88873,3.95407
-0.192602,372.342,3.42857e-005,1.44526,0.486514,-3.04364,4.29364
-0.192602,372.342,3.46032e-005,1.60748,0.436154,-3.17268,4.60254
-0.192602,372.342,3.49206e-005,1.76336,0.384164,-3.27534,4.87946
-0.192602,372.342,3.52381e-005,1.91227,0.330968,-3.35136,5.12338
-0.192602,372.342,3.55556e-005,2.05364,0.276989,-3.4007,5.33352
-0.192602,372.342,3.5873e-005,2.18691,0.222646,-3.4236,5.50938
-0.192602,372.342,3.61905e-005,2.31154,0.168352,-3.42049,5.65074
-0.192602,372.342,3.65079e-005,2.42705,0.11451,-3.39205,5.75763
-0.192602,372.342,3.68254e-005,2.53298,0.0615078,-3.33916,5.83034
-0.192602,372.342,3.71429e-005,2.62892,0.00971529,-3.26293,5.86939
-0.192602,372.342,3.74603e-005,2.71448,-0.0405169,-3.16463,5.87556
-0.192602,372.342,3.77778e-005,2.78933,-0.0888615,-3.04571,5.84984
-0.192602,372.342,3.80952e-005,2.85317,-0.135017,-2.9078,5.79342
-0.192602,372.342,3.84127e-005,2.90575,-0.17871,-2.75265,5.70769
-0.192602,372.342,3.87302e-005,2.94686,-0.219696,-2.58212,5.59422
-0.192602,372.342,3.90476e-005,2.97634,-0.257762,-2.39818,5.45473
-0.192602,372.342,3.93651e-005,2.99408,-0.292729,-2.20289,5.29108
-0.192602,372.342,3.96825e-005,3,-0.324449,-1.99835,5.10522
-0.192602,372.342,4e-005,2.99408,-0.352809,-1.78669,4.89922
-0.192602,372.342,4.03175e-005,2.97634,-0.37773,-1.57006,4.67521
-0.192602,372.342,4.06349e-005,2.94686,-0.399169,-1.35062,4.43538
-0.192602,372.342,4.09524e-005,2.90575,-0.417113,-1.13046,4.18194
-0.192602,372.342,4.12698e-005,2.85317,-0.431584,-0.911659,3.91711
-0.192602,372.342,4.15873e-005,2.78933,-0.442634,-0.696195,3.64309
-0.192602,372.342,4.19048e-005,2.71448,-0.450348,-0.485971,3.36205
-0.192602,372.342,4.22222e-005,2.62892,-0.454837,-0.282781,3.07611
-0.192602,372.342,4.25397e-005,2.53298,-0.456238,-0.0882934,2.78733
-0.192602,372.342,4.28571e-005,2.42705,-0.454715,0.0959605,2.49765
-0.192602,372.342,4.31746e-005,2.31154,-0.450451,0.268601,2.20895
-0.192602,372.342,4.34921e-005,2.18691,-0.443651,0.428412,1.92294
-0.192602,372.342,4.38095e-005,2.05364,-0.434535,0.574348,1.64126
-0.192602,372.342,4.4127e-005,1.91227,-0.423336,0.705545,1.36537
-0.192602,372.342,4.44444e-005,1.76336,-0.410299,0.821325,1.09658
-0.192602,372.342,4.47619e-005,1.60748,-0.395676,0.921197,0.836075
-0.192602,372.342,4.50794e-005,1.44526,-0.379726,1.00486,0.584852
-0.192602,372.342,4.53968e-005,1.27734,-0.362707,1.07221,0.343756
-0.192602,372.342,4.57143e-005,1.10437,-0.344876,1.12332,0.113466
-0.192602,372.342,4.60317e-005,0.927051,-0.326488,1.15846,-0.105504
-0.192602,372.342,4.63492e-005,0.74607,-0.307789,1.17806,-0.312798
-0.192602,372.342,4.66667e-005,0.562144,-0.289015,1.18273,-0.508219
-0.192602,372.342,4.69841e-005,0.376,-0.270393,1.17323,-0.691721
-0.192602,372.342,4.73016e-005,0.188372,-0.252131,1.15048,-0.863399
-0.192602,372.342,4.7619e-005,6.43122e-015,-0.234424,1.11553,-1.02348
-0.192602,372.342,4.79365e-005,-0.188372,-0.217447,1.06953,-1.17232
-0.192602,372.342,4.8254e-005,-0.376,-0.201356,1.01377,-1.31038
-0.192602,372.342,4.85714e-005,-0.562144,-0.186283,0.949596,-1.43823
-0.192602,372.342,4.88889e-005,-0.74607,-0.172339,0.878442,-1.5565
-0.192602,372.342,4.92063e-005,-0.927051,-0.159612,0.801792,-1.66593
-0.192602,372.342,4.95238e-005,-1.10437,-0.148165,0.721164,-1.76727
-0.192602,372.342,4.98413e-005,-1.27734,-0.138037,0.638094,-1.86134
-0.192602,372.342,5.01587e-005,-1.44526,-0.129241,0.554116,-1.94898
-0.192602,372.342,5.04762e-005,-1.60748,-0.121769,0.470743,-2.03104
-0.192602,372.342,5.07937e-005,-1.76336,-0.115587,0.389454,-2.10835
-0.192602,372.342,5.11111e-005,-1.91227,-0.11064,0.31167,-2.18174
-0.192602,372.342,5.14286e-005,-2.05364,-0.106851,0.238742,-2.25199
-0.192602,372.342,5.1746e-005,-2.18691,-0.104122,0.171936,-2.31983
-0.192602,372.342,5.20635e-005,-2.31154,-0.102337,0.112414,-2.38594
-0.192602,372.342,5.2381e-005,-2.42705,-0.101365,0.0612278,-2.45092
-0.192602,372.342,5.26984e-005,-2.53298,-0.101059,0.0192991,-2.51528
-0.192602,372.342,5.30159e-005,-2.62892,-0.101259,-0.0125845,-2.57944
-0.192602,372.342,5.33333e-005,-2.71448,-0.101795,-0.0337814,-2.64373
-0.192602,372.342,5.36508e-005,-2.78933,-0.10249,-0.0438022,-2.70836
-0.192602,372.342,5.39683e-005,-2.85317,-0.103162,-0.0423152,-2.77344
-0.192602,372.342,5.42857e-005,-2.90575,-0.103625,-0.0291503,-2.83894
-0.192602,372.342,5.46032e-005,-2.94686,-0.103693,-0.00430021,-2.90473
-0.192602,372.342,5.49206e-005,-2.97634,-0.103184,0.0320791,-2.97057
-0.192602,372.342,5.52381e-005,-2.99408,-0.101919,0.0796706,-3.03608
-0.192602,372.342,5.55556e-005,-3,-0.0997286,0.138,-3.10079
-0.192602,372.342,5.5873e-005,-2.99408,-0.0964518,0.20644,-3.16411
-0.192602,372.342,5.61905e-005,-2.97634,-0.0919404,0.284219,-3.22535
-0.192602,372.342,5.65079e-005,-2.94686,-0.0860606,0.370429,-3.28372
-0.192602,372.342,5.68254e-005,-2.90575,-0.0786949,0.464036,-3.33837
-0.192602,372.342,5.71429e-005,-2.85317,-0.0697443,0.563892,-3.38833
-0.192602,372.342,5.74603e-005,-2.78933,-0.0591292,0.668747,-3.43261
-0.192602,372.342,5.77778e-005,-2.71448,-0.0467918,0.777262,-3.47016
-0.192602,372.342,5.80952e-005,-2.62892,-0.0326961,0.888028,-3.49987
-0.192602,372.342,5.84127e-005,-2.53298,-0.0168298,0.999577,-3.52062
-0.192602,372.342,5.87302e-005,-2.42705,0.000795682,1.1104,-3.53131
-0.192602,372.342,5.90476e-005,-2.31154,0.0201445,1.21897,-3.5308
-0.192602,372.342,5.93651e-005,-2.18691,0.0411565,1.32375,-3.51801
-0.192602,372.342,5.96825e-005,-2.05364,0.0637472,1.42322,-3.49188
-0.192602,372.342,6e-005,-1.91227,0.0878086,1.51586,-3.45141
-0.192602,372.342,6.03175e-005,-1.76336,0.113209,1.60025,-3.39566
-0.192602,372.342,6.06349e-005,-1.60748,0.139796,1.67497,-3.32378
-0.192602,372.342,6.09524e-005,-1.44526,0.167395,1.73872,-3.23502
-0.192602,372.342,6.12698e-005,-1.27734,0.195812,1.79029,-3.12874
-0.192602,372.342,6.15873e-005,-1.10437,0.224837,1.82855,-3.00441
-0.192602,372.342,6.19048e-005,-0.927051,0.254242,1.85252,-2.86166
-0.192602,372.342,6.22222e-005,-0.74607,0.283787,1.86135,-2.70024
-0.192602,372.342,6.25397e-005,-0.562144,0.31322,1.8543,-2.52005
-0.192602,372.342,6.28571e-005,-0.376,0.342281,1.83083,-2.32118
-0.192602,372.342,6.31746e-005,-0.188372,0.370702,1.79053,-2.10386
-0.192602,372.342,6.34921e-005,-1.46953e-015,0.398213,1.73316,-1.86849
-0.192602,372.342,6.38095e-005,0.188372,0.424541,1.65865,-1.61566
-0.192602,372.342,6.4127e-005,0.376,0.449416,1.56712,-1.34611
-0.192602,372.342,6.44444e-005,0.562144,0.472572,1.45884,-1.06077
-0.192602,372.342,6.47619e-005,0.74607,0.493751,1.33427,-0.760723
-0.192602,372.342,6.50794e-005,0.927051,0.512703,1.19402,-0.44723
-0.192602,372.342,6.53968e-005,1.10437,0.529194,1.0389,-0.121704
-0.192602,372.342,6.57143e-005,1.27734,0.543001,0.869848,0.214292
-0.192602,372.342,6.60317e-005,1.44526,0.553921,0.687968,0.559054
-0.192602,372.342,6.63492e-005,1.60748,0.56177,0.494505,0.91075
-0.192602,372.342,6.66667e-005,1.76336,0.566387,0.290835,1.26743
-0.192602,372.342,6.69841e-005,1.91227,0.567632,0.0784553,1.62704
-0.192602,372.342,6.73016e-005,2.05364,0.565394,-0.141031,1.98744
-0.192602,372.342,6.7619e-005,2.18691,0.559585,-0.36593,2.34642
-0.192602,372.342,6.79365e-005,2.31154,0.550149,-0.594467,2.70171
-0.192602,372.342,6.8254e-005,2.42705,0.537057,-0.824812,3.05102
-0.192602,372.342,6.85714e-005,2.53298,0.520309,-1.05509,3.392
-0.192602,372.342,6.88889e-005,2.62892,0.499938,-1.28339,3.72236
-0.192602,372.342,6.92063e-005,2.71448,0.476005,-1.50782,4.03978
-0.192602,372.342,6.95238e-005,2.78933,0.448601,-1.72645,4.342
-0.192602,372.342,6.98413e-005,2.85317,0.417848,-1.93744,4.62683
-0.192602,372.342,7.01587e-005,2.90575,0.383896,-2.13893,4.89213
-0.192602,372.342,7.04762e-005,2.94686,0.346925,-2.32917,5.13587
-0.192602,372.342,7.07937e-005,2.97634,0.30714,-2.50646,5.35614
-0.192602,372.342,7.11111e-005,2.99408,0.264772,-2.6692,5.55115
-0.192602,372.342,7.14286e-005,3,0.220075,-2.81593,5.71926
-0.192602,372.342,7.1746e-005,2.99408,0.173325,-2.94526,5.85899
-0.192602,372.342,7.20635e-005,2.97634,0.124817,-3.05597,5.96904
-0.192602,372.342,7.2381e-005,2.94686,0.0748649,-3.147,6.04829
-0.192602,372.342,7.26984e-005,2.90575,0.0237949,-3.21741,6.09582
-0.192602,372.342,7.30159e-005,2.85317,-0.0280535,-3.26645,6.11093
-0.192602,372.342,7.33333e-005,2.78933,-0.080332,-3.29355,6.09312
-0.192602,372.342,7.36508e-005,2.71448,-0.132686,-3.29831,6.04212
-0.192602,372.342,7.39683e-005,2.62892,-0.184758,-3.28051,5.95787
-0.192602,372.342,7.42857e-005,2.53298,-0.236188,-3.24013,5.84056
-0.192602,372.342,7.46032e-005,2.42705,-0.286622,-3.17732,5.6906
-0.192602,372.342,7.49206e-005,2.31154,-0.335708,-3.09244,5.50862
-0.192602,372.342,7.52381e-005,2.18691,-0.383105,-2.98601,5.29547
-0.192602,372.342,7.55556e-005,2.05364,-0.428482,-2.85873,5.05223
-0.192602,372.342,7.5873e-005,1.91227,-0.471521,-2.71148,4.78018
-0.192602,372.342,7.61905e-005,1.76336,-0.511923,-2.5453,4.4808
-0.192602,372.342,7.65079e-005,1.60748,-0.549405,-2.3614,4.15577
-0.192602,372.342,7.68254e-005,1.44526,-0.583709,-2.1611,3.80694
-0.192602,372.342,7.71429e-005,1.27734,-0.614596,-1.94589,3.43633
-0.192602,372.342,7.74603e-005,1.10437,-0.641855,-1.71736,3.04611
-0.192602,372.342,7.77778e-005,0.927051,-0.665303,-1.47721,2.63859
-0.192602,372.342,7.80952e-005,0.74607,-0.684783,-1.22721,2.21617
-0.192602,372.342,7.84127e-005,0.562144,-0.700168,-0.969244,1.78139
-0.192602,372.342,7.87302e-005,0.376,-0.711362,-0.705221,1.33684
-0.192602,372.342,7.90476e-005,0.188372,-0.7183,-0.437104,0.885179
-0.192602,372.342,7.93651e-005,1.24951e-014,-0.720949,-0.16688,0.429116
-0.192602,372.342,7.96825e-005,-0.188372,-0.719306,0.103461,-0.0286291
-0.192602,372.342,8e-005,-0.376,-0.713403,0.371936,-0.485332
-0.192602,372.342,8.03175e-005,-0.562144,-0.703298,0.63659,-0.938286
-0.192602,372.342,8.06349e-005,-0.74607,-0.689084,0.895514,-1.38482
-0.192602,372.342,8.09524e-005,-0.927051,-0.670879,1.14686,-1.82234
-0.192602,372.342,8.12698e-005,-1.10437,-0.648834,1.38884,-2.24829
-0.192602,372.342,8.15873e-005,-1.27734,-0.623123,1.61979,-2.66025
-0.192602,372.342,8.19048e-005,-1.44526,-0.593947,1.83811,-3.05588
-0.192602,372.342,8.22222e-005,-1.60748,-0.561529,2.04235,-3.43299
-0.192602,372.342,8.25397e-005,-1.76336,-0.526113,2.23117,-3.78952
-0.192602,372.342,8.28571e-005,-1.91227,-0.487965,2.40336,-4.12356
-0.192602,372.342,8.31746e-005,-2.05364,-0.447363,2.55788,-4.43338
-0.192602,372.342,8.34921e-005,-2.18691,-0.404604,2.69384,-4.71742
-0.192602,372.342,8.38095e-005,-2.31154,-0.359993,2.81048,-4.97431
-0.192602,372.342,8.4127e-005,-2.42705,-0.313846,2.90725,-5.20288
-0.192602,372.342,8.44444e-005,-2.53298,-0.266485,2.98374,-5.40215
-0.192602,372.342,8.47619e-005,-2.62892,-0.218236,3.03971,-5.57134
-0.192602,372.342,8.50794e-005,-2.71448,-0.169425,3.0751,-5.70991
-0.192602,372.342,8.53968e-005,-2.78933,-0.120377,3.09,-5.81748
-0.192602,372.342,8.57143e-005,-2.85317,-0.0714141,3.08468,-5.89391
-0.192602,372.342,8.60317e-005,-2.90575,-0.0228494,3.05957,-5.93925
-0.192602,372.342,8.63492e-005,-2.94686,0.0250115,3.01524,-5.95376
-0.192602,372.342,8.66667e-005,-2.97634,0.071875,2.9524,-5.93788
-0.192602,372.342,8.69841e-005,-2.99408,0.117461,2.87192,-5.89224
-0.192602,372.342,8.73016e-005,-3,0.161505,2.77478,-5.81766
-0.192602,372.342,8.7619e-005,-2.99408,0.20376,2.66208,-5.71512
-0.192602,372.342,8.79365e-005,-2.97634,0.243999,2.53502,-5.58575
-0.192602,372.342,8.8254e-005,-2.94686,0.282013,2.39489,-5.43083
-0.192602,372.342,8.85714e-005,-2.90575,0.317617,2.24307,-5.25177
-0.192602,372.342,8.88889e-005,-2.85317,0.350649,2.08099,-5.05011
-0.192602,372.342,8.92063e-005,-2.78933,0.380968,1.91013,-4.82748
-0.192602,372.342,8.95238e-005,-2.71448,0.408461,1.73203,-4.58559
-0.192602,372.342,8.98413e-005,-2.62892,0.433035,1.54821,-4.32625
-0.192602,372.342,9.01587e-005,-2.53298,0.454626,1.36023,-4.05131
-0.192602,372.342,9.04762e-005,-2.42705,0.473192,1.16963,-3.76266
-0.192602,372.342,9.07937e-005,-2.31154,0.488715,0.977926,-3.46222
-0.192602,372.342,9.11111e-005,-2.18691,0.5012,0.786598,-3.15192
-0.192602,372.342,9.14286e-005,-2.05364,0.510678,0.597082,-2.8337
-0.192602,372.342,9.1746e-005,-1.91227,0.517198,0.410751,-2.50946
-0.192602,372.342,9.20635e-005,-1.76336,0.520831,0.228908,-2.18108
-0.192602,372.342,9.2381e-005,-1.60748,0.521669,0.05277,-1.8504
-0.192602,372.342,9.26984e-005,-1.44526,0.519819,-0.116535,-1.51918
-0.192602,372.342,9.30159e-005,-1.27734,0.515407,-0.27798,-1.18913
-0.192602,372.342,9.33333e-005,-1.10437,0.508571,-0.430647,-0.861891
-0.192602,372.342,9.36508e-005,-0.927051,0.499464,-0.573731,-0.538988
-0.192602,372.342,9.39683e-005,-0.74607,0.488249,-0.706545,-0.221868
-0.192602,372.342,9.42857e-005,-0.562144,0.475098,-0.828525,0.0881311
-0.192602,372.342,9.46032e-005,-0.376,0.46019,-0.939229,0.389781
-0.192602,372.342,9.49206e-005,-0.188372,0.443708,-1.03834,0.681964
-0.192602,372.342,9.52381e-005,-1.28624e-014,0.42584,-1.12567,0.963684
-0.192602,372.342,9.55556e-005,0.188372,0.406774,-1.20115,1.23406
-0.192602,372.342,9.5873e-005,0.376,0.386697,-1.26483,1.49233
-0.192602,372.342,9.61905e-005,0.562144,0.365795,-1.31688,1.73785
-0.192602,372.342,9.65079e-005,0.74607,0.344246,-1.35757,1.9701
-0.192602,372.342,9.68254e-005,0.927051,0.322225,-1.3873,2.18867
-0.192602,372.342,9.71429e-005,1.10437,0.2999,-1.40652,2.39326
-0.192602,372.342,9.74603e-005,1.27734,0.277426,-1.41582,2.58367
-0.192602,372.342,9.77778e-005,1.44526,0.254953,-1.41583,2.75981
-0.192602,372.342,9.80952e-005,1.60748,0.232615,-1.40729,2.92169
-0.192602,372.342,9.84127e-005,1.76336,0.210536,-1.39095,3.06938
-0.192602,372.342,9.87302e-005,1.91227,0.188828,-1.36764,3.20305
-0.192602,372.342,9.90476e-005,2.05364,0.167586,-1.33824,3.32294
-0.192602,372.342,9.93651e-005,2.18691,0.146893,-1.30362,3.42935
-0.192602,372.342,9.96825e-005,2.31154,0.126819,-1.2647,3.52261
-0.192602,372.342,0.0001,2.42705,0.107416,-1.22238,3.60313
-0.192602,372.342,0.000100317,2.53298,0.0887243,-1.17756,3.67133
-0.192602,372.342,0.000100635,2.62892,0.0707698,-1.13114,3.72767
-0.192602,372.342,0.000100952,2.71448,0.0535641,-1.08395,3.7726
-0.192602,372.342,0.00010127,2.78933,0.0371064,-1.03683,3.80661
-0.192602,372.342,0.000101587,2.85317,0.0213835,-0.990545,3.83017
-0.192602,372.342,0.000101905,2.90575,0.00637076,-0.945802,3.84374
-0.192602,372.342,0.000102222,2.94686,-0.0079666,-0.903254,3.84779
-0.192602,372.342,0.00010254,2.97634,-0.0216726,-0.863479,3.84273
-0.192602,372.342,0.000102857,2.99408,-0.0347993,-0.826979,3.82897
-0.192602,372.342,0.000103175,3,-0.0474052,-0.794172,3.80688
-0.192602,372.342,0.000103492,2.99408,-0.0595542,-0.765391,3.77678
-0.192602,372.342,0.00010381,2.97634,-0.0713142,-0.74088,3.73897
-0.192602,372.342,0.000104127,2.94686,-0.0827553,-0.72079,3.69369
-0.192602,372.342,0.000104444,2.90575,-0.0939487,-0.705182,3.64114
-0.192602,372.342,0.000104762,2.85317,-0.104965,-0.694026,3.58149
-0.192602,372.342,0.000105079,2.78933,-0.115873,-0.687199,3.51485
-0.192602,372.342,0.000105397,2.71448,-0.126738,-0.684495,3.44128
-0.192602,372.342,0.000105714,2.62892,-0.137621,-0.685621,3.36081
-0.192602,372.342,0.000106032,2.53298,-0.148576,-0.690206,3.27343
-0.192602,372.342,0.000106349,2.42705,-0.159653,-0.697805,3.1791
-0.192602,372.342,0.000106667,2.31154,-0.170889,-0.707906,3.07773
-0.192602,372.342,0.000106984,2.18691,-0.182317,-0.719936,2.96923
-0.192602,372.342,0.000107302,2.05364,-0.193956,-0.733272,2.85347
-0.192602,372.342,0.000107619,1.91227,-0.205817,-0.747245,2.73033
-0.192602,372.342,0.000107937,1.76336,-0.217899,-0.761154,2.59965
-0.192602,372.342,0.000108254,1.60748,-0.230189,-0.77427,2.4613
-0.192602,372.342,0.000108571,1.44526,-0.242663,-0.785851,2.31515
-0.192602,372.342,0.000108889,1.27734,-0.255284,-0.795148,2.16108
-0.192602,372.342,0.000109206,1.10437,-0.268005,-0.80142,1.99899
-0.192602,372.342,0.000109524,0.927051,-0.280766,-0.803936,1.82883
-0.192602,372.342,0.000109841,0.74607,-0.293496,-0.801995,1.65057
-0.192602,372.342,0.000110159,0.562144,-0.306114,-0.794926,1.46422
-0.192602,372.342,0.000110476,0.376,-0.318528,-0.782106,1.26986
-0.192602,372.342,0.000110794,0.188372,-0.330639,-0.762961,1.06762
-0.192602,372.342,0.000111111,2.57167e-015,-0.342337,-0.736982,0.857692
-0.192602,372.342,0.000111429,-0.188372,-0.353507,-0.703726,0.640335
-0.192602,372.342,0.000111746,-0.376,-0.364028,-0.662827,0.415886
-0.192602,372.342,0.000112063,-0.562144,-0.373774,-0.614001,0.184757
-0.192602,372.342,0.000112381,-0.74607,-0.382616,-0.557052,-0.0525603
-0.192602,372.342,0.000112698,-0.927051,-0.390424,-0.491874,-0.295491
-0.192602,372.342,0.000113016,-1.10437,-0.397066,-0.418458,-0.54338
-0.192602,372.342,0.000113333,-1.27734,-0.402414,-0.336892,-0.795485
-0.192602,372.342,0.000113651,-1.44526,-0.40634,-0.247362,-1.05099
-0.192602,372.342,0.000113968,-1.60748,-0.408723,-0.150154,-1.30898
-0.192602,372.342,0.000114286,-1.76336,-0.409448,-0.0456528,-1.56849
-0.192602,372.342,0.000114603,-1.91227,-0.408406,0.0656626,-1.82845
-0.192602,372.342,0.000114921,-2.05364,-0.405498,0.183218,-2.08776
-0.192602,372.342,0.000115238,-2.18691,-0.400635,0.306351,-2.34522
-0.192602,372.342,0.000115556,-2.31154,-0.393741,0.434313,-2.59959
-0.192602,372.342,0.000115873,-2.42705,-0.384752,0.566279,-2.84958
-0.192602,372.342,0.00011619,-2.53298,-0.37362,0.701352,-3.09387
-0.192602,372.342,0.000116508,-2.62892,-0.360309,0.83857,-3.33109
-0.192602,372.342,0.000116825,-2.71448,-0.344803,0.976918,-3.55986
-0.192602,372.342,0.000117143,-2.78933,-0.327099,1.11533,-3.77878
-0.192602,372.342,0.00011746,-2.85317,-0.307215,1.25271,-3.98646
-0.192602,372.342,0.000117778,-2.90575,-0.285184,1.38793,-4.18152
-0.192602,372.342,0.000118095,-2.94686,-0.26106,1.51984,-4.36259
-0.192602,372.342,0.000118413,-2.97634,-0.234912,1.6473,-4.52834
-0.192602,372.342,0.00011873,-2.99408,-0.20683,1.76917,-4.67749
-0.192602,372.342,0.000119048,-3,-0.17692,1.88432,-4.80881
-0.192602,372.342,0.000119365,-2.99408,-0.145307,1.99165,-4.92114
-0.192602,372.342,0.000119683,-2.97634,-0.11213,2.0901,-5.0134
-0.192602,372.342,0.00012,-2.94686,-0.0775483,2.17867,-5.08459
-0.192602,372.342,0.000120317,-2.90575,-0.0417325,2.25639,-5.13383
-0.192602,372.342,0.000120635,-2.85317,-0.00486914,2.32239,-5.16033
-0.192602,372.342,0.000120952,-2.78933,0.032843,2.37587,-5.16342
-0.192602,372.342,0.00012127,-2.71448,0.0711937,2.41609,-5.14257
-0.192602,372.342,0.000121587,-2.62892,0.109963,2.44245,-5.09736
-0.192602,372.342,0.000121905,-2.53298,0.148922,2.45442,-5.02755
-0.192602,372.342,0.000122222,-2.42705,0.187836,2.45157,-4.93299
-0.192602,372.342,0.00012254,-2.31154,0.226465,2.43362,-4.81373
-0.192602,372.342,0.000122857,-2.18691,0.264565,2.40036,-4.66994
-0.192602,372.342,0.000123175,-2.05364,0.301895,2.35174,-4.50197
-0.192602,372.342,0.000123492,-1.91227,0.338209,2.2878,-4.31029
-0.192602,372.342,0.00012381,-1.76336,0.373268,2.20872,-4.09555
-0.192602,372.342,0.000124127,-1.60748,0.406836,2.1148,-3.85856
-0.192602,372.342,0.000124444,-1.44526,0.438685,2.00646,-3.60025
-0.192602,372.342,0.000124762,-1.27734,0.468593,1.88422,-3.32172
-0.192602,372.342,0.000125079,-1.10437,0.496351,1.74875,-3.0242
-0.192602,372.342,0.000125397,-0.927051,0.521761,1.6008,-2.70905
-0.192602,372.342,0.000125714,-0.74607,0.544637,1.44122,-2.37778
-0.192602,372.342,0.000126032,-0.562144,0.564812,1.271,-2.03198
-0.192602,372.342,0.000126349,-0.376,0.582132,1.09116,-1.67337
-0.192602,372.342,0.000126667,-0.188372,0.596463,0.902862,-1.30376
-0.192602,372.342,0.000126984,-2.93906e-015,0.60769,0.707295,-0.925051
-0.192602,372.342,0.000127302,0.188372,0.615717,0.505733,-0.539217
-0.192602,372.342,0.000127619,0.376,0.620471,0.299499,-0.148285
-0.192602,372.342,0.000127937,0.562144,0.621899,0.0899576,0.245665
-0.192602,372.342,0.000128254,0.74607,0.619971,-0.121495,0.640522
-0.192602,372.342,0.000128571,0.927051,0.614678,-0.333441,1.03415
-0.192602,372.342,0.000128889,1.10437,0.606036,-0.544458,1.42443
-0.192602,372.342,0.000129206,1.27734,0.594081,-0.753124,1.80921
-0.192602,372.342,0.000129524,1.44526,0.578875,-0.958031,2.1864
-0.192602,372.342,0.000129841,1.60748,0.560497,-1.1578,2.55394
-0.192602,372.342,0.000130159,1.76336,0.539051,-1.35109,2.90982
-0.192602,372.342,0.000130476,1.91227,0.514661,-1.53659,3.25207
-0.192602,372.342,0.000130794,2.05364,0.487469,-1.71309,3.57884
-0.192602,372.342,0.000131111,2.18691,0.457637,-1.8794,3.88834
-0.192602,372.342,0.000131429,2.31154,0.425344,-2.03444,4.17891
-0.192602,372.342,0.000131746,2.42705,0.390786,-2.1772,4.44897
-0.192602,372.342,0.000132063,2.53298,0.35417,-2.30677,4.69708
-0.192602,372.342,0.000132381,2.62892,0.31572,-2.42233,4.92195
-0.192602,372.342,0.000132698,2.71448,0.27567,-2.52319,5.12241
-0.192602,372.342,0.000133016,2.78933,0.234261,-2.60875,5.29744
-0.192602,372.342,0.000133333,2.85317,0.191745,-2.67853,5.44618
-0.192602,372.342,0.000133651,2.90575,0.148377,-2.73217,5.56792
-0.192602,372.342,0.000133968,2.94686,0.104418,-2.76943,5.66213
-0.192602,372.342,0.000134286,2.97634,0.0601287,-2.7902,5.72842
-0.192602,372.342,0.000134603,2.99408,0.015772,-2.79447,5.7666
-0.192602,372.342,0.000134921,3,-0.0283926,-2.78237,5.77661
-0.192602,372.342,0.000135238,2.99408,-0.0721092,-2.75414,5.75859
-0.192602,372.342,0.000135556,2.97634,-0.115127,-2.71013,5.7128
-0.192602,372.342,0.000135873,2.94686,-0.157204,-2.65081,5.63971
-0.192602,372.342,0.00013619,2.90575,-0.198104,-2.57675,5.5399
-0.192602,372.342,0.000136508,2.85317,-0.237606,-2.48862,5.41411
-0.192602,372.342,0.000136825,2.78933,-0.275498,-2.38718,5.26325
-0.192602,372.342,0.000137143,2.71448,-0.311582,-2.27327,5.08833
-0.192602,372.342,0.00013746,2.62892,-0.345674,-2.14783,4.8905
-0.192602,372.342,0.000137778,2.53298,-0.377608,-2.01185,4.67103
-0.192602,372.342,0.000138095,2.42705,-0.407233,-1.86637,4.43128
-0.192602,372.342,0.000138413,2.31154,-0.434416,-1.7125,4.17272
-0.192602,372.342,0.00013873,2.18691,-0.459041,-1.55139,3.8969
-0.192602,372.342,0.000139048,2.05364,-0.481013,-1.38421,3.60544
-0.192602,372.342,0.000139365,1.91227,-0.500254,-1.21216,3.30004
-0.192602,372.342,0.000139683,1.76336,-0.516705,-1.03643,2.98242
-0.192602,372.342,0.00014,1.60748,-0.530327,-0.85823,2.65435
-0.192602,372.342,0.000140317,1.44526,-0.541101,-0.678761,2.31763
-0.192602,372.342,0.000140635,1.27734,-0.549025,-0.499194,1.97408
-0.192602,372.342,0.000140952,1.10437,-0.554115,-0.320678,1.62549
-0.192602,372.342,0.00014127,0.927051,-0.556406,-0.144323,1.27367
-0.192602,372.342,0.000141587,0.74607,-0.555949,0.0288057,0.920396
-0.192602,372.342,0.000141905,0.562144,-0.552811,0.197697,0.567413
-0.192602,372.342,0.000142222,0.376,-0.547074,0.361398,0.216422
-0.192602,372.342,0.00014254,0.188372,-0.538836,0.519024,-0.130927
-0.192602,372.342,0.000142857,1.39646e-014,-0.528205,0.669763,-0.473045
-0.192602,372.342,0.000143175,-0.188372,-0.515302,0.812878,-0.808413
-0.192602,372.342,0.000143492,-0.376,-0.500259,0.947715,-1.13559
-0.192602,372.342,0.00014381,-0.562144,-0.483216,1.0737,-1.45321
-0.192602,372.342,0.000144127,-0.74607,-0.464321,1.19036,-1.76002
-0.192602,372.342,0.000144444,-0.927051,-0.443729,1.29729,-2.05482
-0.192602,372.342,0.000144762,-1.10437,-0.4216,1.39418,-2.33656
-0.192602,372.342,0.000145079,-1.27734,-0.398095,1.48082,-2.60424
-0.192602,372.342,0.000145397,-1.44526,-0.373379,1.55707,-2.857
-0.192602,372.342,0.000145714,-1.60748,-0.347619,1.6229,-3.09406
-0.192602,372.342,0.000146032,-1.76336,-0.320979,1.67833,-3.31477
-0.192602,372.342,0.000146349,-1.91227,-0.293622,1.72348,-3.51857
-0.192602,372.342,0.000146667,-2.05364,-0.265708,1.75855,-3.705
-0.192602,372.342,0.000146984,-2.18691,-0.237394,1.7838,-3.8737
-0.192602,372.342,0.000147302,-2.31154,-0.20883,1.79956,-4.02443
-0.192602,372.342,0.000147619,-2.42705,-0.18016,1.80621,-4.15702
-0.192602,372.342,0.000147937,-2.53298,-0.151522,1.80419,-4.2714
-0.192602,372.342,0.000148254,-2.62892,-0.123045,1.79401,-4.36761
-0.192602,372.342,0.000148571,-2.71448,-0.0948522,1.77617,-4.44573
-0.192602,372.342,0.000148889,-2.78933,-0.0670545,1.75126,-4.50596
-0.192602,372.342,0.000149206,-2.85317,-0.0397555,1.71984,-4.54853
-0.192602,372.342,0.000149524,-2.90575,-0.0130485,1.68254,-4.57377
-0.192602,372.342,0.000149841,-2.94686,0.0129826,1.63996,-4.58206
-0.192602,372.342,0.000150159,-2.97634,0.038264,1.59273,-4.57381
-0.192602,372.342,0.000150476,-2.99408,0.0627318,1.54147,-4.54952
-0.192602,372.342,0.000150794,-3,0.0863316,1.48679,-4.50969
-0.192602,372.342,0.000151111,-2.99408,0.109019,1.42928,-4.45488
-0.192602,372.342,0.000151429,-2.97634,0.130757,1.36951,-4.38566
-0.192602,372.342,0.000151746,-2.94686,0.151519,1.30804,-4.30264
-0.192602,372.342,0.000152063,-2.90575,0.171287,1.24537,-4.20644
-0.192602,372.342,0.000152381,-2.85317,0.190049,1.18198,-4.09768
-0.192602,372.342,0.000152698,-2.78933,0.2078,1.1183,-3.97702
-0.192602,372.342,0.000153016,-2.71448,0.224541,1.05473,-3.84508
-0.192602,372.342,0.000153333,-2.62892,0.240281,0.991618,-3.70251
-0.192602,372.342,0.000153651,-2.53298,0.255031,0.929248,-3.54995
-0.192602,372.342,0.000153968,-2.42705,0.268807,0.867871,-3.38803
-0.192602,372.342,0.000154286,-2.31154,0.281627,0.807682,-3.21736
-0.192602,372.342,0.000154603,-2.18691,0.293514,0.748825,-3.03855
-0.192602,372.342,0.000154921,-2.05364,0.304488,0.691392,-2.85219
-0.192602,372.342,0.000155238,-1.91227,0.314574,0.635429,-2.65886
-0.192602,372.342,0.000155556,-1.76336,0.323795,0.580933,-2.45913
-0.192602,372.342,0.000155873,-1.60748,0.332174,0.527858,-2.25355
-0.192602,372.342,0.00015619,-1.44526,0.339731,0.476114,-2.04265
-0.192602,372.342,0.000156508,-1.27734,0.346487,0.425576,-1.82694
-0.192602,372.342,0.000156825,-1.10437,0.352456,0.376082,-1.60695
-0.192602,372.342,0.000157143,-0.927051,0.357654,0.327444,-1.38317
-0.192602,372.342,0.00015746,-0.74607,0.362089,0.279446,-1.15609
-0.192602,372.342,0.000157778,-0.562144,0.36577,0.231854,-0.92619
-0.192602,372.342,0.000158095,-0.376,0.368697,0.18442,-0.693955
-0.192602,372.342,0.000158413,-0.188372,0.37087,0.136887,-0.459862
-0.192602,372.342,0.00015873,-2.49901e-014,0.372282,0.0889921,-0.224389
-0.192602,372.342,0.000159048,0.188372,0.372925,0.0404783,0.0119807
-0.192602,372.342,0.000159365,0.376,0.372783,-0.00890574,0.248758
-0.192602,372.342,0.000159683,0.562144,0.371841,-0.0593978,0.485446
-0.192602,372.342,0.00016,0.74607,0.370075,-0.111217,0.721535
-0.192602,372.342,0.000160317,0.927051,0.367463,-0.16456,0.956504
-0.192602,372.342,0.000160635,1.10437,0.363978,-0.219593,1.18981
-0.192602,372.342,0.000160952,1.27734,0.359589,-0.276453,1.42091
-0.192602,372.342,0.00016127,1.44526,0.354268,-0.335239,1.64922
-0.192602,372.342,0.000161587,1.60748,0.347982,-0.396009,1.87415
-0.192602,372.342,0.000161905,1.76336,0.3407,-0.45878,2.09509
-0.192602,372.342,0.000162222,1.91227,0.33239,-0.523523,2.31141
-0.192602,372.342,0.00016254,2.05364,0.323023,-0.590161,2.52245
-0.192602,372.342,0.000162857,2.18691,0.312569,-0.65857,2.72755
-0.192602,372.342,0.000163175,2.31154,0.301004,-0.728577,2.926
-0.192602,372.342,0.000163492,2.42705,0.288307,-0.799957,3.11712
-0.192602,372.342,0.00016381,2.53298,0.274458,-0.872441,3.30017
-0.192602,372.342,0.000164127,2.62892,0.259447,-0.945708,3.47443
-0.192602,372.342,0.000164444,2.71448,0.243266,-1.01939,3.63916
-0.192602,372.342,0.000164762,2.78933,0.225916,-1.09309,3.79361
-0.192602,372.342,0.000165079,2.85317,0.207402,-1.16636,3.93705
-0.192602,372.342,0.000165397,2.90575,0.18774,-1.2387,4.06873
-0.192602,372.342,0.000165714,2.94686,0.166952,-1.30961,4.18793
-0.192602,372.342,0.000166032,2.97634,0.145071,-1.37854,4.29394
-0.192602,372.342,0.000166349,2.99408,0.122136,-1.44493,4.38604
-0.192602,372.342,0.000166667,3,0.0981962,-1.50818,4.46359
-0.192602,372.342,0.000166984,2.99408,0.0733119,-1.56771,4.52594
-0.192602,372.342,0.000167302,2.97634,0.0475515,-1.62291,4.57248
-0.192602,372.342,0.000167619,2.94686,0.0209932,-1.67317,4.60268
-0.192602,372.342,0.000167937,2.90575,-0.00627536,-1.71792,4.61601
-0.192602,372.342,0.000168254,2.85317,-0.0341573,-1.75656,4.61202
-0.192602,372.342,0.000168571,2.78933,-0.0625467,-1.78853,4.59033
-0.192602,372.342,0.000168889,2.71448,-0.0913293,-1.81331,4.55062
-0.192602,372.342,0.000169206,2.62892,-0.120383,-1.83037,4.49263
-0.192602,372.342,0.000169524,2.53298,-0.149578,-1.83927,4.4162
-0.192602,372.342,0.000169841,2.42705,-0.178777,-1.83957,4.32123
-0.192602,372.342,0.000170159,2.31154,-0.207839,-1.83091,4.20772
-0.192602,372.342,0.000170476,2.18691,-0.236617,-1.81298,4.07576
-0.192602,372.342,0.000170794,2.05364,-0.264958,-1.7855,3.92553
-0.192602,372.342,0.000171111,1.91227,-0.292709,-1.7483,3.7573
-0.192602,372.342,0.000171429,1.76336,-0.319712,-1.70124,3.57145
-0.192602,372.342,0.000171746,1.60748,-0.345812,-1.64426,3.36846
-0.192602,372.342,0.000172063,1.44526,-0.37085,-1.57739,3.1489
-0.192602,372.342,0.000172381,1.27734,-0.394671,-1.50071,2.91344
-0.192602,372.342,0.000172698,1.10437,-0.417121,-1.41439,2.66285
-0.192602,372.342,0.000173016,0.927051,-0.438053,-1.31868,2.39801
-0.192602,372.342,0.000173333,0.74607,-0.457321,-1.21389,2.11989
-0.192602,372.342,0.000173651,0.562144,-0.474788,-1.10042,1.82952
-0.192602,372.342,0.000173968,0.376,-0.490323,-0.978736,1.52807
-0.192602,372.342,0.000174286,0.188372,-0.503805,-0.849376,1.21675
-0.192602,372.342,0.000174603,1.46993e-014,-0.515122,-0.712949,0.896878
-0.192602,372.342,0.000174921,-0.188372,-0.524172,-0.570127,0.569816
-0.192602,372.342,0.000175238,-0.376,-0.530865,-0.421644,0.237009
-0.192602,372.342,0.000175556,-0.562144,-0.535123,-0.268288,-0.100048
-0.192602,372.342,0.000175873,-0.74607,-0.536883,-0.110899,-0.439809
-0.192602,372.342,0.00017619,-0.927051,-0.536095,0.0496411,-0.780687
-0.192602,372.342,0.000176508,-1.10437,-0.532724,0.212409,-1.12107
-0.192602,372.342,0.000176825,-1.27734,-0.526748,0.376451,-1.4593
-0.192602,372.342,0.000177143,-1.44526,-0.518164,0.54079,-1.79375
-0.192602,372.342,0.00017746,-1.60748,-0.506983,0.70443,-2.12274
-0.192602,372.342,0.000177778,-1.76336,-0.493231,0.866367,-2.44463
-0.192602,372.342,0.000178095,-1.91227,-0.476952,1.02559,-2.7578
-0.192602,372.342,0.000178413,-2.05364,-0.458204,1.18111,-3.06062
-0.192602,372.342,0.00017873,-2.18691,-0.437063,1.33192,-3.35155
-0.192602,372.342,0.000179048,-2.31154,-0.413617,1.47707,-3.62905
-0.192602,372.342,0.000179365,-2.42705,-0.387972,1.61561,-3.89166
-0.192602,372.342,0.000179683,-2.53298,-0.360248,1.74665,-4.13799
-0.192602,372.342,0.00018,-2.62892,-0.330576,1.86932,-4.36672
-0.192602,372.342,0.000180317,-2.71448,-0.299103,1.98282,-4.57661
-0.192602,372.342,0.000180635,-2.78933,-0.265986,2.08638,-4.76652
-0.192602,372.342,0.000180952,-2.85317,-0.231393,2.17933,-4.9354
-0.192602,372.342,0.00018127,-2.90575,-0.195504,2.26104,-5.08231
-0.192602,372.342,0.000181587,-2.94686,-0.158504,2.33095,-5.20644
-0.192602,372.342,0.000181905,-2.97634,-0.12059,2.3886,-5.30708
-0.192602,372.342,0.000182222,-2.99408,-0.0819616,2.43359,-5.38364
-0.192602,372.342,0.00018254,-3,-0.042825,2.46561,-5.43568
-0.192602,372.342,0.000182857,-2.99408,-0.00338958,2.48443,-5.46287
-0.192602,372.342,0.000183175,-2.97634,0.036133,2.48992,-5.46503
-0.192602,372.342,0.000183492,-2.94686,0.0755303,2.48203,-5.44208
-0.192602,372.342,0.00018381,-2.90575,0.114591,2.46081,-5.39413
-0.192602,372.342,0.000184127,-2.85317,0.153104,2.42637,-5.32137
-0.192602,372.342,0.000184444,-2.78933,0.190865,2.37894,-5.22416
-0.192602,372.342,0.000184762,-2.71448,0.227672,2.31882,-5.10298
-0.192602,372.342,0.000185079,-2.62892,0.263329,2.24639,-4.95843
-0.192602,372.342,0.000185397,-2.53298,0.297648,2.16211,-4.79123
-0.192602,372.342,0.000185714,-2.42705,0.33045,2.06653,-4.60225
-0.192602,372.342,0.000186032,-2.31154,0.361566,1.96026,-4.39244
-0.192602,372.342,0.000186349,-2.18691,0.390835,1.84397,-4.16287
-0.192602,372.342,0.000186667,-2.05364,0.418111,1.7184,-3.91473
-0.192602,372.342,0.000186984,-1.91227,0.443259,1.58434,-3.64926
-0.192602,372.342,0.000187302,-1.76336,0.466158,1.44264,-3.36782
-0.192602,372.342,0.000187619,-1.60748,0.486701,1.29418,-3.07185
-0.192602,372.342,0.000187937,-1.44526,0.504795,1.13989,-2.76283
-0.192602,372.342,0.000188254,-1.27734,0.520361,0.980701,-2.44233
-0.192602,372.342,0.000188571,-1.10437,0.533339,0.817594,-2.11194
-0.192602,372.342,0.000188889,-0.927051,0.543681,0.651551,-1.77331
-0.192602,372.342,0.000189206,-0.74607,0.551357,0.483562,-1.42812
-0.192602,372.342,0.000189524,-0.562144,0.556351,0.314618,-1.07805
-0.192602,372.342,0.000189841,-0.376,0.558663,0.145701,-0.724812
-0.192602,372.342,0.000190159,-0.188372,0.558311,-0.0222223,-0.370106
-0.192602,372.342,0.000190476,-2.57249e-014,0.555323,-0.188205,-0.0156228
-0.192602,372.342,0.00174635,0.188372,0.485826,-0.00705787,0.0180234
-0.192602,372.342,0.00174667,0.376,0.483797,-0.12785,0.326484
-0.192602,372.342,0.00174698,0.562144,0.479858,-0.248137,0.633657
-0.192602,372.342,0.0017473,0.74607,0.474026,-0.367446,0.938329
-0.192602,372.342,0.00174762,0.927051,0.466322,-0.485304,1.2393
-0.192602,372.342,0.00174794,1.10437,0.456779,-0.601246,1.53538
-0.192602,372.342,0.00174825,1.27734,0.445433,-0.714816,1.82539
-0.192602,372.342,0.00174857,1.44526,0.432328,-0.825565,2.10821
-0.192602,372.342,0.00174889,1.60748,0.417518,-0.933056,2.3827
-0.192602,372.342,0.00174921,1.76336,0.40106,-1.03686,2.64779
-0.192602,372.342,0.00174952,1.91227,0.383019,-1.13658,2.90243
-0.192602,372.342,0.00174984,2.05364,0.363466,-1.23181,3.14562
-0.192602,372.342,0.00175016,2.18691,0.342479,-1.32218,3.37639
-0.192602,372.342,0.00175048,2.31154,0.320141,-1.40733,3.59384
-0.192602,372.342,0.00175079,2.42705,0.296539,-1.48693,3.7971
-0.192602,372.342,0.00175111,2.53298,0.271766,-1.56066,3.98538
-0.192602,372.342,0.00175143,2.62892,0.245921,-1.62823,4.15793
-0.192602,372.342,0.00175175,2.71448,0.219106,-1.68937,4.31407
-0.192602,372.342,0.00175206,2.78933,0.191426,-1.74385,4.45319
-0.192602,372.342,0.00175238,2.85317,0.16299,-1.79144,4.57473
-0.192602,372.342,0.0017527,2.90575,0.133911,-1.83197,4.67821
-0.192602,372.342,0.00175302,2.94686,0.104304,-1.86526,4.76324
-0.192602,372.342,0.00175333,2.97634,0.0742849,-1.8912,4.82946
-0.192602,372.342,0.00175365,2.99408,0.0439728,-1.90967,4.87663
-0.192602,372.342,0.00175397,3,0.0134871,-1.9206,4.90455
-0.192602,372.342,0.00175429,2.99408,-0.0170518,-1.92395,4.91311
-0.192602,372.342,0.0017546,2.97634,-0.0475235,-1.91971,4.90228
-0.192602,372.342,0.00175492,2.94686,-0.0778076,-1.9079,4.87211
-0.192602,372.342,0.00175524,2.90575,-0.107785,-1.88855,4.82271
-0.192602,372.342,0.00175556,2.85317,-0.137336,-1.86175,4.75427
-0.192602,372.342,0.00175587,2.78933,-0.166346,-1.82761,4.66707
-0.192602,372.342,0.00175619,2.71448,-0.194699,-1.78625,4.56146
-0.192602,372.342,0.00175651,2.62892,-0.222284,-1.73784,4.43784
-0.192602,372.342,0.00175683,2.53298,-0.248991,-1.68257,4.29671
-0.192602,372.342,0.00175714,2.42705,-0.274716,-1.62067,4.13862
-0.192602,372.342,0.00175746,2.31154,-0.299357,-1.55236,3.96419
-0.192602,372.342,0.00175778,2.18691,-0.322816,-1.47793,3.77413
-0.192602,372.342,0.0017581,2.05364,-0.345001,-1.39767,3.56916
-0.192602,372.342,0.00175841,1.91227,-0.365825,-1.31189,3.35012
-0.192602,372.342,0.00175873,1.76336,-0.385205,-1.22094,3.11785
-0.192602,372.342,0.00175905,1.60748,-0.403064,-1.12516,2.87327
-0.192602,372.342,0.00175937,1.44526,-0.419333,-1.02495,2.61736
-0.192602,372.342,0.00175968,1.27734,-0.433948,-0.920687,2.35111
-0.192602,372.342,0.00176,1.10437,-0.446849,-0.812793,2.07559
-0.192602,372.342,0.00176032,0.927051,-0.457987,-0.701692,1.79188
-0.192602,372.342,0.00176063,0.74607,-0.467318,-0.587822,1.50109
-0.192602,372.342,0.00176095,0.562144,-0.474804,-0.471632,1.20438
-0.192602,372.342,0.00176127,0.376,-0.480416,-0.35358,0.902921
-0.192602,372.342,0.00176159,0.188372,-0.484133,-0.234133,0.597895
-0.192602,372.342,0.0017619,8.80497e-015,-0.485938,-0.113762,0.290509
-0.192602,372.342,0.00176222,-0.188372,-0.485826,0.00705762,-0.0180231
-0.192602,372.342,0.00176254,-0.376,-0.483797,0.12785,-0.326484
-0.192602,372.342,0.00176286,-0.562144,-0.479858,0.248137,-0.633657
-0.192602,372.342,0.00176317,-0.74607,-0.474026,0.367445,-0.938329
-0.192602,372.342,0.00176349,-0.927051,-0.466322,0.485303,-1.2393
-0.192602,372.342,0.00176381,-1.10437,-0.456779,0.601246,-1.53538
-0.192602,372.342,0.00176413,-1.27734,-0.445433,0.714816,-1.82539
-0.192602,372.342,0.00176444,-1.44526,-0.432328,0.825565,-2.10821
-0.192602,372.342,0.00176476,-1.60748,-0.417518,0.933056,-2.3827
-0.192602,372.342,0.00176508,-1.76336,-0.40106,1.03686,-2.64779
-0.192602,372.342,0.0017654,-1.91227,-0.383019,1.13658,-2.90243
-0.192602,372.342,0.00176571,-2.05364,-0.363466,1.23181,-3.14562
-0.192602,372.342,0.00176603,-2.18691,-0.342479,1.32218,-3.37639
-0.192602,372.342,0.00176635,-2.31154,-0.320141,1.40733,-3.59384
-0.192602,372.342,0.00176667,-2.42705,-0.296539,1.48693,-3.7971
-0.192602,372.342,0.00176698,-2.53298,-0.271766,1.56066,-3.98538
-0.192602,372.342,0.0017673,-2.62892,-0.245921,1.62823,-4.15793
-0.192602,372.342,0.00176762,-2.71448,-0.219106,1.68937,-4.31407
-0.192602,372.342,0.00176794,-2.78933,-0.191426,1.74385,-4.45319
-0.192602,372.342,0.00176825,-2.85317,-0.16299,1.79144,-4.57473
-0.192602,372.342,0.00176857,-2.90575,-0.133911,1.83197,-4.67821
-0.192602,372.342,0.00176889,-2.94686,-0.104304,1.86526,-4.76324
-0.192602,372.342,0.00176921,-2.97634,-0.0742849,1.8912,-4.82946
-0.192602,372.342,0.00176952,-2.99408,-0.0439728,1.90967,-4.87663
-0.192602,372.342,0.00176984,-3,-0.013487,1.9206,-4.90455
-0.192602,372.342,0.00177016,-2.99408,0.0170519,1.92395,-4.91311
-0.192602,372.342,0.00177048,-2.97634,0.0475235,1.91971,-4.90228
-0.192602,372.342,0.00177079,-2.94686,0.0778076,1.9079,-4.87211
-0.192602,372.342,0.00177111,-2.90575,0.107785,1.88855,-4.82271
-0.192602,372.342,0.00177143,-2.85317,0.137336,1.86175,-4.75427
-0.192602,372.342,0.00177175,-2.78933,0.166346,1.82761,-4.66707
-0.192602,372.342,0.00177206,-2.71448,0.194699,1.78625,-4.56146
-0.192602,372.342,0.00177238,-2.62892,0.222284,1.73784,-4.43784
-0.192602,372.342,0.0017727,-2.53298,0.248991,1.68257,-4.29671
-0.192602,372.342,0.00177302,-2.42705,0.274716,1.62067,-4.13862
-0.192602,372.342,0.00177333,-2.31154,0.299357,1.55236,-3.96419
-0.192602,372.342,0.00177365,-2.18691,0.322816,1.47793,-3.77413
-0.192602,372.342,0.00177397,-2.05364,0.345001,1.39767,-3.56916
-0.192602,372.342,0.00177429,-1.91227,0.365825,1.31189,-3.35012
-0.192602,372.342,0.0017746,-1.76336,0.385205,1.22094,-3.11785
-0.192602,372.342,0.00177492,-1.60748,0.403065,1.12516,-2.87327
-0.192602,372.342,0.00177524,-1.44526,0.419334,1.02495,-2.61736
-0.192602,372.342,0.00177556,-1.27734,0.433948,0.920686,-2.35111
-0.192602,372.342,0.00177587,-1.10437,0.446849,0.812793,-2.07559
-0.192602,372.342,0.00177619,-0.927051,0.457987,0.701692,-1.79188
-0.192602,372.342,0.00177651,-0.74607,0.467318,0.587822,-1.50109
-0.192602,372.342,0.00177683,-0.562144,0.474804,0.471631,-1.20438
-0.192602,372.342,0.00177714,-0.376,0.480416,0.35358,-0.902921
-0.192602,372.342,0.00177746,-0.188372,0.484133,0.234133,-0.597894
-0.192602,372.342,0.00177778,-4.11468e-014,0.485938,0.113762,-0.290509
-0.192602,372.342,0.0017781,0.188372,0.485826,-0.00705807,0.0180236
-0.192602,372.342,0.00177841,0.376,0.483797,-0.12785,0.326485
-0.192602,372.342,0.00177873,0.562144,0.479858,-0.248138,0.633657
-0.192602,372.342,0.00177905,0.74607,0.474026,-0.367446,0.938329
-0.192602,372.342,0.00177937,0.927051,0.466322,-0.485304,1.2393
-0.192602,372.342,0.00177968,1.10437,0.456779,-0.601247,1.53538
-0.192602,372.342,0.00178,1.27734,0.445433,-0.714817,1.82539
-0.192602,372.342,0.00178032,1.44526,0.432328,-0.825566,2.10821
-0.192602,372.342,0.00178063,1.60748,0.417518,-0.933056,2.3827
-0.192602,372.342,0.00178095,1.76336,0.40106,-1.03686,2.64779
-0.192602,372.342,0.00178127,1.91227,0.383019,-1.13658,2.90243
-0.192602,372.342,0.00178159,2.05364,0.363466,-1.23181,3.14562
-0.192602,372.342,0.0017819,2.18691,0.342479,-1.32218,3.37639
-0.192602,372.342,0.00178222,2.31154,0.320141,-1.40733,3.59384
-0.192602,372.342,0.00178254,2.42705,0.296539,-1.48693,3.7971
-0.192602,372.342,0.00178286,2.53298,0.271766,-1.56066,3.98538
-0.192602,372.342,0.00178317,2.62892,0.245921,-1.62823,4.15793
-0.192602,372.342,0.00178349,2.71448,0.219106,-1.68937,4.31407
-0.192602,372.342,0.00178381,2.78933,0.191426,-1.74385,4.45319
-0.192602,372.342,0.00178413,2.85317,0.16299,-1.79144,4.57473
-0.192602,372.342,0.00178444,2.90575,0.133911,-1.83197,4.67821
-0.192602,372.342,0.00178476,2.94686,0.104304,-1.86526,4.76324
-0.192602,372.342,0.00178508,2.97634,0.0742849,-1.8912,4.82946
-0.192602,372.342,0.0017854,2.99408,0.0439727,-1.90967,4.87663
-0.192602,372.342,0.00178571,3,0.013487,-1.9206,4.90455
-0.192602,372.342,0.00178603,2.99408,-0.0170519,-1.92395,4.91311
-0.192602,372.342,0.00178635,2.97634,-0.0475236,-1.91971,4.90228
-0.192602,372.342,0.00178667,2.94686,-0.0778076,-1.9079,4.87211
-0.192602,372.342,0.00178698,2.90575,-0.107785,-1.88855,4.82271
-0.192602,372.342,0.0017873,2.85317,-0.137336,-1.86175,4.75427
-0.192602,372.342,0.00178762,2.78933,-0.166346,-1.82761,4.66707
-0.192602,372.342,0.00178794,2.71448,-0.194699,-1.78625,4.56146
-0.192602,372.342,0.00178825,2.62892,-0.222284,-1.73784,4.43784
-0.192602,372.342,0.00178857,2.53298,-0.248991,-1.68257,4.29671
-0.192602,372.342,0.00178889,2.42705,-0.274716,-1.62066,4.13862
-0.192602,372.342,0.00178921,2.31154,-0.299357,-1.55236,3.96419
-0.192602,372.342,0.00178952,2.18691,-0.322816,-1.47793,3.77413
-0.192602,372.342,0.00178984,2.05364,-0.345001,-1.39767,3.56916
-0.192602,372.342,0.00179016,1.91227,-0.365825,-1.31189,3.35012
-0.192602,372.342,0.00179048,1.76336,-0.385205,-1.22094,3.11785
-0.192602,372.342,0.00179079,1.60748,-0.403065,-1.12516,2.87327
-0.192602,372.342,0.00179111,1.44526,-0.419334,-1.02495,2.61736
-0.192602,372.342,0.00179143,1.27734,-0.433948,-0.920686,2.35111
-0.192602,372.342,0.00179175,1.10437,-0.446849,-0.812793,2.07559
-0.192602,372.342,0.00179206,0.927051,-0.457987,-0.701692,1.79188
-0.192602,372.342,0.00179238,0.74607,-0.467317,-0.587821,1.50109
-0.192602,372.342,0.0017927,0.562144,-0.474804,-0.471631,1.20438
-0.192602,372.342,0.00179302,0.376,-0.480416,-0.35358,0.90292
-0.192602,372.342,0.00179333,0.188372,-0.484132,-0.234133,0.597894
-0.192602,372.342,0.00179365,7.34886e-014,-0.485938,-0.113762,0.290509
-0.192602,372.342,0.00179397,-0.188372,-0.485826,0.00705801,-0.0180236
-0.192602,372.342,0.00179429,-0.376,-0.483797,0.12785,-0.326485
-0.192602,372.342,0.0017946,-0.562144,-0.479858,0.248138,-0.633657
-0.192602,372.342,0.00179492,-0.74607,-0.474026,0.367446,-0.938329
-0.192602,372.342,0.00179524,-0.927051,-0.466322,0.485304,-1.2393
-0.192602,372.342,0.00179556,-1.10437,-0.456779,0.601246,-1.53538
-0.192602,372.342,0.00179587,-1.27734,-0.445433,0.714816,-1.82539
-0.192602,372.342,0.00179619,-1.44526,-0.432328,0.825565,-2.10821
-0.192602,372.342,0.00179651,-1.60748,-0.417518,0.933056,-2.3827
-0.192602,372.342,0.00179683,-1.76336,-0.40106,1.03686,-2.64779
-0.192602,372.342,0.00179714,-1.91227,-0.383019,1.13658,-2.90243
-0.192602,372.342,0.00179746,-2.05364,-0.363466,1.23181,-3.14562
-0.192602,372.342,0.00179778,-2.18691,-0.342479,1.32218,-3.37639
-0.192602,372.342,0.0017981,-2.31154,-0.320141,1.40733,-3.59384
-0.192602,372.342,0.00179841,-2.42705,-0.296539,1.48693,-3.7971
-0.192602,372.342,0.00179873,-2.53298,-0.271766,1.56066,-3.98538
-0.192602,372.342,0.00179905,-2.62892,-0.245921,1.62823,-4.15793
-0.192602,372.342,0.00179937,-2.71448,-0.219106,1.68937,-4.31407
-0.192602,372.342,0.00179968,-2.78933,-0.191426,1.74385,-4.45319
-0.192602,372.342,0.0018,-2.85317,-0.16299,1.79144,-4.57473
-0.192602,372.342,0.00180032,-2.90575,-0.133911,1.83197,-4.67821
-0.192602,372.342,0.00180063,-2.94686,-0.104304,1.86526,-4.76324
-0.192602,372.342,0.00180095,-2.97634,-0.0742849,1.8912,-4.82946
-0.192602,372.342,0.00180127,-2.99408,-0.0439727,1.90967,-4.87663
-0.192602,372.342,0.00180159,-3,-0.013487,1.9206,-4.90455
-0.192602,372.342,0.0018019,-2.99408,0.0170519,1.92395,-4.91311
-0.192602,372.342,0.00180222,-2.97634,0.0475235,1.91971,-4.90228
-0.192602,372.342,0.00180254,-2.94686,0.0778076,1.9079,-4.87211
-0.192602,372.342,0.00180286,-2.90575,0.107785,1.88855,-4.82271
-0.192602,372.342,0.00180317,-2.85317,0.137336,1.86175,-4.75427
-0.192602,372.342,0.00180349,-2.78933,0.166346,1.82761,-4.66707
-0.192602,372.342,0.00180381,-2.71448,0.194699,1.78625,-4.56146
-0.192602,372.342,0.00180413,-2.62892,0.222284,1.73784,-4.43784
-0.192602,372.342,0.00180444,-2.53298,0.248991,1.68257,-4.29671
-0.192602,372.342,0.00180476,-2.42705,0.274716,1.62066,-4.13862
-0.192602,372.342,0.00180508,-2.31154,0.299357,1.55236,-3.96419
-0.192602,372.342,0.0018054,-2.18691,0.322816,1.47793,-3.77413
-0.192602,372.342,0.00180571,-2.05364,0.345001,1.39767,-3.56916
-0.192602,372.342,0.00180603,-1.91227,0.365825,1.31189,-3.35012
-0.192602,372.342,0.00180635,-1.76336,0.385205,1.22094,-3.11785
-0.192602,372.342,0.00180667,-1.60748,0.403064,1.12516,-2.87327
-0.192602,372.342,0.00180698,-1.44526,0.419333,1.02495,-2.61736
-0.192602,372.342,0.0018073,-1.27734,0.433948,0.920686,-2.35111
-0.192602,372.342,0.00180762,-1.10437,0.446849,0.812793,-2.07559
-0.192602,372.342,0.00180794,-0.927051,0.457987,0.701692,-1.79188
-0.192602,372.342,0.00180825,-0.74607,0.467317,0.587822,-1.50109
-0.192602,372.342,0.00180857,-0.562144,0.474804,0.471632,-1.20438
-0.192602,372.342,0.00180889,-0.376,0.480416,0.35358,-0.902921
-0.192602,372.342,0.00180921,-0.188372,0.484132,0.234133,-0.597895
-0.192602,372.342,0.00180952,-2.76361e-013,0.485938,0.113762,-0.290509
-0.192602,372.342,0.00180984,0.188372,0.485826,-0.00705771,0.0180232
-0.192602,372.342,0.00181016,0.376,0.483797,-0.12785,0.326484
-0.192602,372.342,0.00181048,0.562144,0.479858,-0.248137,0.633657
-0.192602,372.342,0.00181079,0.74607,0.474026,-0.367445,0.938329
-0.192602,372.342,0.00181111,0.927051,0.466322,-0.485304,1.2393
-0.192602,372.342,0.00181143,1.10437,0.456779,-0.601246,1.53538
-0.192602,372.342,0.00181175,1.27734,0.445433,-0.714816,1.82539
-0.192602,372.342,0.00181206,1.44526,0.432328,-0.825565,2.10821
-0.192602,372.342,0.00181238,1.60748,0.417518,-0.933056,2.3827
-0.192602,372.342,0.0018127,1.76336,0.40106,-1.03686,2.64779
-0.192602,372.342,0.00181302,1.91227,0.383019,-1.13658,2.90243
-0.192602,372.342,0.00181333,2.05364,0.363466,-1.23181,3.14562
-0.192602,372.342,0.00181365,2.18691,0.342479,-1.32218,3.37639
-0.192602,372.342,0.00181397,2.31154,0.320141,-1.40733,3.59384
-0.192602,372.342,0.00181429,2.42705,0.296539,-1.48693,3.7971
-0.192602,372.342,0.0018146,2.53298,0.271766,-1.56066,3.98538
-0.192602,372.342,0.00181492,2.62892,0.245921,-1.62823,4.15793
-0.192602,372.342,0.00181524,2.71448,0.219106,-1.68937,4.31407
-0.192602,372.342,0.00181556,2.78933,0.191426,-1.74385,4.45319
-0.192602,372.342,0.00181587,2.85317,0.16299,-1.79144,4.57473
-0.192602,372.342,0.00181619,2.90575,0.133911,-1.83197,4.67821
-0.192602,372.342,0.00181651,2.94686,0.104304,-1.86526,4.76324
-0.192602,372.342,0.00181683,2.97634,0.0742849,-1.8912,4.82946
-0.192602,372.342,0.00181714,2.99408,0.0439728,-1.90967,4.87663
-0.192602,372.342,0.00181746,3,0.0134871,-1.9206,4.90455
-0.192602,372.342,0.00181778,2.99408,-0.0170519,-1.92395,4.91311
-0.192602,372.342,0.0018181,2.97634,-0.0475235,-1.91971,4.90228
-0.192602,372.342,0.00181841,2.94686,-0.0778076,-1.9079,4.87211
-0.192602,372.342,0.00181873,2.90575,-0.107785,-1.88855,4.82271
-0.192602,372.342,0.00181905,2.85317,-0.137336,-1.86175,4.75427
-0.192602,372.342,0.00181937,2.78933,-0.166346,-1.82761,4.66707
-0.192602,372.342,0.00181968,2.71448,-0.194699,-1.78625,4.56146
-0.192602,372.342,0.00182,2.62892,-0.222284,-1.73784,4.43784
-0.192602,372.342,0.00182032,2.53298,-0.248991,-1.68257,4.29671
-0.192602,372.342,0.00182063,2.42705,-0.274716,-1.62067,4.13862
-0.192602,372.342,0.00182095,2.31154,-0.299357,-1.55236,3.96419
-0.192602,372.342,0.00182127,2.18691,-0.322816,-1.47793,3.77413
-0.192602,372.342,0.00182159,2.05364,-0.345001,-1.39767,3.56916
-0.192602,372.342,0.0018219,1.91227,-0.365825,-1.31189,3.35012
-0.192602,372.342,0.00182222,1.76336,-0.385205,-1.22094,3.11785
-0.192602,372.342,0.00182254,1.60748,-0.403065,-1.12516,2.87327
-0.192602,372.342,0.00182286,1.44526,-0.419334,-1.02495,2.61736
-0.192602,372.342,0.00182317,1.27734,-0.433948,-0.920686,2.35111
-0.192602,372.342,0.00182349,1.10437,-0.446849,-0.812793,2.07559
-0.192602,372.342,0.00182381,0.927051,-0.457987,-0.701692,1.79188
-0.192602,372.342,0.00182413,0.74607,-0.467318,-0.587822,1.50109
-0.192602,372.342,0.00182444,0.562144,-0.474804,-0.471631,1.20438
-0.192602,372.342,0.00182476,0.376,-0.480416,-0.35358,0.902921
-0.192602,372.342,0.00182508,0.188372,-0.484133,-0.234133,0.597895
-0.192602,372.342,0.0018254,1.38172e-013,-0.485938,-0.113762,0.290509
-0.192602,372.342,0.00182571,-0.188372,-0.485826,0.00705791,-0.0180234
-0.192602,372.342,0.00182603,-0.376,-0.483797,0.12785,-0.326485
-0.192602,372.342,0.00182635,-0.562144,-0.479858,0.248137,-0.633657
-0.192602,372.342,0.00182667,-0.74607,-0.474026,0.367446,-0.938329
-0.192602,372.342,0.00182698,-0.927051,-0.466322,0.485304,-1.2393
-0.192602,372.342,0.0018273,-1.10437,-0.456779,0.601247,-1.53538
-0.192602,372.342,0.00182762,-1.27734,-0.445433,0.714817,-1.82539
-0.192602,372.342,0.00182794,-1.44526,-0.432328,0.825565,-2.10821
-0.192602,372.342,0.00182825,-1.60748,-0.417518,0.933056,-2.3827
-0.192602,372.342,0.00182857,-1.76336,-0.40106,1.03686,-2.64779
-0.192602,372.342,0.00182889,-1.91227,-0.383019,1.13658,-2.90243
-0.192602,372.342,0.00182921,-2.05364,-0.363466,1.23181,-3.14562
-0.192602,372.342,0.00182952,-2.18691,-0.342479,1.32218,-3.37639
-0.192602,372.342,0.00182984,-2.31154,-0.320141,1.40733,-3.59384
-0.192602,372.342,0.00183016,-2.42705,-0.296539,1.48693,-3.7971
-0.192602,372.342,0.00183048,-2.53298,-0.271766,1.56066,-3.98538
-0.192602,372.342,0.00183079,-2.62892,-0.245921,1.62823,-4.15793
-0.192602,372.342,0.00183111,-2.71448,-0.219106,1.68937,-4.31407
-0.192602,372.342,0.00183143,-2.78933,-0.191426,1.74385,-4.45319
-0.192602,372.342,0.00183175,-2.85317,-0.16299,1.79144,-4.57473
-0.192602,372.342,0.00183206,-2.90575,-0.133911,1.83197,-4.67821
-0.192602,372.342,0.00183238,-2.94686,-0.104304,1.86526,-4.76324
-0.192602,372.342,0.0018327,-2.97634,-0.0742849,1.8912,-4.82946
-0.192602,372.342,0.00183302,-2.99408,-0.0439727,1.90967,-4.87663
-0.192602,372.342,0.00183333,-3,-0.013487,1.9206,-4.90455
-0.192602,372.342,0.00183365,-2.99408,0.0170519,1.92395,-4.91311
-0.192602,372.342,0.00183397,-2.97634,0.0475235,1.91971,-4.90228
-0.192602,372.342,0.00183429,-2.94686,0.0778076,1.9079,-4.87211
-0.192602,372.342,0.0018346,-2.90575,0.107785,1.88855,-4.82271
-0.192602,372.342,0.00183492,-2.85317,0.137336,1.86175,-4.75427
-0.192602,372.342,0.00183524,-2.78933,0.166346,1.82761,-4.66707
-0.192602,372.342,0.00183556,-2.71448,0.194699,1.78625,-4.56146
-0.192602,372.342,0.00183587,-2.62892,0.222284,1.73784,-4.43784
-0.192602,372.342,0.00183619,-2.53298,0.248991,1.68257,-4.29671
-0.192602,372.342,0.00183651,-2.42705,0.274716,1.62066,-4.13862
-0.192602,372.342,0.00183683,-2.31154,0.299357,1.55236,-3.96419
-0.192602,372.342,0.00183714,-2.18691,0.322816,1.47793,-3.77413
-0.192602,372.342,0.00183746,-2.05364,0.345001,1.39767,-3.56916
-0.192602,372.342,0.00183778,-1.91227,0.365825,1.31189,-3.35012
-0.192602,372.342,0.0018381,-1.76336,0.385205,1.22094,-3.11785
-0.192602,372.342,0.00183841,-1.60748,0.403065,1.12516,-2.87327
-0.192602,372.342,0.00183873,-1.44526,0.419334,1.02495,-2.61736
-0.192602,372.342,0.00183905,-1.27734,0.433948,0.920686,-2.35111
-0.192602,372.342,0.00183937,-1.10437,0.446849,0.812793,-2.07559
-0.192602,372.342,0.00183968,-0.927051,0.457987,0.701692,-1.79188
-0.192602,372.342,0.00184,-0.74607,0.467318,0.587821,-1.50109
-0.192602,372.342,0.00184032,-0.562144,0.474804,0.471631,-1.20438
-0.192602,372.342,0.00184063,-0.376,0.480416,0.35358,-0.90292
-0.192602,372.342,0.00184095,-0.188372,0.484133,0.234133,-0.597894
-0.192602,372.342,0.00184127,-1.70514e-013,0.485938,0.113762,-0.290509
-0.192602,372.342,0.00184159,0.188372,0.485826,-0.00705803,0.0180236
-0.192602,372.342,0.0018419,0.376,0.483797,-0.12785,0.326485
-0.192602,372.342,0.00184222,0.562144,0.479858,-0.248138,0.633657
-0.192602,372.342,0.00184254,0.74607,0.474026,-0.367446,0.938329
-0.192602,372.342,0.00184286,0.927051,0.466322,-0.485304,1.2393
-0.192602,372.342,0.00184317,1.10437,0.456779,-0.601247,1.53538
-0.192602,372.342,0.00184349,1.27734,0.445433,-0.714817,1.82539
-0.192602,372.342,0.00184381,1.44526,0.432328,-0.825565,2.10821
-0.192602,372.342,0.00184413,1.60748,0.417518,-0.933056,2.3827
-0.192602,372.342,0.00184444,1.76336,0.40106,-1.03686,2.64779
-0.192602,372.342,0.00184476,1.91227,0.383019,-1.13658,2.90243
-0.192602,372.342,0.00184508,2.05364,0.363466,-1.23181,3.14562
-0.192602,372.342,0.0018454,2.18691,0.342479,-1.32218,3.37639
-0.192602,372.342,0.00184571,2.31154,0.320141,-1.40733,3.59384
-0.192602,372.342,0.00184603,2.42705,0.296539,-1.48693,3.7971
-0.192602,372.342,0.00184635,2.53298,0.271766,-1.56066,3.98538
-0.192602,372.342,0.00184667,2.62892,0.245921,-1.62823,4.15793
-0.192602,372.342,0.00184698,2.71448,0.219106,-1.68937,4.31407
-0.192602,372.342,0.0018473,2.78933,0.191426,-1.74385,4.45319
-0.192602,372.342,0.00184762,2.85317,0.16299,-1.79144,4.57473
-0.192602,372.342,0.00184794,2.90575,0.133911,-1.83197,4.67821
-0.192602,372.342,0.00184825,2.94686,0.104304,-1.86526,4.76324
-0.192602,372.342,0.00184857,2.97634,0.0742849,-1.8912,4.82946
-0.192602,372.342,0.00184889,2.99408,0.0439727,-1.90967,4.87663
-0.192602,372.342,0.00184921,3,0.013487,-1.9206,4.90455
-0.192602,372.342,0.00184952,2.99408,-0.0170519,-1.92395,4.91311
-0.192602,372.342,0.00184984,2.97634,-0.0475235,-1.91971,4.90228
-0.192602,372.342,0.00185016,2.94686,-0.0778076,-1.9079,4.87211
-0.192602,372.342,0.00185048,2.90575,-0.107785,-1.88855,4.82271
-0.192602,372.342,0.00185079,2.85317,-0.137336,-1.86175,4.75427
-0.192602,372.342,0.00185111,2.78933,-0.166346,-1.82761,4.66707
-0.192602,372.342,0.00185143,2.71448,-0.194699,-1.78625,4.56146
-0.192602,372.342,0.00185175,2.62892,-0.222284,-1.73784,4.43784
-0.192602,372.342,0.00185206,2.53298,-0.248991,-1.68257,4.29671
-0.192602,372.342,0.00185238,2.42705,-0.274716,-1.62066,4.13862
-0.192602,372.342,0.0018527,2.31154,-0.299357,-1.55236,3.96419
-0.192602,372.342,0.00185302,2.18691,-0.322816,-1.47793,3.77413
-0.192602,372.342,0.00185333,2.05364,-0.345001,-1.39767,3.56916
-0.192602,372.342,0.00185365,1.91227,-0.365825,-1.31189,3.35012
-0.192602,372.342,0.00185397,1.76336,-0.385205,-1.22094,3.11785
-0.192602,372.342,0.00185429,1.60748,-0.403065,-1.12516,2.87327
-0.192602,372.342,0.0018546,1.44526,-0.419333,-1.02495,2.61736
-0.192602,372.342,0.00185492,1.27734,-0.433948,-0.920686,2.35111
-0.192602,372.342,0.00185524,1.10437,-0.446849,-0.812793,2.07559
-0.192602,372.342,0.00185556,0.927051,-0.457987,-0.701692,1.79188
-0.192602,372.342,0.00185587,0.74607,-0.467317,-0.587822,1.50109
-0.192602,372.342,0.00185619,0.562144,-0.474804,-0.471631,1.20438
-0.192602,372.342,0.00185651,0.376,-0.480416,-0.35358,0.902921
-0.192602,372.342,0.00185683,0.188372,-0.484132,-0.234133,0.597895
-0.192602,372.342,0.00185714,2.02856e-013,-0.485938,-0.113762,0.290509
-0.192602,372.342,0.00185746,-0.188372,-0.485826,0.00705781,-0.0180233
-0.192602,372.342,0.00185778,-0.376,-0.483797,0.12785,-0.326484
-0.192602,372.342,0.0018581,-0.562144,-0.479858,0.248137,-0.633657
-0.192602,372.342,0.00185841,-0.74607,-0.474026,0.367446,-0.938329
-0.192602,372.342,0.00185873,-0.927051,-0.466322,0.485304,-1.2393
-0.192602,372.342,0.00185905,-1.10437,-0.456779,0.601246,-1.53538
-0.192602,372.342,0.00185937,-1.27734,-0.445433,0.714816,-1.82539
-0.192602,372.342,0.00185968,-1.44526,-0.432328,0.825565,-2.10821
-0.192602,372.342,0.00186,-1.60748,-0.417518,0.933056,-2.3827
-0.192602,372.342,0.00186032,-1.76336,-0.40106,1.03686,-2.64779
-0.192602,372.342,0.00186063,-1.91227,-0.383019,1.13658,-2.90243
-0.192602,372.342,0.00186095,-2.05364,-0.363466,1.23181,-3.14562
-0.192602,372.342,0.00186127,-2.18691,-0.342479,1.32218,-3.37639
-0.192602,372.342,0.00186159,-2.31154,-0.320141,1.40733,-3.59384
-0.192602,372.342,0.0018619,-2.42705,-0.296539,1.48693,-3.7971
-0.192602,372.342,0.00186222,-2.53298,-0.271766,1.56066,-3.98538
-0.192602,372.342,0.00186254,-2.62892,-0.245921,1.62823,-4.15793
-0.192602,372.342,0.00186286,-2.71448,-0.219106,1.68937,-4.31407
-0.192602,372.342,0.00186317,-2.78933,-0.191426,1.74385,-4.45319
-0.192602,372.342,0.00186349,-2.85317,-0.16299,1.79144,-4.57473
-0.192602,372.342,0.00186381,-2.90575,-0.133911,1.83197,-4.67821
-0.192602,372.342,0.00186413,-2.94686,-0.104304,1.86526,-4.76324
-0.192602,372.342,0.00186444,-2.97634,-0.0742849,1.8912,-4.82946
-0.192602,372.342,0.00186476,-2.99408,-0.0439728,1.90967,-4.87663
-0.192602,372.342,0.00186508,-3,-0.0134871,1.9206,-4.90455
-0.192602,372.342,0.0018654,-2.99408,0.0170519,1.92395,-4.91311
-0.192602,372.342,0.00186571,-2.97634,0.0475235,1.91971,-4.90228
-0.192602,372.342,0.00186603,-2.94686,0.0778076,1.9079,-4.87211
-0.192602,372.342,0.00186635,-2.90575,0.107785,1.88855,-4.82271
-0.192602,372.342,0.00186667,-2.85317,0.137336,1.86175,-4.75427
-0.192602,372.342,0.00186698,-2.78933,0.166346,1.82761,-4.66707
-0.192602,372.342,0.0018673,-2.71448,0.194699,1.78625,-4.56146
-0.192602,372.342,0.00186762,-2.62892,0.222284,1.73784,-4.43784
-0.192602,372.342,0.00186794,-2.53298,0.248991,1.68257,-4.29671
-0.192602,372.342,0.00186825,-2.42705,0.274716,1.62067,-4.13862
-0.192602,372.342,0.00186857,-2.31154,0.299357,1.55236,-3.96419
-0.192602,372.342,0.00186889,-2.18691,0.322816,1.47793,-3.77413
-0.192602,372.342,0.00186921,-2.05364,0.345001,1.39767,-3.56916
-0.192602,372.342,0.00186952,-1.91227,0.365825,1.31189,-3.35012
-0.192602,372.342,0.00186984,-1.76336,0.385205,1.22094,-3.11785
-0.192602,372.342,0.00187016,-1.60748,0.403065,1.12516,-2.87327
-0.192602,372.342,0.00187048,-1.44526,0.419334,1.02495,-2.61736
-0.192602,372.342,0.00187079,-1.27734,0.433948,0.920686,-2.35111
-0.192602,372.342,0.00187111,-1.10437,0.446849,0.812793,-2.07559
-0.192602,372.342,0.00187143,-0.927051,0.457987,0.701692,-1.79188
-0.192602,372.342,0.00187175,-0.74607,0.467318,0.587822,-1.50109
-0.192602,372.342,0.00187206,-0.562144,0.474804,0.471631,-1.20438
-0.192602,372.342,0.00187238,-0.376,0.480416,0.35358,-0.902921
-0.192602,372.342,0.0018727,-0.188372,0.484133,0.234133,-0.597895
-0.192602,372.342,0.00187302,-6.46673e-014,0.485938,0.113762,-0.290509
-0.192602,372.342,0.00187333,0.188372,0.485826,-0.00705784,0.0180234
-0.192602,372.342,0.00187365,0.376,0.483797,-0.12785,0.326484
-0.192602,372.342,0.00187397,0.562144,0.479858,-0.248137,0.633657
-0.192602,372.342,0.00187429,0.74607,0.474026,-0.367446,0.938329
-0.192602,372.342,0.0018746,0.927051,0.466322,-0.485304,1.2393
-0.192602,372.342,0.00187492,1.10437,0.456779,-0.601246,1.53538
-0.192602,372.342,0.00187524,1.27734,0.445433,-0.714816,1.82539
-0.192602,372.342,0.00187556,1.44526,0.432328,-0.825565,2.10821
-0.192602,372.342,0.00187587,1.60748,0.417518,-0.933056,2.3827
-0.192602,372.342,0.00187619,1.76336,0.40106,-1.03686,2.64779
-0.192602,372.342,0.00187651,1.91227,0.383019,-1.13658,2.90243
-0.192602,372.342,0.00187683,2.05364,0.363466,-1.23181,3.14562
-0.192602,372.342,0.00187714,2.18691,0.342479,-1.32218,3.37639
-0.192602,372.342,0.00187746,2.31154,0.320141,-1.40733,3.59384
-0.192602,372.342,0.00187778,2.42705,0.296539,-1.48693,3.7971
-0.192602,372.342,0.0018781,2.53298,0.271766,-1.56066,3.98538
-0.192602,372.342,0.00187841,2.62892,0.245921,-1.62823,4.15793
-0.192602,372.342,0.00187873,2.71448,0.219106,-1.68937,4.31407
-0.192602,372.342,0.00187905,2.78933,0.191426,-1.74385,4.45319
-0.192602,372.342,0.00187937,2.85317,0.16299,-1.79144,4.57473
-0.192602,372.342,0.00187968,2.90575,0.133911,-1.83197,4.67821
-0.192602,372.342,0.00188,2.94686,0.104304,-1.86526,4.76324
-0.192602,372.342,0.00188032,2.97634,0.0742849,-1.8912,4.82946
-0.192602,372.342,0.00188063,2.99408,0.0439727,-1.90967,4.87663
-0.192602,372.342,0.00188095,3,0.013487,-1.9206,4.90455
-0.192602,372.342,0.00188127,2.99408,-0.0170519,-1.92395,4.91311
-0.192602,372.342,0.00188159,2.97634,-0.0475235,-1.91971,4.90228
-0.192602,372.342,0.0018819,2.94686,-0.0778076,-1.9079,4.87211
-0.192602,372.342,0.00188222,2.90575,-0.107785,-1.88855,4.82271
-0.192602,372.342,0.00188254,2.85317,-0.137336,-1.86175,4.75427
-0.192602,372.342,0.00188286,2.78933,-0.166346,-1.82761,4.66707
-0.192602,372.342,0.00188317,2.71448,-0.194699,-1.78625,4.56146
-0.192602,372.342,0.00188349,2.62892,-0.222284,-1.73784,4.43784
-0.192602,372.342,0.00188381,2.53298,-0.248991,-1.68257,4.29671
-0.192602,372.342,0.00188413,2.42705,-0.274716,-1.62067,4.13862
-0.192602,372.342,0.00188444,2.31154,-0.299357,-1.55236,3.96419
-0.192602,372.342,0.00188476,2.18691,-0.322816,-1.47793,3.77413
-0.192602,372.342,0.00188508,2.05364,-0.345001,-1.39767,3.56916
-0.192602,372.342,0.0018854,1.91227,-0.365825,-1.31189,3.35012
-0.192602,372.342,0.00188571,1.76336,-0.385205,-1.22094,3.11785
-0.192602,372.342,0.00188603,1.60748,-0.403065,-1.12516,2.87327
-0.192602,372.342,0.00188635,1.44526,-0.419334,-1.02495,2.61736
-0.192602,372.342,0.00188667,1.27734,-0.433948,-0.920686,2.35111
-0.192602,372.342,0.00188698,1.10437,-0.446849,-0.812793,2.07559
-0.192602,372.342,0.0018873,0.927051,-0.457987,-0.701692,1.79188
-0.192602,372.342,0.00188762,0.74607,-0.467318,-0.587821,1.50109
-0.192602,372.342,0.00188794,0.562144,-0.474804,-0.471631,1.20438
-0.192602,372.342,0.00188825,0.376,-0.480416,-0.35358,0.902921
-0.192602,372.342,0.00188857,0.188372,-0.484133,-0.234133,0.597894
-0.192602,372.342,0.00188889,9.70092e-014,-0.485938,-0.113762,0.290509
-0.192602,372.342,0.00188921,-0.188372,-0.485826,0.00705799,-0.0180235
-0.192602,372.342,0.00188952,-0.376,-0.483797,0.12785,-0.326485
-0.192602,372.342,0.00188984,-0.562144,-0.479858,0.248138,-0.633657
-0.192602,372.342,0.00189016,-0.74607,-0.474026,0.367446,-0.938329
-0.192602,372.342,0.00189048,-0.927051,-0.466322,0.485304,-1.2393
-0.192602,372.342,0.00189079,-1.10437,-0.456779,0.601247,-1.53538
-0.192602,372.342,0.00189111,-1.27734,-0.445433,0.714817,-1.82539
-0.192602,372.342,0.00189143,-1.44526,-0.432328,0.825565,-2.10821
-0.192602,372.342,0.00189175,-1.60748,-0.417518,0.933056,-2.3827
-0.192602,372.342,0.00189206,-1.76336,-0.40106,1.03686,-2.64779
-0.192602,372.342,0.00189238,-1.91227,-0.383019,1.13658,-2.90243
-0.192602,372.342,0.0018927,-2.05364,-0.363466,1.23181,-3.14562
-0.192602,372.342,0.00189302,-2.18691,-0.342479,1.32218,-3.37639
-0.192602,372.342,0.00189333,-2.31154,-0.320141,1.40733,-3.59384
-0.192602,372.342,0.00189365,-2.42705,-0.296539,1.48693,-3.7971
-0.192602,372.342,0.00189397,-2.53298,-0.271766,1.56066,-3.98538
-0.192602,372.342,0.00189429,-2.62892,-0.245921,1.62823,-4.15793
-0.192602,372.342,0.0018946,-2.71448,-0.219106,1.68937,-4.31407
-0.192602,372.342,0.00189492,-2.78933,-0.191426,1.74385,-4.45319
-0.192602,372.342,0.00189524,-2.85317,-0.16299,1.79144,-4.57473
-0.192602,372.342,0.00189556,-2.90575,-0.133911,1.83197,-4.67821
-0.192602,372.342,0.00189587,-2.94686,-0.104304,1.86526,-4.76324
-0.192602,372.342,0.00189619,-2.97634,-0.0742849,1.8912,-4.82946
-0.192602,372.342,0.00189651,-2.99408,-0.0439727,1.90967,-4.87663
-0.192602,372.342,0.00189683,-3,-0.013487,1.9206,-4.90455
-0.192602,372.342,0.00189714,-2.99408,0.0170519,1.92395,-4.91311
-0.192602,372.342,0.00189746,-2.97634,0.0475235,1.91971,-4.90228
-0.192602,372.342,0.00189778,-2.94686,0.0778076,1.9079,-4.87211
-0.192602,372.342,0.0018981,-2.90575,0.107785,1.88855,-4.82271
-0.192602,372.342,0.00189841,-2.85317,0.137336,1.86175,-4.75427
-0.192602,372.342,0.00189873,-2.78933,0.166346,1.82761,-4.66707
-0.192602,372.342,0.00189905,-2.71448,0.194699,1.78625,-4.56146
-0.192602,372.342,0.00189937,-2.62892,0.222284,1.73784,-4.43784
-0.192602,372.342,0.00189968,-2.53298,0.248991,1.68257,-4.29671
-0.192602,372.342,0.0019,-2.42705,0.274716,1.62066,-4.13862
-0.192602,372.342,0.00190032,-2.31154,0.299357,1.55236,-3.96419
-0.192602,372.342,0.00190063,-2.18691,0.322816,1.47793,-3.77413
-0.192602,372.342,0.00190095,-2.05364,0.345001,1.39767,-3.56916
-0.192602,372.342,0.00190127,-1.91227,0.365825,1.31189,-3.35012
-0.192602,372.342,0.00190159,-1.76336,0.385205,1.22094,-3.11785
-0.192602,372.342,0.0019019,-1.60748,0.403065,1.12516,-2.87327
-0.192602,372.342,0.00190222,-1.44526,0.419333,1.02495,-2.61736
-0.192602,372.342,0.00190254,-1.27734,0.433948,0.920686,-2.35111
-0.192602,372.342,0.00190286,-1.10437,0.446849,0.812793,-2.07559
-0.192602,372.342,0.00190317,-0.927051,0.457987,0.701692,-1.79188
-0.192602,372.342,0.00190349,-0.74607,0.467318,0.587822,-1.50109
-0.192602,372.342,0.00190381,-0.562144,0.474804,0.471631,-1.20438
-0.192602,372.342,0.00190413,-0.376,0.480416,0.35358,-0.902921
-0.192602,372.342,0.00190444,-0.188372,0.484132,0.234133,-0.597894
-0.192602,372.342,0.00190476,-1.29351e-013,0.485938,0.113762,-0.290509
