Amp, Phaseshift, Time, Vd, Vr, VL, VC
-0.195381,372.342,0,0,0,0,0
-0.195381,372.342,3.07692e-007,0.188372,0.00289802,0.188372,0
-0.195381,372.342,6.15385e-007,0.376,0.00863805,0.373102,0.0017834
-0.195381,372.342,9.23077e-007,0.562144,0.0171261,0.551722,0.00709912
-0.195381,372.342,1.23077e-006,0.74607,0.0282314,0.721844,0.0176383
-0.195381,372.342,1.53846e-006,0.927051,0.041788,0.881181,0.0350114
-0.195381,372.342,1.84615e-006,1.10437,0.0575969,1.02757,0.0607271
-0.195381,372.342,2.15385e-006,1.27734,0.0754278,1.15901,0.0961713
-0.195381,372.342,2.46154e-006,1.44526,0.0950226,1.27366,0.142588
-0.195381,372.342,2.76923e-006,1.60748,0.116098,1.36987,0.201064
-0.195381,372.342,3.07692e-006,1.76336,0.138347,1.44619,0.272509
-0.195381,372.342,3.38462e-006,1.91227,0.161445,1.50142,0.357645
-0.195381,372.342,3.69231e-006,2.05364,0.185054,1.53455,0.456996
-0.195381,372.342,4e-006,2.18691,0.208821,1.54486,0.570875
-0.195381,372.342,4.30769e-006,2.31154,0.232388,1.53184,0.699381
-0.195381,372.342,4.61538e-006,2.42705,0.255392,1.49528,0.842388
-0.195381,372.342,4.92308e-006,2.53298,0.277472,1.4352,0.999553
-0.195381,372.342,5.23077e-006,2.62892,0.298271,1.3519,1.1703
-0.195381,372.342,5.53846e-006,2.71448,0.317438,1.24591,1.35386
-0.195381,372.342,5.84615e-006,2.78933,0.334639,1.11804,1.5492
-0.195381,372.342,6.15385e-006,2.85317,0.349552,0.969328,1.75513
-0.195381,372.342,6.46154e-006,2.90575,0.361876,0.801064,1.97024
-0.195381,372.342,6.76923e-006,2.94686,0.371333,0.614743,2.19294
-0.195381,372.342,7.07692e-006,2.97634,0.377673,0.412075,2.42145
-0.195381,372.342,7.38462e-006,2.99408,0.380672,0.194959,2.65386
-0.195381,372.342,7.69231e-006,3,0.380141,-0.0345345,2.88812
-0.195381,372.342,8e-006,2.99408,0.375923,-0.274183,3.12205
-0.195381,372.342,8.30769e-006,2.97634,0.367898,-0.521634,3.35339
-0.195381,372.342,8.61538e-006,2.94686,0.355983,-0.774428,3.57979
-0.195381,372.342,8.92308e-006,2.90575,0.340137,-1.03002,3.79886
-0.195381,372.342,9.23077e-006,2.85317,0.320355,-1.28582,4.00817
-0.195381,372.342,9.53846e-006,2.78933,0.296675,-1.5392,4.20531
-0.195381,372.342,9.84615e-006,2.71448,0.269175,-1.78751,4.38788
-0.195381,372.342,1.01538e-005,2.62892,0.237973,-2.02814,4.55353
-0.195381,372.342,1.04615e-005,2.53298,0.203226,-2.25852,4.69997
-0.195381,372.342,1.07692e-005,2.42705,0.165132,-2.47615,4.82504
-0.195381,372.342,1.10769e-005,2.31154,0.123922,-2.67863,4.92666
-0.195381,372.342,1.13846e-005,2.18691,0.0798655,-2.86367,5.00292
-0.195381,372.342,1.16923e-005,2.05364,0.0332634,-3.02914,5.05206
-0.195381,372.342,1.2e-005,1.91227,-0.0155529,-3.17305,5.07253
-0.195381,372.342,1.23077e-005,1.76336,-0.066224,-3.29362,5.06296
-0.195381,372.342,1.26154e-005,1.60748,-0.118366,-3.38926,5.02221
-0.195381,372.342,1.29231e-005,1.44526,-0.171575,-3.45858,4.94937
-0.195381,372.342,1.32308e-005,1.27734,-0.225429,-3.50045,4.84378
-0.195381,372.342,1.35385e-005,1.10437,-0.27949,-3.51398,4.70506
-0.195381,372.342,1.38462e-005,0.927051,-0.333313,-3.49852,4.53306
-0.195381,372.342,1.41538e-005,0.74607,-0.386447,-3.45368,4.32795
-0.195381,372.342,1.44615e-005,0.562144,-0.438437,-3.37936,4.09013
-0.195381,372.342,1.47692e-005,0.376,-0.488832,-3.2757,3.82033
-0.195381,372.342,1.50769e-005,0.188372,-0.537188,-3.14312,3.51951
-0.195381,372.342,1.53846e-005,3.67382e-016,-0.58307,-2.98232,3.18893
-0.195381,372.342,1.56923e-005,-0.188372,-0.626058,-2.79423,2.83012
-0.195381,372.342,1.6e-005,-0.376,-0.665751,-2.58006,2.44485
-0.195381,372.342,1.63077e-005,-0.562144,-0.70177,-2.34125,2.03516
-0.195381,372.342,1.66154e-005,-0.74607,-0.733762,-2.07946,1.6033
-0.195381,372.342,1.69231e-005,-0.927051,-0.761402,-1.79659,1.15175
-0.195381,372.342,1.72308e-005,-1.10437,-0.784398,-1.49473,0.6832
-0.195381,372.342,1.75385e-005,-1.27734,-0.802492,-1.17614,0.200494
-0.195381,372.342,1.78462e-005,-1.44526,-0.815465,-0.843263,-0.293348
-0.195381,372.342,1.81538e-005,-1.60748,-0.823137,-0.498667,-0.795173
-0.195381,372.342,1.84615e-005,-1.76336,-0.825369,-0.145046,-1.30172
-0.195381,372.342,1.87692e-005,-1.91227,-0.822064,0.214815,-1.80964
-0.195381,372.342,1.90769e-005,-2.05364,-0.813171,0.57806,-2.31552
-0.195381,372.342,1.93846e-005,-2.18691,-0.798681,0.941788,-2.81594
-0.195381,372.342,1.96923e-005,-2.31154,-0.778634,1.30308,-3.30743
-0.195381,372.342,2e-005,-2.42705,-0.753111,1.65902,-3.78659
-0.195381,372.342,2.03077e-005,-2.53298,-0.722238,2.00672,-4.25004
-0.195381,372.342,2.06154e-005,-2.62892,-0.686187,2.34336,-4.6945
-0.195381,372.342,2.09231e-005,-2.71448,-0.645168,2.6662,-5.11677
-0.195381,372.342,2.12308e-005,-2.78933,-0.599436,2.97261,-5.51379
-0.195381,372.342,2.15385e-005,-2.85317,-0.549281,3.26006,-5.88268
-0.195381,372.342,2.18462e-005,-2.90575,-0.495031,3.52621,-6.2207
-0.195381,372.342,2.21538e-005,-2.94686,-0.437049,3.76887,-6.52533
-0.195381,372.342,2.24615e-005,-2.97634,-0.375725,3.98604,-6.79428
-0.195381,372.342,2.27692e-005,-2.99408,-0.31148,4.17593,-7.0255
-0.195381,372.342,2.30769e-005,-3,-0.244757,4.33698,-7.21718
-0.195381,372.342,2.33846e-005,-2.99408,-0.176021,4.46786,-7.3678
-0.195381,372.342,2.36923e-005,-2.97634,-0.105752,4.56748,-7.47612
-0.195381,372.342,2.4e-005,-2.94686,-0.0344445,4.63501,-7.5412
-0.195381,372.342,2.43077e-005,-2.90575,0.0374001,4.66989,-7.5624
-0.195381,372.342,2.46154e-005,-2.85317,0.109274,4.67183,-7.53938
-0.195381,372.342,2.49231e-005,-2.78933,0.180671,4.64078,-7.47213
-0.195381,372.342,2.52308e-005,-2.71448,0.251086,4.57698,-7.36095
-0.195381,372.342,2.55385e-005,-2.62892,0.320024,4.48095,-7.20644
-0.195381,372.342,2.58462e-005,-2.53298,0.386999,4.35343,-7.0095
-0.195381,372.342,2.61538e-005,-2.42705,0.451545,4.19545,-6.77135
-0.195381,372.342,2.64615e-005,-2.31154,0.51321,4.00826,-6.49347
-0.195381,372.342,2.67692e-005,-2.18691,0.57157,3.79336,-6.17765
-0.195381,372.342,2.70769e-005,-2.05364,0.626223,3.55244,-5.82592
-0.195381,372.342,2.73846e-005,-1.91227,0.676798,3.28742,-5.44055
-0.195381,372.342,2.76923e-005,-1.76336,0.722958,3.00039,-5.02406
-0.195381,372.342,2.8e-005,-1.60748,0.764399,2.69362,-4.57916
-0.195381,372.342,2.83077e-005,-1.44526,0.800852,2.3695,-4.10876
-0.195381,372.342,2.86154e-005,-1.27734,0.832092,2.03057,-3.61593
-0.195381,372.342,2.89231e-005,-1.10437,0.85793,1.67946,-3.10387
-0.195381,372.342,2.92308e-005,-0.927051,0.87822,1.31889,-2.57591
-0.195381,372.342,2.95385e-005,-0.74607,0.892861,0.951625,-2.03547
-0.195381,372.342,2.98462e-005,-0.562144,0.901791,0.580467,-1.48602
-0.195381,372.342,3.01538e-005,-0.376,0.904995,0.208228,-0.93107
-0.195381,372.342,3.04615e-005,-0.188372,0.902498,-0.162296,-0.37415
-0.195381,372.342,3.07692e-005,-7.34764e-016,0.894369,-0.528347,0.181233
-0.195381,372.342,3.10769e-005,0.188372,0.88072,-0.887231,0.731614
-0.195381,372.342,3.13846e-005,0.376,0.861699,-1.23633,1.2736
-0.195381,372.342,3.16923e-005,0.562144,0.837497,-1.57315,1.80387
-0.195381,372.342,3.2e-005,0.74607,0.808338,-1.8953,2.31925
-0.195381,372.342,3.23077e-005,0.927051,0.774484,-2.20054,2.81669
-0.195381,372.342,3.26154e-005,1.10437,0.736225,-2.4868,3.2933
-0.195381,372.342,3.29231e-005,1.27734,0.693884,-2.75219,3.74636
-0.195381,372.342,3.32308e-005,1.44526,0.647807,-2.99498,4.17337
-0.195381,372.342,3.35385e-005,1.60748,0.598366,-3.21369,4.57202
-0.195381,372.342,3.38462e-005,1.76336,0.54595,-3.40703,4.94024
-0.195381,372.342,3.41538e-005,1.91227,0.490967,-3.57392,5.27621
-0.195381,372.342,3.44615e-005,2.05364,0.433835,-3.71354,5.57834
-0.195381,372.342,3.47692e-005,2.18691,0.374985,-3.82527,5.84532
-0.195381,372.342,3.50769e-005,2.31154,0.31485,-3.90877,6.07608
-0.195381,372.342,3.53846e-005,2.42705,0.253867,-3.96388,6.26983
-0.195381,372.342,3.56923e-005,2.53298,0.192472,-3.99072,6.42606
-0.195381,372.342,3.6e-005,2.62892,0.131093,-3.98961,6.5445
-0.195381,372.342,3.63077e-005,2.71448,0.0701529,-3.96112,6.62518
-0.195381,372.342,3.66154e-005,2.78933,0.0100606,-3.906,6.66835
-0.195381,372.342,3.69231e-005,2.85317,-0.0487893,-3.82524,6.67454
-0.195381,372.342,3.72308e-005,2.90575,-0.10602,-3.72,6.64451
-0.195381,372.342,3.75385e-005,2.94686,-0.161276,-3.59163,6.57927
-0.195381,372.342,3.78462e-005,2.97634,-0.214224,-3.44165,6.48003
-0.195381,372.342,3.81538e-005,2.99408,-0.264559,-3.27172,6.34819
-0.195381,372.342,3.84615e-005,3,-0.311999,-3.08364,6.18539
-0.195381,372.342,3.87692e-005,2.99408,-0.356296,-2.87931,5.99339
-0.195381,372.342,3.90769e-005,2.97634,-0.397231,-2.66075,5.77413
-0.195381,372.342,3.93846e-005,2.94686,-0.434616,-2.43004,5.52968
-0.195381,372.342,3.96923e-005,2.90575,-0.468298,-2.18932,5.26222
-0.195381,372.342,4e-005,2.85317,-0.498156,-1.94076,4.97404
-0.195381,372.342,4.03077e-005,2.78933,-0.524103,-1.68656,4.66748
-0.195381,372.342,4.06154e-005,2.71448,-0.546086,-1.4289,4.34496
-0.195381,372.342,4.09231e-005,2.62892,-0.564085,-1.16995,4.00891
-0.195381,372.342,4.12308e-005,2.53298,-0.578113,-0.911838,3.66178
-0.195381,372.342,4.15385e-005,2.42705,-0.588215,-0.656613,3.30602
-0.195381,372.342,4.18462e-005,2.31154,-0.594465,-0.406261,2.94404
-0.195381,372.342,4.21538e-005,2.18691,-0.596968,-0.162666,2.57821
-0.195381,372.342,4.24615e-005,2.05364,-0.595854,0.0723967,2.21085
-0.195381,372.342,4.27692e-005,1.91227,-0.59128,0.297278,1.84417
-0.195381,372.342,4.30769e-005,1.76336,-0.583427,0.510468,1.4803
-0.195381,372.342,4.33846e-005,1.60748,-0.572495,0.710604,1.12127
-0.195381,372.342,4.36923e-005,1.44526,-0.558703,0.896484,0.768967
-0.195381,372.342,4.4e-005,1.27734,-0.542286,1.06707,0.42515
-0.195381,372.342,4.43077e-005,1.10437,-0.523494,1.22151,0.0914352
-0.195381,372.342,4.46154e-005,0.927051,-0.502584,1.35911,-0.230715
-0.195381,372.342,4.49231e-005,0.74607,-0.479825,1.47937,-0.539997
-0.195381,372.342,4.52308e-005,0.562144,-0.455487,1.58197,-0.835274
-0.195381,372.342,4.55385e-005,0.376,-0.429844,1.66676,-1.11557
-0.195381,372.342,4.58462e-005,0.188372,-0.403171,1.73379,-1.38009
-0.195381,372.342,4.61538e-005,1.10215e-015,-0.375736,1.78326,-1.6282
-0.195381,372.342,4.64615e-005,-0.188372,-0.347804,1.81556,-1.85942
-0.195381,372.342,4.67692e-005,-0.376,-0.319631,1.83122,-2.07345
-0.195381,372.342,4.70769e-005,-0.562144,-0.291463,1.83094,-2.27015
-0.195381,372.342,4.73846e-005,-0.74607,-0.263532,1.81554,-2.44951
-0.195381,372.342,4.76923e-005,-0.927051,-0.236055,1.78599,-2.61169
-0.195381,372.342,4.8e-005,-1.10437,-0.209234,1.74337,-2.75695
-0.195381,372.342,4.83077e-005,-1.27734,-0.183252,1.68885,-2.88571
-0.195381,372.342,4.86154e-005,-1.44526,-0.158272,1.6237,-2.99848
-0.195381,372.342,4.89231e-005,-1.60748,-0.134437,1.54927,-3.09588
-0.195381,372.342,4.92308e-005,-1.76336,-0.111868,1.46696,-3.17861
-0.195381,372.342,4.95385e-005,-1.91227,-0.0906649,1.3782,-3.24745
-0.195381,372.342,4.98462e-005,-2.05364,-0.0709038,1.28447,-3.30324
-0.195381,372.342,5.01538e-005,-2.18691,-0.0526386,1.18724,-3.34688
-0.195381,372.342,5.04615e-005,-2.31154,-0.0359005,1.08798,-3.37927
-0.195381,372.342,5.07692e-005,-2.42705,-0.0206987,0.988119,-3.40136
-0.195381,372.342,5.10769e-005,-2.53298,-0.00702056,0.889077,-3.4141
-0.195381,372.342,5.13846e-005,-2.62892,0.00516713,0.7922,-3.41842
-0.195381,372.342,5.16923e-005,-2.71448,0.0159175,0.698772,-3.41524
-0.195381,372.342,5.2e-005,-2.78933,0.025302,0.609993,-3.40544
-0.195381,372.342,5.23077e-005,-2.85317,0.0334093,0.526973,-3.38987
-0.195381,372.342,5.26154e-005,-2.90575,0.0403433,0.450716,-3.36931
-0.195381,372.342,5.29231e-005,-2.94686,0.0462219,0.38211,-3.34449
-0.195381,372.342,5.32308e-005,-2.97634,0.0511746,0.321922,-3.31604
-0.195381,372.342,5.35385e-005,-2.99408,0.0553406,0.270789,-3.28455
-0.195381,372.342,5.38462e-005,-3,0.0588669,0.229211,-3.2505
-0.195381,372.342,5.41538e-005,-2.99408,0.0619061,0.197549,-3.21427
-0.195381,372.342,5.44615e-005,-2.97634,0.0646141,0.17602,-3.17617
-0.195381,372.342,5.47692e-005,-2.94686,0.0671479,0.164698,-3.13641
-0.195381,372.342,5.50769e-005,-2.90575,0.0696635,0.163514,-3.09509
-0.195381,372.342,5.53846e-005,-2.85317,0.0723136,0.172257,-3.05222
-0.195381,372.342,5.56923e-005,-2.78933,0.0752456,0.190577,-3.00772
-0.195381,372.342,5.6e-005,-2.71448,0.0785993,0.217992,-2.96141
-0.195381,372.342,5.63077e-005,-2.62892,0.0825054,0.253895,-2.91305
-0.195381,372.342,5.66154e-005,-2.53298,0.0870832,0.297556,-2.86227
-0.195381,372.342,5.69231e-005,-2.42705,0.0924392,0.348139,-2.80868
-0.195381,372.342,5.72308e-005,-2.31154,0.0986654,0.404704,-2.7518
-0.195381,372.342,5.75385e-005,-2.18691,0.105838,0.466226,-2.69108
-0.195381,372.342,5.78462e-005,-2.05364,0.114017,0.531601,-2.62595
-0.195381,372.342,5.81538e-005,-1.91227,0.123242,0.599661,-2.55579
-0.195381,372.342,5.84615e-005,-1.76336,0.133537,0.669187,-2.47994
-0.195381,372.342,5.87692e-005,-1.60748,0.144905,0.738926,-2.39777
-0.195381,372.342,5.90769e-005,-1.44526,0.15733,0.807601,-2.30859
-0.195381,372.342,5.93846e-005,-1.27734,0.170775,0.873927,-2.21178
-0.195381,372.342,5.96923e-005,-1.10437,0.185185,0.936627,-2.10668
-0.195381,372.342,6e-005,-0.927051,0.200484,0.994448,-1.99272
-0.195381,372.342,6.03077e-005,-0.74607,0.216579,1.04617,-1.86935
-0.195381,372.342,6.06154e-005,-0.562144,0.233358,1.09063,-1.73607
-0.195381,372.342,6.09231e-005,-0.376,0.250692,1.12671,-1.59247
-0.195381,372.342,6.12308e-005,-0.188372,0.268436,1.1534,-1.43819
-0.195381,372.342,6.15385e-005,-1.46953e-015,0.286433,1.16976,-1.273
-0.195381,372.342,6.18462e-005,0.188372,0.304509,1.17494,-1.09674
-0.195381,372.342,6.21538e-005,0.376,0.322481,1.16823,-0.909345
-0.195381,372.342,6.24615e-005,0.562144,0.340158,1.14901,-0.710895
-0.195381,372.342,6.27692e-005,0.74607,0.35734,1.11681,-0.501567
-0.195381,372.342,6.30769e-005,0.927051,0.373821,1.07128,-0.281666
-0.195381,372.342,6.33846e-005,1.10437,0.389394,1.01222,-0.0516217
-0.195381,372.342,6.36923e-005,1.27734,0.403849,0.939566,0.188005
-0.195381,372.342,6.4e-005,1.44526,0.416978,0.853407,0.436528
-0.195381,372.342,6.43077e-005,1.60748,0.428578,0.753975,0.693129
-0.195381,372.342,6.46154e-005,1.76336,0.438449,0.641649,0.95687
-0.195381,372.342,6.49231e-005,1.91227,0.446402,0.516953,1.22668
-0.195381,372.342,6.52308e-005,2.05364,0.452257,0.380555,1.50139
-0.195381,372.342,6.55385e-005,2.18691,0.455846,0.233255,1.77971
-0.195381,372.342,6.58462e-005,2.31154,0.457015,0.0759887,2.06023
-0.195381,372.342,6.61538e-005,2.42705,0.455627,-0.0901894,2.34147
-0.195381,372.342,6.64615e-005,2.53298,0.451564,-0.264109,2.62185
-0.195381,372.342,6.67692e-005,2.62892,0.444725,-0.444495,2.89974
-0.195381,372.342,6.70769e-005,2.71448,0.435033,-0.629981,3.17341
-0.195381,372.342,6.73846e-005,2.78933,0.422432,-0.819118,3.44113
-0.195381,372.342,6.76923e-005,2.85317,0.406887,-1.01039,3.70108
-0.195381,372.342,6.8e-005,2.90575,0.388391,-1.20222,3.95148
-0.195381,372.342,6.83077e-005,2.94686,0.366961,-1.39301,4.19049
-0.195381,372.342,6.86154e-005,2.97634,0.342636,-1.5811,4.41631
-0.195381,372.342,6.89231e-005,2.99408,0.315484,-1.76486,4.62716
-0.195381,372.342,6.92308e-005,3,0.285597,-1.94265,4.82131
-0.195381,372.342,6.95385e-005,2.99408,0.253092,-2.11282,4.99706
-0.195381,372.342,6.98462e-005,2.97634,0.218111,-2.27381,5.15281
-0.195381,372.342,7.01538e-005,2.94686,0.180817,-2.42406,5.28703
-0.195381,372.342,7.04615e-005,2.90575,0.141401,-2.5621,5.3983
-0.195381,372.342,7.07692e-005,2.85317,0.100069,-2.68653,5.48532
-0.195381,372.342,7.10769e-005,2.78933,0.0570531,-2.79606,5.5469
-0.195381,372.342,7.13846e-005,2.71448,0.0125997,-2.88947,5.58201
-0.195381,372.342,7.16923e-005,2.62892,-0.0330263,-2.96569,5.58976
-0.195381,372.342,7.2e-005,2.53298,-0.0795455,-3.02375,5.56944
-0.195381,372.342,7.23077e-005,2.42705,-0.126666,-3.06284,5.52049
-0.195381,372.342,7.26154e-005,2.31154,-0.174086,-3.08228,5.44254
-0.195381,372.342,7.29231e-005,2.18691,-0.221494,-3.08155,5.33541
-0.195381,372.342,7.32308e-005,2.05364,-0.268575,-3.06027,5.1991
-0.195381,372.342,7.35385e-005,1.91227,-0.31501,-3.01826,5.03383
-0.195381,372.342,7.38462e-005,1.76336,-0.360479,-2.95546,4.83997
-0.195381,372.342,7.41538e-005,1.60748,-0.404664,-2.87202,4.61814
-0.195381,372.342,7.44615e-005,1.44526,-0.447252,-2.76822,4.36912
-0.195381,372.342,7.47692e-005,1.27734,-0.487937,-2.64453,4.09389
-0.195381,372.342,7.50769e-005,1.10437,-0.526422,-2.50158,3.79362
-0.195381,372.342,7.53846e-005,0.927051,-0.562425,-2.34014,3.46967
-0.195381,372.342,7.56923e-005,0.74607,-0.595673,-2.16117,3.12356
-0.195381,372.342,7.6e-005,0.562144,-0.625916,-1.96574,2.75699
-0.195381,372.342,7.63077e-005,0.376,-0.652917,-1.75507,2.37181
-0.195381,372.342,7.66154e-005,0.188372,-0.676463,-1.53052,1.97002
-0.195381,372.342,7.69231e-005,1.83691e-015,-0.696364,-1.29355,1.55373
-0.195381,372.342,7.72308e-005,-0.188372,-0.712452,-1.04574,1.1252
-0.195381,372.342,7.75385e-005,-0.376,-0.724587,-0.788746,0.686767
-0.195381,372.342,7.78462e-005,-0.562144,-0.732653,-0.524324,0.240867
-0.195381,372.342,7.81538e-005,-0.74607,-0.736565,-0.254284,-0.209996
-0.195381,372.342,7.84615e-005,-0.927051,-0.736265,0.0195108,-0.663267
-0.195381,372.342,7.87692e-005,-1.10437,-0.731724,0.295159,-1.11635
-0.195381,372.342,7.90769e-005,-1.27734,-0.722944,0.57074,-1.56665
-0.195381,372.342,7.93846e-005,-1.44526,-0.709954,0.844328,-2.01153
-0.195381,372.342,7.96923e-005,-1.60748,-0.692816,1.11401,-2.44843
-0.195381,372.342,8e-005,-1.76336,-0.671617,1.37789,-2.87478
-0.195381,372.342,8.03077e-005,-1.91227,-0.646477,1.63412,-3.28808
-0.195381,372.342,8.06154e-005,-2.05364,-0.61754,1.88092,-3.68591
-0.195381,372.342,8.09231e-005,-2.18691,-0.584977,2.11655,-4.06594
-0.195381,372.342,8.12308e-005,-2.31154,-0.548987,2.33937,-4.42592
-0.195381,372.342,8.15385e-005,-2.42705,-0.509789,2.54786,-4.76376
-0.195381,372.342,8.18462e-005,-2.53298,-0.467627,2.74057,-5.07748
-0.195381,372.342,8.21538e-005,-2.62892,-0.422762,2.91618,-5.36525
-0.195381,372.342,8.24615e-005,-2.71448,-0.375477,3.07353,-5.62541
-0.195381,372.342,8.27692e-005,-2.78933,-0.326069,3.21156,-5.85647
-0.195381,372.342,8.30769e-005,-2.85317,-0.274848,3.32937,-6.05713
-0.195381,372.342,8.33846e-005,-2.90575,-0.222136,3.42623,-6.22627
-0.195381,372.342,8.36923e-005,-2.94686,-0.168267,3.50154,-6.36297
-0.195381,372.342,8.4e-005,-2.97634,-0.113576,3.55489,-6.46651
-0.195381,372.342,8.43077e-005,-2.99408,-0.0584066,3.58601,-6.53641
-0.195381,372.342,8.46154e-005,-3,-0.00310179,3.59481,-6.57235
-0.195381,372.342,8.49231e-005,-2.99408,0.0519962,3.58137,-6.57426
-0.195381,372.342,8.52308e-005,-2.97634,0.106549,3.54592,-6.54226
-0.195381,372.342,8.55385e-005,-2.94686,0.160223,3.48885,-6.47669
-0.195381,372.342,8.58462e-005,-2.90575,0.212696,3.41072,-6.37809
-0.195381,372.342,8.61538e-005,-2.85317,0.263653,3.31223,-6.2472
-0.195381,372.342,8.64615e-005,-2.78933,0.312795,3.19422,-6.08496
-0.195381,372.342,8.67692e-005,-2.71448,0.359836,3.05768,-5.89247
-0.195381,372.342,8.70769e-005,-2.62892,0.404509,2.90371,-5.67103
-0.195381,372.342,8.73846e-005,-2.53298,0.446563,2.73354,-5.4221
-0.195381,372.342,8.76923e-005,-2.42705,0.485771,2.54849,-5.14729
-0.195381,372.342,8.8e-005,-2.31154,0.521924,2.34998,-4.84836
-0.195381,372.342,8.83077e-005,-2.18691,0.55484,2.13953,-4.52717
-0.195381,372.342,8.86154e-005,-2.05364,0.584358,1.91869,-4.18573
-0.195381,372.342,8.89231e-005,-1.91227,0.610345,1.6891,-3.82613
-0.195381,372.342,8.92308e-005,-1.76336,0.63269,1.45243,-3.45053
-0.195381,372.342,8.95385e-005,-1.60748,0.651311,1.21036,-3.06118
-0.195381,372.342,8.98462e-005,-1.44526,0.666151,0.96461,-2.66038
-0.195381,372.342,9.01538e-005,-1.27734,0.67718,0.716887,-2.25044
-0.195381,372.342,9.04615e-005,-1.10437,0.684393,0.468883,-1.83371
-0.195381,372.342,9.07692e-005,-0.927051,0.687813,0.222266,-1.41255
-0.195381,372.342,9.10769e-005,-0.74607,0.687485,-0.0213369,-0.989276
-0.195381,372.342,9.13846e-005,-0.562144,0.683479,-0.260352,-0.566209
-0.195381,372.342,9.16923e-005,-0.376,0.67589,-0.49327,-0.145606
-0.195381,372.342,9.2e-005,-0.188372,0.664834,-0.718656,0.270326
-0.195381,372.342,9.23077e-005,-2.20429e-015,0.650447,-0.93516,0.679455
-0.195381,372.342,9.26154e-005,0.188372,0.632885,-1.14153,1.07973
-0.195381,372.342,9.29231e-005,0.376,0.612322,-1.33662,1.4692
-0.195381,372.342,9.32308e-005,0.562144,0.588947,-1.51938,1.84601
-0.195381,372.342,9.35385e-005,0.74607,0.562964,-1.68889,2.20844
-0.195381,372.342,9.38462e-005,0.927051,0.534589,-1.84435,2.55488
-0.195381,372.342,9.41538e-005,1.10437,0.504049,-1.98509,2.88386
-0.195381,372.342,9.44615e-005,1.27734,0.471579,-2.11057,3.19404
-0.195381,372.342,9.47692e-005,1.44526,0.43742,-2.22036,3.48424
-0.195381,372.342,9.50769e-005,1.60748,0.401817,-2.31418,3.75342
-0.195381,372.342,9.53846e-005,1.76336,0.365019,-2.39189,4.0007
-0.195381,372.342,9.56923e-005,1.91227,0.327273,-2.45344,4.22532
-0.195381,372.342,9.6e-005,2.05364,0.288828,-2.49896,4.42672
-0.195381,372.342,9.63077e-005,2.18691,0.249926,-2.52864,4.60446
-0.195381,372.342,9.66154e-005,2.31154,0.210805,-2.54285,4.75826
-0.195381,372.342,9.69231e-005,2.42705,0.171697,-2.54202,4.88799
-0.195381,372.342,9.72308e-005,2.53298,0.132825,-2.5267,4.99365
-0.195381,372.342,9.75385e-005,2.62892,0.0944006,-2.49755,5.07539
-0.195381,372.342,9.78462e-005,2.71448,0.0566267,-2.45531,5.13348
-0.195381,372.342,9.81538e-005,2.78933,0.0196917,-2.40078,5.16833
-0.195381,372.342,9.84615e-005,2.85317,-0.0162291,-2.33485,5.18044
-0.195381,372.342,9.87692e-005,2.90575,-0.0509747,-2.25847,5.17046
-0.195381,372.342,9.90769e-005,2.94686,-0.0843996,-2.17262,5.13909
-0.195381,372.342,9.93846e-005,2.97634,-0.116374,-2.07834,5.08715
-0.195381,372.342,9.96923e-005,2.99408,-0.146785,-1.9767,5.01554
-0.195381,372.342,0.0001,3,-0.175535,-1.86875,4.92521
-0.195381,372.342,0.000100308,2.99408,-0.202544,-1.75559,4.81718
-0.195381,372.342,0.000100615,2.97634,-0.227749,-1.6383,4.69254
-0.195381,372.342,0.000100923,2.94686,-0.251101,-1.51793,4.55239
-0.195381,372.342,0.000101231,2.90575,-0.272571,-1.39554,4.39787
-0.195381,372.342,0.000101538,2.85317,-0.292142,-1.27212,4.23013
-0.195381,372.342,0.000101846,2.78933,-0.309814,-1.14866,4.05035
-0.195381,372.342,0.000102154,2.71448,-0.325599,-1.02605,3.85969
-0.195381,372.342,0.000102462,2.62892,-0.339525,-0.905175,3.65933
-0.195381,372.342,0.000102769,2.53298,-0.35163,-0.786817,3.45039
-0.195381,372.342,0.000103077,2.42705,-0.361964,-0.671706,3.234
-0.195381,372.342,0.000103385,2.31154,-0.370587,-0.560496,3.01125
-0.195381,372.342,0.000103692,2.18691,-0.377568,-0.453759,2.7832
-0.195381,372.342,0.000104,2.05364,-0.382983,-0.35199,2.55085
-0.195381,372.342,0.000104308,1.91227,-0.386915,-0.255594,2.31517
-0.195381,372.342,0.000104615,1.76336,-0.389452,-0.164896,2.07707
-0.195381,372.342,0.000104923,1.60748,-0.390685,-0.080133,1.8374
-0.195381,372.342,0.000105231,1.44526,-0.390707,-0.00145667,1.59698
-0.195381,372.342,0.000105538,1.27734,-0.389614,0.0710641,1.35655
-0.195381,372.342,0.000105846,1.10437,-0.3875,0.137442,1.11678
-0.195381,372.342,0.000106154,0.927051,-0.384457,0.197767,0.878322
-0.195381,372.342,0.000106462,0.74607,-0.380577,0.252205,0.641733
-0.195381,372.342,0.000106769,0.562144,-0.375946,0.300988,0.407532
-0.195381,372.342,0.000107077,0.376,-0.370648,0.344414,0.17618
-0.195381,372.342,0.000107385,0.188372,-0.364758,0.382839,-0.0519108
-0.195381,372.342,0.000107692,2.57167e-015,-0.358348,0.416669,-0.276377
-0.195381,372.342,0.000108,-0.188372,-0.351481,0.446353,-0.496899
-0.195381,372.342,0.000108308,-0.376,-0.344213,0.47238,-0.713195
-0.195381,372.342,0.000108615,-0.562144,-0.336594,0.495264,-0.925018
-0.195381,372.342,0.000108923,-0.74607,-0.328662,0.515542,-1.13215
-0.195381,372.342,0.000109231,-0.927051,-0.320451,0.533764,-1.33441
-0.195381,372.342,0.000109538,-1.10437,-0.311982,0.550484,-1.53161
-0.195381,372.342,0.000109846,-1.27734,-0.30327,0.566251,-1.7236
-0.195381,372.342,0.000110154,-1.44526,-0.294322,0.581605,-1.91022
-0.195381,372.342,0.000110462,-1.60748,-0.285137,0.597065,-2.09134
-0.195381,372.342,0.000110769,-1.76336,-0.275704,0.613126,-2.26681
-0.195381,372.342,0.000111077,-1.91227,-0.266008,0.630246,-2.43648
-0.195381,372.342,0.000111385,-2.05364,-0.256026,0.648844,-2.60017
-0.195381,372.342,0.000111692,-2.18691,-0.245729,0.669295,-2.75773
-0.195381,372.342,0.000112,-2.31154,-0.235084,0.691918,-2.90895
-0.195381,372.342,0.000112308,-2.42705,-0.224054,0.71698,-3.05361
-0.195381,372.342,0.000112615,-2.53298,-0.212597,0.744684,-3.19149
-0.195381,372.342,0.000112923,-2.62892,-0.200671,0.77517,-3.32232
-0.195381,372.342,0.000113231,-2.71448,-0.188233,0.808512,-3.44581
-0.195381,372.342,0.000113538,-2.78933,-0.175237,0.844715,-3.56165
-0.195381,372.342,0.000113846,-2.85317,-0.161641,0.883715,-3.66949
-0.195381,372.342,0.000114154,-2.90575,-0.147405,0.925377,-3.76896
-0.195381,372.342,0.000114462,-2.94686,-0.132489,0.9695,-3.85967
-0.195381,372.342,0.000114769,-2.97634,-0.116861,1.01581,-3.9412
-0.195381,372.342,0.000115077,-2.99408,-0.100493,1.06398,-4.01311
-0.195381,372.342,0.000115385,-3,-0.0833601,1.11361,-4.07496
-0.195381,372.342,0.000115692,-2.99408,-0.0654488,1.16424,-4.12625
-0.195381,372.342,0.000116,-2.97634,-0.046751,1.21536,-4.16653
-0.195381,372.342,0.000116308,-2.94686,-0.0272676,1.26642,-4.1953
-0.195381,372.342,0.000116615,-2.90575,-0.00700885,1.31682,-4.21208
-0.195381,372.342,0.000116923,-2.85317,0.0140053,1.36592,-4.21639
-0.195381,372.342,0.000117231,-2.78933,0.0357447,1.41306,-4.20777
-0.195381,372.342,0.000117538,-2.71448,0.0581685,1.45755,-4.18578
-0.195381,372.342,0.000117846,-2.62892,0.0812253,1.49869,-4.14998
-0.195381,372.342,0.000118154,-2.53298,0.104853,1.53577,-4.1
-0.195381,372.342,0.000118462,-2.42705,0.128977,1.56809,-4.03547
-0.195381,372.342,0.000118769,-2.31154,0.153515,1.59496,-3.9561
-0.195381,372.342,0.000119077,-2.18691,0.178371,1.61568,-3.86163
-0.195381,372.342,0.000119385,-2.05364,0.203443,1.62962,-3.75186
-0.195381,372.342,0.000119692,-1.91227,0.228614,1.63615,-3.62667
-0.195381,372.342,0.00012,-1.76336,0.253763,1.6347,-3.48598
-0.195381,372.342,0.000120308,-1.60748,0.278759,1.62474,-3.32982
-0.195381,372.342,0.000120615,-1.44526,0.303464,1.6058,-3.15828
-0.195381,372.342,0.000120923,-1.27734,0.327733,1.57748,-2.97153
-0.195381,372.342,0.000121231,-1.10437,0.351416,1.53942,-2.76985
-0.195381,372.342,0.000121538,-0.927051,0.374361,1.49138,-2.55359
-0.195381,372.342,0.000121846,-0.74607,0.396409,1.43316,-2.32322
-0.195381,372.342,0.000122154,-0.562144,0.417404,1.36466,-2.07927
-0.195381,372.342,0.000122462,-0.376,0.437187,1.28587,-1.82241
-0.195381,372.342,0.000122769,-0.188372,0.4556,1.19685,-1.55337
-0.195381,372.342,0.000123077,-2.93906e-015,0.472488,1.09777,-1.273
-0.195381,372.342,0.000123385,0.188372,0.487702,0.988885,-0.982239
-0.195381,372.342,0.000123692,0.376,0.501095,0.870537,-0.682115
-0.195381,372.342,0.000124,0.562144,0.512528,0.743164,-0.373749
-0.195381,372.342,0.000124308,0.74607,0.521871,0.60729,-0.058347
-0.195381,372.342,0.000124615,0.927051,0.529002,0.463527,0.262804
-0.195381,372.342,0.000124923,1.10437,0.533811,0.312567,0.588344
-0.195381,372.342,0.000125231,1.27734,0.536199,0.155182,0.916844
-0.195381,372.342,0.000125538,1.44526,0.536079,-0.007781,1.24681
-0.195381,372.342,0.000125846,1.60748,0.53338,-0.17541,1.57671
-0.195381,372.342,0.000126154,1.76336,0.528046,-0.346731,1.90494
-0.195381,372.342,0.000126462,1.91227,0.520035,-0.520714,2.22989
-0.195381,372.342,0.000126769,2.05364,0.509323,-0.696285,2.54991
-0.195381,372.342,0.000127077,2.18691,0.495902,-0.87233,2.86334
-0.195381,372.342,0.000127385,2.31154,0.479784,-1.04771,3.16851
-0.195381,372.342,0.000127692,2.42705,0.460995,-1.22125,3.46376
-0.195381,372.342,0.000128,2.53298,0.439583,-1.39178,3.74745
-0.195381,372.342,0.000128308,2.62892,0.415612,-1.55812,4.01797
-0.195381,372.342,0.000128615,2.71448,0.389165,-1.7191,4.27373
-0.195381,372.342,0.000128923,2.78933,0.360341,-1.87356,4.51321
-0.195381,372.342,0.000129231,2.85317,0.329258,-2.02039,4.73496
-0.195381,372.342,0.000129538,2.90575,0.296051,-2.15847,4.93758
-0.195381,372.342,0.000129846,2.94686,0.260869,-2.28677,5.11977
-0.195381,372.342,0.000130154,2.97634,0.22388,-2.40429,5.2803
-0.195381,372.342,0.000130462,2.99408,0.185263,-2.5101,5.41808
-0.195381,372.342,0.000130769,3,0.145212,-2.60334,5.53208
-0.195381,372.342,0.000131077,2.99408,0.103932,-2.68322,5.62144
-0.195381,372.342,0.000131385,2.97634,0.061639,-2.74903,5.6854
-0.195381,372.342,0.000131692,2.94686,0.0185593,-2.80018,5.72333
-0.195381,372.342,0.000132,2.90575,-0.0250737,-2.83614,5.73476
-0.195381,372.342,0.000132308,2.85317,-0.0690201,-2.85651,5.71933
-0.195381,372.342,0.000132615,2.78933,-0.113035,-2.86098,5.67685
-0.195381,372.342,0.000132923,2.71448,-0.156871,-2.84934,5.60729
-0.195381,372.342,0.000133231,2.62892,-0.200279,-2.8215,5.51076
-0.195381,372.342,0.000133538,2.53298,-0.243009,-2.77749,5.38751
-0.195381,372.342,0.000133846,2.42705,-0.284816,-2.71745,5.23796
-0.195381,372.342,0.000134154,2.31154,-0.325456,-2.64161,5.06269
-0.195381,372.342,0.000134462,2.18691,-0.364692,-2.55033,4.86241
-0.195381,372.342,0.000134769,2.05364,-0.402293,-2.44408,4.63798
-0.195381,372.342,0.000135077,1.91227,-0.438038,-2.32342,4.39042
-0.195381,372.342,0.000135385,1.76336,-0.471716,-2.18903,4.12086
-0.195381,372.342,0.000135692,1.60748,-0.503126,-2.04166,3.83057
-0.195381,372.342,0.000136,1.44526,-0.532082,-1.88218,3.52096
-0.195381,372.342,0.000136308,1.27734,-0.558414,-1.71153,3.19352
-0.195381,372.342,0.000136615,1.10437,-0.581963,-1.53073,2.84988
-0.195381,372.342,0.000136923,0.927051,-0.602592,-1.34087,2.49175
-0.195381,372.342,0.000137231,0.74607,-0.620178,-1.14309,2.12092
-0.195381,372.342,0.000137538,0.562144,-0.634618,-0.938601,1.73927
-0.195381,372.342,0.000137846,0.376,-0.645828,-0.728657,1.34874
-0.195381,372.342,0.000138154,0.188372,-0.653744,-0.514541,0.951308
-0.195381,372.342,0.000138462,1.39646e-014,-0.658322,-0.297564,0.549004
-0.195381,372.342,0.000138769,-0.188372,-0.659538,-0.0790531,0.143882
-0.195381,372.342,0.000139077,-0.376,-0.65739,0.139656,-0.261987
-0.195381,372.342,0.000139385,-0.562144,-0.651894,0.357233,-0.666535
-0.195381,372.342,0.000139692,-0.74607,-0.643088,0.572359,-1.0677
-0.195381,372.342,0.00014,-0.927051,-0.631031,0.783738,-1.46345
-0.195381,372.342,0.000140308,-1.10437,-0.615799,0.990104,-1.85177
-0.195381,372.342,0.000140615,-1.27734,-0.597487,1.19023,-2.23073
-0.195381,372.342,0.000140923,-1.44526,-0.576211,1.38295,-2.59841
-0.195381,372.342,0.000141231,-1.60748,-0.552101,1.56714,-2.953
-0.195381,372.342,0.000141538,-1.76336,-0.525305,1.74175,-3.29276
-0.195381,372.342,0.000141846,-1.91227,-0.495985,1.90579,-3.61602
-0.195381,372.342,0.000142154,-2.05364,-0.464318,2.05837,-3.92124
-0.195381,372.342,0.000142462,-2.18691,-0.430493,2.19866,-4.20698
-0.195381,372.342,0.000142769,-2.31154,-0.394709,2.32593,-4.4719
-0.195381,372.342,0.000143077,-2.42705,-0.357177,2.43955,-4.71479
-0.195381,372.342,0.000143385,-2.53298,-0.318116,2.53899,-4.9346
-0.195381,372.342,0.000143692,-2.62892,-0.27775,2.62379,-5.13036
-0.195381,372.342,0.000144,-2.71448,-0.23631,2.69363,-5.30128
-0.195381,372.342,0.000144308,-2.78933,-0.194029,2.74826,-5.4467
-0.195381,372.342,0.000144615,-2.85317,-0.151143,2.78756,-5.56611
-0.195381,372.342,0.000144923,-2.90575,-0.107889,2.8115,-5.65912
-0.195381,372.342,0.000145231,-2.94686,-0.0645024,2.82014,-5.72551
-0.195381,372.342,0.000145538,-2.97634,-0.0212152,2.81367,-5.7652
-0.195381,372.342,0.000145846,-2.99408,0.0217439,2.79234,-5.77826
-0.195381,372.342,0.000146154,-3,0.0641518,2.75652,-5.76488
-0.195381,372.342,0.000146462,-2.99408,0.105793,2.70665,-5.7254
-0.195381,372.342,0.000146769,-2.97634,0.146458,2.64326,-5.6603
-0.195381,372.342,0.000147077,-2.94686,0.18595,2.56698,-5.57017
-0.195381,372.342,0.000147385,-2.90575,0.22408,2.47847,-5.45574
-0.195381,372.342,0.000147692,-2.85317,0.260673,2.37849,-5.31784
-0.195381,372.342,0.000148,-2.78933,0.295562,2.26784,-5.15743
-0.195381,372.342,0.000148308,-2.71448,0.328599,2.14739,-4.97554
-0.195381,372.342,0.000148615,-2.62892,0.359646,2.01803,-4.77333
-0.195381,372.342,0.000148923,-2.53298,0.38858,1.8807,-4.55201
-0.195381,372.342,0.000149231,-2.42705,0.415293,1.73638,-4.31288
-0.195381,372.342,0.000149538,-2.31154,0.439694,1.58605,-4.05732
-0.195381,372.342,0.000149846,-2.18691,0.461705,1.43072,-3.78674
-0.195381,372.342,0.000150154,-2.05364,0.481265,1.27139,-3.50261
-0.195381,372.342,0.000150462,-1.91227,0.498327,1.10907,-3.20645
-0.195381,372.342,0.000150769,-1.76336,0.512862,0.944765,-2.89979
-0.195381,372.342,0.000151077,-1.60748,0.524854,0.779443,-2.58418
-0.195381,372.342,0.000151385,-1.44526,0.534301,0.614063,-2.26119
-0.195381,372.342,0.000151692,-1.27734,0.541217,0.449552,-1.93239
-0.195381,372.342,0.000152,-1.10437,0.545629,0.2868,-1.59933
-0.195381,372.342,0.000152308,-0.927051,0.547578,0.126654,-1.26356
-0.195381,372.342,0.000152615,-0.74607,0.547115,-0.0300854,-0.926591
-0.195381,372.342,0.000152923,-0.562144,0.544305,-0.182668,-0.589905
-0.195381,372.342,0.000153231,-0.376,0.539222,-0.330399,-0.254948
-0.195381,372.342,0.000153538,-0.188372,0.53195,-0.472645,0.0768805
-0.195381,372.342,0.000153846,-3.67382e-015,0.522584,-0.608831,0.404234
-0.195381,372.342,0.000154154,0.188372,0.511223,-0.738446,0.725824
-0.195381,372.342,0.000154462,0.376,0.497976,-0.861047,1.04042
-0.195381,372.342,0.000154769,0.562144,0.482957,-0.976255,1.34687
-0.195381,372.342,0.000155077,0.74607,0.466283,-1.08376,1.64407
-0.195381,372.342,0.000155385,0.927051,0.448079,-1.18331,1.93102
-0.195381,372.342,0.000155692,1.10437,0.428468,-1.27472,2.20676
-0.195381,372.342,0.000156,1.27734,0.407577,-1.35789,2.47043
-0.195381,372.342,0.000156308,1.44526,0.385535,-1.43275,2.72125
-0.195381,372.342,0.000156615,1.60748,0.362469,-1.4993,2.9585
-0.195381,372.342,0.000156923,1.76336,0.338505,-1.55761,3.18156
-0.195381,372.342,0.000157231,1.91227,0.31377,-1.60779,3.38987
-0.195381,372.342,0.000157538,2.05364,0.288386,-1.65,3.58296
-0.195381,372.342,0.000157846,2.18691,0.262471,-1.68444,3.76043
-0.195381,372.342,0.000158154,2.31154,0.236143,-1.71136,3.92195
-0.195381,372.342,0.000158462,2.42705,0.209511,-1.73104,4.06726
-0.195381,372.342,0.000158769,2.53298,0.182684,-1.74379,4.19619
-0.195381,372.342,0.000159077,2.62892,0.155761,-1.74996,4.30862
-0.195381,372.342,0.000159385,2.71448,0.12884,-1.7499,4.40447
-0.195381,372.342,0.000159692,2.78933,0.102009,-1.74398,4.48375
-0.195381,372.342,0.00016,2.85317,0.075354,-1.73259,4.54653
-0.195381,372.342,0.000160308,2.90575,0.0489519,-1.71613,4.5929
-0.195381,372.342,0.000160615,2.94686,0.0228751,-1.69499,4.62303
-0.195381,372.342,0.000160923,2.97634,-0.00281033,-1.66956,4.6371
-0.195381,372.342,0.000161231,2.99408,-0.0280444,-1.64021,4.63537
-0.195381,372.342,0.000161538,3,-0.0527725,-1.60733,4.61811
-0.195381,372.342,0.000161846,2.99408,-0.0769458,-1.57126,4.58564
-0.195381,372.342,0.000162154,2.97634,-0.10052,-1.53235,4.53829
-0.195381,372.342,0.000162462,2.94686,-0.123457,-1.49091,4.47643
-0.195381,372.342,0.000162769,2.90575,-0.145722,-1.44722,4.40046
-0.195381,372.342,0.000163077,2.85317,-0.167285,-1.40156,4.31078
-0.195381,372.342,0.000163385,2.78933,-0.188118,-1.35417,4.20784
-0.195381,372.342,0.000163692,2.71448,-0.208199,-1.30524,4.09207
-0.195381,372.342,0.000164,2.62892,-0.227506,-1.25495,3.96395
-0.195381,372.342,0.000164308,2.53298,-0.24602,-1.20346,3.82395
-0.195381,372.342,0.000164615,2.42705,-0.263726,-1.15087,3.67255
-0.195381,372.342,0.000164923,2.31154,-0.280607,-1.09728,3.51025
-0.195381,372.342,0.000165231,2.18691,-0.29665,-1.04274,3.33757
-0.195381,372.342,0.000165538,2.05364,-0.311839,-0.987282,3.15502
-0.195381,372.342,0.000165846,1.91227,-0.32616,-0.930909,2.96312
-0.195381,372.342,0.000166154,1.76336,-0.3396,-0.873603,2.7624
-0.195381,372.342,0.000166462,1.60748,-0.352144,-0.815324,2.55342
-0.195381,372.342,0.000166769,1.44526,-0.363775,-0.756015,2.33672
-0.195381,372.342,0.000167077,1.27734,-0.374476,-0.695604,2.11285
-0.195381,372.342,0.000167385,1.10437,-0.38423,-0.634005,1.88241
-0.195381,372.342,0.000167692,0.927051,-0.393017,-0.571127,1.64596
-0.195381,372.342,0.000168,0.74607,-0.400815,-0.506872,1.4041
-0.195381,372.342,0.000168308,0.562144,-0.407602,-0.441143,1.15745
-0.195381,372.342,0.000168615,0.376,-0.413353,-0.373845,0.906615
-0.195381,372.342,0.000168923,0.188372,-0.418044,-0.30489,0.652244
-0.195381,372.342,0.000169231,1.46993e-014,-0.421647,-0.2342,0.394986
-0.195381,372.342,0.000169538,-0.188372,-0.424135,-0.161711,0.135511
-0.195381,372.342,0.000169846,-0.376,-0.425479,-0.0873758,-0.125495
-0.195381,372.342,0.000170154,-0.562144,-0.425651,-0.0111698,-0.387328
-0.195381,372.342,0.000170462,-0.74607,-0.424621,0.0669095,-0.649267
-0.195381,372.342,0.000170769,-0.927051,-0.422362,0.146838,-0.910573
-0.195381,372.342,0.000171077,-1.10437,-0.418846,0.228562,-1.17049
-0.195381,372.342,0.000171385,-1.27734,-0.414046,0.311996,-1.42824
-0.195381,372.342,0.000171692,-1.44526,-0.407938,0.397025,-1.68304
-0.195381,372.342,0.000172,-1.60748,-0.4005,0.483495,-1.93408
-0.195381,372.342,0.000172308,-1.76336,-0.391712,0.57122,-2.18054
-0.195381,372.342,0.000172615,-1.91227,-0.381558,0.659977,-2.42159
-0.195381,372.342,0.000172923,-2.05364,-0.370027,0.749507,-2.6564
-0.195381,372.342,0.000173231,-2.18691,-0.357112,0.839517,-2.8841
-0.195381,372.342,0.000173538,-2.31154,-0.342809,0.929677,-3.10387
-0.195381,372.342,0.000173846,-2.42705,-0.327122,1.01962,-3.31483
-0.195381,372.342,0.000174154,-2.53298,-0.310061,1.10896,-3.51613
-0.195381,372.342,0.000174462,-2.62892,-0.291642,1.19727,-3.70694
-0.195381,372.342,0.000174769,-2.71448,-0.271886,1.2841,-3.88641
-0.195381,372.342,0.000175077,-2.78933,-0.250825,1.36897,-4.05372
-0.195381,372.342,0.000175385,-2.85317,-0.228497,1.45138,-4.20808
-0.195381,372.342,0.000175692,-2.90575,-0.204945,1.53083,-4.34869
-0.195381,372.342,0.000176,-2.94686,-0.180226,1.60678,-4.47481
-0.195381,372.342,0.000176308,-2.97634,-0.1544,1.67869,-4.58572
-0.195381,372.342,0.000176615,-2.99408,-0.127537,1.74604,-4.68074
-0.195381,372.342,0.000176923,-3,-0.0997179,1.80827,-4.75922
-0.195381,372.342,0.000177231,-2.99408,-0.0710278,1.86486,-4.82059
-0.195381,372.342,0.000177538,-2.97634,-0.0415621,1.91527,-4.86429
-0.195381,372.342,0.000177846,-2.94686,-0.0114237,1.95899,-4.88987
-0.195381,372.342,0.000178154,-2.90575,0.019277,1.99555,-4.8969
-0.195381,372.342,0.000178462,-2.85317,0.0504224,2.02445,-4.88504
-0.195381,372.342,0.000178769,-2.78933,0.0818884,2.04529,-4.85401
-0.195381,372.342,0.000179077,-2.71448,0.113544,2.05764,-4.80362
-0.195381,372.342,0.000179385,-2.62892,0.145254,2.06115,-4.73374
-0.195381,372.342,0.000179692,-2.53298,0.176878,2.0555,-4.64436
-0.195381,372.342,0.00018,-2.42705,0.208269,2.04043,-4.53551
-0.195381,372.342,0.000180308,-2.31154,0.23928,2.0157,-4.40734
-0.195381,372.342,0.000180615,-2.18691,0.269759,1.98116,-4.26009
-0.195381,372.342,0.000180923,-2.05364,0.299554,1.93669,-4.09409
-0.195381,372.342,0.000181231,-1.91227,0.328512,1.88226,-3.90975
-0.195381,372.342,0.000181538,-1.76336,0.356479,1.81788,-3.70759
-0.195381,372.342,0.000181846,-1.60748,0.383304,1.74363,-3.48821
-0.195381,372.342,0.000182154,-1.44526,0.408837,1.65965,-3.25233
-0.195381,372.342,0.000182462,-1.27734,0.432932,1.56616,-3.00074
-0.195381,372.342,0.000182769,-1.10437,0.455447,1.46344,-2.73432
-0.195381,372.342,0.000183077,-0.927051,0.476244,1.35182,-2.45405
-0.195381,372.342,0.000183385,-0.74607,0.495194,1.23173,-2.16097
-0.195381,372.342,0.000183692,-0.562144,0.512173,1.10364,-1.85624
-0.195381,372.342,0.000184,-0.376,0.527066,0.968067,-1.54106
-0.195381,372.342,0.000184308,-0.188372,0.539768,0.825619,-1.21671
-0.195381,372.342,0.000184615,-4.40858e-015,0.550182,0.67694,-0.884543
-0.195381,372.342,0.00169231,2.35368e-014,0.522559,0.143066,-0.343203
-0.195381,372.342,0.00169262,0.188372,0.522697,0.00901613,-0.0216286
-0.195381,372.342,0.00169292,0.376,0.520773,-0.125069,0.300031
-0.195381,372.342,0.00169323,0.562144,0.516794,-0.25866,0.620507
-0.195381,372.342,0.00169354,0.74607,0.510775,-0.391231,0.938534
-0.195381,372.342,0.00169385,0.927051,0.50274,-0.522258,1.25286
-0.195381,372.342,0.00169415,1.10437,0.492721,-0.651223,1.56224
-0.195381,372.342,0.00169446,1.27734,0.480758,-0.777619,1.86545
-0.195381,372.342,0.00169477,1.44526,0.466897,-0.900945,2.1613
-0.195381,372.342,0.00169508,1.60748,0.451194,-1.02072,2.44862
-0.195381,372.342,0.00169538,1.76336,0.43371,-1.13646,2.72628
-0.195381,372.342,0.00169569,1.91227,0.414514,-1.24772,2.99318
-0.195381,372.342,0.001696,2.05364,0.393683,-1.35405,3.24826
-0.195381,372.342,0.00169631,2.18691,0.371297,-1.45504,3.49053
-0.195381,372.342,0.00169662,2.31154,0.347447,-1.55029,3.71902
-0.195381,372.342,0.00169692,2.42705,0.322225,-1.63942,3.93283
-0.195381,372.342,0.00169723,2.53298,0.295732,-1.72207,4.13113
-0.195381,372.342,0.00169754,2.62892,0.268071,-1.79794,4.31311
-0.195381,372.342,0.00169785,2.71448,0.239353,-1.8667,4.47808
-0.195381,372.342,0.00169815,2.78933,0.209689,-1.9281,4.62538
-0.195381,372.342,0.00169846,2.85317,0.179199,-1.9819,4.75441
-0.195381,372.342,0.00169877,2.90575,0.148001,-2.02786,4.86469
-0.195381,372.342,0.00169908,2.94686,0.116219,-2.06583,4.95577
-0.195381,372.342,0.00169938,2.97634,0.0839782,-2.09564,5.02729
-0.195381,372.342,0.00169969,2.99408,0.0514061,-2.11719,5.07897
-0.195381,372.342,0.0017,3,0.0186311,-2.13037,5.1106
-0.195381,372.342,0.00170031,2.99408,-0.0142174,-2.13515,5.12207
-0.195381,372.342,0.00170062,2.97634,-0.0470098,-2.1315,5.11332
-0.195381,372.342,0.00170092,2.94686,-0.0796166,-2.11945,5.08439
-0.195381,372.342,0.00170123,2.90575,-0.111909,-2.09902,5.03539
-0.195381,372.342,0.00170154,2.85317,-0.14376,-2.07031,4.96653
-0.195381,372.342,0.00170185,2.78933,-0.175044,-2.03344,4.87806
-0.195381,372.342,0.00170215,2.71448,-0.205637,-1.98853,4.77034
-0.195381,372.342,0.00170246,2.62892,-0.235418,-1.93578,4.64379
-0.195381,372.342,0.00170277,2.53298,-0.26427,-1.87539,4.49892
-0.195381,372.342,0.00170308,2.42705,-0.292079,-1.8076,4.33629
-0.195381,372.342,0.00170338,2.31154,-0.318736,-1.73267,4.15655
-0.195381,372.342,0.00170369,2.18691,-0.344135,-1.65091,3.96041
-0.195381,372.342,0.001704,2.05364,-0.368175,-1.56263,3.74863
-0.195381,372.342,0.00170431,1.91227,-0.390762,-1.46818,3.52206
-0.195381,372.342,0.00170462,1.76336,-0.411808,-1.36794,3.28159
-0.195381,372.342,0.00170492,1.60748,-0.431228,-1.2623,3.02817
-0.195381,372.342,0.00170523,1.44526,-0.448946,-1.15168,2.7628
-0.195381,372.342,0.00170554,1.27734,-0.464892,-1.03652,2.48653
-0.195381,372.342,0.00170585,1.10437,-0.479004,-0.917261,2.20044
-0.195381,372.342,0.00170615,0.927051,-0.491225,-0.794385,1.90567
-0.195381,372.342,0.00170646,0.74607,-0.501508,-0.668373,1.60338
-0.195381,372.342,0.00170677,0.562144,-0.509812,-0.539723,1.29475
-0.195381,372.342,0.00170708,0.376,-0.516103,-0.408944,0.981025
-0.195381,372.342,0.00170738,0.188372,-0.520358,-0.27655,0.663423
-0.195381,372.342,0.00170769,8.80497e-015,-0.522559,-0.143065,0.343203
-0.195381,372.342,0.001708,-0.188372,-0.522697,-0.00901576,0.0216283
-0.195381,372.342,0.00170831,-0.376,-0.520773,0.125069,-0.300032
-0.195381,372.342,0.00170862,-0.562144,-0.516794,0.258661,-0.620507
-0.195381,372.342,0.00170892,-0.74607,-0.510775,0.391232,-0.938534
-0.195381,372.342,0.00170923,-0.927051,-0.50274,0.522258,-1.25286
-0.195381,372.342,0.00170954,-1.10437,-0.492721,0.651224,-1.56224
-0.195381,372.342,0.00170985,-1.27734,-0.480758,0.777619,-1.86545
-0.195381,372.342,0.00171015,-1.44526,-0.466897,0.900946,-2.1613
-0.195381,372.342,0.00171046,-1.60748,-0.451194,1.02072,-2.44862
-0.195381,372.342,0.00171077,-1.76336,-0.43371,1.13646,-2.72628
-0.195381,372.342,0.00171108,-1.91227,-0.414514,1.24772,-2.99318
-0.195381,372.342,0.00171138,-2.05364,-0.393683,1.35405,-3.24826
-0.195381,372.342,0.00171169,-2.18691,-0.371297,1.45504,-3.49053
-0.195381,372.342,0.001712,-2.31154,-0.347447,1.55029,-3.71902
-0.195381,372.342,0.00171231,-2.42705,-0.322225,1.63942,-3.93283
-0.195381,372.342,0.00171262,-2.53298,-0.295732,1.72207,-4.13113
-0.195381,372.342,0.00171292,-2.62892,-0.268071,1.79794,-4.31311
-0.195381,372.342,0.00171323,-2.71448,-0.239353,1.8667,-4.47808
-0.195381,372.342,0.00171354,-2.78933,-0.209689,1.9281,-4.62538
-0.195381,372.342,0.00171385,-2.85317,-0.179199,1.9819,-4.75441
-0.195381,372.342,0.00171415,-2.90575,-0.148001,2.02786,-4.86469
-0.195381,372.342,0.00171446,-2.94686,-0.116219,2.06583,-4.95577
-0.195381,372.342,0.00171477,-2.97634,-0.0839781,2.09564,-5.02729
-0.195381,372.342,0.00171508,-2.99408,-0.051406,2.11719,-5.07897
-0.195381,372.342,0.00171538,-3,-0.0186311,2.13037,-5.1106
-0.195381,372.342,0.00171569,-2.99408,0.0142174,2.13515,-5.12207
-0.195381,372.342,0.001716,-2.97634,0.0470098,2.1315,-5.11332
-0.195381,372.342,0.00171631,-2.94686,0.0796167,2.11945,-5.08439
-0.195381,372.342,0.00171662,-2.90575,0.111909,2.09902,-5.03539
-0.195381,372.342,0.00171692,-2.85317,0.14376,2.07031,-4.96653
-0.195381,372.342,0.00171723,-2.78933,0.175044,2.03344,-4.87806
-0.195381,372.342,0.00171754,-2.71448,0.205637,1.98853,-4.77034
-0.195381,372.342,0.00171785,-2.62892,0.235418,1.93578,-4.64379
-0.195381,372.342,0.00171815,-2.53298,0.26427,1.87539,-4.49892
-0.195381,372.342,0.00171846,-2.42705,0.292079,1.8076,-4.33629
-0.195381,372.342,0.00171877,-2.31154,0.318736,1.73267,-4.15655
-0.195381,372.342,0.00171908,-2.18691,0.344135,1.65091,-3.96041
-0.195381,372.342,0.00171938,-2.05364,0.368175,1.56263,-3.74863
-0.195381,372.342,0.00171969,-1.91227,0.390762,1.46818,-3.52206
-0.195381,372.342,0.00172,-1.76336,0.411808,1.36794,-3.28159
-0.195381,372.342,0.00172031,-1.60748,0.431228,1.2623,-3.02817
-0.195381,372.342,0.00172062,-1.44526,0.448946,1.15168,-2.7628
-0.195381,372.342,0.00172092,-1.27734,0.464892,1.03652,-2.48653
-0.195381,372.342,0.00172123,-1.10437,0.479004,0.917261,-2.20044
-0.195381,372.342,0.00172154,-0.927051,0.491225,0.794384,-1.90567
-0.195381,372.342,0.00172185,-0.74607,0.501508,0.668373,-1.60338
-0.195381,372.342,0.00172215,-0.562144,0.509812,0.539723,-1.29475
-0.195381,372.342,0.00172246,-0.376,0.516103,0.408944,-0.981025
-0.195381,372.342,0.00172277,-0.188372,0.520358,0.27655,-0.663423
-0.195381,372.342,0.00172308,-4.11468e-014,0.522559,0.143065,-0.343203
-0.195381,372.342,0.00172338,0.188372,0.522697,0.00901571,-0.0216282
-0.195381,372.342,0.00172369,0.376,0.520773,-0.125069,0.300032
-0.195381,372.342,0.001724,0.562144,0.516794,-0.258661,0.620507
-0.195381,372.342,0.00172431,0.74607,0.510775,-0.391232,0.938534
-0.195381,372.342,0.00172462,0.927051,0.50274,-0.522258,1.25286
-0.195381,372.342,0.00172492,1.10437,0.492721,-0.651224,1.56224
-0.195381,372.342,0.00172523,1.27734,0.480758,-0.777619,1.86545
-0.195381,372.342,0.00172554,1.44526,0.466897,-0.900946,2.1613
-0.195381,372.342,0.00172585,1.60748,0.451194,-1.02072,2.44862
-0.195381,372.342,0.00172615,1.76336,0.43371,-1.13646,2.72628
-0.195381,372.342,0.00172646,1.91227,0.414514,-1.24772,2.99318
-0.195381,372.342,0.00172677,2.05364,0.393683,-1.35405,3.24826
-0.195381,372.342,0.00172708,2.18691,0.371297,-1.45504,3.49053
-0.195381,372.342,0.00172738,2.31154,0.347447,-1.55029,3.71902
-0.195381,372.342,0.00172769,2.42705,0.322225,-1.63942,3.93283
-0.195381,372.342,0.001728,2.53298,0.295732,-1.72207,4.13113
-0.195381,372.342,0.00172831,2.62892,0.268071,-1.79794,4.31311
-0.195381,372.342,0.00172862,2.71448,0.239353,-1.8667,4.47808
-0.195381,372.342,0.00172892,2.78933,0.209689,-1.9281,4.62538
-0.195381,372.342,0.00172923,2.85317,0.179199,-1.98189,4.75441
-0.195381,372.342,0.00172954,2.90575,0.148001,-2.02786,4.86469
-0.195381,372.342,0.00172985,2.94686,0.116219,-2.06583,4.95577
-0.195381,372.342,0.00173015,2.97634,0.0839781,-2.09564,5.02729
-0.195381,372.342,0.00173046,2.99408,0.051406,-2.11719,5.07897
-0.195381,372.342,0.00173077,3,0.0186311,-2.13037,5.1106
-0.195381,372.342,0.00173108,2.99408,-0.0142174,-2.13515,5.12207
-0.195381,372.342,0.00173138,2.97634,-0.0470098,-2.1315,5.11332
-0.195381,372.342,0.00173169,2.94686,-0.0796166,-2.11945,5.08439
-0.195381,372.342,0.001732,2.90575,-0.111909,-2.09902,5.03539
-0.195381,372.342,0.00173231,2.85317,-0.14376,-2.07031,4.96653
-0.195381,372.342,0.00173262,2.78933,-0.175044,-2.03344,4.87806
-0.195381,372.342,0.00173292,2.71448,-0.205637,-1.98853,4.77034
-0.195381,372.342,0.00173323,2.62892,-0.235418,-1.93578,4.64379
-0.195381,372.342,0.00173354,2.53298,-0.26427,-1.87539,4.49892
-0.195381,372.342,0.00173385,2.42705,-0.292079,-1.8076,4.33629
-0.195381,372.342,0.00173415,2.31154,-0.318736,-1.73267,4.15655
-0.195381,372.342,0.00173446,2.18691,-0.344134,-1.65091,3.96041
-0.195381,372.342,0.00173477,2.05364,-0.368175,-1.56263,3.74863
-0.195381,372.342,0.00173508,1.91227,-0.390762,-1.46818,3.52206
-0.195381,372.342,0.00173538,1.76336,-0.411808,-1.36794,3.28159
-0.195381,372.342,0.00173569,1.60748,-0.431228,-1.2623,3.02817
-0.195381,372.342,0.001736,1.44526,-0.448946,-1.15168,2.7628
-0.195381,372.342,0.00173631,1.27734,-0.464892,-1.03652,2.48653
-0.195381,372.342,0.00173662,1.10437,-0.479004,-0.917261,2.20044
-0.195381,372.342,0.00173692,0.927051,-0.491225,-0.794385,1.90567
-0.195381,372.342,0.00173723,0.74607,-0.501508,-0.668373,1.60338
-0.195381,372.342,0.00173754,0.562144,-0.509812,-0.539723,1.29476
-0.195381,372.342,0.00173785,0.376,-0.516103,-0.408944,0.981025
-0.195381,372.342,0.00173815,0.188372,-0.520358,-0.27655,0.663423
-0.195381,372.342,0.00173846,-9.70417e-014,-0.522559,-0.143065,0.343203
-0.195381,372.342,0.00173877,-0.188372,-0.522697,-0.009016,0.0216285
-0.195381,372.342,0.00173908,-0.376,-0.520773,0.125069,-0.300031
-0.195381,372.342,0.00173938,-0.562144,-0.516794,0.258661,-0.620507
-0.195381,372.342,0.00173969,-0.74607,-0.510775,0.391231,-0.938534
-0.195381,372.342,0.00174,-0.927051,-0.50274,0.522258,-1.25286
-0.195381,372.342,0.00174031,-1.10437,-0.492721,0.651223,-1.56224
-0.195381,372.342,0.00174062,-1.27734,-0.480758,0.777619,-1.86545
-0.195381,372.342,0.00174092,-1.44526,-0.466897,0.900945,-2.1613
-0.195381,372.342,0.00174123,-1.60748,-0.451194,1.02072,-2.44862
-0.195381,372.342,0.00174154,-1.76336,-0.43371,1.13646,-2.72628
-0.195381,372.342,0.00174185,-1.91227,-0.414514,1.24772,-2.99318
-0.195381,372.342,0.00174215,-2.05364,-0.393683,1.35405,-3.24826
-0.195381,372.342,0.00174246,-2.18691,-0.371297,1.45504,-3.49053
-0.195381,372.342,0.00174277,-2.31154,-0.347447,1.55029,-3.71902
-0.195381,372.342,0.00174308,-2.42705,-0.322225,1.63942,-3.93283
-0.195381,372.342,0.00174338,-2.53298,-0.295732,1.72207,-4.13113
-0.195381,372.342,0.00174369,-2.62892,-0.268071,1.79794,-4.31311
-0.195381,372.342,0.001744,-2.71448,-0.239353,1.8667,-4.47808
-0.195381,372.342,0.00174431,-2.78933,-0.209689,1.9281,-4.62538
-0.195381,372.342,0.00174462,-2.85317,-0.179199,1.98189,-4.75441
-0.195381,372.342,0.00174492,-2.90575,-0.148001,2.02786,-4.86469
-0.195381,372.342,0.00174523,-2.94686,-0.116219,2.06583,-4.95577
-0.195381,372.342,0.00174554,-2.97634,-0.0839782,2.09564,-5.02729
-0.195381,372.342,0.00174585,-2.99408,-0.0514061,2.11719,-5.07897
-0.195381,372.342,0.00174615,-3,-0.0186311,2.13037,-5.1106
-0.195381,372.342,0.00174646,-2.99408,0.0142174,2.13515,-5.12207
-0.195381,372.342,0.00174677,-2.97634,0.0470098,2.1315,-5.11332
-0.195381,372.342,0.00174708,-2.94686,0.0796166,2.11945,-5.08439
-0.195381,372.342,0.00174738,-2.90575,0.111909,2.09902,-5.03539
-0.195381,372.342,0.00174769,-2.85317,0.14376,2.07031,-4.96653
-0.195381,372.342,0.001748,-2.78933,0.175044,2.03344,-4.87806
-0.195381,372.342,0.00174831,-2.71448,0.205637,1.98853,-4.77034
-0.195381,372.342,0.00174862,-2.62892,0.235418,1.93578,-4.64379
-0.195381,372.342,0.00174892,-2.53298,0.26427,1.87539,-4.49892
-0.195381,372.342,0.00174923,-2.42705,0.292079,1.8076,-4.33629
-0.195381,372.342,0.00174954,-2.31154,0.318736,1.73267,-4.15655
-0.195381,372.342,0.00174985,-2.18691,0.344134,1.65091,-3.96041
-0.195381,372.342,0.00175015,-2.05364,0.368175,1.56263,-3.74863
-0.195381,372.342,0.00175046,-1.91227,0.390762,1.46818,-3.52206
-0.195381,372.342,0.00175077,-1.76336,0.411808,1.36794,-3.28159
-0.195381,372.342,0.00175108,-1.60748,0.431228,1.2623,-3.02817
-0.195381,372.342,0.00175138,-1.44526,0.448946,1.15168,-2.7628
-0.195381,372.342,0.00175169,-1.27734,0.464892,1.03652,-2.48653
-0.195381,372.342,0.001752,-1.10437,0.479004,0.917261,-2.20044
-0.195381,372.342,0.00175231,-0.927051,0.491225,0.794385,-1.90567
-0.195381,372.342,0.00175262,-0.74607,0.501508,0.668373,-1.60338
-0.195381,372.342,0.00175292,-0.562144,0.509812,0.539723,-1.29476
-0.195381,372.342,0.00175323,-0.376,0.516103,0.408944,-0.981025
-0.195381,372.342,0.00175354,-0.188372,0.520358,0.27655,-0.663423
-0.195381,372.342,0.00175385,-1.0583e-013,0.522559,0.143065,-0.343203
-0.195381,372.342,0.00175415,0.188372,0.522697,0.00901596,-0.0216285
-0.195381,372.342,0.00175446,0.376,0.520773,-0.125069,0.300031
-0.195381,372.342,0.00175477,0.562144,0.516794,-0.258661,0.620507
-0.195381,372.342,0.00175508,0.74607,0.510775,-0.391231,0.938534
-0.195381,372.342,0.00175538,0.927051,0.50274,-0.522258,1.25286
-0.195381,372.342,0.00175569,1.10437,0.492721,-0.651224,1.56224
-0.195381,372.342,0.001756,1.27734,0.480758,-0.777619,1.86545
-0.195381,372.342,0.00175631,1.44526,0.466897,-0.900946,2.1613
-0.195381,372.342,0.00175662,1.60748,0.451194,-1.02072,2.44862
-0.195381,372.342,0.00175692,1.76336,0.43371,-1.13646,2.72628
-0.195381,372.342,0.00175723,1.91227,0.414514,-1.24772,2.99318
-0.195381,372.342,0.00175754,2.05364,0.393683,-1.35405,3.24826
-0.195381,372.342,0.00175785,2.18691,0.371297,-1.45504,3.49053
-0.195381,372.342,0.00175815,2.31154,0.347447,-1.55029,3.71902
-0.195381,372.342,0.00175846,2.42705,0.322225,-1.63942,3.93283
-0.195381,372.342,0.00175877,2.53298,0.295732,-1.72207,4.13113
-0.195381,372.342,0.00175908,2.62892,0.268071,-1.79794,4.31311
-0.195381,372.342,0.00175938,2.71448,0.239353,-1.8667,4.47808
-0.195381,372.342,0.00175969,2.78933,0.209689,-1.9281,4.62538
-0.195381,372.342,0.00176,2.85317,0.179199,-1.9819,4.75441
-0.195381,372.342,0.00176031,2.90575,0.148001,-2.02786,4.86469
-0.195381,372.342,0.00176062,2.94686,0.116219,-2.06583,4.95577
-0.195381,372.342,0.00176092,2.97634,0.0839781,-2.09564,5.02729
-0.195381,372.342,0.00176123,2.99408,0.051406,-2.11719,5.07897
-0.195381,372.342,0.00176154,3,0.0186311,-2.13037,5.1106
-0.195381,372.342,0.00176185,2.99408,-0.0142174,-2.13515,5.12207
-0.195381,372.342,0.00176215,2.97634,-0.0470098,-2.1315,5.11332
-0.195381,372.342,0.00176246,2.94686,-0.0796166,-2.11945,5.08439
-0.195381,372.342,0.00176277,2.90575,-0.111909,-2.09902,5.03539
-0.195381,372.342,0.00176308,2.85317,-0.14376,-2.07031,4.96653
-0.195381,372.342,0.00176338,2.78933,-0.175044,-2.03344,4.87806
-0.195381,372.342,0.00176369,2.71448,-0.205637,-1.98853,4.77034
-0.195381,372.342,0.001764,2.62892,-0.235418,-1.93578,4.64379
-0.195381,372.342,0.00176431,2.53298,-0.26427,-1.87539,4.49892
-0.195381,372.342,0.00176462,2.42705,-0.292079,-1.8076,4.33629
-0.195381,372.342,0.00176492,2.31154,-0.318736,-1.73267,4.15655
-0.195381,372.342,0.00176523,2.18691,-0.344135,-1.65091,3.96041
-0.195381,372.342,0.00176554,2.05364,-0.368175,-1.56263,3.74863
-0.195381,372.342,0.00176585,1.91227,-0.390762,-1.46818,3.52206
-0.195381,372.342,0.00176615,1.76336,-0.411808,-1.36794,3.28159
-0.195381,372.342,0.00176646,1.60748,-0.431228,-1.2623,3.02817
-0.195381,372.342,0.00176677,1.44526,-0.448946,-1.15168,2.7628
-0.195381,372.342,0.00176708,1.27734,-0.464892,-1.03652,2.48653
-0.195381,372.342,0.00176738,1.10437,-0.479004,-0.917261,2.20044
-0.195381,372.342,0.00176769,0.927051,-0.491225,-0.794384,1.90567
-0.195381,372.342,0.001768,0.74607,-0.501508,-0.668373,1.60338
-0.195381,372.342,0.00176831,0.562144,-0.509812,-0.539723,1.29475
-0.195381,372.342,0.00176862,0.376,-0.516103,-0.408944,0.981025
-0.195381,372.342,0.00176892,0.188372,-0.520358,-0.27655,0.663423
-0.195381,372.342,0.00176923,-3.23581e-014,-0.522559,-0.143065,0.343203
-0.195381,372.342,0.00176954,-0.188372,-0.522697,-0.00901576,0.0216283
-0.195381,372.342,0.00176985,-0.376,-0.520773,0.125069,-0.300032
-0.195381,372.342,0.00177015,-0.562144,-0.516794,0.258661,-0.620507
-0.195381,372.342,0.00177046,-0.74607,-0.510775,0.391232,-0.938534
-0.195381,372.342,0.00177077,-0.927051,-0.50274,0.522258,-1.25286
-0.195381,372.342,0.00177108,-1.10437,-0.492721,0.651224,-1.56224
-0.195381,372.342,0.00177138,-1.27734,-0.480758,0.777619,-1.86545
-0.195381,372.342,0.00177169,-1.44526,-0.466897,0.900946,-2.1613
-0.195381,372.342,0.001772,-1.60748,-0.451194,1.02072,-2.44862
-0.195381,372.342,0.00177231,-1.76336,-0.43371,1.13646,-2.72628
-0.195381,372.342,0.00177262,-1.91227,-0.414514,1.24772,-2.99318
-0.195381,372.342,0.00177292,-2.05364,-0.393683,1.35405,-3.24826
-0.195381,372.342,0.00177323,-2.18691,-0.371297,1.45504,-3.49053
-0.195381,372.342,0.00177354,-2.31154,-0.347447,1.55029,-3.71902
-0.195381,372.342,0.00177385,-2.42705,-0.322225,1.63942,-3.93283
-0.195381,372.342,0.00177415,-2.53298,-0.295732,1.72207,-4.13113
-0.195381,372.342,0.00177446,-2.62892,-0.268071,1.79794,-4.31311
-0.195381,372.342,0.00177477,-2.71448,-0.239353,1.8667,-4.47808
-0.195381,372.342,0.00177508,-2.78933,-0.209689,1.9281,-4.62538
-0.195381,372.342,0.00177538,-2.85317,-0.179199,1.9819,-4.75441
-0.195381,372.342,0.00177569,-2.90575,-0.148001,2.02786,-4.86469
-0.195381,372.342,0.001776,-2.94686,-0.116219,2.06583,-4.95577
-0.195381,372.342,0.00177631,-2.97634,-0.0839781,2.09564,-5.02729
-0.195381,372.342,0.00177662,-2.99408,-0.051406,2.11719,-5.07897
-0.195381,372.342,0.00177692,-3,-0.0186311,2.13037,-5.1106
-0.195381,372.342,0.00177723,-2.99408,0.0142174,2.13515,-5.12207
-0.195381,372.342,0.00177754,-2.97634,0.0470098,2.1315,-5.11332
-0.195381,372.342,0.00177785,-2.94686,0.0796167,2.11945,-5.08439
-0.195381,372.342,0.00177815,-2.90575,0.111909,2.09902,-5.03539
-0.195381,372.342,0.00177846,-2.85317,0.14376,2.07031,-4.96653
-0.195381,372.342,0.00177877,-2.78933,0.175044,2.03344,-4.87806
-0.195381,372.342,0.00177908,-2.71448,0.205637,1.98853,-4.77034
-0.195381,372.342,0.00177938,-2.62892,0.235418,1.93578,-4.64379
-0.195381,372.342,0.00177969,-2.53298,0.26427,1.87539,-4.49892
-0.195381,372.342,0.00178,-2.42705,0.292079,1.8076,-4.33629
-0.195381,372.342,0.00178031,-2.31154,0.318736,1.73267,-4.15655
-0.195381,372.342,0.00178062,-2.18691,0.344134,1.65091,-3.96041
-0.195381,372.342,0.00178092,-2.05364,0.368175,1.56263,-3.74863
-0.195381,372.342,0.00178123,-1.91227,0.390762,1.46818,-3.52206
-0.195381,372.342,0.00178154,-1.76336,0.411808,1.36794,-3.28159
-0.195381,372.342,0.00178185,-1.60748,0.431228,1.2623,-3.02817
-0.195381,372.342,0.00178215,-1.44526,0.448946,1.15168,-2.7628
-0.195381,372.342,0.00178246,-1.27734,0.464892,1.03652,-2.48653
-0.195381,372.342,0.00178277,-1.10437,0.479004,0.917261,-2.20044
-0.195381,372.342,0.00178308,-0.927051,0.491225,0.794384,-1.90567
-0.195381,372.342,0.00178338,-0.74607,0.501508,0.668373,-1.60338
-0.195381,372.342,0.00178369,-0.562144,0.509812,0.539723,-1.29475
-0.195381,372.342,0.001784,-0.376,0.516103,0.408944,-0.981025
-0.195381,372.342,0.00178431,-0.188372,0.520358,0.27655,-0.663423
-0.195381,372.342,0.00178462,1.6263e-017,0.522559,0.143065,-0.343203
-0.195381,372.342,0.00178492,0.188372,0.522697,0.00901584,-0.0216284
-0.195381,372.342,0.00178523,0.376,0.520773,-0.125069,0.300032
-0.195381,372.342,0.00178554,0.562144,0.516794,-0.258661,0.620507
-0.195381,372.342,0.00178585,0.74607,0.510775,-0.391231,0.938534
-0.195381,372.342,0.00178615,0.927051,0.50274,-0.522258,1.25286
-0.195381,372.342,0.00178646,1.10437,0.492721,-0.651224,1.56224
-0.195381,372.342,0.00178677,1.27734,0.480758,-0.777619,1.86545
-0.195381,372.342,0.00178708,1.44526,0.466897,-0.900946,2.1613
-0.195381,372.342,0.00178738,1.60748,0.451194,-1.02072,2.44862
-0.195381,372.342,0.00178769,1.76336,0.43371,-1.13646,2.72628
-0.195381,372.342,0.001788,1.91227,0.414514,-1.24772,2.99318
-0.195381,372.342,0.00178831,2.05364,0.393683,-1.35405,3.24826
-0.195381,372.342,0.00178862,2.18691,0.371297,-1.45504,3.49053
-0.195381,372.342,0.00178892,2.31154,0.347447,-1.55029,3.71902
-0.195381,372.342,0.00178923,2.42705,0.322225,-1.63942,3.93283
-0.195381,372.342,0.00178954,2.53298,0.295732,-1.72207,4.13113
-0.195381,372.342,0.00178985,2.62892,0.268071,-1.79794,4.31311
-0.195381,372.342,0.00179015,2.71448,0.239353,-1.8667,4.47808
-0.195381,372.342,0.00179046,2.78933,0.209689,-1.9281,4.62538
-0.195381,372.342,0.00179077,2.85317,0.179199,-1.98189,4.75441
-0.195381,372.342,0.00179108,2.90575,0.148001,-2.02786,4.86469
-0.195381,372.342,0.00179138,2.94686,0.116219,-2.06583,4.95577
-0.195381,372.342,0.00179169,2.97634,0.0839781,-2.09564,5.02729
-0.195381,372.342,0.001792,2.99408,0.0514061,-2.11719,5.07897
-0.195381,372.342,0.00179231,3,0.0186311,-2.13037,5.1106
-0.195381,372.342,0.00179262,2.99408,-0.0142174,-2.13515,5.12207
-0.195381,372.342,0.00179292,2.97634,-0.0470098,-2.1315,5.11332
-0.195381,372.342,0.00179323,2.94686,-0.0796166,-2.11945,5.08439
-0.195381,372.342,0.00179354,2.90575,-0.111909,-2.09902,5.03539
-0.195381,372.342,0.00179385,2.85317,-0.14376,-2.07031,4.96653
-0.195381,372.342,0.00179415,2.78933,-0.175044,-2.03344,4.87806
-0.195381,372.342,0.00179446,2.71448,-0.205637,-1.98853,4.77034
-0.195381,372.342,0.00179477,2.62892,-0.235418,-1.93578,4.64379
-0.195381,372.342,0.00179508,2.53298,-0.26427,-1.87539,4.49892
-0.195381,372.342,0.00179538,2.42705,-0.292079,-1.8076,4.33629
-0.195381,372.342,0.00179569,2.31154,-0.318736,-1.73267,4.15655
-0.195381,372.342,0.001796,2.18691,-0.344134,-1.65091,3.96041
-0.195381,372.342,0.00179631,2.05364,-0.368175,-1.56263,3.74863
-0.195381,372.342,0.00179662,1.91227,-0.390762,-1.46818,3.52206
-0.195381,372.342,0.00179692,1.76336,-0.411808,-1.36794,3.28159
-0.195381,372.342,0.00179723,1.60748,-0.431228,-1.2623,3.02817
-0.195381,372.342,0.00179754,1.44526,-0.448946,-1.15168,2.7628
-0.195381,372.342,0.00179785,1.27734,-0.464892,-1.03652,2.48653
-0.195381,372.342,0.00179815,1.10437,-0.479004,-0.917261,2.20044
-0.195381,372.342,0.00179846,0.927051,-0.491225,-0.794385,1.90567
-0.195381,372.342,0.00179877,0.74607,-0.501508,-0.668373,1.60338
-0.195381,372.342,0.00179908,0.562144,-0.509812,-0.539723,1.29476
-0.195381,372.342,0.00179938,0.376,-0.516103,-0.408944,0.981025
-0.195381,372.342,0.00179969,0.188372,-0.520358,-0.27655,0.663423
-0.195381,372.342,0.0018,3.23255e-014,-0.522559,-0.143065,0.343203
-0.195381,372.342,0.00180031,-0.188372,-0.522697,-0.00901597,0.0216285
-0.195381,372.342,0.00180062,-0.376,-0.520773,0.125069,-0.300031
-0.195381,372.342,0.00180092,-0.562144,-0.516794,0.258661,-0.620507
-0.195381,372.342,0.00180123,-0.74607,-0.510775,0.391231,-0.938534
-0.195381,372.342,0.00180154,-0.927051,-0.50274,0.522258,-1.25286
-0.195381,372.342,0.00180185,-1.10437,-0.492721,0.651224,-1.56224
-0.195381,372.342,0.00180215,-1.27734,-0.480758,0.777619,-1.86545
-0.195381,372.342,0.00180246,-1.44526,-0.466897,0.900946,-2.1613
-0.195381,372.342,0.00180277,-1.60748,-0.451194,1.02072,-2.44862
-0.195381,372.342,0.00180308,-1.76336,-0.43371,1.13646,-2.72628
-0.195381,372.342,0.00180338,-1.91227,-0.414514,1.24772,-2.99318
-0.195381,372.342,0.00180369,-2.05364,-0.393683,1.35405,-3.24826
-0.195381,372.342,0.001804,-2.18691,-0.371297,1.45504,-3.49053
-0.195381,372.342,0.00180431,-2.31154,-0.347447,1.55029,-3.71902
-0.195381,372.342,0.00180462,-2.42705,-0.322225,1.63942,-3.93283
-0.195381,372.342,0.00180492,-2.53298,-0.295732,1.72207,-4.13113
-0.195381,372.342,0.00180523,-2.62892,-0.268071,1.79794,-4.31311
-0.195381,372.342,0.00180554,-2.71448,-0.239353,1.8667,-4.47808
-0.195381,372.342,0.00180585,-2.78933,-0.209689,1.9281,-4.62538
-0.195381,372.342,0.00180615,-2.85317,-0.179199,1.9819,-4.75441
-0.195381,372.342,0.00180646,-2.90575,-0.148001,2.02786,-4.86469
-0.195381,372.342,0.00180677,-2.94686,-0.116219,2.06583,-4.95577
-0.195381,372.342,0.00180708,-2.97634,-0.0839781,2.09564,-5.02729
-0.195381,372.342,0.00180738,-2.99408,-0.0514061,2.11719,-5.07897
-0.195381,372.342,0.00180769,-3,-0.0186311,2.13037,-5.1106
-0.195381,372.342,0.001808,-2.99408,0.0142174,2.13515,-5.12207
-0.195381,372.342,0.00180831,-2.97634,0.0470098,2.1315,-5.11332
-0.195381,372.342,0.00180862,-2.94686,0.0796166,2.11945,-5.08439
-0.195381,372.342,0.00180892,-2.90575,0.111909,2.09902,-5.03539
-0.195381,372.342,0.00180923,-2.85317,0.14376,2.07031,-4.96653
-0.195381,372.342,0.00180954,-2.78933,0.175044,2.03344,-4.87806
-0.195381,372.342,0.00180985,-2.71448,0.205637,1.98853,-4.77034
-0.195381,372.342,0.00181015,-2.62892,0.235418,1.93578,-4.64379
-0.195381,372.342,0.00181046,-2.53298,0.26427,1.87539,-4.49892
-0.195381,372.342,0.00181077,-2.42705,0.292079,1.8076,-4.33629
-0.195381,372.342,0.00181108,-2.31154,0.318736,1.73267,-4.15655
-0.195381,372.342,0.00181138,-2.18691,0.344134,1.65091,-3.96041
-0.195381,372.342,0.00181169,-2.05364,0.368175,1.56263,-3.74863
-0.195381,372.342,0.001812,-1.91227,0.390762,1.46818,-3.52206
-0.195381,372.342,0.00181231,-1.76336,0.411808,1.36794,-3.28159
-0.195381,372.342,0.00181262,-1.60748,0.431228,1.2623,-3.02817
-0.195381,372.342,0.00181292,-1.44526,0.448946,1.15168,-2.7628
-0.195381,372.342,0.00181323,-1.27734,0.464892,1.03652,-2.48653
-0.195381,372.342,0.00181354,-1.10437,0.479004,0.917261,-2.20044
-0.195381,372.342,0.00181385,-0.927051,0.491225,0.794385,-1.90567
-0.195381,372.342,0.00181415,-0.74607,0.501508,0.668373,-1.60338
-0.195381,372.342,0.00181446,-0.562144,0.509812,0.539723,-1.29476
-0.195381,372.342,0.00181477,-0.376,0.516103,0.408944,-0.981025
-0.195381,372.342,0.00181508,-0.188372,0.520358,0.27655,-0.663423
-0.195381,372.342,0.00181538,-6.46673e-014,0.522559,0.143065,-0.343203
-0.195381,372.342,0.00181569,0.188372,0.522697,0.00901587,-0.0216284
-0.195381,372.342,0.001816,0.376,0.520773,-0.125069,0.300031
-0.195381,372.342,0.00181631,0.562144,0.516794,-0.258661,0.620507
-0.195381,372.342,0.00181662,0.74607,0.510775,-0.391231,0.938534
-0.195381,372.342,0.00181692,0.927051,0.50274,-0.522258,1.25286
-0.195381,372.342,0.00181723,1.10437,0.492721,-0.651224,1.56224
-0.195381,372.342,0.00181754,1.27734,0.480758,-0.777619,1.86545
-0.195381,372.342,0.00181785,1.44526,0.466897,-0.900946,2.1613
-0.195381,372.342,0.00181815,1.60748,0.451194,-1.02072,2.44862
-0.195381,372.342,0.00181846,1.76336,0.43371,-1.13646,2.72628
-0.195381,372.342,0.00181877,1.91227,0.414514,-1.24772,2.99318
-0.195381,372.342,0.00181908,2.05364,0.393683,-1.35405,3.24826
-0.195381,372.342,0.00181938,2.18691,0.371297,-1.45504,3.49053
-0.195381,372.342,0.00181969,2.31154,0.347447,-1.55029,3.71902
-0.195381,372.342,0.00182,2.42705,0.322225,-1.63942,3.93283
-0.195381,372.342,0.00182031,2.53298,0.295732,-1.72207,4.13113
-0.195381,372.342,0.00182062,2.62892,0.268071,-1.79794,4.31311
-0.195381,372.342,0.00182092,2.71448,0.239353,-1.8667,4.47808
-0.195381,372.342,0.00182123,2.78933,0.209689,-1.9281,4.62538
-0.195381,372.342,0.00182154,2.85317,0.179199,-1.9819,4.75441
-0.195381,372.342,0.00182185,2.90575,0.148001,-2.02786,4.86469
-0.195381,372.342,0.00182215,2.94686,0.116219,-2.06583,4.95577
-0.195381,372.342,0.00182246,2.97634,0.0839781,-2.09564,5.02729
-0.195381,372.342,0.00182277,2.99408,0.051406,-2.11719,5.07897
-0.195381,372.342,0.00182308,3,0.0186311,-2.13037,5.1106
-0.195381,372.342,0.00182338,2.99408,-0.0142174,-2.13515,5.12207
-0.195381,372.342,0.00182369,2.97634,-0.0470098,-2.1315,5.11332
-0.195381,372.342,0.001824,2.94686,-0.0796166,-2.11945,5.08439
-0.195381,372.342,0.00182431,2.90575,-0.111909,-2.09902,5.03539
-0.195381,372.342,0.00182462,2.85317,-0.14376,-2.07031,4.96653
-0.195381,372.342,0.00182492,2.78933,-0.175044,-2.03344,4.87806
-0.195381,372.342,0.00182523,2.71448,-0.205637,-1.98853,4.77034
-0.195381,372.342,0.00182554,2.62892,-0.235418,-1.93578,4.64379
-0.195381,372.342,0.00182585,2.53298,-0.26427,-1.87539,4.49892
-0.195381,372.342,0.00182615,2.42705,-0.292079,-1.8076,4.33629
-0.195381,372.342,0.00182646,2.31154,-0.318736,-1.73267,4.15655
-0.195381,372.342,0.00182677,2.18691,-0.344135,-1.65091,3.96041
-0.195381,372.342,0.00182708,2.05364,-0.368175,-1.56263,3.74863
-0.195381,372.342,0.00182738,1.91227,-0.390762,-1.46818,3.52206
-0.195381,372.342,0.00182769,1.76336,-0.411808,-1.36794,3.28159
-0.195381,372.342,0.001828,1.60748,-0.431228,-1.2623,3.02817
-0.195381,372.342,0.00182831,1.44526,-0.448946,-1.15168,2.7628
-0.195381,372.342,0.00182862,1.27734,-0.464892,-1.03652,2.48653
-0.195381,372.342,0.00182892,1.10437,-0.479004,-0.917261,2.20044
-0.195381,372.342,0.00182923,0.927051,-0.491225,-0.794384,1.90567
-0.195381,372.342,0.00182954,0.74607,-0.501508,-0.668373,1.60338
-0.195381,372.342,0.00182985,0.562144,-0.509812,-0.539723,1.29475
-0.195381,372.342,0.00183015,0.376,-0.516103,-0.408944,0.981025
-0.195381,372.342,0.00183046,0.188372,-0.520358,-0.27655,0.663423
-0.195381,372.342,0.00183077,-7.35211e-014,-0.522559,-0.143065,0.343203
-0.195381,372.342,0.00183108,-0.188372,-0.522697,-0.0090158,0.0216283
-0.195381,372.342,0.00183138,-0.376,-0.520773,0.125069,-0.300032
-0.195381,372.342,0.00183169,-0.562144,-0.516794,0.258661,-0.620507
-0.195381,372.342,0.001832,-0.74607,-0.510775,0.391231,-0.938534
-0.195381,372.342,0.00183231,-0.927051,-0.50274,0.522258,-1.25286
-0.195381,372.342,0.00183262,-1.10437,-0.492721,0.651224,-1.56224
-0.195381,372.342,0.00183292,-1.27734,-0.480758,0.777619,-1.86545
-0.195381,372.342,0.00183323,-1.44526,-0.466897,0.900946,-2.1613
-0.195381,372.342,0.00183354,-1.60748,-0.451194,1.02072,-2.44862
-0.195381,372.342,0.00183385,-1.76336,-0.43371,1.13646,-2.72628
-0.195381,372.342,0.00183415,-1.91227,-0.414514,1.24772,-2.99318
-0.195381,372.342,0.00183446,-2.05364,-0.393683,1.35405,-3.24826
-0.195381,372.342,0.00183477,-2.18691,-0.371297,1.45504,-3.49053
-0.195381,372.342,0.00183508,-2.31154,-0.347447,1.55029,-3.71902
-0.195381,372.342,0.00183538,-2.42705,-0.322225,1.63942,-3.93283
-0.195381,372.342,0.00183569,-2.53298,-0.295732,1.72207,-4.13113
-0.195381,372.342,0.001836,-2.62892,-0.268071,1.79794,-4.31311
-0.195381,372.342,0.00183631,-2.71448,-0.239353,1.8667,-4.47808
-0.195381,372.342,0.00183662,-2.78933,-0.209689,1.9281,-4.62538
-0.195381,372.342,0.00183692,-2.85317,-0.179199,1.98189,-4.75441
-0.195381,372.342,0.00183723,-2.90575,-0.148001,2.02786,-4.86469
-0.195381,372.342,0.00183754,-2.94686,-0.116219,2.06583,-4.95577
-0.195381,372.342,0.00183785,-2.97634,-0.0839781,2.09564,-5.02729
-0.195381,372.342,0.00183815,-2.99408,-0.051406,2.11719,-5.07897
-0.195381,372.342,0.00183846,-3,-0.0186311,2.13037,-5.1106
-0.195381,372.342,0.00183877,-2.99408,0.0142174,2.13515,-5.12207
-0.195381,372.342,0.00183908,-2.97634,0.0470098,2.1315,-5.11332
-0.195381,372.342,0.00183938,-2.94686,0.0796166,2.11945,-5.08439
-0.195381,372.342,0.00183969,-2.90575,0.111909,2.09902,-5.03539
-0.195381,372.342,0.00184,-2.85317,0.14376,2.07031,-4.96653
-0.195381,372.342,0.00184031,-2.78933,0.175044,2.03344,-4.87806
-0.195381,372.342,0.00184062,-2.71448,0.205637,1.98853,-4.77034
-0.195381,372.342,0.00184092,-2.62892,0.235418,1.93578,-4.64379
-0.195381,372.342,0.00184123,-2.53298,0.26427,1.87539,-4.49892
-0.195381,372.342,0.00184154,-2.42705,0.292079,1.8076,-4.33629
-0.195381,372.342,0.00184185,-2.31154,0.318736,1.73267,-4.15655
-0.195381,372.342,0.00184215,-2.18691,0.344134,1.65091,-3.96041
-0.195381,372.342,0.00184246,-2.05364,0.368175,1.56263,-3.74863
-0.195381,372.342,0.00184277,-1.91227,0.390762,1.46818,-3.52206
-0.195381,372.342,0.00184308,-1.76336,0.411808,1.36794,-3.28159
-0.195381,372.342,0.00184338,-1.60748,0.431228,1.2623,-3.02817
-0.195381,372.342,0.00184369,-1.44526,0.448946,1.15168,-2.7628
-0.195381,372.342,0.001844,-1.27734,0.464892,1.03652,-2.48653
-0.195381,372.342,0.00184431,-1.10437,0.479004,0.917261,-2.20044
-0.195381,372.342,0.00184462,-0.927051,0.491225,0.794385,-1.90567
-0.195381,372.342,0.00184492,-0.74607,0.501508,0.668373,-1.60338
-0.195381,372.342,0.00184523,-0.562144,0.509812,0.539723,-1.29475
-0.195381,372.342,0.00184554,-0.376,0.516103,0.408944,-0.981025
-0.195381,372.342,0.00184585,-0.188372,0.520358,0.27655,-0.663423
