Amp, Phaseshift, Time, Vd, Vr, VL, VC
0.432256,372.09,0,0,0,0,0
0.432256,372.09,1.55039e-007,0.188372,0.00146024,0.188372,0
0.432256,372.09,3.10078e-007,0.376,0.00436365,0.374539,0.000452789
0.432256,372.09,4.65116e-007,0.562144,0.00868402,0.557328,0.00180586
0.432256,372.09,6.20155e-007,0.74607,0.0143862,0.73558,0.00449858
0.432256,372.09,7.75194e-007,0.927051,0.0214262,0.908166,0.00895941
0.432256,372.09,9.30233e-007,1.10437,0.0297517,1.07399,0.0156032
0.432256,372.09,1.08527e-006,1.27734,0.039302,1.23198,0.0248285
0.432256,372.09,1.24031e-006,1.44526,0.0500084,1.38113,0.0370152
0.432256,372.09,1.39535e-006,1.60748,0.0617949,1.52046,0.0525217
0.432256,372.09,1.55039e-006,1.76336,0.0745782,1.64904,0.0716829
0.432256,372.09,1.70543e-006,1.91227,0.0882682,1.76601,0.0948079
0.432256,372.09,1.86047e-006,2.05364,0.102769,1.87057,0.122178
0.432256,372.09,2.0155e-006,2.18691,0.117978,1.96196,0.154044
0.432256,372.09,2.17054e-006,2.31154,0.133788,2.03952,0.190626
0.432256,372.09,2.32558e-006,2.42705,0.150087,2.10264,0.232111
0.432256,372.09,2.48062e-006,2.53298,0.16676,2.15079,0.27865
0.432256,372.09,2.63566e-006,2.62892,0.183687,2.18351,0.330358
0.432256,372.09,2.7907e-006,2.71448,0.200744,2.20044,0.387315
0.432256,372.09,2.94574e-006,2.78933,0.217808,2.20127,0.449562
0.432256,372.09,3.10078e-006,2.85317,0.234753,2.1858,0.517099
0.432256,372.09,3.25581e-006,2.90575,0.251449,2.1539,0.589891
0.432256,372.09,3.41085e-006,2.94686,0.267771,2.10552,0.667859
0.432256,372.09,3.56589e-006,2.97634,0.283591,2.04071,0.750889
0.432256,372.09,3.72093e-006,2.99408,0.298781,1.9596,0.838824
0.432256,372.09,3.87597e-006,3,0.313219,1.86239,0.93147
0.432256,372.09,4.03101e-006,2.99408,0.32678,1.74939,1.02859
0.432256,372.09,4.18605e-006,2.97634,0.339345,1.62097,1.12992
0.432256,372.09,4.34109e-006,2.94686,0.3508,1.4776,1.23514
0.432256,372.09,4.49612e-006,2.90575,0.361031,1.31981,1.34392
0.432256,372.09,4.65116e-006,2.85317,0.369932,1.14822,1.45586
0.432256,372.09,4.8062e-006,2.78933,0.377401,0.963533,1.57057
0.432256,372.09,4.96124e-006,2.71448,0.383343,0.766508,1.6876
0.432256,372.09,5.11628e-006,2.62892,0.387668,0.557981,1.80646
0.432256,372.09,5.27132e-006,2.53298,0.390295,0.338853,1.92667
0.432256,372.09,5.42636e-006,2.42705,0.391148,0.110087,2.04769
0.432256,372.09,5.5814e-006,2.31154,0.390162,-0.1273,2.16898
0.432256,372.09,5.73643e-006,2.18691,0.387276,-0.372233,2.28996
0.432256,372.09,5.89147e-006,2.05364,0.382442,-0.623592,2.41004
0.432256,372.09,6.04651e-006,1.91227,0.375619,-0.880213,2.52863
0.432256,372.09,6.20155e-006,1.76336,0.366775,-1.14089,2.6451
0.432256,372.09,6.35659e-006,1.60748,0.355888,-1.4044,2.75883
0.432256,372.09,6.51163e-006,1.44526,0.342946,-1.66946,2.86918
0.432256,372.09,6.66667e-006,1.27734,0.327948,-1.93479,2.97552
0.432256,372.09,6.82171e-006,1.10437,0.310901,-2.1991,3.07721
0.432256,372.09,6.97674e-006,0.927051,0.291823,-2.46106,3.17361
0.432256,372.09,7.13178e-006,0.74607,0.270742,-2.71937,3.2641
0.432256,372.09,7.28682e-006,0.562144,0.247698,-2.9727,3.34805
0.432256,372.09,7.44186e-006,0.376,0.222739,-3.21975,3.42486
0.432256,372.09,7.5969e-006,0.188372,0.195923,-3.45923,3.49393
0.432256,372.09,7.75194e-006,3.67382e-016,0.16732,-3.68985,3.55468
0.432256,372.09,7.90698e-006,-0.188372,0.137007,-3.91037,3.60656
0.432256,372.09,8.06202e-006,-0.376,0.105072,-4.11957,3.64904
0.432256,372.09,8.21705e-006,-0.562144,0.0716127,-4.31626,3.68162
0.432256,372.09,8.37209e-006,-0.74607,0.0367344,-4.4993,3.70383
0.432256,372.09,8.52713e-006,-0.927051,0.00055132,-4.66761,3.71522
0.432256,372.09,8.68217e-006,-1.10437,-0.0368141,-4.82014,3.71539
0.432256,372.09,8.83721e-006,-1.27734,-0.0752321,-4.95591,3.70397
0.432256,372.09,8.99225e-006,-1.44526,-0.114565,-5.074,3.68065
0.432256,372.09,9.14729e-006,-1.60748,-0.154671,-5.17356,3.64512
0.432256,372.09,9.30233e-006,-1.76336,-0.195398,-5.25381,3.59716
0.432256,372.09,9.45736e-006,-1.91227,-0.236592,-5.31404,3.53657
0.432256,372.09,9.6124e-006,-2.05364,-0.278093,-5.35362,3.46321
0.432256,372.09,9.76744e-006,-2.18691,-0.319736,-5.37202,3.37698
0.432256,372.09,9.92248e-006,-2.31154,-0.361355,-5.36878,3.27784
0.432256,372.09,1.00775e-005,-2.42705,-0.402778,-5.34353,3.16579
0.432256,372.09,1.02326e-005,-2.53298,-0.443832,-5.296,3.0409
0.432256,372.09,1.03876e-005,-2.62892,-0.484343,-5.22599,2.90328
0.432256,372.09,1.05426e-005,-2.71448,-0.524137,-5.13341,2.75309
0.432256,372.09,1.06977e-005,-2.78933,-0.563039,-5.01828,2.59057
0.432256,372.09,1.08527e-005,-2.85317,-0.600874,-4.8807,2.41598
0.432256,372.09,1.10078e-005,-2.90575,-0.637469,-4.72086,2.22967
0.432256,372.09,1.11628e-005,-2.94686,-0.672656,-4.53906,2.032
0.432256,372.09,1.13178e-005,-2.97634,-0.706266,-4.33569,1.82343
0.432256,372.09,1.14729e-005,-2.99408,-0.738136,-4.11124,1.60443
0.432256,372.09,1.16279e-005,-3,-0.768107,-3.86629,1.37555
0.432256,372.09,1.17829e-005,-2.99408,-0.796026,-3.60152,1.13738
0.432256,372.09,1.1938e-005,-2.97634,-0.821745,-3.31769,0.890546
0.432256,372.09,1.2093e-005,-2.94686,-0.845122,-3.01566,0.635742
0.432256,372.09,1.22481e-005,-2.90575,-0.866024,-2.69637,0.373688
0.432256,372.09,1.24031e-005,-2.85317,-0.884325,-2.36083,0.105154
0.432256,372.09,1.25581e-005,-2.78933,-0.899907,-2.01016,-0.169055
0.432256,372.09,1.27132e-005,-2.71448,-0.912663,-1.64552,-0.448096
0.432256,372.09,1.28682e-005,-2.62892,-0.922494,-1.26816,-0.731093
0.432256,372.09,1.30233e-005,-2.53298,-0.929311,-0.879397,-1.01714
0.432256,372.09,1.31783e-005,-2.42705,-0.933037,-0.480602,-1.3053
0.432256,372.09,1.33333e-005,-2.31154,-0.933604,-0.0732069,-1.59461
0.432256,372.09,1.34884e-005,-2.18691,-0.930958,0.341308,-1.8841
0.432256,372.09,1.36434e-005,-2.05364,-0.925056,0.761417,-2.17277
0.432256,372.09,1.37984e-005,-1.91227,-0.915866,1.18555,-2.45961
0.432256,372.09,1.39535e-005,-1.76336,-0.903369,1.61212,-2.7436
0.432256,372.09,1.41085e-005,-1.60748,-0.887559,2.03949,-3.02371
0.432256,372.09,1.42636e-005,-1.44526,-0.868442,2.46601,-3.29892
0.432256,372.09,1.44186e-005,-1.27734,-0.846039,2.89003,-3.56821
0.432256,372.09,1.45736e-005,-1.10437,-0.820381,3.30987,-3.83055
0.432256,372.09,1.47287e-005,-0.927051,-0.791514,3.72388,-4.08493
0.432256,372.09,1.48837e-005,-0.74607,-0.759495,4.13037,-4.33036
0.432256,372.09,1.50388e-005,-0.562144,-0.724397,4.52771,-4.56586
0.432256,372.09,1.51938e-005,-0.376,-0.686302,4.91426,-4.79048
0.432256,372.09,1.53488e-005,-0.188372,-0.645306,5.28841,-5.00329
0.432256,372.09,1.55039e-005,-7.34764e-016,-0.601519,5.64859,-5.20338
0.432256,372.09,1.56589e-005,0.188372,-0.555059,5.99327,-5.3899
0.432256,372.09,1.5814e-005,0.376,-0.50606,6.32096,-5.56201
0.432256,372.09,1.5969e-005,0.562144,-0.454663,6.63021,-5.71893
0.432256,372.09,1.6124e-005,0.74607,-0.401022,6.91966,-5.85991
0.432256,372.09,1.62791e-005,0.927051,-0.345301,7.18798,-5.98426
0.432256,372.09,1.64341e-005,1.10437,-0.287674,7.43393,-6.09133
0.432256,372.09,1.65891e-005,1.27734,-0.228322,7.65634,-6.18053
0.432256,372.09,1.67442e-005,1.44526,-0.167438,7.85411,-6.25133
0.432256,372.09,1.68992e-005,1.60748,-0.105219,8.02624,-6.30324
0.432256,372.09,1.70543e-005,1.76336,-0.0418714,8.17182,-6.33587
0.432256,372.09,1.72093e-005,1.91227,0.0223923,8.29001,-6.34885
0.432256,372.09,1.73643e-005,2.05364,0.0873543,8.3801,-6.34191
0.432256,372.09,1.75194e-005,2.18691,0.152792,8.44146,-6.31482
0.432256,372.09,1.76744e-005,2.31154,0.218479,8.47357,-6.26745
0.432256,372.09,1.78295e-005,2.42705,0.284184,8.47602,-6.1997
0.432256,372.09,1.79845e-005,2.53298,0.349676,8.4485,-6.11158
0.432256,372.09,1.81395e-005,2.62892,0.414722,8.39083,-6.00316
0.432256,372.09,1.82946e-005,2.71448,0.479085,8.30291,-5.87456
0.432256,372.09,1.84496e-005,2.78933,0.542533,8.1848,-5.72601
0.432256,372.09,1.86047e-005,2.85317,0.604833,8.03664,-5.55778
0.432256,372.09,1.87597e-005,2.90575,0.665753,7.8587,-5.37023
0.432256,372.09,1.89147e-005,2.94686,0.725066,7.65134,-5.1638
0.432256,372.09,1.90698e-005,2.97634,0.782547,7.41508,-4.93897
0.432256,372.09,1.92248e-005,2.99408,0.837977,7.1505,-4.69632
0.432256,372.09,1.93798e-005,3,0.891143,6.85834,-4.43648
0.432256,372.09,1.95349e-005,2.99408,0.941836,6.53942,-4.16016
0.432256,372.09,1.96899e-005,2.97634,0.989857,6.19467,-3.86812
0.432256,372.09,1.9845e-005,2.94686,1.03501,5.82512,-3.56119
0.432256,372.09,2e-005,2.90575,1.07712,5.43192,-3.24025
0.432256,372.09,2.0155e-005,2.85317,1.11601,5.0163,-2.90626
0.432256,372.09,2.03101e-005,2.78933,1.15151,4.57958,-2.56021
0.432256,372.09,2.04651e-005,2.71448,1.18347,4.12319,-2.20316
0.432256,372.09,2.06202e-005,2.62892,1.21175,3.64861,-1.83619
0.432256,372.09,2.07752e-005,2.53298,1.23623,3.15742,-1.46045
0.432256,372.09,2.09302e-005,2.42705,1.25678,2.65127,-1.07712
0.432256,372.09,2.10853e-005,2.31154,1.27331,2.13188,-0.687424
0.432256,372.09,2.12403e-005,2.18691,1.28572,1.60102,-0.2926
0.432256,372.09,2.13953e-005,2.05364,1.29394,1.06052,0.106073
0.432256,372.09,2.15504e-005,1.91227,1.29791,0.512258,0.507295
0.432256,372.09,2.17054e-005,1.76336,1.29759,-0.0418509,0.909748
0.432256,372.09,2.18605e-005,1.60748,1.29294,-0.599855,1.3121
0.432256,372.09,2.20155e-005,1.44526,1.28395,-1.15978,1.71301
0.432256,372.09,2.21705e-005,1.27734,1.27062,-1.71962,2.11113
0.432256,372.09,2.23256e-005,1.10437,1.25296,-2.27738,2.50512
0.432256,372.09,2.24806e-005,0.927051,1.23102,-2.83104,2.89364
0.432256,372.09,2.26357e-005,0.74607,1.20483,-3.37859,3.27535
0.432256,372.09,2.27907e-005,0.562144,1.17445,-3.91803,3.64894
0.432256,372.09,2.29457e-005,0.376,1.13998,-4.44739,4.01311
0.432256,372.09,2.31008e-005,0.188372,1.10149,-4.96472,4.36659
0.432256,372.09,2.32558e-005,1.10215e-015,1.0591,-5.46808,4.70814
0.432256,372.09,2.34109e-005,-0.188372,1.01294,-5.95561,5.03654
0.432256,372.09,2.35659e-005,-0.376,0.963125,-6.42548,5.35063
0.432256,372.09,2.37209e-005,-0.562144,0.909824,-6.8759,5.64928
0.432256,372.09,2.3876e-005,-0.74607,0.853195,-7.30517,5.93139
0.432256,372.09,2.4031e-005,-0.927051,0.793414,-7.71164,6.19595
0.432256,372.09,2.4186e-005,-1.10437,0.730672,-8.09374,6.44197
0.432256,372.09,2.43411e-005,-1.27734,0.665169,-8.44998,6.66853
0.432256,372.09,2.44961e-005,-1.44526,0.597115,-8.77896,6.87479
0.432256,372.09,2.46512e-005,-1.60748,0.526732,-9.07938,7.05994
0.432256,372.09,2.48062e-005,-1.76336,0.454251,-9.35003,7.22327
0.432256,372.09,2.49612e-005,-1.91227,0.379912,-9.58979,7.36412
0.432256,372.09,2.51163e-005,-2.05364,0.303961,-9.79767,7.48192
0.432256,372.09,2.52713e-005,-2.18691,0.226652,-9.97279,7.57617
0.432256,372.09,2.54264e-005,-2.31154,0.148246,-10.1144,7.64645
0.432256,372.09,2.55814e-005,-2.42705,0.0690079,-10.2217,7.69242
0.432256,372.09,2.57364e-005,-2.53298,-0.0107938,-10.2944,7.71382
0.432256,372.09,2.58915e-005,-2.62892,-0.0908864,-10.3319,7.71047
0.432256,372.09,2.60465e-005,-2.71448,-0.170995,-10.3341,7.68229
0.432256,372.09,2.62016e-005,-2.78933,-0.250845,-10.3006,7.62927
0.432256,372.09,2.63566e-005,-2.85317,-0.33016,-10.2316,7.55149
0.432256,372.09,2.65116e-005,-2.90575,-0.408664,-10.1271,7.44911
0.432256,372.09,2.66667e-005,-2.94686,-0.486085,-9.98731,7.32239
0.432256,372.09,2.68217e-005,-2.97634,-0.562152,-9.81265,7.17167
0.432256,372.09,2.69767e-005,-2.99408,-0.636599,-9.6036,6.99736
0.432256,372.09,2.71318e-005,-3,-0.709163,-9.36076,6.79996
0.432256,372.09,2.72868e-005,-2.99408,-0.779588,-9.08488,6.58007
0.432256,372.09,2.74419e-005,-2.97634,-0.847626,-8.77682,6.33834
0.432256,372.09,2.75969e-005,-2.94686,-0.913033,-8.43757,6.07551
0.432256,372.09,2.77519e-005,-2.90575,-0.975578,-8.06822,5.79239
0.432256,372.09,2.7907e-005,-2.85317,-1.03503,-7.66999,5.48989
0.432256,372.09,2.8062e-005,-2.78933,-1.09119,-7.24418,5.16895
0.432256,372.09,2.82171e-005,-2.71448,-1.14384,-6.79224,4.83059
0.432256,372.09,2.83721e-005,-2.62892,-1.1928,-6.31567,4.47591
0.432256,372.09,2.85271e-005,-2.53298,-1.23789,-5.8161,4.10605
0.432256,372.09,2.86822e-005,-2.42705,-1.27894,-5.29522,3.72221
0.432256,372.09,2.88372e-005,-2.31154,-1.3158,-4.75481,3.32564
0.432256,372.09,2.89922e-005,-2.18691,-1.34833,-4.19675,2.91764
0.432256,372.09,2.91473e-005,-2.05364,-1.37641,-3.62296,2.49956
0.432256,372.09,2.93023e-005,-1.91227,-1.39994,-3.03541,2.07276
0.432256,372.09,2.94574e-005,-1.76336,-1.41883,-2.43617,1.63867
0.432256,372.09,2.96124e-005,-1.60748,-1.43299,-1.82732,1.19872
0.432256,372.09,2.97674e-005,-1.44526,-1.44238,-1.21099,0.754383
0.432256,372.09,2.99225e-005,-1.27734,-1.44695,-0.589339,0.307133
0.432256,372.09,3.00775e-005,-1.10437,-1.44668,0.0354442,-0.141534
0.432256,372.09,3.02326e-005,-0.927051,-1.44155,0.661159,-0.590116
0.432256,372.09,3.03876e-005,-0.74607,-1.43158,1.2856,-1.03711
0.432256,372.09,3.05426e-005,-0.562144,-1.41681,1.90655,-1.48101
0.432256,372.09,3.06977e-005,-0.376,-1.39726,2.52182,-1.92033
0.432256,372.09,3.08527e-005,-0.188372,-1.373,3.12921,-2.35359
0.432256,372.09,3.10078e-005,-1.46953e-015,-1.34411,3.72659,-2.77932
0.432256,372.09,3.11628e-005,0.188372,-1.31069,4.31181,-3.1961
0.432256,372.09,3.13178e-005,0.376,-1.27283,4.88279,-3.60252
0.432256,372.09,3.14729e-005,0.562144,-1.23068,5.4375,-3.99719
0.432256,372.09,3.16279e-005,0.74607,-1.18437,5.97395,-4.3788
0.432256,372.09,3.17829e-005,0.927051,-1.13406,6.49023,-4.74605
0.432256,372.09,3.1938e-005,1.10437,-1.07992,6.98449,-5.0977
0.432256,372.09,3.2093e-005,1.27734,-1.02213,7.45495,-5.43256
0.432256,372.09,3.22481e-005,1.44526,-0.960889,7.89994,-5.74949
0.432256,372.09,3.24031e-005,1.60748,-0.896409,8.31786,-6.04744
0.432256,372.09,3.25581e-005,1.76336,-0.828911,8.70721,-6.3254
0.432256,372.09,3.27132e-005,1.91227,-0.758628,9.06658,-6.58243
0.432256,372.09,3.28682e-005,2.05364,-0.685801,9.3947,-6.81766
0.432256,372.09,3.30233e-005,2.18691,-0.610682,9.69037,-7.03031
0.432256,372.09,3.31783e-005,2.31154,-0.53353,9.95253,-7.21967
0.432256,372.09,3.33333e-005,2.42705,-0.454613,10.1803,-7.38511
0.432256,372.09,3.34884e-005,2.53298,-0.374205,10.3727,-7.52607
0.432256,372.09,3.36434e-005,2.62892,-0.292583,10.5292,-7.6421
0.432256,372.09,3.37984e-005,2.71448,-0.210032,10.6492,-7.73283
0.432256,372.09,3.39535e-005,2.78933,-0.126836,10.7322,-7.79795
0.432256,372.09,3.41085e-005,2.85317,-0.0432862,10.778,-7.83728
0.432256,372.09,3.42636e-005,2.90575,0.0403287,10.7863,-7.85071
0.432256,372.09,3.44186e-005,2.94686,0.123718,10.7572,-7.8382
0.432256,372.09,3.45736e-005,2.97634,0.206593,10.6908,-7.79984
0.432256,372.09,3.47287e-005,2.99408,0.288665,10.5873,-7.73578
0.432256,372.09,3.48837e-005,3,0.36965,10.4471,-7.64627
0.432256,372.09,3.50388e-005,2.99408,0.449268,10.2707,-7.53165
0.432256,372.09,3.51938e-005,2.97634,0.527243,10.0587,-7.39234
0.432256,372.09,3.53488e-005,2.94686,0.603305,9.81196,-7.22886
0.432256,372.09,3.55039e-005,2.90575,0.677191,9.5313,-7.04178
0.432256,372.09,3.56589e-005,2.85317,0.748646,9.21776,-6.8318
0.432256,372.09,3.5814e-005,2.78933,0.817425,8.87249,-6.59966
0.432256,372.09,3.5969e-005,2.71448,0.883291,8.49672,-6.3462
0.432256,372.09,3.6124e-005,2.62892,0.946018,8.09183,-6.07231
0.432256,372.09,3.62791e-005,2.53298,1.00539,7.65928,-5.77897
0.432256,372.09,3.64341e-005,2.42705,1.06121,7.20063,-5.46722
0.432256,372.09,3.65891e-005,2.31154,1.11329,6.71755,-5.13816
0.432256,372.09,3.67442e-005,2.18691,1.16144,6.21178,-4.79296
0.432256,372.09,3.68992e-005,2.05364,1.20551,5.68516,-4.43282
0.432256,372.09,3.70543e-005,1.91227,1.24535,5.13958,-4.05902
0.432256,372.09,3.72093e-005,1.76336,1.28083,4.57703,-3.67287
0.432256,372.09,3.73643e-005,1.60748,1.31184,3.99951,-3.27571
0.432256,372.09,3.75194e-005,1.44526,1.33826,3.40913,-2.86894
0.432256,372.09,3.76744e-005,1.27734,1.36003,2.80801,-2.45397
0.432256,372.09,3.78295e-005,1.10437,1.37707,2.19831,-2.03226
0.432256,372.09,3.79845e-005,0.927051,1.38934,1.58224,-1.60526
0.432256,372.09,3.81395e-005,0.74607,1.3968,0.961989,-1.17445
0.432256,372.09,3.82946e-005,0.562144,1.39943,0.339804,-0.74134
0.432256,372.09,3.84496e-005,0.376,1.39724,-0.28209,-0.307408
0.432256,372.09,3.86047e-005,0.188372,1.39025,-0.901463,0.125845
0.432256,372.09,3.87597e-005,1.83691e-015,1.3785,-1.5161,0.556932
0.432256,372.09,3.89147e-005,-0.188372,1.36204,-2.12381,0.984374
0.432256,372.09,3.90698e-005,-0.376,1.34093,-2.72241,1.40671
0.432256,372.09,3.92248e-005,-0.562144,1.31528,-3.30979,1.82251
0.432256,372.09,3.93798e-005,-0.74607,1.28517,-3.88385,2.23034
0.432256,372.09,3.95349e-005,-0.927051,1.25073,-4.44256,2.62885
0.432256,372.09,3.96899e-005,-1.10437,1.2121,-4.98395,3.01667
0.432256,372.09,3.9845e-005,-1.27734,1.16941,-5.5061,3.39251
0.432256,372.09,4e-005,-1.44526,1.12285,-6.00719,3.75512
0.432256,372.09,4.0155e-005,-1.60748,1.07257,-6.48545,4.10329
0.432256,372.09,4.03101e-005,-1.76336,1.01878,-6.93922,4.43587
0.432256,372.09,4.04651e-005,-1.91227,0.961671,-7.36692,4.75177
0.432256,372.09,4.06202e-005,-2.05364,0.901461,-7.76708,5.04996
0.432256,372.09,4.07752e-005,-2.18691,0.838373,-8.13833,5.32949
0.432256,372.09,4.09302e-005,-2.31154,0.772641,-8.4794,5.58945
0.432256,372.09,4.10853e-005,-2.42705,0.704508,-8.78914,5.82902
0.432256,372.09,4.12403e-005,-2.53298,0.634225,-9.06652,6.04748
0.432256,372.09,4.13953e-005,-2.62892,0.56205,-9.31062,6.24414
0.432256,372.09,4.15504e-005,-2.71448,0.488246,-9.52067,6.41841
0.432256,372.09,4.17054e-005,-2.78933,0.413083,-9.69599,6.56981
0.432256,372.09,4.18605e-005,-2.85317,0.336835,-9.83606,6.6979
0.432256,372.09,4.20155e-005,-2.90575,0.259777,-9.94048,6.80234
0.432256,372.09,4.21705e-005,-2.94686,0.182188,-10.009,6.88289
0.432256,372.09,4.23256e-005,-2.97634,0.104347,-10.0414,6.93939
0.432256,372.09,4.24806e-005,-2.99408,0.0265348,-10.0378,6.97174
0.432256,372.09,4.26357e-005,-3,-0.0509712,-9.99828,6.97997
0.432256,372.09,4.27907e-005,-2.99408,-0.127894,-9.92308,6.96416
0.432256,372.09,4.29457e-005,-2.97634,-0.203961,-9.81261,6.92451
0.432256,372.09,4.31008e-005,-2.94686,-0.278902,-9.66741,6.86126
0.432256,372.09,4.32558e-005,-2.90575,-0.352453,-9.48811,6.77478
0.432256,372.09,4.34109e-005,-2.85317,-0.424357,-9.2755,6.66549
0.432256,372.09,4.35659e-005,-2.78933,-0.49436,-9.03047,6.53391
0.432256,372.09,4.37209e-005,-2.71448,-0.562221,-8.75403,6.38062
0.432256,372.09,4.3876e-005,-2.62892,-0.627704,-8.44732,6.20629
0.432256,372.09,4.4031e-005,-2.53298,-0.690584,-8.11157,6.01165
0.432256,372.09,4.4186e-005,-2.42705,-0.750647,-7.74812,5.79752
0.432256,372.09,4.43411e-005,-2.31154,-0.807689,-7.35841,5.56476
0.432256,372.09,4.44961e-005,-2.18691,-0.861518,-6.94397,5.31431
0.432256,372.09,4.46512e-005,-2.05364,-0.911956,-6.50643,5.04717
0.432256,372.09,4.48062e-005,-1.91227,-0.958836,-6.04749,4.7644
0.432256,372.09,4.49612e-005,-1.76336,-1.00201,-5.56892,4.46708
0.432256,372.09,4.51163e-005,-1.60748,-1.04133,-5.07256,4.15638
0.432256,372.09,4.52713e-005,-1.44526,-1.07668,-4.56032,3.83349
0.432256,372.09,4.54264e-005,-1.27734,-1.10795,-4.03415,3.49964
0.432256,372.09,4.55814e-005,-1.10437,-1.13505,-3.49606,3.15609
0.432256,372.09,4.57364e-005,-0.927051,-1.15791,-2.94809,2.80413
0.432256,372.09,4.58915e-005,-0.74607,-1.17645,-2.3923,2.44509
0.432256,372.09,4.60465e-005,-0.562144,-1.19064,-1.83078,2.0803
0.432256,372.09,4.62016e-005,-0.376,-1.20045,-1.26566,1.71111
0.432256,372.09,4.63566e-005,-0.188372,-1.20587,-0.699026,1.33888
0.432256,372.09,4.65116e-005,-2.20429e-015,-1.2069,-0.133002,0.964961
0.432256,372.09,4.66667e-005,0.188372,-1.20357,0.430315,0.590727
0.432256,372.09,4.68217e-005,0.376,-1.1959,0.988841,0.217528
0.432256,372.09,4.69767e-005,0.562144,-1.18396,1.54052,-0.153295
0.432256,372.09,4.71318e-005,0.74607,-1.16781,2.08333,-0.520415
0.432256,372.09,4.72868e-005,0.927051,-1.14754,2.61528,-0.882527
0.432256,372.09,4.74419e-005,1.10437,-1.12324,3.13444,-1.23835
0.432256,372.09,4.75969e-005,1.27734,-1.09503,3.63893,-1.58664
0.432256,372.09,4.77519e-005,1.44526,-1.06304,4.12694,-1.92619
0.432256,372.09,4.7907e-005,1.60748,-1.02741,4.59671,-2.25581
0.432256,372.09,4.8062e-005,1.76336,-0.988285,5.04657,-2.57439
0.432256,372.09,4.82171e-005,1.91227,-0.945844,5.47495,-2.88083
0.432256,372.09,4.83721e-005,2.05364,-0.90026,5.88032,-3.17412
0.432256,372.09,4.85271e-005,2.18691,-0.851723,6.26128,-3.45327
0.432256,372.09,4.86822e-005,2.31154,-0.800432,6.61653,-3.71737
0.432256,372.09,4.88372e-005,2.42705,-0.746596,6.94485,-3.96556
0.432256,372.09,4.89922e-005,2.53298,-0.690432,7.24514,-4.19707
0.432256,372.09,4.91473e-005,2.62892,-0.632165,7.51642,-4.41115
0.432256,372.09,4.93023e-005,2.71448,-0.572027,7.7578,-4.60718
0.432256,372.09,4.94574e-005,2.78933,-0.510256,7.96853,-4.78455
0.432256,372.09,4.96124e-005,2.85317,-0.447093,8.14797,-4.94277
0.432256,372.09,4.97674e-005,2.90575,-0.382786,8.29561,-5.0814
0.432256,372.09,4.99225e-005,2.94686,-0.317584,8.41105,-5.20009
0.432256,372.09,5.00775e-005,2.97634,-0.251739,8.49402,-5.29857
0.432256,372.09,5.02326e-005,2.99408,-0.185503,8.54439,-5.37663
0.432256,372.09,5.03876e-005,3,-0.11913,8.56213,-5.43415
0.432256,372.09,5.05426e-005,2.99408,-0.0528716,8.54736,-5.47109
0.432256,372.09,5.06977e-005,2.97634,0.0130222,8.5003,-5.48748
0.432256,372.09,5.08527e-005,2.94686,0.0783038,8.42132,-5.48344
0.432256,372.09,5.10078e-005,2.90575,0.142729,8.31089,-5.45916
0.432256,372.09,5.11628e-005,2.85317,0.20606,8.1696,-5.41491
0.432256,372.09,5.13178e-005,2.78933,0.268061,7.99818,-5.35101
0.432256,372.09,5.14729e-005,2.71448,0.328506,7.79743,-5.26789
0.432256,372.09,5.16279e-005,2.62892,0.387175,7.56831,-5.16603
0.432256,372.09,5.17829e-005,2.53298,0.443856,7.31184,-5.04598
0.432256,372.09,5.1938e-005,2.42705,0.498346,7.02917,-4.90835
0.432256,372.09,5.2093e-005,2.31154,0.550451,6.72154,-4.75382
0.432256,372.09,5.22481e-005,2.18691,0.599988,6.39028,-4.58314
0.432256,372.09,5.24031e-005,2.05364,0.646785,6.03679,-4.3971
0.432256,372.09,5.25581e-005,1.91227,0.690681,5.66258,-4.19654
0.432256,372.09,5.27132e-005,1.76336,0.731527,5.26922,-3.98238
0.432256,372.09,5.28682e-005,1.60748,0.769189,4.85833,-3.75555
0.432256,372.09,5.30233e-005,1.44526,0.803542,4.43162,-3.51704
0.432256,372.09,5.31783e-005,1.27734,0.834479,3.99083,-3.26788
0.432256,372.09,5.33333e-005,1.10437,0.861904,3.53777,-3.00913
0.432256,372.09,5.34884e-005,0.927051,0.885735,3.07427,-2.74187
0.432256,372.09,5.36434e-005,0.74607,0.905907,2.6022,-2.46722
0.432256,372.09,5.37984e-005,0.562144,0.922368,2.12346,-2.18632
0.432256,372.09,5.39535e-005,0.376,0.935081,1.63995,-1.90031
0.432256,372.09,5.41085e-005,0.188372,0.944024,1.15361,-1.61037
0.432256,372.09,5.42636e-005,2.57167e-015,0.949189,0.666343,-1.31765
0.432256,372.09,5.44186e-005,-0.188372,0.950585,0.180086,-1.02332
0.432256,372.09,5.45736e-005,-0.376,0.948234,-0.303261,-0.728569
0.432256,372.09,5.47287e-005,-0.562144,0.942174,-0.781809,-0.434543
0.432256,372.09,5.48837e-005,-0.74607,0.932455,-1.2537,-0.142396
0.432256,372.09,5.50388e-005,-0.927051,0.919144,-1.71711,0.146737
0.432256,372.09,5.51938e-005,-1.10437,0.902321,-2.17026,0.431743
0.432256,372.09,5.53488e-005,-1.27734,0.882077,-2.6114,0.711533
0.432256,372.09,5.55039e-005,-1.44526,0.85852,-3.03887,0.985045
0.432256,372.09,5.56589e-005,-1.60748,0.831768,-3.45105,1.25125
0.432256,372.09,5.5814e-005,-1.76336,0.801951,-3.84638,1.50917
0.432256,372.09,5.5969e-005,-1.91227,0.769211,-4.22339,1.75783
0.432256,372.09,5.6124e-005,-2.05364,0.733702,-4.58068,1.99635
0.432256,372.09,5.62791e-005,-2.18691,0.695586,-4.91696,2.22385
0.432256,372.09,5.64341e-005,-2.31154,0.655036,-5.23098,2.43954
0.432256,372.09,5.65891e-005,-2.42705,0.612233,-5.52162,2.64265
0.432256,372.09,5.67442e-005,-2.53298,0.567366,-5.78787,2.83249
0.432256,372.09,5.68992e-005,-2.62892,0.520631,-6.02877,3.00842
0.432256,372.09,5.70543e-005,-2.71448,0.472231,-6.24353,3.16985
0.432256,372.09,5.72093e-005,-2.78933,0.422376,-6.43141,3.31628
0.432256,372.09,5.73643e-005,-2.85317,0.371276,-6.59183,3.44725
0.432256,372.09,5.75194e-005,-2.90575,0.31915,-6.72428,3.56237
0.432256,372.09,5.76744e-005,-2.94686,0.266217,-6.82839,3.66134
0.432256,372.09,5.78295e-005,-2.97634,0.212698,-6.9039,3.74388
0.432256,372.09,5.79845e-005,-2.99408,0.158817,-6.95066,3.80984
0.432256,372.09,5.81395e-005,-3,0.104797,-6.96865,3.85908
0.432256,372.09,5.82946e-005,-2.99408,0.0508588,-6.95796,3.89158
0.432256,372.09,5.84496e-005,-2.97634,-0.0027751,-6.91878,3.90735
0.432256,372.09,5.86047e-005,-2.94686,-0.055887,-6.85143,3.90649
0.432256,372.09,5.87597e-005,-2.90575,-0.108262,-6.75635,3.88916
0.432256,372.09,5.89147e-005,-2.85317,-0.159689,-6.63406,3.85559
0.432256,372.09,5.90698e-005,-2.78933,-0.209962,-6.48523,3.80607
0.432256,372.09,5.92248e-005,-2.71448,-0.258881,-6.31059,3.74097
0.432256,372.09,5.93798e-005,-2.62892,-0.306253,-6.11101,3.66069
0.432256,372.09,5.95349e-005,-2.53298,-0.351892,-5.88742,3.56573
0.432256,372.09,5.96899e-005,-2.42705,-0.39562,-5.64089,3.45662
0.432256,372.09,5.9845e-005,-2.31154,-0.437268,-5.37254,3.33395
0.432256,372.09,6e-005,-2.18691,-0.476675,-5.08358,3.19836
0.432256,372.09,6.0155e-005,-2.05364,-0.513693,-4.77532,3.05055
0.432256,372.09,6.03101e-005,-1.91227,-0.548183,-4.44913,2.89127
0.432256,372.09,6.04651e-005,-1.76336,-0.580015,-4.10644,2.72129
0.432256,372.09,6.06202e-005,-1.60748,-0.609076,-3.74875,2.54144
0.432256,372.09,6.07752e-005,-1.44526,-0.635259,-3.37762,2.35258
0.432256,372.09,6.09302e-005,-1.27734,-0.658473,-2.99466,2.1556
0.432256,372.09,6.10853e-005,-1.10437,-0.67864,-2.6015,1.95142
0.432256,372.09,6.12403e-005,-0.927051,-0.695693,-2.19983,1.74099
0.432256,372.09,6.13953e-005,-0.74607,-0.709579,-1.79137,1.52527
0.432256,372.09,6.15504e-005,-0.562144,-0.72026,-1.37784,1.30525
0.432256,372.09,6.17054e-005,-0.376,-0.72771,-0.960986,1.08191
0.432256,372.09,6.18605e-005,-0.188372,-0.731916,-0.542572,0.856264
0.432256,372.09,6.20155e-005,-2.93906e-015,-0.73288,-0.124348,0.629313
0.432256,372.09,6.21705e-005,0.188372,-0.730617,0.291938,0.402064
0.432256,372.09,6.23256e-005,0.376,-0.725155,0.704553,0.175516
0.432256,372.09,6.24806e-005,0.562144,-0.716536,1.11178,-0.0493384
0.432256,372.09,6.26357e-005,0.74607,-0.704816,1.51194,-0.27152
0.432256,372.09,6.27907e-005,0.927051,-0.690061,1.90339,-0.490068
0.432256,372.09,6.29457e-005,1.10437,-0.672352,2.2845,-0.70404
0.432256,372.09,6.31008e-005,1.27734,-0.65178,2.65373,-0.912521
0.432256,372.09,6.32558e-005,1.44526,-0.62845,3.00956,-1.11462
0.432256,372.09,6.34109e-005,1.60748,-0.602477,3.35055,-1.30949
0.432256,372.09,6.35659e-005,1.76336,-0.573986,3.67532,-1.49631
0.432256,372.09,6.37209e-005,1.91227,-0.543113,3.98256,-1.67429
0.432256,372.09,6.3876e-005,2.05364,-0.510005,4.27104,-1.84269
0.432256,372.09,6.4031e-005,2.18691,-0.474814,4.5396,-2.00083
0.432256,372.09,6.4186e-005,2.31154,-0.437704,4.78719,-2.14806
0.432256,372.09,6.43411e-005,2.42705,-0.398845,5.01282,-2.28379
0.432256,372.09,6.44961e-005,2.53298,-0.358414,5.21561,-2.40746
0.432256,372.09,6.46512e-005,2.62892,-0.316594,5.39479,-2.51859
0.432256,372.09,6.48062e-005,2.71448,-0.273573,5.54967,-2.61676
0.432256,372.09,6.49612e-005,2.78933,-0.229544,5.67967,-2.70159
0.432256,372.09,6.51163e-005,2.85317,-0.184705,5.78431,-2.77277
0.432256,372.09,6.52713e-005,2.90575,-0.139254,5.86322,-2.83004
0.432256,372.09,6.54264e-005,2.94686,-0.0933918,5.91616,-2.87322
0.432256,372.09,6.55814e-005,2.97634,-0.0473224,5.94296,-2.90218
0.432256,372.09,6.57364e-005,2.99408,-0.00124812,5.94358,-2.91685
0.432256,372.09,6.58915e-005,3,0.0446286,5.9181,-2.91724
0.432256,372.09,6.60465e-005,2.99408,0.0901069,5.86669,-2.9034
0.432256,372.09,6.62016e-005,2.97634,0.134988,5.78964,-2.87546
0.432256,372.09,6.63566e-005,2.94686,0.179076,5.68734,-2.83361
0.432256,372.09,6.65116e-005,2.90575,0.222179,5.56028,-2.77808
0.432256,372.09,6.66667e-005,2.85317,0.264109,5.40907,-2.70919
0.432256,372.09,6.68217e-005,2.78933,0.304686,5.23441,-2.62729
0.432256,372.09,6.69767e-005,2.71448,0.343733,5.03709,-2.53281
0.432256,372.09,6.71318e-005,2.62892,0.381082,4.818,-2.42623
0.432256,372.09,6.72868e-005,2.53298,0.416572,4.57813,-2.30807
0.432256,372.09,6.74419e-005,2.42705,0.450049,4.31854,-2.1789
0.432256,372.09,6.75969e-005,2.31154,0.481369,4.04039,-2.03935
0.432256,372.09,6.77519e-005,2.18691,0.5104,3.74488,-1.89008
0.432256,372.09,6.7907e-005,2.05364,0.537015,3.43333,-1.73182
0.432256,372.09,6.8062e-005,1.91227,0.5611,3.10708,-1.5653
0.432256,372.09,6.82171e-005,1.76336,0.582554,2.76756,-1.39132
0.432256,372.09,6.83721e-005,1.60748,0.601285,2.41625,-1.21068
0.432256,372.09,6.85271e-005,1.44526,0.617213,2.05466,-1.02424
0.432256,372.09,6.86822e-005,1.27734,0.63027,1.68436,-0.832854
0.432256,372.09,6.88372e-005,1.10437,0.640401,1.30696,-0.637422
0.432256,372.09,6.89922e-005,0.927051,0.647564,0.924072,-0.438848
0.432256,372.09,6.91473e-005,0.74607,0.65173,0.537353,-0.238053
0.432256,372.09,6.93023e-005,0.562144,0.652881,0.148467,-0.0359659
0.432256,372.09,6.94574e-005,0.376,0.651013,-0.240915,0.166478
0.432256,372.09,6.96124e-005,0.188372,0.646136,-0.629119,0.368342
0.432256,372.09,6.97674e-005,3.30644e-015,0.638272,-1.01448,0.568695
0.432256,372.09,6.99225e-005,-0.188372,0.627456,-1.39534,0.766609
0.432256,372.09,7.00775e-005,-0.376,0.613734,-1.77006,0.961168
0.432256,372.09,7.02326e-005,-0.562144,0.597168,-2.13705,1.15147
0.432256,372.09,7.03876e-005,-0.74607,0.577829,-2.49471,1.33664
0.432256,372.09,7.05426e-005,-0.927051,0.555802,-2.84152,1.51581
0.432256,372.09,7.06977e-005,-1.10437,0.531182,-3.17599,1.68816
0.432256,372.09,7.08527e-005,-1.27734,0.504076,-3.49668,1.85286
0.432256,372.09,7.10078e-005,-1.44526,0.474601,-3.8022,2.00917
0.432256,372.09,7.11628e-005,-1.60748,0.442886,-4.09125,2.15633
0.432256,372.09,7.13178e-005,-1.76336,0.409068,-4.36257,2.29366
0.432256,372.09,7.14729e-005,-1.91227,0.373293,-4.615,2.4205
0.432256,372.09,7.16279e-005,-2.05364,0.335716,-4.84743,2.53625
0.432256,372.09,7.17829e-005,-2.18691,0.2965,-5.05887,2.64035
0.432256,372.09,7.1938e-005,-2.31154,0.255814,-5.24839,2.73229
0.432256,372.09,7.2093e-005,-2.42705,0.213837,-5.41515,2.81161
0.432256,372.09,7.22481e-005,-2.53298,0.170748,-5.55843,2.87791
0.432256,372.09,7.24031e-005,-2.62892,0.126736,-5.67758,2.93086
0.432256,372.09,7.25581e-005,-2.71448,0.0819909,-5.77208,2.97016
0.432256,372.09,7.27132e-005,-2.78933,0.0367081,-5.84148,2.99558
0.432256,372.09,7.28682e-005,-2.85317,-0.00891561,-5.88546,3.00696
0.432256,372.09,7.30233e-005,-2.90575,-0.0546815,-5.9038,3.0042
0.432256,372.09,7.31783e-005,-2.94686,-0.10039,-5.89638,2.98724
0.432256,372.09,7.33333e-005,-2.97634,-0.145841,-5.8632,2.95611
0.432256,372.09,7.34884e-005,-2.99408,-0.190836,-5.80435,2.91089
0.432256,372.09,7.36434e-005,-3,-0.235177,-5.72006,2.85172
0.432256,372.09,7.37984e-005,-2.99408,-0.278671,-5.61062,2.7788
0.432256,372.09,7.39535e-005,-2.97634,-0.321124,-5.47647,2.69239
0.432256,372.09,7.41085e-005,-2.94686,-0.36235,-5.31812,2.59281
0.432256,372.09,7.42636e-005,-2.90575,-0.402165,-5.13621,2.48046
0.432256,372.09,7.44186e-005,-2.85317,-0.440394,-4.93146,2.35575
0.432256,372.09,7.45736e-005,-2.78933,-0.476864,-4.70469,2.2192
0.432256,372.09,7.47287e-005,-2.71448,-0.511413,-4.45681,2.07133
0.432256,372.09,7.48837e-005,-2.62892,-0.543885,-4.18884,1.91275
0.432256,372.09,7.50388e-005,-2.53298,-0.574132,-3.90185,1.74411
0.432256,372.09,7.51938e-005,-2.42705,-0.602016,-3.59703,1.56608
0.432256,372.09,7.53488e-005,-2.31154,-0.627408,-3.27561,1.37941
0.432256,372.09,7.55039e-005,-2.18691,-0.65019,-2.93891,1.18487
0.432256,372.09,7.56589e-005,-2.05364,-0.670255,-2.58832,0.983257
0.432256,372.09,7.5814e-005,-1.91227,-0.687505,-2.22527,0.775426
0.432256,372.09,7.5969e-005,-1.76336,-0.701856,-1.85128,0.562246
0.432256,372.09,7.6124e-005,-1.60748,-0.713235,-1.46787,0.344617
0.432256,372.09,7.62791e-005,-1.44526,-0.721581,-1.07664,0.123459
0.432256,372.09,7.64341e-005,-1.27734,-0.726846,-0.679216,-0.100287
0.432256,372.09,7.65891e-005,-1.10437,-0.728995,-0.277241,-0.325666
0.432256,372.09,7.67442e-005,-0.927051,-0.728006,0.12761,-0.551711
0.432256,372.09,7.68992e-005,-0.74607,-0.723869,0.533647,-0.777449
0.432256,372.09,7.70543e-005,-0.562144,-0.716589,0.939174,-1.0019
0.432256,372.09,7.72093e-005,-0.376,-0.706182,1.34249,-1.2241
0.432256,372.09,7.73643e-005,-0.188372,-0.692678,1.74191,-1.44307
0.432256,372.09,7.75194e-005,-3.67382e-015,-0.676122,2.13575,-1.65786
0.432256,372.09,7.76744e-005,0.188372,-0.656569,2.52235,-1.86751
0.432256,372.09,7.78295e-005,0.376,-0.634088,2.90008,-2.0711
0.432256,372.09,7.79845e-005,0.562144,-0.60876,3.26733,-2.26771
0.432256,372.09,7.81395e-005,0.74607,-0.580678,3.62254,-2.45647
0.432256,372.09,7.82946e-005,0.927051,-0.549948,3.9642,-2.63653
0.432256,372.09,7.84496e-005,1.10437,-0.516685,4.29085,-2.80706
0.432256,372.09,7.86047e-005,1.27734,-0.481018,4.60108,-2.96727
0.432256,372.09,7.87597e-005,1.44526,-0.443084,4.89355,-3.11642
0.432256,372.09,7.89147e-005,1.60748,-0.40303,5.16699,-3.25381
0.432256,372.09,7.90698e-005,1.76336,-0.361012,5.4202,-3.37878
0.432256,372.09,7.92248e-005,1.91227,-0.317198,5.65207,-3.49072
0.432256,372.09,7.93798e-005,2.05364,-0.27176,5.86156,-3.58908
0.432256,372.09,7.95349e-005,2.18691,-0.224878,6.04775,-3.67335
0.432256,372.09,7.96899e-005,2.31154,-0.17674,6.20976,-3.74308
0.432256,372.09,7.9845e-005,2.42705,-0.12754,6.34687,-3.79788
0.432256,372.09,8e-005,2.53298,-0.0774744,6.4584,-3.83743
0.432256,372.09,8.0155e-005,2.62892,-0.0267471,6.54382,-3.86145
0.432256,372.09,8.03101e-005,2.71448,0.0244364,6.60268,-3.86974
0.432256,372.09,8.04651e-005,2.78933,0.0758677,6.63464,-3.86217
0.432256,372.09,8.06202e-005,2.85317,0.127336,6.63947,-3.83864
0.432256,372.09,8.07752e-005,2.90575,0.178631,6.61705,-3.79916
0.432256,372.09,8.09302e-005,2.94686,0.229541,6.56739,-3.74377
0.432256,372.09,8.10853e-005,2.97634,0.279856,6.49057,-3.67259
0.432256,372.09,8.12403e-005,2.99408,0.329366,6.38682,-3.58581
0.432256,372.09,8.13953e-005,3,0.377866,6.25645,-3.48369
0.432256,372.09,8.15504e-005,2.99408,0.425152,6.0999,-3.36652
0.432256,372.09,8.17054e-005,2.97634,0.471025,5.91771,-3.23469
0.432256,372.09,8.18605e-005,2.94686,0.515293,5.71052,-3.08863
0.432256,372.09,8.20155e-005,2.90575,0.557767,5.47909,-2.92885
0.432256,372.09,8.21705e-005,2.85317,0.598265,5.22426,-2.7559
0.432256,372.09,8.23256e-005,2.78933,0.636613,4.94697,-2.57039
0.432256,372.09,8.24806e-005,2.71448,0.672646,4.64826,-2.37299
0.432256,372.09,8.26357e-005,2.62892,0.706207,4.32927,-2.16442
0.432256,372.09,8.27907e-005,2.53298,0.737146,3.9912,-1.94544
0.432256,372.09,8.29457e-005,2.42705,0.765327,3.63535,-1.71687
0.432256,372.09,8.31008e-005,2.31154,0.790622,3.26308,-1.47956
0.432256,372.09,8.32558e-005,2.18691,0.812916,2.87584,-1.23441
0.432256,372.09,8.34109e-005,2.05364,0.832103,2.47513,-0.982338
0.432256,372.09,8.35659e-005,1.91227,0.848091,2.06251,-0.724322
0.432256,372.09,8.37209e-005,1.76336,0.860801,1.63959,-0.461348
0.432256,372.09,8.3876e-005,1.60748,0.870166,1.20803,-0.194433
0.432256,372.09,8.4031e-005,1.44526,0.876131,0.769528,0.0753859
0.432256,372.09,8.4186e-005,1.27734,0.878657,0.325821,0.347054
0.432256,372.09,8.43411e-005,1.10437,0.877716,-0.121338,0.619506
0.432256,372.09,8.44961e-005,0.927051,0.873296,-0.570171,0.891666
0.432256,372.09,8.46512e-005,0.74607,0.865398,-1.01889,1.16246
0.432256,372.09,8.48062e-005,0.562144,0.854036,-1.46571,1.4308
0.432256,372.09,8.49612e-005,0.376,0.839239,-1.90883,1.69561
0.432256,372.09,8.51163e-005,0.188372,0.821049,-2.34648,1.95584
0.432256,372.09,8.52713e-005,1.46993e-014,0.799523,-2.77689,2.21043
0.432256,372.09,8.54264e-005,-0.188372,0.774729,-3.19833,2.45835
0.432256,372.09,8.55814e-005,-0.376,0.746752,-3.60907,2.69857
0.432256,372.09,8.57364e-005,-0.562144,0.715686,-4.00747,2.93012
0.432256,372.09,8.58915e-005,-0.74607,0.681641,-4.39188,3.15204
0.432256,372.09,8.60465e-005,-0.927051,0.644736,-4.76073,3.3634
0.432256,372.09,8.62016e-005,-1.10437,0.605104,-5.11251,3.56332
0.432256,372.09,8.63566e-005,-1.27734,0.562889,-5.44576,3.75095
0.432256,372.09,8.65116e-005,-1.44526,0.518245,-5.7591,3.92549
0.432256,372.09,8.66667e-005,-1.60748,0.471336,-6.05121,4.08618
0.432256,372.09,8.68217e-005,-1.76336,0.422337,-6.32088,4.23234
0.432256,372.09,8.69767e-005,-1.91227,0.37143,-6.56694,4.36329
0.432256,372.09,8.71318e-005,-2.05364,0.318807,-6.78836,4.47846
0.432256,372.09,8.72868e-005,-2.18691,0.264667,-6.98418,4.57732
0.432256,372.09,8.74419e-005,-2.31154,0.209213,-7.15353,4.65939
0.432256,372.09,8.75969e-005,-2.42705,0.152657,-7.29565,4.72426
0.432256,372.09,8.77519e-005,-2.53298,0.0952163,-7.4099,4.77159
0.432256,372.09,8.7907e-005,-2.62892,0.0371099,-7.49573,4.80112
0.432256,372.09,8.8062e-005,-2.71448,-0.0214383,-7.55271,4.81263
0.432256,372.09,8.82171e-005,-2.78933,-0.080202,-7.58052,4.80598
0.432256,372.09,8.83721e-005,-2.85317,-0.138953,-7.57895,4.78111
0.432256,372.09,8.85271e-005,-2.90575,-0.197464,-7.54791,4.73802
0.432256,372.09,8.86822e-005,-2.94686,-0.255506,-7.48742,4.67679
0.432256,372.09,8.88372e-005,-2.97634,-0.312852,-7.39763,4.59757
0.432256,372.09,8.89922e-005,-2.99408,-0.369277,-7.2788,4.50056
0.432256,372.09,8.91473e-005,-3,-0.424558,-7.13128,4.38605
0.432256,372.09,8.93023e-005,-2.99408,-0.478478,-6.95558,4.25441
0.432256,372.09,8.94574e-005,-2.97634,-0.530821,-6.75227,4.10604
0.432256,372.09,8.96124e-005,-2.94686,-0.58138,-6.52208,3.94145
0.432256,372.09,8.97674e-005,-2.90575,-0.629952,-6.26582,3.76117
0.432256,372.09,8.99225e-005,-2.85317,-0.676342,-5.98439,3.56584
0.432256,372.09,9.00775e-005,-2.78933,-0.720364,-5.67883,3.35612
0.432256,372.09,9.02326e-005,-2.71448,-0.761839,-5.35024,3.13275
0.432256,372.09,9.03876e-005,-2.62892,-0.800598,-4.99983,2.89652
0.432256,372.09,9.05426e-005,-2.53298,-0.836481,-4.62891,2.64828
0.432256,372.09,9.06977e-005,-2.42705,-0.86934,-4.23885,2.3889
0.432256,372.09,9.08527e-005,-2.31154,-0.899038,-3.8311,2.11934
0.432256,372.09,9.10078e-005,-2.18691,-0.925451,-3.40721,1.84057
0.432256,372.09,9.11628e-005,-2.05364,-0.948464,-2.96876,1.55361
0.432256,372.09,9.13178e-005,-1.91227,-0.967979,-2.51741,1.25951
0.432256,372.09,9.14729e-005,-1.76336,-0.983909,-2.05489,0.959361
0.432256,372.09,9.16279e-005,-1.60748,-0.996179,-1.58293,0.654273
0.432256,372.09,9.17829e-005,-1.44526,-1.00473,-1.10335,0.345381
0.432256,372.09,9.1938e-005,-1.27734,-1.00952,-0.617986,0.0338356
0.432256,372.09,9.2093e-005,-1.10437,-1.01052,-0.128686,-0.279195
0.432256,372.09,9.22481e-005,-0.927051,-1.00771,0.362665,-0.592535
0.432256,372.09,9.24031e-005,-0.74607,-1.00109,0.854174,-0.905003
0.432256,372.09,9.25581e-005,-0.562144,-0.99067,1.34395,-1.21542
0.432256,372.09,9.27132e-005,-0.376,-0.976483,1.83009,-1.5226
0.432256,372.09,9.28682e-005,-0.188372,-0.95857,2.31071,-1.82539
0.432256,372.09,0.000852713,2.35368e-014,-0.903044,1.6158,-0.984128
0.432256,372.09,0.000852868,0.188372,-0.886955,2.07554,-1.26414
0.432256,372.09,0.000853023,0.376,-0.867365,2.5271,-1.53917
0.432256,372.09,0.000853178,0.562144,-0.844352,2.96868,-1.80812
0.432256,372.09,0.000853333,0.74607,-0.818007,3.39854,-2.06993
0.432256,372.09,0.000853488,0.927051,-0.788433,3.81499,-2.32358
0.432256,372.09,0.000853643,1.10437,-0.755748,4.21638,-2.56805
0.432256,372.09,0.000853798,1.27734,-0.72008,4.60114,-2.80239
0.432256,372.09,0.000853953,1.44526,-0.681571,4.96773,-3.02567
0.432256,372.09,0.000854109,1.60748,-0.640371,5.31472,-3.23701
0.432256,372.09,0.000854264,1.76336,-0.596645,5.64074,-3.43558
0.432256,372.09,0.000854419,1.91227,-0.550563,5.94449,-3.62058
0.432256,372.09,0.000854574,2.05364,-0.502309,6.22479,-3.7913
0.432256,372.09,0.000854729,2.18691,-0.452073,6.48052,-3.94706
0.432256,372.09,0.000854884,2.31154,-0.400052,6.71067,-4.08723
0.432256,372.09,0.000855039,2.42705,-0.346452,6.91434,-4.21128
0.432256,372.09,0.000855194,2.53298,-0.291486,7.09072,-4.31871
0.432256,372.09,0.000855349,2.62892,-0.235368,7.23911,-4.40909
0.432256,372.09,0.000855504,2.71448,-0.178322,7.35894,-4.48207
0.432256,372.09,0.000855659,2.78933,-0.120573,7.44973,-4.53737
0.432256,372.09,0.000855814,2.85317,-0.0623469,7.51111,-4.57475
0.432256,372.09,0.000855969,2.90575,-0.00387517,7.54285,-4.59409
0.432256,372.09,0.000856124,2.94686,0.0546118,7.54482,-4.59529
0.432256,372.09,0.000856279,2.97634,0.112883,7.51702,-4.57835
0.432256,372.09,0.000856434,2.99408,0.170709,7.45955,-4.54335
0.432256,372.09,0.000856589,3,0.227862,7.37264,-4.49042
0.432256,372.09,0.000856744,2.99408,0.284115,7.25664,-4.41976
0.432256,372.09,0.000856899,2.97634,0.339246,7.11199,-4.33167
0.432256,372.09,0.000857054,2.94686,0.393039,6.93928,-4.22647
0.432256,372.09,0.000857209,2.90575,0.445281,6.73918,-4.1046
0.432256,372.09,0.000857364,2.85317,0.495765,6.51249,-3.96653
0.432256,372.09,0.000857519,2.78933,0.544293,6.26009,-3.8128
0.432256,372.09,0.000857674,2.71448,0.590673,5.98299,-3.64403
0.432256,372.09,0.000857829,2.62892,0.634722,5.68228,-3.46088
0.432256,372.09,0.000857984,2.53298,0.676265,5.35914,-3.26406
0.432256,372.09,0.00085814,2.42705,0.71514,5.01485,-3.05437
0.432256,372.09,0.000858295,2.31154,0.751193,4.65077,-2.83262
0.432256,372.09,0.00085845,2.18691,0.78428,4.26833,-2.59969
0.432256,372.09,0.000858605,2.05364,0.814273,3.86905,-2.3565
0.432256,372.09,0.00085876,1.91227,0.841052,3.4545,-2.10402
0.432256,372.09,0.000858915,1.76336,0.864512,3.02632,-1.84323
0.432256,372.09,0.00085907,1.60748,0.88456,2.58619,-1.57516
0.432256,372.09,0.000859225,1.44526,0.901117,2.13586,-1.30088
0.432256,372.09,0.00085938,1.27734,0.914118,1.6771,-1.02146
0.432256,372.09,0.000859535,1.10437,0.923511,1.21172,-0.738014
0.432256,372.09,0.00085969,0.927051,0.92926,0.741553,-0.451654
0.432256,372.09,0.000859845,0.74607,0.931341,0.268464,-0.163511
0.432256,372.09,0.00086,0.562144,0.929746,-0.205686,0.125277
0.432256,372.09,0.000860155,0.376,0.924482,-0.679023,0.41357
0.432256,372.09,0.00086031,0.188372,0.91557,-1.14968,0.700231
0.432256,372.09,0.000860465,8.80497e-015,0.903045,-1.6158,0.984129
0.432256,372.09,0.00086062,-0.188372,0.886955,-2.07555,1.26414
0.432256,372.09,0.000860775,-0.376,0.867365,-2.5271,1.53917
0.432256,372.09,0.00086093,-0.562144,0.844352,-2.96868,1.80812
0.432256,372.09,0.000861085,-0.74607,0.818007,-3.39854,2.06993
0.432256,372.09,0.00086124,-0.927051,0.788433,-3.81499,2.32358
0.432256,372.09,0.000861395,-1.10437,0.755748,-4.21639,2.56805
0.432256,372.09,0.00086155,-1.27734,0.72008,-4.60114,2.80239
0.432256,372.09,0.000861705,-1.44526,0.681571,-4.96774,3.02568
0.432256,372.09,0.00086186,-1.60748,0.640371,-5.31473,3.23701
0.432256,372.09,0.000862016,-1.76336,0.596645,-5.64074,3.43558
0.432256,372.09,0.000862171,-1.91227,0.550563,-5.9445,3.62059
0.432256,372.09,0.000862326,-2.05364,0.502309,-6.22479,3.7913
0.432256,372.09,0.000862481,-2.18691,0.452073,-6.48052,3.94706
0.432256,372.09,0.000862636,-2.31154,0.400052,-6.71067,4.08724
0.432256,372.09,0.000862791,-2.42705,0.346452,-6.91434,4.21128
0.432256,372.09,0.000862946,-2.53298,0.291486,-7.09072,4.31871
0.432256,372.09,0.000863101,-2.62892,0.235368,-7.23912,4.40909
0.432256,372.09,0.000863256,-2.71448,0.178322,-7.35894,4.48208
0.432256,372.09,0.000863411,-2.78933,0.120573,-7.44973,4.53737
0.432256,372.09,0.000863566,-2.85317,0.0623468,-7.51111,4.57476
0.432256,372.09,0.000863721,-2.90575,0.00387512,-7.54285,4.59409
0.432256,372.09,0.000863876,-2.94686,-0.0546119,-7.54483,4.59529
0.432256,372.09,0.000864031,-2.97634,-0.112883,-7.51702,4.57836
0.432256,372.09,0.000864186,-2.99408,-0.170709,-7.45955,4.54335
0.432256,372.09,0.000864341,-3,-0.227862,-7.37264,4.49042
0.432256,372.09,0.000864496,-2.99408,-0.284115,-7.25664,4.41977
0.432256,372.09,0.000864651,-2.97634,-0.339246,-7.11199,4.33167
0.432256,372.09,0.000864806,-2.94686,-0.393039,-6.93928,4.22648
0.432256,372.09,0.000864961,-2.90575,-0.445281,-6.73919,4.1046
0.432256,372.09,0.000865116,-2.85317,-0.495765,-6.51249,3.96653
0.432256,372.09,0.000865271,-2.78933,-0.544293,-6.26009,3.81281
0.432256,372.09,0.000865426,-2.71448,-0.590673,-5.98299,3.64403
0.432256,372.09,0.000865581,-2.62892,-0.634722,-5.68228,3.46088
0.432256,372.09,0.000865736,-2.53298,-0.676266,-5.35914,3.26406
0.432256,372.09,0.000865891,-2.42705,-0.71514,-5.01485,3.05437
0.432256,372.09,0.000866047,-2.31154,-0.751193,-4.65077,2.83262
0.432256,372.09,0.000866202,-2.18691,-0.784281,-4.26833,2.59969
0.432256,372.09,0.000866357,-2.05364,-0.814273,-3.86905,2.35651
0.432256,372.09,0.000866512,-1.91227,-0.841052,-3.4545,2.10402
0.432256,372.09,0.000866667,-1.76336,-0.864512,-3.02632,1.84323
0.432256,372.09,0.000866822,-1.60748,-0.88456,-2.58619,1.57516
0.432256,372.09,0.000866977,-1.44526,-0.901117,-2.13586,1.30088
0.432256,372.09,0.000867132,-1.27734,-0.914118,-1.6771,1.02146
0.432256,372.09,0.000867287,-1.10437,-0.923511,-1.21172,0.738014
0.432256,372.09,0.000867442,-0.927051,-0.92926,-0.741554,0.451654
0.432256,372.09,0.000867597,-0.74607,-0.931341,-0.268464,0.163511
0.432256,372.09,0.000867752,-0.562144,-0.929746,0.205686,-0.125277
0.432256,372.09,0.000867907,-0.376,-0.924483,0.679023,-0.41357
0.432256,372.09,0.000868062,-0.188372,-0.91557,1.14968,-0.700231
0.432256,372.09,0.000868217,-4.11468e-014,-0.903045,1.6158,-0.984129
0.432256,372.09,0.000868372,0.188372,-0.886955,2.07555,-1.26414
0.432256,372.09,0.000868527,0.376,-0.867365,2.5271,-1.53917
0.432256,372.09,0.000868682,0.562144,-0.844352,2.96868,-1.80812
0.432256,372.09,0.000868837,0.74607,-0.818007,3.39854,-2.06993
0.432256,372.09,0.000868992,0.927051,-0.788434,3.81499,-2.32358
0.432256,372.09,0.000869147,1.10437,-0.755748,4.21639,-2.56805
0.432256,372.09,0.000869302,1.27734,-0.720081,4.60114,-2.80239
0.432256,372.09,0.000869457,1.44526,-0.681571,4.96774,-3.02568
0.432256,372.09,0.000869612,1.60748,-0.640372,5.31473,-3.23702
0.432256,372.09,0.000869767,1.76336,-0.596645,5.64074,-3.43558
0.432256,372.09,0.000869922,1.91227,-0.550564,5.9445,-3.62059
0.432256,372.09,0.000870078,2.05364,-0.502309,6.22479,-3.7913
0.432256,372.09,0.000870233,2.18691,-0.452073,6.48052,-3.94706
0.432256,372.09,0.000870388,2.31154,-0.400052,6.71067,-4.08724
0.432256,372.09,0.000870543,2.42705,-0.346453,6.91434,-4.21128
0.432256,372.09,0.000870698,2.53298,-0.291486,7.09072,-4.31871
0.432256,372.09,0.000870853,2.62892,-0.235369,7.23912,-4.40909
0.432256,372.09,0.000871008,2.71448,-0.178322,7.35894,-4.48208
0.432256,372.09,0.000871163,2.78933,-0.120573,7.44973,-4.53737
0.432256,372.09,0.000871318,2.85317,-0.0623469,7.51111,-4.57476
0.432256,372.09,0.000871473,2.90575,-0.00387521,7.54285,-4.59409
0.432256,372.09,0.000871628,2.94686,0.0546118,7.54483,-4.59529
0.432256,372.09,0.000871783,2.97634,0.112883,7.51702,-4.57836
0.432256,372.09,0.000871938,2.99408,0.170709,7.45955,-4.54335
0.432256,372.09,0.000872093,3,0.227862,7.37265,-4.49042
0.432256,372.09,0.000872248,2.99408,0.284115,7.25664,-4.41977
0.432256,372.09,0.000872403,2.97634,0.339246,7.112,-4.33167
0.432256,372.09,0.000872558,2.94686,0.393039,6.93928,-4.22648
0.432256,372.09,0.000872713,2.90575,0.445281,6.73919,-4.1046
0.432256,372.09,0.000872868,2.85317,0.495765,6.51249,-3.96653
0.432256,372.09,0.000873023,2.78933,0.544293,6.2601,-3.81281
0.432256,372.09,0.000873178,2.71448,0.590673,5.98299,-3.64403
0.432256,372.09,0.000873333,2.62892,0.634722,5.68228,-3.46088
0.432256,372.09,0.000873488,2.53298,0.676266,5.35914,-3.26407
0.432256,372.09,0.000873643,2.42705,0.71514,5.01485,-3.05437
0.432256,372.09,0.000873798,2.31154,0.751193,4.65077,-2.83262
0.432256,372.09,0.000873953,2.18691,0.784281,4.26834,-2.59969
0.432256,372.09,0.000874109,2.05364,0.814273,3.86905,-2.35651
0.432256,372.09,0.000874264,1.91227,0.841052,3.4545,-2.10402
0.432256,372.09,0.000874419,1.76336,0.864512,3.02632,-1.84323
0.432256,372.09,0.000874574,1.60748,0.88456,2.58619,-1.57516
0.432256,372.09,0.000874729,1.44526,0.901117,2.13586,-1.30088
0.432256,372.09,0.000874884,1.27734,0.914118,1.6771,-1.02146
0.432256,372.09,0.000875039,1.10437,0.923511,1.21172,-0.738015
0.432256,372.09,0.000875194,0.927051,0.92926,0.741555,-0.451655
0.432256,372.09,0.000875349,0.74607,0.931341,0.268465,-0.163512
0.432256,372.09,0.000875504,0.562144,0.929747,-0.205685,0.125276
0.432256,372.09,0.000875659,0.376,0.924483,-0.679022,0.413569
0.432256,372.09,0.000875814,0.188372,0.915571,-1.14968,0.70023
0.432256,372.09,0.000875969,7.34886e-014,0.903045,-1.6158,0.984128
0.432256,372.09,0.000876124,-0.188372,0.886955,-2.07554,1.26414
0.432256,372.09,0.000876279,-0.376,0.867366,-2.5271,1.53917
0.432256,372.09,0.000876434,-0.562144,0.844353,-2.96868,1.80812
0.432256,372.09,0.000876589,-0.74607,0.818007,-3.39854,2.06993
0.432256,372.09,0.000876744,-0.927051,0.788434,-3.81499,2.32358
0.432256,372.09,0.000876899,-1.10437,0.755749,-4.21639,2.56805
0.432256,372.09,0.000877054,-1.27734,0.720081,-4.60114,2.80239
0.432256,372.09,0.000877209,-1.44526,0.681571,-4.96774,3.02568
0.432256,372.09,0.000877364,-1.60748,0.640372,-5.31473,3.23702
0.432256,372.09,0.000877519,-1.76336,0.596645,-5.64074,3.43558
0.432256,372.09,0.000877674,-1.91227,0.550564,-5.9445,3.62059
0.432256,372.09,0.000877829,-2.05364,0.50231,-6.22479,3.7913
0.432256,372.09,0.000877984,-2.18691,0.452073,-6.48052,3.94706
0.432256,372.09,0.00087814,-2.31154,0.400052,-6.71067,4.08724
0.432256,372.09,0.000878295,-2.42705,0.346453,-6.91434,4.21128
0.432256,372.09,0.00087845,-2.53298,0.291486,-7.09072,4.31871
0.432256,372.09,0.000878605,-2.62892,0.235369,-7.23912,4.40909
0.432256,372.09,0.00087876,-2.71448,0.178323,-7.35894,4.48208
0.432256,372.09,0.000878915,-2.78933,0.120573,-7.44973,4.53737
0.432256,372.09,0.00087907,-2.85317,0.0623471,-7.51111,4.57476
0.432256,372.09,0.000879225,-2.90575,0.00387537,-7.54285,4.59409
0.432256,372.09,0.00087938,-2.94686,-0.0546117,-7.54483,4.59529
0.432256,372.09,0.000879535,-2.97634,-0.112883,-7.51702,4.57836
0.432256,372.09,0.00087969,-2.99408,-0.170709,-7.45955,4.54335
0.432256,372.09,0.000879845,-3,-0.227861,-7.37265,4.49042
0.432256,372.09,0.00088,-2.99408,-0.284114,-7.25664,4.41977
0.432256,372.09,0.000880155,-2.97634,-0.339246,-7.112,4.33167
0.432256,372.09,0.00088031,-2.94686,-0.393039,-6.93929,4.22648
0.432256,372.09,0.000880465,-2.90575,-0.445281,-6.73919,4.1046
0.432256,372.09,0.00088062,-2.85317,-0.495765,-6.51249,3.96653
0.432256,372.09,0.000880775,-2.78933,-0.544293,-6.2601,3.81281
0.432256,372.09,0.00088093,-2.71448,-0.590673,-5.98299,3.64403
0.432256,372.09,0.000881085,-2.62892,-0.634722,-5.68228,3.46088
0.432256,372.09,0.00088124,-2.53298,-0.676265,-5.35914,3.26407
0.432256,372.09,0.000881395,-2.42705,-0.71514,-5.01485,3.05437
0.432256,372.09,0.00088155,-2.31154,-0.751193,-4.65077,2.83262
0.432256,372.09,0.000881705,-2.18691,-0.784281,-4.26834,2.59969
0.432256,372.09,0.00088186,-2.05364,-0.814273,-3.86906,2.35651
0.432256,372.09,0.000882016,-1.91227,-0.841052,-3.45451,2.10402
0.432256,372.09,0.000882171,-1.76336,-0.864512,-3.02632,1.84323
0.432256,372.09,0.000882326,-1.60748,-0.88456,-2.5862,1.57516
0.432256,372.09,0.000882481,-1.44526,-0.901117,-2.13586,1.30088
0.432256,372.09,0.000882636,-1.27734,-0.914118,-1.6771,1.02146
0.432256,372.09,0.000882791,-1.10437,-0.923511,-1.21172,0.738016
0.432256,372.09,0.000882946,-0.927051,-0.92926,-0.741556,0.451656
0.432256,372.09,0.000883101,-0.74607,-0.931341,-0.268466,0.163513
0.432256,372.09,0.000883256,-0.562144,-0.929747,0.205684,-0.125275
0.432256,372.09,0.000883411,-0.376,-0.924483,0.679021,-0.413568
0.432256,372.09,0.000883566,-0.188372,-0.915571,1.14968,-0.700229
0.432256,372.09,0.000883721,-1.0583e-013,-0.903045,1.6158,-0.984127
0.432256,372.09,0.000883876,0.188372,-0.886955,2.07554,-1.26414
0.432256,372.09,0.000884031,0.376,-0.867366,2.5271,-1.53917
0.432256,372.09,0.000884186,0.562144,-0.844353,2.96868,-1.80812
0.432256,372.09,0.000884341,0.74607,-0.818007,3.39854,-2.06993
0.432256,372.09,0.000884496,0.927051,-0.788434,3.81499,-2.32358
0.432256,372.09,0.000884651,1.10437,-0.755749,4.21638,-2.56805
0.432256,372.09,0.000884806,1.27734,-0.720081,4.60114,-2.80239
0.432256,372.09,0.000884961,1.44526,-0.681571,4.96774,-3.02567
0.432256,372.09,0.000885116,1.60748,-0.640372,5.31473,-3.23701
0.432256,372.09,0.000885271,1.76336,-0.596645,5.64074,-3.43558
0.432256,372.09,0.000885426,1.91227,-0.550564,5.9445,-3.62059
0.432256,372.09,0.000885581,2.05364,-0.50231,6.22479,-3.7913
0.432256,372.09,0.000885736,2.18691,-0.452073,6.48052,-3.94706
0.432256,372.09,0.000885891,2.31154,-0.400052,6.71067,-4.08724
0.432256,372.09,0.000886047,2.42705,-0.346453,6.91434,-4.21128
0.432256,372.09,0.000886202,2.53298,-0.291486,7.09072,-4.31871
0.432256,372.09,0.000886357,2.62892,-0.235369,7.23912,-4.40909
0.432256,372.09,0.000886512,2.71448,-0.178323,7.35894,-4.48208
0.432256,372.09,0.000886667,2.78933,-0.120573,7.44973,-4.53737
0.432256,372.09,0.000886822,2.85317,-0.0623472,7.51111,-4.57476
0.432256,372.09,0.000886977,2.90575,-0.00387551,7.54285,-4.59409
0.432256,372.09,0.000887132,2.94686,0.0546115,7.54483,-4.59529
0.432256,372.09,0.000887287,2.97634,0.112883,7.51702,-4.57836
0.432256,372.09,0.000887442,2.99408,0.170709,7.45955,-4.54335
0.432256,372.09,0.000887597,3,0.227861,7.37265,-4.49042
0.432256,372.09,0.000887752,2.99408,0.284114,7.25664,-4.41977
0.432256,372.09,0.000887907,2.97634,0.339246,7.112,-4.33167
0.432256,372.09,0.000888062,2.94686,0.393039,6.93929,-4.22648
0.432256,372.09,0.000888217,2.90575,0.445281,6.73919,-4.1046
0.432256,372.09,0.000888372,2.85317,0.495765,6.51249,-3.96653
0.432256,372.09,0.000888527,2.78933,0.544293,6.2601,-3.81281
0.432256,372.09,0.000888682,2.71448,0.590673,5.983,-3.64403
0.432256,372.09,0.000888837,2.62892,0.634722,5.68228,-3.46088
0.432256,372.09,0.000888992,2.53298,0.676265,5.35914,-3.26407
0.432256,372.09,0.000889147,2.42705,0.71514,5.01485,-3.05437
0.432256,372.09,0.000889302,2.31154,0.751193,4.65077,-2.83262
0.432256,372.09,0.000889457,2.18691,0.784281,4.26834,-2.5997
0.432256,372.09,0.000889612,2.05364,0.814273,3.86906,-2.35651
0.432256,372.09,0.000889767,1.91227,0.841052,3.45451,-2.10402
0.432256,372.09,0.000889922,1.76336,0.864512,3.02632,-1.84323
0.432256,372.09,0.000890078,1.60748,0.88456,2.5862,-1.57516
0.432256,372.09,0.000890233,1.44526,0.901117,2.13586,-1.30088
0.432256,372.09,0.000890388,1.27734,0.914118,1.6771,-1.02146
0.432256,372.09,0.000890543,1.10437,0.923511,1.21172,-0.738017
0.432256,372.09,0.000890698,0.927051,0.92926,0.741556,-0.451656
0.432256,372.09,0.000890853,0.74607,0.931341,0.268466,-0.163514
0.432256,372.09,0.000891008,0.562144,0.929746,-0.205683,0.125274
0.432256,372.09,0.000891163,0.376,0.924483,-0.679021,0.413567
0.432256,372.09,0.000891318,0.188372,0.91557,-1.14968,0.700229
0.432256,372.09,0.000891473,-3.23581e-014,0.903045,-1.6158,0.984127
0.432256,372.09,0.000891628,-0.188372,0.886955,-2.07554,1.26414
0.432256,372.09,0.000891783,-0.376,0.867366,-2.5271,1.53917
0.432256,372.09,0.000891938,-0.562144,0.844353,-2.96867,1.80812
0.432256,372.09,0.000892093,-0.74607,0.818007,-3.39854,2.06993
0.432256,372.09,0.000892248,-0.927051,0.788434,-3.81499,2.32358
0.432256,372.09,0.000892403,-1.10437,0.755749,-4.21638,2.56805
0.432256,372.09,0.000892558,-1.27734,0.720081,-4.60114,2.80239
0.432256,372.09,0.000892713,-1.44526,0.681571,-4.96773,3.02567
0.432256,372.09,0.000892868,-1.60748,0.640372,-5.31473,3.23701
0.432256,372.09,0.000893023,-1.76336,0.596645,-5.64074,3.43558
0.432256,372.09,0.000893178,-1.91227,0.550564,-5.9445,3.62058
0.432256,372.09,0.000893333,-2.05364,0.50231,-6.22479,3.7913
0.432256,372.09,0.000893488,-2.18691,0.452073,-6.48052,3.94706
0.432256,372.09,0.000893643,-2.31154,0.400052,-6.71067,4.08723
0.432256,372.09,0.000893798,-2.42705,0.346453,-6.91434,4.21128
0.432256,372.09,0.000893953,-2.53298,0.291486,-7.09072,4.31871
0.432256,372.09,0.000894109,-2.62892,0.235369,-7.23912,4.40909
0.432256,372.09,0.000894264,-2.71448,0.178323,-7.35894,4.48208
0.432256,372.09,0.000894419,-2.78933,0.120573,-7.44973,4.53737
0.432256,372.09,0.000894574,-2.85317,0.0623473,-7.51111,4.57476
0.432256,372.09,0.000894729,-2.90575,0.00387559,-7.54285,4.59409
0.432256,372.09,0.000894884,-2.94686,-0.0546114,-7.54483,4.59529
0.432256,372.09,0.000895039,-2.97634,-0.112883,-7.51702,4.57836
0.432256,372.09,0.000895194,-2.99408,-0.170709,-7.45955,4.54335
0.432256,372.09,0.000895349,-3,-0.227861,-7.37265,4.49042
0.432256,372.09,0.000895504,-2.99408,-0.284114,-7.25664,4.41977
0.432256,372.09,0.000895659,-2.97634,-0.339246,-7.112,4.33167
0.432256,372.09,0.000895814,-2.94686,-0.393039,-6.93928,4.22648
0.432256,372.09,0.000895969,-2.90575,-0.445281,-6.73919,4.1046
0.432256,372.09,0.000896124,-2.85317,-0.495765,-6.51249,3.96653
0.432256,372.09,0.000896279,-2.78933,-0.544293,-6.2601,3.81281
0.432256,372.09,0.000896434,-2.71448,-0.590673,-5.98299,3.64403
0.432256,372.09,0.000896589,-2.62892,-0.634721,-5.68228,3.46088
0.432256,372.09,0.000896744,-2.53298,-0.676265,-5.35914,3.26407
0.432256,372.09,0.000896899,-2.42705,-0.71514,-5.01485,3.05437
0.432256,372.09,0.000897054,-2.31154,-0.751193,-4.65077,2.83262
0.432256,372.09,0.000897209,-2.18691,-0.78428,-4.26834,2.5997
0.432256,372.09,0.000897364,-2.05364,-0.814273,-3.86906,2.35651
0.432256,372.09,0.000897519,-1.91227,-0.841052,-3.45451,2.10402
0.432256,372.09,0.000897674,-1.76336,-0.864512,-3.02632,1.84323
0.432256,372.09,0.000897829,-1.60748,-0.88456,-2.5862,1.57516
0.432256,372.09,0.000897984,-1.44526,-0.901117,-2.13586,1.30088
0.432256,372.09,0.00089814,-1.27734,-0.914118,-1.6771,1.02146
0.432256,372.09,0.000898295,-1.10437,-0.923511,-1.21172,0.738017
0.432256,372.09,0.00089845,-0.927051,-0.92926,-0.741556,0.451657
0.432256,372.09,0.000898605,-0.74607,-0.931341,-0.268467,0.163514
0.432256,372.09,0.00089876,-0.562144,-0.929746,0.205683,-0.125274
0.432256,372.09,0.000898915,-0.376,-0.924483,0.67902,-0.413567
0.432256,372.09,0.00089907,-0.188372,-0.91557,1.14968,-0.700229
0.432256,372.09,0.000899225,1.6263e-017,-0.903045,1.6158,-0.984126
0.432256,372.09,0.00089938,0.188372,-0.886955,2.07554,-1.26414
0.432256,372.09,0.000899535,0.376,-0.867365,2.5271,-1.53917
0.432256,372.09,0.00089969,0.562144,-0.844352,2.96867,-1.80812
0.432256,372.09,0.000899845,0.74607,-0.818007,3.39854,-2.06993
0.432256,372.09,0.0009,0.927051,-0.788434,3.81499,-2.32358
0.432256,372.09,0.000900155,1.10437,-0.755749,4.21638,-2.56805
0.432256,372.09,0.00090031,1.27734,-0.720081,4.60114,-2.80239
0.432256,372.09,0.000900465,1.44526,-0.681571,4.96773,-3.02567
0.432256,372.09,0.00090062,1.60748,-0.640372,5.31472,-3.23701
0.432256,372.09,0.000900775,1.76336,-0.596645,5.64074,-3.43558
0.432256,372.09,0.00090093,1.91227,-0.550564,5.94449,-3.62058
0.432256,372.09,0.000901085,2.05364,-0.50231,6.22479,-3.7913
0.432256,372.09,0.00090124,2.18691,-0.452073,6.48052,-3.94706
0.432256,372.09,0.000901395,2.31154,-0.400052,6.71067,-4.08723
0.432256,372.09,0.00090155,2.42705,-0.346453,6.91434,-4.21128
0.432256,372.09,0.000901705,2.53298,-0.291486,7.09072,-4.31871
0.432256,372.09,0.00090186,2.62892,-0.235369,7.23911,-4.40909
0.432256,372.09,0.000902016,2.71448,-0.178323,7.35894,-4.48207
0.432256,372.09,0.000902171,2.78933,-0.120573,7.44973,-4.53737
0.432256,372.09,0.000902326,2.85317,-0.0623473,7.51111,-4.57476
0.432256,372.09,0.000902481,2.90575,-0.00387558,7.54285,-4.59409
0.432256,372.09,0.000902636,2.94686,0.0546114,7.54483,-4.59529
0.432256,372.09,0.000902791,2.97634,0.112883,7.51702,-4.57836
0.432256,372.09,0.000902946,2.99408,0.170709,7.45955,-4.54335
0.432256,372.09,0.000903101,3,0.227861,7.37264,-4.49042
0.432256,372.09,0.000903256,2.99408,0.284114,7.25664,-4.41977
0.432256,372.09,0.000903411,2.97634,0.339246,7.112,-4.33167
0.432256,372.09,0.000903566,2.94686,0.393039,6.93928,-4.22648
0.432256,372.09,0.000903721,2.90575,0.445281,6.73919,-4.1046
0.432256,372.09,0.000903876,2.85317,0.495765,6.51249,-3.96653
0.432256,372.09,0.000904031,2.78933,0.544293,6.2601,-3.81281
0.432256,372.09,0.000904186,2.71448,0.590673,5.98299,-3.64403
0.432256,372.09,0.000904341,2.62892,0.634721,5.68228,-3.46088
0.432256,372.09,0.000904496,2.53298,0.676265,5.35914,-3.26407
0.432256,372.09,0.000904651,2.42705,0.71514,5.01485,-3.05437
0.432256,372.09,0.000904806,2.31154,0.751192,4.65077,-2.83262
0.432256,372.09,0.000904961,2.18691,0.78428,4.26834,-2.59969
0.432256,372.09,0.000905116,2.05364,0.814273,3.86906,-2.35651
0.432256,372.09,0.000905271,1.91227,0.841052,3.45451,-2.10402
0.432256,372.09,0.000905426,1.76336,0.864512,3.02632,-1.84323
0.432256,372.09,0.000905581,1.60748,0.88456,2.5862,-1.57516
0.432256,372.09,0.000905736,1.44526,0.901117,2.13586,-1.30088
0.432256,372.09,0.000905891,1.27734,0.914118,1.6771,-1.02146
0.432256,372.09,0.000906047,1.10437,0.923511,1.21172,-0.738016
0.432256,372.09,0.000906202,0.927051,0.92926,0.741556,-0.451656
0.432256,372.09,0.000906357,0.74607,0.931341,0.268466,-0.163514
0.432256,372.09,0.000906512,0.562144,0.929746,-0.205683,0.125274
0.432256,372.09,0.000906667,0.376,0.924483,-0.679021,0.413568
0.432256,372.09,0.000906822,0.188372,0.91557,-1.14968,0.700229
0.432256,372.09,0.000906977,3.23255e-014,0.903045,-1.6158,0.984127
0.432256,372.09,0.000907132,-0.188372,0.886955,-2.07554,1.26414
0.432256,372.09,0.000907287,-0.376,0.867365,-2.5271,1.53917
0.432256,372.09,0.000907442,-0.562144,0.844352,-2.96867,1.80812
0.432256,372.09,0.000907597,-0.74607,0.818007,-3.39854,2.06993
0.432256,372.09,0.000907752,-0.927051,0.788434,-3.81499,2.32358
0.432256,372.09,0.000907907,-1.10437,0.755748,-4.21638,2.56805
0.432256,372.09,0.000908062,-1.27734,0.720081,-4.60114,2.80239
0.432256,372.09,0.000908217,-1.44526,0.681571,-4.96773,3.02567
0.432256,372.09,0.000908372,-1.60748,0.640372,-5.31472,3.23701
0.432256,372.09,0.000908527,-1.76336,0.596645,-5.64074,3.43558
0.432256,372.09,0.000908682,-1.91227,0.550564,-5.94449,3.62058
0.432256,372.09,0.000908837,-2.05364,0.502309,-6.22479,3.7913
0.432256,372.09,0.000908992,-2.18691,0.452073,-6.48052,3.94706
0.432256,372.09,0.000909147,-2.31154,0.400052,-6.71067,4.08723
0.432256,372.09,0.000909302,-2.42705,0.346453,-6.91434,4.21128
0.432256,372.09,0.000909457,-2.53298,0.291486,-7.09072,4.31871
0.432256,372.09,0.000909612,-2.62892,0.235369,-7.23911,4.40909
0.432256,372.09,0.000909767,-2.71448,0.178323,-7.35894,4.48207
0.432256,372.09,0.000909922,-2.78933,0.120573,-7.44973,4.53737
0.432256,372.09,0.000910078,-2.85317,0.0623472,-7.51111,4.57475
0.432256,372.09,0.000910233,-2.90575,0.0038755,-7.54285,4.59409
0.432256,372.09,0.000910388,-2.94686,-0.0546115,-7.54482,4.59529
0.432256,372.09,0.000910543,-2.97634,-0.112883,-7.51702,4.57836
0.432256,372.09,0.000910698,-2.99408,-0.170709,-7.45955,4.54335
0.432256,372.09,0.000910853,-3,-0.227861,-7.37264,4.49042
0.432256,372.09,0.000911008,-2.99408,-0.284114,-7.25664,4.41977
0.432256,372.09,0.000911163,-2.97634,-0.339246,-7.11199,4.33167
0.432256,372.09,0.000911318,-2.94686,-0.393039,-6.93928,4.22648
0.432256,372.09,0.000911473,-2.90575,-0.445281,-6.73919,4.1046
0.432256,372.09,0.000911628,-2.85317,-0.495765,-6.51249,3.96653
0.432256,372.09,0.000911783,-2.78933,-0.544293,-6.2601,3.81281
0.432256,372.09,0.000911938,-2.71448,-0.590673,-5.98299,3.64403
0.432256,372.09,0.000912093,-2.62892,-0.634721,-5.68228,3.46088
0.432256,372.09,0.000912248,-2.53298,-0.676265,-5.35914,3.26407
0.432256,372.09,0.000912403,-2.42705,-0.71514,-5.01485,3.05437
0.432256,372.09,0.000912558,-2.31154,-0.751192,-4.65077,2.83262
0.432256,372.09,0.000912713,-2.18691,-0.78428,-4.26834,2.59969
0.432256,372.09,0.000912868,-2.05364,-0.814273,-3.86905,2.35651
0.432256,372.09,0.000913023,-1.91227,-0.841052,-3.45451,2.10402
0.432256,372.09,0.000913178,-1.76336,-0.864512,-3.02632,1.84323
0.432256,372.09,0.000913333,-1.60748,-0.88456,-2.5862,1.57516
0.432256,372.09,0.000913488,-1.44526,-0.901117,-2.13586,1.30088
0.432256,372.09,0.000913643,-1.27734,-0.914118,-1.6771,1.02146
0.432256,372.09,0.000913798,-1.10437,-0.923511,-1.21172,0.738016
0.432256,372.09,0.000913953,-0.927051,-0.92926,-0.741556,0.451656
0.432256,372.09,0.000914109,-0.74607,-0.931341,-0.268466,0.163513
0.432256,372.09,0.000914264,-0.562144,-0.929746,0.205684,-0.125275
0.432256,372.09,0.000914419,-0.376,-0.924482,0.679021,-0.413568
0.432256,372.09,0.000914574,-0.188372,-0.91557,1.14968,-0.700229
0.432256,372.09,0.000914729,-6.46673e-014,-0.903045,1.6158,-0.984127
0.432256,372.09,0.000914884,0.188372,-0.886955,2.07554,-1.26414
0.432256,372.09,0.000915039,0.376,-0.867365,2.5271,-1.53917
0.432256,372.09,0.000915194,0.562144,-0.844352,2.96867,-1.80812
0.432256,372.09,0.000915349,0.74607,-0.818007,3.39854,-2.06993
0.432256,372.09,0.000915504,0.927051,-0.788433,3.81499,-2.32358
0.432256,372.09,0.000915659,1.10437,-0.755748,4.21638,-2.56805
0.432256,372.09,0.000915814,1.27734,-0.720081,4.60114,-2.80239
0.432256,372.09,0.000915969,1.44526,-0.681571,4.96773,-3.02567
0.432256,372.09,0.000916124,1.60748,-0.640372,5.31472,-3.23701
0.432256,372.09,0.000916279,1.76336,-0.596645,5.64074,-3.43558
0.432256,372.09,0.000916434,1.91227,-0.550564,5.94449,-3.62058
0.432256,372.09,0.000916589,2.05364,-0.502309,6.22479,-3.7913
0.432256,372.09,0.000916744,2.18691,-0.452073,6.48052,-3.94706
0.432256,372.09,0.000916899,2.31154,-0.400052,6.71067,-4.08723
0.432256,372.09,0.000917054,2.42705,-0.346453,6.91434,-4.21128
0.432256,372.09,0.000917209,2.53298,-0.291486,7.09072,-4.31871
0.432256,372.09,0.000917364,2.62892,-0.235369,7.23911,-4.40909
0.432256,372.09,0.000917519,2.71448,-0.178323,7.35894,-4.48207
0.432256,372.09,0.000917674,2.78933,-0.120573,7.44973,-4.53737
0.432256,372.09,0.000917829,2.85317,-0.0623471,7.51111,-4.57475
0.432256,372.09,0.000917984,2.90575,-0.00387542,7.54285,-4.59409
0.432256,372.09,0.00091814,2.94686,0.0546116,7.54482,-4.59529
0.432256,372.09,0.000918295,2.97634,0.112883,7.51702,-4.57836
0.432256,372.09,0.00091845,2.99408,0.170709,7.45955,-4.54335
0.432256,372.09,0.000918605,3,0.227861,7.37264,-4.49042
0.432256,372.09,0.00091876,2.99408,0.284114,7.25664,-4.41976
0.432256,372.09,0.000918915,2.97634,0.339246,7.11199,-4.33167
0.432256,372.09,0.00091907,2.94686,0.393039,6.93928,-4.22647
0.432256,372.09,0.000919225,2.90575,0.445281,6.73919,-4.1046
0.432256,372.09,0.00091938,2.85317,0.495765,6.51249,-3.96653
0.432256,372.09,0.000919535,2.78933,0.544293,6.2601,-3.81281
0.432256,372.09,0.00091969,2.71448,0.590673,5.98299,-3.64403
0.432256,372.09,0.000919845,2.62892,0.634722,5.68228,-3.46088
0.432256,372.09,0.00092,2.53298,0.676265,5.35914,-3.26406
0.432256,372.09,0.000920155,2.42705,0.71514,5.01485,-3.05437
0.432256,372.09,0.00092031,2.31154,0.751193,4.65077,-2.83262
0.432256,372.09,0.000920465,2.18691,0.78428,4.26833,-2.59969
0.432256,372.09,0.00092062,2.05364,0.814273,3.86905,-2.35651
0.432256,372.09,0.000920775,1.91227,0.841052,3.4545,-2.10402
0.432256,372.09,0.00092093,1.76336,0.864512,3.02632,-1.84323
0.432256,372.09,0.000921085,1.60748,0.88456,2.5862,-1.57516
0.432256,372.09,0.00092124,1.44526,0.901117,2.13586,-1.30088
0.432256,372.09,0.000921395,1.27734,0.914118,1.6771,-1.02146
0.432256,372.09,0.00092155,1.10437,0.923511,1.21172,-0.738015
0.432256,372.09,0.000921705,0.927051,0.92926,0.741555,-0.451655
0.432256,372.09,0.00092186,0.74607,0.931341,0.268465,-0.163513
0.432256,372.09,0.000922016,0.562144,0.929746,-0.205684,0.125275
0.432256,372.09,0.000922171,0.376,0.924482,-0.679022,0.413569
0.432256,372.09,0.000922326,0.188372,0.91557,-1.14968,0.70023
0.432256,372.09,0.000922481,-7.35211e-014,0.903045,-1.6158,0.984128
0.432256,372.09,0.000922636,-0.188372,0.886955,-2.07554,1.26414
0.432256,372.09,0.000922791,-0.376,0.867365,-2.5271,1.53917
0.432256,372.09,0.000922946,-0.562144,0.844352,-2.96868,1.80812
0.432256,372.09,0.000923101,-0.74607,0.818007,-3.39854,2.06993
0.432256,372.09,0.000923256,-0.927051,0.788433,-3.81499,2.32358
0.432256,372.09,0.000923411,-1.10437,0.755748,-4.21638,2.56805
0.432256,372.09,0.000923566,-1.27734,0.720081,-4.60114,2.80239
0.432256,372.09,0.000923721,-1.44526,0.681571,-4.96773,3.02567
0.432256,372.09,0.000923876,-1.60748,0.640372,-5.31473,3.23701
0.432256,372.09,0.000924031,-1.76336,0.596645,-5.64074,3.43558
0.432256,372.09,0.000924186,-1.91227,0.550564,-5.9445,3.62058
0.432256,372.09,0.000924341,-2.05364,0.502309,-6.22479,3.7913
0.432256,372.09,0.000924496,-2.18691,0.452073,-6.48052,3.94706
0.432256,372.09,0.000924651,-2.31154,0.400052,-6.71067,4.08723
0.432256,372.09,0.000924806,-2.42705,0.346453,-6.91434,4.21128
0.432256,372.09,0.000924961,-2.53298,0.291486,-7.09072,4.31871
0.432256,372.09,0.000925116,-2.62892,0.235369,-7.23911,4.40909
0.432256,372.09,0.000925271,-2.71448,0.178323,-7.35894,4.48207
0.432256,372.09,0.000925426,-2.78933,0.120573,-7.44973,4.53737
0.432256,372.09,0.000925581,-2.85317,0.0623471,-7.51111,4.57476
0.432256,372.09,0.000925736,-2.90575,0.00387535,-7.54285,4.59409
0.432256,372.09,0.000925891,-2.94686,-0.0546117,-7.54482,4.59529
0.432256,372.09,0.000926047,-2.97634,-0.112883,-7.51702,4.57836
0.432256,372.09,0.000926202,-2.99408,-0.170709,-7.45955,4.54335
0.432256,372.09,0.000926357,-3,-0.227861,-7.37264,4.49042
0.432256,372.09,0.000926512,-2.99408,-0.284114,-7.25664,4.41977
0.432256,372.09,0.000926667,-2.97634,-0.339246,-7.11199,4.33167
0.432256,372.09,0.000926822,-2.94686,-0.393039,-6.93928,4.22648
0.432256,372.09,0.000926977,-2.90575,-0.445281,-6.73919,4.1046
0.432256,372.09,0.000927132,-2.85317,-0.495765,-6.51249,3.96653
0.432256,372.09,0.000927287,-2.78933,-0.544293,-6.2601,3.81281
0.432256,372.09,0.000927442,-2.71448,-0.590673,-5.98299,3.64403
0.432256,372.09,0.000927597,-2.62892,-0.634722,-5.68228,3.46088
0.432256,372.09,0.000927752,-2.53298,-0.676265,-5.35914,3.26406
0.432256,372.09,0.000927907,-2.42705,-0.71514,-5.01485,3.05437
0.432256,372.09,0.000928062,-2.31154,-0.751193,-4.65077,2.83262
0.432256,372.09,0.000928217,-2.18691,-0.78428,-4.26833,2.59969
0.432256,372.09,0.000928372,-2.05364,-0.814273,-3.86905,2.35651
0.432256,372.09,0.000928527,-1.91227,-0.841052,-3.4545,2.10402
0.432256,372.09,0.000928682,-1.76336,-0.864512,-3.02632,1.84323
0.432256,372.09,0.000928837,-1.60748,-0.88456,-2.58619,1.57516
0.432256,372.09,0.000928992,-1.44526,-0.901117,-2.13586,1.30088
0.432256,372.09,0.000929147,-1.27734,-0.914118,-1.6771,1.02146
0.432256,372.09,0.000929302,-1.10437,-0.923511,-1.21172,0.738015
0.432256,372.09,0.000929457,-0.927051,-0.92926,-0.741555,0.451655
0.432256,372.09,0.000929612,-0.74607,-0.931341,-0.268465,0.163512
0.432256,372.09,0.000929767,-0.562144,-0.929746,0.205684,-0.125275
0.432256,372.09,0.000929922,-0.376,-0.924483,0.679022,-0.413569
0.432256,372.09,0.000930078,-0.188372,-0.91557,1.14968,-0.70023
