Amp, Phaseshift, Time, Vd, Vr, VL, VC
1.46898,370.771,0,0,0,0,0
1.46898,370.771,1.9802e-007,0.188372,0.00186506,0.188372,0
1.46898,370.771,3.9604e-007,0.376,0.00556937,0.374135,0.00073864
1.46898,370.771,5.94059e-007,0.562144,0.0110727,0.555836,0.00294433
1.46898,370.771,7.92079e-007,0.74607,0.0183207,0.732053,0.00732956
1.46898,370.771,9.90099e-007,0.927051,0.0272455,0.901401,0.0145853
1.46898,370.771,1.18812e-006,1.10437,0.0377657,1.06254,0.0253756
1.46898,370.771,1.38614e-006,1.27734,0.0497875,1.2142,0.0403323
1.46898,370.771,1.58416e-006,1.44526,0.0632047,1.35514,0.0600501
1.46898,370.771,1.78218e-006,1.60748,0.0779,1.48423,0.0850817
1.46898,370.771,1.9802e-006,1.76336,0.0937453,1.60037,0.115933
1.46898,370.771,2.17822e-006,1.91227,0.110603,1.70259,0.15306
1.46898,370.771,2.37624e-006,2.05364,0.128325,1.78998,0.196863
1.46898,370.771,2.57426e-006,2.18691,0.146758,1.86172,0.247685
1.46898,370.771,2.77228e-006,2.31154,0.165739,1.9171,0.305807
1.46898,370.771,2.9703e-006,2.42705,0.185101,1.9555,0.371446
1.46898,370.771,3.16832e-006,2.53298,0.204669,1.97644,0.444753
1.46898,370.771,3.36634e-006,2.62892,0.224268,1.9795,0.525811
1.46898,370.771,3.56436e-006,2.71448,0.243718,1.9644,0.61463
1.46898,370.771,3.76238e-006,2.78933,0.262836,1.93098,0.711152
1.46898,370.771,3.9604e-006,2.85317,0.281442,1.87918,0.815245
1.46898,370.771,4.15842e-006,2.90575,0.299354,1.80906,0.926708
1.46898,370.771,4.35644e-006,2.94686,0.316391,1.7208,1.04526
1.46898,370.771,4.55446e-006,2.97634,0.332378,1.61469,1.17057
1.46898,370.771,4.75248e-006,2.99408,0.347142,1.49113,1.3022
1.46898,370.771,4.9505e-006,3,0.360515,1.35066,1.43968
1.46898,370.771,5.14851e-006,2.99408,0.372336,1.19388,1.58246
1.46898,370.771,5.34653e-006,2.97634,0.38245,1.02155,1.72992
1.46898,370.771,5.54455e-006,2.94686,0.390712,0.83449,1.88139
1.46898,370.771,5.74257e-006,2.90575,0.396986,0.63365,2.03612
1.46898,370.771,5.94059e-006,2.85317,0.401145,0.420059,2.19335
1.46898,370.771,6.13861e-006,2.78933,0.403074,0.194838,2.35222
1.46898,370.771,6.33663e-006,2.71448,0.40267,-0.0408089,2.51185
1.46898,370.771,6.53465e-006,2.62892,0.399842,-0.285599,2.67132
1.46898,370.771,6.73267e-006,2.53298,0.394514,-0.538181,2.82968
1.46898,370.771,6.93069e-006,2.42705,0.386621,-0.797139,2.98592
1.46898,370.771,7.12871e-006,2.31154,0.376116,-1.061,3.13904
1.46898,370.771,7.32673e-006,2.18691,0.362965,-1.32825,3.28799
1.46898,370.771,7.52475e-006,2.05364,0.34715,-1.59732,3.43174
1.46898,370.771,7.72277e-006,1.91227,0.328669,-1.86662,3.56923
1.46898,370.771,7.92079e-006,1.76336,0.307535,-2.13454,3.69939
1.46898,370.771,8.11881e-006,1.60748,0.283778,-2.39945,3.82119
1.46898,370.771,8.31683e-006,1.44526,0.257444,-2.65971,3.93358
1.46898,370.771,8.51485e-006,1.27734,0.228596,-2.91368,4.03553
1.46898,370.771,8.71287e-006,1.10437,0.197311,-3.15976,4.12607
1.46898,370.771,8.91089e-006,0.927051,0.163684,-3.39633,4.20421
1.46898,370.771,9.10891e-006,0.74607,0.127824,-3.62183,4.26904
1.46898,370.771,9.30693e-006,0.562144,0.089857,-3.83472,4.31966
1.46898,370.771,9.50495e-006,0.376,0.0499212,-4.03352,4.35525
1.46898,370.771,9.70297e-006,0.188372,0.00817074,-4.2168,4.37502
1.46898,370.771,9.90099e-006,3.67382e-016,-0.0352272,-4.38319,4.37825
1.46898,370.771,1.0099e-005,-0.188372,-0.0800925,-4.5314,4.3643
1.46898,370.771,1.0297e-005,-0.376,-0.126233,-4.66021,4.33258
1.46898,370.771,1.0495e-005,-0.562144,-0.173446,-4.76849,4.28259
1.46898,370.771,1.06931e-005,-0.74607,-0.221517,-4.85521,4.2139
1.46898,370.771,1.08911e-005,-0.927051,-0.270225,-4.91943,4.12617
1.46898,370.771,1.10891e-005,-1.10437,-0.319337,-4.96032,4.01915
1.46898,370.771,1.12871e-005,-1.27734,-0.368615,-4.97715,3.89268
1.46898,370.771,1.14851e-005,-1.44526,-0.417817,-4.96932,3.74669
1.46898,370.771,1.16832e-005,-1.60748,-0.466691,-4.93636,3.58122
1.46898,370.771,1.18812e-005,-1.76336,-0.514987,-4.87788,3.39639
1.46898,370.771,1.20792e-005,-1.91227,-0.562449,-4.79368,3.19244
1.46898,370.771,1.22772e-005,-2.05364,-0.608822,-4.68363,2.96968
1.46898,370.771,1.24752e-005,-2.18691,-0.653849,-4.54777,2.72857
1.46898,370.771,1.26733e-005,-2.31154,-0.697278,-4.38626,2.46962
1.46898,370.771,1.28713e-005,-2.42705,-0.738856,-4.19939,2.19347
1.46898,370.771,1.30693e-005,-2.53298,-0.778337,-3.98759,1.90085
1.46898,370.771,1.32673e-005,-2.62892,-0.81548,-3.75143,1.5926
1.46898,370.771,1.34653e-005,-2.71448,-0.85005,-3.4916,1.26964
1.46898,370.771,1.36634e-005,-2.78933,-0.881822,-3.20892,0.932982
1.46898,370.771,1.38614e-005,-2.85317,-0.910577,-2.90433,0.583746
1.46898,370.771,1.40594e-005,-2.90575,-0.936111,-2.57892,0.223121
1.46898,370.771,1.42574e-005,-2.94686,-0.958229,-2.23387,-0.147616
1.46898,370.771,1.44554e-005,-2.97634,-0.976748,-1.8705,-0.527112
1.46898,370.771,1.46535e-005,-2.99408,-0.991503,-1.49022,-0.913943
1.46898,370.771,1.48515e-005,-3,-1.00234,-1.09455,-1.30662
1.46898,370.771,1.50495e-005,-2.99408,-1.00912,-0.685122,-1.70358
1.46898,370.771,1.52475e-005,-2.97634,-1.01173,-0.263636,-2.10324
1.46898,370.771,1.54455e-005,-2.94686,-1.01007,0.168109,-2.50392
1.46898,370.771,1.56436e-005,-2.90575,-1.00405,0.608244,-2.90395
1.46898,370.771,1.58416e-005,-2.85317,-0.993603,1.05483,-3.30159
1.46898,370.771,1.60396e-005,-2.78933,-0.978694,1.50587,-3.6951
1.46898,370.771,1.62376e-005,-2.71448,-0.959295,1.95931,-4.0827
1.46898,370.771,1.64356e-005,-2.62892,-0.935403,2.41308,-4.46262
1.46898,370.771,1.66337e-005,-2.53298,-0.907036,2.86504,-4.83308
1.46898,370.771,1.68317e-005,-2.42705,-0.874234,3.31306,-5.1923
1.46898,370.771,1.70297e-005,-2.31154,-0.837055,3.75499,-5.53853
1.46898,370.771,1.72277e-005,-2.18691,-0.795583,4.18868,-5.87004
1.46898,370.771,1.74257e-005,-2.05364,-0.74992,4.61198,-6.18512
1.46898,370.771,1.76238e-005,-1.91227,-0.70019,5.02277,-6.48212
1.46898,370.771,1.78218e-005,-1.76336,-0.646537,5.41895,-6.75942
1.46898,370.771,1.80198e-005,-1.60748,-0.589126,5.79848,-7.01547
1.46898,370.771,1.82178e-005,-1.44526,-0.528143,6.15934,-7.24879
1.46898,370.771,1.84158e-005,-1.27734,-0.46379,6.4996,-7.45796
1.46898,370.771,1.86139e-005,-1.10437,-0.396291,6.81737,-7.64164
1.46898,370.771,1.88119e-005,-0.927051,-0.325887,7.11088,-7.79858
1.46898,370.771,1.90099e-005,-0.74607,-0.252833,7.3784,-7.92765
1.46898,370.771,1.92079e-005,-0.562144,-0.177404,7.61834,-8.02778
1.46898,370.771,1.94059e-005,-0.376,-0.0998874,7.82918,-8.09804
1.46898,370.771,1.9604e-005,-0.188372,-0.0205849,8.00955,-8.1376
1.46898,370.771,1.9802e-005,-7.34764e-016,0.0601892,8.15818,-8.14575
1.46898,370.771,2e-005,0.188372,0.142109,8.27393,-8.12191
1.46898,370.771,2.0198e-005,0.376,0.22484,8.3558,-8.06563
1.46898,370.771,2.0396e-005,0.562144,0.308037,8.40294,-7.97659
1.46898,370.771,2.05941e-005,0.74607,0.391351,8.41462,-7.85459
1.46898,370.771,2.07921e-005,0.927051,0.474423,8.39029,-7.6996
1.46898,370.771,2.09901e-005,1.10437,0.556894,8.32955,-7.51171
1.46898,370.771,2.11881e-005,1.27734,0.6384,8.23216,-7.29116
1.46898,370.771,2.13861e-005,1.44526,0.718578,8.09802,-7.03833
1.46898,370.771,2.15842e-005,1.60748,0.797066,7.92723,-6.75374
1.46898,370.771,2.17822e-005,1.76336,0.873502,7.72003,-6.43807
1.46898,370.771,2.19802e-005,1.91227,0.94753,7.47684,-6.09213
1.46898,370.771,2.21782e-005,2.05364,1.0188,7.19824,-5.71687
1.46898,370.771,2.23762e-005,2.18691,1.08697,6.88498,-5.31339
1.46898,370.771,2.25743e-005,2.31154,1.1517,6.53796,-4.8829
1.46898,370.771,2.27723e-005,2.42705,1.21267,6.15826,-4.42679
1.46898,370.771,2.29703e-005,2.53298,1.26957,5.7471,-3.94652
1.46898,370.771,2.31683e-005,2.62892,1.32211,5.30586,-3.44372
1.46898,370.771,2.33663e-005,2.71448,1.36999,4.83609,-2.92011
1.46898,370.771,2.35644e-005,2.78933,1.41296,4.33945,-2.37754
1.46898,370.771,2.37624e-005,2.85317,1.45075,3.81775,-1.81795
1.46898,370.771,2.39604e-005,2.90575,1.48316,3.27295,-1.2434
1.46898,370.771,2.41584e-005,2.94686,1.50996,2.7071,-0.656007
1.46898,370.771,2.43564e-005,2.97634,1.53098,2.12239,-0.0580019
1.46898,370.771,2.45545e-005,2.99408,1.54604,1.52111,0.548326
1.46898,370.771,2.47525e-005,3,1.555,0.905637,1.16062
1.46898,370.771,2.49505e-005,2.99408,1.55776,0.278459,1.77646
1.46898,370.771,2.51485e-005,2.97634,1.55422,-0.357877,2.3934
1.46898,370.771,2.53465e-005,2.94686,1.54431,-1.00075,3.00893
1.46898,370.771,2.55446e-005,2.90575,1.528,-1.64749,3.62053
1.46898,370.771,2.57426e-005,2.85317,1.50527,-2.29536,4.22568
1.46898,370.771,2.59406e-005,2.78933,1.47615,-2.94162,4.82183
1.46898,370.771,2.61386e-005,2.71448,1.44067,-3.58349,5.40644
1.46898,370.771,2.63366e-005,2.62892,1.3989,-4.21819,5.977
1.46898,370.771,2.65347e-005,2.53298,1.35095,-4.84292,6.53102
1.46898,370.771,2.67327e-005,2.42705,1.29694,-5.45492,7.06605
1.46898,370.771,2.69307e-005,2.31154,1.23703,-6.05146,7.57969
1.46898,370.771,2.71287e-005,2.18691,1.17139,-6.62982,8.06961
1.46898,370.771,2.73267e-005,2.05364,1.10022,-7.18735,8.53352
1.46898,370.771,2.75248e-005,1.91227,1.02377,-7.72147,8.96925
1.46898,370.771,2.77228e-005,1.76336,0.942292,-8.22967,9.37471
1.46898,370.771,2.79208e-005,1.60748,0.856059,-8.70952,9.74789
1.46898,370.771,2.81188e-005,1.44526,0.765379,-9.15869,10.0869
1.46898,370.771,2.83168e-005,1.27734,0.670577,-9.57497,10.39
1.46898,370.771,2.85149e-005,1.10437,0.572,-9.95625,10.6556
1.46898,370.771,2.87129e-005,0.927051,0.470014,-10.3006,10.8822
1.46898,370.771,2.89109e-005,0.74607,0.365004,-10.6061,11.0683
1.46898,370.771,2.91089e-005,0.562144,0.257368,-10.8712,11.2129
1.46898,370.771,2.93069e-005,0.376,0.147524,-11.0942,11.3148
1.46898,370.771,2.9505e-005,0.188372,0.0359014,-11.2739,11.3732
1.46898,370.771,2.9703e-005,1.10215e-015,-0.0770601,-11.4091,11.3874
1.46898,370.771,2.9901e-005,-0.188372,-0.190909,-11.4987,11.3569
1.46898,370.771,3.0099e-005,-0.376,-0.305186,-11.542,11.2813
1.46898,370.771,3.0297e-005,-0.562144,-0.419426,-11.5383,11.1604
1.46898,370.771,3.0495e-005,-0.74607,-0.53316,-11.4871,10.9943
1.46898,370.771,3.06931e-005,-0.927051,-0.645915,-11.3882,10.7832
1.46898,370.771,3.08911e-005,-1.10437,-0.757218,-11.2416,10.5274
1.46898,370.771,3.10891e-005,-1.27734,-0.866599,-11.0475,10.2275
1.46898,370.771,3.12871e-005,-1.44526,-0.97359,-10.8061,9.88427
1.46898,370.771,3.14851e-005,-1.60748,-1.07773,-10.5182,9.49869
1.46898,370.771,3.16832e-005,-1.76336,-1.17857,-10.1843,9.07187
1.46898,370.771,3.18812e-005,-1.91227,-1.27565,-9.80557,8.60511
1.46898,370.771,3.20792e-005,-2.05364,-1.36855,-9.3831,8.0999
1.46898,370.771,3.22772e-005,-2.18691,-1.45685,-8.91825,7.5579
1.46898,370.771,3.24752e-005,-2.31154,-1.54014,-8.41259,6.98093
1.46898,370.771,3.26733e-005,-2.42705,-1.61804,-7.86783,6.37097
1.46898,370.771,3.28713e-005,-2.53298,-1.69018,-7.28591,5.73016
1.46898,370.771,3.30693e-005,-2.62892,-1.75621,-6.6689,5.06078
1.46898,370.771,3.32673e-005,-2.71448,-1.81581,-6.01905,4.36525
1.46898,370.771,3.34653e-005,-2.78933,-1.86866,-5.33878,3.64612
1.46898,370.771,3.36634e-005,-2.85317,-1.91451,-4.63063,2.90606
1.46898,370.771,3.38614e-005,-2.90575,-1.9531,-3.89729,2.14783
1.46898,370.771,3.40594e-005,-2.94686,-1.9842,-3.1416,1.37433
1.46898,370.771,3.42574e-005,-2.97634,-2.00763,-2.36647,0.588506
1.46898,370.771,3.44554e-005,-2.99408,-2.02323,-1.57495,-0.206597
1.46898,370.771,3.46535e-005,-3,-2.03085,-0.770175,-1.00788
1.46898,370.771,3.48515e-005,-2.99408,-2.03041,0.0446487,-1.81217
1.46898,370.771,3.50495e-005,-2.97634,-2.02183,0.866241,-2.6163
1.46898,370.771,3.52475e-005,-2.94686,-2.00509,1.69127,-3.41702
1.46898,370.771,3.54455e-005,-2.90575,-1.98018,2.51636,-4.21112
1.46898,370.771,3.56436e-005,-2.85317,-1.94712,3.33812,-4.99535
1.46898,370.771,3.58416e-005,-2.78933,-1.906,4.15314,-5.76648
1.46898,370.771,3.60396e-005,-2.71448,-1.85691,4.95801,-6.52134
1.46898,370.771,3.62376e-005,-2.62892,-1.79999,5.74933,-7.25675
1.46898,370.771,3.64356e-005,-2.53298,-1.7354,6.52376,-7.96962
1.46898,370.771,3.66337e-005,-2.42705,-1.66334,7.27797,-8.6569
1.46898,370.771,3.68317e-005,-2.31154,-1.58405,8.0087,-9.31565
1.46898,370.771,3.70297e-005,-2.18691,-1.49778,8.71279,-9.943
1.46898,370.771,3.72277e-005,-2.05364,-1.40484,9.38714,-10.5362
1.46898,370.771,3.74257e-005,-1.91227,-1.30554,10.0287,-11.0925
1.46898,370.771,3.76238e-005,-1.76336,-1.20025,10.6347,-11.6096
1.46898,370.771,3.78218e-005,-1.60748,-1.08934,11.2024,-12.0849
1.46898,370.771,3.80198e-005,-1.44526,-0.973206,11.729,-12.5164
1.46898,370.771,3.82178e-005,-1.27734,-0.852293,12.2122,-12.9018
1.46898,370.771,3.84158e-005,-1.10437,-0.727049,12.6497,-13.2393
1.46898,370.771,3.86139e-005,-0.927051,-0.597946,13.0393,-13.5273
1.46898,370.771,3.88119e-005,-0.74607,-0.465479,13.3792,-13.7641
1.46898,370.771,3.90099e-005,-0.562144,-0.330158,13.6674,-13.9484
1.46898,370.771,3.92079e-005,-0.376,-0.192509,13.9026,-14.0792
1.46898,370.771,3.94059e-005,-0.188372,-0.0530702,14.0833,-14.1554
1.46898,370.771,3.9604e-005,-1.46953e-015,0.087608,14.2085,-14.1764
1.46898,370.771,3.9802e-005,0.188372,0.228967,14.2772,-14.1418
1.46898,370.771,4e-005,0.376,0.37044,14.2888,-14.0511
1.46898,370.771,4.0198e-005,0.562144,0.511457,14.2428,-13.9044
1.46898,370.771,4.0396e-005,0.74607,0.651447,14.139,-13.7018
1.46898,370.771,4.05941e-005,0.927051,0.789837,13.9774,-13.4438
1.46898,370.771,4.07921e-005,1.10437,0.926059,13.7583,-13.131
1.46898,370.771,4.09901e-005,1.27734,1.05955,13.4823,-12.7642
1.46898,370.771,4.11881e-005,1.44526,1.18974,13.15,-12.3446
1.46898,370.771,4.13861e-005,1.60748,1.3161,12.7624,-11.8734
1.46898,370.771,4.15842e-005,1.76336,1.43809,12.3207,-11.3522
1.46898,370.771,4.17822e-005,1.91227,1.55518,11.8264,-10.7827
1.46898,370.771,4.19802e-005,2.05364,1.66688,11.2811,-10.1668
1.46898,370.771,4.21782e-005,2.18691,1.77269,10.6868,-9.5066
1.46898,370.771,4.23762e-005,2.31154,1.87215,10.0455,-8.80455
1.46898,370.771,4.25743e-005,2.42705,1.96482,9.35945,-8.0631
1.46898,370.771,4.27723e-005,2.53298,2.05027,8.63127,-7.28496
1.46898,370.771,4.29703e-005,2.62892,2.12813,7.8636,-6.47297
1.46898,370.771,4.31683e-005,2.71448,2.19803,7.05932,-5.63014
1.46898,370.771,4.33663e-005,2.78933,2.25962,6.22145,-4.75964
1.46898,370.771,4.35644e-005,2.85317,2.31263,5.35318,-3.86474
1.46898,370.771,4.37624e-005,2.90575,2.35676,4.45786,-2.94885
1.46898,370.771,4.39604e-005,2.94686,2.3918,3.53894,-2.01547
1.46898,370.771,4.41584e-005,2.97634,2.41754,2.60002,-1.06823
1.46898,370.771,4.43564e-005,2.99408,2.43383,1.64476,-0.110783
1.46898,370.771,4.45545e-005,3,2.44053,0.676953,0.85311
1.46898,370.771,4.47525e-005,2.99408,2.43757,-0.299562,1.81966
1.46898,370.771,4.49505e-005,2.97634,2.42488,-1.28088,2.78503
1.46898,370.771,4.51485e-005,2.94686,2.40248,-2.26305,3.74538
1.46898,370.771,4.53465e-005,2.90575,2.37038,-3.24211,4.69686
1.46898,370.771,4.55446e-005,2.85317,2.32865,-4.21406,5.63562
1.46898,370.771,4.57426e-005,2.78933,2.27742,-5.17494,6.55786
1.46898,370.771,4.59406e-005,2.71448,2.21682,-6.1208,7.45981
1.46898,370.771,4.61386e-005,2.62892,2.14704,-7.0477,8.33775
1.46898,370.771,4.63366e-005,2.53298,2.06831,-7.95181,9.18806
1.46898,370.771,4.65347e-005,2.42705,1.98089,-8.82932,10.0072
1.46898,370.771,4.67327e-005,2.31154,1.88508,-9.67654,10.7917
1.46898,370.771,4.69307e-005,2.18691,1.78122,-10.4899,11.5383
1.46898,370.771,4.71287e-005,2.05364,1.66968,-11.2658,12.2437
1.46898,370.771,4.73267e-005,1.91227,1.55085,-12.0011,12.905
1.46898,370.771,4.75248e-005,1.76336,1.42518,-12.6925,13.5192
1.46898,370.771,4.77228e-005,1.60748,1.29314,-13.3369,14.0836
1.46898,370.771,4.79208e-005,1.44526,1.1552,-13.9315,14.5957
1.46898,370.771,4.81188e-005,1.27734,1.0119,-14.4736,15.0532
1.46898,370.771,4.83168e-005,1.10437,0.863772,-14.9608,15.454
1.46898,370.771,4.85149e-005,0.927051,0.711389,-15.3907,15.7961
1.46898,370.771,4.87129e-005,0.74607,0.555336,-15.7614,16.0778
1.46898,370.771,4.89109e-005,0.562144,0.396217,-16.071,16.2977
1.46898,370.771,4.91089e-005,0.376,0.234653,-16.318,16.4547
1.46898,370.771,4.93069e-005,0.188372,0.0712773,-16.5009,16.5476
1.46898,370.771,4.9505e-005,-3.49216e-015,-0.093266,-16.6189,16.5758
1.46898,370.771,4.9703e-005,-0.188372,-0.258325,-16.6709,16.5389
1.46898,370.771,4.9901e-005,-0.376,-0.423241,-16.6566,16.4366
1.46898,370.771,5.0099e-005,-0.562144,-0.587355,-16.5755,16.269
1.46898,370.771,5.0297e-005,-0.74607,-0.750005,-16.4277,16.0363
1.46898,370.771,5.0495e-005,-0.927051,-0.910533,-16.2134,15.7393
1.46898,370.771,5.06931e-005,-1.10437,-1.06829,-15.9331,15.3787
1.46898,370.771,5.08911e-005,-1.27734,-1.22262,-15.5878,14.9556
1.46898,370.771,5.10891e-005,-1.44526,-1.3729,-15.1783,14.4714
1.46898,370.771,5.12871e-005,-1.60748,-1.51851,-14.706,13.9277
1.46898,370.771,5.14851e-005,-1.76336,-1.65883,-14.1725,13.3263
1.46898,370.771,5.16832e-005,-1.91227,-1.79328,-13.5797,12.6693
1.46898,370.771,5.18812e-005,-2.05364,-1.9213,-12.9297,11.9591
1.46898,370.771,5.20792e-005,-2.18691,-2.04233,-12.2247,11.1982
1.46898,370.771,5.22772e-005,-2.31154,-2.15587,-11.4674,10.3894
1.46898,370.771,5.24752e-005,-2.42705,-2.26142,-10.6606,9.53556
1.46898,370.771,5.26733e-005,-2.53298,-2.35852,-9.80712,8.63995
1.46898,370.771,5.28713e-005,-2.62892,-2.44674,-8.91035,7.70588
1.46898,370.771,5.30693e-005,-2.71448,-2.52569,-7.97362,6.73687
1.46898,370.771,5.32673e-005,-2.78933,-2.595,-7.00051,5.7366
1.46898,370.771,5.34653e-005,-2.85317,-2.65436,-5.99477,4.70887
1.46898,370.771,5.36634e-005,-2.90575,-2.70347,-4.96027,3.65764
1.46898,370.771,5.38614e-005,-2.94686,-2.74209,-3.90104,2.58696
1.46898,370.771,5.40594e-005,-2.97634,-2.77003,-2.82121,1.50099
1.46898,370.771,5.42574e-005,-2.99408,-2.78711,-1.72504,0.403946
1.46898,370.771,5.44554e-005,-3,-2.79321,-0.616841,-0.699858
1.46898,370.771,5.46535e-005,-2.99408,-2.78827,0.498991,-1.80608
1.46898,370.771,5.48515e-005,-2.97634,-2.77225,1.61801,-2.91035
1.46898,370.771,5.50495e-005,-2.94686,-2.74517,2.73574,-4.00827
1.46898,370.771,5.52475e-005,-2.90575,-2.70707,3.84769,-5.09546
1.46898,370.771,5.54455e-005,-2.85317,-2.65807,4.94936,-6.16757
1.46898,370.771,5.56436e-005,-2.78933,-2.5983,6.03631,-7.22027
1.46898,370.771,5.58416e-005,-2.71448,-2.52796,7.10409,-8.2493
1.46898,370.771,5.60396e-005,-2.62892,-2.44729,8.14834,-9.25047
1.46898,370.771,5.62376e-005,-2.53298,-2.35655,9.16478,-10.2197
1.46898,370.771,5.64356e-005,-2.42705,-2.25606,10.1492,-11.153
1.46898,370.771,5.66337e-005,-2.31154,-2.14618,11.0975,-12.0465
1.46898,370.771,5.68317e-005,-2.18691,-2.02731,12.0057,-12.8964
1.46898,370.771,5.70297e-005,-2.05364,-1.89989,12.8701,-13.6993
1.46898,370.771,5.72277e-005,-1.91227,-1.76437,13.687,-14.4518
1.46898,370.771,5.74257e-005,-1.76336,-1.62128,14.4528,-15.1505
1.46898,370.771,5.76238e-005,-1.60748,-1.47113,15.1643,-15.7926
1.46898,370.771,5.78218e-005,-1.44526,-1.31452,15.8185,-16.3752
1.46898,370.771,5.80198e-005,-1.27734,-1.15202,16.4124,-16.8958
1.46898,370.771,5.82178e-005,-1.10437,-0.984259,16.9435,-17.3521
1.46898,370.771,5.84158e-005,-0.927051,-0.811889,17.4093,-17.7419
1.46898,370.771,5.86139e-005,-0.74607,-0.635575,17.8077,-18.0634
1.46898,370.771,5.88119e-005,-0.562144,-0.456002,18.1369,-18.3152
1.46898,370.771,5.90099e-005,-0.376,-0.273872,18.3952,-18.4957
1.46898,370.771,5.92079e-005,-0.188372,-0.0898994,18.5812,-18.6042
1.46898,370.771,5.94059e-005,-2.20429e-015,0.0951908,18.6941,-18.6398
1.46898,370.771,5.9604e-005,0.188372,0.280666,18.733,-18.6021
1.46898,370.771,5.9802e-005,0.376,0.465789,18.6975,-18.491
1.46898,370.771,6e-005,0.562144,0.649822,18.5873,-18.3065
1.46898,370.771,6.0198e-005,0.74607,0.832027,18.4027,-18.0491
1.46898,370.771,6.0396e-005,0.927051,1.01167,18.1442,-17.7196
1.46898,370.771,6.05941e-005,1.10437,1.18803,17.8123,-17.319
1.46898,370.771,6.07921e-005,1.27734,1.36039,17.4083,-16.8484
1.46898,370.771,6.09901e-005,1.44526,1.52805,16.9333,-16.3097
1.46898,370.771,6.11881e-005,1.60748,1.69032,16.3891,-15.7045
1.46898,370.771,6.13861e-005,1.76336,1.84653,15.7776,-15.0351
1.46898,370.771,6.15842e-005,1.91227,1.99604,15.1008,-14.3038
1.46898,370.771,6.17822e-005,2.05364,2.13823,14.3614,-13.5133
1.46898,370.771,6.19802e-005,2.18691,2.27251,13.5619,-12.6664
1.46898,370.771,6.21782e-005,2.31154,2.39831,12.7055,-11.7664
1.46898,370.771,6.23762e-005,2.42705,2.51509,11.7952,-10.8166
1.46898,370.771,6.25743e-005,2.53298,2.62236,10.8345,-9.82054
1.46898,370.771,6.27723e-005,2.62892,2.71966,9.82709,-8.78198
1.46898,370.771,6.29703e-005,2.71448,2.80656,8.7768,-7.70488
1.46898,370.771,6.31683e-005,2.78933,2.88268,7.68765,-6.59338
1.46898,370.771,6.33663e-005,2.85317,2.94767,6.56387,-5.45172
1.46898,370.771,6.35644e-005,2.90575,3.00123,5.40981,-4.28433
1.46898,370.771,6.37624e-005,2.94686,3.04311,4.22996,-3.09572
1.46898,370.771,6.39604e-005,2.97634,3.0731,3.02896,-1.89053
1.46898,370.771,6.41584e-005,2.99408,3.09103,1.81151,-0.673463
1.46898,370.771,6.43564e-005,3,3.0968,0.582429,0.550709
1.46898,370.771,6.45545e-005,2.99408,3.09033,-0.653429,1.77716
1.46898,370.771,6.47525e-005,2.97634,3.07161,-1.89115,3.00106
1.46898,370.771,6.49505e-005,2.94686,3.04066,-3.1258,4.21754
1.46898,370.771,6.51485e-005,2.90575,2.99756,-4.35244,5.42176
1.46898,370.771,6.53465e-005,2.85317,2.94245,-5.56615,6.60891
1.46898,370.771,6.55446e-005,2.78933,2.8755,-6.76204,7.77424
1.46898,370.771,6.57426e-005,2.71448,2.79694,-7.93526,8.91305
1.46898,370.771,6.59406e-005,2.62892,2.70703,-9.08107,10.0208
1.46898,370.771,6.61386e-005,2.53298,2.60609,-10.1948,11.0928
1.46898,370.771,6.63366e-005,2.42705,2.49448,-11.2719,12.125
1.46898,370.771,6.65347e-005,2.31154,2.37262,-12.3079,13.1129
1.46898,370.771,6.67327e-005,2.18691,2.24095,-13.2986,14.0525
1.46898,370.771,6.69307e-005,2.05364,2.09997,-14.2398,14.94
1.46898,370.771,6.71287e-005,1.91227,1.95019,-15.1277,15.7717
1.46898,370.771,6.73267e-005,1.76336,1.79218,-15.9585,16.544
1.46898,370.771,6.75248e-005,1.60748,1.62655,-16.7287,17.2538
1.46898,370.771,6.77228e-005,1.44526,1.45393,-17.4351,17.898
1.46898,370.771,6.79208e-005,1.27734,1.27497,-18.0746,18.4738
1.46898,370.771,6.81188e-005,1.10437,1.09037,-18.6444,18.9788
1.46898,370.771,6.83168e-005,0.927051,0.900845,-19.1421,19.4106
1.46898,370.771,6.85149e-005,0.74607,0.707129,-19.5654,19.7674
1.46898,370.771,6.87129e-005,0.562144,0.509977,-19.9123,20.0474
1.46898,370.771,6.89109e-005,0.376,0.310161,-20.1814,20.2494
1.46898,370.771,6.91089e-005,0.188372,0.108467,-20.3712,20.3722
1.46898,370.771,6.93069e-005,-8.08647e-015,-0.0943123,-20.4807,20.4152
1.46898,370.771,6.9505e-005,-0.188372,-0.297374,-20.5092,20.3778
1.46898,370.771,6.9703e-005,-0.376,-0.499913,-20.4564,20.26
1.46898,370.771,6.9901e-005,-0.562144,-0.701124,-20.3223,20.0621
1.46898,370.771,7.0099e-005,-0.74607,-0.900203,-20.107,19.7844
1.46898,370.771,7.0297e-005,-0.927051,-1.09635,-19.8112,19.4279
1.46898,370.771,7.0495e-005,-1.10437,-1.28879,-19.4359,18.9937
1.46898,370.771,7.06931e-005,-1.27734,-1.47673,-18.9822,18.4833
1.46898,370.771,7.08911e-005,-1.44526,-1.65942,-18.4518,17.8984
1.46898,370.771,7.10891e-005,-1.60748,-1.83612,-17.8465,17.2412
1.46898,370.771,7.12871e-005,-1.76336,-2.0061,-17.1685,16.514
1.46898,370.771,7.14851e-005,-1.91227,-2.16868,-16.4202,15.7195
1.46898,370.771,7.16832e-005,-2.05364,-2.32318,-15.6045,14.8607
1.46898,370.771,7.18812e-005,-2.18691,-2.46897,-14.7244,13.9406
1.46898,370.771,7.20792e-005,-2.31154,-2.60543,-13.7832,12.9628
1.46898,370.771,7.22772e-005,-2.42705,-2.73201,-12.7844,11.9309
1.46898,370.771,7.24752e-005,-2.53298,-2.84817,-11.7319,10.8489
1.46898,370.771,7.26733e-005,-2.62892,-2.95341,-10.6297,9.72095
1.46898,370.771,7.28713e-005,-2.71448,-3.0473,-9.48202,8.55128
1.46898,370.771,7.30693e-005,-2.78933,-3.12941,-8.29332,7.34444
1.46898,370.771,7.32673e-005,-2.85317,-3.19939,-7.0682,6.10507
1.46898,370.771,7.34653e-005,-2.90575,-3.25693,-5.81143,4.83798
1.46898,370.771,7.36634e-005,-2.94686,-3.30176,-4.52791,3.54811
1.46898,370.771,7.38614e-005,-2.97634,-3.33367,-3.22269,2.24048
1.46898,370.771,7.40594e-005,-2.99408,-3.35249,-1.90089,0.920217
1.46898,370.771,7.42574e-005,-3,-3.35811,-0.567729,-0.407501
1.46898,370.771,7.44554e-005,-2.99408,-3.35047,0.77153,-1.73745
1.46898,370.771,7.46535e-005,-2.97634,-3.32956,2.11157,-3.06436
1.46898,370.771,7.48515e-005,-2.94686,-3.29543,3.44707,-4.383
1.46898,370.771,7.50495e-005,-2.90575,-3.24818,4.77269,-5.68813
1.46898,370.771,7.52475e-005,-2.85317,-3.18795,6.08314,-6.97453
1.46898,370.771,7.54455e-005,-2.78933,-3.11495,7.37315,-8.23709
1.46898,370.771,7.56436e-005,-2.71448,-3.02943,8.63756,-9.47073
1.46898,370.771,7.58416e-005,-2.62892,-2.93169,9.87124,-10.6705
1.46898,370.771,7.60396e-005,-2.53298,-2.8221,11.0692,-11.8316
1.46898,370.771,7.62376e-005,-2.42705,-2.70104,12.2266,-12.9492
1.46898,370.771,7.64356e-005,-2.31154,-2.56898,13.3387,-14.019
1.46898,370.771,7.66337e-005,-2.18691,-2.42639,14.401,-15.0364
1.46898,370.771,7.68317e-005,-2.05364,-2.27383,15.4091,-15.9973
1.46898,370.771,7.70297e-005,-1.91227,-2.11186,16.3589,-16.8978
1.46898,370.771,7.72277e-005,-1.76336,-1.9411,17.2463,-17.7342
1.46898,370.771,7.74257e-005,-1.60748,-1.76221,18.0678,-18.503
1.46898,370.771,7.76238e-005,-1.44526,-1.57588,18.8199,-19.2009
1.46898,370.771,7.78218e-005,-1.27734,-1.38281,19.4994,-19.825
1.46898,370.771,7.80198e-005,-1.10437,-1.18377,20.1034,-20.3726
1.46898,370.771,7.82178e-005,-0.927051,-0.979517,20.6294,-20.8415
1.46898,370.771,7.84158e-005,-0.74607,-0.770854,21.0749,-21.2294
1.46898,370.771,7.86139e-005,-0.562144,-0.558596,21.4381,-21.5347
1.46898,370.771,7.88119e-005,-0.376,-0.343574,21.7173,-21.7559
1.46898,370.771,7.90099e-005,-0.188372,-0.126632,21.9111,-21.892
1.46898,370.771,7.92079e-005,-2.93906e-015,0.0913739,22.0186,-21.9421
1.46898,370.771,7.94059e-005,0.188372,0.309583,22.0391,-21.9059
1.46898,370.771,7.9604e-005,0.376,0.527131,21.9723,-21.7833
1.46898,370.771,7.9802e-005,0.562144,0.743154,21.8183,-21.5746
1.46898,370.771,8e-005,0.74607,0.956792,21.5775,-21.2802
1.46898,370.771,8.0198e-005,0.927051,1.16719,21.2505,-20.9013
1.46898,370.771,8.0396e-005,1.10437,1.37352,20.8385,-20.4391
1.46898,370.771,8.05941e-005,1.27734,1.57493,20.3429,-19.8951
1.46898,370.771,8.07921e-005,1.44526,1.77063,19.7654,-19.2714
1.46898,370.771,8.09901e-005,1.60748,1.95982,19.1082,-18.5701
1.46898,370.771,8.11881e-005,1.76336,2.14173,18.3737,-17.794
1.46898,370.771,8.13861e-005,1.91227,2.31564,17.5645,-16.9457
1.46898,370.771,8.15842e-005,2.05364,2.48083,16.6837,-16.0287
1.46898,370.771,8.17822e-005,2.18691,2.63662,15.7347,-15.0461
1.46898,370.771,8.19802e-005,2.31154,2.78237,14.7211,-14.0019
1.46898,370.771,8.21782e-005,2.42705,2.91748,13.6466,-12.9
1.46898,370.771,8.23762e-005,2.53298,3.0414,12.5155,-11.7446
1.46898,370.771,8.25743e-005,2.62892,3.1536,11.3321,-10.5401
1.46898,370.771,8.27723e-005,2.71448,3.25361,10.1009,-9.29111
1.46898,370.771,8.29703e-005,2.78933,3.341,8.82683,-8.00256
1.46898,370.771,8.31683e-005,2.85317,3.41541,7.51472,-6.67939
1.46898,370.771,8.33663e-005,2.90575,3.47649,6.16973,-5.32675
1.46898,370.771,8.35644e-005,2.94686,3.52399,4.79712,-3.94992
1.46898,370.771,8.37624e-005,2.97634,3.55767,3.40228,-2.55428
1.46898,370.771,8.39604e-005,2.99408,3.57738,1.99069,-1.1453
1.46898,370.771,8.41584e-005,3,3.58301,0.567919,0.271483
1.46898,370.771,8.43564e-005,2.99408,3.57449,-0.86041,1.6905
1.46898,370.771,8.45545e-005,2.97634,3.55183,-2.28864,3.10613
1.46898,370.771,8.47525e-005,2.94686,3.51508,-3.7111,4.5128
1.46898,370.771,8.49505e-005,2.90575,3.46437,-5.12213,5.90491
1.46898,370.771,8.51485e-005,2.85317,3.39985,-6.51611,7.27694
1.46898,370.771,8.53465e-005,2.78933,3.32176,-7.88746,8.62342
1.46898,370.771,8.55446e-005,2.71448,3.23037,-9.2307,9.93897
1.46898,370.771,8.57426e-005,2.62892,3.12601,-10.5404,11.2183
1.46898,370.771,8.59406e-005,2.53298,3.00906,-11.8113,12.4563
1.46898,370.771,8.61386e-005,2.42705,2.87997,-13.0384,13.648
1.46898,370.771,8.63366e-005,2.31154,2.73921,-14.2165,14.7886
1.46898,370.771,8.65347e-005,2.18691,2.58732,-15.3409,15.8735
1.46898,370.771,8.67327e-005,2.05364,2.42488,-16.4072,16.8982
1.46898,370.771,8.69307e-005,1.91227,2.25249,-17.4108,17.8585
1.46898,370.771,8.71287e-005,1.76336,2.07083,-18.3476,18.7506
1.46898,370.771,8.73267e-005,1.60748,1.8806,-19.2139,19.5707
1.46898,370.771,8.75248e-005,1.44526,1.68252,-20.006,20.3155
1.46898,370.771,8.77228e-005,1.27734,1.47736,-20.7207,20.9818
1.46898,370.771,8.79208e-005,1.10437,1.26593,-21.3548,21.5669
1.46898,370.771,8.81188e-005,0.927051,1.04904,-21.9058,22.0683
1.46898,370.771,8.83168e-005,0.74607,0.82754,-22.3713,22.4838
1.46898,370.771,8.85149e-005,0.562144,0.602301,-22.7491,22.8115
1.46898,370.771,8.87129e-005,0.376,0.374204,-23.0378,23.05
1.46898,370.771,8.89109e-005,0.188372,0.144146,-23.2359,23.1982
1.46898,370.771,8.91089e-005,3.30644e-015,-0.0869666,-23.3424,23.2553
1.46898,370.771,8.93069e-005,-0.188372,-0.318221,-23.3567,23.2209
1.46898,370.771,8.9505e-005,-0.376,-0.548703,-23.2786,23.0948
1.46898,370.771,8.9703e-005,-0.562144,-0.777498,-23.1083,22.8775
1.46898,370.771,8.9901e-005,-0.74607,-1.0037,-22.8461,22.5696
1.46898,370.771,9.0099e-005,-0.927051,-1.2264,-22.493,22.1721
1.46898,370.771,9.0297e-005,-1.10437,-1.44472,-22.0501,21.6864
1.46898,370.771,9.0495e-005,-1.27734,-1.65778,-21.519,21.1142
1.46898,370.771,9.06931e-005,-1.44526,-1.86472,-20.9017,20.4577
1.46898,370.771,9.08911e-005,-1.60748,-2.06473,-20.2005,19.7192
1.46898,370.771,9.10891e-005,-1.76336,-2.25698,-19.4178,18.9015
1.46898,370.771,9.12871e-005,-1.91227,-2.44071,-18.5568,18.0076
1.46898,370.771,9.14851e-005,-2.05364,-2.61518,-17.6205,17.041
1.46898,370.771,9.16832e-005,-2.18691,-2.77966,-16.6127,16.0053
1.46898,370.771,9.18812e-005,-2.31154,-2.93349,-15.5372,14.9044
1.46898,370.771,9.20792e-005,-2.42705,-3.07605,-14.398,13.7427
1.46898,370.771,9.22772e-005,-2.53298,-3.20674,-13.1996,12.5244
1.46898,370.771,9.24752e-005,-2.62892,-3.32502,-11.9466,11.2544
1.46898,370.771,9.26733e-005,-2.71448,-3.4304,-10.6439,9.93759
1.46898,370.771,9.28713e-005,-2.78933,-3.52245,-9.29651,8.57901
1.46898,370.771,9.30693e-005,-2.85317,-3.60076,-7.90973,7.18398
1.46898,370.771,9.32673e-005,-2.90575,-3.66501,-6.48897,5.75794
1.46898,370.771,9.34653e-005,-2.94686,-3.71491,-5.03979,4.30645
1.46898,370.771,9.36634e-005,-2.97634,-3.75023,-3.56788,2.8352
1.46898,370.771,9.38614e-005,-2.99408,-3.77082,-2.07904,1.34996
1.46898,370.771,9.40594e-005,-3,-3.77655,-0.579137,-0.143438
1.46898,370.771,9.42574e-005,-2.99408,-3.76739,0.92591,-1.6391
1.46898,370.771,9.44554e-005,-2.97634,-3.74332,2.43014,-3.13114
1.46898,370.771,9.46535e-005,-2.94686,-3.70444,3.9276,-4.61364
1.46898,370.771,9.48515e-005,-2.90575,-3.65085,5.41233,-6.08074
1.46898,370.771,9.50495e-005,-2.85317,-3.58275,6.87842,-7.52663
1.46898,370.771,9.52475e-005,-2.78933,-3.50037,8.32004,-8.94553
1.46898,370.771,9.54455e-005,-2.71448,-3.40402,9.73142,-10.3318
1.46898,370.771,9.56436e-005,-2.62892,-3.29405,11.1069,-11.6799
1.46898,370.771,9.58416e-005,-2.53298,-3.17087,12.441,-12.9845
1.46898,370.771,9.60396e-005,-2.42705,-3.03495,13.7283,-14.2403
1.46898,370.771,9.62376e-005,-2.31154,-2.88679,14.9637,-15.4423
1.46898,370.771,9.64356e-005,-2.18691,-2.72697,16.1422,-16.5856
1.46898,370.771,9.66337e-005,-2.05364,-2.55609,17.2589,-17.6655
1.46898,370.771,9.68317e-005,-1.91227,-2.37481,18.3094,-18.6779
1.46898,370.771,9.70297e-005,-1.76336,-2.18382,19.2893,-19.6184
1.46898,370.771,9.72277e-005,-1.60748,-1.98388,20.1947,-20.4833
1.46898,370.771,9.74257e-005,-1.44526,-1.77574,21.0219,-21.2689
1.46898,370.771,9.76238e-005,-1.27734,-1.56022,21.7673,-21.9722
1.46898,370.771,9.78218e-005,-1.10437,-1.33816,22.4281,-22.5901
1.46898,370.771,9.80198e-005,-0.927051,-1.11043,23.0012,-23.1201
1.46898,370.771,9.82178e-005,-0.74607,-0.877907,23.4844,-23.5599
1.46898,370.771,9.84158e-005,-0.562144,-0.641515,23.8756,-23.9075
1.46898,370.771,9.86139e-005,-0.376,-0.402177,24.1731,-24.1616
1.46898,370.771,9.88119e-005,-0.188372,-0.160837,24.3754,-24.3209
1.46898,370.771,9.90099e-005,6.98432e-015,0.0815566,24.4817,-24.3846
1.46898,370.771,9.92079e-005,0.188372,0.324046,24.4914,-24.3523
1.46898,370.771,9.94059e-005,0.376,0.565672,24.4042,-24.2239
1.46898,370.771,9.9604e-005,0.562144,0.805478,24.2204,-23.9999
1.46898,370.771,9.9802e-005,0.74607,1.04251,23.9405,-23.6809
1.46898,370.771,0.0001,0.927051,1.27583,23.5655,-23.268
1.46898,370.771,0.000100198,1.10437,1.50451,23.0966,-22.7628
1.46898,370.771,0.000100396,1.27734,1.72764,22.5356,-22.1669
1.46898,370.771,0.000100594,1.44526,1.94432,21.8845,-21.4827
1.46898,370.771,0.000100792,1.60748,2.15368,21.1459,-20.7127
1.46898,370.771,0.00010099,1.76336,2.35489,20.3223,-19.8597
1.46898,370.771,0.000101188,1.91227,2.54714,19.4171,-18.9271
1.46898,370.771,0.000101386,2.05364,2.72965,18.4336,-17.9183
1.46898,370.771,0.000101584,2.18691,2.90169,17.3756,-16.8373
1.46898,370.771,0.000101782,2.31154,3.06255,16.2471,-15.6881
1.46898,370.771,0.00010198,2.42705,3.21159,15.0526,-14.4752
1.46898,370.771,0.000102178,2.53298,3.34819,13.7966,-13.2033
1.46898,370.771,0.000102376,2.62892,3.47179,12.484,-11.8773
1.46898,370.771,0.000102574,2.71448,3.58189,11.12,-10.5023
1.46898,370.771,0.000102772,2.78933,3.67803,9.70975,-9.08374
1.46898,370.771,0.00010297,2.85317,3.7598,8.25889,-7.6271
1.46898,370.771,0.000103168,2.90575,3.82686,6.77305,-6.13807
1.46898,370.771,0.000103366,2.94686,3.87892,5.25808,-4.62248
1.46898,370.771,0.000103564,2.97634,3.91575,3.71991,-3.08628
1.46898,370.771,0.000103762,2.99408,3.93718,2.16461,-1.53549
1.46898,370.771,0.00010396,3,3.9431,0.598309,0.0237913
1.46898,370.771,0.000104158,2.99408,3.93347,-0.972814,1.58542
1.46898,370.771,0.000104356,2.97634,3.9083,-2.54254,3.14323
1.46898,370.771,0.000104554,2.94686,3.86766,-4.10466,4.69107
1.46898,370.771,0.000104752,2.90575,3.81169,-5.65297,6.22281
1.46898,370.771,0.00010495,2.85317,3.74058,-7.18133,7.73239
1.46898,370.771,0.000105149,2.78933,3.65461,-8.68365,9.21381
1.46898,370.771,0.000105347,2.71448,3.55407,-10.1539,10.6612
1.46898,370.771,0.000105545,2.62892,3.43936,-11.5863,12.0687
1.46898,370.771,0.000105743,2.53298,3.31089,-12.9751,13.4309
1.46898,370.771,0.000105941,2.42705,3.16916,-14.3147,14.7421
1.46898,370.771,0.000106139,2.31154,3.01471,-15.5997,15.9972
1.46898,370.771,0.000106337,2.18691,2.84812,-16.825,17.1912
1.46898,370.771,0.000106535,2.05364,2.67005,-17.9856,18.3191
1.46898,370.771,0.000106733,1.91227,2.48117,-19.0769,19.3766
1.46898,370.771,0.000106931,1.76336,2.28221,-20.0944,20.3592
1.46898,370.771,0.000107129,1.60748,2.07396,-21.0339,21.2631
1.46898,370.771,0.000107327,1.44526,1.85721,-21.8918,22.0844
1.46898,370.771,0.000107525,1.27734,1.63281,-22.6643,22.82
1.46898,370.771,0.000107723,1.10437,1.40164,-23.3484,23.4666
1.46898,370.771,0.000107921,0.927051,1.16459,-23.9412,24.0217
1.46898,370.771,0.000108119,0.74607,0.922612,-24.4402,24.4829
1.46898,370.771,0.000108317,0.562144,0.676638,-24.8434,24.8483
1.46898,370.771,0.000108515,0.376,0.427638,-25.149,25.1163
1.46898,370.771,0.000108713,0.188372,0.176593,-25.3556,25.2857
1.46898,370.771,0.000108911,-6.61694e-015,-0.0755091,-25.4623,25.3556
1.46898,370.771,0.000109109,-0.188372,-0.327672,-25.4685,25.3257
1.46898,370.771,0.000109307,-0.376,-0.5789,-25.374,25.1959
1.46898,370.771,0.000109505,-0.562144,-0.828199,-25.1792,24.9667
1.46898,370.771,0.000109703,-0.74607,-1.07458,-24.8845,24.6387
1.46898,370.771,0.000109901,-0.927051,-1.31707,-24.4911,24.2131
1.46898,370.771,0.000110099,-1.10437,-1.55469,-24.0004,23.6915
1.46898,370.771,0.000110297,-1.27734,-1.78652,-23.4141,23.0758
1.46898,370.771,0.000110495,-1.44526,-2.01161,-22.7345,22.3682
1.46898,370.771,0.000110693,-1.60748,-2.22908,-21.9641,21.5716
1.46898,370.771,0.000110891,-1.76336,-2.43805,-21.1058,20.6887
1.46898,370.771,0.000111089,-1.91227,-2.63768,-20.163,19.7232
1.46898,370.771,0.000111287,-2.05364,-2.82718,-19.1391,18.6786
1.46898,370.771,0.000111485,-2.18691,-3.00577,-18.0383,17.5589
1.46898,370.771,0.000111683,-2.31154,-3.17275,-16.8647,16.3685
1.46898,370.771,0.000111881,-2.42705,-3.32743,-15.6228,15.1119
1.46898,370.771,0.000112079,-2.53298,-3.46919,-14.3175,13.7941
1.46898,370.771,0.000112277,-2.62892,-3.59744,-12.9539,12.4202
1.46898,370.771,0.000112475,-2.71448,-3.71168,-11.5372,10.9955
1.46898,370.771,0.000112673,-2.78933,-3.81141,-10.0731,9.52551
1.46898,370.771,0.000112871,-2.85317,-3.89623,-8.56727,8.01604
1.46898,370.771,0.000113069,-2.90575,-3.96579,-7.02556,6.47298
1.46898,370.771,0.000113267,-2.94686,-4.01979,-5.45405,4.90237
1.46898,370.771,0.000113465,-2.97634,-4.058,-3.85892,3.31037
1.46898,370.771,0.000113663,-2.99408,-4.08024,-2.24645,1.70324
1.46898,370.771,0.000113861,-3,-4.08641,-0.622999,0.0873042
1.46898,370.771,0.000114059,-2.99408,-4.07646,1.00503,-1.53108
1.46898,370.771,0.000114257,-2.97634,-4.05041,2.63119,-3.14552
1.46898,370.771,0.000114455,-2.94686,-4.00834,4.24906,-4.74964
1.46898,370.771,0.000114653,-2.90575,-3.9504,5.85223,-6.3371
1.46898,370.771,0.000114851,-2.85317,-3.87679,7.43433,-7.90161
1.46898,370.771,0.00011505,-2.78933,-3.78779,8.98907,-9.43698
1.46898,370.771,0.000115248,-2.71448,-3.68373,10.5103,-10.9371
1.46898,370.771,0.000115446,-2.62892,-3.56499,11.9919,-12.396
1.46898,370.771,0.000115644,-2.53298,-3.43204,13.428,-13.8079
1.46898,370.771,0.000115842,-2.42705,-3.28538,14.8129,-15.1671
1.46898,370.771,0.00011604,-2.31154,-3.12557,16.1409,-16.4682
1.46898,370.771,0.000116238,-2.18691,-2.95323,17.4069,-17.7061
1.46898,370.771,0.000116436,-2.05364,-2.76901,18.6057,-18.8757
1.46898,370.771,0.000116634,-1.91227,-2.57364,19.7324,-19.9723
1.46898,370.771,0.000116832,-1.76336,-2.36787,20.7826,-20.9916
1.46898,370.771,0.00011703,-1.60748,-2.15251,21.752,-21.9294
1.46898,370.771,0.000117228,-1.44526,-1.92838,22.6366,-22.7818
1.46898,370.771,0.000117426,-1.27734,-1.69637,23.4329,-23.5455
1.46898,370.771,0.000117624,-1.10437,-1.45739,24.1375,-24.2174
1.46898,370.771,0.000117822,-0.927051,-1.21236,24.7477,-24.7946
1.46898,370.771,0.00011802,-0.74607,-0.962253,25.2609,-25.2747
1.46898,370.771,0.000118218,-0.562144,-0.708046,25.6748,-25.6558
1.46898,370.771,0.000118416,-0.376,-0.450741,25.9878,-25.9362
1.46898,370.771,0.000118614,-0.188372,-0.191349,26.1986,-26.1147
1.46898,370.771,0.00108911,2.35368e-014,-0.0232445,31.4913,-31.289
1.46898,370.771,0.00108931,0.188372,0.288643,31.5006,-31.2982
1.46898,370.771,0.0010895,0.376,0.59939,31.3855,-31.1839
1.46898,370.771,0.0010897,0.562144,0.907773,31.1466,-30.9465
1.46898,370.771,0.0010899,0.74607,1.21257,30.7848,-30.587
1.46898,370.771,0.0010901,0.927051,1.51259,30.3014,-30.1067
1.46898,370.771,0.0010903,1.10437,1.80663,29.6985,-29.5077
1.46898,370.771,0.0010905,1.27734,2.09355,28.9784,-28.7922
1.46898,370.771,0.00109069,1.44526,2.3722,28.1439,-27.9631
1.46898,370.771,0.00109089,1.60748,2.64149,27.1984,-27.0236
1.46898,370.771,0.00109109,1.76336,2.90036,26.1455,-25.9775
1.46898,370.771,0.00109129,1.91227,3.14778,24.9894,-24.8288
1.46898,370.771,0.00109149,2.05364,3.38277,23.7347,-23.5822
1.46898,370.771,0.00109168,2.18691,3.60442,22.3863,-22.2424
1.46898,370.771,0.00109188,2.31154,3.81184,20.9496,-20.815
1.46898,370.771,0.00109208,2.42705,4.00422,19.4302,-19.3053
1.46898,370.771,0.00109228,2.53298,4.18079,17.8341,-17.7195
1.46898,370.771,0.00109248,2.62892,4.34087,16.1676,-16.0637
1.46898,370.771,0.00109267,2.71448,4.48381,14.4373,-14.3446
1.46898,370.771,0.00109287,2.78933,4.60906,12.6501,-12.5688
1.46898,370.771,0.00109307,2.85317,4.71612,10.8129,-10.7434
1.46898,370.771,0.00109327,2.90575,4.80457,8.93306,-8.87566
1.46898,370.771,0.00109347,2.94686,4.87405,7.01796,-6.97286
1.46898,370.771,0.00109366,2.97634,4.9243,5.07516,-5.04255
1.46898,370.771,0.00109386,2.99408,4.95511,3.11233,-3.09233
1.46898,370.771,0.00109406,3,4.96637,1.13721,-1.12991
1.46898,370.771,0.00109426,2.99408,4.95803,-0.842387,0.836974
1.46898,370.771,0.00109446,2.97634,4.93013,-2.81866,2.80055
1.46898,370.771,0.00109465,2.94686,4.88276,-4.78382,4.75308
1.46898,370.771,0.00109485,2.90575,4.81613,-6.73009,6.68684
1.46898,370.771,0.00109505,2.85317,4.73048,-8.6498,8.59422
1.46898,370.771,0.00109525,2.78933,4.62617,-10.5354,10.4677
1.46898,370.771,0.00109545,2.71448,4.50361,-12.3794,12.2998
1.46898,370.771,0.00109564,2.62892,4.36326,-14.1745,14.0834
1.46898,370.771,0.00109584,2.53298,4.2057,-15.9137,15.8115
1.46898,370.771,0.00109604,2.42705,4.03154,-17.5901,17.4771
1.46898,370.771,0.00109624,2.31154,3.84147,-19.1971,19.0737
1.46898,370.771,0.00109644,2.18691,3.63624,-20.7283,20.5951
1.46898,370.771,0.00109663,2.05364,3.41666,-22.1777,22.0352
1.46898,370.771,0.00109683,1.91227,3.1836,-23.5396,23.3883
1.46898,370.771,0.00109703,1.76336,2.93797,-24.8086,24.6492
1.46898,370.771,0.00109723,1.60748,2.68074,-25.9797,25.8127
1.46898,370.771,0.00109743,1.44526,2.41294,-27.0482,26.8744
1.46898,370.771,0.00109762,1.27734,2.13561,-28.01,27.83
1.46898,370.771,0.00109782,1.10437,1.84986,-28.8613,28.6758
1.46898,370.771,0.00109802,0.927051,1.5568,-29.5986,29.4084
1.46898,370.771,0.00109822,0.74607,1.2576,-30.2192,30.025
1.46898,370.771,0.00109842,0.562144,0.953438,-30.7204,30.523
1.46898,370.771,0.00109861,0.376,0.645513,-31.1005,30.9006
1.46898,370.771,0.00109881,0.188372,0.33504,-31.3578,31.1563
1.46898,370.771,0.00109901,8.80497e-015,0.0232446,-31.4913,31.289
1.46898,370.771,0.00109921,-0.188372,-0.288642,-31.5006,31.2982
1.46898,370.771,0.00109941,-0.376,-0.59939,-31.3855,31.1839
1.46898,370.771,0.0010996,-0.562144,-0.907773,-31.1466,30.9465
1.46898,370.771,0.0010998,-0.74607,-1.21257,-30.7848,30.587
1.46898,370.771,0.0011,-0.927051,-1.51259,-30.3014,30.1067
1.46898,370.771,0.0011002,-1.10437,-1.80663,-29.6985,29.5077
1.46898,370.771,0.0011004,-1.27734,-2.09355,-28.9784,28.7922
1.46898,370.771,0.00110059,-1.44526,-2.3722,-28.1439,27.9631
1.46898,370.771,0.00110079,-1.60748,-2.64149,-27.1984,27.0236
1.46898,370.771,0.00110099,-1.76336,-2.90036,-26.1455,25.9775
1.46898,370.771,0.00110119,-1.91227,-3.14778,-24.9894,24.8288
1.46898,370.771,0.00110139,-2.05364,-3.38277,-23.7347,23.5822
1.46898,370.771,0.00110158,-2.18691,-3.60442,-22.3863,22.2424
1.46898,370.771,0.00110178,-2.31154,-3.81184,-20.9496,20.815
1.46898,370.771,0.00110198,-2.42705,-4.00422,-19.4302,19.3053
1.46898,370.771,0.00110218,-2.53298,-4.18079,-17.8341,17.7195
1.46898,370.771,0.00110238,-2.62892,-4.34087,-16.1676,16.0637
1.46898,370.771,0.00110257,-2.71448,-4.48381,-14.4373,14.3446
1.46898,370.771,0.00110277,-2.78933,-4.60906,-12.6501,12.5688
1.46898,370.771,0.00110297,-2.85317,-4.71612,-10.8129,10.7434
1.46898,370.771,0.00110317,-2.90575,-4.80457,-8.93306,8.87566
1.46898,370.771,0.00110337,-2.94686,-4.87405,-7.01796,6.97286
1.46898,370.771,0.00110356,-2.97634,-4.9243,-5.07516,5.04255
1.46898,370.771,0.00110376,-2.99408,-4.95511,-3.11233,3.09233
1.46898,370.771,0.00110396,-3,-4.96637,-1.13721,1.12991
1.46898,370.771,0.00110416,-2.99408,-4.95803,0.842387,-0.836974
1.46898,370.771,0.00110436,-2.97634,-4.93013,2.81866,-2.80055
1.46898,370.771,0.00110455,-2.94686,-4.88276,4.78382,-4.75308
1.46898,370.771,0.00110475,-2.90575,-4.81613,6.73009,-6.68684
1.46898,370.771,0.00110495,-2.85317,-4.73048,8.6498,-8.59422
1.46898,370.771,0.00110515,-2.78933,-4.62617,10.5354,-10.4677
1.46898,370.771,0.00110535,-2.71448,-4.50361,12.3794,-12.2998
1.46898,370.771,0.00110554,-2.62892,-4.36326,14.1745,-14.0834
1.46898,370.771,0.00110574,-2.53298,-4.2057,15.9137,-15.8115
1.46898,370.771,0.00110594,-2.42705,-4.03154,17.5901,-17.4771
1.46898,370.771,0.00110614,-2.31154,-3.84147,19.1971,-19.0737
1.46898,370.771,0.00110634,-2.18691,-3.63624,20.7283,-20.5951
1.46898,370.771,0.00110653,-2.05364,-3.41666,22.1777,-22.0352
1.46898,370.771,0.00110673,-1.91227,-3.1836,23.5396,-23.3883
1.46898,370.771,0.00110693,-1.76336,-2.93797,24.8086,-24.6492
1.46898,370.771,0.00110713,-1.60748,-2.68074,25.9797,-25.8127
1.46898,370.771,0.00110733,-1.44526,-2.41294,27.0482,-26.8744
1.46898,370.771,0.00110752,-1.27734,-2.13561,28.01,-27.83
1.46898,370.771,0.00110772,-1.10437,-1.84986,28.8613,-28.6758
1.46898,370.771,0.00110792,-0.927051,-1.5568,29.5986,-29.4084
1.46898,370.771,0.00110812,-0.74607,-1.2576,30.2192,-30.025
1.46898,370.771,0.00110832,-0.562144,-0.953438,30.7204,-30.523
1.46898,370.771,0.00110851,-0.376,-0.645513,31.1005,-30.9006
1.46898,370.771,0.00110871,-0.188372,-0.33504,31.3578,-31.1563
1.46898,370.771,0.00110891,1.29383e-013,-0.0232446,31.4913,-31.289
1.46898,370.771,0.00110911,0.188372,0.288642,31.5006,-31.2982
1.46898,370.771,0.00110931,0.376,0.59939,31.3855,-31.1839
1.46898,370.771,0.0011095,0.562144,0.907773,31.1466,-30.9465
1.46898,370.771,0.0011097,0.74607,1.21257,30.7848,-30.587
1.46898,370.771,0.0011099,0.927051,1.51259,30.3014,-30.1067
1.46898,370.771,0.0011101,1.10437,1.80663,29.6985,-29.5077
1.46898,370.771,0.0011103,1.27734,2.09355,28.9784,-28.7922
1.46898,370.771,0.0011105,1.44526,2.3722,28.1439,-27.9631
1.46898,370.771,0.00111069,1.60748,2.64149,27.1984,-27.0236
1.46898,370.771,0.00111089,1.76336,2.90036,26.1455,-25.9775
1.46898,370.771,0.00111109,1.91227,3.14778,24.9894,-24.8288
1.46898,370.771,0.00111129,2.05364,3.38277,23.7347,-23.5822
1.46898,370.771,0.00111149,2.18691,3.60442,22.3863,-22.2424
1.46898,370.771,0.00111168,2.31154,3.81184,20.9496,-20.815
1.46898,370.771,0.00111188,2.42705,4.00422,19.4302,-19.3053
1.46898,370.771,0.00111208,2.53298,4.18079,17.8341,-17.7195
1.46898,370.771,0.00111228,2.62892,4.34087,16.1676,-16.0637
1.46898,370.771,0.00111248,2.71448,4.48381,14.4373,-14.3446
1.46898,370.771,0.00111267,2.78933,4.60906,12.6501,-12.5688
1.46898,370.771,0.00111287,2.85317,4.71612,10.8129,-10.7434
1.46898,370.771,0.00111307,2.90575,4.80457,8.93306,-8.87566
1.46898,370.771,0.00111327,2.94686,4.87405,7.01796,-6.97286
1.46898,370.771,0.00111347,2.97634,4.9243,5.07516,-5.04255
1.46898,370.771,0.00111366,2.99408,4.95511,3.11233,-3.09233
1.46898,370.771,0.00111386,3,4.96637,1.13721,-1.12991
1.46898,370.771,0.00111406,2.99408,4.95803,-0.842387,0.836974
1.46898,370.771,0.00111426,2.97634,4.93013,-2.81866,2.80055
1.46898,370.771,0.00111446,2.94686,4.88276,-4.78382,4.75308
1.46898,370.771,0.00111465,2.90575,4.81613,-6.73009,6.68684
1.46898,370.771,0.00111485,2.85317,4.73048,-8.6498,8.59422
1.46898,370.771,0.00111505,2.78933,4.62617,-10.5354,10.4677
1.46898,370.771,0.00111525,2.71448,4.50361,-12.3794,12.2998
1.46898,370.771,0.00111545,2.62892,4.36326,-14.1745,14.0834
1.46898,370.771,0.00111564,2.53298,4.2057,-15.9137,15.8115
1.46898,370.771,0.00111584,2.42705,4.03154,-17.5901,17.4771
1.46898,370.771,0.00111604,2.31154,3.84147,-19.1971,19.0737
1.46898,370.771,0.00111624,2.18691,3.63624,-20.7283,20.5951
1.46898,370.771,0.00111644,2.05364,3.41666,-22.1777,22.0352
1.46898,370.771,0.00111663,1.91227,3.1836,-23.5396,23.3883
1.46898,370.771,0.00111683,1.76336,2.93797,-24.8086,24.6492
1.46898,370.771,0.00111703,1.60748,2.68074,-25.9797,25.8127
1.46898,370.771,0.00111723,1.44526,2.41294,-27.0482,26.8744
1.46898,370.771,0.00111743,1.27734,2.13561,-28.01,27.83
1.46898,370.771,0.00111762,1.10437,1.84986,-28.8613,28.6758
1.46898,370.771,0.00111782,0.927051,1.5568,-29.5986,29.4084
1.46898,370.771,0.00111802,0.74607,1.2576,-30.2192,30.025
1.46898,370.771,0.00111822,0.562144,0.953439,-30.7204,30.523
1.46898,370.771,0.00111842,0.376,0.645513,-31.1005,30.9006
1.46898,370.771,0.00111861,0.188372,0.33504,-31.3578,31.1563
1.46898,370.771,0.00111881,-9.70417e-014,0.0232446,-31.4913,31.289
1.46898,370.771,0.00111901,-0.188372,-0.288642,-31.5006,31.2982
1.46898,370.771,0.00111921,-0.376,-0.59939,-31.3855,31.1839
1.46898,370.771,0.00111941,-0.562144,-0.907773,-31.1466,30.9465
1.46898,370.771,0.0011196,-0.74607,-1.21257,-30.7848,30.587
1.46898,370.771,0.0011198,-0.927051,-1.51259,-30.3014,30.1067
1.46898,370.771,0.00112,-1.10437,-1.80663,-29.6985,29.5077
1.46898,370.771,0.0011202,-1.27734,-2.09355,-28.9784,28.7922
1.46898,370.771,0.0011204,-1.44526,-2.3722,-28.1439,27.9631
1.46898,370.771,0.00112059,-1.60748,-2.64149,-27.1984,27.0236
1.46898,370.771,0.00112079,-1.76336,-2.90036,-26.1455,25.9775
1.46898,370.771,0.00112099,-1.91227,-3.14778,-24.9894,24.8288
1.46898,370.771,0.00112119,-2.05364,-3.38277,-23.7347,23.5822
1.46898,370.771,0.00112139,-2.18691,-3.60442,-22.3863,22.2424
1.46898,370.771,0.00112158,-2.31154,-3.81184,-20.9496,20.815
1.46898,370.771,0.00112178,-2.42705,-4.00422,-19.4302,19.3053
1.46898,370.771,0.00112198,-2.53298,-4.18079,-17.8341,17.7195
1.46898,370.771,0.00112218,-2.62892,-4.34087,-16.1676,16.0637
1.46898,370.771,0.00112238,-2.71448,-4.48381,-14.4373,14.3446
1.46898,370.771,0.00112257,-2.78933,-4.60906,-12.6501,12.5688
1.46898,370.771,0.00112277,-2.85317,-4.71612,-10.8129,10.7434
1.46898,370.771,0.00112297,-2.90575,-4.80457,-8.93306,8.87566
1.46898,370.771,0.00112317,-2.94686,-4.87405,-7.01796,6.97286
1.46898,370.771,0.00112337,-2.97634,-4.9243,-5.07516,5.04255
1.46898,370.771,0.00112356,-2.99408,-4.95511,-3.11233,3.09233
1.46898,370.771,0.00112376,-3,-4.96637,-1.13721,1.12991
1.46898,370.771,0.00112396,-2.99408,-4.95803,0.842386,-0.836974
1.46898,370.771,0.00112416,-2.97634,-4.93013,2.81866,-2.80055
1.46898,370.771,0.00112436,-2.94686,-4.88276,4.78381,-4.75308
1.46898,370.771,0.00112455,-2.90575,-4.81613,6.73009,-6.68684
1.46898,370.771,0.00112475,-2.85317,-4.73048,8.6498,-8.59422
1.46898,370.771,0.00112495,-2.78933,-4.62617,10.5354,-10.4677
1.46898,370.771,0.00112515,-2.71448,-4.50361,12.3794,-12.2998
1.46898,370.771,0.00112535,-2.62892,-4.36326,14.1745,-14.0834
1.46898,370.771,0.00112554,-2.53298,-4.2057,15.9137,-15.8115
1.46898,370.771,0.00112574,-2.42705,-4.03154,17.5901,-17.4771
1.46898,370.771,0.00112594,-2.31154,-3.84147,19.1971,-19.0737
1.46898,370.771,0.00112614,-2.18691,-3.63624,20.7283,-20.5951
1.46898,370.771,0.00112634,-2.05364,-3.41666,22.1777,-22.0352
1.46898,370.771,0.00112653,-1.91227,-3.1836,23.5396,-23.3883
1.46898,370.771,0.00112673,-1.76336,-2.93797,24.8086,-24.6492
1.46898,370.771,0.00112693,-1.60748,-2.68074,25.9797,-25.8127
1.46898,370.771,0.00112713,-1.44526,-2.41294,27.0482,-26.8744
1.46898,370.771,0.00112733,-1.27734,-2.13561,28.01,-27.83
1.46898,370.771,0.00112752,-1.10437,-1.84986,28.8613,-28.6758
1.46898,370.771,0.00112772,-0.927051,-1.5568,29.5986,-29.4084
1.46898,370.771,0.00112792,-0.74607,-1.2576,30.2192,-30.025
1.46898,370.771,0.00112812,-0.562144,-0.953439,30.7204,-30.523
1.46898,370.771,0.00112832,-0.376,-0.645513,31.1005,-30.9006
1.46898,370.771,0.00112851,-0.188372,-0.33504,31.3578,-31.1563
1.46898,370.771,0.00112871,6.46999e-014,-0.0232447,31.4913,-31.289
1.46898,370.771,0.00112891,0.188372,0.288642,31.5006,-31.2982
1.46898,370.771,0.00112911,0.376,0.59939,31.3855,-31.1839
1.46898,370.771,0.00112931,0.562144,0.907773,31.1466,-30.9465
1.46898,370.771,0.0011295,0.74607,1.21257,30.7848,-30.587
1.46898,370.771,0.0011297,0.927051,1.51259,30.3014,-30.1067
1.46898,370.771,0.0011299,1.10437,1.80663,29.6985,-29.5077
1.46898,370.771,0.0011301,1.27734,2.09355,28.9784,-28.7922
1.46898,370.771,0.0011303,1.44526,2.3722,28.1439,-27.9631
1.46898,370.771,0.0011305,1.60748,2.64149,27.1984,-27.0236
1.46898,370.771,0.00113069,1.76336,2.90036,26.1455,-25.9775
1.46898,370.771,0.00113089,1.91227,3.14778,24.9894,-24.8288
1.46898,370.771,0.00113109,2.05364,3.38277,23.7347,-23.5822
1.46898,370.771,0.00113129,2.18691,3.60442,22.3863,-22.2424
1.46898,370.771,0.00113149,2.31154,3.81184,20.9496,-20.815
1.46898,370.771,0.00113168,2.42705,4.00422,19.4302,-19.3053
1.46898,370.771,0.00113188,2.53298,4.18079,17.8341,-17.7195
1.46898,370.771,0.00113208,2.62892,4.34087,16.1676,-16.0637
1.46898,370.771,0.00113228,2.71448,4.48381,14.4373,-14.3446
1.46898,370.771,0.00113248,2.78933,4.60906,12.6501,-12.5688
1.46898,370.771,0.00113267,2.85317,4.71612,10.8129,-10.7434
1.46898,370.771,0.00113287,2.90575,4.80457,8.93306,-8.87566
1.46898,370.771,0.00113307,2.94686,4.87405,7.01796,-6.97286
1.46898,370.771,0.00113327,2.97634,4.9243,5.07516,-5.04255
1.46898,370.771,0.00113347,2.99408,4.95511,3.11233,-3.09233
1.46898,370.771,0.00113366,3,4.96637,1.13721,-1.12991
1.46898,370.771,0.00113386,2.99408,4.95803,-0.842386,0.836974
1.46898,370.771,0.00113406,2.97634,4.93013,-2.81866,2.80055
1.46898,370.771,0.00113426,2.94686,4.88276,-4.78381,4.75308
1.46898,370.771,0.00113446,2.90575,4.81613,-6.73009,6.68684
1.46898,370.771,0.00113465,2.85317,4.73048,-8.6498,8.59422
1.46898,370.771,0.00113485,2.78933,4.62617,-10.5354,10.4677
1.46898,370.771,0.00113505,2.71448,4.50361,-12.3794,12.2998
1.46898,370.771,0.00113525,2.62892,4.36326,-14.1745,14.0834
1.46898,370.771,0.00113545,2.53298,4.2057,-15.9137,15.8115
1.46898,370.771,0.00113564,2.42705,4.03154,-17.5901,17.4771
1.46898,370.771,0.00113584,2.31154,3.84147,-19.1971,19.0737
1.46898,370.771,0.00113604,2.18691,3.63624,-20.7283,20.5951
1.46898,370.771,0.00113624,2.05364,3.41666,-22.1777,22.0352
1.46898,370.771,0.00113644,1.91227,3.1836,-23.5396,23.3883
1.46898,370.771,0.00113663,1.76336,2.93797,-24.8086,24.6492
1.46898,370.771,0.00113683,1.60748,2.68074,-25.9797,25.8127
1.46898,370.771,0.00113703,1.44526,2.41294,-27.0482,26.8744
1.46898,370.771,0.00113723,1.27734,2.13561,-28.01,27.83
1.46898,370.771,0.00113743,1.10437,1.84986,-28.8613,28.6758
1.46898,370.771,0.00113762,0.927051,1.5568,-29.5986,29.4084
1.46898,370.771,0.00113782,0.74607,1.2576,-30.2192,30.025
1.46898,370.771,0.00113802,0.562144,0.953439,-30.7204,30.523
1.46898,370.771,0.00113822,0.376,0.645513,-31.1005,30.9006
1.46898,370.771,0.00113842,0.188372,0.33504,-31.3578,31.1563
1.46898,370.771,0.00113861,-3.23581e-014,0.0232447,-31.4913,31.289
1.46898,370.771,0.00113881,-0.188372,-0.288642,-31.5006,31.2982
1.46898,370.771,0.00113901,-0.376,-0.59939,-31.3855,31.1839
1.46898,370.771,0.00113921,-0.562144,-0.907773,-31.1466,30.9465
1.46898,370.771,0.00113941,-0.74607,-1.21257,-30.7848,30.587
1.46898,370.771,0.0011396,-0.927051,-1.51259,-30.3014,30.1067
1.46898,370.771,0.0011398,-1.10437,-1.80663,-29.6985,29.5077
1.46898,370.771,0.00114,-1.27734,-2.09355,-28.9784,28.7922
1.46898,370.771,0.0011402,-1.44526,-2.3722,-28.1439,27.9631
1.46898,370.771,0.0011404,-1.60748,-2.64149,-27.1984,27.0236
1.46898,370.771,0.00114059,-1.76336,-2.90036,-26.1455,25.9775
1.46898,370.771,0.00114079,-1.91227,-3.14778,-24.9894,24.8288
1.46898,370.771,0.00114099,-2.05364,-3.38277,-23.7347,23.5822
1.46898,370.771,0.00114119,-2.18691,-3.60442,-22.3863,22.2424
1.46898,370.771,0.00114139,-2.31154,-3.81184,-20.9496,20.815
1.46898,370.771,0.00114158,-2.42705,-4.00422,-19.4302,19.3053
1.46898,370.771,0.00114178,-2.53298,-4.18079,-17.8341,17.7195
1.46898,370.771,0.00114198,-2.62892,-4.34087,-16.1676,16.0637
1.46898,370.771,0.00114218,-2.71448,-4.48381,-14.4373,14.3446
1.46898,370.771,0.00114238,-2.78933,-4.60906,-12.6501,12.5688
1.46898,370.771,0.00114257,-2.85317,-4.71612,-10.8129,10.7434
1.46898,370.771,0.00114277,-2.90575,-4.80457,-8.93306,8.87566
1.46898,370.771,0.00114297,-2.94686,-4.87405,-7.01796,6.97286
1.46898,370.771,0.00114317,-2.97634,-4.9243,-5.07516,5.04255
1.46898,370.771,0.00114337,-2.99408,-4.95511,-3.11233,3.09233
1.46898,370.771,0.00114356,-3,-4.96637,-1.13721,1.12991
1.46898,370.771,0.00114376,-2.99408,-4.95803,0.842386,-0.836973
1.46898,370.771,0.00114396,-2.97634,-4.93013,2.81866,-2.80055
1.46898,370.771,0.00114416,-2.94686,-4.88276,4.78381,-4.75308
1.46898,370.771,0.00114436,-2.90575,-4.81613,6.73009,-6.68684
1.46898,370.771,0.00114455,-2.85317,-4.73049,8.6498,-8.59422
1.46898,370.771,0.00114475,-2.78933,-4.62617,10.5354,-10.4677
1.46898,370.771,0.00114495,-2.71448,-4.50361,12.3794,-12.2998
1.46898,370.771,0.00114515,-2.62892,-4.36326,14.1745,-14.0834
1.46898,370.771,0.00114535,-2.53298,-4.2057,15.9137,-15.8115
1.46898,370.771,0.00114554,-2.42705,-4.03154,17.5901,-17.4771
1.46898,370.771,0.00114574,-2.31154,-3.84147,19.1971,-19.0737
1.46898,370.771,0.00114594,-2.18691,-3.63624,20.7283,-20.5951
1.46898,370.771,0.00114614,-2.05364,-3.41666,22.1777,-22.0352
1.46898,370.771,0.00114634,-1.91227,-3.1836,23.5396,-23.3883
1.46898,370.771,0.00114653,-1.76336,-2.93797,24.8086,-24.6492
1.46898,370.771,0.00114673,-1.60748,-2.68074,25.9797,-25.8127
1.46898,370.771,0.00114693,-1.44526,-2.41294,27.0482,-26.8744
1.46898,370.771,0.00114713,-1.27734,-2.13561,28.01,-27.83
1.46898,370.771,0.00114733,-1.10437,-1.84986,28.8613,-28.6758
1.46898,370.771,0.00114752,-0.927051,-1.5568,29.5986,-29.4084
1.46898,370.771,0.00114772,-0.74607,-1.2576,30.2192,-30.025
1.46898,370.771,0.00114792,-0.562144,-0.953439,30.7204,-30.523
1.46898,370.771,0.00114812,-0.376,-0.645513,31.1005,-30.9006
1.46898,370.771,0.00114832,-0.188372,-0.33504,31.3578,-31.1563
1.46898,370.771,0.00114851,1.70547e-013,-0.0232447,31.4913,-31.289
1.46898,370.771,0.00114871,0.188372,0.288642,31.5006,-31.2982
1.46898,370.771,0.00114891,0.376,0.59939,31.3855,-31.1839
1.46898,370.771,0.00114911,0.562144,0.907773,31.1466,-30.9465
1.46898,370.771,0.00114931,0.74607,1.21257,30.7848,-30.587
1.46898,370.771,0.0011495,0.927051,1.51259,30.3014,-30.1067
1.46898,370.771,0.0011497,1.10437,1.80663,29.6985,-29.5077
1.46898,370.771,0.0011499,1.27734,2.09355,28.9784,-28.7922
1.46898,370.771,0.0011501,1.44526,2.3722,28.1439,-27.9631
1.46898,370.771,0.0011503,1.60748,2.64149,27.1984,-27.0236
1.46898,370.771,0.0011505,1.76336,2.90036,26.1455,-25.9775
1.46898,370.771,0.00115069,1.91227,3.14778,24.9894,-24.8288
1.46898,370.771,0.00115089,2.05364,3.38277,23.7347,-23.5822
1.46898,370.771,0.00115109,2.18691,3.60442,22.3863,-22.2424
1.46898,370.771,0.00115129,2.31154,3.81184,20.9496,-20.815
1.46898,370.771,0.00115149,2.42705,4.00422,19.4302,-19.3053
1.46898,370.771,0.00115168,2.53298,4.18079,17.8341,-17.7195
1.46898,370.771,0.00115188,2.62892,4.34087,16.1676,-16.0637
1.46898,370.771,0.00115208,2.71448,4.48381,14.4373,-14.3446
1.46898,370.771,0.00115228,2.78933,4.60906,12.6501,-12.5688
1.46898,370.771,0.00115248,2.85317,4.71612,10.8129,-10.7434
1.46898,370.771,0.00115267,2.90575,4.80457,8.93306,-8.87566
1.46898,370.771,0.00115287,2.94686,4.87405,7.01796,-6.97286
1.46898,370.771,0.00115307,2.97634,4.9243,5.07516,-5.04255
1.46898,370.771,0.00115327,2.99408,4.95511,3.11233,-3.09233
1.46898,370.771,0.00115347,3,4.96637,1.13721,-1.12991
1.46898,370.771,0.00115366,2.99408,4.95803,-0.842386,0.836973
1.46898,370.771,0.00115386,2.97634,4.93013,-2.81866,2.80055
1.46898,370.771,0.00115406,2.94686,4.88276,-4.78381,4.75308
1.46898,370.771,0.00115426,2.90575,4.81613,-6.73009,6.68684
1.46898,370.771,0.00115446,2.85317,4.73049,-8.6498,8.59422
1.46898,370.771,0.00115465,2.78933,4.62617,-10.5354,10.4677
1.46898,370.771,0.00115485,2.71448,4.50361,-12.3794,12.2998
1.46898,370.771,0.00115505,2.62892,4.36326,-14.1745,14.0834
1.46898,370.771,0.00115525,2.53298,4.2057,-15.9137,15.8115
1.46898,370.771,0.00115545,2.42705,4.03154,-17.5901,17.4771
1.46898,370.771,0.00115564,2.31154,3.84147,-19.1971,19.0737
1.46898,370.771,0.00115584,2.18691,3.63624,-20.7283,20.5951
1.46898,370.771,0.00115604,2.05364,3.41666,-22.1777,22.0352
1.46898,370.771,0.00115624,1.91227,3.1836,-23.5396,23.3883
1.46898,370.771,0.00115644,1.76336,2.93797,-24.8086,24.6492
1.46898,370.771,0.00115663,1.60748,2.68074,-25.9797,25.8127
1.46898,370.771,0.00115683,1.44526,2.41294,-27.0482,26.8744
1.46898,370.771,0.00115703,1.27734,2.13561,-28.01,27.83
1.46898,370.771,0.00115723,1.10437,1.84986,-28.8613,28.6758
1.46898,370.771,0.00115743,0.927051,1.5568,-29.5986,29.4084
1.46898,370.771,0.00115762,0.74607,1.2576,-30.2192,30.025
1.46898,370.771,0.00115782,0.562144,0.953439,-30.7204,30.523
1.46898,370.771,0.00115802,0.376,0.645513,-31.1005,30.9006
1.46898,370.771,0.00115822,0.188372,0.33504,-31.3578,31.1563
1.46898,370.771,0.00115842,-1.38205e-013,0.0232447,-31.4913,31.289
1.46898,370.771,0.00115861,-0.188372,-0.288642,-31.5006,31.2982
1.46898,370.771,0.00115881,-0.376,-0.59939,-31.3855,31.1839
1.46898,370.771,0.00115901,-0.562144,-0.907773,-31.1466,30.9465
1.46898,370.771,0.00115921,-0.74607,-1.21257,-30.7848,30.587
1.46898,370.771,0.00115941,-0.927051,-1.51259,-30.3015,30.1067
1.46898,370.771,0.0011596,-1.10437,-1.80663,-29.6985,29.5077
1.46898,370.771,0.0011598,-1.27734,-2.09355,-28.9784,28.7922
1.46898,370.771,0.00116,-1.44526,-2.3722,-28.1439,27.9631
1.46898,370.771,0.0011602,-1.60748,-2.64149,-27.1984,27.0236
1.46898,370.771,0.0011604,-1.76336,-2.90036,-26.1455,25.9775
1.46898,370.771,0.00116059,-1.91227,-3.14778,-24.9894,24.8288
1.46898,370.771,0.00116079,-2.05364,-3.38277,-23.7347,23.5822
1.46898,370.771,0.00116099,-2.18691,-3.60442,-22.3863,22.2424
1.46898,370.771,0.00116119,-2.31154,-3.81184,-20.9496,20.815
1.46898,370.771,0.00116139,-2.42705,-4.00422,-19.4302,19.3053
1.46898,370.771,0.00116158,-2.53298,-4.18079,-17.8341,17.7195
1.46898,370.771,0.00116178,-2.62892,-4.34087,-16.1676,16.0637
1.46898,370.771,0.00116198,-2.71448,-4.48381,-14.4373,14.3446
1.46898,370.771,0.00116218,-2.78933,-4.60906,-12.6501,12.5688
1.46898,370.771,0.00116238,-2.85317,-4.71612,-10.8129,10.7434
1.46898,370.771,0.00116257,-2.90575,-4.80457,-8.93306,8.87566
1.46898,370.771,0.00116277,-2.94686,-4.87405,-7.01796,6.97286
1.46898,370.771,0.00116297,-2.97634,-4.9243,-5.07516,5.04255
1.46898,370.771,0.00116317,-2.99408,-4.95511,-3.11233,3.09233
1.46898,370.771,0.00116337,-3,-4.96637,-1.13721,1.12991
1.46898,370.771,0.00116356,-2.99408,-4.95803,0.842386,-0.836973
1.46898,370.771,0.00116376,-2.97634,-4.93013,2.81866,-2.80055
1.46898,370.771,0.00116396,-2.94686,-4.88276,4.78381,-4.75308
1.46898,370.771,0.00116416,-2.90575,-4.81613,6.73009,-6.68684
1.46898,370.771,0.00116436,-2.85317,-4.73049,8.6498,-8.59422
1.46898,370.771,0.00116455,-2.78933,-4.62617,10.5354,-10.4677
1.46898,370.771,0.00116475,-2.71448,-4.50361,12.3794,-12.2998
1.46898,370.771,0.00116495,-2.62892,-4.36326,14.1745,-14.0834
1.46898,370.771,0.00116515,-2.53298,-4.2057,15.9137,-15.8115
1.46898,370.771,0.00116535,-2.42705,-4.03154,17.5901,-17.4771
1.46898,370.771,0.00116554,-2.31154,-3.84147,19.1971,-19.0737
1.46898,370.771,0.00116574,-2.18691,-3.63624,20.7283,-20.5951
1.46898,370.771,0.00116594,-2.05364,-3.41666,22.1777,-22.0352
1.46898,370.771,0.00116614,-1.91227,-3.1836,23.5396,-23.3883
1.46898,370.771,0.00116634,-1.76336,-2.93797,24.8086,-24.6492
1.46898,370.771,0.00116653,-1.60748,-2.68074,25.9797,-25.8127
1.46898,370.771,0.00116673,-1.44526,-2.41294,27.0482,-26.8744
1.46898,370.771,0.00116693,-1.27734,-2.13561,28.01,-27.83
1.46898,370.771,0.00116713,-1.10437,-1.84986,28.8613,-28.6758
1.46898,370.771,0.00116733,-0.927051,-1.5568,29.5986,-29.4084
1.46898,370.771,0.00116752,-0.74607,-1.2576,30.2192,-30.025
1.46898,370.771,0.00116772,-0.562144,-0.953439,30.7204,-30.523
1.46898,370.771,0.00116792,-0.376,-0.645513,31.1005,-30.9006
1.46898,370.771,0.00116812,-0.188372,-0.33504,31.3578,-31.1563
1.46898,370.771,0.00116832,-6.46673e-014,-0.0232447,31.4913,-31.289
1.46898,370.771,0.00116851,0.188372,0.288642,31.5006,-31.2982
1.46898,370.771,0.00116871,0.376,0.59939,31.3855,-31.1839
1.46898,370.771,0.00116891,0.562144,0.907773,31.1466,-30.9465
1.46898,370.771,0.00116911,0.74607,1.21257,30.7848,-30.587
1.46898,370.771,0.00116931,0.927051,1.51259,30.3015,-30.1067
1.46898,370.771,0.0011695,1.10437,1.80663,29.6985,-29.5077
1.46898,370.771,0.0011697,1.27734,2.09355,28.9784,-28.7922
1.46898,370.771,0.0011699,1.44526,2.3722,28.1439,-27.9631
1.46898,370.771,0.0011701,1.60748,2.64149,27.1984,-27.0236
1.46898,370.771,0.0011703,1.76336,2.90036,26.1455,-25.9775
1.46898,370.771,0.0011705,1.91227,3.14778,24.9894,-24.8288
1.46898,370.771,0.00117069,2.05364,3.38277,23.7347,-23.5822
1.46898,370.771,0.00117089,2.18691,3.60442,22.3863,-22.2424
1.46898,370.771,0.00117109,2.31154,3.81184,20.9496,-20.815
1.46898,370.771,0.00117129,2.42705,4.00422,19.4302,-19.3053
1.46898,370.771,0.00117149,2.53298,4.18079,17.8341,-17.7195
1.46898,370.771,0.00117168,2.62892,4.34087,16.1676,-16.0637
1.46898,370.771,0.00117188,2.71448,4.48381,14.4373,-14.3446
1.46898,370.771,0.00117208,2.78933,4.60906,12.6501,-12.5688
1.46898,370.771,0.00117228,2.85317,4.71612,10.8129,-10.7434
1.46898,370.771,0.00117248,2.90575,4.80457,8.93306,-8.87566
1.46898,370.771,0.00117267,2.94686,4.87405,7.01796,-6.97286
1.46898,370.771,0.00117287,2.97634,4.9243,5.07516,-5.04255
1.46898,370.771,0.00117307,2.99408,4.95511,3.11233,-3.09233
1.46898,370.771,0.00117327,3,4.96637,1.13721,-1.12991
1.46898,370.771,0.00117347,2.99408,4.95803,-0.842386,0.836973
1.46898,370.771,0.00117366,2.97634,4.93013,-2.81866,2.80055
1.46898,370.771,0.00117386,2.94686,4.88276,-4.78381,4.75308
1.46898,370.771,0.00117406,2.90575,4.81613,-6.73009,6.68684
1.46898,370.771,0.00117426,2.85317,4.73049,-8.6498,8.59422
1.46898,370.771,0.00117446,2.78933,4.62617,-10.5354,10.4677
1.46898,370.771,0.00117465,2.71448,4.50361,-12.3794,12.2998
1.46898,370.771,0.00117485,2.62892,4.36326,-14.1745,14.0834
1.46898,370.771,0.00117505,2.53298,4.2057,-15.9137,15.8115
1.46898,370.771,0.00117525,2.42705,4.03154,-17.5901,17.4771
1.46898,370.771,0.00117545,2.31154,3.84147,-19.1971,19.0737
1.46898,370.771,0.00117564,2.18691,3.63624,-20.7283,20.5951
1.46898,370.771,0.00117584,2.05364,3.41666,-22.1777,22.0352
1.46898,370.771,0.00117604,1.91227,3.1836,-23.5396,23.3883
1.46898,370.771,0.00117624,1.76336,2.93797,-24.8086,24.6492
1.46898,370.771,0.00117644,1.60748,2.68074,-25.9797,25.8127
1.46898,370.771,0.00117663,1.44526,2.41294,-27.0482,26.8744
1.46898,370.771,0.00117683,1.27734,2.13561,-28.01,27.83
1.46898,370.771,0.00117703,1.10437,1.84986,-28.8613,28.6758
1.46898,370.771,0.00117723,0.927051,1.5568,-29.5986,29.4084
1.46898,370.771,0.00117743,0.74607,1.2576,-30.2192,30.025
1.46898,370.771,0.00117762,0.562144,0.953439,-30.7204,30.523
1.46898,370.771,0.00117782,0.376,0.645513,-31.1005,30.9006
1.46898,370.771,0.00117802,0.188372,0.33504,-31.3578,31.1563
1.46898,370.771,0.00117822,9.70092e-014,0.0232447,-31.4913,31.289
1.46898,370.771,0.00117842,-0.188372,-0.288642,-31.5006,31.2982
1.46898,370.771,0.00117861,-0.376,-0.59939,-31.3855,31.1839
1.46898,370.771,0.00117881,-0.562144,-0.907773,-31.1466,30.9465
1.46898,370.771,0.00117901,-0.74607,-1.21257,-30.7848,30.587
1.46898,370.771,0.00117921,-0.927051,-1.51259,-30.3015,30.1067
1.46898,370.771,0.00117941,-1.10437,-1.80663,-29.6985,29.5077
1.46898,370.771,0.0011796,-1.27734,-2.09355,-28.9784,28.7922
1.46898,370.771,0.0011798,-1.44526,-2.3722,-28.1439,27.9631
1.46898,370.771,0.00118,-1.60748,-2.64149,-27.1984,27.0236
1.46898,370.771,0.0011802,-1.76336,-2.90036,-26.1455,25.9775
1.46898,370.771,0.0011804,-1.91227,-3.14778,-24.9894,24.8288
1.46898,370.771,0.00118059,-2.05364,-3.38277,-23.7347,23.5822
1.46898,370.771,0.00118079,-2.18691,-3.60442,-22.3863,22.2424
1.46898,370.771,0.00118099,-2.31154,-3.81184,-20.9496,20.815
1.46898,370.771,0.00118119,-2.42705,-4.00422,-19.4302,19.3053
1.46898,370.771,0.00118139,-2.53298,-4.18079,-17.8341,17.7195
1.46898,370.771,0.00118158,-2.62892,-4.34087,-16.1676,16.0637
1.46898,370.771,0.00118178,-2.71448,-4.48381,-14.4373,14.3446
1.46898,370.771,0.00118198,-2.78933,-4.60906,-12.6501,12.5688
1.46898,370.771,0.00118218,-2.85317,-4.71612,-10.8129,10.7434
1.46898,370.771,0.00118238,-2.90575,-4.80457,-8.93306,8.87566
1.46898,370.771,0.00118257,-2.94686,-4.87405,-7.01796,6.97286
1.46898,370.771,0.00118277,-2.97634,-4.9243,-5.07516,5.04255
1.46898,370.771,0.00118297,-2.99408,-4.95511,-3.11233,3.09233
1.46898,370.771,0.00118317,-3,-4.96637,-1.13721,1.12991
1.46898,370.771,0.00118337,-2.99408,-4.95803,0.842386,-0.836973
1.46898,370.771,0.00118356,-2.97634,-4.93013,2.81866,-2.80055
1.46898,370.771,0.00118376,-2.94686,-4.88276,4.78381,-4.75308
1.46898,370.771,0.00118396,-2.90575,-4.81613,6.73009,-6.68684
1.46898,370.771,0.00118416,-2.85317,-4.73049,8.6498,-8.59422
1.46898,370.771,0.00118436,-2.78933,-4.62617,10.5354,-10.4677
1.46898,370.771,0.00118455,-2.71448,-4.50361,12.3794,-12.2998
1.46898,370.771,0.00118475,-2.62892,-4.36326,14.1745,-14.0834
1.46898,370.771,0.00118495,-2.53298,-4.2057,15.9137,-15.8115
1.46898,370.771,0.00118515,-2.42705,-4.03154,17.5901,-17.4771
1.46898,370.771,0.00118535,-2.31154,-3.84147,19.1971,-19.0737
1.46898,370.771,0.00118554,-2.18691,-3.63624,20.7283,-20.5951
1.46898,370.771,0.00118574,-2.05364,-3.41666,22.1777,-22.0352
1.46898,370.771,0.00118594,-1.91227,-3.1836,23.5396,-23.3883
1.46898,370.771,0.00118614,-1.76336,-2.93797,24.8086,-24.6492
1.46898,370.771,0.00118634,-1.60748,-2.68074,25.9797,-25.8127
1.46898,370.771,0.00118653,-1.44526,-2.41294,27.0482,-26.8744
1.46898,370.771,0.00118673,-1.27734,-2.13561,28.01,-27.83
1.46898,370.771,0.00118693,-1.10437,-1.84986,28.8613,-28.6758
1.46898,370.771,0.00118713,-0.927051,-1.5568,29.5986,-29.4084
1.46898,370.771,0.00118733,-0.74607,-1.2576,30.2192,-30.025
1.46898,370.771,0.00118752,-0.562144,-0.953439,30.7204,-30.523
1.46898,370.771,0.00118772,-0.376,-0.645513,31.1005,-30.9006
1.46898,370.771,0.00118792,-0.188372,-0.33504,31.3578,-31.1563
1.46898,370.771,0.00118812,-1.29351e-013,-0.0232448,31.4913,-31.289
