Amp, Phaseshift, Time, Vd, Vr, VL, VC
1.52644,371.588,0,0,0,0,0
1.52644,371.588,1.86916e-007,0.188372,0.00176048,0.188372,0
1.52644,371.588,3.73832e-007,0.376,0.00525804,0.374239,0.000658124
1.52644,371.588,5.60748e-007,0.562144,0.0104564,0.556228,0.00262375
1.52644,371.588,7.47664e-007,0.74607,0.0173068,0.732989,0.0065327
1.52644,371.588,9.34579e-007,0.927051,0.025748,0.903211,0.0130025
1.52644,371.588,1.1215e-006,1.10437,0.0357071,1.06562,0.022628
1.52644,371.588,1.30841e-006,1.27734,0.0470997,1.219,0.0359764
1.52644,371.588,1.49533e-006,1.44526,0.0598304,1.36218,0.0535838
1.52644,371.588,1.68224e-006,1.60748,0.0737936,1.49407,0.0759503
1.52644,371.588,1.86916e-006,1.76336,0.0888741,1.61361,0.103537
1.52644,371.588,2.05607e-006,1.91227,0.104948,1.71986,0.136761
1.52644,371.588,2.24299e-006,2.05364,0.121882,1.81193,0.175993
1.52644,371.588,2.42991e-006,2.18691,0.139536,1.88903,0.221557
1.52644,371.588,2.61682e-006,2.31154,0.157764,1.95045,0.27372
1.52644,371.588,2.80374e-006,2.42705,0.176415,1.99557,0.332697
1.52644,371.588,2.99065e-006,2.53298,0.195329,2.02387,0.398646
1.52644,371.588,3.17757e-006,2.62892,0.214348,2.03494,0.471667
1.52644,371.588,3.36449e-006,2.71448,0.233305,2.02847,0.551797
1.52644,371.588,3.5514e-006,2.78933,0.252036,2.00423,0.639013
1.52644,371.588,3.73832e-006,2.85317,0.270374,1.96212,0.733233
1.52644,371.588,3.92523e-006,2.90575,0.288151,1.90214,0.834307
1.52644,371.588,4.11215e-006,2.94686,0.305201,1.8244,0.942027
1.52644,371.588,4.29907e-006,2.97634,0.321361,1.72912,1.05612
1.52644,371.588,4.48598e-006,2.99408,0.33647,1.6166,1.17626
1.52644,371.588,4.6729e-006,3,0.350369,1.48727,1.30204
1.52644,371.588,4.85981e-006,2.99408,0.362908,1.34167,1.43302
1.52644,371.588,5.04673e-006,2.97634,0.37394,1.18042,1.56868
1.52644,371.588,5.23364e-006,2.94686,0.383326,1.00424,1.70848
1.52644,371.588,5.42056e-006,2.90575,0.390933,0.813948,1.85178
1.52644,371.588,5.60748e-006,2.85317,0.396638,0.610462,1.99792
1.52644,371.588,5.79439e-006,2.78933,0.400328,0.394773,2.14619
1.52644,371.588,5.98131e-006,2.71448,0.401897,0.16796,2.29585
1.52644,371.588,6.16822e-006,2.62892,0.401254,-0.0688264,2.44609
1.52644,371.588,6.35514e-006,2.53298,0.398316,-0.314361,2.59609
1.52644,371.588,6.54206e-006,2.42705,0.393014,-0.567358,2.745
1.52644,371.588,6.72897e-006,2.31154,0.38529,-0.82647,2.89192
1.52644,371.588,6.91589e-006,2.18691,0.3751,-1.0903,3.03595
1.52644,371.588,7.1028e-006,2.05364,0.362414,-1.35741,3.17617
1.52644,371.588,7.28972e-006,1.91227,0.347215,-1.62632,3.31166
1.52644,371.588,7.47664e-006,1.76336,0.329499,-1.89552,3.44146
1.52644,371.588,7.66355e-006,1.60748,0.30928,-2.16348,3.56463
1.52644,371.588,7.85047e-006,1.44526,0.286582,-2.42865,3.68025
1.52644,371.588,8.03738e-006,1.27734,0.261447,-2.6895,3.78739
1.52644,371.588,8.2243e-006,1.10437,0.233929,-2.94446,3.88512
1.52644,371.588,8.41121e-006,0.927051,0.204097,-3.192,3.97257
1.52644,371.588,8.59813e-006,0.74607,0.172035,-3.4306,4.04887
1.52644,371.588,8.78505e-006,0.562144,0.137841,-3.65876,4.11318
1.52644,371.588,8.97196e-006,0.376,0.101626,-3.87502,4.16471
1.52644,371.588,9.15888e-006,0.188372,0.0635141,-4.07797,4.2027
1.52644,371.588,9.34579e-006,3.67382e-016,0.0236429,-4.26622,4.22645
1.52644,371.588,9.53271e-006,-0.188372,-0.0178381,-4.43846,4.23529
1.52644,371.588,9.71963e-006,-0.376,-0.0607675,-4.59345,4.22862
1.52644,371.588,9.90654e-006,-0.562144,-0.104973,-4.72999,4.2059
1.52644,371.588,1.00935e-005,-0.74607,-0.150272,-4.847,4.16666
1.52644,371.588,1.02804e-005,-0.927051,-0.196472,-4.94344,4.11048
1.52644,371.588,1.04673e-005,-1.10437,-0.243373,-5.01838,4.03703
1.52644,371.588,1.06542e-005,-1.27734,-0.290766,-5.071,3.94605
1.52644,371.588,1.08411e-005,-1.44526,-0.338434,-5.10055,3.83736
1.52644,371.588,1.1028e-005,-1.60748,-0.386158,-5.1064,3.71084
1.52644,371.588,1.1215e-005,-1.76336,-0.433709,-5.08804,3.56648
1.52644,371.588,1.14019e-005,-1.91227,-0.480859,-5.04504,3.40435
1.52644,371.588,1.15888e-005,-2.05364,-0.527375,-4.97713,3.22459
1.52644,371.588,1.17757e-005,-2.18691,-0.573021,-4.88412,3.02744
1.52644,371.588,1.19626e-005,-2.31154,-0.617562,-4.76596,2.81322
1.52644,371.588,1.21495e-005,-2.42705,-0.660765,-4.62271,2.58236
1.52644,371.588,1.23364e-005,-2.53298,-0.702397,-4.45458,2.33534
1.52644,371.588,1.25234e-005,-2.62892,-0.742227,-4.26187,2.07277
1.52644,371.588,1.27103e-005,-2.71448,-0.780031,-4.04502,1.7953
1.52644,371.588,1.28972e-005,-2.78933,-0.815588,-3.8046,1.5037
1.52644,371.588,1.30841e-005,-2.85317,-0.848684,-3.54128,1.1988
1.52644,371.588,1.3271e-005,-2.90575,-0.879113,-3.25587,0.881539
1.52644,371.588,1.34579e-005,-2.94686,-0.906676,-2.94929,0.552898
1.52644,371.588,1.36449e-005,-2.97634,-0.931186,-2.62257,0.213954
1.52644,371.588,1.38318e-005,-2.99408,-0.952465,-2.27685,-0.134153
1.52644,371.588,1.40187e-005,-3,-0.970347,-1.91338,-0.490215
1.52644,371.588,1.42056e-005,-2.99408,-0.984679,-1.53352,-0.852961
1.52644,371.588,1.43925e-005,-2.97634,-0.995321,-1.1387,-1.22107
1.52644,371.588,1.45794e-005,-2.94686,-1.00215,-0.730475,-1.59315
1.52644,371.588,1.47664e-005,-2.90575,-1.00505,-0.310453,-1.96778
1.52644,371.588,1.49533e-005,-2.85317,-1.00393,0.119663,-2.3435
1.52644,371.588,1.51402e-005,-2.78933,-0.998715,0.558105,-2.7188
1.52644,371.588,1.53271e-005,-2.71448,-0.989341,1.00304,-3.09216
1.52644,371.588,1.5514e-005,-2.62892,-0.975766,1.45258,-3.462
1.52644,371.588,1.57009e-005,-2.53298,-0.957964,1.90478,-3.82678
1.52644,371.588,1.58879e-005,-2.42705,-0.935929,2.35769,-4.18489
1.52644,371.588,1.60748e-005,-2.31154,-0.909674,2.80928,-4.53477
1.52644,371.588,1.62617e-005,-2.18691,-0.87923,3.25754,-4.87484
1.52644,371.588,1.64486e-005,-2.05364,-0.844647,3.70043,-5.20352
1.52644,371.588,1.66355e-005,-1.91227,-0.805993,4.1359,-5.51928
1.52644,371.588,1.68224e-005,-1.76336,-0.763359,4.56192,-5.82058
1.52644,371.588,1.70093e-005,-1.60748,-0.71685,4.97646,-6.10595
1.52644,371.588,1.71963e-005,-1.44526,-0.666592,5.37754,-6.37393
1.52644,371.588,1.73832e-005,-1.27734,-0.612731,5.76319,-6.62313
1.52644,371.588,1.75701e-005,-1.10437,-0.555427,6.13148,-6.85218
1.52644,371.588,1.7757e-005,-0.927051,-0.494861,6.48056,-7.05982
1.52644,371.588,1.79439e-005,-0.74607,-0.431229,6.80861,-7.24482
1.52644,371.588,1.81308e-005,-0.562144,-0.364744,7.1139,-7.40602
1.52644,371.588,1.83178e-005,-0.376,-0.295634,7.39477,-7.54238
1.52644,371.588,1.85047e-005,-0.188372,-0.224142,7.64964,-7.65289
1.52644,371.588,1.86916e-005,-7.34764e-016,-0.150525,7.87704,-7.73669
1.52644,371.588,1.88785e-005,0.188372,-0.0750525,8.07558,-7.79296
1.52644,371.588,1.90654e-005,0.376,0.00199431,8.24401,-7.82101
1.52644,371.588,1.92523e-005,0.562144,0.0803229,8.38116,-7.82027
1.52644,371.588,1.94393e-005,0.74607,0.159631,8.48601,-7.79024
1.52644,371.588,1.96262e-005,0.927051,0.23961,8.55766,-7.73057
1.52644,371.588,1.98131e-005,1.10437,0.31994,8.59533,-7.64099
1.52644,371.588,2e-005,1.27734,0.400299,8.59839,-7.52139
1.52644,371.588,2.01869e-005,1.44526,0.480358,8.56635,-7.37174
1.52644,371.588,2.03738e-005,1.60748,0.559787,8.49887,-7.19217
1.52644,371.588,2.05607e-005,1.76336,0.638251,8.39574,-6.9829
1.52644,371.588,2.07477e-005,1.91227,0.715419,8.25692,-6.74431
1.52644,371.588,2.09346e-005,2.05364,0.790957,8.08253,-6.47686
1.52644,371.588,2.11215e-005,2.18691,0.864534,7.87281,-6.18117
1.52644,371.588,2.13084e-005,2.31154,0.935826,7.62818,-5.85798
1.52644,371.588,2.14953e-005,2.42705,1.00451,7.34921,-5.50814
1.52644,371.588,2.16822e-005,2.53298,1.07027,7.03662,-5.13263
1.52644,371.588,2.18692e-005,2.62892,1.13281,6.69127,-4.73252
1.52644,371.588,2.20561e-005,2.71448,1.19182,6.3142,-4.30904
1.52644,371.588,2.2243e-005,2.78933,1.24702,5.90655,-3.8635
1.52644,371.588,2.24299e-005,2.85317,1.29814,5.46965,-3.39733
1.52644,371.588,2.26168e-005,2.90575,1.34491,5.00494,-2.91204
1.52644,371.588,2.28037e-005,2.94686,1.3871,4.51399,-2.40927
1.52644,371.588,2.29907e-005,2.97634,1.42447,3.99851,-1.89073
1.52644,371.588,2.31776e-005,2.99408,1.45681,3.46034,-1.35822
1.52644,371.588,2.33645e-005,3,1.48393,2.90141,-0.813615
1.52644,371.588,2.35514e-005,2.99408,1.50564,2.32377,-0.258876
1.52644,371.588,2.37383e-005,2.97634,1.52181,1.72958,0.303981
1.52644,371.588,2.39252e-005,2.94686,1.53228,1.12107,0.872881
1.52644,371.588,2.41121e-005,2.90575,1.53696,0.500584,1.4457
1.52644,371.588,2.42991e-005,2.85317,1.53575,-0.129491,2.02026
1.52644,371.588,2.4486e-005,2.78933,1.52859,-0.766687,2.59438
1.52644,371.588,2.46729e-005,2.71448,1.51542,-1.40848,3.16581
1.52644,371.588,2.48598e-005,2.62892,1.49624,-2.05232,3.73232
1.52644,371.588,2.50467e-005,2.53298,1.47105,-2.69558,4.29167
1.52644,371.588,2.52336e-005,2.42705,1.43988,-3.33567,4.84159
1.52644,371.588,2.54206e-005,2.31154,1.40277,-3.96993,5.37987
1.52644,371.588,2.56075e-005,2.18691,1.35982,-4.59573,5.90427
1.52644,371.588,2.57944e-005,2.05364,1.31113,-5.21045,6.41261
1.52644,371.588,2.59813e-005,1.91227,1.25682,-5.81147,6.90275
1.52644,371.588,2.61682e-005,1.76336,1.19704,-6.39621,7.37259
1.52644,371.588,2.63551e-005,1.60748,1.13197,-6.96215,7.82008
1.52644,371.588,2.65421e-005,1.44526,1.06181,-7.50679,8.24325
1.52644,371.588,2.6729e-005,1.27734,0.986788,-8.02772,8.64019
1.52644,371.588,2.69159e-005,1.10437,0.907138,-8.5226,9.00908
1.52644,371.588,2.71028e-005,0.927051,0.823127,-8.98917,9.3482
1.52644,371.588,2.72897e-005,0.74607,0.73504,-9.42526,9.65591
1.52644,371.588,2.74766e-005,0.562144,0.643182,-9.82881,9.93069
1.52644,371.588,2.76636e-005,0.376,0.547875,-10.1979,10.1711
1.52644,371.588,2.78505e-005,0.188372,0.449458,-10.5306,10.3759
1.52644,371.588,2.80374e-005,-4.22692e-015,0.348286,-10.8254,10.544
1.52644,371.588,2.82243e-005,-0.188372,0.244729,-11.0806,10.6742
1.52644,371.588,2.84112e-005,-0.376,0.139169,-11.2949,10.7657
1.52644,371.588,2.85981e-005,-0.562144,0.0320011,-11.467,10.8177
1.52644,371.588,2.8785e-005,-0.74607,-0.0763704,-11.5958,10.8296
1.52644,371.588,2.8972e-005,-0.927051,-0.185532,-11.6803,10.8011
1.52644,371.588,2.91589e-005,-1.10437,-0.295064,-11.7199,10.7317
1.52644,371.588,2.93458e-005,-1.27734,-0.404541,-11.714,10.6214
1.52644,371.588,2.95327e-005,-1.44526,-0.513533,-11.6622,10.4702
1.52644,371.588,2.97196e-005,-1.60748,-0.621609,-11.5641,10.2782
1.52644,371.588,2.99065e-005,-1.76336,-0.728338,-11.42,10.0458
1.52644,371.588,3.00935e-005,-1.91227,-0.833289,-11.2298,9.77357
1.52644,371.588,3.02804e-005,-2.05364,-0.936036,-10.9939,9.46206
1.52644,371.588,3.04673e-005,-2.18691,-1.03616,-10.7129,9.11214
1.52644,371.588,3.06542e-005,-2.31154,-1.13324,-10.3875,8.72479
1.52644,371.588,3.08411e-005,-2.42705,-1.22687,-10.0186,8.30115
1.52644,371.588,3.1028e-005,-2.53298,-1.31666,-9.60727,7.84251
1.52644,371.588,3.1215e-005,-2.62892,-1.40221,-9.15478,7.3503
1.52644,371.588,3.14019e-005,-2.71448,-1.48317,-8.66257,6.82611
1.52644,371.588,3.15888e-005,-2.78933,-1.55918,-8.13227,6.27165
1.52644,371.588,3.17757e-005,-2.85317,-1.62988,-7.56565,5.68878
1.52644,371.588,3.19626e-005,-2.90575,-1.69497,-6.96465,5.07948
1.52644,371.588,3.21495e-005,-2.94686,-1.75414,-6.33137,4.44585
1.52644,371.588,3.23364e-005,-2.97634,-1.80712,-5.66805,3.79009
1.52644,371.588,3.25234e-005,-2.99408,-1.85363,-4.97706,3.11453
1.52644,371.588,3.27103e-005,-3,-1.89345,-4.2609,2.42159
1.52644,371.588,3.28972e-005,-2.99408,-1.92637,-3.52222,1.71376
1.52644,371.588,3.30841e-005,-2.97634,-1.9522,-2.76373,0.993616
1.52644,371.588,3.3271e-005,-2.94686,-1.97078,-1.98828,0.263822
1.52644,371.588,3.34579e-005,-2.90575,-1.98199,-1.19879,-0.472919
1.52644,371.588,3.36449e-005,-2.85317,-1.98571,-0.398264,-1.21385
1.52644,371.588,3.38318e-005,-2.78933,-1.98187,0.410228,-1.95617
1.52644,371.588,3.40187e-005,-2.71448,-1.97044,1.22356,-2.69706
1.52644,371.588,3.42056e-005,-2.62892,-1.95139,2.03858,-3.43367
1.52644,371.588,3.43925e-005,-2.53298,-1.92473,2.85207,-4.16316
1.52644,371.588,3.45794e-005,-2.42705,-1.89052,3.66084,-4.88269
1.52644,371.588,3.47664e-005,-2.31154,-1.84882,4.46167,-5.58942
1.52644,371.588,3.49533e-005,-2.18691,-1.79974,5.25134,-6.28057
1.52644,371.588,3.51402e-005,-2.05364,-1.74342,6.02667,-6.95337
1.52644,371.588,3.53271e-005,-1.91227,-1.68001,6.78452,-7.60512
1.52644,371.588,3.5514e-005,-1.76336,-1.60972,7.52177,-8.23316
1.52644,371.588,3.57009e-005,-1.60748,-1.53275,8.23539,-8.83492
1.52644,371.588,3.58879e-005,-1.44526,-1.44936,8.92241,-9.40791
1.52644,371.588,3.60748e-005,-1.27734,-1.35983,9.57994,-9.94973
1.52644,371.588,3.62617e-005,-1.10437,-1.26445,10.2052,-10.4581
1.52644,371.588,3.64486e-005,-0.927051,-1.16356,10.7955,-10.9308
1.52644,371.588,3.66355e-005,-0.74607,-1.0575,11.3483,-11.3657
1.52644,371.588,3.68224e-005,-0.562144,-0.946652,11.8611,-11.7611
1.52644,371.588,3.70093e-005,-0.376,-0.831402,12.3317,-12.115
1.52644,371.588,3.71963e-005,-0.188372,-0.712169,12.758,-12.4258
1.52644,371.588,3.73832e-005,-1.46953e-015,-0.589384,13.1379,-12.692
1.52644,371.588,3.75701e-005,0.188372,-0.463499,13.4698,-12.9123
1.52644,371.588,3.7757e-005,0.376,-0.334977,13.7518,-13.0856
1.52644,371.588,3.79439e-005,0.562144,-0.204297,13.9827,-13.2108
1.52644,371.588,3.81308e-005,0.74607,-0.0719496,14.1612,-13.2872
1.52644,371.588,3.83178e-005,0.927051,0.0615663,14.2862,-13.3141
1.52644,371.588,3.85047e-005,1.10437,0.195743,14.3569,-13.2911
1.52644,371.588,3.86916e-005,1.27734,0.330067,14.3727,-13.2179
1.52644,371.588,3.88785e-005,1.44526,0.464021,14.3331,-13.0945
1.52644,371.588,3.90654e-005,1.60748,0.597086,14.238,-12.921
1.52644,371.588,3.92523e-005,1.76336,0.728744,14.0873,-12.6978
1.52644,371.588,3.94393e-005,1.91227,0.858476,13.8814,-12.4254
1.52644,371.588,3.96262e-005,2.05364,0.985771,13.6206,-12.1045
1.52644,371.588,3.98131e-005,2.18691,1.11012,13.3056,-11.736
1.52644,371.588,4e-005,2.31154,1.23103,12.9374,-11.321
1.52644,371.588,4.01869e-005,2.42705,1.34801,12.517,-10.8608
1.52644,371.588,4.03738e-005,2.53298,1.46059,12.0457,-10.3568
1.52644,371.588,4.05607e-005,2.62892,1.5683,11.5252,-9.81083
1.52644,371.588,4.07477e-005,2.71448,1.67071,10.957,-9.22455
1.52644,371.588,4.09346e-005,2.78933,1.76737,10.3432,-8.59999
1.52644,371.588,4.11215e-005,2.85317,1.85789,9.68578,-7.93929
1.52644,371.588,4.13084e-005,2.90575,1.94188,8.98714,-7.24475
1.52644,371.588,4.14953e-005,2.94686,2.01898,8.24973,-6.51881
1.52644,371.588,4.16822e-005,2.97634,2.08885,7.47617,-5.76405
1.52644,371.588,4.18692e-005,2.99408,2.15118,6.66928,-4.98317
1.52644,371.588,4.20561e-005,3,2.20569,5.83198,-4.17899
1.52644,371.588,4.2243e-005,2.99408,2.25211,4.96738,-3.35443
1.52644,371.588,4.24299e-005,2.97634,2.29023,4.07866,-2.51252
1.52644,371.588,4.26168e-005,2.94686,2.31985,3.16915,-1.65636
1.52644,371.588,4.28037e-005,2.90575,2.34081,2.24226,-0.789126
1.52644,371.588,4.29907e-005,2.85317,2.35297,1.30149,0.0859417
1.52644,371.588,4.31776e-005,2.78933,2.35624,0.350419,0.965556
1.52644,371.588,4.33645e-005,2.71448,2.35057,-0.607319,1.84639
1.52644,371.588,4.35514e-005,2.62892,2.33591,-1.56804,2.72511
1.52644,371.588,4.37383e-005,2.53298,2.31229,-2.52804,3.59835
1.52644,371.588,4.39252e-005,2.42705,2.27973,-3.48359,4.46276
1.52644,371.588,4.41121e-005,2.31154,2.23832,-4.43095,5.31499
1.52644,371.588,4.42991e-005,2.18691,2.18817,-5.3664,6.15175
1.52644,371.588,4.4486e-005,2.05364,2.12942,-6.28627,6.96975
1.52644,371.588,4.46729e-005,1.91227,2.06225,-7.1869,7.7658
1.52644,371.588,4.48598e-005,1.76336,1.98688,-8.06469,8.53673
1.52644,371.588,4.50467e-005,1.60748,1.90355,-8.91613,9.27949
1.52644,371.588,4.52336e-005,1.44526,1.81254,-9.73778,9.99109
1.52644,371.588,4.54206e-005,1.27734,1.71417,-10.5263,10.6687
1.52644,371.588,4.56075e-005,1.10437,1.60876,-11.2785,11.3095
1.52644,371.588,4.57944e-005,0.927051,1.49669,-11.9912,11.9109
1.52644,371.588,4.59813e-005,0.74607,1.37836,-12.6615,12.4704
1.52644,371.588,4.61682e-005,0.562144,1.25419,-13.2866,12.9857
1.52644,371.588,4.63551e-005,0.376,1.12462,-13.8639,13.4545
1.52644,371.588,4.65421e-005,0.188372,0.990123,-14.3908,13.875
1.52644,371.588,4.6729e-005,-3.49216e-015,0.851198,-14.8651,14.2451
1.52644,371.588,4.69159e-005,-0.188372,0.70835,-15.2847,14.5633
1.52644,371.588,4.71028e-005,-0.376,0.562111,-15.6476,14.8281
1.52644,371.588,4.72897e-005,-0.562144,0.413023,-15.9524,15.0382
1.52644,371.588,4.74766e-005,-0.74607,0.261646,-16.1973,15.1926
1.52644,371.588,4.76636e-005,-0.927051,0.10855,-16.3813,15.2904
1.52644,371.588,4.78505e-005,-1.10437,-0.0456874,-16.5034,15.331
1.52644,371.588,4.80374e-005,-1.27734,-0.200479,-16.5627,15.3139
1.52644,371.588,4.82243e-005,-1.44526,-0.355233,-16.5587,15.239
1.52644,371.588,4.84112e-005,-1.60748,-0.509357,-16.4912,15.1062
1.52644,371.588,4.85981e-005,-1.76336,-0.662256,-16.3602,14.9158
1.52644,371.588,4.8785e-005,-1.91227,-0.813339,-16.1658,14.6682
1.52644,371.588,4.8972e-005,-2.05364,-0.962016,-15.9085,14.3642
1.52644,371.588,4.91589e-005,-2.18691,-1.10771,-15.5891,14.0045
1.52644,371.588,4.93458e-005,-2.31154,-1.24984,-15.2084,13.5904
1.52644,371.588,4.95327e-005,-2.42705,-1.38786,-14.7676,13.1232
1.52644,371.588,4.97196e-005,-2.53298,-1.52121,-14.2683,12.6044
1.52644,371.588,4.99065e-005,-2.62892,-1.64936,-13.7121,12.0357
1.52644,371.588,5.00935e-005,-2.71448,-1.7718,-13.1008,11.4191
1.52644,371.588,5.02804e-005,-2.78933,-1.88803,-12.4367,10.7568
1.52644,371.588,5.04673e-005,-2.85317,-1.99758,-11.7219,10.051
1.52644,371.588,5.06542e-005,-2.90575,-2.1,-10.9591,9.30421
1.52644,371.588,5.08411e-005,-2.94686,-2.19487,-10.1511,8.51916
1.52644,371.588,5.1028e-005,-2.97634,-2.28179,-9.30064,7.69865
1.52644,371.588,5.1215e-005,-2.99408,-2.3604,-8.41094,6.84565
1.52644,371.588,5.14019e-005,-3,-2.43035,-7.48525,5.96326
1.52644,371.588,5.15888e-005,-2.99408,-2.49135,-6.52698,5.05471
1.52644,371.588,5.17757e-005,-2.97634,-2.54313,-5.5397,4.12337
1.52644,371.588,5.19626e-005,-2.94686,-2.58543,-4.5271,3.17266
1.52644,371.588,5.21495e-005,-2.90575,-2.61808,-3.49298,2.20615
1.52644,371.588,5.23364e-005,-2.85317,-2.64089,-2.44124,1.22743
1.52644,371.588,5.25234e-005,-2.78933,-2.65375,-1.37586,0.240176
1.52644,371.588,5.27103e-005,-2.71448,-2.65657,-0.300904,-0.751881
1.52644,371.588,5.28972e-005,-2.62892,-2.64928,0.779526,-1.74499
1.52644,371.588,5.30841e-005,-2.53298,-2.63188,1.86129,-2.73537
1.52644,371.588,5.3271e-005,-2.42705,-2.60441,2.94021,-3.71926
1.52644,371.588,5.34579e-005,-2.31154,-2.56691,4.01212,-4.69287
1.52644,371.588,5.36449e-005,-2.18691,-2.5195,5.07287,-5.65246
1.52644,371.588,5.38318e-005,-2.05364,-2.46232,6.11832,-6.59433
1.52644,371.588,5.40187e-005,-1.91227,-2.39555,7.14437,-7.51482
1.52644,371.588,5.42056e-005,-1.76336,-2.31941,8.14701,-8.41035
1.52644,371.588,5.43925e-005,-1.60748,-2.23415,9.12228,-9.27742
1.52644,371.588,5.45794e-005,-1.44526,-2.14008,10.0663,-10.1126
1.52644,371.588,5.47664e-005,-1.27734,-2.0375,10.9754,-10.9126
1.52644,371.588,5.49533e-005,-1.10437,-1.92679,11.8458,-11.6743
1.52644,371.588,5.51402e-005,-0.927051,-1.80835,12.6741,-12.3946
1.52644,371.588,5.53271e-005,-0.74607,-1.68258,13.4569,-13.0706
1.52644,371.588,5.5514e-005,-0.562144,-1.54995,14.1911,-13.6996
1.52644,371.588,5.57009e-005,-0.376,-1.41095,14.8736,-14.2791
1.52644,371.588,5.58879e-005,-0.188372,-1.26607,15.5016,-14.8065
1.52644,371.588,5.60748e-005,8.45385e-015,-1.11586,16.0726,-15.2798
1.52644,371.588,5.62617e-005,0.188372,-0.96087,16.5841,-15.697
1.52644,371.588,5.64486e-005,0.376,-0.801675,17.0338,-16.0562
1.52644,371.588,5.66355e-005,0.562144,-0.638871,17.42,-16.3559
1.52644,371.588,5.68224e-005,0.74607,-0.473069,17.7408,-16.5947
1.52644,371.588,5.70093e-005,0.927051,-0.304894,17.9948,-16.7715
1.52644,371.588,5.71963e-005,1.10437,-0.134979,18.1808,-16.8855
1.52644,371.588,5.73832e-005,1.27734,0.0360284,18.2978,-16.936
1.52644,371.588,5.75701e-005,1.44526,0.207479,18.3452,-16.9225
1.52644,371.588,5.7757e-005,1.60748,0.378717,18.3225,-16.8449
1.52644,371.588,5.79439e-005,1.76336,0.549087,18.2296,-16.7034
1.52644,371.588,5.81308e-005,1.91227,0.717934,18.0666,-16.4981
1.52644,371.588,5.83178e-005,2.05364,0.884605,17.8338,-16.2297
1.52644,371.588,5.85047e-005,2.18691,1.04846,17.532,-15.899
1.52644,371.588,5.86916e-005,2.31154,1.20885,17.1621,-15.5071
1.52644,371.588,5.88785e-005,2.42705,1.36516,16.7253,-15.0552
1.52644,371.588,5.90654e-005,2.53298,1.51678,16.223,-14.5448
1.52644,371.588,5.92523e-005,2.62892,1.6631,15.657,-13.9778
1.52644,371.588,5.94393e-005,2.71448,1.80356,15.0292,-13.3561
1.52644,371.588,5.96262e-005,2.78933,1.9376,14.3419,-12.6819
1.52644,371.588,5.98131e-005,2.85317,2.06468,13.5974,-11.9575
1.52644,371.588,6e-005,2.90575,2.18429,12.7986,-11.1857
1.52644,371.588,6.01869e-005,2.94686,2.29596,11.9483,-10.3691
1.52644,371.588,6.03738e-005,2.97634,2.39922,11.0495,-9.51083
1.52644,371.588,6.05607e-005,2.99408,2.49367,10.1057,-8.61392
1.52644,371.588,6.07477e-005,3,2.57891,9.12025,-7.68171
1.52644,371.588,6.09346e-005,2.99408,2.65458,8.09688,-6.71763
1.52644,371.588,6.11215e-005,2.97634,2.72037,7.0394,-5.72526
1.52644,371.588,6.13084e-005,2.94686,2.77599,5.95176,-4.70831
1.52644,371.588,6.14953e-005,2.90575,2.82121,4.83806,-3.67055
1.52644,371.588,6.16822e-005,2.85317,2.85581,3.70252,-2.6159
1.52644,371.588,6.18692e-005,2.78933,2.87963,2.54942,-1.5483
1.52644,371.588,6.20561e-005,2.71448,2.89256,1.38315,-0.471805
1.52644,371.588,6.2243e-005,2.62892,2.89451,0.208163,0.609527
1.52644,371.588,6.24299e-005,2.53298,2.88543,-0.97105,1.69159
1.52644,371.588,6.26168e-005,2.42705,2.86534,-2.14997,2.77025
1.52644,371.588,6.28037e-005,2.31154,2.83427,-3.32405,3.84141
1.52644,371.588,6.29907e-005,2.18691,2.79232,-4.48877,4.90095
1.52644,371.588,6.31776e-005,2.05364,2.73961,-5.63963,5.94481
1.52644,371.588,6.33645e-005,1.91227,2.67632,-6.77215,6.96896
1.52644,371.588,6.35514e-005,1.76336,2.60266,-7.88193,7.96946
1.52644,371.588,6.37383e-005,1.60748,2.51888,-8.96464,8.94241
1.52644,371.588,6.39252e-005,1.44526,2.42527,-10.016,9.88405
1.52644,371.588,6.41121e-005,1.27734,2.32217,-11.032,10.7907
1.52644,371.588,6.42991e-005,1.10437,2.20994,-12.0085,11.6588
1.52644,371.588,6.4486e-005,0.927051,2.08899,-12.9417,12.4849
1.52644,371.588,6.46729e-005,0.74607,1.95976,-13.8279,13.2659
1.52644,371.588,6.48598e-005,0.562144,1.82272,-14.6635,13.9985
1.52644,371.588,6.50467e-005,0.376,1.67837,-15.4452,14.6799
1.52644,371.588,6.52336e-005,0.188372,1.52725,-16.1699,15.3073
1.52644,371.588,6.54206e-005,-8.08647e-015,1.36992,-16.8346,15.8782
1.52644,371.588,6.56075e-005,-0.188372,1.20696,-17.4365,16.3904
1.52644,371.588,6.57944e-005,-0.376,1.03898,-17.9733,16.8416
1.52644,371.588,6.59813e-005,-0.562144,0.86662,-18.4427,17.23
1.52644,371.588,6.61682e-005,-0.74607,0.690521,-18.8427,17.5539
1.52644,371.588,6.63551e-005,-0.927051,0.511348,-19.1715,17.8121
1.52644,371.588,6.65421e-005,-1.10437,0.32978,-19.4278,18.0032
1.52644,371.588,6.6729e-005,-1.27734,0.146506,-19.6103,18.1265
1.52644,371.588,6.69159e-005,-1.44526,-0.0377774,-19.7183,18.1813
1.52644,371.588,6.71028e-005,-1.60748,-0.222366,-19.751,18.1672
1.52644,371.588,6.72897e-005,-1.76336,-0.406554,-19.7081,18.084
1.52644,371.588,6.74766e-005,-1.91227,-0.589636,-19.5897,17.932
1.52644,371.588,6.76636e-005,-2.05364,-0.770908,-19.3961,17.7116
1.52644,371.588,6.78505e-005,-2.18691,-0.94967,-19.1276,17.4234
1.52644,371.588,6.80374e-005,-2.31154,-1.12523,-18.7853,17.0684
1.52644,371.588,6.82243e-005,-2.42705,-1.29692,-18.3702,16.6478
1.52644,371.588,6.84112e-005,-2.53298,-1.46406,-17.8838,16.1629
1.52644,371.588,6.85981e-005,-2.62892,-1.626,-17.3278,15.6156
1.52644,371.588,6.8785e-005,-2.71448,-1.78211,-16.7041,15.0078
1.52644,371.588,6.8972e-005,-2.78933,-1.93178,-16.015,14.3416
1.52644,371.588,6.91589e-005,-2.85317,-2.07443,-15.263,13.6194
1.52644,371.588,6.93458e-005,-2.90575,-2.20948,-14.4507,12.8439
1.52644,371.588,6.95327e-005,-2.94686,-2.33641,-13.5813,12.0179
1.52644,371.588,6.97196e-005,-2.97634,-2.45471,-12.6579,11.1445
1.52644,371.588,6.99065e-005,-2.99408,-2.5639,-11.6839,10.2269
1.52644,371.588,7.00935e-005,-3,-2.66356,-10.663,9.2684
1.52644,371.588,7.02804e-005,-2.99408,-2.75327,-9.59892,8.27268
1.52644,371.588,7.04673e-005,-2.97634,-2.83267,-8.49575,7.24342
1.52644,371.588,7.06542e-005,-2.94686,-2.90143,-7.35761,6.18448
1.52644,371.588,7.08411e-005,-2.90575,-2.95927,-6.1888,5.09983
1.52644,371.588,7.1028e-005,-2.85317,-3.00594,-4.99373,3.99356
1.52644,371.588,7.1215e-005,-2.78933,-3.04124,-3.77695,2.86985
1.52644,371.588,7.14019e-005,-2.71448,-3.06501,-2.54309,1.73293
1.52644,371.588,7.15888e-005,-2.62892,-3.07713,-1.29685,0.587138
1.52644,371.588,7.17757e-005,-2.53298,-3.07753,-0.0429968,-0.563189
1.52644,371.588,7.19626e-005,-2.42705,-3.06618,1.21366,-1.71367
1.52644,371.588,7.21495e-005,-2.31154,-3.04312,2.46831,-2.8599
1.52644,371.588,7.23364e-005,-2.18691,-3.00839,3.71611,-3.99752
1.52644,371.588,7.25234e-005,-2.05364,-2.9621,4.95226,-5.12215
1.52644,371.588,7.27103e-005,-1.91227,-2.90442,6.17198,-6.22948
1.52644,371.588,7.28972e-005,-1.76336,-2.83554,7.37054,-7.31524
1.52644,371.588,7.30841e-005,-1.60748,-2.75569,8.5433,-8.37525
1.52644,371.588,7.3271e-005,-1.44526,-2.66517,9.68569,-9.40542
1.52644,371.588,7.34579e-005,-1.27734,-2.5643,10.7933,-10.4017
1.52644,371.588,7.36449e-005,-1.10437,-2.45344,11.8617,-11.3604
1.52644,371.588,7.38318e-005,-0.927051,-2.33301,12.8868,-12.2775
1.52644,371.588,7.40187e-005,-0.74607,-2.20343,13.8645,-13.1497
1.52644,371.588,7.42056e-005,-0.562144,-2.0652,14.791,-13.9734
1.52644,371.588,7.43925e-005,-0.376,-1.91882,15.6626,-14.7454
1.52644,371.588,7.45794e-005,-0.188372,-1.76484,16.4759,-15.4628
1.52644,371.588,7.47664e-005,-2.93906e-015,-1.60383,17.2276,-16.1225
1.52644,371.588,7.49533e-005,0.188372,-1.43641,17.9147,-16.7221
1.52644,371.588,7.51402e-005,0.376,-1.26319,18.5345,-17.2591
1.52644,371.588,7.53271e-005,0.562144,-1.08483,19.0844,-17.7313
1.52644,371.588,7.5514e-005,0.74607,-0.902005,19.5622,-18.1368
1.52644,371.588,7.57009e-005,0.927051,-0.715408,19.9659,-18.474
1.52644,371.588,7.58879e-005,1.10437,-0.525746,20.2938,-18.7415
1.52644,371.588,7.60748e-005,1.27734,-0.333741,20.5445,-18.938
1.52644,371.588,7.62617e-005,1.44526,-0.140125,20.717,-19.0628
1.52644,371.588,7.64486e-005,1.60748,0.0543648,20.8104,-19.1151
1.52644,371.588,7.66355e-005,1.76336,0.248983,20.8241,-19.0948
1.52644,371.588,7.68224e-005,1.91227,0.442984,20.7581,-19.0017
1.52644,371.588,7.70093e-005,2.05364,0.635623,20.6124,-18.8361
1.52644,371.588,7.71963e-005,2.18691,0.82616,20.3874,-18.5985
1.52644,371.588,7.73832e-005,2.31154,1.01386,20.0839,-18.2897
1.52644,371.588,7.75701e-005,2.42705,1.198,19.7029,-17.9107
1.52644,371.588,7.7757e-005,2.53298,1.37786,19.2457,-17.4628
1.52644,371.588,7.79439e-005,2.62892,1.55276,18.7139,-16.9477
1.52644,371.588,7.81308e-005,2.71448,1.72201,18.1094,-16.3673
1.52644,371.588,7.83178e-005,2.78933,1.88495,17.4346,-15.7235
1.52644,371.588,7.85047e-005,2.85317,2.04095,16.6917,-15.0189
1.52644,371.588,7.86916e-005,2.90575,2.18939,15.8837,-14.2559
1.52644,371.588,7.88785e-005,2.94686,2.3297,15.0134,-13.4374
1.52644,371.588,7.90654e-005,2.97634,2.46133,14.0841,-12.5665
1.52644,371.588,7.92523e-005,2.99408,2.58375,13.0993,-11.6464
1.52644,371.588,7.94393e-005,3,2.69649,12.0626,-10.6805
1.52644,371.588,7.96262e-005,2.99408,2.79909,10.9781,-9.67246
1.52644,371.588,7.98131e-005,2.97634,2.89114,9.84972,-8.62608
1.52644,371.588,8e-005,2.94686,2.97228,8.6818,-7.54528
1.52644,371.588,8.01869e-005,2.90575,3.04217,7.47875,-6.43415
1.52644,371.588,8.03738e-005,2.85317,3.10054,6.24514,-5.29688
1.52644,371.588,8.05607e-005,2.78933,3.14713,4.98568,-4.1378
1.52644,371.588,8.07477e-005,2.71448,3.18176,3.70515,-2.96131
1.52644,371.588,8.09346e-005,2.62892,3.20427,2.40846,-1.77186
1.52644,371.588,8.11215e-005,2.53298,3.21456,1.10058,-0.574005
1.52644,371.588,8.13084e-005,2.42705,3.21256,-0.213501,0.627699
1.52644,371.588,8.14953e-005,2.31154,3.19827,-1.52872,1.82866
1.52644,371.588,8.16822e-005,2.18691,3.17173,-2.84002,3.02427
1.52644,371.588,8.18692e-005,2.05364,3.13302,-4.14236,4.20997
1.52644,371.588,8.20561e-005,1.91227,3.08226,-5.43071,5.38119
1.52644,371.588,8.2243e-005,1.76336,3.01965,-6.7001,6.53344
1.52644,371.588,8.24299e-005,1.60748,2.94539,-7.9456,7.66228
1.52644,371.588,8.26168e-005,1.44526,2.85976,-9.1624,8.76335
1.52644,371.588,8.28037e-005,1.27734,2.76307,-10.3458,9.83242
1.52644,371.588,8.29907e-005,1.10437,2.65567,-11.4911,10.8653
1.52644,371.588,8.31776e-005,0.927051,2.53797,-12.594,11.8581
1.52644,371.588,8.33645e-005,0.74607,2.4104,-13.65,12.8069
1.52644,371.588,8.35514e-005,0.562144,2.27344,-14.6552,13.708
1.52644,371.588,8.37383e-005,0.376,2.12759,-15.6054,14.5579
1.52644,371.588,8.39252e-005,0.188372,1.97342,-16.4971,15.3532
1.52644,371.588,8.41121e-005,-7.3517e-015,1.81148,-17.3266,16.091
1.52644,371.588,8.42991e-005,-0.188372,1.64241,-18.0908,16.7681
1.52644,371.588,8.4486e-005,-0.376,1.46684,-18.7866,17.3821
1.52644,371.588,8.46729e-005,-0.562144,1.28542,-19.4111,17.9305
1.52644,371.588,8.48598e-005,-0.74607,1.09886,-19.962,18.411
1.52644,371.588,8.50467e-005,-0.927051,0.907865,-20.4369,18.8218
1.52644,371.588,8.52336e-005,-1.10437,0.713154,-20.834,19.1612
1.52644,371.588,8.54206e-005,-1.27734,0.515475,-21.1517,19.4278
1.52644,371.588,8.56075e-005,-1.44526,0.315582,-21.3885,19.6205
1.52644,371.588,8.57944e-005,-1.60748,0.11424,-21.5436,19.7385
1.52644,371.588,8.59813e-005,-1.76336,-0.0877791,-21.6161,19.7812
1.52644,371.588,8.61682e-005,-1.91227,-0.289701,-21.6057,19.7484
1.52644,371.588,8.63551e-005,-2.05364,-0.490751,-21.5123,19.6401
1.52644,371.588,8.65421e-005,-2.18691,-0.690155,-21.3362,19.4566
1.52644,371.588,8.6729e-005,-2.31154,-0.887145,-21.078,19.1986
1.52644,371.588,8.69159e-005,-2.42705,-1.08096,-20.7385,18.867
1.52644,371.588,8.71028e-005,-2.53298,-1.27086,-20.319,18.4629
1.52644,371.588,8.72897e-005,-2.62892,-1.4561,-19.8209,17.9878
1.52644,371.588,8.74766e-005,-2.71448,-1.63597,-19.2461,17.4434
1.52644,371.588,8.76636e-005,-2.78933,-1.80977,-18.5968,16.8319
1.52644,371.588,8.78505e-005,-2.85317,-1.97683,-17.8752,16.1553
1.52644,371.588,8.80374e-005,-2.90575,-2.1365,-17.0842,15.4163
1.52644,371.588,8.82243e-005,-2.94686,-2.28815,-16.2267,14.6176
1.52644,371.588,8.84112e-005,-2.97634,-2.43119,-15.3058,13.7622
1.52644,371.588,8.85981e-005,-2.99408,-2.56507,-14.3251,12.8534
1.52644,371.588,8.8785e-005,-3,-2.68926,-13.2883,11.8945
1.52644,371.588,8.8972e-005,-2.99408,-2.80328,-12.1993,10.8891
1.52644,371.588,8.91589e-005,-2.97634,-2.90666,-11.0622,9.84118
1.52644,371.588,8.93458e-005,-2.94686,-2.99901,-9.88138,8.75457
1.52644,371.588,8.95327e-005,-2.90575,-3.07996,-8.66131,7.63345
1.52644,371.588,8.97196e-005,-2.85317,-3.14918,-7.40666,6.48206
1.52644,371.588,8.99065e-005,-2.78933,-3.20639,-6.12221,5.3048
1.52644,371.588,9.00935e-005,-2.71448,-3.25138,-4.81289,4.10615
1.52644,371.588,9.02804e-005,-2.62892,-3.28393,-3.48369,2.89068
1.52644,371.588,9.04673e-005,-2.53298,-3.30393,-2.13973,1.66304
1.52644,371.588,9.06542e-005,-2.42705,-3.31128,-0.786163,0.427928
1.52644,371.588,9.08411e-005,-2.31154,-3.30593,0.57181,-0.809933
1.52644,371.588,9.1028e-005,-2.18691,-3.28791,1.92896,-2.0458
1.52644,371.588,9.1215e-005,-2.05364,-3.25725,3.28006,-3.27492
1.52644,371.588,9.14019e-005,-1.91227,-3.21407,4.6199,-4.49258
1.52644,371.588,9.15888e-005,-1.76336,-3.15853,5.9433,-5.69411
1.52644,371.588,9.17757e-005,-1.60748,-3.09082,7.24516,-6.87487
1.52644,371.588,9.19626e-005,-1.44526,-3.01119,8.52042,-8.03031
1.52644,371.588,9.21495e-005,-1.27734,-2.91993,9.76416,-9.15599
1.52644,371.588,9.23364e-005,-1.10437,-2.8174,10.9716,-10.2476
1.52644,371.588,9.25234e-005,-0.927051,-2.70396,12.1379,-11.3008
1.52644,371.588,9.27103e-005,-0.74607,-2.58005,13.2587,-12.3116
1.52644,371.588,9.28972e-005,-0.562144,-2.44612,14.3295,-13.2761
1.52644,371.588,9.30841e-005,-0.376,-2.3027,15.3462,-14.1906
1.52644,371.588,9.3271e-005,-0.188372,-2.15032,16.3049,-15.0514
1.52644,371.588,9.34579e-005,6.98432e-015,-1.98956,17.2017,-15.8552
1.52644,371.588,9.36449e-005,0.188372,-1.82102,18.0332,-16.599
1.52644,371.588,9.38318e-005,0.376,-1.64536,18.796,-17.2797
1.52644,371.588,9.40187e-005,0.562144,-1.46323,19.4873,-17.8948
1.52644,371.588,9.42056e-005,0.74607,-1.27535,20.1041,-18.4418
1.52644,371.588,9.43925e-005,0.927051,-1.08241,20.6442,-18.9186
1.52644,371.588,9.45794e-005,1.10437,-0.885162,21.1054,-19.3232
1.52644,371.588,9.47664e-005,1.27734,-0.68436,21.4857,-19.6541
1.52644,371.588,9.49533e-005,1.44526,-0.480774,21.7838,-19.91
1.52644,371.588,9.51402e-005,1.60748,-0.275183,21.9982,-20.0897
1.52644,371.588,9.53271e-005,1.76336,-0.0683768,22.1282,-20.1926
1.52644,371.588,9.5514e-005,1.91227,0.13885,22.1732,-20.2181
1.52644,371.588,9.57009e-005,2.05364,0.3457,22.1329,-20.1662
1.52644,371.588,9.58879e-005,2.18691,0.551377,22.0074,-20.037
1.52644,371.588,9.60748e-005,2.31154,0.755088,21.7972,-19.8309
1.52644,371.588,9.62617e-005,2.42705,0.95605,21.5028,-19.5486
1.52644,371.588,9.64486e-005,2.53298,1.15348,21.1255,-19.1912
1.52644,371.588,9.66355e-005,2.62892,1.34663,20.6666,-18.76
1.52644,371.588,9.68224e-005,2.71448,1.53474,20.1278,-18.2566
1.52644,371.588,9.70093e-005,2.78933,1.71709,19.5112,-17.6828
1.52644,371.588,9.71963e-005,2.85317,1.89297,18.8189,-17.0409
1.52644,371.588,9.73832e-005,2.90575,2.06169,18.0537,-16.3333
1.52644,371.588,9.75701e-005,2.94686,2.22261,17.2185,-15.5626
1.52644,371.588,9.7757e-005,2.97634,2.3751,16.3163,-14.7317
1.52644,371.588,9.79439e-005,2.99408,2.51857,15.3507,-13.8438
1.52644,371.588,9.81308e-005,3,2.65245,14.3252,-12.9023
1.52644,371.588,9.83178e-005,2.99408,2.77622,13.2439,-11.9107
1.52644,371.588,9.85047e-005,2.97634,2.88941,12.1108,-10.8729
1.52644,371.588,9.86916e-005,2.94686,2.99156,10.9303,-9.79271
1.52644,371.588,9.88785e-005,2.90575,3.08228,9.7069,-8.67437
1.52644,371.588,9.90654e-005,2.85317,3.16121,8.44526,-7.52212
1.52644,371.588,9.92523e-005,2.78933,3.22803,7.15024,-6.34036
1.52644,371.588,9.94393e-005,2.71448,3.28249,5.82681,-5.13362
1.52644,371.588,9.96262e-005,2.62892,3.32436,4.48005,-3.90652
1.52644,371.588,9.98131e-005,2.53298,3.35347,3.11515,-2.66377
1.52644,371.588,0.0001,2.42705,3.36971,1.73735,-1.41014
1.52644,371.588,0.000100187,2.31154,3.373,0.351972,-0.150435
1.52644,371.588,0.000100374,2.18691,3.36332,-1.03565,1.1105
1.52644,371.588,0.000100561,2.05364,3.3407,-2.42017,2.36781
1.52644,371.588,0.000100748,1.91227,3.30522,-3.79624,3.61667
1.52644,371.588,0.000100935,1.76336,3.25701,-5.15854,4.85227
1.52644,371.588,0.000101121,1.60748,3.19624,-6.5018,6.06984
1.52644,371.588,0.000101308,1.44526,3.12315,-7.82083,7.2647
1.52644,371.588,0.000101495,1.27734,3.03801,-9.11051,8.43223
1.52644,371.588,0.000101682,1.10437,2.94113,-10.3659,9.56794
1.52644,371.588,0.000101869,0.927051,2.83289,-11.582,10.6674
1.52644,371.588,0.000102056,0.74607,2.71369,-12.7542,11.7264
1.52644,371.588,0.000102243,0.562144,2.58399,-13.878,12.7409
1.52644,371.588,0.00010243,0.376,2.44428,-14.9489,13.7069
1.52644,371.588,0.000102617,0.188372,2.29509,-15.9628,14.6206
1.52644,371.588,0.000102804,-6.61694e-015,2.137,-16.9157,15.4786
1.52644,371.588,0.000102991,-0.188372,1.97061,-17.804,16.2775
1.52644,371.588,0.000103178,-0.376,1.79655,-18.6241,17.0142
1.52644,371.588,0.000103364,-0.562144,1.6155,-19.3729,17.6858
1.52644,371.588,0.000103551,-0.74607,1.42814,-20.0474,18.2897
1.52644,371.588,0.000103738,-0.927051,1.2352,-20.6449,18.8236
1.52644,371.588,0.000103925,-1.10437,1.03741,-21.1632,19.2853
1.52644,371.588,0.000104112,-1.27734,0.83554,-21.6001,19.6732
1.52644,371.588,0.000104299,-1.44526,0.630363,-21.954,19.9855
1.52644,371.588,0.000104486,-1.60748,0.422668,-22.2234,20.2212
1.52644,371.588,0.000104673,-1.76336,0.213255,-22.4072,20.3792
1.52644,371.588,0.00010486,-1.91227,0.002931,-22.5047,20.4589
1.52644,371.588,0.000105047,-2.05364,-0.207494,-22.5155,20.46
1.52644,371.588,0.000105234,-2.18691,-0.417208,-22.4394,20.3824
1.52644,371.588,0.000105421,-2.31154,-0.625402,-22.2768,20.2265
1.52644,371.588,0.000105607,-2.42705,-0.831272,-22.0281,19.9927
1.52644,371.588,0.000105794,-2.53298,-1.03402,-21.6944,19.6819
1.52644,371.588,0.000105981,-2.62892,-1.23287,-21.2768,19.2954
1.52644,371.588,0.000106168,-2.71448,-1.42705,-20.777,18.8345
1.52644,371.588,0.000106355,-2.78933,-1.6158,-20.1967,18.301
1.52644,371.588,0.000106542,-2.85317,-1.79841,-19.5384,17.697
1.52644,371.588,0.000106729,-2.90575,-1.97415,-18.8043,17.0247
1.52644,371.588,0.000106916,-2.94686,-2.14235,-17.9974,16.2867
1.52644,371.588,0.000107103,-2.97634,-2.30235,-17.1207,15.4858
1.52644,371.588,0.00010729,-2.99408,-2.45354,-16.1775,14.6251
1.52644,371.588,0.000107477,-3,-2.59533,-15.1715,13.7079
1.52644,371.588,0.000107664,-2.99408,-2.72717,-14.1066,12.7377
1.52644,371.588,0.00010785,-2.97634,-2.84854,-12.9868,11.7181
1.52644,371.588,0.000108037,-2.94686,-2.95898,-11.8165,10.6533
1.52644,371.588,0.000108224,-2.90575,-3.05804,-10.6,9.54711
1.52644,371.588,0.000108411,-2.85317,-3.14535,-9.34224,8.40392
1.52644,371.588,0.000108598,-2.78933,-3.22057,-8.04789,7.22809
1.52644,371.588,0.000108785,-2.71448,-3.28339,-6.722,6.02414
1.52644,371.588,0.000108972,-2.62892,-3.33357,-5.36966,4.7967
1.52644,371.588,0.000109159,-2.53298,-3.37092,-3.99611,3.5505
1.52644,371.588,0.000109346,-2.42705,-3.39528,-2.60663,2.29035
1.52644,371.588,0.000109533,-2.31154,-3.40656,-1.2066,1.02108
1.52644,371.588,0.00010972,-2.18691,-3.4047,0.198571,-0.252398
1.52644,371.588,0.000109907,-2.05364,-3.38972,1.60346,-1.52518
1.52644,371.588,0.000110093,-1.91227,-3.36166,3.00263,-2.79237
1.52644,371.588,0.00011028,-1.76336,-3.32062,4.39067,-4.04906
1.52644,371.588,0.000110467,-1.60748,-3.26677,5.7622,-5.29042
1.52644,371.588,0.000110654,-1.44526,-3.2003,7.11192,-6.51164
1.52644,371.588,0.000110841,-1.27734,-3.12147,8.4346,-7.70801
1.52644,371.588,0.000111028,-1.10437,-3.03059,9.72511,-8.87492
1.52644,371.588,0.000111215,-0.927051,-2.92798,10.9785,-10.0078
1.52644,371.588,0.000111402,-0.74607,-2.81406,12.1898,-11.1024
1.52644,371.588,0.000111589,-0.562144,-2.68925,13.3543,-12.1544
1.52644,371.588,0.000111776,-0.376,-2.55404,14.4677,-13.1597
1.52644,371.588,0.000111963,-0.188372,-2.40894,15.5254,-14.1145
1.52644,371.588,0.00102804,1.94067e-013,-2.29431,13.1948,-11.6809
1.52644,371.588,0.00102822,0.188372,-2.16194,14.1636,-12.5386
1.52644,371.588,0.00102841,0.376,-2.02103,15.0765,-13.3468
1.52644,371.588,0.0010286,0.562144,-1.87216,15.93,-14.1023
1.52644,371.588,0.00102879,0.74607,-1.71589,16.7206,-14.8022
1.52644,371.588,0.00102897,0.927051,-1.55285,17.4451,-15.4437
1.52644,371.588,0.00102916,1.10437,-1.38368,18.1009,-16.0242
1.52644,371.588,0.00102935,1.27734,-1.20906,18.6852,-16.5414
1.52644,371.588,0.00102953,1.44526,-1.02966,19.1957,-16.9934
1.52644,371.588,0.00102972,1.60748,-0.846193,19.6305,-17.3783
1.52644,371.588,0.00102991,1.76336,-0.659391,19.9879,-17.6947
1.52644,371.588,0.00103009,1.91227,-0.469986,20.2663,-17.9412
1.52644,371.588,0.00103028,2.05364,-0.278726,20.4648,-18.1169
1.52644,371.588,0.00103047,2.18691,-0.0863665,20.5825,-18.2211
1.52644,371.588,0.00103065,2.31154,0.106334,20.619,-18.2533
1.52644,371.588,0.00103084,2.42705,0.298615,20.5741,-18.2136
1.52644,371.588,0.00103103,2.53298,0.489717,20.448,-18.102
1.52644,371.588,0.00103121,2.62892,0.678887,20.2412,-17.9189
1.52644,371.588,0.0010314,2.71448,0.865377,19.9545,-17.6651
1.52644,371.588,0.00103159,2.78933,1.04845,19.589,-17.3416
1.52644,371.588,0.00103178,2.85317,1.22739,19.1463,-16.9496
1.52644,371.588,0.00103196,2.90575,1.40148,18.628,-16.4908
1.52644,371.588,0.00103215,2.94686,1.57005,18.0362,-15.9669
1.52644,371.588,0.00103234,2.97634,1.73241,17.3732,-15.38
1.52644,371.588,0.00103252,2.99408,1.88794,16.6416,-14.7323
1.52644,371.588,0.00103271,3,2.03602,15.8444,-14.0265
1.52644,371.588,0.0010329,2.99408,2.17606,14.9846,-13.2654
1.52644,371.588,0.00103308,2.97634,2.30752,14.0657,-12.4519
1.52644,371.588,0.00103327,2.94686,2.42987,13.0913,-11.5893
1.52644,371.588,0.00103346,2.90575,2.54263,12.0652,-10.681
1.52644,371.588,0.00103364,2.85317,2.64535,10.9915,-9.73044
1.52644,371.588,0.00103383,2.78933,2.73763,9.87442,-8.74152
1.52644,371.588,0.00103402,2.71448,2.81911,8.71837,-7.71811
1.52644,371.588,0.00103421,2.62892,2.88947,7.52792,-6.66424
1.52644,371.588,0.00103439,2.53298,2.94842,6.30775,-5.58406
1.52644,371.588,0.00103458,2.42705,2.99573,5.06269,-4.48185
1.52644,371.588,0.00103477,2.31154,3.03123,3.79765,-3.36195
1.52644,371.588,0.00103495,2.18691,3.05476,2.51763,-2.22878
1.52644,371.588,0.00103514,2.05364,3.06623,1.22766,-1.08681
1.52644,371.588,0.00103533,1.91227,3.0656,-0.0671428,0.0594396
1.52644,371.588,0.00103551,1.76336,3.05288,-1.36169,1.20546
1.52644,371.588,0.0010357,1.60748,3.0281,-2.65085,2.34672
1.52644,371.588,0.00103589,1.44526,2.99138,-3.92956,3.47872
1.52644,371.588,0.00103607,1.27734,2.94285,-5.19276,4.59699
1.52644,371.588,0.00103626,1.10437,2.8827,-6.43546,5.69712
1.52644,371.588,0.00103645,0.927051,2.81118,-7.65277,6.77477
1.52644,371.588,0.00103664,0.74607,2.72856,-8.83988,7.82568
1.52644,371.588,0.00103682,0.562144,2.63518,-9.9921,8.8457
1.52644,371.588,0.00103701,0.376,2.5314,-11.1049,9.83081
1.52644,371.588,0.0010372,0.188372,2.41762,-12.1738,10.7771
1.52644,371.588,0.00103738,-1.61725e-013,2.29431,-13.1948,11.6809
1.52644,371.588,0.00103757,-0.188372,2.16194,-14.1636,12.5386
1.52644,371.588,0.00103776,-0.376,2.02103,-15.0765,13.3468
1.52644,371.588,0.00103794,-0.562144,1.87216,-15.93,14.1023
1.52644,371.588,0.00103813,-0.74607,1.71589,-16.7206,14.8022
1.52644,371.588,0.00103832,-0.927051,1.55285,-17.4451,15.4437
1.52644,371.588,0.0010385,-1.10437,1.38368,-18.1009,16.0242
1.52644,371.588,0.00103869,-1.27734,1.20906,-18.6852,16.5414
1.52644,371.588,0.00103888,-1.44526,1.02966,-19.1957,16.9934
1.52644,371.588,0.00103907,-1.60748,0.846193,-19.6305,17.3783
1.52644,371.588,0.00103925,-1.76336,0.659391,-19.9879,17.6947
1.52644,371.588,0.00103944,-1.91227,0.469986,-20.2663,17.9412
1.52644,371.588,0.00103963,-2.05364,0.278726,-20.4648,18.1169
1.52644,371.588,0.00103981,-2.18691,0.0863665,-20.5825,18.2211
1.52644,371.588,0.00104,-2.31154,-0.106334,-20.619,18.2533
1.52644,371.588,0.00104019,-2.42705,-0.298615,-20.5741,18.2136
1.52644,371.588,0.00104037,-2.53298,-0.489717,-20.448,18.102
1.52644,371.588,0.00104056,-2.62892,-0.678887,-20.2412,17.9189
1.52644,371.588,0.00104075,-2.71448,-0.865377,-19.9545,17.6651
1.52644,371.588,0.00104093,-2.78933,-1.04845,-19.589,17.3416
1.52644,371.588,0.00104112,-2.85317,-1.22739,-19.1463,16.9496
1.52644,371.588,0.00104131,-2.90575,-1.40148,-18.628,16.4908
1.52644,371.588,0.0010415,-2.94686,-1.57005,-18.0362,15.9669
1.52644,371.588,0.00104168,-2.97634,-1.73241,-17.3732,15.38
1.52644,371.588,0.00104187,-2.99408,-1.88794,-16.6416,14.7323
1.52644,371.588,0.00104206,-3,-2.03602,-15.8444,14.0265
1.52644,371.588,0.00104224,-2.99408,-2.17606,-14.9846,13.2654
1.52644,371.588,0.00104243,-2.97634,-2.30752,-14.0657,12.4519
1.52644,371.588,0.00104262,-2.94686,-2.42987,-13.0913,11.5893
1.52644,371.588,0.0010428,-2.90575,-2.54263,-12.0652,10.681
1.52644,371.588,0.00104299,-2.85317,-2.64535,-10.9915,9.73044
1.52644,371.588,0.00104318,-2.78933,-2.73763,-9.87442,8.74153
1.52644,371.588,0.00104336,-2.71448,-2.81911,-8.71837,7.71811
1.52644,371.588,0.00104355,-2.62892,-2.88947,-7.52792,6.66424
1.52644,371.588,0.00104374,-2.53298,-2.94842,-6.30775,5.58406
1.52644,371.588,0.00104393,-2.42705,-2.99573,-5.06269,4.48185
1.52644,371.588,0.00104411,-2.31154,-3.03123,-3.79765,3.36195
1.52644,371.588,0.0010443,-2.18691,-3.05476,-2.51763,2.22878
1.52644,371.588,0.00104449,-2.05364,-3.06623,-1.22766,1.08681
1.52644,371.588,0.00104467,-1.91227,-3.0656,0.0671425,-0.0594393
1.52644,371.588,0.00104486,-1.76336,-3.05288,1.36169,-1.20546
1.52644,371.588,0.00104505,-1.60748,-3.0281,2.65085,-2.34672
1.52644,371.588,0.00104523,-1.44526,-2.99138,3.92956,-3.47872
1.52644,371.588,0.00104542,-1.27734,-2.94285,5.19276,-4.59699
1.52644,371.588,0.00104561,-1.10437,-2.8827,6.43546,-5.69712
1.52644,371.588,0.00104579,-0.927051,-2.81118,7.65277,-6.77477
1.52644,371.588,0.00104598,-0.74607,-2.72856,8.83988,-7.82568
1.52644,371.588,0.00104617,-0.562144,-2.63518,9.9921,-8.8457
1.52644,371.588,0.00104636,-0.376,-2.5314,11.1049,-9.83081
1.52644,371.588,0.00104654,-0.188372,-2.41762,12.1738,-10.7771
1.52644,371.588,0.00104673,1.29383e-013,-2.29431,13.1948,-11.6809
1.52644,371.588,0.00104692,0.188372,-2.16194,14.1636,-12.5386
1.52644,371.588,0.0010471,0.376,-2.02103,15.0765,-13.3468
1.52644,371.588,0.00104729,0.562144,-1.87216,15.93,-14.1023
1.52644,371.588,0.00104748,0.74607,-1.71589,16.7206,-14.8022
1.52644,371.588,0.00104766,0.927051,-1.55285,17.4451,-15.4437
1.52644,371.588,0.00104785,1.10437,-1.38368,18.1009,-16.0242
1.52644,371.588,0.00104804,1.27734,-1.20906,18.6852,-16.5414
1.52644,371.588,0.00104822,1.44526,-1.02966,19.1957,-16.9934
1.52644,371.588,0.00104841,1.60748,-0.846193,19.6305,-17.3783
1.52644,371.588,0.0010486,1.76336,-0.659391,19.9879,-17.6947
1.52644,371.588,0.00104879,1.91227,-0.469986,20.2663,-17.9412
1.52644,371.588,0.00104897,2.05364,-0.278726,20.4648,-18.1169
1.52644,371.588,0.00104916,2.18691,-0.0863666,20.5825,-18.2211
1.52644,371.588,0.00104935,2.31154,0.106334,20.619,-18.2533
1.52644,371.588,0.00104953,2.42705,0.298615,20.5741,-18.2136
1.52644,371.588,0.00104972,2.53298,0.489717,20.448,-18.102
1.52644,371.588,0.00104991,2.62892,0.678887,20.2412,-17.9189
1.52644,371.588,0.00105009,2.71448,0.865377,19.9545,-17.6651
1.52644,371.588,0.00105028,2.78933,1.04845,19.589,-17.3416
1.52644,371.588,0.00105047,2.85317,1.22739,19.1463,-16.9496
1.52644,371.588,0.00105065,2.90575,1.40148,18.628,-16.4908
1.52644,371.588,0.00105084,2.94686,1.57005,18.0362,-15.9669
1.52644,371.588,0.00105103,2.97634,1.73241,17.3732,-15.38
1.52644,371.588,0.00105121,2.99408,1.88794,16.6416,-14.7323
1.52644,371.588,0.0010514,3,2.03602,15.8444,-14.0266
1.52644,371.588,0.00105159,2.99408,2.17606,14.9846,-13.2654
1.52644,371.588,0.00105178,2.97634,2.30752,14.0657,-12.4519
1.52644,371.588,0.00105196,2.94686,2.42987,13.0913,-11.5893
1.52644,371.588,0.00105215,2.90575,2.54263,12.0652,-10.681
1.52644,371.588,0.00105234,2.85317,2.64535,10.9915,-9.73044
1.52644,371.588,0.00105252,2.78933,2.73763,9.87442,-8.74153
1.52644,371.588,0.00105271,2.71448,2.81911,8.71837,-7.71811
1.52644,371.588,0.0010529,2.62892,2.88947,7.52792,-6.66424
1.52644,371.588,0.00105308,2.53298,2.94842,6.30775,-5.58406
1.52644,371.588,0.00105327,2.42705,2.99573,5.06269,-4.48185
1.52644,371.588,0.00105346,2.31154,3.03123,3.79765,-3.36195
1.52644,371.588,0.00105364,2.18691,3.05476,2.51763,-2.22878
1.52644,371.588,0.00105383,2.05364,3.06623,1.22767,-1.08681
1.52644,371.588,0.00105402,1.91227,3.0656,-0.0671422,0.0594391
1.52644,371.588,0.00105421,1.76336,3.05288,-1.36168,1.20546
1.52644,371.588,0.00105439,1.60748,3.0281,-2.65085,2.34672
1.52644,371.588,0.00105458,1.44526,2.99138,-3.92956,3.47872
1.52644,371.588,0.00105477,1.27734,2.94285,-5.19276,4.59699
1.52644,371.588,0.00105495,1.10437,2.8827,-6.43546,5.69712
1.52644,371.588,0.00105514,0.927051,2.81118,-7.65277,6.77477
1.52644,371.588,0.00105533,0.74607,2.72856,-8.83988,7.82568
1.52644,371.588,0.00105551,0.562144,2.63518,-9.9921,8.8457
1.52644,371.588,0.0010557,0.376,2.5314,-11.1049,9.83081
1.52644,371.588,0.00105589,0.188372,2.41762,-12.1738,10.7771
1.52644,371.588,0.00105607,-9.70417e-014,2.29431,-13.1948,11.6809
1.52644,371.588,0.00105626,-0.188372,2.16194,-14.1636,12.5386
1.52644,371.588,0.00105645,-0.376,2.02103,-15.0765,13.3468
1.52644,371.588,0.00105664,-0.562144,1.87216,-15.93,14.1023
1.52644,371.588,0.00105682,-0.74607,1.71589,-16.7206,14.8022
1.52644,371.588,0.00105701,-0.927051,1.55285,-17.4451,15.4437
1.52644,371.588,0.0010572,-1.10437,1.38368,-18.1009,16.0242
1.52644,371.588,0.00105738,-1.27734,1.20906,-18.6852,16.5414
1.52644,371.588,0.00105757,-1.44526,1.02966,-19.1957,16.9934
1.52644,371.588,0.00105776,-1.60748,0.846193,-19.6305,17.3783
1.52644,371.588,0.00105794,-1.76336,0.659391,-19.9879,17.6947
1.52644,371.588,0.00105813,-1.91227,0.469986,-20.2663,17.9412
1.52644,371.588,0.00105832,-2.05364,0.278726,-20.4648,18.1169
1.52644,371.588,0.0010585,-2.18691,0.0863666,-20.5825,18.2211
1.52644,371.588,0.00105869,-2.31154,-0.106334,-20.619,18.2533
1.52644,371.588,0.00105888,-2.42705,-0.298615,-20.5741,18.2136
1.52644,371.588,0.00105907,-2.53298,-0.489717,-20.448,18.102
1.52644,371.588,0.00105925,-2.62892,-0.678887,-20.2412,17.9189
1.52644,371.588,0.00105944,-2.71448,-0.865377,-19.9545,17.6651
1.52644,371.588,0.00105963,-2.78933,-1.04845,-19.589,17.3416
1.52644,371.588,0.00105981,-2.85317,-1.22739,-19.1463,16.9496
1.52644,371.588,0.00106,-2.90575,-1.40148,-18.628,16.4908
1.52644,371.588,0.00106019,-2.94686,-1.57005,-18.0362,15.9669
1.52644,371.588,0.00106037,-2.97634,-1.73241,-17.3732,15.38
1.52644,371.588,0.00106056,-2.99408,-1.88794,-16.6416,14.7323
1.52644,371.588,0.00106075,-3,-2.03602,-15.8444,14.0266
1.52644,371.588,0.00106093,-2.99408,-2.17606,-14.9846,13.2654
1.52644,371.588,0.00106112,-2.97634,-2.30752,-14.0657,12.4519
1.52644,371.588,0.00106131,-2.94686,-2.42987,-13.0913,11.5893
1.52644,371.588,0.0010615,-2.90575,-2.54263,-12.0652,10.681
1.52644,371.588,0.00106168,-2.85317,-2.64535,-10.9915,9.73044
1.52644,371.588,0.00106187,-2.78933,-2.73763,-9.87442,8.74153
1.52644,371.588,0.00106206,-2.71448,-2.81911,-8.71837,7.71811
1.52644,371.588,0.00106224,-2.62892,-2.88947,-7.52792,6.66424
1.52644,371.588,0.00106243,-2.53298,-2.94842,-6.30775,5.58406
1.52644,371.588,0.00106262,-2.42705,-2.99573,-5.06269,4.48185
1.52644,371.588,0.0010628,-2.31154,-3.03123,-3.79765,3.36195
1.52644,371.588,0.00106299,-2.18691,-3.05476,-2.51763,2.22878
1.52644,371.588,0.00106318,-2.05364,-3.06623,-1.22767,1.08682
1.52644,371.588,0.00106336,-1.91227,-3.0656,0.067142,-0.0594388
1.52644,371.588,0.00106355,-1.76336,-3.05288,1.36168,-1.20546
1.52644,371.588,0.00106374,-1.60748,-3.0281,2.65085,-2.34672
1.52644,371.588,0.00106393,-1.44526,-2.99138,3.92956,-3.47872
1.52644,371.588,0.00106411,-1.27734,-2.94285,5.19276,-4.59699
1.52644,371.588,0.0010643,-1.10437,-2.8827,6.43546,-5.69712
1.52644,371.588,0.00106449,-0.927051,-2.81118,7.65277,-6.77477
1.52644,371.588,0.00106467,-0.74607,-2.72856,8.83988,-7.82567
1.52644,371.588,0.00106486,-0.562144,-2.63518,9.9921,-8.8457
1.52644,371.588,0.00106505,-0.376,-2.5314,11.1049,-9.83081
1.52644,371.588,0.00106523,-0.188372,-2.41762,12.1738,-10.7771
1.52644,371.588,0.00106542,6.46999e-014,-2.29431,13.1948,-11.6809
1.52644,371.588,0.00106561,0.188372,-2.16194,14.1636,-12.5386
1.52644,371.588,0.00106579,0.376,-2.02103,15.0765,-13.3468
1.52644,371.588,0.00106598,0.562144,-1.87216,15.93,-14.1023
1.52644,371.588,0.00106617,0.74607,-1.71589,16.7206,-14.8022
1.52644,371.588,0.00106636,0.927051,-1.55285,17.4451,-15.4437
1.52644,371.588,0.00106654,1.10437,-1.38368,18.1009,-16.0242
1.52644,371.588,0.00106673,1.27734,-1.20906,18.6852,-16.5414
1.52644,371.588,0.00106692,1.44526,-1.02966,19.1957,-16.9934
1.52644,371.588,0.0010671,1.60748,-0.846193,19.6305,-17.3783
1.52644,371.588,0.00106729,1.76336,-0.659391,19.9879,-17.6947
1.52644,371.588,0.00106748,1.91227,-0.469986,20.2663,-17.9412
1.52644,371.588,0.00106766,2.05364,-0.278726,20.4648,-18.1169
1.52644,371.588,0.00106785,2.18691,-0.0863667,20.5825,-18.2211
1.52644,371.588,0.00106804,2.31154,0.106334,20.619,-18.2533
1.52644,371.588,0.00106822,2.42705,0.298615,20.5741,-18.2136
1.52644,371.588,0.00106841,2.53298,0.489717,20.448,-18.102
1.52644,371.588,0.0010686,2.62892,0.678887,20.2412,-17.9189
1.52644,371.588,0.00106879,2.71448,0.865377,19.9545,-17.6651
1.52644,371.588,0.00106897,2.78933,1.04845,19.589,-17.3416
1.52644,371.588,0.00106916,2.85317,1.22739,19.1463,-16.9496
1.52644,371.588,0.00106935,2.90575,1.40148,18.628,-16.4908
1.52644,371.588,0.00106953,2.94686,1.57005,18.0362,-15.9669
1.52644,371.588,0.00106972,2.97634,1.73241,17.3732,-15.38
1.52644,371.588,0.00106991,2.99408,1.88794,16.6416,-14.7323
1.52644,371.588,0.00107009,3,2.03602,15.8444,-14.0266
1.52644,371.588,0.00107028,2.99408,2.17606,14.9846,-13.2654
1.52644,371.588,0.00107047,2.97634,2.30752,14.0657,-12.4519
1.52644,371.588,0.00107065,2.94686,2.42987,13.0913,-11.5893
1.52644,371.588,0.00107084,2.90575,2.54263,12.0652,-10.681
1.52644,371.588,0.00107103,2.85317,2.64535,10.9915,-9.73044
1.52644,371.588,0.00107121,2.78933,2.73763,9.87442,-8.74153
1.52644,371.588,0.0010714,2.71448,2.81911,8.71837,-7.71811
1.52644,371.588,0.00107159,2.62892,2.88947,7.52792,-6.66424
1.52644,371.588,0.00107178,2.53298,2.94842,6.30775,-5.58406
1.52644,371.588,0.00107196,2.42705,2.99573,5.06269,-4.48185
1.52644,371.588,0.00107215,2.31154,3.03123,3.79765,-3.36195
1.52644,371.588,0.00107234,2.18691,3.05476,2.51763,-2.22878
1.52644,371.588,0.00107252,2.05364,3.06623,1.22767,-1.08682
1.52644,371.588,0.00107271,1.91227,3.0656,-0.0671418,0.0594386
1.52644,371.588,0.0010729,1.76336,3.05288,-1.36168,1.20546
1.52644,371.588,0.00107308,1.60748,3.0281,-2.65085,2.34672
1.52644,371.588,0.00107327,1.44526,2.99138,-3.92956,3.47872
1.52644,371.588,0.00107346,1.27734,2.94285,-5.19276,4.59699
1.52644,371.588,0.00107364,1.10437,2.8827,-6.43546,5.69712
1.52644,371.588,0.00107383,0.927051,2.81118,-7.65277,6.77477
1.52644,371.588,0.00107402,0.74607,2.72856,-8.83988,7.82567
1.52644,371.588,0.00107421,0.562144,2.63518,-9.9921,8.8457
1.52644,371.588,0.00107439,0.376,2.5314,-11.1049,9.83081
1.52644,371.588,0.00107458,0.188372,2.41762,-12.1738,10.7771
1.52644,371.588,0.00107477,-3.23581e-014,2.29431,-13.1948,11.6809
1.52644,371.588,0.00107495,-0.188372,2.16194,-14.1636,12.5386
1.52644,371.588,0.00107514,-0.376,2.02103,-15.0765,13.3468
1.52644,371.588,0.00107533,-0.562144,1.87216,-15.93,14.1023
1.52644,371.588,0.00107551,-0.74607,1.71589,-16.7206,14.8022
1.52644,371.588,0.0010757,-0.927051,1.55285,-17.4451,15.4437
1.52644,371.588,0.00107589,-1.10437,1.38368,-18.1009,16.0242
1.52644,371.588,0.00107607,-1.27734,1.20906,-18.6852,16.5414
1.52644,371.588,0.00107626,-1.44526,1.02966,-19.1957,16.9934
1.52644,371.588,0.00107645,-1.60748,0.846193,-19.6305,17.3783
1.52644,371.588,0.00107664,-1.76336,0.659391,-19.9879,17.6947
1.52644,371.588,0.00107682,-1.91227,0.469986,-20.2663,17.9412
1.52644,371.588,0.00107701,-2.05364,0.278726,-20.4648,18.1169
1.52644,371.588,0.0010772,-2.18691,0.0863667,-20.5825,18.2211
1.52644,371.588,0.00107738,-2.31154,-0.106334,-20.619,18.2533
1.52644,371.588,0.00107757,-2.42705,-0.298615,-20.5741,18.2136
1.52644,371.588,0.00107776,-2.53298,-0.489717,-20.448,18.102
1.52644,371.588,0.00107794,-2.62892,-0.678887,-20.2412,17.9189
1.52644,371.588,0.00107813,-2.71448,-0.865377,-19.9545,17.6651
1.52644,371.588,0.00107832,-2.78933,-1.04845,-19.589,17.3416
1.52644,371.588,0.0010785,-2.85317,-1.22739,-19.1463,16.9496
1.52644,371.588,0.00107869,-2.90575,-1.40148,-18.628,16.4908
1.52644,371.588,0.00107888,-2.94686,-1.57005,-18.0362,15.9669
1.52644,371.588,0.00107907,-2.97634,-1.73241,-17.3732,15.38
1.52644,371.588,0.00107925,-2.99408,-1.88794,-16.6416,14.7323
1.52644,371.588,0.00107944,-3,-2.03602,-15.8444,14.0266
1.52644,371.588,0.00107963,-2.99408,-2.17606,-14.9846,13.2654
1.52644,371.588,0.00107981,-2.97634,-2.30752,-14.0657,12.4519
1.52644,371.588,0.00108,-2.94686,-2.42987,-13.0913,11.5893
1.52644,371.588,0.00108019,-2.90575,-2.54263,-12.0652,10.681
1.52644,371.588,0.00108037,-2.85317,-2.64535,-10.9915,9.73044
1.52644,371.588,0.00108056,-2.78933,-2.73763,-9.87442,8.74153
1.52644,371.588,0.00108075,-2.71448,-2.81911,-8.71837,7.71811
1.52644,371.588,0.00108093,-2.62892,-2.88947,-7.52792,6.66424
1.52644,371.588,0.00108112,-2.53298,-2.94842,-6.30775,5.58406
1.52644,371.588,0.00108131,-2.42705,-2.99573,-5.06269,4.48185
1.52644,371.588,0.0010815,-2.31154,-3.03123,-3.79766,3.36195
1.52644,371.588,0.00108168,-2.18691,-3.05476,-2.51763,2.22878
1.52644,371.588,0.00108187,-2.05364,-3.06623,-1.22767,1.08682
1.52644,371.588,0.00108206,-1.91227,-3.0656,0.0671415,-0.0594384
1.52644,371.588,0.00108224,-1.76336,-3.05288,1.36168,-1.20546
1.52644,371.588,0.00108243,-1.60748,-3.0281,2.65085,-2.34672
1.52644,371.588,0.00108262,-1.44526,-2.99138,3.92956,-3.47872
1.52644,371.588,0.0010828,-1.27734,-2.94285,5.19276,-4.59699
1.52644,371.588,0.00108299,-1.10437,-2.8827,6.43546,-5.69712
1.52644,371.588,0.00108318,-0.927051,-2.81118,7.65277,-6.77477
1.52644,371.588,0.00108336,-0.74607,-2.72856,8.83988,-7.82567
1.52644,371.588,0.00108355,-0.562144,-2.63518,9.99209,-8.8457
1.52644,371.588,0.00108374,-0.376,-2.5314,11.1049,-9.83081
1.52644,371.588,0.00108393,-0.188372,-2.41762,12.1738,-10.7771
1.52644,371.588,0.00108411,1.6263e-017,-2.29431,13.1948,-11.6809
1.52644,371.588,0.0010843,0.188372,-2.16194,14.1636,-12.5386
1.52644,371.588,0.00108449,0.376,-2.02103,15.0765,-13.3468
1.52644,371.588,0.00108467,0.562144,-1.87216,15.93,-14.1023
1.52644,371.588,0.00108486,0.74607,-1.71589,16.7206,-14.8022
1.52644,371.588,0.00108505,0.927051,-1.55285,17.4451,-15.4437
1.52644,371.588,0.00108523,1.10437,-1.38368,18.1009,-16.0242
1.52644,371.588,0.00108542,1.27734,-1.20906,18.6852,-16.5414
1.52644,371.588,0.00108561,1.44526,-1.02966,19.1957,-16.9934
1.52644,371.588,0.00108579,1.60748,-0.846194,19.6305,-17.3783
1.52644,371.588,0.00108598,1.76336,-0.659391,19.9879,-17.6947
1.52644,371.588,0.00108617,1.91227,-0.469986,20.2663,-17.9412
1.52644,371.588,0.00108636,2.05364,-0.278726,20.4648,-18.1169
1.52644,371.588,0.00108654,2.18691,-0.0863667,20.5825,-18.2211
1.52644,371.588,0.00108673,2.31154,0.106334,20.619,-18.2533
1.52644,371.588,0.00108692,2.42705,0.298615,20.5741,-18.2136
1.52644,371.588,0.0010871,2.53298,0.489717,20.448,-18.102
1.52644,371.588,0.00108729,2.62892,0.678887,20.2412,-17.9189
1.52644,371.588,0.00108748,2.71448,0.865377,19.9545,-17.6651
1.52644,371.588,0.00108766,2.78933,1.04845,19.589,-17.3416
1.52644,371.588,0.00108785,2.85317,1.22739,19.1463,-16.9496
1.52644,371.588,0.00108804,2.90575,1.40148,18.628,-16.4908
1.52644,371.588,0.00108822,2.94686,1.57005,18.0362,-15.9669
1.52644,371.588,0.00108841,2.97634,1.73241,17.3732,-15.38
1.52644,371.588,0.0010886,2.99408,1.88794,16.6416,-14.7323
1.52644,371.588,0.00108879,3,2.03602,15.8444,-14.0266
1.52644,371.588,0.00108897,2.99408,2.17606,14.9846,-13.2654
1.52644,371.588,0.00108916,2.97634,2.30752,14.0657,-12.4519
1.52644,371.588,0.00108935,2.94686,2.42987,13.0913,-11.5893
1.52644,371.588,0.00108953,2.90575,2.54263,12.0652,-10.681
1.52644,371.588,0.00108972,2.85317,2.64535,10.9915,-9.73044
1.52644,371.588,0.00108991,2.78933,2.73763,9.87442,-8.74153
1.52644,371.588,0.00109009,2.71448,2.81911,8.71837,-7.71811
1.52644,371.588,0.00109028,2.62892,2.88947,7.52792,-6.66424
1.52644,371.588,0.00109047,2.53298,2.94842,6.30775,-5.58406
1.52644,371.588,0.00109065,2.42705,2.99573,5.06269,-4.48185
1.52644,371.588,0.00109084,2.31154,3.03123,3.79766,-3.36195
1.52644,371.588,0.00109103,2.18691,3.05476,2.51763,-2.22878
1.52644,371.588,0.00109121,2.05364,3.06623,1.22767,-1.08682
1.52644,371.588,0.0010914,1.91227,3.0656,-0.0671414,0.0594382
1.52644,371.588,0.00109159,1.76336,3.05288,-1.36168,1.20546
1.52644,371.588,0.00109178,1.60748,3.0281,-2.65085,2.34672
1.52644,371.588,0.00109196,1.44526,2.99138,-3.92956,3.47872
1.52644,371.588,0.00109215,1.27734,2.94285,-5.19276,4.59699
1.52644,371.588,0.00109234,1.10437,2.8827,-6.43546,5.69712
1.52644,371.588,0.00109252,0.927051,2.81118,-7.65277,6.77477
1.52644,371.588,0.00109271,0.74607,2.72856,-8.83988,7.82567
1.52644,371.588,0.0010929,0.562144,2.63518,-9.99209,8.8457
1.52644,371.588,0.00109308,0.376,2.5314,-11.1049,9.83081
1.52644,371.588,0.00109327,0.188372,2.41762,-12.1738,10.7771
1.52644,371.588,0.00109346,3.23255e-014,2.29431,-13.1948,11.6809
1.52644,371.588,0.00109364,-0.188372,2.16194,-14.1636,12.5386
1.52644,371.588,0.00109383,-0.376,2.02103,-15.0765,13.3468
1.52644,371.588,0.00109402,-0.562144,1.87216,-15.93,14.1023
1.52644,371.588,0.00109421,-0.74607,1.71589,-16.7206,14.8022
1.52644,371.588,0.00109439,-0.927051,1.55285,-17.4451,15.4437
1.52644,371.588,0.00109458,-1.10437,1.38368,-18.1009,16.0242
1.52644,371.588,0.00109477,-1.27734,1.20906,-18.6852,16.5414
1.52644,371.588,0.00109495,-1.44526,1.02966,-19.1957,16.9934
1.52644,371.588,0.00109514,-1.60748,0.846194,-19.6305,17.3783
1.52644,371.588,0.00109533,-1.76336,0.659391,-19.9879,17.6947
1.52644,371.588,0.00109551,-1.91227,0.469986,-20.2663,17.9412
1.52644,371.588,0.0010957,-2.05364,0.278726,-20.4648,18.1169
1.52644,371.588,0.00109589,-2.18691,0.0863668,-20.5825,18.2211
1.52644,371.588,0.00109607,-2.31154,-0.106334,-20.619,18.2533
1.52644,371.588,0.00109626,-2.42705,-0.298615,-20.5741,18.2136
1.52644,371.588,0.00109645,-2.53298,-0.489717,-20.448,18.102
1.52644,371.588,0.00109664,-2.62892,-0.678887,-20.2412,17.9189
1.52644,371.588,0.00109682,-2.71448,-0.865377,-19.9545,17.6651
1.52644,371.588,0.00109701,-2.78933,-1.04845,-19.589,17.3416
1.52644,371.588,0.0010972,-2.85317,-1.22739,-19.1463,16.9496
1.52644,371.588,0.00109738,-2.90575,-1.40148,-18.628,16.4908
1.52644,371.588,0.00109757,-2.94686,-1.57005,-18.0362,15.9669
1.52644,371.588,0.00109776,-2.97634,-1.73241,-17.3732,15.38
1.52644,371.588,0.00109794,-2.99408,-1.88794,-16.6416,14.7323
1.52644,371.588,0.00109813,-3,-2.03602,-15.8444,14.0266
1.52644,371.588,0.00109832,-2.99408,-2.17606,-14.9846,13.2654
1.52644,371.588,0.0010985,-2.97634,-2.30752,-14.0657,12.4519
1.52644,371.588,0.00109869,-2.94686,-2.42987,-13.0913,11.5893
1.52644,371.588,0.00109888,-2.90575,-2.54263,-12.0652,10.681
1.52644,371.588,0.00109907,-2.85317,-2.64535,-10.9915,9.73044
1.52644,371.588,0.00109925,-2.78933,-2.73763,-9.87442,8.74153
1.52644,371.588,0.00109944,-2.71448,-2.81911,-8.71837,7.71811
1.52644,371.588,0.00109963,-2.62892,-2.88947,-7.52792,6.66424
1.52644,371.588,0.00109981,-2.53298,-2.94842,-6.30775,5.58406
1.52644,371.588,0.0011,-2.42705,-2.99573,-5.06269,4.48185
1.52644,371.588,0.00110019,-2.31154,-3.03123,-3.79766,3.36195
1.52644,371.588,0.00110037,-2.18691,-3.05476,-2.51763,2.22878
1.52644,371.588,0.00110056,-2.05364,-3.06623,-1.22767,1.08682
1.52644,371.588,0.00110075,-1.91227,-3.0656,0.0671412,-0.059438
1.52644,371.588,0.00110093,-1.76336,-3.05288,1.36168,-1.20546
1.52644,371.588,0.00110112,-1.60748,-3.0281,2.65085,-2.34672
1.52644,371.588,0.00110131,-1.44526,-2.99138,3.92956,-3.47872
1.52644,371.588,0.0011015,-1.27734,-2.94285,5.19276,-4.59699
1.52644,371.588,0.00110168,-1.10437,-2.8827,6.43546,-5.69712
1.52644,371.588,0.00110187,-0.927051,-2.81118,7.65277,-6.77477
1.52644,371.588,0.00110206,-0.74607,-2.72856,8.83988,-7.82567
1.52644,371.588,0.00110224,-0.562144,-2.63518,9.99209,-8.8457
1.52644,371.588,0.00110243,-0.376,-2.5314,11.1049,-9.83081
1.52644,371.588,0.00110262,-0.188372,-2.41762,12.1738,-10.7771
1.52644,371.588,0.0011028,-6.46673e-014,-2.29431,13.1948,-11.6809
1.52644,371.588,0.00110299,0.188372,-2.16194,14.1636,-12.5386
1.52644,371.588,0.00110318,0.376,-2.02103,15.0765,-13.3468
1.52644,371.588,0.00110336,0.562144,-1.87216,15.93,-14.1023
1.52644,371.588,0.00110355,0.74607,-1.71589,16.7206,-14.8022
1.52644,371.588,0.00110374,0.927051,-1.55285,17.4451,-15.4437
1.52644,371.588,0.00110393,1.10437,-1.38368,18.1009,-16.0242
1.52644,371.588,0.00110411,1.27734,-1.20906,18.6852,-16.5414
1.52644,371.588,0.0011043,1.44526,-1.02966,19.1957,-16.9934
1.52644,371.588,0.00110449,1.60748,-0.846194,19.6305,-17.3783
1.52644,371.588,0.00110467,1.76336,-0.659391,19.9879,-17.6947
1.52644,371.588,0.00110486,1.91227,-0.469986,20.2663,-17.9412
1.52644,371.588,0.00110505,2.05364,-0.278726,20.4648,-18.1169
1.52644,371.588,0.00110523,2.18691,-0.0863668,20.5825,-18.2211
1.52644,371.588,0.00110542,2.31154,0.106334,20.619,-18.2533
1.52644,371.588,0.00110561,2.42705,0.298615,20.5741,-18.2136
1.52644,371.588,0.00110579,2.53298,0.489717,20.448,-18.102
1.52644,371.588,0.00110598,2.62892,0.678887,20.2412,-17.9189
1.52644,371.588,0.00110617,2.71448,0.865377,19.9545,-17.6651
1.52644,371.588,0.00110636,2.78933,1.04845,19.589,-17.3416
1.52644,371.588,0.00110654,2.85317,1.22739,19.1463,-16.9496
1.52644,371.588,0.00110673,2.90575,1.40148,18.628,-16.4908
1.52644,371.588,0.00110692,2.94686,1.57005,18.0362,-15.9669
1.52644,371.588,0.0011071,2.97634,1.73241,17.3732,-15.38
1.52644,371.588,0.00110729,2.99408,1.88794,16.6416,-14.7323
1.52644,371.588,0.00110748,3,2.03602,15.8444,-14.0266
1.52644,371.588,0.00110766,2.99408,2.17606,14.9846,-13.2654
1.52644,371.588,0.00110785,2.97634,2.30752,14.0657,-12.4519
1.52644,371.588,0.00110804,2.94686,2.42987,13.0913,-11.5893
1.52644,371.588,0.00110822,2.90575,2.54263,12.0652,-10.681
1.52644,371.588,0.00110841,2.85317,2.64535,10.9915,-9.73044
1.52644,371.588,0.0011086,2.78933,2.73763,9.87442,-8.74153
1.52644,371.588,0.00110879,2.71448,2.81911,8.71837,-7.71811
1.52644,371.588,0.00110897,2.62892,2.88947,7.52792,-6.66424
1.52644,371.588,0.00110916,2.53298,2.94842,6.30775,-5.58406
1.52644,371.588,0.00110935,2.42705,2.99573,5.06269,-4.48185
1.52644,371.588,0.00110953,2.31154,3.03123,3.79766,-3.36195
1.52644,371.588,0.00110972,2.18691,3.05476,2.51763,-2.22878
1.52644,371.588,0.00110991,2.05364,3.06623,1.22767,-1.08682
1.52644,371.588,0.00111009,1.91227,3.0656,-0.0671411,0.0594379
1.52644,371.588,0.00111028,1.76336,3.05288,-1.36168,1.20546
1.52644,371.588,0.00111047,1.60748,3.0281,-2.65085,2.34672
1.52644,371.588,0.00111065,1.44526,2.99138,-3.92956,3.47872
1.52644,371.588,0.00111084,1.27734,2.94285,-5.19276,4.59699
1.52644,371.588,0.00111103,1.10437,2.8827,-6.43546,5.69712
1.52644,371.588,0.00111121,0.927051,2.81118,-7.65277,6.77477
1.52644,371.588,0.0011114,0.74607,2.72856,-8.83988,7.82567
1.52644,371.588,0.00111159,0.562144,2.63518,-9.99209,8.8457
1.52644,371.588,0.00111178,0.376,2.5314,-11.1049,9.83081
1.52644,371.588,0.00111196,0.188372,2.41762,-12.1738,10.7771
1.52644,371.588,0.00111215,-2.44051e-013,2.29431,-13.1948,11.6809
1.52644,371.588,0.00111234,-0.188372,2.16194,-14.1636,12.5386
1.52644,371.588,0.00111252,-0.376,2.02103,-15.0765,13.3468
1.52644,371.588,0.00111271,-0.562144,1.87216,-15.93,14.1023
1.52644,371.588,0.0011129,-0.74607,1.71589,-16.7206,14.8022
1.52644,371.588,0.00111308,-0.927051,1.55285,-17.4451,15.4437
1.52644,371.588,0.00111327,-1.10437,1.38368,-18.1009,16.0242
1.52644,371.588,0.00111346,-1.27734,1.20906,-18.6852,16.5414
1.52644,371.588,0.00111364,-1.44526,1.02966,-19.1957,16.9934
1.52644,371.588,0.00111383,-1.60748,0.846194,-19.6305,17.3783
1.52644,371.588,0.00111402,-1.76336,0.659391,-19.9879,17.6947
1.52644,371.588,0.00111421,-1.91227,0.469986,-20.2663,17.9412
1.52644,371.588,0.00111439,-2.05364,0.278726,-20.4648,18.1169
1.52644,371.588,0.00111458,-2.18691,0.0863668,-20.5825,18.2211
1.52644,371.588,0.00111477,-2.31154,-0.106334,-20.619,18.2533
1.52644,371.588,0.00111495,-2.42705,-0.298615,-20.5741,18.2136
1.52644,371.588,0.00111514,-2.53298,-0.489717,-20.448,18.102
1.52644,371.588,0.00111533,-2.62892,-0.678887,-20.2412,17.9189
1.52644,371.588,0.00111551,-2.71448,-0.865377,-19.9545,17.6651
1.52644,371.588,0.0011157,-2.78933,-1.04845,-19.589,17.3416
1.52644,371.588,0.00111589,-2.85317,-1.22739,-19.1463,16.9496
1.52644,371.588,0.00111607,-2.90575,-1.40148,-18.628,16.4908
1.52644,371.588,0.00111626,-2.94686,-1.57005,-18.0362,15.9669
1.52644,371.588,0.00111645,-2.97634,-1.73241,-17.3732,15.38
1.52644,371.588,0.00111664,-2.99408,-1.88794,-16.6416,14.7323
1.52644,371.588,0.00111682,-3,-2.03602,-15.8444,14.0266
1.52644,371.588,0.00111701,-2.99408,-2.17606,-14.9846,13.2654
1.52644,371.588,0.0011172,-2.97634,-2.30752,-14.0657,12.4519
1.52644,371.588,0.00111738,-2.94686,-2.42987,-13.0913,11.5893
1.52644,371.588,0.00111757,-2.90575,-2.54263,-12.0652,10.681
1.52644,371.588,0.00111776,-2.85317,-2.64535,-10.9915,9.73044
1.52644,371.588,0.00111794,-2.78933,-2.73763,-9.87442,8.74153
1.52644,371.588,0.00111813,-2.71448,-2.81911,-8.71837,7.71811
1.52644,371.588,0.00111832,-2.62892,-2.88947,-7.52792,6.66424
1.52644,371.588,0.0011185,-2.53298,-2.94842,-6.30775,5.58406
1.52644,371.588,0.00111869,-2.42705,-2.99573,-5.06269,4.48185
1.52644,371.588,0.00111888,-2.31154,-3.03123,-3.79766,3.36195
1.52644,371.588,0.00111907,-2.18691,-3.05476,-2.51763,2.22878
1.52644,371.588,0.00111925,-2.05364,-3.06623,-1.22767,1.08682
1.52644,371.588,0.00111944,-1.91227,-3.0656,0.067141,-0.0594379
1.52644,371.588,0.00111963,-1.76336,-3.05288,1.36168,-1.20546
1.52644,371.588,0.00111981,-1.60748,-3.0281,2.65085,-2.34672
1.52644,371.588,0.00112,-1.44526,-2.99138,3.92956,-3.47872
1.52644,371.588,0.00112019,-1.27734,-2.94285,5.19276,-4.59699
1.52644,371.588,0.00112037,-1.10437,-2.8827,6.43546,-5.69712
1.52644,371.588,0.00112056,-0.927051,-2.81118,7.65277,-6.77477
1.52644,371.588,0.00112075,-0.74607,-2.72856,8.83988,-7.82567
1.52644,371.588,0.00112093,-0.562144,-2.63518,9.99209,-8.8457
1.52644,371.588,0.00112112,-0.376,-2.5314,11.1049,-9.83081
1.52644,371.588,0.00112131,-0.188372,-2.41762,12.1738,-10.7771
