Amp, Phaseshift, Time, Vd, Vr, VL, VC
-0.57538,372.781,0,0,0,0,0
-0.57538,372.781,2.15054e-007,0.188372,0.0020255,0.188372,0
-0.57538,372.781,4.30108e-007,0.376,0.00604673,0.373974,0.000871183
-0.57538,372.781,6.45161e-007,0.562144,0.0120169,0.555226,0.00347193
-0.57538,372.781,8.60215e-007,0.74607,0.0198726,0.730581,0.00864049
-0.57538,372.781,1.07527e-006,0.927051,0.0295343,0.898538,0.0171878
-0.57538,372.781,1.29032e-006,1.10437,0.0409069,1.05765,0.0298908
-0.57538,372.781,1.50538e-006,1.27734,0.0538805,1.20654,0.0474851
-0.57538,372.781,1.72043e-006,1.44526,0.0683309,1.3439,0.0706595
-0.57538,372.781,1.93548e-006,1.60748,0.0841212,1.46849,0.100049
-0.57538,372.781,2.15054e-006,1.76336,0.101102,1.57919,0.13623
-0.57538,372.781,2.36559e-006,1.91227,0.119112,1.67494,0.179715
-0.57538,372.781,2.58065e-006,2.05364,0.137981,1.75481,0.230946
-0.57538,372.781,2.7957e-006,2.18691,0.157529,1.81798,0.290292
-0.57538,372.781,3.01075e-006,2.31154,0.177569,1.86372,0.358047
-0.57538,372.781,3.22581e-006,2.42705,0.197907,1.89144,0.43442
-0.57538,372.781,3.44086e-006,2.53298,0.218344,1.90066,0.519542
-0.57538,372.781,3.65591e-006,2.62892,0.238678,1.89103,0.613453
-0.57538,372.781,3.87097e-006,2.71448,0.258703,1.86235,0.71611
-0.57538,372.781,4.08602e-006,2.78933,0.278214,1.81452,0.82738
-0.57538,372.781,4.30108e-006,2.85317,0.297005,1.74758,0.947042
-0.57538,372.781,4.51613e-006,2.90575,0.314873,1.6617,1.07479
-0.57538,372.781,4.73118e-006,2.94686,0.331617,1.5572,1.21022
-0.57538,372.781,4.94624e-006,2.97634,0.347042,1.43451,1.35285
-0.57538,372.781,5.16129e-006,2.99408,0.360958,1.29419,1.50211
-0.57538,372.781,5.37634e-006,3,0.373183,1.13693,1.65736
-0.57538,372.781,5.5914e-006,2.99408,0.383544,0.963535,1.81787
-0.57538,372.781,5.80645e-006,2.97634,0.391876,0.774929,1.98284
-0.57538,372.781,6.02151e-006,2.94686,0.398028,0.572149,2.15139
-0.57538,372.781,6.23656e-006,2.90575,0.40186,0.356336,2.32258
-0.57538,372.781,6.45161e-006,2.85317,0.403244,0.12873,2.49542
-0.57538,372.781,6.66667e-006,2.78933,0.402068,-0.109337,2.66886
-0.57538,372.781,6.88172e-006,2.71448,0.398236,-0.356448,2.84179
-0.57538,372.781,7.09677e-006,2.62892,0.391664,-0.611109,3.01308
-0.57538,372.781,7.31183e-006,2.53298,0.382291,-0.871759,3.18154
-0.57538,372.781,7.52688e-006,2.42705,0.370067,-1.13678,3.34596
-0.57538,372.781,7.74194e-006,2.31154,0.354965,-1.40449,3.50513
-0.57538,372.781,7.95699e-006,2.18691,0.336974,-1.67319,3.6578
-0.57538,372.781,8.17204e-006,2.05364,0.316102,-1.94114,3.80274
-0.57538,372.781,8.3871e-006,1.91227,0.292375,-2.20657,3.9387
-0.57538,372.781,8.60215e-006,1.76336,0.26584,-2.46772,4.06445
-0.57538,372.781,8.8172e-006,1.60748,0.236563,-2.72281,4.17879
-0.57538,372.781,9.03226e-006,1.44526,0.204626,-2.97009,4.28054
-0.57538,372.781,9.24731e-006,1.27734,0.170134,-3.20783,4.36855
-0.57538,372.781,9.46237e-006,1.10437,0.133206,-3.43431,4.44172
-0.57538,372.781,9.67742e-006,0.927051,0.0939812,-3.64788,4.49902
-0.57538,372.781,9.89247e-006,0.74607,0.0526164,-3.84693,4.53944
-0.57538,372.781,1.01075e-005,0.562144,0.00928398,-4.02991,4.56207
-0.57538,372.781,1.03226e-005,0.376,-0.0358274,-4.19535,4.56606
-0.57538,372.781,1.05376e-005,0.188372,-0.0825141,-4.34186,4.55065
-0.57538,372.781,1.07527e-005,3.67382e-016,-0.130559,-4.46814,4.51516
-0.57538,372.781,1.09677e-005,-0.188372,-0.17973,-4.57298,4.45901
-0.57538,372.781,1.11828e-005,-0.376,-0.229787,-4.65528,4.38171
-0.57538,372.781,1.13978e-005,-0.562144,-0.280476,-4.71406,4.28287
-0.57538,372.781,1.16129e-005,-0.74607,-0.331535,-4.74847,4.16224
-0.57538,372.781,1.1828e-005,-0.927051,-0.382693,-4.75775,4.01964
-0.57538,372.781,1.2043e-005,-1.10437,-0.433675,-4.74132,3.85504
-0.57538,372.781,1.22581e-005,-1.27734,-0.484199,-4.69871,3.66852
-0.57538,372.781,1.24731e-005,-1.44526,-0.533979,-4.62958,3.46026
-0.57538,372.781,1.26882e-005,-1.60748,-0.58273,-4.53376,3.23059
-0.57538,372.781,1.29032e-005,-1.76336,-0.630162,-4.41122,2.97995
-0.57538,372.781,1.31183e-005,-1.91227,-0.675991,-4.26206,2.70892
-0.57538,372.781,1.33333e-005,-2.05364,-0.719932,-4.08657,2.41817
-0.57538,372.781,1.35484e-005,-2.18691,-0.761708,-3.88514,2.10852
-0.57538,372.781,1.37634e-005,-2.31154,-0.801045,-3.65835,1.7809
-0.57538,372.781,1.39785e-005,-2.42705,-0.837678,-3.40691,1.43637
-0.57538,372.781,1.41935e-005,-2.53298,-0.871352,-3.13167,1.07608
-0.57538,372.781,1.44086e-005,-2.62892,-0.901822,-2.83364,0.7013
-0.57538,372.781,1.46237e-005,-2.71448,-0.928853,-2.51396,0.31342
-0.57538,372.781,1.48387e-005,-2.78933,-0.952229,-2.1739,-0.0860871
-0.57538,372.781,1.50538e-005,-2.85317,-0.971743,-1.81485,-0.495648
-0.57538,372.781,1.52688e-005,-2.90575,-0.987209,-1.43836,-0.913602
-0.57538,372.781,1.54839e-005,-2.94686,-0.998457,-1.04605,-1.33821
-0.57538,372.781,1.56989e-005,-2.97634,-1.00534,-0.639679,-1.76765
-0.57538,372.781,1.5914e-005,-2.99408,-1.00771,-0.221093,-2.20005
-0.57538,372.781,1.6129e-005,-3,-1.00548,0.207767,-2.63348
-0.57538,372.781,1.63441e-005,-2.99408,-0.998545,0.644878,-3.06594
-0.57538,372.781,1.65591e-005,-2.97634,-0.986844,1.08814,-3.49542
-0.57538,372.781,1.67742e-005,-2.94686,-0.970334,1.53541,-3.91987
-0.57538,372.781,1.69892e-005,-2.90575,-0.948996,1.98446,-4.33722
-0.57538,372.781,1.72043e-005,-2.85317,-0.922834,2.43305,-4.74539
-0.57538,372.781,1.74194e-005,-2.78933,-0.891878,2.8789,-5.14231
-0.57538,372.781,1.76344e-005,-2.71448,-0.856183,3.31971,-5.52591
-0.57538,372.781,1.78495e-005,-2.62892,-0.815826,3.75318,-5.89416
-0.57538,372.781,1.80645e-005,-2.53298,-0.770912,4.17701,-6.24506
-0.57538,372.781,1.82796e-005,-2.42705,-0.721569,4.58892,-6.57663
-0.57538,372.781,1.84946e-005,-2.31154,-0.667949,4.98666,-6.88698
-0.57538,372.781,1.87097e-005,-2.18691,-0.610228,5.36803,-7.17427
-0.57538,372.781,1.89247e-005,-2.05364,-0.548606,5.73086,-7.43674
-0.57538,372.781,1.91398e-005,-1.91227,-0.483304,6.07307,-7.6727
-0.57538,372.781,1.93548e-005,-1.76336,-0.414566,6.39265,-7.88057
-0.57538,372.781,1.95699e-005,-1.60748,-0.342656,6.68766,-8.05888
-0.57538,372.781,1.97849e-005,-1.44526,-0.267857,6.95627,-8.20626
-0.57538,372.781,2e-005,-1.27734,-0.190472,7.19678,-8.32146
-0.57538,372.781,2.02151e-005,-1.10437,-0.110821,7.40756,-8.40339
-0.57538,372.781,2.04301e-005,-0.927051,-0.0292386,7.58716,-8.45105
-0.57538,372.781,2.06452e-005,-0.74607,0.053925,7.73422,-8.46363
-0.57538,372.781,2.08602e-005,-0.562144,0.138307,7.84756,-8.44043
-0.57538,372.781,2.10753e-005,-0.376,0.223535,7.92613,-8.38095
-0.57538,372.781,2.12903e-005,-0.188372,0.309223,7.96904,-8.2848
-0.57538,372.781,2.15054e-005,-7.34764e-016,0.394982,7.97558,-8.1518
-0.57538,372.781,2.17204e-005,0.188372,0.480414,7.94519,-7.98192
-0.57538,372.781,2.19355e-005,0.376,0.565119,7.87751,-7.77529
-0.57538,372.781,2.21505e-005,0.562144,0.648692,7.77232,-7.53223
-0.57538,372.781,2.23656e-005,0.74607,0.730731,7.62961,-7.25322
-0.57538,372.781,2.25806e-005,0.927051,0.810833,7.44954,-6.93893
-0.57538,372.781,2.27957e-005,1.10437,0.888602,7.23247,-6.59018
-0.57538,372.781,2.30108e-005,1.27734,0.963644,6.97892,-6.20799
-0.57538,372.781,2.32258e-005,1.44526,1.03558,6.68961,-5.79352
-0.57538,372.781,2.34409e-005,1.60748,1.10402,6.36542,-5.34811
-0.57538,372.781,2.36559e-005,1.76336,1.16862,6.00744,-4.87326
-0.57538,372.781,2.3871e-005,1.91227,1.22901,5.61692,-4.37063
-0.57538,372.781,2.4086e-005,2.05364,1.28488,5.19526,-3.84202
-0.57538,372.781,2.43011e-005,2.18691,1.33589,4.74405,-3.28939
-0.57538,372.781,2.45161e-005,2.31154,1.38175,4.26504,-2.71481
-0.57538,372.781,2.47312e-005,2.42705,1.42218,3.76011,-2.12051
-0.57538,372.781,2.49462e-005,2.53298,1.45693,3.23132,-1.50882
-0.57538,372.781,2.51613e-005,2.62892,1.48575,2.68082,-0.882187
-0.57538,372.781,2.53763e-005,2.71448,1.50845,2.11092,-0.243154
-0.57538,372.781,2.55914e-005,2.78933,1.52484,1.52403,0.405642
-0.57538,372.781,2.58065e-005,2.85317,1.53476,0.922691,1.06149
-0.57538,372.781,2.60215e-005,2.90575,1.53809,0.309506,1.7216
-0.57538,372.781,2.62366e-005,2.94686,1.53472,-0.312821,2.38314
-0.57538,372.781,2.64516e-005,2.97634,1.5246,-0.941517,3.04323
-0.57538,372.781,2.66667e-005,2.99408,1.50768,-1.57375,3.69898
-0.57538,372.781,2.68817e-005,3,1.48395,-2.20665,4.34744
-0.57538,372.781,2.70968e-005,2.99408,1.45344,-2.83731,4.9857
-0.57538,372.781,2.73118e-005,2.97634,1.41621,-3.46279,5.61083
-0.57538,372.781,2.75269e-005,2.94686,1.37233,-4.08018,6.21995
-0.57538,372.781,2.77419e-005,2.90575,1.32194,-4.68654,6.8102
-0.57538,372.781,2.7957e-005,2.85317,1.26518,-5.27897,7.37878
-0.57538,372.781,2.8172e-005,2.78933,1.20222,-5.85463,7.92294
-0.57538,372.781,2.83871e-005,2.71448,1.13329,-6.41069,8.44003
-0.57538,372.781,2.86022e-005,2.62892,1.05862,-6.9444,8.92747
-0.57538,372.781,2.88172e-005,2.53298,0.97848,-7.4531,9.38279
-0.57538,372.781,2.90323e-005,2.42705,0.893166,-7.93422,9.80364
-0.57538,372.781,2.92473e-005,2.31154,0.803002,-8.38527,10.1878
-0.57538,372.781,2.94624e-005,2.18691,0.708336,-8.80389,10.5332
-0.57538,372.781,2.96774e-005,2.05364,0.609542,-9.18787,10.8378
-0.57538,372.781,2.98925e-005,1.91227,0.507014,-9.5351,11.1
-0.57538,372.781,3.01075e-005,1.76336,0.401168,-9.84366,11.3181
-0.57538,372.781,3.03226e-005,1.60748,0.29244,-10.1118,11.4906
-0.57538,372.781,3.05376e-005,1.44526,0.181281,-10.3378,11.6164
-0.57538,372.781,3.07527e-005,1.27734,0.0681587,-10.5203,11.6944
-0.57538,372.781,3.09677e-005,1.10437,-0.0464452,-10.6582,11.7237
-0.57538,372.781,3.11828e-005,0.927051,-0.162039,-10.7502,11.7037
-0.57538,372.781,3.13978e-005,0.74607,-0.27812,-10.7956,11.634
-0.57538,372.781,3.16129e-005,0.562144,-0.394182,-10.7938,11.5144
-0.57538,372.781,3.1828e-005,0.376,-0.509711,-10.7442,11.3449
-0.57538,372.781,3.2043e-005,0.188372,-0.624193,-10.6468,11.1256
-0.57538,372.781,3.22581e-005,6.43122e-015,-0.737111,-10.5014,10.8572
-0.57538,372.781,3.24731e-005,-0.188372,-0.847954,-10.3084,10.5401
-0.57538,372.781,3.26882e-005,-0.376,-0.956214,-10.0682,10.1754
-0.57538,372.781,3.29032e-005,-0.562144,-1.06139,-9.78133,9.76413
-0.57538,372.781,3.31183e-005,-0.74607,-1.16299,-9.44881,9.30762
-0.57538,372.781,3.33333e-005,-0.927051,-1.26053,-9.07168,8.80741
-0.57538,372.781,3.35484e-005,-1.10437,-1.35356,-8.65124,8.26524
-0.57538,372.781,3.37634e-005,-1.27734,-1.44161,-8.18902,7.68306
-0.57538,372.781,3.39785e-005,-1.44526,-1.52427,-7.68671,7.06302
-0.57538,372.781,3.41935e-005,-1.60748,-1.60111,-7.14623,6.40742
-0.57538,372.781,3.44086e-005,-1.76336,-1.67175,-6.56967,5.71877
-0.57538,372.781,3.46237e-005,-1.91227,-1.73583,-5.95929,4.99974
-0.57538,372.781,3.48387e-005,-2.05364,-1.793,-5.31755,4.25315
-0.57538,372.781,3.50538e-005,-2.18691,-1.84297,-4.64705,3.48196
-0.57538,372.781,3.52688e-005,-2.31154,-1.88545,-3.95053,2.68928
-0.57538,372.781,3.54839e-005,-2.42705,-1.92019,-3.23088,1.87834
-0.57538,372.781,3.56989e-005,-2.53298,-1.94698,-2.49113,1.05245
-0.57538,372.781,3.5914e-005,-2.62892,-1.96563,-1.73439,0.215037
-0.57538,372.781,3.6129e-005,-2.71448,-1.97599,-0.96389,-0.630394
-0.57538,372.781,3.63441e-005,-2.78933,-1.97796,-0.182942,-1.48028
-0.57538,372.781,3.65591e-005,-2.85317,-1.97145,0.605074,-2.33102
-0.57538,372.781,3.67742e-005,-2.90575,-1.95644,1.39672,-3.17896
-0.57538,372.781,3.69892e-005,-2.94686,-1.9329,2.18853,-4.02043
-0.57538,372.781,3.72043e-005,-2.97634,-1.90089,2.97699,-4.85179
-0.57538,372.781,3.74194e-005,-2.99408,-1.86048,3.7586,-5.66938
-0.57538,372.781,3.76344e-005,-3,-1.81177,4.52985,-6.46958
-0.57538,372.781,3.78495e-005,-2.99408,-1.75492,5.28727,-7.24884
-0.57538,372.781,3.80645e-005,-2.97634,-1.69011,6.02741,-8.00364
-0.57538,372.781,3.82796e-005,-2.94686,-1.61756,6.74688,-8.73057
-0.57538,372.781,3.84946e-005,-2.90575,-1.53753,7.44238,-9.42629
-0.57538,372.781,3.87097e-005,-2.85317,-1.45032,8.11065,-10.0876
-0.57538,372.781,3.89247e-005,-2.78933,-1.35625,8.74859,-10.7114
-0.57538,372.781,3.91398e-005,-2.71448,-1.25568,9.35316,-11.2947
-0.57538,372.781,3.93548e-005,-2.62892,-1.149,9.92148,-11.8348
-0.57538,372.781,3.95699e-005,-2.53298,-1.03662,10.4508,-12.329
-0.57538,372.781,3.97849e-005,-2.42705,-0.919003,10.9386,-12.7749
-0.57538,372.781,4e-005,-2.31154,-0.796613,11.3823,-13.1701
-0.57538,372.781,4.02151e-005,-2.18691,-0.669948,11.7798,-13.5128
-0.57538,372.781,4.04301e-005,-2.05364,-0.539528,12.1291,-13.8009
-0.57538,372.781,4.06452e-005,-1.91227,-0.405892,12.4282,-14.033
-0.57538,372.781,4.08602e-005,-1.76336,-0.269596,12.6755,-14.2075
-0.57538,372.781,4.10753e-005,-1.60748,-0.131213,12.8696,-14.3235
-0.57538,372.781,4.12903e-005,-1.44526,0.00867367,13.0094,-14.3799
-0.57538,372.781,4.15054e-005,-1.27734,0.149468,13.0939,-14.3762
-0.57538,372.781,4.17204e-005,-1.10437,0.290569,13.1224,-14.3119
-0.57538,372.781,4.19355e-005,-0.927051,0.431368,13.0943,-14.1869
-0.57538,372.781,4.21505e-005,-0.74607,0.571255,13.0095,-14.0014
-0.57538,372.781,4.23656e-005,-0.562144,0.70962,12.868,-13.7557
-0.57538,372.781,4.25806e-005,-0.376,0.845858,12.6701,-13.4505
-0.57538,372.781,4.27957e-005,-0.188372,0.979366,12.4163,-13.0867
-0.57538,372.781,4.30108e-005,-1.46953e-015,1.10955,12.1073,-12.6654
-0.57538,372.781,4.32258e-005,0.188372,1.23583,11.7443,-12.1882
-0.57538,372.781,4.34409e-005,0.376,1.35764,11.3284,-11.6567
-0.57538,372.781,4.36559e-005,0.562144,1.47443,10.8612,-11.0727
-0.57538,372.781,4.3871e-005,0.74607,1.58566,10.3444,-10.4386
-0.57538,372.781,4.4086e-005,0.927051,1.69082,9.77996,-9.75657
-0.57538,372.781,4.43011e-005,1.10437,1.78943,9.17012,-9.02933
-0.57538,372.781,4.45161e-005,1.27734,1.88101,8.51725,-8.25969
-0.57538,372.781,4.47312e-005,1.44526,1.96514,7.82394,-7.45065
-0.57538,372.781,4.49462e-005,1.60748,2.04141,7.09299,-6.60543
-0.57538,372.781,4.51613e-005,1.76336,2.10944,6.32738,-5.72741
-0.57538,372.781,4.53763e-005,1.91227,2.16891,5.53024,-4.82012
-0.57538,372.781,4.55914e-005,2.05364,2.2195,4.70485,-3.88726
-0.57538,372.781,4.58065e-005,2.18691,2.26095,3.85467,-2.93263
-0.57538,372.781,4.60215e-005,2.31154,2.29302,2.98323,-1.96018
-0.57538,372.781,4.62366e-005,2.42705,2.31554,2.09421,-0.973938
-0.57538,372.781,4.64516e-005,2.53298,2.32835,1.19138,0.0219934
-0.57538,372.781,4.66667e-005,2.62892,2.33135,0.278575,1.02344
-0.57538,372.781,4.68817e-005,2.71448,2.32446,-0.640301,2.02617
-0.57538,372.781,4.70968e-005,2.78933,2.30767,-1.5613,3.02593
-0.57538,372.781,4.73118e-005,2.85317,2.281,-2.48044,4.01848
-0.57538,372.781,4.75269e-005,2.90575,2.24451,-3.39374,4.99956
-0.57538,372.781,4.77419e-005,2.94686,2.1983,-4.29721,5.96494
-0.57538,372.781,4.7957e-005,2.97634,2.14253,-5.1869,6.91045
-0.57538,372.781,4.8172e-005,2.99408,2.07738,-6.0589,7.83197
-0.57538,372.781,4.83871e-005,3,2.00309,-6.90935,8.72546
-0.57538,372.781,4.86022e-005,2.99408,1.91992,-7.73447,9.58701
-0.57538,372.781,4.88172e-005,2.97634,1.82819,-8.53058,10.4128
-0.57538,372.781,4.90323e-005,2.94686,1.72826,-9.29411,11.1991
-0.57538,372.781,4.92473e-005,2.90575,1.6205,-10.0216,11.9424
-0.57538,372.781,4.94624e-005,2.85317,1.50534,-10.7098,12.6394
-0.57538,372.781,4.96774e-005,2.78933,1.38324,-11.3554,13.2869
-0.57538,372.781,4.98925e-005,2.71448,1.25468,-11.9556,13.8818
-0.57538,372.781,5.01075e-005,2.62892,1.12019,-12.5076,14.4215
-0.57538,372.781,5.03226e-005,2.53298,0.980315,-13.0087,14.9033
-0.57538,372.781,5.05376e-005,2.42705,0.835621,-13.4565,15.3249
-0.57538,372.781,5.07527e-005,2.31154,0.686707,-13.849,15.6843
-0.57538,372.781,5.09677e-005,2.18691,0.534189,-14.1841,15.9797
-0.57538,372.781,5.11828e-005,2.05364,0.378703,-14.4602,16.2094
-0.57538,372.781,5.13978e-005,1.91227,0.220898,-14.6759,16.3723
-0.57538,372.781,5.16129e-005,1.76336,0.0614371,-14.8299,16.4673
-0.57538,372.781,5.1828e-005,1.60748,-0.0990069,-14.9213,16.4938
-0.57538,372.781,5.2043e-005,1.44526,-0.259754,-14.9495,16.4512
-0.57538,372.781,5.22581e-005,1.27734,-0.420121,-14.9141,16.3395
-0.57538,372.781,5.24731e-005,1.10437,-0.579421,-14.815,16.1588
-0.57538,372.781,5.26882e-005,0.927051,-0.736973,-14.6523,15.9095
-0.57538,372.781,5.29032e-005,0.74607,-0.892096,-14.4265,15.5926
-0.57538,372.781,5.31183e-005,0.562144,-1.04412,-14.1383,15.2089
-0.57538,372.781,5.33333e-005,0.376,-1.19239,-13.7887,14.7598
-0.57538,372.781,5.35484e-005,0.188372,-1.33625,-13.379,14.2469
-0.57538,372.781,5.37634e-005,7.16598e-015,-1.47507,-12.9107,13.6722
-0.57538,372.781,5.39785e-005,-0.188372,-1.60825,-12.3855,13.0378
-0.57538,372.781,5.41935e-005,-0.376,-1.73519,-11.8055,12.346
-0.57538,372.781,5.44086e-005,-0.562144,-1.85533,-11.173,11.5997
-0.57538,372.781,5.46237e-005,-0.74607,-1.96813,-10.4905,10.8017
-0.57538,372.781,5.48387e-005,-0.927051,-2.07308,-9.76065,9.95522
-0.57538,372.781,5.50538e-005,-1.10437,-2.16971,-8.98651,9.06357
-0.57538,372.781,5.52688e-005,-1.27734,-2.25758,-8.1712,8.13036
-0.57538,372.781,5.54839e-005,-1.44526,-2.33626,-7.31805,7.15936
-0.57538,372.781,5.56989e-005,-1.60748,-2.40541,-6.43058,6.15452
-0.57538,372.781,5.5914e-005,-1.76336,-2.46468,-5.51246,5.11993
-0.57538,372.781,5.6129e-005,-1.91227,-2.5138,-4.56752,4.05985
-0.57538,372.781,5.63441e-005,-2.05364,-2.5525,-3.5997,2.97865
-0.57538,372.781,5.65591e-005,-2.18691,-2.5806,-2.61305,1.8808
-0.57538,372.781,5.67742e-005,-2.31154,-2.59793,-1.61174,0.770861
-0.57538,372.781,5.69892e-005,-2.42705,-2.60438,-0.599981,-0.346529
-0.57538,372.781,5.72043e-005,-2.53298,-2.59989,0.417928,-1.46669
-0.57538,372.781,5.74194e-005,-2.62892,-2.58443,1.43766,-2.58493
-0.57538,372.781,5.76344e-005,-2.71448,-2.55803,2.45487,-3.69651
-0.57538,372.781,5.78495e-005,-2.78933,-2.52077,3.46521,-4.79674
-0.57538,372.781,5.80645e-005,-2.85317,-2.47277,4.46434,-5.88094
-0.57538,372.781,5.82796e-005,-2.90575,-2.41419,5.44796,-6.9445
-0.57538,372.781,5.84946e-005,-2.94686,-2.34525,6.41183,-7.98286
-0.57538,372.781,5.87097e-005,-2.97634,-2.26619,7.35176,-8.99157
-0.57538,372.781,5.89247e-005,-2.99408,-2.17734,8.26368,-9.96627
-0.57538,372.781,5.91398e-005,-3,-2.07902,9.14361,-10.9028
-0.57538,372.781,5.93548e-005,-2.99408,-1.97162,9.9877,-11.797
-0.57538,372.781,5.95699e-005,-2.97634,-1.85558,10.7922,-12.645
-0.57538,372.781,5.97849e-005,-2.94686,-1.73135,11.5537,-13.4431
-0.57538,372.781,6e-005,-2.90575,-1.59942,12.2687,-14.1877
-0.57538,372.781,6.02151e-005,-2.85317,-1.46035,12.934,-14.8757
-0.57538,372.781,6.04301e-005,-2.78933,-1.31469,13.5467,-15.5038
-0.57538,372.781,6.06452e-005,-2.71448,-1.16303,14.104,-16.0692
-0.57538,372.781,6.08602e-005,-2.62892,-1.006,14.6033,-16.5695
-0.57538,372.781,6.10753e-005,-2.53298,-0.844258,15.0425,-17.0021
-0.57538,372.781,6.12903e-005,-2.42705,-0.678458,15.4194,-17.3653
-0.57538,372.781,6.15054e-005,-2.31154,-0.509295,15.7322,-17.6571
-0.57538,372.781,6.17204e-005,-2.18691,-0.337473,15.9795,-17.8761
-0.57538,372.781,6.19355e-005,-2.05364,-0.16371,16.16,-18.0213
-0.57538,372.781,6.21505e-005,-1.91227,0.0112655,16.2727,-18.0917
-0.57538,372.781,6.23656e-005,-1.76336,0.186718,16.3171,-18.0868
-0.57538,372.781,6.25806e-005,-1.60748,0.361908,16.2926,-18.0065
-0.57538,372.781,6.27957e-005,-1.44526,0.536094,16.1994,-17.8509
-0.57538,372.781,6.30108e-005,-1.27734,0.70854,16.0374,-17.6203
-0.57538,372.781,6.32258e-005,-1.10437,0.878512,15.8074,-17.3155
-0.57538,372.781,6.34409e-005,-0.927051,1.04529,15.51,-16.9377
-0.57538,372.781,6.36559e-005,-0.74607,1.20815,15.1463,-16.4881
-0.57538,372.781,6.3871e-005,-0.562144,1.36641,14.7178,-15.9685
-0.57538,372.781,6.4086e-005,-0.376,1.51937,14.2261,-15.3808
-0.57538,372.781,6.43011e-005,-0.188372,1.6664,13.673,-14.7273
-0.57538,372.781,6.45161e-005,-1.28624e-014,1.80684,13.0609,-14.0106
-0.57538,372.781,6.47312e-005,0.188372,1.94008,12.3921,-13.2334
-0.57538,372.781,6.49462e-005,0.376,2.06556,11.6693,-12.399
-0.57538,372.781,6.51613e-005,0.562144,2.18272,10.8956,-11.5106
-0.57538,372.781,6.53763e-005,0.74607,2.29104,10.0739,-10.5718
-0.57538,372.781,6.55914e-005,0.927051,2.39005,9.20777,-9.58636
-0.57538,372.781,6.58065e-005,1.10437,2.4793,8.30069,-8.55839
-0.57538,372.781,6.60215e-005,1.27734,2.5584,7.35642,-7.49202
-0.57538,372.781,6.62366e-005,1.44526,2.62699,6.37888,-6.39163
-0.57538,372.781,6.64516e-005,1.60748,2.68476,5.37212,-5.26174
-0.57538,372.781,6.66667e-005,1.76336,2.73143,4.34034,-4.10701
-0.57538,372.781,6.68817e-005,1.91227,2.76678,3.28785,-2.9322
-0.57538,372.781,6.70968e-005,2.05364,2.79064,2.21906,-1.74219
-0.57538,372.781,6.73118e-005,2.18691,2.80288,1.13845,-0.541909
-0.57538,372.781,6.75269e-005,2.31154,2.80343,0.0505649,0.663633
-0.57538,372.781,6.77419e-005,2.42705,2.79224,-1.04001,1.86941
-0.57538,372.781,6.7957e-005,2.53298,2.76936,-2.12867,3.07037
-0.57538,372.781,6.8172e-005,2.62892,2.73483,-3.21081,4.26149
-0.57538,372.781,6.83871e-005,2.71448,2.68879,-4.28184,5.43777
-0.57538,372.781,6.86022e-005,2.78933,2.6314,-5.33723,6.59423
-0.57538,372.781,6.88172e-005,2.85317,2.56288,-6.37246,7.72602
-0.57538,372.781,6.90323e-005,2.90575,2.48349,-7.38315,8.82833
-0.57538,372.781,6.92473e-005,2.94686,2.39354,-8.36496,9.8965
-0.57538,372.781,6.94624e-005,2.97634,2.2934,-9.3137,10.926
-0.57538,372.781,6.96774e-005,2.99408,2.18345,-10.2253,11.9124
-0.57538,372.781,6.98925e-005,3,2.06414,-11.0958,12.8515
-0.57538,372.781,7.01075e-005,2.99408,1.93595,-11.9216,13.7393
-0.57538,372.781,7.03226e-005,2.97634,1.7994,-12.6989,14.572
-0.57538,372.781,7.05376e-005,2.94686,1.65505,-13.4245,15.3459
-0.57538,372.781,7.07527e-005,2.90575,1.50349,-14.0952,16.0578
-0.57538,372.781,7.09677e-005,2.85317,1.34534,-14.7081,16.7044
-0.57538,372.781,7.11828e-005,2.78933,1.18125,-15.2604,17.2831
-0.57538,372.781,7.13978e-005,2.71448,1.0119,-15.7498,17.7911
-0.57538,372.781,7.16129e-005,2.62892,0.83798,-16.1741,18.2263
-0.57538,372.781,7.1828e-005,2.53298,0.660224,-16.5313,18.5868
-0.57538,372.781,7.2043e-005,2.42705,0.479364,-16.8199,18.8707
-0.57538,372.781,7.22581e-005,2.31154,0.296154,-17.0386,19.0769
-0.57538,372.781,7.24731e-005,2.18691,0.111356,-17.1862,19.2043
-0.57538,372.781,7.26882e-005,2.05364,-0.0742567,-17.262,19.2522
-0.57538,372.781,7.29032e-005,1.91227,-0.259909,-17.2657,19.2203
-0.57538,372.781,7.31183e-005,1.76336,-0.444823,-17.197,19.1085
-0.57538,372.781,7.33333e-005,1.60748,-0.628222,-17.0562,18.9171
-0.57538,372.781,7.35484e-005,1.44526,-0.809337,-16.8437,18.6469
-0.57538,372.781,7.37634e-005,1.27734,-0.987404,-16.5603,18.2988
-0.57538,372.781,7.39785e-005,1.10437,-1.16167,-16.2071,17.8741
-0.57538,372.781,7.41935e-005,0.927051,-1.33141,-15.7854,17.3745
-0.57538,372.781,7.44086e-005,0.74607,-1.49589,-15.297,16.8019
-0.57538,372.781,7.46237e-005,0.562144,-1.65443,-14.7438,16.1585
-0.57538,372.781,7.48387e-005,0.376,-1.80634,-14.128,15.4469
-0.57538,372.781,7.50538e-005,0.188372,-1.95099,-13.4522,14.67
-0.57538,372.781,7.52688e-005,1.32298e-014,-2.08775,-12.719,13.8308
-0.57538,372.781,7.54839e-005,-0.188372,-2.21605,-11.9314,12.9329
-0.57538,372.781,7.56989e-005,-0.376,-2.33533,-11.0928,11.9797
-0.57538,372.781,7.5914e-005,-0.562144,-2.44507,-10.2065,10.9753
-0.57538,372.781,7.6129e-005,-0.74607,-2.54482,-9.27627,9.92363
-0.57538,372.781,7.63441e-005,-0.927051,-2.63413,-8.30587,8.82909
-0.57538,372.781,7.65591e-005,-1.10437,-2.71262,-7.29933,7.69613
-0.57538,372.781,7.67742e-005,-1.27734,-2.77994,-6.26085,6.52941
-0.57538,372.781,7.69892e-005,-1.44526,-2.83579,-5.19474,5.33374
-0.57538,372.781,7.72043e-005,-1.60748,-2.87994,-4.10543,4.11404
-0.57538,372.781,7.74194e-005,-1.76336,-2.91217,-2.99746,2.87536
-0.57538,372.781,7.76344e-005,-1.91227,-2.93234,-1.87546,1.62281
-0.57538,372.781,7.78495e-005,-2.05364,-2.94034,-0.744119,0.361594
-0.57538,372.781,7.80645e-005,-2.18691,-2.93612,0.391837,-0.903067
-0.57538,372.781,7.82796e-005,-2.31154,-2.9197,1.52765,-2.16592
-0.57538,372.781,7.84946e-005,-2.42705,-2.89111,2.65856,-3.4217
-0.57538,372.781,7.87097e-005,-2.53298,-2.85047,3.77983,-4.66519
-0.57538,372.781,7.89247e-005,-2.62892,-2.79792,4.88674,-5.8912
-0.57538,372.781,7.91398e-005,-2.71448,-2.73368,5.97464,-7.0946
-0.57538,372.781,7.93548e-005,-2.78933,-2.65799,7.03895,-8.27038
-0.57538,372.781,7.95699e-005,-2.85317,-2.57116,8.0752,-9.4136
-0.57538,372.781,7.97849e-005,-2.90575,-2.47354,9.07901,-10.5195
-0.57538,372.781,8e-005,-2.94686,-2.36551,10.0462,-11.5834
-0.57538,372.781,8.02151e-005,-2.97634,-2.24753,10.9725,-12.6008
-0.57538,372.781,8.04301e-005,-2.99408,-2.12006,11.8542,-13.5675
-0.57538,372.781,8.06452e-005,-3,-1.98364,12.6875,-14.4793
-0.57538,372.781,8.08602e-005,-2.99408,-1.83881,13.4689,-15.3325
-0.57538,372.781,8.10753e-005,-2.97634,-1.68618,14.195,-16.1234
-0.57538,372.781,8.12903e-005,-2.94686,-1.52636,14.8627,-16.8486
-0.57538,372.781,8.15054e-005,-2.90575,-1.36003,15.4692,-17.5051
-0.57538,372.781,8.17204e-005,-2.85317,-1.18786,16.012,-18.0901
-0.57538,372.781,8.19355e-005,-2.78933,-1.01056,16.4886,-18.601
-0.57538,372.781,8.21505e-005,-2.71448,-0.828871,16.8971,-19.0356
-0.57538,372.781,8.23656e-005,-2.62892,-0.643542,17.2356,-19.3921
-0.57538,372.781,8.25806e-005,-2.53298,-0.455341,17.5027,-19.6689
-0.57538,372.781,8.27957e-005,-2.42705,-0.265048,17.6972,-19.8648
-0.57538,372.781,8.30108e-005,-2.31154,-0.0734536,17.8183,-19.9788
-0.57538,372.781,8.32258e-005,-2.18691,0.118647,17.8653,-20.0104
-0.57538,372.781,8.34409e-005,-2.05364,0.310454,17.8381,-19.9593
-0.57538,372.781,8.36559e-005,-1.91227,0.50117,17.7366,-19.8258
-0.57538,372.781,8.3871e-005,-1.76336,0.690002,17.5613,-19.6103
-0.57538,372.781,8.4086e-005,-1.60748,0.87616,17.3128,-19.3135
-0.57538,372.781,8.43011e-005,-1.44526,1.05887,16.9921,-18.9366
-0.57538,372.781,8.45161e-005,-1.27734,1.23737,16.6004,-18.4812
-0.57538,372.781,8.47312e-005,-1.10437,1.41091,16.1395,-17.949
-0.57538,372.781,8.49462e-005,-0.927051,1.57877,15.611,-17.3422
-0.57538,372.781,8.51613e-005,-0.74607,1.74025,15.0173,-16.6631
-0.57538,372.781,8.53763e-005,-0.562144,1.89467,14.3607,-15.9146
-0.57538,372.781,8.55914e-005,-0.376,2.04138,13.644,-15.0997
-0.57538,372.781,8.58065e-005,-0.188372,2.17976,12.87,-14.2217
-0.57538,372.781,8.60215e-005,-2.93906e-015,2.30925,12.0419,-13.2842
-0.57538,372.781,8.62366e-005,0.188372,2.42928,11.1633,-12.291
-0.57538,372.781,8.64516e-005,0.376,2.53936,10.2377,-11.2461
-0.57538,372.781,8.66667e-005,0.562144,2.63903,9.26888,-10.1539
-0.57538,372.781,8.68817e-005,0.74607,2.72786,8.26094,-9.01883
-0.57538,372.781,8.70968e-005,0.927051,2.80547,7.21803,-7.84556
-0.57538,372.781,8.73118e-005,1.10437,2.87154,6.14447,-6.63891
-0.57538,372.781,8.75269e-005,1.27734,2.92578,5.04471,-5.40384
-0.57538,372.781,8.77419e-005,1.44526,2.96797,3.92332,-4.14544
-0.57538,372.781,8.7957e-005,1.60748,2.99792,2.78495,-2.86889
-0.57538,372.781,8.8172e-005,1.76336,3.01549,1.63433,-1.57946
-0.57538,372.781,8.83871e-005,1.91227,3.02061,0.476247,-0.28248
-0.57538,372.781,8.86022e-005,2.05364,3.01325,-0.684489,1.01671
-0.57538,372.781,8.88172e-005,2.18691,2.99343,-1.84305,2.31273
-0.57538,372.781,8.90323e-005,2.31154,2.96123,-2.99462,3.60023
-0.57538,372.781,8.92473e-005,2.42705,2.91678,-4.13441,4.87387
-0.57538,372.781,8.94624e-005,2.53298,2.86024,-5.25767,6.1284
-0.57538,372.781,8.96774e-005,2.62892,2.79186,-6.35972,7.35861
-0.57538,372.781,8.98925e-005,2.71448,2.7119,-7.43599,8.55941
-0.57538,372.781,9.01075e-005,2.78933,2.6207,-8.48198,9.72582
-0.57538,372.781,9.03226e-005,2.85317,2.51862,-9.49335,10.853
-0.57538,372.781,9.05376e-005,2.90575,2.40608,-10.4659,11.9363
-0.57538,372.781,9.07527e-005,2.94686,2.28355,-11.3955,12.9712
-0.57538,372.781,9.09677e-005,2.97634,2.15152,-12.2784,13.9533
-0.57538,372.781,9.11828e-005,2.99408,2.01055,-13.1108,14.8787
-0.57538,372.781,9.13978e-005,3,1.8612,-13.8893,15.7435
-0.57538,372.781,9.16129e-005,2.99408,1.7041,-14.6106,16.544
-0.57538,372.781,9.1828e-005,2.97634,1.53989,-15.2717,17.2769
-0.57538,372.781,9.2043e-005,2.94686,1.36924,-15.8699,17.9392
-0.57538,372.781,9.22581e-005,2.90575,1.19287,-16.4027,18.5282
-0.57538,372.781,9.24731e-005,2.85317,1.01149,-16.8679,19.0412
-0.57538,372.781,9.26882e-005,2.78933,0.825865,-17.2634,19.4763
-0.57538,372.781,9.29032e-005,2.71448,0.63675,-17.5877,19.8315
-0.57538,372.781,9.31183e-005,2.62892,0.44493,-17.8393,20.1054
-0.57538,372.781,9.33333e-005,2.53298,0.251195,-18.0173,20.2967
-0.57538,372.781,9.35484e-005,2.42705,0.0563474,-18.1209,20.4048
-0.57538,372.781,9.37634e-005,2.31154,-0.138809,-18.1496,20.429
-0.57538,372.781,9.39785e-005,2.18691,-0.333468,-18.1033,20.3693
-0.57538,372.781,9.41935e-005,2.05364,-0.526825,-17.9822,20.2259
-0.57538,372.781,9.44086e-005,1.91227,-0.718081,-17.7868,19.9993
-0.57538,372.781,9.46237e-005,1.76336,-0.906445,-17.5178,19.6904
-0.57538,372.781,9.48387e-005,1.60748,-1.09114,-17.1765,19.3006
-0.57538,372.781,9.50538e-005,1.44526,-1.2714,-16.7642,18.8313
-0.57538,372.781,9.52688e-005,1.27734,-1.44648,-16.2825,18.2844
-0.57538,372.781,9.54839e-005,1.10437,-1.61566,-15.7336,17.6623
-0.57538,372.781,9.56989e-005,0.927051,-1.77823,-15.1196,16.9674
-0.57538,372.781,9.5914e-005,0.74607,-1.93353,-14.4431,16.2025
-0.57538,372.781,9.6129e-005,0.562144,-2.08092,-13.7069,15.3709
-0.57538,372.781,9.63441e-005,0.376,-2.21978,-12.914,14.4759
-0.57538,372.781,9.65591e-005,0.188372,-2.34954,-12.0677,13.5211
-0.57538,372.781,9.67742e-005,1.39646e-014,-2.46967,-11.1716,12.5106
-0.57538,372.781,9.69892e-005,-0.188372,-2.57966,-10.2293,11.4484
-0.57538,372.781,9.72043e-005,-0.376,-2.67906,-9.24471,10.3388
-0.57538,372.781,9.74194e-005,-0.562144,-2.76747,-8.22192,9.18655
-0.57538,372.781,9.76344e-005,-0.74607,-2.84452,-7.16515,7.99624
-0.57538,372.781,9.78495e-005,-0.927051,-2.90988,-6.07878,6.77279
-0.57538,372.781,9.80645e-005,-1.10437,-2.96329,-4.96729,5.52123
-0.57538,372.781,9.82796e-005,-1.27734,-3.00453,-3.83528,4.2467
-0.57538,372.781,9.84946e-005,-1.44526,-3.03343,-2.68743,2.95443
-0.57538,372.781,9.87097e-005,-1.60748,-3.04986,-1.52848,1.64973
-0.57538,372.781,9.89247e-005,-1.76336,-3.05377,-0.36322,0.337958
-0.57538,372.781,9.91398e-005,-1.91227,-3.04513,0.803538,-0.97549
-0.57538,372.781,9.93548e-005,-2.05364,-3.02398,1.96698,-2.28522
-0.57538,372.781,9.95699e-005,-2.18691,-2.9904,3.12229,-3.58586
-0.57538,372.781,9.97849e-005,-2.31154,-2.94455,4.26472,-4.87205
-0.57538,372.781,0.0001,-2.42705,-2.8866,5.38955,-6.13853
-0.57538,372.781,0.000100215,-2.53298,-2.81679,6.49214,-7.38007
-0.57538,372.781,0.00010043,-2.62892,-2.73541,7.56794,-8.59159
-0.57538,372.781,0.000100645,-2.71448,-2.6428,8.61252,-9.76811
-0.57538,372.781,0.00010086,-2.78933,-2.53935,9.62159,-10.9048
-0.57538,372.781,0.000101075,-2.85317,-2.42546,10.591,-11.997
-0.57538,372.781,0.00010129,-2.90575,-2.30163,11.5167,-13.0402
-0.57538,372.781,0.000101505,-2.94686,-2.16835,12.395,-14.0302
-0.57538,372.781,0.00010172,-2.97634,-2.02618,13.2222,-14.9628
-0.57538,372.781,0.000101935,-2.99408,-1.87569,13.9949,-15.8343
-0.57538,372.781,0.000102151,-3,-1.71752,14.7099,-16.641
-0.57538,372.781,0.000102366,-2.99408,-1.55231,15.3644,-17.3797
-0.57538,372.781,0.000102581,-2.97634,-1.38075,15.9557,-18.0474
-0.57538,372.781,0.000102796,-2.94686,-1.20353,16.4813,-18.6413
-0.57538,372.781,0.000103011,-2.90575,-1.02139,16.939,-19.1589
-0.57538,372.781,0.000103226,-2.85317,-0.835075,17.3271,-19.5982
-0.57538,372.781,0.000103441,-2.78933,-0.645355,17.6439,-19.9574
-0.57538,372.781,0.000103656,-2.71448,-0.453008,17.8882,-20.2349
-0.57538,372.781,0.000103871,-2.62892,-0.258825,18.059,-20.4298
-0.57538,372.781,0.000104086,-2.53298,-0.0636033,18.1556,-20.5411
-0.57538,372.781,0.000104301,-2.42705,0.131855,18.1777,-20.5685
-0.57538,372.781,0.000104516,-2.31154,0.326749,18.1251,-20.5118
-0.57538,372.781,0.000104731,-2.18691,0.520277,17.9981,-20.3712
-0.57538,372.781,0.000104946,-2.05364,0.711646,17.7973,-20.1474
-0.57538,372.781,0.000105161,-1.91227,0.900071,17.5235,-19.8414
-0.57538,372.781,0.000105376,-1.76336,1.08478,17.1779,-19.4542
-0.57538,372.781,0.000105591,-1.60748,1.26502,16.762,-18.9877
-0.57538,372.781,0.000105806,-1.44526,1.44004,16.2774,-18.4436
-0.57538,372.781,0.000106022,-1.27734,1.60914,15.7262,-17.8242
-0.57538,372.781,0.000106237,-1.10437,1.77162,15.1107,-17.1321
-0.57538,372.781,0.000106452,-0.927051,1.92682,14.4334,-16.3701
-0.57538,372.781,0.000106667,-0.74607,2.0741,13.6972,-15.5414
-0.57538,372.781,0.000106882,-0.562144,2.21287,12.9051,-14.6493
-0.57538,372.781,0.000107097,-0.376,2.34255,12.0604,-13.6975
-0.57538,372.781,0.000107312,-0.188372,2.46262,11.1666,-12.69
-0.57538,372.781,0.000107527,-1.4332e-014,2.57259,10.2273,-11.6308
-0.57538,372.781,0.000107742,0.188372,2.67201,9.24655,-10.5243
-0.57538,372.781,0.000107957,0.376,2.76049,8.22827,-9.37503
-0.57538,372.781,0.000108172,0.562144,2.83766,7.17668,-8.18772
-0.57538,372.781,0.000108387,0.74607,2.90321,6.09613,-6.96722
-0.57538,372.781,0.000108602,0.927051,2.95688,4.99106,-5.71853
-0.57538,372.781,0.000108817,1.10437,2.99845,3.86603,-4.44675
-0.57538,372.781,0.000109032,1.27734,3.02775,2.72565,-3.1571
-0.57538,372.781,0.000109247,1.44526,3.04469,1.57461,-1.85484
-0.57538,372.781,0.000109462,1.60748,3.04918,0.417634,-0.545297
-0.57538,372.781,0.000109677,1.76336,3.04121,-0.740524,0.766177
-0.57538,372.781,0.000109892,1.91227,3.02084,-1.89512,2.07423
-0.57538,372.781,0.000110108,2.05364,2.98813,-3.04142,3.37351
-0.57538,372.781,0.000110323,2.18691,2.94324,-4.17474,4.65873
-0.57538,372.781,0.000110538,2.31154,2.88636,-5.29043,5.92464
-0.57538,372.781,0.000110753,2.42705,2.81771,-6.38395,7.16608
-0.57538,372.781,0.000110968,2.53298,2.7376,-7.45081,8.378
-0.57538,372.781,0.000111183,2.62892,2.64634,-8.48668,9.55546
-0.57538,372.781,0.000111398,2.71448,2.54433,-9.48732,10.6937
-0.57538,372.781,0.000111613,2.78933,2.43198,-10.4487,11.788
-0.57538,372.781,0.000111828,2.85317,2.30975,-11.3668,12.834
-0.57538,372.781,0.000112043,2.90575,2.17816,-12.238,13.8275
-0.57538,372.781,0.000112258,2.94686,2.03774,-13.0588,14.7643
-0.57538,372.781,0.000112473,2.97634,1.88908,-13.8257,15.6408
-0.57538,372.781,0.000112688,2.99408,1.73278,-14.5358,16.4533
-0.57538,372.781,0.000112903,3,1.56949,-15.186,17.1985
-0.57538,372.781,0.000113118,2.99408,1.39988,-15.774,17.8736
-0.57538,372.781,0.000113333,2.97634,1.22464,-16.2971,18.4757
-0.57538,372.781,0.000113548,2.94686,1.0445,-16.7535,19.0024
-0.57538,372.781,0.000113763,2.90575,0.860182,-17.1412,19.4517
-0.57538,372.781,0.000113978,2.85317,0.672454,-17.4587,19.8216
-0.57538,372.781,0.000114194,2.78933,0.482081,-17.7048,20.1109
-0.57538,372.781,0.000114409,2.71448,0.289839,-17.8785,20.3182
-0.57538,372.781,0.000114624,2.62892,0.0965151,-17.9791,20.4429
-0.57538,372.781,0.000114839,2.53298,-0.0971021,-18.0064,20.4844
-0.57538,372.781,0.000115054,2.42705,-0.290223,-17.9602,20.4426
-0.57538,372.781,0.000115269,2.31154,-0.48206,-17.8409,20.3178
-0.57538,372.781,0.000115484,2.18691,-0.671832,-17.6488,20.1105
-0.57538,372.781,0.000115699,2.05364,-0.858768,-17.385,19.8215
-0.57538,372.781,0.000115914,1.91227,-1.04211,-17.0505,19.4521
-0.57538,372.781,0.000116129,1.76336,-1.2211,-16.6467,19.0039
-0.57538,372.781,0.000116344,1.60748,-1.39503,-16.1753,18.4787
-0.57538,372.781,0.000116559,1.44526,-1.56319,-15.6384,17.8787
-0.57538,372.781,0.000116774,1.27734,-1.72489,-15.0382,17.2064
-0.57538,372.781,0.000116989,1.10437,-1.87948,-14.3771,16.4645
-0.57538,372.781,0.000117204,0.927051,-2.02634,-13.6579,15.6561
-0.57538,372.781,0.000117419,0.74607,-2.16487,-12.8837,14.7846
-0.57538,372.781,0.000117634,0.562144,-2.29452,-12.0575,13.8534
-0.57538,372.781,0.000117849,0.376,-2.41477,-11.1829,12.8665
-0.57538,372.781,0.000118065,0.188372,-2.52513,-10.2634,11.8279
-0.57538,372.781,0.00011828,1.46993e-014,-2.62516,-9.30279,10.7418
-0.57538,372.781,0.000118495,-0.188372,-2.71446,-8.30506,9.61274
-0.57538,372.781,0.00011871,-0.376,-2.79268,-7.27428,8.44523
-0.57538,372.781,0.000118925,-0.562144,-2.8595,-6.2147,7.24408
-0.57538,372.781,0.00011914,-0.74607,-2.91467,-5.13065,6.01419
-0.57538,372.781,0.000119355,-0.927051,-2.95797,-4.02657,4.76056
-0.57538,372.781,0.00011957,-1.10437,-2.98923,-2.90697,3.48832
-0.57538,372.781,0.000119785,-1.27734,-3.00833,-1.77643,2.20263
-0.57538,372.781,0.00012,-1.44526,-3.0152,-0.639565,0.908727
-0.57538,372.781,0.000120215,-1.60748,-3.00984,0.498997,-0.388135
-0.57538,372.781,0.00012043,-1.76336,-2.99226,1.63462,-1.68269
-0.57538,372.781,0.000120645,-1.91227,-2.96256,2.76268,-2.96968
-0.57538,372.781,0.00012086,-2.05364,-2.92085,3.8786,-4.2439
-0.57538,372.781,0.000121075,-2.18691,-2.86733,4.97785,-5.50018
-0.57538,372.781,0.00012129,-2.31154,-2.80221,6.05597,-6.73344
-0.57538,372.781,0.000121505,-2.42705,-2.72577,7.1086,-7.93869
-0.57538,372.781,0.00012172,-2.53298,-2.63834,8.13148,-9.11106
-0.57538,372.781,0.000121935,-2.62892,-2.54027,9.12048,-10.2458
-0.57538,372.781,0.000122151,-2.71448,-2.43197,10.0716,-11.3384
-0.57538,372.781,0.000122366,-2.78933,-2.31389,10.9811,-12.3844
-0.57538,372.781,0.000122581,-2.85317,-2.18653,11.8452,-13.3797
-0.57538,372.781,0.000122796,-2.90575,-2.05039,12.6604,-14.3201
-0.57538,372.781,0.000123011,-2.94686,-1.90605,13.4236,-15.202
-0.57538,372.781,0.000123226,-2.97634,-1.7541,14.1317,-16.0218
-0.57538,372.781,0.000123441,-2.99408,-1.59515,14.7818,-16.7762
-0.57538,372.781,0.000123656,-3,-1.42987,15.3714,-17.4623
-0.57538,372.781,0.000123871,-2.99408,-1.25892,15.8981,-18.0773
-0.57538,372.781,0.000124086,-2.97634,-1.08301,16.3599,-18.6188
-0.57538,372.781,0.000124301,-2.94686,-0.902849,16.7549,-19.0846
-0.57538,372.781,0.000124516,-2.90575,-0.719175,17.0817,-19.4729
-0.57538,372.781,0.000124731,-2.85317,-0.532735,17.3389,-19.7823
-0.57538,372.781,0.000124946,-2.78933,-0.344287,17.5257,-20.0114
-0.57538,372.781,0.000125161,-2.71448,-0.154597,17.6412,-20.1595
-0.57538,372.781,0.000125376,-2.62892,0.0355661,17.6851,-20.226
-0.57538,372.781,0.000125591,-2.53298,0.225431,17.6574,-20.2107
-0.57538,372.781,0.000125806,-2.42705,0.414228,17.5582,-20.1137
-0.57538,372.781,0.000126022,-2.31154,0.601195,17.3879,-19.9355
-0.57538,372.781,0.000126237,-2.18691,0.785577,17.1474,-19.677
-0.57538,372.781,0.000126452,-2.05364,0.966628,16.8377,-19.3391
-0.57538,372.781,0.000126667,-1.91227,1.14362,16.4602,-18.9233
-0.57538,372.781,0.000126882,-1.76336,1.31584,16.0164,-18.4314
-0.57538,372.781,0.000127097,-1.60748,1.48259,15.5081,-17.8655
-0.57538,372.781,0.000127312,-1.44526,1.64321,14.9376,-17.2278
-0.57538,372.781,0.000127527,-1.27734,1.79705,14.3073,-16.5211
-0.57538,372.781,0.000127742,-1.10437,1.9435,13.6196,-15.7481
-0.57538,372.781,0.000127957,-0.927051,2.08197,12.8776,-14.9122
-0.57538,372.781,0.000128172,-0.74607,2.21191,12.0842,-14.0168
-0.57538,372.781,0.000128387,-0.562144,2.3328,11.2427,-13.0654
-0.57538,372.781,0.000128602,-0.376,2.44416,10.3566,-12.062
-0.57538,372.781,0.000128817,-0.188372,2.54555,9.42951,-11.0108
-0.57538,372.781,0.000129032,-2.57249e-014,2.63657,8.46524,-9.91593
-0.57538,372.781,0.00118301,0.188372,2.34722,6.45699,-7.56672
-0.57538,372.781,0.00118323,0.376,2.40739,5.5955,-6.55716
-0.57538,372.781,0.00118344,0.562144,2.45806,4.71192,-5.52172
-0.57538,372.781,0.00118366,0.74607,2.49902,3.80974,-4.4645
-0.57538,372.781,0.00118387,0.927051,2.53012,2.89253,-3.38965
-0.57538,372.781,0.00118409,1.10437,2.55124,1.9639,-2.30142
-0.57538,372.781,0.0011843,1.27734,2.56229,1.02752,-1.20412
-0.57538,372.781,0.00118452,1.44526,2.56322,0.0870901,-0.102058
-0.57538,372.781,0.00118473,1.60748,2.55405,-0.853686,1.0004
-0.57538,372.781,0.00118495,1.76336,2.53479,-1.79109,2.09892
-0.57538,372.781,0.00118516,1.91227,2.50552,-2.72143,3.18915
-0.57538,372.781,0.00118538,2.05364,2.46637,-3.64103,4.26679
-0.57538,372.781,0.00118559,2.18691,2.41749,-4.54626,5.3276
-0.57538,372.781,0.00118581,2.31154,2.35906,-5.43355,6.36738
-0.57538,372.781,0.00118602,2.42705,2.29133,-6.29939,7.38203
-0.57538,372.781,0.00118624,2.53298,2.21455,-7.14037,8.36755
-0.57538,372.781,0.00118645,2.62892,2.12903,-7.95318,9.32004
-0.57538,372.781,0.00118667,2.71448,2.03511,-8.73459,10.2358
-0.57538,372.781,0.00118688,2.78933,1.93316,-9.48153,11.1111
-0.57538,372.781,0.0011871,2.85317,1.82358,-10.1911,11.9425
-0.57538,372.781,0.00118731,2.90575,1.7068,-10.8604,12.7269
-0.57538,372.781,0.00118753,2.94686,1.58329,-11.4868,13.461
-0.57538,372.781,0.00118774,2.97634,1.45352,-12.0679,14.142
-0.57538,372.781,0.00118796,2.99408,1.31802,-12.6014,14.7671
-0.57538,372.781,0.00118817,3,1.17732,-13.0852,15.334
-0.57538,372.781,0.00118839,2.99408,1.03198,-13.5173,15.8404
-0.57538,372.781,0.0011886,2.97634,0.882557,-13.896,16.2843
-0.57538,372.781,0.00118882,2.94686,0.729654,-14.22,16.6639
-0.57538,372.781,0.00118903,2.90575,0.573872,-14.4878,16.9777
-0.57538,372.781,0.00118925,2.85317,0.415824,-14.6984,17.2245
-0.57538,372.781,0.00118946,2.78933,0.256136,-14.851,17.4034
-0.57538,372.781,0.00118968,2.71448,0.0954371,-14.945,17.5135
-0.57538,372.781,0.00118989,2.62892,-0.0656387,-14.98,17.5546
-0.57538,372.781,0.00119011,2.53298,-0.226455,-14.956,17.5263
-0.57538,372.781,0.00119032,2.42705,-0.386378,-14.8728,17.4289
-0.57538,372.781,0.00119054,2.31154,-0.544776,-14.731,17.2628
-0.57538,372.781,0.00119075,2.18691,-0.701025,-14.5311,17.0284
-0.57538,372.781,0.00119097,2.05364,-0.854506,-14.2738,16.7269
-0.57538,372.781,0.00119118,1.91227,-1.00462,-13.9602,16.3594
-0.57538,372.781,0.0011914,1.76336,-1.15076,-13.5914,15.9273
-0.57538,372.781,0.00119161,1.60748,-1.29236,-13.1691,15.4324
-0.57538,372.781,0.00119183,1.44526,-1.42887,-12.6947,14.8765
-0.57538,372.781,0.00119204,1.27734,-1.55973,-12.1703,14.2619
-0.57538,372.781,0.00119226,1.10437,-1.68444,-11.5978,13.5911
-0.57538,372.781,0.00119247,0.927051,-1.8025,-10.9796,12.8666
-0.57538,372.781,0.00119269,0.74607,-1.91344,-10.318,12.0913
-0.57538,372.781,0.0011929,0.562144,-2.01684,-9.61574,11.2683
-0.57538,372.781,0.00119312,0.376,-2.11227,-8.87551,10.4009
-0.57538,372.781,0.00119333,0.188372,-2.19937,-8.10024,9.49238
-0.57538,372.781,0.00119355,1.79335e-013,-2.27779,-7.29301,8.54641
-0.57538,372.781,0.00119376,-0.188372,-2.34722,-6.45699,7.56672
-0.57538,372.781,0.00119398,-0.376,-2.40739,-5.5955,6.55716
-0.57538,372.781,0.00119419,-0.562144,-2.45806,-4.71192,5.52172
-0.57538,372.781,0.00119441,-0.74607,-2.49902,-3.80974,4.4645
-0.57538,372.781,0.00119462,-0.927051,-2.53012,-2.89253,3.38965
-0.57538,372.781,0.00119484,-1.10437,-2.55124,-1.9639,2.30142
-0.57538,372.781,0.00119505,-1.27734,-2.56229,-1.02752,1.20412
-0.57538,372.781,0.00119527,-1.44526,-2.56322,-0.08709,0.102058
-0.57538,372.781,0.00119548,-1.60748,-2.55405,0.853687,-1.0004
-0.57538,372.781,0.0011957,-1.76336,-2.53479,1.79109,-2.09892
-0.57538,372.781,0.00119591,-1.91227,-2.50552,2.72143,-3.18915
-0.57538,372.781,0.00119613,-2.05364,-2.46637,3.64103,-4.26679
-0.57538,372.781,0.00119634,-2.18691,-2.41749,4.54626,-5.3276
-0.57538,372.781,0.00119656,-2.31154,-2.35906,5.43355,-6.36738
-0.57538,372.781,0.00119677,-2.42705,-2.29133,6.29939,-7.38203
-0.57538,372.781,0.00119699,-2.53298,-2.21455,7.14037,-8.36755
-0.57538,372.781,0.0011972,-2.62892,-2.12903,7.95318,-9.32004
-0.57538,372.781,0.00119742,-2.71448,-2.03511,8.73459,-10.2358
-0.57538,372.781,0.00119763,-2.78933,-1.93316,9.48153,-11.1111
-0.57538,372.781,0.00119785,-2.85317,-1.82358,10.1911,-11.9425
-0.57538,372.781,0.00119806,-2.90575,-1.7068,10.8604,-12.7269
-0.57538,372.781,0.00119828,-2.94686,-1.58329,11.4868,-13.461
-0.57538,372.781,0.00119849,-2.97634,-1.45352,12.0679,-14.142
-0.57538,372.781,0.00119871,-2.99408,-1.31802,12.6014,-14.7671
-0.57538,372.781,0.00119892,-3,-1.17732,13.0852,-15.334
-0.57538,372.781,0.00119914,-2.99408,-1.03198,13.5173,-15.8404
-0.57538,372.781,0.00119935,-2.97634,-0.882557,13.896,-16.2843
-0.57538,372.781,0.00119957,-2.94686,-0.729654,14.22,-16.6639
-0.57538,372.781,0.00119978,-2.90575,-0.573872,14.4878,-16.9777
-0.57538,372.781,0.0012,-2.85317,-0.415824,14.6984,-17.2245
-0.57538,372.781,0.00120022,-2.78933,-0.256136,14.851,-17.4034
-0.57538,372.781,0.00120043,-2.71448,-0.0954371,14.945,-17.5135
-0.57538,372.781,0.00120065,-2.62892,0.0656387,14.98,-17.5546
-0.57538,372.781,0.00120086,-2.53298,0.226455,14.956,-17.5263
-0.57538,372.781,0.00120108,-2.42705,0.386378,14.8728,-17.4289
-0.57538,372.781,0.00120129,-2.31154,0.544776,14.731,-17.2628
-0.57538,372.781,0.00120151,-2.18691,0.701025,14.5311,-17.0284
-0.57538,372.781,0.00120172,-2.05364,0.854506,14.2738,-16.7269
-0.57538,372.781,0.00120194,-1.91227,1.00462,13.9602,-16.3594
-0.57538,372.781,0.00120215,-1.76336,1.15076,13.5914,-15.9273
-0.57538,372.781,0.00120237,-1.60748,1.29236,13.1691,-15.4324
-0.57538,372.781,0.00120258,-1.44526,1.42887,12.6947,-14.8765
-0.57538,372.781,0.0012028,-1.27734,1.55973,12.1703,-14.2619
-0.57538,372.781,0.00120301,-1.10437,1.68444,11.5978,-13.5911
-0.57538,372.781,0.00120323,-0.927051,1.8025,10.9796,-12.8666
-0.57538,372.781,0.00120344,-0.74607,1.91344,10.318,-12.0913
-0.57538,372.781,0.00120366,-0.562144,2.01684,9.61574,-11.2683
-0.57538,372.781,0.00120387,-0.376,2.11227,8.87551,-10.4009
-0.57538,372.781,0.00120409,-0.188372,2.19937,8.10024,-9.49238
-0.57538,372.781,0.0012043,-2.11677e-013,2.27779,7.29301,-8.54641
-0.57538,372.781,0.00120452,0.188372,2.34722,6.45699,-7.56672
-0.57538,372.781,0.00120473,0.376,2.40739,5.5955,-6.55716
-0.57538,372.781,0.00120495,0.562144,2.45805,4.71192,-5.52172
-0.57538,372.781,0.00120516,0.74607,2.49902,3.80974,-4.4645
-0.57538,372.781,0.00120538,0.927051,2.53012,2.89253,-3.38965
-0.57538,372.781,0.00120559,1.10437,2.55124,1.9639,-2.30142
-0.57538,372.781,0.00120581,1.27734,2.56229,1.02752,-1.20412
-0.57538,372.781,0.00120602,1.44526,2.56322,0.08709,-0.102058
-0.57538,372.781,0.00120624,1.60748,2.55405,-0.853687,1.0004
-0.57538,372.781,0.00120645,1.76336,2.53479,-1.79109,2.09892
-0.57538,372.781,0.00120667,1.91227,2.50552,-2.72143,3.18915
-0.57538,372.781,0.00120688,2.05364,2.46637,-3.64103,4.26679
-0.57538,372.781,0.0012071,2.18691,2.41749,-4.54626,5.3276
-0.57538,372.781,0.00120731,2.31154,2.35906,-5.43355,6.36738
-0.57538,372.781,0.00120753,2.42705,2.29133,-6.29939,7.38203
-0.57538,372.781,0.00120774,2.53298,2.21455,-7.14037,8.36755
-0.57538,372.781,0.00120796,2.62892,2.12903,-7.95318,9.32004
-0.57538,372.781,0.00120817,2.71448,2.03511,-8.73459,10.2358
-0.57538,372.781,0.00120839,2.78933,1.93316,-9.48153,11.1111
-0.57538,372.781,0.0012086,2.85317,1.82358,-10.1911,11.9425
-0.57538,372.781,0.00120882,2.90575,1.7068,-10.8604,12.7269
-0.57538,372.781,0.00120903,2.94686,1.58329,-11.4868,13.461
-0.57538,372.781,0.00120925,2.97634,1.45352,-12.0679,14.142
-0.57538,372.781,0.00120946,2.99408,1.31802,-12.6014,14.7671
-0.57538,372.781,0.00120968,3,1.17732,-13.0852,15.334
-0.57538,372.781,0.00120989,2.99408,1.03198,-13.5173,15.8404
-0.57538,372.781,0.00121011,2.97634,0.882557,-13.896,16.2843
-0.57538,372.781,0.00121032,2.94686,0.729654,-14.22,16.6639
-0.57538,372.781,0.00121054,2.90575,0.573872,-14.4878,16.9777
-0.57538,372.781,0.00121075,2.85317,0.415824,-14.6984,17.2245
-0.57538,372.781,0.00121097,2.78933,0.256136,-14.851,17.4034
-0.57538,372.781,0.00121118,2.71448,0.0954371,-14.945,17.5135
-0.57538,372.781,0.0012114,2.62892,-0.0656387,-14.98,17.5546
-0.57538,372.781,0.00121161,2.53298,-0.226455,-14.956,17.5263
-0.57538,372.781,0.00121183,2.42705,-0.386378,-14.8728,17.4289
-0.57538,372.781,0.00121204,2.31154,-0.544776,-14.731,17.2628
-0.57538,372.781,0.00121226,2.18691,-0.701025,-14.5311,17.0284
-0.57538,372.781,0.00121247,2.05364,-0.854506,-14.2738,16.7269
-0.57538,372.781,0.00121269,1.91227,-1.00462,-13.9602,16.3594
-0.57538,372.781,0.0012129,1.76336,-1.15076,-13.5914,15.9273
-0.57538,372.781,0.00121312,1.60748,-1.29236,-13.1691,15.4324
-0.57538,372.781,0.00121333,1.44526,-1.42887,-12.6947,14.8765
-0.57538,372.781,0.00121355,1.27734,-1.55973,-12.1703,14.2619
-0.57538,372.781,0.00121376,1.10437,-1.68444,-11.5978,13.5911
-0.57538,372.781,0.00121398,0.927051,-1.8025,-10.9796,12.8666
-0.57538,372.781,0.00121419,0.74607,-1.91344,-10.318,12.0913
-0.57538,372.781,0.00121441,0.562144,-2.01684,-9.61574,11.2683
-0.57538,372.781,0.00121462,0.376,-2.11227,-8.87551,10.4009
-0.57538,372.781,0.00121484,0.188372,-2.19937,-8.10024,9.49238
-0.57538,372.781,0.00121505,2.44019e-013,-2.27779,-7.29301,8.54641
-0.57538,372.781,0.00121527,-0.188372,-2.34722,-6.45699,7.56672
-0.57538,372.781,0.00121548,-0.376,-2.40739,-5.5955,6.55716
-0.57538,372.781,0.0012157,-0.562144,-2.45805,-4.71192,5.52172
-0.57538,372.781,0.00121591,-0.74607,-2.49902,-3.80974,4.4645
-0.57538,372.781,0.00121613,-0.927051,-2.53012,-2.89253,3.38965
-0.57538,372.781,0.00121634,-1.10437,-2.55124,-1.9639,2.30142
-0.57538,372.781,0.00121656,-1.27734,-2.56229,-1.02752,1.20412
-0.57538,372.781,0.00121677,-1.44526,-2.56322,-0.08709,0.102058
-0.57538,372.781,0.00121699,-1.60748,-2.55405,0.853687,-1.0004
-0.57538,372.781,0.0012172,-1.76336,-2.53479,1.79109,-2.09892
-0.57538,372.781,0.00121742,-1.91227,-2.50552,2.72143,-3.18915
-0.57538,372.781,0.00121763,-2.05364,-2.46637,3.64103,-4.26679
-0.57538,372.781,0.00121785,-2.18691,-2.41749,4.54626,-5.3276
-0.57538,372.781,0.00121806,-2.31154,-2.35906,5.43355,-6.36738
-0.57538,372.781,0.00121828,-2.42705,-2.29133,6.29939,-7.38203
-0.57538,372.781,0.00121849,-2.53298,-2.21455,7.14037,-8.36755
-0.57538,372.781,0.00121871,-2.62892,-2.12903,7.95318,-9.32004
-0.57538,372.781,0.00121892,-2.71448,-2.03511,8.73459,-10.2358
-0.57538,372.781,0.00121914,-2.78933,-1.93316,9.48153,-11.1111
-0.57538,372.781,0.00121935,-2.85317,-1.82358,10.1911,-11.9425
-0.57538,372.781,0.00121957,-2.90575,-1.7068,10.8604,-12.7269
-0.57538,372.781,0.00121978,-2.94686,-1.58329,11.4868,-13.461
-0.57538,372.781,0.00122,-2.97634,-1.45352,12.0679,-14.142
-0.57538,372.781,0.00122022,-2.99408,-1.31802,12.6014,-14.7671
-0.57538,372.781,0.00122043,-3,-1.17732,13.0852,-15.334
-0.57538,372.781,0.00122065,-2.99408,-1.03198,13.5173,-15.8404
-0.57538,372.781,0.00122086,-2.97634,-0.882557,13.896,-16.2843
-0.57538,372.781,0.00122108,-2.94686,-0.729654,14.22,-16.6639
-0.57538,372.781,0.00122129,-2.90575,-0.573872,14.4878,-16.9777
-0.57538,372.781,0.00122151,-2.85317,-0.415824,14.6984,-17.2245
-0.57538,372.781,0.00122172,-2.78933,-0.256136,14.851,-17.4034
-0.57538,372.781,0.00122194,-2.71448,-0.0954371,14.945,-17.5135
-0.57538,372.781,0.00122215,-2.62892,0.0656387,14.98,-17.5546
-0.57538,372.781,0.00122237,-2.53298,0.226455,14.956,-17.5263
-0.57538,372.781,0.00122258,-2.42705,0.386378,14.8728,-17.4289
-0.57538,372.781,0.0012228,-2.31154,0.544776,14.731,-17.2628
-0.57538,372.781,0.00122301,-2.18691,0.701025,14.5311,-17.0284
-0.57538,372.781,0.00122323,-2.05364,0.854506,14.2738,-16.7269
-0.57538,372.781,0.00122344,-1.91227,1.00462,13.9602,-16.3594
-0.57538,372.781,0.00122366,-1.76336,1.15076,13.5914,-15.9273
-0.57538,372.781,0.00122387,-1.60748,1.29236,13.1691,-15.4324
-0.57538,372.781,0.00122409,-1.44526,1.42886,12.6947,-14.8765
-0.57538,372.781,0.0012243,-1.27734,1.55973,12.1703,-14.2619
-0.57538,372.781,0.00122452,-1.10437,1.68444,11.5978,-13.5911
-0.57538,372.781,0.00122473,-0.927051,1.8025,10.9796,-12.8666
-0.57538,372.781,0.00122495,-0.74607,1.91344,10.318,-12.0913
-0.57538,372.781,0.00122516,-0.562144,2.01684,9.61574,-11.2683
-0.57538,372.781,0.00122538,-0.376,2.11227,8.87551,-10.4009
-0.57538,372.781,0.00122559,-0.188372,2.19937,8.10024,-9.49238
-0.57538,372.781,0.00122581,-1.0583e-013,2.27779,7.29301,-8.54641
-0.57538,372.781,0.00122602,0.188372,2.34722,6.45699,-7.56672
-0.57538,372.781,0.00122624,0.376,2.40739,5.5955,-6.55716
-0.57538,372.781,0.00122645,0.562144,2.45805,4.71192,-5.52172
-0.57538,372.781,0.00122667,0.74607,2.49902,3.80974,-4.4645
-0.57538,372.781,0.00122688,0.927051,2.53012,2.89253,-3.38965
-0.57538,372.781,0.0012271,1.10437,2.55124,1.9639,-2.30142
-0.57538,372.781,0.00122731,1.27734,2.56229,1.02752,-1.20412
-0.57538,372.781,0.00122753,1.44526,2.56322,0.08709,-0.102058
-0.57538,372.781,0.00122774,1.60748,2.55405,-0.853686,1.0004
-0.57538,372.781,0.00122796,1.76336,2.53479,-1.79109,2.09892
-0.57538,372.781,0.00122817,1.91227,2.50552,-2.72143,3.18915
-0.57538,372.781,0.00122839,2.05364,2.46637,-3.64103,4.26679
-0.57538,372.781,0.0012286,2.18691,2.41749,-4.54626,5.3276
-0.57538,372.781,0.00122882,2.31154,2.35906,-5.43355,6.36738
-0.57538,372.781,0.00122903,2.42705,2.29133,-6.29939,7.38203
-0.57538,372.781,0.00122925,2.53298,2.21455,-7.14037,8.36755
-0.57538,372.781,0.00122946,2.62892,2.12903,-7.95318,9.32004
-0.57538,372.781,0.00122968,2.71448,2.03511,-8.73459,10.2358
-0.57538,372.781,0.00122989,2.78933,1.93316,-9.48153,11.1111
-0.57538,372.781,0.00123011,2.85317,1.82358,-10.1911,11.9425
-0.57538,372.781,0.00123032,2.90575,1.7068,-10.8604,12.7269
-0.57538,372.781,0.00123054,2.94686,1.58329,-11.4868,13.461
-0.57538,372.781,0.00123075,2.97634,1.45352,-12.0679,14.142
-0.57538,372.781,0.00123097,2.99408,1.31802,-12.6014,14.7671
-0.57538,372.781,0.00123118,3,1.17732,-13.0852,15.334
-0.57538,372.781,0.0012314,2.99408,1.03198,-13.5173,15.8404
-0.57538,372.781,0.00123161,2.97634,0.882557,-13.896,16.2843
-0.57538,372.781,0.00123183,2.94686,0.729654,-14.22,16.6639
-0.57538,372.781,0.00123204,2.90575,0.573872,-14.4878,16.9777
-0.57538,372.781,0.00123226,2.85317,0.415824,-14.6984,17.2245
-0.57538,372.781,0.00123247,2.78933,0.256136,-14.851,17.4034
-0.57538,372.781,0.00123269,2.71448,0.0954371,-14.945,17.5135
-0.57538,372.781,0.0012329,2.62892,-0.0656387,-14.98,17.5546
-0.57538,372.781,0.00123312,2.53298,-0.226455,-14.956,17.5263
-0.57538,372.781,0.00123333,2.42705,-0.386378,-14.8728,17.4289
-0.57538,372.781,0.00123355,2.31154,-0.544776,-14.731,17.2628
-0.57538,372.781,0.00123376,2.18691,-0.701025,-14.5311,17.0284
-0.57538,372.781,0.00123398,2.05364,-0.854506,-14.2738,16.7269
-0.57538,372.781,0.00123419,1.91227,-1.00462,-13.9602,16.3594
-0.57538,372.781,0.00123441,1.76336,-1.15076,-13.5914,15.9273
-0.57538,372.781,0.00123462,1.60748,-1.29236,-13.1691,15.4324
-0.57538,372.781,0.00123484,1.44526,-1.42886,-12.6947,14.8765
-0.57538,372.781,0.00123505,1.27734,-1.55973,-12.1703,14.2619
-0.57538,372.781,0.00123527,1.10437,-1.68444,-11.5978,13.5911
-0.57538,372.781,0.00123548,0.927051,-1.8025,-10.9796,12.8666
-0.57538,372.781,0.0012357,0.74607,-1.91344,-10.318,12.0913
-0.57538,372.781,0.00123591,0.562144,-2.01684,-9.61574,11.2683
-0.57538,372.781,0.00123613,0.376,-2.11227,-8.87551,10.4009
-0.57538,372.781,0.00123634,0.188372,-2.19937,-8.10024,9.49238
-0.57538,372.781,0.00123656,1.38172e-013,-2.27779,-7.29301,8.54641
-0.57538,372.781,0.00123677,-0.188372,-2.34722,-6.45699,7.56672
-0.57538,372.781,0.00123699,-0.376,-2.40739,-5.5955,6.55716
-0.57538,372.781,0.0012372,-0.562144,-2.45805,-4.71192,5.52172
-0.57538,372.781,0.00123742,-0.74607,-2.49902,-3.80974,4.4645
-0.57538,372.781,0.00123763,-0.927051,-2.53012,-2.89253,3.38965
-0.57538,372.781,0.00123785,-1.10437,-2.55124,-1.9639,2.30142
-0.57538,372.781,0.00123806,-1.27734,-2.56229,-1.02752,1.20412
-0.57538,372.781,0.00123828,-1.44526,-2.56322,-0.0870901,0.102058
-0.57538,372.781,0.00123849,-1.60748,-2.55405,0.853686,-1.0004
-0.57538,372.781,0.00123871,-1.76336,-2.53479,1.79109,-2.09892
-0.57538,372.781,0.00123892,-1.91227,-2.50552,2.72143,-3.18915
-0.57538,372.781,0.00123914,-2.05364,-2.46637,3.64103,-4.26679
-0.57538,372.781,0.00123935,-2.18691,-2.41749,4.54626,-5.3276
-0.57538,372.781,0.00123957,-2.31154,-2.35906,5.43355,-6.36738
-0.57538,372.781,0.00123978,-2.42705,-2.29133,6.29939,-7.38203
-0.57538,372.781,0.00124,-2.53298,-2.21455,7.14037,-8.36755
-0.57538,372.781,0.00124022,-2.62892,-2.12903,7.95318,-9.32004
-0.57538,372.781,0.00124043,-2.71448,-2.03511,8.73459,-10.2358
-0.57538,372.781,0.00124065,-2.78933,-1.93316,9.48153,-11.1111
-0.57538,372.781,0.00124086,-2.85317,-1.82358,10.1911,-11.9425
-0.57538,372.781,0.00124108,-2.90575,-1.7068,10.8604,-12.7269
-0.57538,372.781,0.00124129,-2.94686,-1.58329,11.4868,-13.461
-0.57538,372.781,0.00124151,-2.97634,-1.45352,12.0679,-14.142
-0.57538,372.781,0.00124172,-2.99408,-1.31802,12.6014,-14.7671
-0.57538,372.781,0.00124194,-3,-1.17732,13.0852,-15.334
-0.57538,372.781,0.00124215,-2.99408,-1.03198,13.5173,-15.8404
-0.57538,372.781,0.00124237,-2.97634,-0.882557,13.896,-16.2843
-0.57538,372.781,0.00124258,-2.94686,-0.729654,14.22,-16.6639
-0.57538,372.781,0.0012428,-2.90575,-0.573872,14.4878,-16.9777
-0.57538,372.781,0.00124301,-2.85317,-0.415824,14.6984,-17.2245
-0.57538,372.781,0.00124323,-2.78933,-0.256136,14.851,-17.4034
-0.57538,372.781,0.00124344,-2.71448,-0.0954371,14.945,-17.5135
-0.57538,372.781,0.00124366,-2.62892,0.0656386,14.98,-17.5546
-0.57538,372.781,0.00124387,-2.53298,0.226455,14.956,-17.5263
-0.57538,372.781,0.00124409,-2.42705,0.386378,14.8728,-17.4289
-0.57538,372.781,0.0012443,-2.31154,0.544776,14.731,-17.2628
-0.57538,372.781,0.00124452,-2.18691,0.701025,14.5311,-17.0284
-0.57538,372.781,0.00124473,-2.05364,0.854506,14.2738,-16.7269
-0.57538,372.781,0.00124495,-1.91227,1.00462,13.9602,-16.3594
-0.57538,372.781,0.00124516,-1.76336,1.15076,13.5914,-15.9273
-0.57538,372.781,0.00124538,-1.60748,1.29236,13.1691,-15.4324
-0.57538,372.781,0.00124559,-1.44526,1.42886,12.6947,-14.8765
-0.57538,372.781,0.00124581,-1.27734,1.55973,12.1703,-14.2619
-0.57538,372.781,0.00124602,-1.10437,1.68444,11.5978,-13.5911
-0.57538,372.781,0.00124624,-0.927051,1.8025,10.9796,-12.8666
-0.57538,372.781,0.00124645,-0.74607,1.91344,10.318,-12.0913
-0.57538,372.781,0.00124667,-0.562144,2.01684,9.61574,-11.2683
-0.57538,372.781,0.00124688,-0.376,2.11227,8.87551,-10.4009
-0.57538,372.781,0.0012471,-0.188372,2.19937,8.10024,-9.49238
-0.57538,372.781,0.00124731,-1.70514e-013,2.27779,7.29301,-8.54641
-0.57538,372.781,0.00124753,0.188372,2.34722,6.45699,-7.56672
-0.57538,372.781,0.00124774,0.376,2.40739,5.5955,-6.55716
-0.57538,372.781,0.00124796,0.562144,2.45805,4.71192,-5.52172
-0.57538,372.781,0.00124817,0.74607,2.49902,3.80974,-4.4645
-0.57538,372.781,0.00124839,0.927051,2.53012,2.89253,-3.38965
-0.57538,372.781,0.0012486,1.10437,2.55124,1.9639,-2.30142
-0.57538,372.781,0.00124882,1.27734,2.56229,1.02752,-1.20412
-0.57538,372.781,0.00124903,1.44526,2.56322,0.0870902,-0.102058
-0.57538,372.781,0.00124925,1.60748,2.55405,-0.853686,1.0004
-0.57538,372.781,0.00124946,1.76336,2.53479,-1.79109,2.09892
-0.57538,372.781,0.00124968,1.91227,2.50552,-2.72143,3.18915
-0.57538,372.781,0.00124989,2.05364,2.46637,-3.64103,4.26679
-0.57538,372.781,0.00125011,2.18691,2.41749,-4.54626,5.3276
-0.57538,372.781,0.00125032,2.31154,2.35906,-5.43355,6.36738
-0.57538,372.781,0.00125054,2.42705,2.29133,-6.29939,7.38203
-0.57538,372.781,0.00125075,2.53298,2.21455,-7.14037,8.36755
-0.57538,372.781,0.00125097,2.62892,2.12903,-7.95318,9.32004
-0.57538,372.781,0.00125118,2.71448,2.03511,-8.73459,10.2358
-0.57538,372.781,0.0012514,2.78933,1.93316,-9.48153,11.1111
-0.57538,372.781,0.00125161,2.85317,1.82358,-10.1911,11.9425
-0.57538,372.781,0.00125183,2.90575,1.7068,-10.8604,12.7269
-0.57538,372.781,0.00125204,2.94686,1.58329,-11.4868,13.461
-0.57538,372.781,0.00125226,2.97634,1.45352,-12.0679,14.142
-0.57538,372.781,0.00125247,2.99408,1.31802,-12.6014,14.7671
-0.57538,372.781,0.00125269,3,1.17732,-13.0852,15.334
-0.57538,372.781,0.0012529,2.99408,1.03198,-13.5173,15.8404
-0.57538,372.781,0.00125312,2.97634,0.882557,-13.896,16.2843
-0.57538,372.781,0.00125333,2.94686,0.729654,-14.22,16.6639
-0.57538,372.781,0.00125355,2.90575,0.573872,-14.4878,16.9777
-0.57538,372.781,0.00125376,2.85317,0.415824,-14.6984,17.2245
-0.57538,372.781,0.00125398,2.78933,0.256136,-14.851,17.4034
-0.57538,372.781,0.00125419,2.71448,0.0954371,-14.945,17.5135
-0.57538,372.781,0.00125441,2.62892,-0.0656386,-14.98,17.5546
-0.57538,372.781,0.00125462,2.53298,-0.226455,-14.956,17.5263
-0.57538,372.781,0.00125484,2.42705,-0.386378,-14.8728,17.4289
-0.57538,372.781,0.00125505,2.31154,-0.544776,-14.731,17.2628
-0.57538,372.781,0.00125527,2.18691,-0.701025,-14.5311,17.0284
-0.57538,372.781,0.00125548,2.05364,-0.854506,-14.2738,16.7269
-0.57538,372.781,0.0012557,1.91227,-1.00462,-13.9602,16.3594
-0.57538,372.781,0.00125591,1.76336,-1.15076,-13.5914,15.9273
-0.57538,372.781,0.00125613,1.60748,-1.29236,-13.1691,15.4324
-0.57538,372.781,0.00125634,1.44526,-1.42886,-12.6947,14.8765
-0.57538,372.781,0.00125656,1.27734,-1.55973,-12.1703,14.2619
-0.57538,372.781,0.00125677,1.10437,-1.68444,-11.5978,13.5911
-0.57538,372.781,0.00125699,0.927051,-1.8025,-10.9796,12.8666
-0.57538,372.781,0.0012572,0.74607,-1.91344,-10.318,12.0913
-0.57538,372.781,0.00125742,0.562144,-2.01684,-9.61574,11.2683
-0.57538,372.781,0.00125763,0.376,-2.11227,-8.87551,10.4009
-0.57538,372.781,0.00125785,0.188372,-2.19937,-8.10024,9.49238
-0.57538,372.781,0.00125806,2.02856e-013,-2.27779,-7.29301,8.54641
-0.57538,372.781,0.00125828,-0.188372,-2.34722,-6.45699,7.56672
-0.57538,372.781,0.00125849,-0.376,-2.40739,-5.5955,6.55716
-0.57538,372.781,0.00125871,-0.562144,-2.45805,-4.71192,5.52172
-0.57538,372.781,0.00125892,-0.74607,-2.49902,-3.80974,4.4645
-0.57538,372.781,0.00125914,-0.927051,-2.53012,-2.89253,3.38965
-0.57538,372.781,0.00125935,-1.10437,-2.55124,-1.9639,2.30142
-0.57538,372.781,0.00125957,-1.27734,-2.56229,-1.02752,1.20412
-0.57538,372.781,0.00125978,-1.44526,-2.56322,-0.0870903,0.102058
-0.57538,372.781,0.00126,-1.60748,-2.55405,0.853686,-1.0004
-0.57538,372.781,0.00126022,-1.76336,-2.53479,1.79109,-2.09892
-0.57538,372.781,0.00126043,-1.91227,-2.50552,2.72143,-3.18915
-0.57538,372.781,0.00126065,-2.05364,-2.46637,3.64103,-4.26679
-0.57538,372.781,0.00126086,-2.18691,-2.41749,4.54626,-5.3276
-0.57538,372.781,0.00126108,-2.31154,-2.35906,5.43355,-6.36738
-0.57538,372.781,0.00126129,-2.42705,-2.29133,6.29939,-7.38203
-0.57538,372.781,0.00126151,-2.53298,-2.21455,7.14037,-8.36755
-0.57538,372.781,0.00126172,-2.62892,-2.12903,7.95318,-9.32004
-0.57538,372.781,0.00126194,-2.71448,-2.03511,8.73459,-10.2358
-0.57538,372.781,0.00126215,-2.78933,-1.93316,9.48153,-11.1111
-0.57538,372.781,0.00126237,-2.85317,-1.82358,10.1911,-11.9425
-0.57538,372.781,0.00126258,-2.90575,-1.7068,10.8604,-12.7269
-0.57538,372.781,0.0012628,-2.94686,-1.58329,11.4868,-13.461
-0.57538,372.781,0.00126301,-2.97634,-1.45352,12.0679,-14.142
-0.57538,372.781,0.00126323,-2.99408,-1.31802,12.6014,-14.7671
-0.57538,372.781,0.00126344,-3,-1.17732,13.0852,-15.334
-0.57538,372.781,0.00126366,-2.99408,-1.03198,13.5173,-15.8404
-0.57538,372.781,0.00126387,-2.97634,-0.882557,13.896,-16.2843
-0.57538,372.781,0.00126409,-2.94686,-0.729654,14.22,-16.6639
-0.57538,372.781,0.0012643,-2.90575,-0.573872,14.4878,-16.9777
-0.57538,372.781,0.00126452,-2.85317,-0.415824,14.6984,-17.2245
-0.57538,372.781,0.00126473,-2.78933,-0.256136,14.851,-17.4034
-0.57538,372.781,0.00126495,-2.71448,-0.0954371,14.945,-17.5135
-0.57538,372.781,0.00126516,-2.62892,0.0656386,14.98,-17.5546
-0.57538,372.781,0.00126538,-2.53298,0.226455,14.956,-17.5263
-0.57538,372.781,0.00126559,-2.42705,0.386378,14.8728,-17.4289
-0.57538,372.781,0.00126581,-2.31154,0.544776,14.731,-17.2628
-0.57538,372.781,0.00126602,-2.18691,0.701025,14.5311,-17.0284
-0.57538,372.781,0.00126624,-2.05364,0.854506,14.2738,-16.7269
-0.57538,372.781,0.00126645,-1.91227,1.00462,13.9602,-16.3594
-0.57538,372.781,0.00126667,-1.76336,1.15076,13.5914,-15.9273
-0.57538,372.781,0.00126688,-1.60748,1.29236,13.1691,-15.4324
-0.57538,372.781,0.0012671,-1.44526,1.42886,12.6947,-14.8765
-0.57538,372.781,0.00126731,-1.27734,1.55973,12.1703,-14.2619
-0.57538,372.781,0.00126753,-1.10437,1.68444,11.5978,-13.5911
-0.57538,372.781,0.00126774,-0.927051,1.8025,10.9796,-12.8666
-0.57538,372.781,0.00126796,-0.74607,1.91344,10.318,-12.0913
-0.57538,372.781,0.00126817,-0.562144,2.01684,9.61574,-11.2683
-0.57538,372.781,0.00126839,-0.376,2.11227,8.87551,-10.4009
-0.57538,372.781,0.0012686,-0.188372,2.19937,8.10024,-9.49238
-0.57538,372.781,0.00126882,-6.46673e-014,2.27779,7.29301,-8.54641
-0.57538,372.781,0.00126903,0.188372,2.34722,6.45699,-7.56672
-0.57538,372.781,0.00126925,0.376,2.40739,5.5955,-6.55716
-0.57538,372.781,0.00126946,0.562144,2.45805,4.71192,-5.52172
-0.57538,372.781,0.00126968,0.74607,2.49902,3.80974,-4.4645
-0.57538,372.781,0.00126989,0.927051,2.53012,2.89253,-3.38965
-0.57538,372.781,0.00127011,1.10437,2.55124,1.9639,-2.30142
-0.57538,372.781,0.00127032,1.27734,2.56229,1.02752,-1.20412
-0.57538,372.781,0.00127054,1.44526,2.56322,0.0870903,-0.102058
-0.57538,372.781,0.00127075,1.60748,2.55405,-0.853686,1.0004
-0.57538,372.781,0.00127097,1.76336,2.53479,-1.79109,2.09892
-0.57538,372.781,0.00127118,1.91227,2.50552,-2.72143,3.18915
-0.57538,372.781,0.0012714,2.05364,2.46637,-3.64103,4.26679
-0.57538,372.781,0.00127161,2.18691,2.41749,-4.54626,5.3276
-0.57538,372.781,0.00127183,2.31154,2.35906,-5.43355,6.36738
-0.57538,372.781,0.00127204,2.42705,2.29133,-6.29939,7.38203
-0.57538,372.781,0.00127226,2.53298,2.21455,-7.14037,8.36755
-0.57538,372.781,0.00127247,2.62892,2.12903,-7.95318,9.32004
-0.57538,372.781,0.00127269,2.71448,2.03511,-8.73459,10.2358
-0.57538,372.781,0.0012729,2.78933,1.93316,-9.48153,11.1111
-0.57538,372.781,0.00127312,2.85317,1.82358,-10.1911,11.9425
-0.57538,372.781,0.00127333,2.90575,1.7068,-10.8604,12.7269
-0.57538,372.781,0.00127355,2.94686,1.58329,-11.4868,13.461
-0.57538,372.781,0.00127376,2.97634,1.45352,-12.0679,14.142
-0.57538,372.781,0.00127398,2.99408,1.31802,-12.6014,14.7671
-0.57538,372.781,0.00127419,3,1.17732,-13.0852,15.334
-0.57538,372.781,0.00127441,2.99408,1.03198,-13.5173,15.8404
-0.57538,372.781,0.00127462,2.97634,0.882557,-13.896,16.2843
-0.57538,372.781,0.00127484,2.94686,0.729654,-14.22,16.6639
-0.57538,372.781,0.00127505,2.90575,0.573872,-14.4878,16.9777
-0.57538,372.781,0.00127527,2.85317,0.415824,-14.6984,17.2245
-0.57538,372.781,0.00127548,2.78933,0.256136,-14.851,17.4034
-0.57538,372.781,0.0012757,2.71448,0.0954371,-14.945,17.5135
-0.57538,372.781,0.00127591,2.62892,-0.0656386,-14.98,17.5546
-0.57538,372.781,0.00127613,2.53298,-0.226455,-14.956,17.5263
-0.57538,372.781,0.00127634,2.42705,-0.386378,-14.8728,17.4289
-0.57538,372.781,0.00127656,2.31154,-0.544776,-14.731,17.2628
-0.57538,372.781,0.00127677,2.18691,-0.701024,-14.5311,17.0284
-0.57538,372.781,0.00127699,2.05364,-0.854506,-14.2738,16.7269
-0.57538,372.781,0.0012772,1.91227,-1.00462,-13.9602,16.3594
-0.57538,372.781,0.00127742,1.76336,-1.15076,-13.5914,15.9273
-0.57538,372.781,0.00127763,1.60748,-1.29236,-13.1691,15.4324
-0.57538,372.781,0.00127785,1.44526,-1.42886,-12.6947,14.8765
-0.57538,372.781,0.00127806,1.27734,-1.55973,-12.1703,14.2619
-0.57538,372.781,0.00127828,1.10437,-1.68444,-11.5978,13.5911
-0.57538,372.781,0.00127849,0.927051,-1.8025,-10.9796,12.8666
-0.57538,372.781,0.00127871,0.74607,-1.91344,-10.318,12.0913
-0.57538,372.781,0.00127892,0.562144,-2.01684,-9.61574,11.2683
-0.57538,372.781,0.00127914,0.376,-2.11227,-8.87551,10.4009
-0.57538,372.781,0.00127935,0.188372,-2.19937,-8.10024,9.49238
-0.57538,372.781,0.00127957,9.70092e-014,-2.27779,-7.29301,8.54641
-0.57538,372.781,0.00127978,-0.188372,-2.34722,-6.45699,7.56672
-0.57538,372.781,0.00128,-0.376,-2.40739,-5.5955,6.55716
-0.57538,372.781,0.00128022,-0.562144,-2.45805,-4.71192,5.52172
-0.57538,372.781,0.00128043,-0.74607,-2.49902,-3.80974,4.4645
-0.57538,372.781,0.00128065,-0.927051,-2.53012,-2.89253,3.38965
-0.57538,372.781,0.00128086,-1.10437,-2.55124,-1.9639,2.30142
-0.57538,372.781,0.00128108,-1.27734,-2.56229,-1.02752,1.20412
-0.57538,372.781,0.00128129,-1.44526,-2.56322,-0.0870904,0.102058
-0.57538,372.781,0.00128151,-1.60748,-2.55405,0.853686,-1.0004
-0.57538,372.781,0.00128172,-1.76336,-2.53479,1.79109,-2.09892
-0.57538,372.781,0.00128194,-1.91227,-2.50552,2.72143,-3.18915
-0.57538,372.781,0.00128215,-2.05364,-2.46637,3.64103,-4.26679
-0.57538,372.781,0.00128237,-2.18691,-2.41749,4.54626,-5.3276
-0.57538,372.781,0.00128258,-2.31154,-2.35906,5.43355,-6.36738
-0.57538,372.781,0.0012828,-2.42705,-2.29133,6.29939,-7.38203
-0.57538,372.781,0.00128301,-2.53298,-2.21455,7.14037,-8.36755
-0.57538,372.781,0.00128323,-2.62892,-2.12903,7.95318,-9.32004
-0.57538,372.781,0.00128344,-2.71448,-2.03511,8.73459,-10.2358
-0.57538,372.781,0.00128366,-2.78933,-1.93316,9.48153,-11.1111
-0.57538,372.781,0.00128387,-2.85317,-1.82358,10.1911,-11.9425
-0.57538,372.781,0.00128409,-2.90575,-1.7068,10.8604,-12.7269
-0.57538,372.781,0.0012843,-2.94686,-1.58329,11.4868,-13.461
-0.57538,372.781,0.00128452,-2.97634,-1.45352,12.0679,-14.142
-0.57538,372.781,0.00128473,-2.99408,-1.31802,12.6014,-14.7671
-0.57538,372.781,0.00128495,-3,-1.17732,13.0852,-15.334
-0.57538,372.781,0.00128516,-2.99408,-1.03198,13.5173,-15.8404
-0.57538,372.781,0.00128538,-2.97634,-0.882557,13.896,-16.2843
-0.57538,372.781,0.00128559,-2.94686,-0.729654,14.22,-16.6639
-0.57538,372.781,0.00128581,-2.90575,-0.573872,14.4878,-16.9777
-0.57538,372.781,0.00128602,-2.85317,-0.415824,14.6984,-17.2245
-0.57538,372.781,0.00128624,-2.78933,-0.256136,14.851,-17.4034
-0.57538,372.781,0.00128645,-2.71448,-0.0954371,14.945,-17.5135
-0.57538,372.781,0.00128667,-2.62892,0.0656386,14.98,-17.5546
-0.57538,372.781,0.00128688,-2.53298,0.226455,14.956,-17.5263
-0.57538,372.781,0.0012871,-2.42705,0.386378,14.8728,-17.4289
-0.57538,372.781,0.00128731,-2.31154,0.544776,14.731,-17.2628
-0.57538,372.781,0.00128753,-2.18691,0.701024,14.5311,-17.0284
-0.57538,372.781,0.00128774,-2.05364,0.854506,14.2738,-16.7269
-0.57538,372.781,0.00128796,-1.91227,1.00462,13.9602,-16.3594
-0.57538,372.781,0.00128817,-1.76336,1.15076,13.5914,-15.9273
-0.57538,372.781,0.00128839,-1.60748,1.29236,13.1691,-15.4324
-0.57538,372.781,0.0012886,-1.44526,1.42886,12.6947,-14.8765
-0.57538,372.781,0.00128882,-1.27734,1.55973,12.1703,-14.2619
-0.57538,372.781,0.00128903,-1.10437,1.68444,11.5978,-13.5911
-0.57538,372.781,0.00128925,-0.927051,1.8025,10.9796,-12.8666
-0.57538,372.781,0.00128946,-0.74607,1.91344,10.318,-12.0913
-0.57538,372.781,0.00128968,-0.562144,2.01684,9.61574,-11.2683
-0.57538,372.781,0.00128989,-0.376,2.11227,8.87551,-10.4009
-0.57538,372.781,0.00129011,-0.188372,2.19937,8.10024,-9.49238
-0.57538,372.781,0.00129032,-2.99881e-013,2.27779,7.29301,-8.54641
