Amp, Phaseshift, Time, Vd, Vr, VL, VC
-0.110586,372.279,0,0,0,0,0
-0.110586,372.279,4.25532e-007,0.188372,0.00400791,0.188372,0
-0.110586,372.279,8.51064e-007,0.376,0.0119226,0.371992,0.00341098
-0.110586,372.279,1.2766e-006,0.562144,0.0235569,0.54681,0.0135579
-0.110586,372.279,1.70213e-006,0.74607,0.038641,0.708955,0.0336063
-0.110586,372.279,2.12766e-006,0.927051,0.0568283,0.854804,0.0664923
-0.110586,372.279,2.55319e-006,1.10437,0.0777018,0.981053,0.114857
-0.110586,372.279,2.97872e-006,1.27734,0.100782,1.08478,0.180986
-0.110586,372.279,3.40426e-006,1.44526,0.125537,1.16349,0.266758
-0.110586,372.279,3.82979e-006,1.60748,0.151392,1.21518,0.373598
-0.110586,372.279,4.25532e-006,1.76336,0.177741,1.23836,0.502443
-0.110586,372.279,4.68085e-006,1.91227,0.203955,1.23209,0.653712
-0.110586,372.279,5.10638e-006,2.05364,0.229401,1.19597,0.827291
-0.110586,372.279,5.53191e-006,2.18691,0.253449,1.13021,1.02253
-0.110586,372.279,5.95745e-006,2.31154,0.275482,1.03557,1.23823
-0.110586,372.279,6.38298e-006,2.42705,0.294915,0.913342,1.47268
-0.110586,372.279,6.80851e-006,2.53298,0.3112,0.76539,1.72367
-0.110586,372.279,7.23404e-006,2.62892,0.323839,0.59405,1.98852
-0.110586,372.279,7.65957e-006,2.71448,0.332395,0.402121,2.26413
-0.110586,372.279,8.08511e-006,2.78933,0.336497,0.192806,2.54702
-0.110586,372.279,8.51064e-006,2.85317,0.335851,-0.0303455,2.8334
-0.110586,372.279,8.93617e-006,2.90575,0.330245,-0.2635,3.11923
-0.110586,372.279,9.3617e-006,2.94686,0.319551,-0.502613,3.40029
-0.110586,372.279,9.78723e-006,2.97634,0.303732,-0.743496,3.67225
-0.110586,372.279,1.02128e-005,2.99408,0.282841,-0.981899,3.93074
-0.110586,372.279,1.06383e-005,3,0.25702,-1.21358,4.17146
-0.110586,372.279,1.10638e-005,2.99408,0.2265,-1.4344,4.3902
-0.110586,372.279,1.14894e-005,2.97634,0.191599,-1.64035,4.58296
-0.110586,372.279,1.19149e-005,2.94686,0.152712,-1.8277,4.74603
-0.110586,372.279,1.23404e-005,2.90575,0.110308,-1.99299,4.876
-0.110586,372.279,1.2766e-005,2.85317,0.0649222,-2.13313,4.96987
-0.110586,372.279,1.31915e-005,2.78933,0.0171463,-2.24547,5.02513
-0.110586,372.279,1.3617e-005,2.71448,-0.0323812,-2.32779,5.03972
-0.110586,372.279,1.40426e-005,2.62892,-0.0829859,-2.37842,5.01216
-0.110586,372.279,1.44681e-005,2.53298,-0.133969,-2.39619,4.94154
-0.110586,372.279,1.48936e-005,2.42705,-0.184618,-2.38052,4.82752
-0.110586,372.279,1.53191e-005,2.31154,-0.234221,-2.33136,4.6704
-0.110586,372.279,1.57447e-005,2.18691,-0.282078,-2.24927,4.47106
-0.110586,372.279,1.61702e-005,2.05364,-0.327511,-2.13534,4.23099
-0.110586,372.279,1.65957e-005,1.91227,-0.369877,-1.99121,3.95226
-0.110586,372.279,1.70213e-005,1.76336,-0.40858,-1.81903,3.63747
-0.110586,372.279,1.74468e-005,1.60748,-0.443078,-1.62141,3.28974
-0.110586,372.279,1.78723e-005,1.44526,-0.472895,-1.40141,2.91266
-0.110586,372.279,1.82979e-005,1.27734,-0.497628,-1.16242,2.51019
-0.110586,372.279,1.87234e-005,1.10437,-0.516951,-0.908192,2.08668
-0.110586,372.279,1.91489e-005,0.927051,-0.530625,-0.642678,1.64672
-0.110586,372.279,1.95745e-005,0.74607,-0.538498,-0.370027,1.19513
-0.110586,372.279,2e-005,0.562144,-0.540508,-0.0944846,0.73683
-0.110586,372.279,2.04255e-005,0.376,-0.536685,0.179677,0.276824
-0.110586,372.279,2.08511e-005,0.188372,-0.527148,0.448233,-0.17993
-0.110586,372.279,2.12766e-005,3.67382e-016,-0.512104,0.707078,-0.628567
-0.110586,372.279,2.17021e-005,-0.188372,-0.491842,0.952299,-1.0644
-0.110586,372.279,2.21277e-005,-0.376,-0.466731,1.18024,-1.48299
-0.110586,372.279,2.25532e-005,-0.562144,-0.437208,1.38758,-1.88021
-0.110586,372.279,2.29787e-005,-0.74607,-0.403775,1.57134,-2.2523
-0.110586,372.279,2.34043e-005,-0.927051,-0.366987,1.72902,-2.59594
-0.110586,372.279,2.38298e-005,-1.10437,-0.327444,1.85855,-2.90827
-0.110586,372.279,2.42553e-005,-1.27734,-0.285776,1.95837,-3.18694
-0.110586,372.279,2.46809e-005,-1.44526,-0.242639,2.02746,-3.43016
-0.110586,372.279,2.51064e-005,-1.60748,-0.198696,2.06531,-3.63666
-0.110586,372.279,2.55319e-005,-1.76336,-0.154611,2.072,-3.80576
-0.110586,372.279,2.59574e-005,-1.91227,-0.111034,2.0481,-3.93734
-0.110586,372.279,2.6383e-005,-2.05364,-0.0685931,1.99474,-4.03184
-0.110586,372.279,2.68085e-005,-2.18691,-0.0278798,1.91353,-4.09022
-0.110586,372.279,2.7234e-005,-2.31154,0.0105576,1.80656,-4.11395
-0.110586,372.279,2.76596e-005,-2.42705,0.0462244,1.67634,-4.10496
-0.110586,372.279,2.80851e-005,-2.53298,0.0786872,1.52575,-4.06562
-0.110586,372.279,2.85106e-005,-2.62892,0.107581,1.35801,-3.99865
-0.110586,372.279,2.89362e-005,-2.71448,0.132615,1.17659,-3.90709
-0.110586,372.279,2.93617e-005,-2.78933,0.153576,0.98515,-3.79423
-0.110586,372.279,2.97872e-005,-2.85317,0.170331,0.787485,-3.66353
-0.110586,372.279,3.02128e-005,-2.90575,0.182829,0.587448,-3.51857
-0.110586,372.279,3.06383e-005,-2.94686,0.191103,0.388874,-3.36297
-0.110586,372.279,3.10638e-005,-2.97634,0.195263,0.195519,-3.20032
-0.110586,372.279,3.14894e-005,-2.99408,0.195497,0.0109814,-3.03414
-0.110586,372.279,3.19149e-005,-3,0.192064,-0.161354,-2.86776
-0.110586,372.279,3.23404e-005,-2.99408,0.18529,-0.318381,-2.7043
-0.110586,372.279,3.2766e-005,-2.97634,0.175559,-0.45733,-2.54661
-0.110586,372.279,3.31915e-005,-2.94686,0.163308,-0.57581,-2.3972
-0.110586,372.279,3.3617e-005,-2.90575,0.149013,-0.671859,-2.25821
-0.110586,372.279,3.40426e-005,-2.85317,0.133184,-0.74397,-2.13139
-0.110586,372.279,3.44681e-005,-2.78933,0.116352,-0.791121,-2.01804
-0.110586,372.279,3.48936e-005,-2.71448,0.0990584,-0.812788,-1.91902
-0.110586,372.279,3.53191e-005,-2.62892,0.0818466,-0.808957,-1.83472
-0.110586,372.279,3.57447e-005,-2.53298,0.0652484,-0.780113,-1.76506
-0.110586,372.279,3.61702e-005,-2.42705,0.0497752,-0.727239,-1.70953
-0.110586,372.279,3.65957e-005,-2.31154,0.0359075,-0.651785,-1.66717
-0.110586,372.279,3.70213e-005,-2.18691,0.0240852,-0.555646,-1.63661
-0.110586,372.279,3.74468e-005,-2.05364,0.0146997,-0.441118,-1.61611
-0.110586,372.279,3.78723e-005,-1.91227,0.00808566,-0.310862,-1.6036
-0.110586,372.279,3.82979e-005,-1.76336,0.00451456,-0.167842,-1.59672
-0.110586,372.279,3.87234e-005,-1.60748,0.00418952,-0.0152766,-1.59288
-0.110586,372.279,3.91489e-005,-1.44526,0.00724113,0.143426,-1.58931
-0.110586,372.279,3.95745e-005,-1.27734,0.0137248,0.304732,-1.58315
-0.110586,372.279,4e-005,-1.10437,0.0236195,0.465049,-1.57147
-0.110586,372.279,4.04255e-005,-0.927051,0.0368279,0.620797,-1.55137
-0.110586,372.279,4.08511e-005,-0.74607,0.0531783,0.768468,-1.52002
-0.110586,372.279,4.12766e-005,-0.562144,0.0724272,0.9047,-1.47476
-0.110586,372.279,4.17021e-005,-0.376,0.0942642,1.02634,-1.41312
-0.110586,372.279,4.21277e-005,-0.188372,0.118317,1.13049,-1.3329
-0.110586,372.279,4.25532e-005,-7.34764e-016,0.144159,1.21458,-1.2322
-0.110586,372.279,4.29787e-005,0.188372,0.171317,1.27642,-1.10952
-0.110586,372.279,4.34043e-005,0.376,0.199279,1.3142,-0.963714
-0.110586,372.279,4.38298e-005,0.562144,0.227504,1.32658,-0.794115
-0.110586,372.279,4.42553e-005,0.74607,0.255433,1.31268,-0.600494
-0.110586,372.279,4.46809e-005,0.927051,0.282499,1.27211,-0.383104
-0.110586,372.279,4.51064e-005,1.10437,0.308137,1.20498,-0.142679
-0.110586,372.279,4.55319e-005,1.27734,0.331794,1.11188,0.119565
-0.110586,372.279,4.59574e-005,1.44526,0.352941,0.993901,0.401943
-0.110586,372.279,4.6383e-005,1.60748,0.371081,0.852596,0.702319
-0.110586,372.279,4.68085e-005,1.76336,0.385761,0.689955,1.01813
-0.110586,372.279,4.7234e-005,1.91227,0.396578,0.508378,1.34644
-0.110586,372.279,4.76596e-005,2.05364,0.403187,0.310623,1.68395
-0.110586,372.279,4.80851e-005,2.18691,0.40531,0.0997654,2.02709
-0.110586,372.279,4.85106e-005,2.31154,0.402738,-0.120861,2.37204
-0.110586,372.279,4.89362e-005,2.42705,0.39534,-0.347723,2.71479
-0.110586,372.279,4.93617e-005,2.53298,0.38306,-0.577147,3.05125
-0.110586,372.279,4.97872e-005,2.62892,0.365924,-0.805391,3.37726
-0.110586,372.279,5.02128e-005,2.71448,0.344037,-1.0287,3.68868
-0.110586,372.279,5.06383e-005,2.78933,0.317582,-1.24339,3.98148
-0.110586,372.279,5.10638e-005,2.85317,0.286818,-1.44589,4.25176
-0.110586,372.279,5.14894e-005,2.90575,0.252077,-1.63283,4.49586
-0.110586,372.279,5.19149e-005,2.94686,0.213756,-1.80108,4.7104
-0.110586,372.279,5.23404e-005,2.97634,0.172313,-1.94781,4.89232
-0.110586,372.279,5.2766e-005,2.99408,0.128259,-2.07055,5.03897
-0.110586,372.279,5.31915e-005,3,0.0821478,-2.16723,5.14812
-0.110586,372.279,5.3617e-005,2.99408,0.0345693,-2.23619,5.21804
-0.110586,372.279,5.40426e-005,2.97634,-0.0138618,-2.27626,5.24746
-0.110586,372.279,5.44681e-005,2.94686,-0.0625157,-2.28673,5.23566
-0.110586,372.279,5.48936e-005,2.90575,-0.110758,-2.26739,5.18245
-0.110586,372.279,5.53191e-005,2.85317,-0.157961,-2.21853,5.08819
-0.110586,372.279,5.57447e-005,2.78933,-0.203512,-2.1409,4.95376
-0.110586,372.279,5.61702e-005,2.71448,-0.246826,-2.03576,4.78056
-0.110586,372.279,5.65957e-005,2.62892,-0.287354,-1.90481,4.57049
-0.110586,372.279,5.70213e-005,2.53298,-0.324591,-1.75015,4.32593
-0.110586,372.279,5.74468e-005,2.42705,-0.358087,-1.57429,4.04969
-0.110586,372.279,5.78723e-005,2.31154,-0.38745,-1.38006,3.74493
-0.110586,372.279,5.82979e-005,2.18691,-0.412356,-1.17058,3.41519
-0.110586,372.279,5.87234e-005,2.05364,-0.432551,-0.94919,3.06425
-0.110586,372.279,5.91489e-005,1.91227,-0.447858,-0.719423,2.69612
-0.110586,372.279,5.95745e-005,1.76336,-0.458175,-0.484904,2.31496
-0.110586,372.279,6e-005,1.60748,-0.46348,-0.249306,1.92503
-0.110586,372.279,6.04255e-005,1.44526,-0.463826,-0.0162846,1.53057
-0.110586,372.279,6.08511e-005,1.27734,-0.459345,0.21059,1.13583
-0.110586,372.279,6.12766e-005,1.10437,-0.450241,0.42789,0.744897
-0.110586,372.279,6.17021e-005,0.927051,-0.436786,0.632396,0.361712
-0.110586,372.279,6.21277e-005,0.74607,-0.419315,0.821144,-0.0100206
-0.110586,372.279,6.25532e-005,0.562144,-0.39822,0.99148,-0.366885
-0.110586,372.279,6.29787e-005,0.376,-0.373941,1.1411,-0.705795
-0.110586,372.279,6.34043e-005,0.188372,-0.34696,1.26811,-1.02404
-0.110586,372.279,6.38298e-005,1.10215e-015,-0.31779,1.371,-1.31933
-0.110586,372.279,6.42553e-005,-0.188372,-0.286965,1.44875,-1.58979
-0.110586,372.279,6.46809e-005,-0.376,-0.255034,1.50075,-1.83401
-0.110586,372.279,6.51064e-005,-0.562144,-0.222547,1.5269,-2.05106
-0.110586,372.279,6.55319e-005,-0.74607,-0.190046,1.52754,-2.24047
-0.110586,372.279,6.59574e-005,-0.927051,-0.158058,1.50346,-2.40221
-0.110586,372.279,6.6383e-005,-1.10437,-0.127081,1.45589,-2.53672
-0.110586,372.279,6.68085e-005,-1.27734,-0.097582,1.38647,-2.64488
-0.110586,372.279,6.7234e-005,-1.44526,-0.069982,1.2972,-2.72793
-0.110586,372.279,6.76596e-005,-1.60748,-0.0446538,1.19043,-2.78749
-0.110586,372.279,6.80851e-005,-1.76336,-0.0219137,1.06878,-2.82549
-0.110586,372.279,6.85106e-005,-1.91227,-0.00201729,0.935131,-2.84414
-0.110586,372.279,6.89362e-005,-2.05364,0.0148447,0.792515,-2.84586
-0.110586,372.279,6.93617e-005,-2.18691,0.0285491,0.644105,-2.83322
-0.110586,372.279,6.97872e-005,-2.31154,0.0390413,0.493133,-2.80892
-0.110586,372.279,7.02128e-005,-2.42705,0.0463356,0.342833,-2.7757
-0.110586,372.279,7.06383e-005,-2.53298,0.0505139,0.196379,-2.73626
-0.110586,372.279,7.10638e-005,-2.62892,0.051723,0.0568298,-2.69327
-0.110586,372.279,7.14894e-005,-2.71448,0.0501713,-0.072931,-2.64925
-0.110586,372.279,7.19149e-005,-2.78933,0.0461235,-0.190247,-2.60655
-0.110586,372.279,7.23404e-005,-2.85317,0.039895,-0.292738,-2.5673
-0.110586,372.279,7.2766e-005,-2.90575,0.0318451,-0.378344,-2.53335
-0.110586,372.279,7.31915e-005,-2.94686,0.0223694,-0.445359,-2.50625
-0.110586,372.279,7.3617e-005,-2.97634,0.0118913,-0.492468,-2.48721
-0.110586,372.279,7.40426e-005,-2.99408,0.000853808,-0.518764,-2.47709
-0.110586,372.279,7.44681e-005,-3,-0.0102902,-0.523767,-2.47636
-0.110586,372.279,7.48936e-005,-2.99408,-0.0210865,-0.50743,-2.48512
-0.110586,372.279,7.53191e-005,-2.97634,-0.0310895,-0.47014,-2.50306
-0.110586,372.279,7.57447e-005,-2.94686,-0.0398705,-0.412708,-2.52952
-0.110586,372.279,7.61702e-005,-2.90575,-0.047027,-0.336356,-2.56346
-0.110586,372.279,7.65957e-005,-2.85317,-0.0521906,-0.242687,-2.60348
-0.110586,372.279,7.70213e-005,-2.78933,-0.0550344,-0.13366,-2.6479
-0.110586,372.279,7.74468e-005,-2.71448,-0.0552802,-0.0115507,-2.69473
-0.110586,372.279,7.78723e-005,-2.62892,-0.0527037,0.121094,-2.74178
-0.110586,372.279,7.82979e-005,-2.53298,-0.0471399,0.261501,-2.78664
-0.110586,372.279,7.87234e-005,-2.42705,-0.0384862,0.406724,-2.82675
-0.110586,372.279,7.91489e-005,-2.31154,-0.0267053,0.553701,-2.85951
-0.110586,372.279,7.95745e-005,-2.18691,-0.0118264,0.699308,-2.88224
-0.110586,372.279,8e-005,-2.05364,0.00605488,0.840421,-2.8923
-0.110586,372.279,8.04255e-005,-1.91227,0.0267777,0.973974,-2.88715
-0.110586,372.279,8.08511e-005,-1.76336,0.0501185,1.09701,-2.86436
-0.110586,372.279,8.12766e-005,-1.60748,0.0757942,1.20676,-2.8217
-0.110586,372.279,8.17021e-005,-1.44526,0.103468,1.30065,-2.7572
-0.110586,372.279,8.21277e-005,-1.27734,0.132753,1.37639,-2.66914
-0.110586,372.279,8.25532e-005,-1.10437,0.163221,1.43202,-2.55616
-0.110586,372.279,8.29787e-005,-0.927051,0.19441,1.46589,-2.41725
-0.110586,372.279,8.34043e-005,-0.74607,0.225831,1.47677,-2.25179
-0.110586,372.279,8.38298e-005,-0.562144,0.256976,1.46382,-2.0596
-0.110586,372.279,8.42553e-005,-0.376,0.287329,1.42662,-1.84089
-0.110586,372.279,8.46809e-005,-0.188372,0.316376,1.36519,-1.59636
-0.110586,372.279,8.51064e-005,-1.46953e-015,0.34361,1.27998,-1.3271
-0.110586,372.279,8.55319e-005,0.188372,0.368543,1.17186,-1.03467
-0.110586,372.279,8.59574e-005,0.376,0.390716,1.04213,-0.721015
-0.110586,372.279,8.6383e-005,0.562144,0.409704,0.892443,-0.388491
-0.110586,372.279,8.68085e-005,0.74607,0.425127,0.724856,-0.0398063
-0.110586,372.279,8.7234e-005,0.927051,0.436653,0.541731,0.322004
-0.110586,372.279,8.76596e-005,1.10437,0.444008,0.345717,0.693623
-0.110586,372.279,8.80851e-005,1.27734,0.446981,0.139707,1.0715
-0.110586,372.279,8.85106e-005,1.44526,0.445423,-0.0732223,1.45191
-0.110586,372.279,8.89362e-005,1.60748,0.439256,-0.289854,1.831
-0.110586,372.279,8.93617e-005,1.76336,0.428471,-0.506895,2.20483
-0.110586,372.279,8.97872e-005,1.91227,0.41313,-0.721029,2.56949
-0.110586,372.279,9.02128e-005,2.05364,0.393364,-0.928975,2.92109
-0.110586,372.279,9.06383e-005,2.18691,0.369374,-1.12754,3.25586
-0.110586,372.279,9.10638e-005,2.31154,0.341423,-1.3137,3.57023
-0.110586,372.279,9.14894e-005,2.42705,0.309836,-1.4846,3.8608
-0.110586,372.279,9.19149e-005,2.53298,0.274992,-1.63765,4.12449
-0.110586,372.279,9.23404e-005,2.62892,0.237321,-1.77056,4.35852
-0.110586,372.279,9.2766e-005,2.71448,0.197292,-1.88136,4.5605
-0.110586,372.279,9.31915e-005,2.78933,0.15541,-1.96846,4.72841
-0.110586,372.279,9.3617e-005,2.85317,0.112204,-2.03065,4.86067
-0.110586,372.279,9.40426e-005,2.90575,0.068223,-2.06713,4.95616
-0.110586,372.279,9.44681e-005,2.94686,0.0240203,-2.07752,5.01423
-0.110586,372.279,9.48936e-005,2.97634,-0.0198499,-2.0619,5.03467
-0.110586,372.279,9.53191e-005,2.99408,-0.0628444,-2.02074,5.01778
-0.110586,372.279,9.57447e-005,3,-0.104439,-1.95493,4.96429
-0.110586,372.279,9.61702e-005,2.99408,-0.144136,-1.86577,4.87541
-0.110586,372.279,9.65957e-005,2.97634,-0.181475,-1.75493,4.75274
-0.110586,372.279,9.70213e-005,2.94686,-0.216036,-1.6244,4.59829
-0.110586,372.279,9.74468e-005,2.90575,-0.247451,-1.47651,4.41443
-0.110586,372.279,9.78723e-005,2.85317,-0.275405,-1.31381,4.20383
-0.110586,372.279,9.82979e-005,2.78933,-0.299641,-1.1391,3.96945
-0.110586,372.279,9.87234e-005,2.71448,-0.319967,-0.955324,3.71443
-0.110586,372.279,9.91489e-005,2.62892,-0.336255,-0.765545,3.44212
-0.110586,372.279,9.95745e-005,2.53298,-0.348444,-0.572881,3.15595
-0.110586,372.279,0.0001,2.42705,-0.356539,-0.38045,2.8594
-0.110586,372.279,0.000100426,2.31154,-0.36061,-0.191318,2.55596
-0.110586,372.279,0.000100851,2.18691,-0.360789,-0.00844427,2.24906
-0.110586,372.279,0.000101277,2.05364,-0.357271,0.165373,1.942
-0.110586,372.279,0.000101702,1.91227,-0.350302,0.327539,1.63794
-0.110586,372.279,0.000102128,1.76336,-0.34018,0.475714,1.33981
-0.110586,372.279,0.000102553,1.60748,-0.327247,0.607846,1.0503
-0.110586,372.279,0.000102979,1.44526,-0.311881,0.722209,0.771791
-0.110586,372.279,0.000103404,1.27734,-0.294489,0.817428,0.50636
-0.110586,372.279,0.00010383,1.10437,-0.2755,0.892502,0.255731
-0.110586,372.279,0.000104255,0.927051,-0.255354,0.946819,0.0212636
-0.110586,372.279,0.000104681,0.74607,-0.2345,0.980161,-0.196059
-0.110586,372.279,0.000105106,0.562144,-0.213379,0.992703,-0.395634
-0.110586,372.279,0.000105532,0.376,-0.192421,0.985012,-0.577233
-0.110586,372.279,0.000105957,0.188372,-0.172037,0.958025,-0.740995
-0.110586,372.279,0.000106383,1.83691e-015,-0.152611,0.913033,-0.88741
-0.110586,372.279,0.000106809,-0.188372,-0.134491,0.85165,-1.01729
-0.110586,372.279,0.000107234,-0.376,-0.117985,0.775783,-1.13175
-0.110586,372.279,0.00010766,-0.562144,-0.103355,0.687593,-1.23217
-0.110586,372.279,0.000108085,-0.74607,-0.0908138,0.589451,-1.32013
-0.110586,372.279,0.000108511,-0.927051,-0.0805183,0.48389,-1.39742
-0.110586,372.279,0.000108936,-1.10437,-0.0725702,0.37356,-1.46594
-0.110586,372.279,0.000109362,-1.27734,-0.0670133,0.261174,-1.5277
-0.110586,372.279,0.000109787,-1.44526,-0.0638334,0.149456,-1.58474
-0.110586,372.279,0.000110213,-1.60748,-0.0629592,0.0410891,-1.63906
-0.110586,372.279,0.000110638,-1.76336,-0.0642642,-0.0613342,-1.69264
-0.110586,372.279,0.000111064,-1.91227,-0.0675698,-0.155363,-1.74734
-0.110586,372.279,0.000111489,-2.05364,-0.0726492,-0.238734,-1.80484
-0.110586,372.279,0.000111915,-2.18691,-0.0792325,-0.309413,-1.86667
-0.110586,372.279,0.00011234,-2.31154,-0.0870119,-0.365634,-1.9341
-0.110586,372.279,0.000112766,-2.42705,-0.0956488,-0.405934,-2.00816
-0.110586,372.279,0.000113191,-2.53298,-0.10478,-0.429178,-2.08956
-0.110586,372.279,0.000113617,-2.62892,-0.114027,-0.434579,-2.17874
-0.110586,372.279,0.000114043,-2.71448,-0.122999,-0.421719,-2.27578
-0.110586,372.279,0.000114468,-2.78933,-0.131309,-0.390551,-2.38046
-0.110586,372.279,0.000114894,-2.85317,-0.138573,-0.341401,-2.49221
-0.110586,372.279,0.000115319,-2.90575,-0.144423,-0.274965,-2.61015
-0.110586,372.279,0.000115745,-2.94686,-0.148514,-0.192292,-2.73306
-0.110586,372.279,0.00011617,-2.97634,-0.150531,-0.0947702,-2.85945
-0.110586,372.279,0.000116596,-2.99408,-0.150192,0.0159054,-2.98757
-0.110586,372.279,0.000117021,-3,-0.147261,0.137759,-3.11539
-0.110586,372.279,0.000117447,-2.99408,-0.141547,0.268571,-3.24072
-0.110586,372.279,0.000117872,-2.97634,-0.132911,0.405921,-3.36118
-0.110586,372.279,0.000118298,-2.94686,-0.121267,0.547233,-3.4743
-0.110586,372.279,0.000118723,-2.90575,-0.10659,0.689817,-3.57751
-0.110586,372.279,0.000119149,-2.85317,-0.088911,0.830926,-3.66822
-0.110586,372.279,0.000119574,-2.78933,-0.0683195,0.967802,-3.74389
-0.110586,372.279,0.00012,-2.71448,-0.0449636,1.09773,-3.80203
-0.110586,372.279,0.000120426,-2.62892,-0.019047,1.21808,-3.8403
-0.110586,372.279,0.000120851,-2.53298,0.00917348,1.32636,-3.85651
-0.110586,372.279,0.000121277,-2.42705,0.0393923,1.42029,-3.8487
-0.110586,372.279,0.000121702,-2.31154,0.0712598,1.49777,-3.81518
-0.110586,372.279,0.000122128,-2.18691,0.104388,1.55701,-3.75453
-0.110586,372.279,0.000122553,-2.05364,0.138356,1.5965,-3.66569
-0.110586,372.279,0.000122979,-1.91227,0.172719,1.61506,-3.54794
-0.110586,372.279,0.000123404,-1.76336,0.207014,1.61187,-3.40095
-0.110586,372.279,0.00012383,-1.60748,0.240768,1.58645,-3.22476
-0.110586,372.279,0.000124255,-1.44526,0.273507,1.53874,-3.01986
-0.110586,372.279,0.000124681,-1.27734,0.304763,1.46901,-2.78708
-0.110586,372.279,0.000125106,-1.10437,0.334081,1.37795,-2.52771
-0.110586,372.279,0.000125532,-0.927051,0.361029,1.26658,-2.24339
-0.110586,372.279,0.000125957,-0.74607,0.385206,1.13629,-1.93613
-0.110586,372.279,0.000126383,-0.562144,0.406243,0.988778,-1.60829
-0.110586,372.279,0.000126809,-0.376,0.423819,0.826049,-1.26255
-0.110586,372.279,0.000127234,-0.188372,0.437657,0.650363,-0.901857
-0.110586,372.279,0.00012766,-2.20429e-015,0.447533,0.4642,-0.529383
-0.110586,372.279,0.000128085,0.188372,0.453282,0.270221,-0.148504
-0.110586,372.279,0.000128511,0.376,0.454798,0.0712208,0.237269
-0.110586,372.279,0.000128936,0.562144,0.452034,-0.129923,0.624331
-0.110586,372.279,0.000129362,0.74607,0.445006,-0.330295,1.00904
-0.110586,372.279,0.000129787,0.927051,0.433793,-0.526995,1.38777
-0.110586,372.279,0.000130213,1.10437,0.418534,-0.717188,1.75695
-0.110586,372.279,0.000130638,1.27734,0.399424,-0.89815,2.11315
-0.110586,372.279,0.000131064,1.44526,0.376716,-1.06732,2.45309
-0.110586,372.279,0.000131489,1.60748,0.350709,-1.22232,2.7737
-0.110586,372.279,0.000131915,1.76336,0.32175,-1.36105,3.07217
-0.110586,372.279,0.00013234,1.91227,0.290226,-1.48165,3.346
-0.110586,372.279,0.000132766,2.05364,0.256554,-1.58259,3.593
-0.110586,372.279,0.000133191,2.18691,0.221178,-1.66265,3.81135
-0.110586,372.279,0.000133617,2.31154,0.184561,-1.72099,3.99958
-0.110586,372.279,0.000134043,2.42705,0.147176,-1.75709,4.15666
-0.110586,372.279,0.000134468,2.53298,0.109499,-1.77085,4.28191
-0.110586,372.279,0.000134894,2.62892,0.0719988,-1.76249,4.3751
-0.110586,372.279,0.000135319,2.71448,0.0351345,-1.73262,4.43638
-0.110586,372.279,0.000135745,2.78933,-0.000656688,-1.68218,4.46628
-0.110586,372.279,0.00013617,2.85317,-0.0349642,-1.61246,4.46572
-0.110586,372.279,0.000136596,2.90575,-0.0674112,-1.52501,4.43597
-0.110586,372.279,0.000137021,2.94686,-0.09766,-1.42169,4.37859
-0.110586,372.279,0.000137447,2.97634,-0.125417,-1.30459,4.29548
-0.110586,372.279,0.000137872,2.99408,-0.150438,-1.17598,4.18874
-0.110586,372.279,0.000138298,3,-0.17253,-1.0383,4.06071
-0.110586,372.279,0.000138723,2.99408,-0.191553,-0.894099,3.91388
-0.110586,372.279,0.000139149,2.97634,-0.207425,-0.745978,3.75085
-0.110586,372.279,0.000139574,2.94686,-0.220118,-0.596564,3.57432
-0.110586,372.279,0.00014,2.90575,-0.229659,-0.448452,3.38698
-0.110586,372.279,0.000140426,2.85317,-0.236131,-0.304156,3.19153
-0.110586,372.279,0.000140851,2.78933,-0.239664,-0.16607,2.99057
-0.110586,372.279,0.000141277,2.71448,-0.240439,-0.0364226,2.7866
-0.110586,372.279,0.000141702,2.62892,-0.238678,0.0827608,2.58197
-0.110586,372.279,0.000142128,2.53298,-0.234642,0.189693,2.37884
-0.110586,372.279,0.000142553,2.42705,-0.228624,0.282854,2.17914
-0.110586,372.279,0.000142979,2.31154,-0.220943,0.36102,1.98457
-0.110586,372.279,0.000143404,2.18691,-0.211937,0.423279,1.79653
-0.110586,372.279,0.00014383,2.05364,-0.201957,0.469045,1.61616
-0.110586,372.279,0.000144255,1.91227,-0.19136,0.498068,1.44428
-0.110586,372.279,0.000144681,1.76336,-0.1805,0.510433,1.28142
-0.110586,372.279,0.000145106,1.60748,-0.169722,0.506556,1.12781
-0.110586,372.279,0.000145532,1.44526,-0.159356,0.487176,0.983363
-0.110586,372.279,0.000145957,1.27734,-0.149711,0.453332,0.84774
-0.110586,372.279,0.000146383,1.10437,-0.141065,0.406345,0.720326
-0.110586,372.279,0.000146809,0.927051,-0.133666,0.34779,0.600271
-0.110586,372.279,0.000147234,0.74607,-0.12772,0.279465,0.486513
-0.110586,372.279,0.00014766,0.562144,-0.123393,0.203351,0.377815
-0.110586,372.279,0.000148085,0.376,-0.120806,0.121578,0.2728
-0.110586,372.279,0.000148511,0.188372,-0.120032,0.036378,0.169986
-0.110586,372.279,0.000148936,2.57167e-015,-0.121095,-0.0499537,0.0678308
-0.110586,372.279,0.000149362,-0.188372,-0.12397,-0.135107,-0.0352288
-0.110586,372.279,0.000149787,-0.376,-0.128583,-0.216801,-0.140735
-0.110586,372.279,0.000150213,-0.562144,-0.134813,-0.292826,-0.250167
-0.110586,372.279,0.000150638,-0.74607,-0.142496,-0.36109,-0.364901
-0.110586,372.279,0.000151064,-0.927051,-0.151424,-0.419654,-0.486174
-0.110586,372.279,0.000151489,-1.10437,-0.161356,-0.466775,-0.615046
-0.110586,372.279,0.000151915,-1.27734,-0.172014,-0.500936,-0.75237
-0.110586,372.279,0.00015234,-1.44526,-0.183097,-0.520877,-0.898765
-0.110586,372.279,0.000152766,-1.60748,-0.19428,-0.525619,-1.05459
-0.110586,372.279,0.000153191,-1.76336,-0.205226,-0.514484,-1.21994
-0.110586,372.279,0.000153617,-1.91227,-0.21559,-0.487109,-1.3946
-0.110586,372.279,0.000154043,-2.05364,-0.225026,-0.443454,-1.57808
-0.110586,372.279,0.000154468,-2.18691,-0.233192,-0.383802,-1.76959
-0.110586,372.279,0.000154894,-2.31154,-0.239761,-0.308759,-1.96805
-0.110586,372.279,0.000155319,-2.42705,-0.244426,-0.21924,-2.1721
-0.110586,372.279,0.000155745,-2.53298,-0.246903,-0.116456,-2.38012
-0.110586,372.279,0.00015617,-2.62892,-0.246944,-0.0018926,-2.59025
-0.110586,372.279,0.000156596,-2.71448,-0.244333,0.122717,-2.80042
-0.110586,372.279,0.000157021,-2.78933,-0.238898,0.255423,-3.00836
-0.110586,372.279,0.000157447,-2.85317,-0.230513,0.394091,-3.21168
-0.110586,372.279,0.000157872,-2.90575,-0.2191,0.536443,-3.40786
-0.110586,372.279,0.000158298,-2.94686,-0.204629,0.680099,-3.59433
-0.110586,372.279,0.000158723,-2.97634,-0.187127,0.822614,-3.76848
-0.110586,372.279,0.000159149,-2.99408,-0.166669,0.961528,-3.92774
-0.110586,372.279,0.000159574,-3,-0.143384,1.09441,-4.06958
-0.110586,372.279,0.00016,-2.99408,-0.11745,1.21889,-4.19161
-0.110586,372.279,0.000160426,-2.97634,-0.0890941,1.33272,-4.29157
-0.110586,372.279,0.000160851,-2.94686,-0.0585877,1.4338,-4.36739
-0.110586,372.279,0.000161277,-2.90575,-0.0262423,1.52023,-4.41726
-0.110586,372.279,0.000161702,-2.85317,0.0075945,1.59033,-4.43959
-0.110586,372.279,0.000162128,-2.78933,0.0425449,1.64267,-4.43313
-0.110586,372.279,0.000162553,-2.71448,0.0782066,1.6761,-4.39692
-0.110586,372.279,0.000162979,-2.62892,0.11416,1.68979,-4.33036
-0.110586,372.279,0.000163404,-2.53298,0.149973,1.68322,-4.2332
-0.110586,372.279,0.00016383,-2.42705,0.185211,1.65618,-4.10557
-0.110586,372.279,0.000164255,-2.31154,0.219441,1.60882,-3.94794
-0.110586,372.279,0.000164681,-2.18691,0.252241,1.54159,-3.76118
-0.110586,372.279,0.000165106,-2.05364,0.283204,1.4553,-3.54651
-0.110586,372.279,0.000165532,-1.91227,0.31195,1.35103,-3.30548
-0.110586,372.279,0.000165957,-1.76336,0.338124,1.23018,-3.04
-0.110586,372.279,0.000166383,-1.60748,0.361409,1.09439,-2.75223
-0.110586,372.279,0.000166809,-1.44526,0.381527,0.945561,-2.44465
-0.110586,372.279,0.000167234,-1.27734,0.398246,0.785784,-2.11994
-0.110586,372.279,0.00016766,-1.10437,0.41138,0.617325,-1.78101
-0.110586,372.279,0.000168085,-0.927051,0.420797,0.442581,-1.4309
-0.110586,372.279,0.000168511,-0.74607,0.426415,0.264034,-1.07278
-0.110586,372.279,0.000168936,-0.562144,0.428207,0.0842171,-0.70987
-0.110586,372.279,0.000169362,-0.376,0.426199,-0.0943367,-0.345438
-0.110586,372.279,0.000169787,-0.188372,0.420473,-0.269133,0.0172845
-0.110586,372.279,0.000170213,-2.93906e-015,0.411159,-0.437758,0.375134
-0.110586,372.279,0.000170638,0.188372,0.398438,-0.597922,0.725057
-0.110586,372.279,0.000171064,0.376,0.382533,-0.747495,1.06415
-0.110586,372.279,0.000171489,0.562144,0.363713,-0.884542,1.38971
-0.110586,372.279,0.000171915,0.74607,0.34228,-1.00736,1.69926
-0.110586,372.279,0.00017234,0.927051,0.318568,-1.11449,1.99056
-0.110586,372.279,0.000172766,1.10437,0.292935,-1.20475,2.26168
-0.110586,372.279,0.000173191,1.27734,0.265759,-1.27728,2.51099
-0.110586,372.279,0.000173617,1.44526,0.237429,-1.33148,2.73716
-0.110586,372.279,0.000174043,1.60748,0.208342,-1.36711,2.93923
-0.110586,372.279,0.000174468,1.76336,0.17889,-1.38422,3.11654
-0.110586,372.279,0.000174894,1.91227,0.149461,-1.38316,3.26879
-0.110586,372.279,0.000175319,2.05364,0.120427,-1.36461,3.39599
-0.110586,372.279,0.000175745,2.18691,0.0921395,-1.32951,3.49848
-0.110586,372.279,0.00017617,2.31154,0.064925,-1.27908,3.5769
-0.110586,372.279,0.000176596,2.42705,0.0390788,-1.21477,3.63215
-0.110586,372.279,0.000177021,2.53298,0.0148607,-1.13825,3.66541
-0.110586,372.279,0.000177447,2.62892,-0.00750851,-1.05135,3.67806
-0.110586,372.279,0.000177872,2.71448,-0.0278504,-0.956071,3.67167
-0.110586,372.279,0.000178298,2.78933,-0.0460311,-0.85449,3.64797
-0.110586,372.279,0.000178723,2.85317,-0.0619623,-0.748767,3.60879
-0.110586,372.279,0.000179149,2.90575,-0.0756023,-0.64108,3.55606
-0.110586,372.279,0.000179574,2.94686,-0.0869554,-0.533594,3.49172
-0.110586,372.279,0.00018,2.97634,-0.0960706,-0.428416,3.41771
-0.110586,372.279,0.000180426,2.99408,-0.10304,-0.327561,3.33595
-0.110586,372.279,0.000180851,3,-0.107995,-0.232909,3.24826
-0.110586,372.279,0.000181277,2.99408,-0.111106,-0.14618,3.15634
-0.110586,372.279,0.000181702,2.97634,-0.112572,-0.0688946,3.06179
-0.110586,372.279,0.000182128,2.94686,-0.112622,-0.00235308,2.96598
-0.110586,372.279,0.000182553,2.90575,-0.111507,0.0523903,2.87013
-0.110586,372.279,0.000182979,2.85317,-0.109495,0.0945438,2.77523
-0.110586,372.279,0.000183404,2.78933,-0.106866,0.123592,2.68205
-0.110586,372.279,0.00018383,2.71448,-0.103902,0.139301,2.5911
-0.110586,372.279,0.000184255,2.62892,-0.100886,0.141726,2.50267
-0.110586,372.279,0.000184681,2.53298,-0.0980949,0.131201,2.41681
-0.110586,372.279,0.000185106,2.42705,-0.0957899,0.108338,2.33332
-0.110586,372.279,0.000185532,2.31154,-0.0942153,0.0740066,2.2518
-0.110586,372.279,0.000185957,2.18691,-0.0935914,0.0293214,2.17162
-0.110586,372.279,0.000186383,2.05364,-0.0941102,-0.0243838,2.09196
-0.110586,372.279,0.000186809,1.91227,-0.0959311,-0.0855821,2.01187
-0.110586,372.279,0.000187234,1.76336,-0.0991776,-0.152584,1.93023
-0.110586,372.279,0.00018766,1.60748,-0.103934,-0.223569,1.84582
-0.110586,372.279,0.000188085,1.44526,-0.110246,-0.296625,1.75737
-0.110586,372.279,0.000188511,1.27734,-0.118113,-0.369782,1.66354
-0.110586,372.279,0.000188936,1.10437,-0.127497,-0.441053,1.56302
-0.110586,372.279,0.000189362,0.927051,-0.138316,-0.50847,1.45451
-0.110586,372.279,0.000189787,0.74607,-0.150446,-0.570124,1.33679
-0.110586,372.279,0.000190213,0.562144,-0.163727,-0.624204,1.20875
-0.110586,372.279,0.000190638,0.376,-0.177962,-0.669028,1.06941
-0.110586,372.279,0.000191064,0.188372,-0.192921,-0.703079,0.917956
-0.110586,372.279,0.000191489,-7.3517e-015,-0.208347,-0.725035,0.753768
-0.110586,372.279,0.000191915,-0.188372,-0.22396,-0.733792,0.576451
-0.110586,372.279,0.00019234,-0.376,-0.23946,-0.728491,0.385847
-0.110586,372.279,0.000192766,-0.562144,-0.254535,-0.708531,0.182052
-0.110586,372.279,0.000193191,-0.74607,-0.268866,-0.673587,-0.0345735
-0.110586,372.279,0.000193617,-0.927051,-0.282135,-0.623611,-0.263396
-0.110586,372.279,0.000194043,-1.10437,-0.294025,-0.558843,-0.50351
-0.110586,372.279,0.000194468,-1.27734,-0.304233,-0.479803,-0.753744
-0.110586,372.279,0.000194894,-1.44526,-0.312474,-0.387283,-1.01267
-0.110586,372.279,0.000195319,-1.60748,-0.318481,-0.28234,-1.2786
-0.110586,372.279,0.000195745,-1.76336,-0.322019,-0.166274,-1.54965
-0.110586,372.279,0.00019617,-1.91227,-0.322882,-0.0406046,-1.82371
-0.110586,372.279,0.000196596,-2.05364,-0.320905,0.0929483,-2.0985
-0.110586,372.279,0.000197021,-2.18691,-0.315958,0.2325,-2.37161
-0.110586,372.279,0.000197447,-2.31154,-0.307957,0.37603,-2.64051
-0.110586,372.279,0.000197872,-2.42705,-0.296863,0.521418,-2.9026
-0.110586,372.279,0.000198298,-2.53298,-0.282683,0.666483,-3.15525
-0.110586,372.279,0.000198723,-2.62892,-0.26547,0.809016,-3.39583
-0.110586,372.279,0.000199149,-2.71448,-0.245325,0.946823,-3.62177
-0.110586,372.279,0.000199574,-2.78933,-0.222394,1.07776,-3.83055
-0.110586,372.279,0.0002,-2.85317,-0.196866,1.19978,-4.01982
-0.110586,372.279,0.000200426,-2.90575,-0.168974,1.31094,-4.18737
-0.110586,372.279,0.000200851,-2.94686,-0.138985,1.40948,-4.33118
-0.110586,372.279,0.000201277,-2.97634,-0.107202,1.49382,-4.44946
-0.110586,372.279,0.000201702,-2.99408,-0.0739552,1.56258,-4.5407
-0.110586,372.279,0.000202128,-3,-0.0396009,1.61465,-4.60364
-0.110586,372.279,0.000202553,-2.99408,-0.00451241,1.64916,-4.63734
-0.110586,372.279,0.000202979,-2.97634,0.030924,1.66551,-4.64118
-0.110586,372.279,0.000203404,-2.94686,0.0663154,1.6634,-4.61486
-0.110586,372.279,0.00020383,-2.90575,0.101269,1.6428,-4.55842
-0.110586,372.279,0.000204255,-2.85317,0.135396,1.60399,-4.47224
-0.110586,372.279,0.000204681,-2.78933,0.168322,1.54751,-4.35701
-0.110586,372.279,0.000205106,-2.71448,0.199688,1.47421,-4.21376
-0.110586,372.279,0.000205532,-2.62892,0.229159,1.38515,-4.04381
-0.110586,372.279,0.000205957,-2.53298,0.256429,1.28167,-3.84878
-0.110586,372.279,0.000206383,-2.42705,0.281222,1.1653,-3.63054
-0.110586,372.279,0.000206809,-2.31154,0.303303,1.03778,-3.3912
-0.110586,372.279,0.000207234,-2.18691,0.322473,0.900996,-3.13307
-0.110586,372.279,0.00020766,-2.05364,0.338578,0.756961,-2.85863
-0.110586,372.279,0.000208085,-1.91227,0.35151,0.60778,-2.57048
-0.110586,372.279,0.000208511,-1.76336,0.361204,0.455613,-2.27132
-0.110586,372.279,0.000208936,-1.60748,0.367643,0.302637,-1.96391
-0.110586,372.279,0.000209362,-1.44526,0.370856,0.15101,-1.65103
-0.110586,372.279,0.000209787,-1.27734,0.370916,0.00283264,-1.3354
-0.110586,372.279,0.000210213,-1.10437,0.36794,-0.139885,-1.01973
-0.110586,372.279,0.000210638,-0.927051,0.362083,-0.27526,-0.706591
-0.110586,372.279,0.000211064,-0.74607,0.353539,-0.401562,-0.398435
-0.110586,372.279,0.000211489,-0.562144,0.342534,-0.517248,-0.0975507
-0.110586,372.279,0.000211915,-0.376,0.329322,-0.620983,0.193968
-0.110586,372.279,0.00021234,-0.188372,0.31418,-0.711661,0.474241
-0.110586,372.279,0.000212766,-3.67382e-015,0.297405,-0.788421,0.741628
-0.110586,372.279,0.000213191,0.188372,0.279306,-0.850662,0.994739
-0.110586,372.279,0.000213617,0.376,0.260198,-0.898045,1.23245
-0.110586,372.279,0.000214043,0.562144,0.240401,-0.9305,1.45389
-0.110586,372.279,0.000214468,0.74607,0.220226,-0.948222,1.65849
-0.110586,372.279,0.000214894,0.927051,0.199977,-0.951662,1.84591
-0.110586,372.279,0.000215319,1.10437,0.179945,-0.941517,2.01611
-0.110586,372.279,0.000215745,1.27734,0.160398,-0.918714,2.16925
-0.110586,372.279,0.00021617,1.44526,0.141581,-0.884389,2.30576
-0.110586,372.279,0.000216596,1.60748,0.123712,-0.839862,2.42626
-0.110586,372.279,0.000217021,1.76336,0.106975,-0.786612,2.53154
-0.110586,372.279,0.000217447,1.91227,0.0915234,-0.726246,2.62259
-0.110586,372.279,0.000217872,2.05364,0.0774709,-0.660467,2.70048
-0.110586,372.279,0.000218298,2.18691,0.0648955,-0.591043,2.76641
-0.110586,372.279,0.000218723,2.31154,0.0538367,-0.519766,2.82164
-0.110586,372.279,0.000219149,2.42705,0.0442957,-0.448426,2.86746
-0.110586,372.279,0.000219574,2.53298,0.0362367,-0.378771,2.90516
-0.110586,372.279,0.00022,2.62892,0.0295884,-0.312474,2.936
-0.110586,372.279,0.000220426,2.71448,0.0242457,-0.251104,2.96118
-0.110586,372.279,0.000220851,2.78933,0.0200735,-0.196095,2.98181
-0.110586,372.279,0.000221277,2.85317,0.0169093,-0.148717,2.9989
-0.110586,372.279,0.000221702,2.90575,0.0145676,-0.110057,3.01329
-0.110586,372.279,0.000222128,2.94686,0.0128444,-0.080994,3.02569
-0.110586,372.279,0.000222553,2.97634,0.0115213,-0.0621863,3.03662
-0.110586,372.279,0.000222979,2.99408,0.0103711,-0.0540585,3.04642
-0.110586,372.279,0.000223404,3,0.00916269,-0.0567938,3.05525
-0.110586,372.279,0.00022383,2.99408,0.00766627,-0.0703317,3.06305
-0.110586,372.279,0.000224255,2.97634,0.00565841,-0.0943694,3.06957
-0.110586,372.279,0.000224681,2.94686,0.00292717,-0.128368,3.07439
-0.110586,372.279,0.000225106,2.90575,-0.000723151,-0.171565,3.07688
-0.110586,372.279,0.000225532,2.85317,-0.00546753,-0.222986,3.07626
-0.110586,372.279,0.000225957,2.78933,-0.0114562,-0.281466,3.07161
-0.110586,372.279,0.000226383,2.71448,-0.0188109,-0.345673,3.06186
-0.110586,372.279,0.000226809,2.62892,-0.0276222,-0.414129,3.04585
-0.110586,372.279,0.000227234,2.53298,-0.0379465,-0.485245,3.02234
-0.110586,372.279,0.00022766,2.42705,-0.0498049,-0.557345,2.99005
-0.110586,372.279,0.000228085,2.31154,-0.0631816,-0.628703,2.94766
-0.110586,372.279,0.000228511,2.18691,-0.0780236,-0.697573,2.89389
-0.110586,372.279,0.000228936,2.05364,-0.0942411,-0.762224,2.82749
-0.110586,372.279,0.000229362,1.91227,-0.111709,-0.820973,2.74728
-0.110586,372.279,0.000229787,1.76336,-0.130266,-0.872216,2.65221
-0.110586,372.279,0.000230213,1.60748,-0.149723,-0.914463,2.54134
-0.110586,372.279,0.000230638,1.44526,-0.169858,-0.94636,2.41392
-0.110586,372.279,0.000231064,1.27734,-0.190427,-0.966724,2.26936
-0.110586,372.279,0.000231489,1.10437,-0.211162,-0.97456,2.10729
-0.110586,372.279,0.000231915,0.927051,-0.231781,-0.969081,1.92758
-0.110586,372.279,0.00023234,0.74607,-0.251988,-0.949731,1.73032
-0.110586,372.279,0.000232766,0.562144,-0.271481,-0.91619,1.51586
-0.110586,372.279,0.000233191,0.376,-0.289958,-0.868383,1.28482
-0.110586,372.279,0.000233617,0.188372,-0.307117,-0.806486,1.03804
-0.110586,372.279,0.000234043,-6.61694e-015,-0.322669,-0.730926,0.776667
-0.110586,372.279,0.000234468,-0.188372,-0.336336,-0.64237,0.502055
-0.110586,372.279,0.000234894,-0.376,-0.347862,-0.541719,0.215812
-0.110586,372.279,0.000235319,-0.562144,-0.357013,-0.430094,-0.0802408
-0.110586,372.279,0.000235745,-0.74607,-0.363583,-0.308816,-0.384082
-0.110586,372.279,0.00023617,-0.927051,-0.3674,-0.179386,-0.693514
-0.110586,372.279,0.000236596,-1.10437,-0.368325,-0.043459,-1.0062
-0.110586,372.279,0.000237021,-1.27734,-0.366257,0.0971824,-1.31966
-0.110586,372.279,0.000237447,-1.44526,-0.361137,0.24066,-1.63137
-0.110586,372.279,0.000237872,-1.60748,-0.352945,0.385028,-1.93872
-0.110586,372.279,0.000238298,-1.76336,-0.341704,0.528311,-2.2391
-0.110586,372.279,0.000238723,-1.91227,-0.32748,0.668533,-2.52991
-0.110586,372.279,0.000239149,-2.05364,-0.310379,0.803751,-2.80862
-0.110586,372.279,0.000239574,-2.18691,-0.290547,0.932092,-3.07277
-0.110586,372.279,0.00024,-2.31154,-0.268169,1.05178,-3.32004
-0.110586,372.279,0.000240426,-2.42705,-0.243463,1.16116,-3.54827
-0.110586,372.279,0.000240851,-2.53298,-0.216681,1.25875,-3.75548
-0.110586,372.279,0.000241277,-2.62892,-0.188102,1.34324,-3.93989
-0.110586,372.279,0.000241702,-2.71448,-0.158027,1.41351,-4.09997
-0.110586,372.279,0.000242128,-2.78933,-0.126779,1.46867,-4.23446
-0.110586,372.279,0.000242553,-2.85317,-0.0946921,1.50807,-4.34236
-0.110586,372.279,0.000242979,-2.90575,-0.0621112,1.5313,-4.42295
-0.110586,372.279,0.000243404,-2.94686,-0.0293836,1.5382,-4.47581
-0.110586,372.279,0.00024383,-2.97634,0.00314514,1.52885,-4.50082
-0.110586,372.279,0.000244255,-2.99408,0.0351365,1.50359,-4.49814
-0.110586,372.279,0.000244681,-3,0.0662642,1.463,-4.46824
-0.110586,372.279,0.000245106,-2.99408,0.0962194,1.40789,-4.41184
-0.110586,372.279,0.000245532,-2.97634,0.124715,1.33928,-4.32995
-0.110586,372.279,0.000245957,-2.94686,0.151489,1.25838,-4.22381
-0.110586,372.279,0.000246383,-2.90575,0.176309,1.16658,-4.09489
-0.110586,372.279,0.000246809,-2.85317,0.198978,1.06541,-3.94484
-0.110586,372.279,0.000247234,-2.78933,0.219329,0.956529,-3.77549
-0.110586,372.279,0.00024766,-2.71448,0.237238,0.841683,-3.58883
-0.110586,372.279,0.000248085,-2.62892,0.252614,0.722673,-3.38693
-0.110586,372.279,0.000248511,-2.53298,0.265408,0.601329,-3.17194
-0.110586,372.279,0.000248936,-2.42705,0.275609,0.479477,-2.94606
-0.110586,372.279,0.000249362,-2.31154,0.283246,0.358908,-2.7115
-0.110586,372.279,0.000249787,-2.18691,0.288381,0.241344,-2.47044
-0.110586,372.279,0.000250213,-2.05364,0.291113,0.128413,-2.22501
-0.110586,372.279,0.000250638,-1.91227,0.291573,0.0216202,-1.97725
-0.110586,372.279,0.000251064,-1.76336,0.28992,-0.0776793,-1.7291
-0.110586,372.279,0.000251489,-1.60748,0.286339,-0.168298,-1.48236
-0.110586,372.279,0.000251915,-1.44526,0.281036,-0.249239,-1.23867
-0.110586,372.279,0.00025234,-1.27734,0.274234,-0.319706,-0.999489
-0.110586,372.279,0.000252766,-1.10437,0.266168,-0.379119,-0.766098
-0.110586,372.279,0.000253191,-0.927051,0.25708,-0.427121,-0.539572
-0.110586,372.279,0.000253617,-0.74607,0.247217,-0.463578,-0.320781
-0.110586,372.279,0.000254043,-0.562144,0.236821,-0.48858,-0.110383
-0.110586,372.279,0.000254468,-0.376,0.226131,-0.502438,0.0911669
-0.110586,372.279,0.000254894,-0.188372,0.215372,-0.50567,0.283619
-0.110586,372.279,0.000255319,-4.40858e-015,0.204756,-0.498991,0.466915
-0.110586,372.279,0.00234043,2.35368e-014,0.282919,0.0116716,-0.0537715
-0.110586,372.279,0.00234085,0.188372,0.282052,-0.040776,0.187011
-0.110586,372.279,0.00234128,0.376,0.280071,-0.0930625,0.427054
-0.110586,372.279,0.0023417,0.562144,0.276987,-0.144982,0.665413
-0.110586,372.279,0.00234213,0.74607,0.272809,-0.19633,0.901147
-0.110586,372.279,0.00234255,0.927051,0.267556,-0.246905,1.13332
-0.110586,372.279,0.00234298,1.10437,0.261248,-0.296507,1.36103
-0.110586,372.279,0.0023434,1.27734,0.253908,-0.344942,1.58337
-0.110586,372.279,0.00234383,1.44526,0.245568,-0.392018,1.79946
-0.110586,372.279,0.00234426,1.60748,0.236258,-0.43755,2.00846
-0.110586,372.279,0.00234468,1.76336,0.226016,-0.481359,2.20953
-0.110586,372.279,0.00234511,1.91227,0.214883,-0.523271,2.40188
-0.110586,372.279,0.00234553,2.05364,0.202902,-0.563123,2.58476
-0.110586,372.279,0.00234596,2.18691,0.190119,-0.600756,2.75744
-0.110586,372.279,0.00234638,2.31154,0.176587,-0.636022,2.91925
-0.110586,372.279,0.00234681,2.42705,0.162358,-0.668782,3.06953
-0.110586,372.279,0.00234723,2.53298,0.147487,-0.698907,3.20771
-0.110586,372.279,0.00234766,2.62892,0.132035,-0.726277,3.33323
-0.110586,372.279,0.00234809,2.71448,0.11606,-0.750784,3.4456
-0.110586,372.279,0.00234851,2.78933,0.0996279,-0.772332,3.54438
-0.110586,372.279,0.00234894,2.85317,0.0828016,-0.790834,3.62917
-0.110586,372.279,0.00234936,2.90575,0.0656481,-0.806218,3.69963
-0.110586,372.279,0.00234979,2.94686,0.0482348,-0.818421,3.75551
-0.110586,372.279,0.00235021,2.97634,0.0306307,-0.827396,3.79656
-0.110586,372.279,0.00235064,2.99408,0.012905,-0.833107,3.82263
-0.110586,372.279,0.00235106,3,-0.00487226,-0.83553,3.83361
-0.110586,372.279,0.00235149,2.99408,-0.0226309,-0.834656,3.82946
-0.110586,372.279,0.00235191,2.97634,-0.0403008,-0.830487,3.8102
-0.110586,372.279,0.00235234,2.94686,-0.0578123,-0.823039,3.7759
-0.110586,372.279,0.00235277,2.90575,-0.0750961,-0.812341,3.7267
-0.110586,372.279,0.00235319,2.85317,-0.0920841,-0.798435,3.66279
-0.110586,372.279,0.00235362,2.78933,-0.108709,-0.781376,3.58442
-0.110586,372.279,0.00235404,2.71448,-0.124905,-0.761229,3.4919
-0.110586,372.279,0.00235447,2.62892,-0.140609,-0.738076,3.3856
-0.110586,372.279,0.00235489,2.53298,-0.155758,-0.712006,3.26593
-0.110586,372.279,0.00235532,2.42705,-0.170293,-0.683122,3.13337
-0.110586,372.279,0.00235574,2.31154,-0.184155,-0.651539,2.98844
-0.110586,372.279,0.00235617,2.18691,-0.197291,-0.61738,2.83171
-0.110586,372.279,0.0023566,2.05364,-0.209648,-0.580781,2.66381
-0.110586,372.279,0.00235702,1.91227,-0.221178,-0.541886,2.48538
-0.110586,372.279,0.00235745,1.76336,-0.231834,-0.500849,2.29715
-0.110586,372.279,0.00235787,1.60748,-0.241575,-0.457831,2.09984
-0.110586,372.279,0.0023583,1.44526,-0.250362,-0.413004,1.89424
-0.110586,372.279,0.00235872,1.27734,-0.258161,-0.366544,1.68117
-0.110586,372.279,0.00235915,1.10437,-0.264941,-0.318635,1.46146
-0.110586,372.279,0.00235957,0.927051,-0.270674,-0.269467,1.23598
-0.110586,372.279,0.00236,0.74607,-0.275339,-0.219233,1.00562
-0.110586,372.279,0.00236043,0.562144,-0.278916,-0.168134,0.771286
-0.110586,372.279,0.00236085,0.376,-0.281392,-0.11637,0.53391
-0.110586,372.279,0.00236128,0.188372,-0.282757,-0.0641471,0.294428
-0.110586,372.279,0.0023617,8.80497e-015,-0.283005,-0.0116715,0.0537842
-0.110586,372.279,0.00236213,-0.188372,-0.282136,0.0408492,-0.187071
-0.110586,372.279,0.00236255,-0.376,-0.280153,0.0932072,-0.427187
-0.110586,372.279,0.00236298,-0.562144,-0.277063,0.145195,-0.665614
-0.110586,372.279,0.0023634,-0.74607,-0.27288,0.196608,-0.901413
-0.110586,372.279,0.00236383,-0.927051,-0.26762,0.247242,-1.13365
-0.110586,372.279,0.00236426,-1.10437,-0.261303,0.296898,-1.36141
-0.110586,372.279,0.00236468,-1.27734,-0.253954,0.345378,-1.5838
-0.110586,372.279,0.00236511,-1.44526,-0.245603,0.392492,-1.79993
-0.110586,372.279,0.00236553,-1.60748,-0.236283,0.438053,-2.00895
-0.110586,372.279,0.00236596,-1.76336,-0.22603,0.481882,-2.21005
-0.110586,372.279,0.00236638,-1.91227,-0.214886,0.523805,-2.40241
-0.110586,372.279,0.00236681,-2.05364,-0.202893,0.563657,-2.58529
-0.110586,372.279,0.00236723,-2.18691,-0.1901,0.601281,-2.75797
-0.110586,372.279,0.00236766,-2.31154,-0.176557,0.636529,-2.91976
-0.110586,372.279,0.00236809,-2.42705,-0.162317,0.669261,-3.07002
-0.110586,372.279,0.00236851,-2.53298,-0.147437,0.69935,-3.20816
-0.110586,372.279,0.00236894,-2.62892,-0.131976,0.726676,-3.33364
-0.110586,372.279,0.00236936,-2.71448,-0.115994,0.751132,-3.44596
-0.110586,372.279,0.00236979,-2.78933,-0.0995557,0.772622,-3.54468
-0.110586,372.279,0.00237021,-2.85317,-0.0827246,0.791062,-3.6294
-0.110586,372.279,0.00237064,-2.90575,-0.0655676,0.806379,-3.69981
-0.110586,372.279,0.00237106,-2.94686,-0.0481524,0.818514,-3.75561
-0.110586,372.279,0.00237149,-2.97634,-0.0305478,0.827418,-3.79659
-0.110586,372.279,0.00237191,-2.99408,-0.0128231,0.833058,-3.82259
-0.110586,372.279,0.00237234,-3,0.00495161,0.835412,-3.8335
-0.110586,372.279,0.00237277,-2.99408,0.0227063,0.83447,-3.82929
-0.110586,372.279,0.00237319,-2.97634,0.0403709,0.830238,-3.80996
-0.110586,372.279,0.00237362,-2.94686,0.0578758,0.822731,-3.77561
-0.110586,372.279,0.00237404,-2.90575,0.075152,0.81198,-3.72635
-0.110586,372.279,0.00237447,-2.85317,0.0921313,0.798028,-3.66239
-0.110586,372.279,0.00237489,-2.78933,0.108747,0.780929,-3.58398
-0.110586,372.279,0.00237532,-2.71448,0.124933,0.760752,-3.49143
-0.110586,372.279,0.00237574,-2.62892,0.140626,0.737577,-3.3851
-0.110586,372.279,0.00237617,-2.53298,0.155764,0.711494,-3.26542
-0.110586,372.279,0.0023766,-2.42705,0.170288,0.682607,-3.13286
-0.110586,372.279,0.00237702,-2.31154,0.18414,0.651029,-2.98793
-0.110586,372.279,0.00237745,-2.18691,0.197265,0.616885,-2.83122
-0.110586,372.279,0.00237787,-2.05364,0.209612,0.58031,-2.66333
-0.110586,372.279,0.0023783,-1.91227,0.221132,0.541448,-2.48494
-0.110586,372.279,0.00237872,-1.76336,0.23178,0.500451,-2.29674
-0.110586,372.279,0.00237915,-1.60748,0.241513,0.457481,-2.09948
-0.110586,372.279,0.00237957,-1.44526,0.250294,0.412707,-1.89394
-0.110586,372.279,0.00238,-1.27734,0.258088,0.366306,-1.68092
-0.110586,372.279,0.00238043,-1.10437,0.264864,0.31846,-1.46127
-0.110586,372.279,0.00238085,-0.927051,0.270595,0.269357,-1.23586
-0.110586,372.279,0.00238128,-0.74607,0.275259,0.219191,-1.00556
-0.110586,372.279,0.0023817,-0.562144,0.278836,0.16816,-0.7713
-0.110586,372.279,0.00238213,-0.376,0.281314,0.116463,-0.533992
-0.110586,372.279,0.00238255,-0.188372,0.282683,0.0643059,-0.294575
-0.110586,372.279,0.00238298,-4.11468e-014,0.282936,0.0118928,-0.0539944
-0.110586,372.279,0.0023834,0.188372,0.282072,-0.0405697,0.186802
-0.110586,372.279,0.00238383,0.376,0.280096,-0.0928746,0.426864
-0.110586,372.279,0.00238426,0.562144,0.277015,-0.144816,0.665243
-0.110586,372.279,0.00238468,0.74607,0.272841,-0.196189,0.901001
-0.110586,372.279,0.00238511,0.927051,0.26759,-0.246791,1.13321
-0.110586,372.279,0.00238553,1.10437,0.261283,-0.296423,1.36094
-0.110586,372.279,0.00238596,1.27734,0.253945,-0.344888,1.58331
-0.110586,372.279,0.00238638,1.44526,0.245605,-0.391995,1.79943
-0.110586,372.279,0.00238681,1.60748,0.236295,-0.437559,2.00846
-0.110586,372.279,0.00238723,1.76336,0.226053,-0.4814,2.20956
-0.110586,372.279,0.00238766,1.91227,0.214918,-0.523343,2.40195
-0.110586,372.279,0.00238809,2.05364,0.202934,-0.563224,2.58486
-0.110586,372.279,0.00238851,2.18691,0.190149,-0.600884,2.75757
-0.110586,372.279,0.00238894,2.31154,0.176614,-0.636176,2.9194
-0.110586,372.279,0.00238936,2.42705,0.162381,-0.668958,3.0697
-0.110586,372.279,0.00238979,2.53298,0.147506,-0.699102,3.2079
-0.110586,372.279,0.00239021,2.62892,0.132049,-0.726487,3.33344
-0.110586,372.279,0.00239064,2.71448,0.11607,-0.751006,3.44582
-0.110586,372.279,0.00239106,2.78933,0.0996326,-0.772561,3.5446
-0.110586,372.279,0.00239149,2.85317,0.0828014,-0.791066,3.6294
-0.110586,372.279,0.00239191,2.90575,0.0656429,-0.806449,3.69987
-0.110586,372.279,0.00239234,2.94686,0.0482249,-0.818647,3.75573
-0.110586,372.279,0.00239277,2.97634,0.0306161,-0.827613,3.79677
-0.110586,372.279,0.00239319,2.99408,0.0128861,-0.833311,3.82283
-0.110586,372.279,0.00239362,3,-0.00489516,-0.835717,3.8338
-0.110586,372.279,0.00239404,2.99408,-0.0226573,-0.834823,3.82963
-0.110586,372.279,0.00239447,2.97634,-0.0403303,-0.83063,3.81035
-0.110586,372.279,0.00239489,2.94686,-0.0578443,-0.823157,3.77603
-0.110586,372.279,0.00239532,2.90575,-0.0751301,-0.812431,3.7268
-0.110586,372.279,0.00239574,2.85317,-0.0921194,-0.798496,3.66286
-0.110586,372.279,0.00239617,2.78933,-0.108745,-0.781407,3.58446
-0.110586,372.279,0.0023966,2.71448,-0.124941,-0.76123,3.49191
-0.110586,372.279,0.00239702,2.62892,-0.140645,-0.738046,3.38557
-0.110586,372.279,0.00239745,2.53298,-0.155792,-0.711946,3.26588
-0.110586,372.279,0.00239787,2.42705,-0.170325,-0.683033,3.13329
-0.110586,372.279,0.0023983,2.31154,-0.184185,-0.651423,2.98833
-0.110586,372.279,0.00239872,2.18691,-0.197318,-0.617239,2.83158
-0.110586,372.279,0.00239915,2.05364,-0.209671,-0.580618,2.66365
-0.110586,372.279,0.00239957,1.91227,-0.221197,-0.541704,2.4852
-0.110586,372.279,0.0024,1.76336,-0.231849,-0.500651,2.29695
-0.110586,372.279,0.00240043,1.60748,-0.241586,-0.457621,2.09963
-0.110586,372.279,0.00240085,1.44526,-0.250368,-0.412785,1.89403
-0.110586,372.279,0.00240128,1.27734,-0.258162,-0.366321,1.68095
-0.110586,372.279,0.0024017,1.10437,-0.264937,-0.318412,1.46124
-0.110586,372.279,0.00240213,0.927051,-0.270666,-0.269247,1.23576
-0.110586,372.279,0.00240255,0.74607,-0.275326,-0.219021,1.0054
-0.110586,372.279,0.00240298,0.562144,-0.278899,-0.167933,0.771083
-0.110586,372.279,0.0024034,0.376,-0.281371,-0.116185,0.533722
-0.110586,372.279,0.00240383,0.188372,-0.282732,-0.06398,0.294258
-0.110586,372.279,0.00240426,7.34886e-014,-0.282977,-0.0115257,0.0536347
-0.110586,372.279,0.00240468,-0.188372,-0.282106,0.0409711,-0.187197
-0.110586,372.279,0.00240511,-0.376,-0.28012,0.093303,-0.427287
-0.110586,372.279,0.00240553,-0.562144,-0.27703,0.145264,-0.665687
-0.110586,372.279,0.00240596,-0.74607,-0.272846,0.196647,-0.901457
-0.110586,372.279,0.00240638,-0.927051,-0.267585,0.247252,-1.13367
-0.110586,372.279,0.00240681,-1.10437,-0.261269,0.296878,-1.3614
-0.110586,372.279,0.00240723,-1.27734,-0.253921,0.345329,-1.58375
-0.110586,372.279,0.00240766,-1.44526,-0.245572,0.392415,-1.79986
-0.110586,372.279,0.00240809,-1.60748,-0.236254,0.437949,-2.00886
-0.110586,372.279,0.00240851,-1.76336,-0.226004,0.481753,-2.20992
-0.110586,372.279,0.00240894,-1.91227,-0.214862,0.523654,-2.40227
-0.110586,372.279,0.00240936,-2.05364,-0.202873,0.563487,-2.58513
-0.110586,372.279,0.00240979,-2.18691,-0.190084,0.601094,-2.75779
-0.110586,372.279,0.00241021,-2.31154,-0.176545,0.636329,-2.91956
-0.110586,372.279,0.00241064,-2.42705,-0.16231,0.669053,-3.06981
-0.110586,372.279,0.00241106,-2.53298,-0.147435,0.699136,-3.20795
-0.110586,372.279,0.00241149,-2.62892,-0.131978,0.72646,-3.33342
-0.110586,372.279,0.00241191,-2.71448,-0.116001,0.750918,-3.44574
-0.110586,372.279,0.00241234,-2.78933,-0.0995666,0.772415,-3.54447
-0.110586,372.279,0.00241277,-2.85317,-0.0827397,0.790865,-3.62921
-0.110586,372.279,0.00241319,-2.90575,-0.0655866,0.806195,-3.69962
-0.110586,372.279,0.00241362,-2.94686,-0.0481749,0.818347,-3.75544
-0.110586,372.279,0.00241404,-2.97634,-0.0305734,0.827271,-3.79644
-0.110586,372.279,0.00241447,-2.99408,-0.0128515,0.832933,-3.82246
-0.110586,372.279,0.00241489,-3,0.00492114,0.835312,-3.8334
-0.110586,372.279,0.00241532,-2.99408,0.0226742,0.834396,-3.82921
-0.110586,372.279,0.00241574,-2.97634,0.0403379,0.830191,-3.80991
-0.110586,372.279,0.00241617,-2.94686,0.0578424,0.822712,-3.77558
-0.110586,372.279,0.0024166,-2.90575,0.0751188,0.81199,-3.72635
-0.110586,372.279,0.00241702,-2.85317,0.0920989,0.798066,-3.66242
-0.110586,372.279,0.00241745,-2.78933,0.108716,0.780995,-3.58404
-0.110586,372.279,0.00241787,-2.71448,0.124904,0.760844,-3.49152
-0.110586,372.279,0.0024183,-2.62892,0.1406,0.737693,-3.38522
-0.110586,372.279,0.00241872,-2.53298,0.155741,0.711633,-3.26556
-0.110586,372.279,0.00241915,-2.42705,0.170268,0.682765,-3.13301
-0.110586,372.279,0.00241957,-2.31154,0.184123,0.651204,-2.9881
-0.110586,372.279,0.00242,-2.18691,0.197252,0.617074,-2.8314
-0.110586,372.279,0.00242043,-2.05364,0.209604,0.580509,-2.66353
-0.110586,372.279,0.00242085,-1.91227,0.221128,0.541653,-2.48514
-0.110586,372.279,0.00242128,-1.76336,0.23178,0.500658,-2.29695
-0.110586,372.279,0.0024217,-1.60748,0.241518,0.457687,-2.09969
-0.110586,372.279,0.00242213,-1.44526,0.250304,0.412909,-1.89414
-0.110586,372.279,0.00242255,-1.27734,0.258102,0.366499,-1.68112
-0.110586,372.279,0.00242298,-1.10437,0.264881,0.318641,-1.46146
-0.110586,372.279,0.0024234,-0.927051,0.270616,0.269523,-1.23602
-0.110586,372.279,0.00242383,-0.74607,0.275282,0.219339,-1.00571
-0.110586,372.279,0.00242426,-0.562144,0.278863,0.168287,-0.77143
-0.110586,372.279,0.00242468,-0.376,0.281343,0.116568,-0.5341
-0.110586,372.279,0.00242511,-0.188372,0.282713,0.0643854,-0.294659
-0.110586,372.279,0.00242553,6.46999e-014,0.282967,0.011946,-0.0540522
-0.110586,372.279,0.00242596,0.188372,0.282105,-0.0405435,0.186771
-0.110586,372.279,0.00242638,0.376,0.280129,-0.0928759,0.42686
-0.110586,372.279,0.00242681,0.562144,0.277047,-0.144845,0.665267
-0.110586,372.279,0.00242723,0.74607,0.272871,-0.196244,0.901052
-0.110586,372.279,0.00242766,0.927051,0.267619,-0.246872,1.13328
-0.110586,372.279,0.00242809,1.10437,0.26131,-0.296528,1.36104
-0.110586,372.279,0.00242851,1.27734,0.253969,-0.345015,1.58343
-0.110586,372.279,0.00242894,1.44526,0.245625,-0.392142,1.79958
-0.110586,372.279,0.00242936,1.60748,0.236312,-0.437723,2.00862
-0.110586,372.279,0.00242979,1.76336,0.226066,-0.481578,2.20974
-0.110586,372.279,0.00243021,1.91227,0.214927,-0.523532,2.40213
-0.110586,372.279,0.00243064,2.05364,0.202939,-0.56342,2.58505
-0.110586,372.279,0.00243106,2.18691,0.19015,-0.601084,2.75777
-0.110586,372.279,0.00243149,2.31154,0.17661,-0.636376,2.9196
-0.110586,372.279,0.00243191,2.42705,0.162373,-0.669154,3.0699
-0.110586,372.279,0.00243234,2.53298,0.147494,-0.699291,3.20809
-0.110586,372.279,0.00243277,2.62892,0.132033,-0.726666,3.33362
-0.110586,372.279,0.00243319,2.71448,0.116051,-0.751171,3.44599
-0.110586,372.279,0.00243362,2.78933,0.0996105,-0.772709,3.54475
-0.110586,372.279,0.00243404,2.85317,0.0827765,-0.791195,3.62953
-0.110586,372.279,0.00243447,2.90575,0.0656158,-0.806556,3.69998
-0.110586,372.279,0.00243489,2.94686,0.0481959,-0.818731,3.75582
-0.110586,372.279,0.00243532,2.97634,0.0305859,-0.827672,3.79684
-0.110586,372.279,0.00243574,2.99408,0.0128552,-0.833344,3.82287
-0.110586,372.279,0.00243617,3,-0.0049262,-0.835724,3.83381
-0.110586,372.279,0.0024366,2.99408,-0.022688,-0.834803,3.82962
-0.110586,372.279,0.00243702,2.97634,-0.04036,-0.830585,3.81031
-0.110586,372.279,0.00243745,2.94686,-0.0578725,-0.823086,3.77596
-0.110586,372.279,0.00243787,2.90575,-0.0751562,-0.812337,3.72671
-0.110586,372.279,0.0024383,2.85317,-0.092143,-0.79838,3.66274
-0.110586,372.279,0.00243872,2.78933,-0.108766,-0.781271,3.58432
-0.110586,372.279,0.00243915,2.71448,-0.124959,-0.761077,3.49176
-0.110586,372.279,0.00243957,2.62892,-0.140658,-0.737878,3.38541
-0.110586,372.279,0.00244,2.53298,-0.155802,-0.711767,3.2657
-0.110586,372.279,0.00244043,2.42705,-0.170331,-0.682846,3.1331
-0.110586,372.279,0.00244085,2.31154,-0.184187,-0.651231,2.98814
-0.110586,372.279,0.00244128,2.18691,-0.197316,-0.617046,2.83138
-0.110586,372.279,0.0024417,2.05364,-0.209665,-0.580427,2.66346
-0.110586,372.279,0.00244213,1.91227,-0.221187,-0.541519,2.48502
-0.110586,372.279,0.00244255,1.76336,-0.231835,-0.500475,2.29677
-0.110586,372.279,0.00244298,1.60748,-0.241568,-0.457458,2.09947
-0.110586,372.279,0.0024434,1.44526,-0.250348,-0.412637,1.89388
-0.110586,372.279,0.00244383,1.27734,-0.258139,-0.366191,1.68081
-0.110586,372.279,0.00244426,1.10437,-0.264912,-0.318301,1.46112
-0.110586,372.279,0.00244468,0.927051,-0.270638,-0.269159,1.23566
-0.110586,372.279,0.00244511,0.74607,-0.275297,-0.218957,1.00533
-0.110586,372.279,0.00244553,0.562144,-0.278869,-0.167893,0.771039
-0.110586,372.279,0.00244596,0.376,-0.281341,-0.11617,0.533703
-0.110586,372.279,0.00244638,0.188372,-0.282702,-0.0639908,0.294264
-0.110586,372.279,0.00244681,-3.23581e-014,-0.282948,-0.0115617,0.0536663
-0.110586,372.279,0.00244723,-0.188372,-0.282078,0.0409105,-0.187141
-0.110586,372.279,0.00244766,-0.376,-0.280095,0.0932192,-0.427207
-0.110586,372.279,0.00244809,-0.562144,-0.277006,0.145158,-0.665586
-0.110586,372.279,0.00244851,-0.74607,-0.272825,0.196522,-0.901336
-0.110586,372.279,0.00244894,-0.927051,-0.267567,0.247109,-1.13353
-0.110586,372.279,0.00244936,-1.10437,-0.261254,0.29672,-1.36124
-0.110586,372.279,0.00244979,-1.27734,-0.25391,0.34516,-1.58359
-0.110586,372.279,0.00245021,-1.44526,-0.245565,0.392237,-1.79968
-0.110586,372.279,0.00245064,-1.60748,-0.236251,0.437766,-2.00867
-0.110586,372.279,0.00245106,-1.76336,-0.226004,0.481567,-2.20974
-0.110586,372.279,0.00245149,-1.91227,-0.214867,0.523469,-2.40208
-0.110586,372.279,0.00245191,-2.05364,-0.202882,0.563306,-2.58495
-0.110586,372.279,0.00245234,-2.18691,-0.190096,0.600922,-2.75761
-0.110586,372.279,0.00245277,-2.31154,-0.17656,0.636168,-2.9194
-0.110586,372.279,0.00245319,-2.42705,-0.162328,0.668905,-3.06966
-0.110586,372.279,0.00245362,-2.53298,-0.147456,0.699004,-3.20781
-0.110586,372.279,0.00245404,-2.62892,-0.132002,0.726347,-3.33331
-0.110586,372.279,0.00245447,-2.71448,-0.116027,0.750827,-3.44565
-0.110586,372.279,0.00245489,-2.78933,-0.0995939,0.772345,-3.54439
-0.110586,372.279,0.00245532,-2.85317,-0.082768,0.790818,-3.62915
-0.110586,372.279,0.00245574,-2.90575,-0.0656154,0.806173,-3.6996
-0.110586,372.279,0.00245617,-2.94686,-0.0482037,0.818349,-3.75544
-0.110586,372.279,0.0024566,-2.97634,-0.0306016,0.827298,-3.79646
-0.110586,372.279,0.00245702,-2.99408,-0.0128785,0.832984,-3.82251
-0.110586,372.279,0.00245745,-3,0.00489563,0.835385,-3.83347
-0.110586,372.279,0.00245787,-2.99408,0.0226508,0.834492,-3.8293
-0.110586,372.279,0.0024583,-2.97634,0.0403169,0.830306,-3.81002
-0.110586,372.279,0.00245872,-2.94686,0.0578242,0.822845,-3.77571
-0.110586,372.279,0.00245915,-2.90575,0.0751037,0.812138,-3.7265
-0.110586,372.279,0.00245957,-2.85317,0.0920873,0.798226,-3.66258
-0.110586,372.279,0.00246,-2.78933,0.108708,0.781165,-3.58421
-0.110586,372.279,0.00246043,-2.71448,0.1249,0.76102,-3.49169
-0.110586,372.279,0.00246085,-2.62892,0.140599,0.737872,-3.38539
-0.110586,372.279,0.00246128,-2.53298,0.155744,0.711811,-3.26574
-0.110586,372.279,0.0024617,-2.42705,0.170275,0.68294,-3.13319
-0.110586,372.279,0.00246213,-2.31154,0.184134,0.651373,-2.98827
-0.110586,372.279,0.00246255,-2.18691,0.197266,0.617233,-2.83156
-0.110586,372.279,0.00246298,-2.05364,0.209621,0.580656,-2.66368
-0.110586,372.279,0.0024634,-1.91227,0.221148,0.541784,-2.48528
-0.110586,372.279,0.00246383,-1.76336,0.231803,0.500773,-2.29707
-0.110586,372.279,0.00246426,-1.60748,0.241543,0.457782,-2.09979
-0.110586,372.279,0.00246468,-1.44526,0.25033,0.412983,-1.89422
-0.110586,372.279,0.00246511,-1.27734,0.258129,0.366551,-1.68117
-0.110586,372.279,0.00246553,-1.10437,0.264909,0.318669,-1.46149
-0.110586,372.279,0.00246596,-0.927051,0.270643,0.269528,-1.23603
-0.110586,372.279,0.00246638,-0.74607,0.27531,0.21932,-1.0057
-0.110586,372.279,0.00246681,-0.562144,0.278889,0.168245,-0.771392
-0.110586,372.279,0.00246723,-0.376,0.281368,0.116503,-0.53404
-0.110586,372.279,0.00246766,-0.188372,0.282736,0.0642997,-0.294577
-0.110586,372.279,0.00246809,1.6263e-017,0.282988,0.0118408,-0.0539505
-0.110586,372.279,0.00246851,0.188372,0.282123,-0.0406663,0.186891
-0.110586,372.279,0.00246894,0.376,0.280144,-0.093014,0.426995
-0.110586,372.279,0.00246936,0.562144,0.277059,-0.144995,0.665416
-0.110586,372.279,0.00246979,0.74607,0.27288,-0.196405,0.901211
-0.110586,372.279,0.00247021,0.927051,0.267624,-0.24704,1.13345
-0.110586,372.279,0.00247064,1.10437,0.261311,-0.2967,1.36121
-0.110586,372.279,0.00247106,1.27734,0.253967,-0.345188,1.58361
-0.110586,372.279,0.00247149,1.44526,0.24562,-0.392313,1.79975
-0.110586,372.279,0.00247191,1.60748,0.236303,-0.437888,2.00879
-0.110586,372.279,0.00247234,1.76336,0.226053,-0.481734,2.2099
-0.110586,372.279,0.00247277,1.91227,0.214911,-0.523677,2.40228
-0.110586,372.279,0.00247319,2.05364,0.202921,-0.563552,2.58518
-0.110586,372.279,0.00247362,2.18691,0.190129,-0.6012,2.75788
-0.110586,372.279,0.00247404,2.31154,0.176587,-0.636473,2.9197
-0.110586,372.279,0.00247447,2.42705,0.162348,-0.669232,3.06998
-0.110586,372.279,0.00247489,2.53298,0.147469,-0.699347,3.20815
-0.110586,372.279,0.00247532,2.62892,0.132007,-0.7267,3.33366
-0.110586,372.279,0.00247574,2.71448,0.116024,-0.751183,3.446
-0.110586,372.279,0.00247617,2.78933,0.0995839,-0.772698,3.54475
-0.110586,372.279,0.0024766,2.85317,0.0827507,-0.791162,3.6295
-0.110586,372.279,0.00247702,2.90575,0.0655911,-0.806501,3.69993
-0.110586,372.279,0.00247745,2.94686,0.0481729,-0.818655,3.75575
-0.110586,372.279,0.00247787,2.97634,0.0305649,-0.827577,3.79675
-0.110586,372.279,0.0024783,2.99408,0.0128366,-0.833231,3.82276
-0.110586,372.279,0.00247872,3,-0.00494203,-0.835595,3.83368
-0.110586,372.279,0.00247915,2.99408,-0.0227008,-0.834661,3.82948
-0.110586,372.279,0.00247957,2.97634,-0.0403696,-0.830433,3.81016
-0.110586,372.279,0.00248,2.94686,-0.0578786,-0.822926,3.7758
-0.110586,372.279,0.00248043,2.90575,-0.0751589,-0.812173,3.72654
-0.110586,372.279,0.00248085,2.85317,-0.0921422,-0.798214,3.66258
-0.110586,372.279,0.00248128,2.78933,-0.108761,-0.781106,3.58416
-0.110586,372.279,0.0024817,2.71448,-0.124951,-0.760916,3.4916
-0.110586,372.279,0.00248213,2.62892,-0.140647,-0.737724,3.38525
-0.110586,372.279,0.00248255,2.53298,-0.155788,-0.711623,3.26555
-0.110586,372.279,0.00248298,2.42705,-0.170314,-0.682715,3.13297
-0.110586,372.279,0.0024834,2.31154,-0.184168,-0.651114,2.98802
-0.110586,372.279,0.00248383,2.18691,-0.197294,-0.616947,2.83128
-0.110586,372.279,0.00248426,2.05364,-0.209642,-0.580346,2.66337
-0.110586,372.279,0.00248468,1.91227,-0.221162,-0.541458,2.48495
-0.110586,372.279,0.00248511,1.76336,-0.23181,-0.500435,2.29673
-0.110586,372.279,0.00248553,1.60748,-0.241543,-0.457439,2.09944
-0.110586,372.279,0.00248596,1.44526,-0.250322,-0.412641,1.89388
-0.110586,372.279,0.00248638,1.27734,-0.258114,-0.366216,1.68084
-0.110586,372.279,0.00248681,1.10437,-0.264887,-0.318349,1.46116
-0.110586,372.279,0.00248723,0.927051,-0.270616,-0.269226,1.23573
-0.110586,372.279,0.00248766,0.74607,-0.275276,-0.219043,1.00542
-0.110586,372.279,0.00248809,0.562144,-0.278851,-0.167997,0.77114
-0.110586,372.279,0.00248851,0.376,-0.281325,-0.116289,0.53382
-0.110586,372.279,0.00248894,0.188372,-0.282689,-0.0641237,0.294395
-0.110586,372.279,0.00248936,3.23255e-014,-0.282938,-0.0117056,0.0538082
-0.110586,372.279,0.00248979,-0.188372,-0.282071,0.0407584,-0.18699
-0.110586,372.279,0.00249021,-0.376,-0.280091,0.0930616,-0.427051
-0.110586,372.279,0.00249064,-0.562144,-0.277006,0.144998,-0.665426
-0.110586,372.279,0.00249106,-0.74607,-0.272828,0.196362,-0.901176
-0.110586,372.279,0.00249149,-0.927051,-0.267574,0.246953,-1.13337
-0.110586,372.279,0.00249191,-1.10437,-0.261264,0.29657,-1.36109
-0.110586,372.279,0.00249234,-1.27734,-0.253923,0.345018,-1.58344
-0.110586,372.279,0.00249277,-1.44526,-0.24558,0.392106,-1.79955
-0.110586,372.279,0.00249319,-1.60748,-0.236269,0.437649,-2.00855
-0.110586,372.279,0.00249362,-1.76336,-0.226025,0.481466,-2.20963
-0.110586,372.279,0.00249404,-1.91227,-0.214889,0.523385,-2.40199
-0.110586,372.279,0.00249447,-2.05364,-0.202905,0.563242,-2.58488
-0.110586,372.279,0.00249489,-2.18691,-0.19012,0.600877,-2.75756
-0.110586,372.279,0.00249532,-2.31154,-0.176585,0.636144,-2.91937
-0.110586,372.279,0.00249574,-2.42705,-0.162353,0.668902,-3.06965
-0.110586,372.279,0.00249617,-2.53298,-0.14748,0.699022,-3.20783
-0.110586,372.279,0.0024966,-2.62892,-0.132025,0.726386,-3.33334
-0.110586,372.279,0.00249702,-2.71448,-0.116049,0.750886,-3.4457
-0.110586,372.279,0.00249745,-2.78933,-0.0996146,0.772423,-3.54447
-0.110586,372.279,0.00249787,-2.85317,-0.0827867,0.790914,-3.62925
-0.110586,372.279,0.0024983,-2.90575,-0.0656317,0.806284,-3.6997
-0.110586,372.279,0.00249872,-2.94686,-0.0482174,0.818474,-3.75556
-0.110586,372.279,0.00249915,-2.97634,-0.0306124,0.827434,-3.7966
-0.110586,372.279,0.00249957,-2.99408,-0.0128863,0.833129,-3.82265
-0.110586,372.279,0.0025,-3,0.00489111,0.835536,-3.83362
-0.110586,372.279,0.00250043,-2.99408,0.0226495,0.834645,-3.82945
-0.110586,372.279,0.00250085,-2.97634,0.0403189,0.83046,-3.81018
-0.110586,372.279,0.00250128,-2.94686,0.0578295,0.822997,-3.77586
-0.110586,372.279,0.0025017,-2.90575,0.0751121,0.812285,-3.72665
-0.110586,372.279,0.00250213,-2.85317,0.0920986,0.798366,-3.66272
-0.110586,372.279,0.00250255,-2.78933,0.108722,0.781294,-3.58434
-0.110586,372.279,0.00250298,-2.71448,0.124916,0.761137,-3.49181
-0.110586,372.279,0.0025034,-2.62892,0.140618,0.737975,-3.3855
-0.110586,372.279,0.00250383,-2.53298,0.155765,0.711898,-3.26582
-0.110586,372.279,0.00250426,-2.42705,0.170297,0.683009,-3.13326
-0.110586,372.279,0.00250468,-2.31154,0.184157,0.651422,-2.98833
-0.110586,372.279,0.00250511,-2.18691,0.19729,0.617263,-2.8316
-0.110586,372.279,0.00250553,-2.05364,0.209645,0.580665,-2.66369
-0.110586,372.279,0.00250596,-1.91227,0.221172,0.541773,-2.48527
-0.110586,372.279,0.00250638,-1.76336,0.231826,0.500741,-2.29704
-0.110586,372.279,0.00250681,-1.60748,0.241565,0.457731,-2.09974
-0.110586,372.279,0.00250723,-1.44526,0.25035,0.412913,-1.89415
-0.110586,372.279,0.00250766,-1.27734,0.258147,0.366464,-1.68109
-0.110586,372.279,0.00250809,-1.10437,0.264925,0.318567,-1.46139
-0.110586,372.279,0.00250851,-0.927051,0.270657,0.269412,-1.23592
-0.110586,372.279,0.00250894,-0.74607,0.275321,0.219193,-1.00557
-0.110586,372.279,0.00250936,-0.562144,0.278898,0.168108,-0.771257
-0.110586,372.279,0.00250979,-0.376,0.281374,0.11636,-0.533897
-0.110586,372.279,0.00251021,-0.188372,0.282739,0.0641521,-0.29443
-0.110586,372.279,0.00251064,-6.46673e-014,0.282987,0.0116919,-0.0538018
-0.110586,372.279,0.00251106,0.188372,0.282119,-0.0408139,0.187038
-0.110586,372.279,0.00251149,0.376,0.280137,-0.0931577,0.42714
-0.110586,372.279,0.00251191,0.562144,0.277049,-0.145133,0.665554
-0.110586,372.279,0.00251234,0.74607,0.272867,-0.196533,0.90134
-0.110586,372.279,0.00251277,0.927051,0.267609,-0.247157,1.13357
-0.110586,372.279,0.00251319,1.10437,0.261294,-0.296803,1.36132
-0.110586,372.279,0.00251362,1.27734,0.253947,-0.345276,1.5837
-0.110586,372.279,0.00251404,1.44526,0.245599,-0.392384,1.79982
-0.110586,372.279,0.00251447,1.60748,0.236281,-0.437942,2.00884
-0.110586,372.279,0.00251489,1.76336,0.226031,-0.481769,2.20993
-0.110586,372.279,0.00251532,1.91227,0.214888,-0.523692,2.4023
-0.110586,372.279,0.00251574,2.05364,0.202898,-0.563547,2.58518
-0.110586,372.279,0.00251617,2.18691,0.190107,-0.601176,2.75786
-0.110586,372.279,0.0025166,2.31154,0.176566,-0.63643,2.91966
-0.110586,372.279,0.00251702,2.42705,0.162328,-0.669171,3.06992
-0.110586,372.279,0.00251745,2.53298,0.14745,-0.699269,3.20808
-0.110586,372.279,0.00251787,2.62892,0.13199,-0.726606,3.33357
-0.110586,372.279,0.0025183,2.71448,0.11601,-0.751075,3.4459
-0.110586,372.279,0.00251872,2.78933,0.0995722,-0.772578,3.54463
-0.110586,372.279,0.00251915,2.85317,0.0827417,-0.791032,3.62937
-0.110586,372.279,0.00251957,2.90575,0.065585,-0.806364,3.69979
-0.110586,372.279,0.00252,2.94686,0.0481699,-0.818514,3.75561
-0.110586,372.279,0.00252043,2.97634,0.0305649,-0.827433,3.7966
-0.110586,372.279,0.00252085,2.99408,0.0128396,-0.833088,3.82262
-0.110586,372.279,0.00252128,3,-0.00493602,-0.835455,3.83354
-0.110586,372.279,0.0025217,2.99408,-0.0226919,-0.834527,3.82934
-0.110586,372.279,0.00252213,2.97634,-0.040358,-0.830306,3.81003
-0.110586,372.279,0.00252255,2.94686,-0.0578646,-0.82281,3.77568
-0.110586,372.279,0.00252298,2.90575,-0.0751427,-0.812069,3.72644
-0.110586,372.279,0.0025234,2.85317,-0.092124,-0.798124,3.66249
-0.110586,372.279,0.00252383,2.78933,-0.108742,-0.781032,3.58408
-0.110586,372.279,0.00252426,2.71448,-0.12493,-0.760859,3.49154
-0.110586,372.279,0.00252468,2.62892,-0.140626,-0.737685,3.38521
-0.110586,372.279,0.00252511,2.53298,-0.155766,-0.711603,3.26553
-0.110586,372.279,0.00252553,2.42705,-0.170292,-0.682713,3.13296
-0.110586,372.279,0.00252596,2.31154,-0.184146,-0.651132,2.98803
-0.110586,372.279,0.00252638,2.18691,-0.197273,-0.616983,2.83131
-0.110586,372.279,0.00252681,2.05364,-0.209622,-0.5804,2.66342
-0.110586,372.279,0.00252723,1.91227,-0.221144,-0.541529,2.48502
-0.110586,372.279,0.00252766,1.76336,-0.231793,-0.500521,2.29681
-0.110586,372.279,0.00252809,1.60748,-0.241528,-0.457539,2.09954
-0.110586,372.279,0.00252851,1.44526,-0.25031,-0.412753,1.89399
-0.110586,372.279,0.00252894,1.27734,-0.258105,-0.366338,1.68096
-0.110586,372.279,0.00252936,1.10437,-0.264881,-0.318478,1.46129
-0.110586,372.279,0.00252979,0.927051,-0.270612,-0.269361,1.23586
-0.110586,372.279,0.00253021,0.74607,-0.275275,-0.219181,1.00555
-0.110586,372.279,0.00253064,0.562144,-0.278853,-0.168135,0.771278
-0.110586,372.279,0.00253106,0.376,-0.28133,-0.116426,0.533956
-0.110586,372.279,0.00253149,0.188372,-0.282697,-0.0642552,0.294527
-0.110586,372.279,0.00253191,9.70092e-014,-0.282949,-0.01183,0.0539338
-0.110586,372.279,0.00253234,-0.188372,-0.282084,0.0406432,-0.186873
-0.110586,372.279,0.00253277,-0.376,-0.280106,0.0929576,-0.426945
-0.110586,372.279,0.00253319,-0.562144,-0.277023,0.144907,-0.665333
-0.110586,372.279,0.00253362,-0.74607,-0.272847,0.196286,-0.901097
-0.110586,372.279,0.00253404,-0.927051,-0.267594,0.246893,-1.13331
-0.110586,372.279,0.00253447,-1.10437,-0.261284,0.296527,-1.36105
-0.110586,372.279,0.00253489,-1.27734,-0.253944,0.344993,-1.58342
-0.110586,372.279,0.00253532,-1.44526,-0.245602,0.392099,-1.79954
-0.110586,372.279,0.00253574,-1.60748,-0.23629,0.43766,-2.00856
-0.110586,372.279,0.00253617,-1.76336,-0.226045,0.481495,-2.20966
-0.110586,372.279,0.0025366,-1.91227,-0.214908,0.523432,-2.40204
-0.110586,372.279,0.00253702,-2.05364,-0.202923,0.563305,-2.58494
-0.110586,372.279,0.00253745,-2.18691,-0.190137,0.600956,-2.75764
-0.110586,372.279,0.00253787,-2.31154,-0.1766,0.636236,-2.91946
-0.110586,372.279,0.0025383,-2.42705,-0.162366,0.669006,-3.06976
-0.110586,372.279,0.00253872,-2.53298,-0.14749,0.699137,-3.20794
-0.110586,372.279,0.00253915,-2.62892,-0.132033,0.726509,-3.33346
-0.110586,372.279,0.00253957,-2.71448,-0.116054,0.751014,-3.44583
-0.110586,372.279,0.00254,-2.78933,-0.0996164,0.772555,-3.5446
-0.110586,372.279,0.00254043,-2.85317,-0.0827856,0.791047,-3.62938
-0.110586,372.279,0.00254085,-2.90575,-0.0656278,0.806416,-3.69984
-0.110586,372.279,0.00254128,-2.94686,-0.0482108,0.818602,-3.75569
-0.110586,372.279,0.0025417,-2.97634,-0.0306032,0.827556,-3.79672
-0.110586,372.279,0.00254213,-2.99408,-0.0128746,0.833243,-3.82277
-0.110586,372.279,0.00254255,-3,0.00490494,0.83564,-3.83372
-0.110586,372.279,0.00254298,-2.99408,0.0226653,0.834737,-3.82955
-0.110586,372.279,0.0025434,-2.97634,0.0403363,0.830538,-3.81026
-0.110586,372.279,0.00254383,-2.94686,0.0578483,0.82306,-3.77593
-0.110586,372.279,0.00254426,-2.90575,0.0751319,0.812332,-3.7267
-0.110586,372.279,0.00254468,-2.85317,0.092119,0.798395,-3.66275
-0.110586,372.279,0.00254511,-2.78933,0.108743,0.781306,-3.58436
-0.110586,372.279,0.00254553,-2.71448,0.124937,0.761132,-3.49181
-0.110586,372.279,0.00254596,-2.62892,0.140638,0.737952,-3.38548
-0.110586,372.279,0.00254638,-2.53298,0.155784,0.711858,-3.26579
-0.110586,372.279,0.00254681,-2.42705,0.170315,0.682953,-3.13321
-0.110586,372.279,0.00254723,-2.31154,0.184173,0.651351,-2.98826
-0.110586,372.279,0.00254766,-2.18691,0.197305,0.617178,-2.83151
-0.110586,372.279,0.00254809,-2.05364,0.209657,0.580567,-2.66359
-0.110586,372.279,0.00254851,-1.91227,0.221182,0.541665,-2.48516
-0.110586,372.279,0.00254894,-1.76336,0.231834,0.500625,-2.29692
-0.110586,372.279,0.00254936,-1.60748,0.24157,0.457609,-2.09962
-0.110586,372.279,0.00254979,-1.44526,0.250353,0.412787,-1.89403
-0.110586,372.279,0.00255021,-1.27734,0.258147,0.366335,-1.68096
-0.110586,372.279,0.00255064,-1.10437,0.264922,0.318439,-1.46126
-0.110586,372.279,0.00255106,-0.927051,0.270652,0.269287,-1.23579
-0.110586,372.279,0.00255149,-0.74607,0.275313,0.219073,-1.00545
-0.110586,372.279,0.00255191,-0.562144,0.278887,0.167995,-0.771143
-0.110586,372.279,0.00255234,-0.376,0.281361,0.116256,-0.533792
-0.110586,372.279,0.00255277,-0.188372,0.282724,0.06406,-0.294336
