Amp, Phaseshift, Time, Vd, Vr, VL, VC
-0.450533,372.53,0,0,0,0,0
-0.450533,372.53,2.35294e-007,0.188372,0.00221614,0.188372,0
-0.450533,372.53,4.70588e-007,0.376,0.00661359,0.373784,0.00104289
-0.450533,372.53,7.05882e-007,0.562144,0.013137,0.554487,0.00415517
-0.450533,372.53,9.41176e-007,0.74607,0.0217108,0.728778,0.0103373
-0.450533,372.53,1.17647e-006,0.927051,0.0322403,0.895003,0.0205541
-0.450533,372.53,1.41176e-006,1.10437,0.0446118,1.05158,0.035726
-0.450533,372.53,1.64706e-006,1.27734,0.0586941,1.197,0.0567198
-0.450533,372.53,1.88235e-006,1.44526,0.0743394,1.32985,0.0843406
-0.450533,372.53,2.11765e-006,1.60748,0.0913841,1.4488,0.119324
-0.450533,372.53,2.35294e-006,1.76336,0.109651,1.55265,0.162328
-0.450533,372.53,2.58824e-006,1.91227,0.128948,1.64029,0.213928
-0.450533,372.53,2.82353e-006,2.05364,0.149075,1.71076,0.27461
-0.450533,372.53,3.05882e-006,2.18691,0.169819,1.76322,0.344763
-0.450533,372.53,3.29412e-006,2.31154,0.190959,1.79696,0.424677
-0.450533,372.53,3.52941e-006,2.42705,0.21227,1.81141,0.51454
-0.450533,372.53,3.76471e-006,2.53298,0.233519,1.80617,0.614432
-0.450533,372.53,4e-006,2.62892,0.254472,1.78097,0.724324
-0.450533,372.53,4.23529e-006,2.71448,0.274892,1.73569,0.844075
-0.450533,372.53,4.47059e-006,2.78933,0.294543,1.67036,0.973436
-0.450533,372.53,4.70588e-006,2.85317,0.313192,1.58519,1.11204
-0.450533,372.53,4.94118e-006,2.90575,0.33061,1.48051,1.25943
-0.450533,372.53,5.17647e-006,2.94686,0.346573,1.35682,1.41501
-0.450533,372.53,5.41176e-006,2.97634,0.360864,1.21476,1.5781
-0.450533,372.53,5.64706e-006,2.99408,0.373277,1.05511,1.74792
-0.450533,372.53,5.88235e-006,3,0.383616,0.878802,1.92358
-0.450533,372.53,6.11765e-006,2.99408,0.391697,0.686884,2.10411
-0.450533,372.53,6.35294e-006,2.97634,0.39735,0.480541,2.28843
-0.450533,372.53,6.58824e-006,2.94686,0.400422,0.261078,2.47542
-0.450533,372.53,6.82353e-006,2.90575,0.400774,0.0299056,2.66386
-0.450533,372.53,7.05882e-006,2.85317,0.398286,-0.21146,2.85246
-0.450533,372.53,7.29412e-006,2.78933,0.392857,-0.461412,3.03988
-0.450533,372.53,7.52941e-006,2.71448,0.384407,-0.71826,3.22476
-0.450533,372.53,7.76471e-006,2.62892,0.372875,-0.980245,3.40566
-0.450533,372.53,8e-006,2.53298,0.358222,-1.24555,3.58113
-0.450533,372.53,8.23529e-006,2.42705,0.34043,-1.5123,3.7497
-0.450533,372.53,8.47059e-006,2.31154,0.319505,-1.77859,3.9099
-0.450533,372.53,8.70588e-006,2.18691,0.295476,-2.0425,4.06026
-0.450533,372.53,8.94118e-006,2.05364,0.268392,-2.30209,4.19931
-0.450533,372.53,9.17647e-006,1.91227,0.238328,-2.55543,4.32561
-0.450533,372.53,9.41176e-006,1.76336,0.20538,-2.80058,4.43776
-0.450533,372.53,9.64706e-006,1.60748,0.169667,-3.03566,4.53441
-0.450533,372.53,9.88235e-006,1.44526,0.131328,-3.25882,4.61426
-0.450533,372.53,1.01176e-005,1.27734,0.0905249,-3.46825,4.67606
-0.450533,372.53,1.03529e-005,1.10437,0.0474401,-3.66221,4.71866
-0.450533,372.53,1.05882e-005,0.927051,0.00227481,-3.83905,4.74098
-0.450533,372.53,1.08235e-005,0.74607,-0.0447509,-3.99719,4.74205
-0.450533,372.53,1.10588e-005,0.562144,-0.0933998,-4.13516,4.72099
-0.450533,372.53,1.12941e-005,0.376,-0.143419,-4.25159,4.67704
-0.450533,372.53,1.15294e-005,0.188372,-0.194539,-4.34525,4.60955
-0.450533,372.53,1.17647e-005,3.67382e-016,-0.24648,-4.41501,4.518
-0.450533,372.53,1.2e-005,-0.188372,-0.29895,-4.45989,4.40201
-0.450533,372.53,1.22353e-005,-0.376,-0.351645,-4.47906,4.26133
-0.450533,372.53,1.24706e-005,-0.562144,-0.404254,-4.47183,4.09585
-0.450533,372.53,1.27059e-005,-0.74607,-0.456462,-4.43766,3.90561
-0.450533,372.53,1.29412e-005,-0.927051,-0.507947,-4.3762,3.69081
-0.450533,372.53,1.31765e-005,-1.10437,-0.558385,-4.28723,3.45177
-0.450533,372.53,1.34118e-005,-1.27734,-0.607452,-4.17072,3.189
-0.450533,372.53,1.36471e-005,-1.44526,-0.654826,-4.02681,2.90314
-0.450533,372.53,1.38824e-005,-1.60748,-0.700189,-3.8558,2.59499
-0.450533,372.53,1.41176e-005,-1.76336,-0.743226,-3.65816,2.26549
-0.450533,372.53,1.43529e-005,-1.91227,-0.783632,-3.43453,1.91573
-0.450533,372.53,1.45882e-005,-2.05364,-0.821112,-3.18574,1.54697
-0.450533,372.53,1.48235e-005,-2.18691,-0.855379,-2.91276,1.16056
-0.450533,372.53,1.50588e-005,-2.31154,-0.886164,-2.61672,0.75803
-0.450533,372.53,1.52941e-005,-2.42705,-0.91321,-2.29892,0.341011
-0.450533,372.53,1.55294e-005,-2.53298,-0.936278,-1.96078,-0.0887348
-0.450533,372.53,1.57647e-005,-2.62892,-0.955148,-1.60391,-0.529336
-0.450533,372.53,1.6e-005,-2.71448,-0.969618,-1.23,-0.978818
-0.450533,372.53,1.62353e-005,-2.78933,-0.979511,-0.840893,-1.43511
-0.450533,372.53,1.64706e-005,-2.85317,-0.984671,-0.43855,-1.89606
-0.450533,372.53,1.67059e-005,-2.90575,-0.984965,-0.0250235,-2.35943
-0.450533,372.53,1.69412e-005,-2.94686,-0.980288,0.397533,-2.82294
-0.450533,372.53,1.71765e-005,-2.97634,-0.97056,0.826887,-3.28425
-0.450533,372.53,1.74118e-005,-2.99408,-0.955728,1.26073,-3.74099
-0.450533,372.53,1.76471e-005,-3,-0.935767,1.69672,-4.19074
-0.450533,372.53,1.78824e-005,-2.99408,-0.910679,2.13243,-4.6311
-0.450533,372.53,1.81176e-005,-2.97634,-0.880498,2.56544,-5.05966
-0.450533,372.53,1.83529e-005,-2.94686,-0.845282,2.99329,-5.47401
-0.450533,372.53,1.85882e-005,-2.90575,-0.805123,3.41354,-5.87179
-0.450533,372.53,1.88235e-005,-2.85317,-0.760138,3.82374,-6.25067
-0.450533,372.53,1.90588e-005,-2.78933,-0.710473,4.22148,-6.60838
-0.450533,372.53,1.92941e-005,-2.71448,-0.656304,4.60438,-6.94272
-0.450533,372.53,1.95294e-005,-2.62892,-0.597832,4.97011,-7.25157
-0.450533,372.53,1.97647e-005,-2.53298,-0.535286,5.31642,-7.53291
-0.450533,372.53,2e-005,-2.42705,-0.46892,5.64114,-7.78481
-0.450533,372.53,2.02353e-005,-2.31154,-0.399012,5.94219,-8.00547
-0.450533,372.53,2.04706e-005,-2.18691,-0.325864,6.21758,-8.19324
-0.450533,372.53,2.07059e-005,-2.05364,-0.249799,6.46547,-8.34659
-0.450533,372.53,2.09412e-005,-1.91227,-0.171163,6.68412,-8.46414
-0.450533,372.53,2.11765e-005,-1.76336,-0.0903162,6.87195,-8.54469
-0.450533,372.53,2.14118e-005,-1.60748,-0.00763944,7.02753,-8.58719
-0.450533,372.53,2.16471e-005,-1.44526,0.0764732,7.14957,-8.59079
-0.450533,372.53,2.18824e-005,-1.27734,0.161614,7.23698,-8.5548
-0.450533,372.53,2.21176e-005,-1.10437,0.247365,7.28881,-8.47875
-0.450533,372.53,2.23529e-005,-0.927051,0.333298,7.30433,-8.36234
-0.450533,372.53,2.25882e-005,-0.74607,0.41898,7.28297,-8.20549
-0.450533,372.53,2.28235e-005,-0.562144,0.503973,7.22437,-8.00833
-0.450533,372.53,2.30588e-005,-0.376,0.587836,7.12835,-7.77116
-0.450533,372.53,2.32941e-005,-0.188372,0.670129,6.99496,-7.49453
-0.450533,372.53,2.35294e-005,-7.34764e-016,0.750416,6.82441,-7.17918
-0.450533,372.53,2.37647e-005,0.188372,0.828265,6.61713,-6.82604
-0.450533,372.53,2.4e-005,0.376,0.903251,6.37378,-6.43627
-0.450533,372.53,2.42353e-005,0.562144,0.974959,6.09516,-6.01121
-0.450533,372.53,2.44706e-005,0.74607,1.04299,5.78232,-5.55241
-0.450533,372.53,2.47059e-005,0.927051,1.10694,5.43647,-5.06159
-0.450533,372.53,2.49412e-005,1.10437,1.16646,5.05902,-4.54068
-0.450533,372.53,2.51765e-005,1.27734,1.22119,4.65155,-3.99175
-0.450533,372.53,2.54118e-005,1.44526,1.27078,4.21583,-3.41708
-0.450533,372.53,2.56471e-005,1.60748,1.31495,3.75377,-2.81906
-0.450533,372.53,2.58824e-005,1.76336,1.35339,3.26747,-2.20026
-0.450533,372.53,2.61176e-005,1.91227,1.38585,2.75915,-1.56337
-0.450533,372.53,2.63529e-005,2.05364,1.4121,2.23117,-0.91121
-0.450533,372.53,2.65882e-005,2.18691,1.43193,1.68602,-0.246694
-0.450533,372.53,2.68235e-005,2.31154,1.44518,1.1263,0.427156
-0.450533,372.53,2.70588e-005,2.42705,1.45171,0.554712,1.10724
-0.450533,372.53,2.72941e-005,2.53298,1.4514,-0.0259676,1.7904
-0.450533,372.53,2.75294e-005,2.62892,1.44419,-0.612883,2.47341
-0.450533,372.53,2.77647e-005,2.71448,1.43004,-1.20312,3.15303
-0.450533,372.53,2.8e-005,2.78933,1.40894,-1.79374,3.82599
-0.450533,372.53,2.82353e-005,2.85317,1.38092,-2.38176,4.48902
-0.450533,372.53,2.84706e-005,2.90575,1.34604,-2.96419,5.13886
-0.450533,372.53,2.87059e-005,2.94686,1.30442,-3.53804,5.7723
-0.450533,372.53,2.89412e-005,2.97634,1.25618,-4.10037,6.38614
-0.450533,372.53,2.91765e-005,2.99408,1.20149,-4.64824,6.97728
-0.450533,372.53,2.94118e-005,3,1.14057,-5.17878,7.54269
-0.450533,372.53,2.96471e-005,2.99408,1.07364,-5.68918,8.07943
-0.450533,372.53,2.98824e-005,2.97634,1.00097,-6.17672,8.58467
-0.450533,372.53,3.01176e-005,2.94686,0.922865,-6.63877,9.05571
-0.450533,372.53,3.03529e-005,2.90575,0.839655,-7.07283,9.49
-0.450533,372.53,3.05882e-005,2.85317,0.751696,-7.47649,9.88513
-0.450533,372.53,3.08235e-005,2.78933,0.659373,-7.8475,10.2389
-0.450533,372.53,3.10588e-005,2.71448,0.563093,-8.18376,10.5492
-0.450533,372.53,3.12941e-005,2.62892,0.463289,-8.48334,10.8142
-0.450533,372.53,3.15294e-005,2.53298,0.360413,-8.74446,11.0322
-0.450533,372.53,3.17647e-005,2.42705,0.254936,-8.96553,11.2018
-0.450533,372.53,3.2e-005,2.31154,0.147346,-9.14517,11.3217
-0.450533,372.53,3.22353e-005,2.18691,0.038144,-9.28219,11.3911
-0.450533,372.53,3.24706e-005,2.05364,-0.072157,-9.37559,11.409
-0.450533,372.53,3.27059e-005,1.91227,-0.183035,-9.42461,11.3751
-0.450533,372.53,3.29412e-005,1.76336,-0.29396,-9.42869,11.2889
-0.450533,372.53,3.31765e-005,1.60748,-0.404402,-9.3875,11.1506
-0.450533,372.53,3.34118e-005,1.44526,-0.513825,-9.30095,10.9603
-0.450533,372.53,3.36471e-005,1.27734,-0.621697,-9.16914,10.7185
-0.450533,372.53,3.38824e-005,1.10437,-0.72749,-8.99243,10.4259
-0.450533,372.53,3.41176e-005,0.927051,-0.830683,-8.7714,10.0836
-0.450533,372.53,3.43529e-005,0.74607,-0.930764,-8.50684,9.69268
-0.450533,372.53,3.45882e-005,0.562144,-1.02723,-8.19977,9.25468
-0.450533,372.53,3.48235e-005,0.376,-1.1196,-7.85144,8.77127
-0.450533,372.53,3.50588e-005,0.188372,-1.2074,-7.4633,8.2444
-0.450533,372.53,3.52941e-005,-4.22692e-015,-1.29019,-7.037,7.67621
-0.450533,372.53,3.55294e-005,-0.188372,-1.36754,-6.57439,7.06906
-0.450533,372.53,3.57647e-005,-0.376,-1.43904,-6.07752,6.42551
-0.450533,372.53,3.6e-005,-0.562144,-1.50432,-5.54862,5.74832
-0.450533,372.53,3.62353e-005,-0.74607,-1.56302,-4.99007,5.0404
-0.450533,372.53,3.64706e-005,-0.927051,-1.61484,-4.40443,4.30486
-0.450533,372.53,3.67059e-005,-1.10437,-1.65948,-3.7944,3.54494
-0.450533,372.53,3.69412e-005,-1.27734,-1.69669,-3.1628,2.76401
-0.450533,372.53,3.71765e-005,-1.44526,-1.72625,-2.51258,1.96556
-0.450533,372.53,3.74118e-005,-1.60748,-1.74798,-1.8468,1.15321
-0.450533,372.53,3.76471e-005,-1.76336,-1.76172,-1.16859,0.330635
-0.450533,372.53,3.78824e-005,-1.91227,-1.76739,-0.481182,-0.498412
-0.450533,372.53,3.81176e-005,-2.05364,-1.76489,0.212157,-1.33012
-0.450533,372.53,3.83529e-005,-2.18691,-1.75421,0.908107,-2.16066
-0.450533,372.53,3.85882e-005,-2.31154,-1.73534,1.60333,-2.98617
-0.450533,372.53,3.88235e-005,-2.42705,-1.70835,2.29446,-3.8028
-0.450533,372.53,3.90588e-005,-2.53298,-1.67331,2.97817,-4.60673
-0.450533,372.53,3.92941e-005,-2.62892,-1.63036,3.65112,-5.39417
-0.450533,372.53,3.95294e-005,-2.71448,-1.57965,4.31005,-6.1614
-0.450533,372.53,3.97647e-005,-2.78933,-1.5214,4.95172,-6.90476
-0.450533,372.53,4e-005,-2.85317,-1.45583,5.57299,-7.62072
-0.450533,372.53,4.02353e-005,-2.90575,-1.38323,6.1708,-8.30581
-0.450533,372.53,4.04706e-005,-2.94686,-1.30391,6.74218,-8.95675
-0.450533,372.53,4.07059e-005,-2.97634,-1.21822,7.28432,-9.57035
-0.450533,372.53,4.09412e-005,-2.99408,-1.12652,7.79449,-10.1436
-0.450533,372.53,4.11765e-005,-3,-1.02922,8.27015,-10.6738
-0.450533,372.53,4.14118e-005,-2.99408,-0.926763,8.7089,-11.1581
-0.450533,372.53,4.16471e-005,-2.97634,-0.819604,9.10851,-11.5942
-0.450533,372.53,4.18824e-005,-2.94686,-0.708228,9.46696,-11.9799
-0.450533,372.53,4.21176e-005,-2.90575,-0.593141,9.78239,-12.3132
-0.450533,372.53,4.23529e-005,-2.85317,-0.474868,10.0532,-12.5923
-0.450533,372.53,4.25882e-005,-2.78933,-0.353952,10.2779,-12.8158
-0.450533,372.53,4.28235e-005,-2.71448,-0.230949,10.4553,-12.9824
-0.450533,372.53,4.30588e-005,-2.62892,-0.106427,10.5844,-13.091
-0.450533,372.53,4.32941e-005,-2.53298,0.0190374,10.6645,-13.1411
-0.450533,372.53,4.35294e-005,-2.42705,0.144861,10.695,-13.1322
-0.450533,372.53,4.37647e-005,-2.31154,0.270459,10.6758,-13.064
-0.450533,372.53,4.4e-005,-2.18691,0.395242,10.6066,-12.9367
-0.450533,372.53,4.42353e-005,-2.05364,0.518629,10.4878,-12.7507
-0.450533,372.53,4.44706e-005,-1.91227,0.640038,10.3198,-12.5067
-0.450533,372.53,4.47059e-005,-1.76336,0.7589,10.1033,-12.2055
-0.450533,372.53,4.49412e-005,-1.60748,0.874654,9.83909,-11.8483
-0.450533,372.53,4.51765e-005,-1.44526,0.986753,9.52842,-11.4367
-0.450533,372.53,4.54118e-005,-1.27734,1.09467,9.17264,-10.9724
-0.450533,372.53,4.56471e-005,-1.10437,1.19788,8.77334,-10.4572
-0.450533,372.53,4.58824e-005,-0.927051,1.29591,8.33231,-9.89353
-0.450533,372.53,4.61176e-005,-0.74607,1.38828,7.85156,-9.28369
-0.450533,372.53,4.63529e-005,-0.562144,1.47455,7.33327,-8.63039
-0.450533,372.53,4.65882e-005,-0.376,1.55432,6.77983,-7.93648
-0.450533,372.53,4.68235e-005,-0.188372,1.62719,6.19379,-7.20503
-0.450533,372.53,4.70588e-005,-1.46953e-015,1.69281,5.57785,-6.4393
-0.450533,372.53,4.72941e-005,0.188372,1.75086,4.93486,-5.64268
-0.450533,372.53,4.75294e-005,0.376,1.80107,4.26782,-4.81875
-0.450533,372.53,4.77647e-005,0.562144,1.84319,3.57982,-3.97118
-0.450533,372.53,4.8e-005,0.74607,1.877,2.87406,-3.1038
-0.450533,372.53,4.82353e-005,0.927051,1.90234,2.15385,-2.22051
-0.450533,372.53,4.84706e-005,1.10437,1.91908,1.42254,-1.32529
-0.450533,372.53,4.87059e-005,1.27734,1.92712,0.683546,-0.42219
-0.450533,372.53,4.89412e-005,1.44526,1.92642,-0.059668,0.484689
-0.450533,372.53,4.91765e-005,1.60748,1.91696,-0.803626,1.39124
-0.450533,372.53,4.94118e-005,1.76336,1.89879,-1.54485,2.29334
-0.450533,372.53,4.96471e-005,1.91227,1.87197,-2.27986,3.18689
-0.450533,372.53,4.98824e-005,2.05364,1.83661,-3.00521,4.06781
-0.450533,372.53,5.01176e-005,2.18691,1.79288,-3.71752,4.9321
-0.450533,372.53,5.03529e-005,2.31154,1.74095,-4.41343,5.77581
-0.450533,372.53,5.05882e-005,2.42705,1.68107,-5.08971,6.59508
-0.450533,372.53,5.08235e-005,2.53298,1.61351,-5.74317,7.38617
-0.450533,372.53,5.10588e-005,2.62892,1.53856,-6.37076,8.14547
-0.450533,372.53,5.12941e-005,2.71448,1.45656,-6.96954,8.86949
-0.450533,372.53,5.15294e-005,2.78933,1.36789,-7.53673,9.55494
-0.450533,372.53,5.17647e-005,2.85317,1.27296,-8.06966,10.1987
-0.450533,372.53,5.2e-005,2.90575,1.17218,-8.56586,10.7977
-0.450533,372.53,5.22353e-005,2.94686,1.06603,-9.02301,11.3493
-0.450533,372.53,5.24706e-005,2.97634,0.954983,-9.43899,11.851
-0.450533,372.53,5.27059e-005,2.99408,0.839549,-9.81187,12.3004
-0.450533,372.53,5.29412e-005,3,0.720256,-10.1399,12.6955
-0.450533,372.53,5.31765e-005,2.99408,0.597649,-10.4216,13.0344
-0.450533,372.53,5.34118e-005,2.97634,0.472287,-10.6557,13.3156
-0.450533,372.53,5.36471e-005,2.94686,0.344745,-10.8411,13.5379
-0.450533,372.53,5.38824e-005,2.90575,0.215606,-10.9769,13.7001
-0.450533,372.53,5.41176e-005,2.85317,0.0854577,-11.0626,13.8016
-0.450533,372.53,5.43529e-005,2.78933,-0.0451037,-11.0977,13.8418
-0.450533,372.53,5.45882e-005,2.71448,-0.175483,-11.0822,13.8206
-0.450533,372.53,5.48235e-005,2.62892,-0.305085,-11.0162,13.738
-0.450533,372.53,5.50588e-005,2.53298,-0.433319,-10.8999,13.5944
-0.450533,372.53,5.52941e-005,2.42705,-0.559602,-10.7341,13.3905
-0.450533,372.53,5.55294e-005,2.31154,-0.68336,-10.5194,13.1272
-0.450533,372.53,5.57647e-005,2.18691,-0.804029,-10.2569,12.8056
-0.450533,372.53,5.6e-005,2.05364,-0.921064,-9.94792,12.4272
-0.450533,372.53,5.62353e-005,1.91227,-1.03393,-9.59389,11.9938
-0.450533,372.53,5.64706e-005,1.76336,-1.14213,-9.1965,11.5072
-0.450533,372.53,5.67059e-005,1.60748,-1.24516,-8.75762,10.9698
-0.450533,372.53,5.69412e-005,1.44526,-1.34256,-8.27934,10.3838
-0.450533,372.53,5.71765e-005,1.27734,-1.4339,-7.7639,9.75201
-0.450533,372.53,5.74118e-005,1.10437,-1.51877,-7.21373,9.07723
-0.450533,372.53,5.76471e-005,0.927051,-1.59679,-6.63141,8.36251
-0.450533,372.53,5.78824e-005,0.74607,-1.66761,-6.01966,7.61108
-0.450533,372.53,5.81176e-005,0.562144,-1.73092,-5.38134,6.82633
-0.450533,372.53,5.83529e-005,0.376,-1.78644,-4.71941,6.01178
-0.450533,372.53,5.85882e-005,0.188372,-1.83393,-4.03697,5.1711
-0.450533,372.53,5.88235e-005,1.83691e-015,-1.87319,-3.33717,4.30808
-0.450533,372.53,5.90588e-005,-0.188372,-1.90405,-2.62326,3.42658
-0.450533,372.53,5.92941e-005,-0.376,-1.92639,-1.89852,2.53055
-0.450533,372.53,5.95294e-005,-0.562144,-1.94011,-1.1663,1.62401
-0.450533,372.53,5.97647e-005,-0.74607,-1.94517,-0.429973,0.711021
-0.450533,372.53,6e-005,-0.927051,-1.94156,0.307098,-0.204353
-0.450533,372.53,6.02353e-005,-1.10437,-1.9293,1.04154,-1.11803
-0.450533,372.53,6.04706e-005,-1.27734,-1.90848,1.76999,-2.02593
-0.450533,372.53,6.07059e-005,-1.44526,-1.8792,2.48915,-2.92404
-0.450533,372.53,6.09412e-005,-1.60748,-1.8416,3.19576,-3.80837
-0.450533,372.53,6.11765e-005,-1.76336,-1.79587,3.88661,-4.675
-0.450533,372.53,6.14118e-005,-1.91227,-1.74224,4.55861,-5.52012
-0.450533,372.53,6.16471e-005,-2.05364,-1.68096,5.20872,-6.34
-0.450533,372.53,6.18824e-005,-2.18691,-1.61233,5.83406,-7.13104
-0.450533,372.53,6.21176e-005,-2.31154,-1.53666,6.43183,-7.88978
-0.450533,372.53,6.23529e-005,-2.42705,-1.45431,6.99939,-8.61292
-0.450533,372.53,6.25882e-005,-2.53298,-1.36568,7.53425,-9.2973
-0.450533,372.53,6.28235e-005,-2.62892,-1.27116,8.03406,-9.93997
-0.450533,372.53,6.30588e-005,-2.71448,-1.1712,8.49665,-10.5382
-0.450533,372.53,6.32941e-005,-2.78933,-1.06625,8.92003,-11.0893
-0.450533,372.53,6.35294e-005,-2.85317,-0.956815,9.3024,-11.5911
-0.450533,372.53,6.37647e-005,-2.90575,-0.843378,9.64215,-12.0413
-0.450533,372.53,6.4e-005,-2.94686,-0.726462,9.93786,-12.4382
-0.450533,372.53,6.42353e-005,-2.97634,-0.606599,10.1883,-12.7801
-0.450533,372.53,6.44706e-005,-2.99408,-0.484333,10.3926,-13.0656
-0.450533,372.53,6.47059e-005,-3,-0.360217,10.5499,-13.2935
-0.450533,372.53,6.49412e-005,-2.99408,-0.234809,10.6596,-13.463
-0.450533,372.53,6.51765e-005,-2.97634,-0.108675,10.7215,-13.5735
-0.450533,372.53,6.54118e-005,-2.94686,0.0176231,10.7353,-13.6246
-0.450533,372.53,6.56471e-005,-2.90575,0.14352,10.7013,-13.6163
-0.450533,372.53,6.58824e-005,-2.85317,0.268457,10.6196,-13.5488
-0.450533,372.53,6.61176e-005,-2.78933,0.391881,10.491,-13.4225
-0.450533,372.53,6.63529e-005,-2.71448,0.513247,10.3161,-13.238
-0.450533,372.53,6.65882e-005,-2.62892,0.632022,10.0959,-12.9965
-0.450533,372.53,6.68235e-005,-2.53298,0.747687,9.83152,-12.6991
-0.450533,372.53,6.70588e-005,-2.42705,0.859738,9.52436,-12.3472
-0.450533,372.53,6.72941e-005,-2.31154,0.967691,9.17597,-11.9427
-0.450533,372.53,6.75294e-005,-2.18691,1.07108,8.78807,-11.4873
-0.450533,372.53,6.77647e-005,-2.05364,1.16946,8.36256,-10.9832
-0.450533,372.53,6.8e-005,-1.91227,1.26242,7.90151,-10.4329
-0.450533,372.53,6.82353e-005,-1.76336,1.34956,7.40713,-9.83883
-0.450533,372.53,6.84706e-005,-1.60748,1.43053,6.88178,-9.20374
-0.450533,372.53,6.87059e-005,-1.44526,1.50497,6.32795,-8.53055
-0.450533,372.53,6.89412e-005,-1.27734,1.5726,5.74824,-7.82233
-0.450533,372.53,6.91765e-005,-1.10437,1.63313,5.14535,-7.08228
-0.450533,372.53,6.94118e-005,-0.927051,1.68633,4.5221,-6.31375
-0.450533,372.53,6.96471e-005,-0.74607,1.732,3.88134,-5.52018
-0.450533,372.53,6.98824e-005,-0.562144,1.76995,3.22604,-4.70512
-0.450533,372.53,7.01176e-005,-0.376,1.80006,2.55917,-3.8722
-0.450533,372.53,7.03529e-005,-0.188372,1.82222,1.88377,-3.02512
-0.450533,372.53,7.05882e-005,8.45385e-015,1.83637,1.2029,-2.1676
-0.450533,372.53,7.08235e-005,0.188372,1.84248,0.519601,-1.30343
-0.450533,372.53,7.10588e-005,0.376,1.84057,-0.163059,-0.436374
-0.450533,372.53,7.12941e-005,0.562144,1.83066,-0.842048,0.429775
-0.450533,372.53,7.15294e-005,0.74607,1.81284,-1.51436,1.29126
-0.450533,372.53,7.17647e-005,0.927051,1.78723,-2.17705,2.14436
-0.450533,372.53,7.2e-005,1.10437,1.75397,-2.82722,2.98541
-0.450533,372.53,7.22353e-005,1.27734,1.71324,-3.46205,3.81081
-0.450533,372.53,7.24706e-005,1.44526,1.66525,-4.07879,4.61704
-0.450533,372.53,7.27059e-005,1.60748,1.61026,-4.67482,5.40069
-0.450533,372.53,7.29412e-005,1.76336,1.54852,-5.24759,6.15846
-0.450533,372.53,7.31765e-005,1.91227,1.48035,-5.79471,6.88717
-0.450533,372.53,7.34118e-005,2.05364,1.40607,-6.31388,7.58381
-0.450533,372.53,7.36471e-005,2.18691,1.32603,-6.80297,8.24549
-0.450533,372.53,7.38824e-005,2.31154,1.24062,-7.25998,8.8695
-0.450533,372.53,7.41176e-005,2.42705,1.15023,-7.68307,9.45332
-0.450533,372.53,7.43529e-005,2.53298,1.05528,-8.07057,9.99461
-0.450533,372.53,7.45882e-005,2.62892,0.956212,-8.42097,10.4912
-0.450533,372.53,7.48235e-005,2.71448,0.853472,-8.73294,10.9412
-0.450533,372.53,7.50588e-005,2.78933,0.747527,-9.00534,11.3428
-0.450533,372.53,7.52941e-005,2.85317,0.638854,-9.23718,11.6946
-0.450533,372.53,7.55294e-005,2.90575,0.52794,-9.42771,11.9952
-0.450533,372.53,7.57647e-005,2.94686,0.415277,-9.57632,12.2437
-0.450533,372.53,7.6e-005,2.97634,0.301364,-9.68262,12.4391
-0.450533,372.53,7.62353e-005,2.99408,0.186701,-9.74639,12.5809
-0.450533,372.53,7.64706e-005,3,0.0717874,-9.76763,12.6688
-0.450533,372.53,7.67059e-005,2.99408,-0.0428773,-9.74649,12.7026
-0.450533,372.53,7.69412e-005,2.97634,-0.156799,-9.68335,12.6824
-0.450533,372.53,7.71765e-005,2.94686,-0.26949,-9.57873,12.6086
-0.450533,372.53,7.74118e-005,2.90575,-0.380471,-9.43336,12.4818
-0.450533,372.53,7.76471e-005,2.85317,-0.489272,-9.24814,12.3027
-0.450533,372.53,7.78824e-005,2.78933,-0.595439,-9.02414,12.0725
-0.450533,372.53,7.81176e-005,2.71448,-0.698528,-8.76257,11.7923
-0.450533,372.53,7.83529e-005,2.62892,-0.798114,-8.46484,11.4636
-0.450533,372.53,7.85882e-005,2.53298,-0.89379,-8.13247,11.088
-0.450533,372.53,7.88235e-005,2.42705,-0.985168,-7.76714,10.6674
-0.450533,372.53,7.90588e-005,2.31154,-1.07188,-7.37067,10.2038
-0.450533,372.53,7.92941e-005,2.18691,-1.15359,-6.94498,9.69935
-0.450533,372.53,7.95294e-005,2.05364,-1.22997,-6.49212,9.15649
-0.450533,372.53,7.97647e-005,1.91227,-1.30072,-6.01425,8.57768
-0.450533,372.53,8e-005,1.76336,-1.36559,-5.5136,7.96558
-0.450533,372.53,8.02353e-005,1.60748,-1.42432,-4.99251,7.32295
-0.450533,372.53,8.04706e-005,1.44526,-1.47672,-4.45336,6.65268
-0.450533,372.53,8.07059e-005,1.27734,-1.52258,-3.89862,5.95775
-0.450533,372.53,8.09412e-005,1.10437,-1.56177,-3.3308,5.24124
-0.450533,372.53,8.11765e-005,0.927051,-1.59415,-2.75243,4.50629
-0.450533,372.53,8.14118e-005,0.74607,-1.61963,-2.16608,3.75611
-0.450533,372.53,8.16471e-005,0.562144,-1.63815,-1.57433,2.99393
-0.450533,372.53,8.18824e-005,0.376,-1.64968,-0.979774,2.22303
-0.450533,372.53,8.21176e-005,0.188372,-1.65421,-0.384979,1.44671
-0.450533,372.53,8.23529e-005,2.57167e-015,-1.65177,0.207499,0.668259
-0.450533,372.53,8.25882e-005,-0.188372,-1.64241,0.795138,-0.109044
-0.450533,372.53,8.28235e-005,-0.376,-1.62623,1.37546,-0.881944
-0.450533,372.53,8.30588e-005,-0.562144,-1.60334,1.94603,-1.64723
-0.450533,372.53,8.32941e-005,-0.74607,-1.57387,2.5045,-2.40174
-0.450533,372.53,8.35294e-005,-0.927051,-1.53801,3.04856,-3.14239
-0.450533,372.53,8.37647e-005,-1.10437,-1.49594,3.57602,-3.86616
-0.450533,372.53,8.4e-005,-1.27734,-1.44788,4.08475,-4.57013
-0.450533,372.53,8.42353e-005,-1.44526,-1.39408,4.57275,-5.25148
-0.450533,372.53,8.44706e-005,-1.60748,-1.33481,5.03809,-5.90752
-0.450533,372.53,8.47059e-005,-1.76336,-1.27035,5.47898,-6.53567
-0.450533,372.53,8.49412e-005,-1.91227,-1.20102,5.89375,-7.13348
-0.450533,372.53,8.51765e-005,-2.05364,-1.12712,6.28086,-7.69867
-0.450533,372.53,8.54118e-005,-2.18691,-1.04902,6.63888,-8.22908
-0.450533,372.53,8.56471e-005,-2.31154,-0.967059,6.96655,-8.72273
-0.450533,372.53,8.58824e-005,-2.42705,-0.881615,7.26274,-9.17782
-0.450533,372.53,8.61176e-005,-2.53298,-0.793068,7.52645,-9.5927
-0.450533,372.53,8.63529e-005,-2.62892,-0.701811,7.75684,-9.9659
-0.450533,372.53,8.65882e-005,-2.71448,-0.608244,7.95324,-10.2962
-0.450533,372.53,8.68235e-005,-2.78933,-0.512772,8.11508,-10.5824
-0.450533,372.53,8.70588e-005,-2.85317,-0.415808,8.242,-10.8237
-0.450533,372.53,8.72941e-005,-2.90575,-0.317763,8.33376,-11.0194
-0.450533,372.53,8.75294e-005,-2.94686,-0.219054,8.39028,-11.1689
-0.450533,372.53,8.77647e-005,-2.97634,-0.120094,8.41163,-11.272
-0.450533,372.53,8.8e-005,-2.99408,-0.0212937,8.39801,-11.3285
-0.450533,372.53,8.82353e-005,-3,0.0769393,8.34981,-11.3385
-0.450533,372.53,8.84706e-005,-2.99408,0.174204,8.26752,-11.3023
-0.450533,372.53,8.87059e-005,-2.97634,0.270108,8.15178,-11.2204
-0.450533,372.53,8.89412e-005,-2.94686,0.364265,8.00338,-11.0932
-0.450533,372.53,8.91765e-005,-2.90575,0.456303,7.82323,-10.9218
-0.450533,372.53,8.94118e-005,-2.85317,0.54586,7.61235,-10.7071
-0.450533,372.53,8.96471e-005,-2.78933,0.632588,7.3719,-10.4502
-0.450533,372.53,8.98824e-005,-2.71448,0.716155,7.10315,-10.1525
-0.450533,372.53,9.01176e-005,-2.62892,0.796242,6.80745,-9.81551
-0.450533,372.53,9.03529e-005,-2.53298,0.872552,6.48629,-9.44081
-0.450533,372.53,9.05882e-005,-2.42705,0.944801,6.14121,-9.0302
-0.450533,372.53,9.08235e-005,-2.31154,1.01273,5.77386,-8.58559
-0.450533,372.53,9.10588e-005,-2.18691,1.07609,5.38595,-8.10901
-0.450533,372.53,9.12941e-005,-2.05364,1.13467,4.97927,-7.60261
-0.450533,372.53,9.15294e-005,-1.91227,1.18827,4.55567,-7.06865
-0.450533,372.53,9.17647e-005,-1.76336,1.2367,4.11702,-6.50946
-0.450533,372.53,9.2e-005,-1.60748,1.27983,3.66528,-5.92748
-0.450533,372.53,9.22353e-005,-1.44526,1.3175,3.2024,-5.32521
-0.450533,372.53,9.24706e-005,-1.27734,1.34962,2.73037,-4.70521
-0.450533,372.53,9.27059e-005,-1.10437,1.37611,2.25122,-4.0701
-0.450533,372.53,9.29412e-005,-0.927051,1.3969,1.76694,-3.42252
-0.450533,372.53,9.31765e-005,-0.74607,1.41195,1.27955,-2.76515
-0.450533,372.53,9.34118e-005,-0.562144,1.42126,0.791062,-2.10071
-0.450533,372.53,9.36471e-005,-0.376,1.42483,0.303453,-1.43188
-0.450533,372.53,9.38824e-005,-0.188372,1.42269,-0.181315,-0.761376
-0.450533,372.53,9.41176e-005,-2.93906e-015,1.41491,-0.661316,-0.0918738
-0.450533,372.53,9.43529e-005,0.188372,1.40156,-1.13467,0.573967
-0.450533,372.53,9.45882e-005,0.376,1.38274,-1.59953,1.23353
-0.450533,372.53,9.48235e-005,0.562144,1.35858,-2.05413,1.88423
-0.450533,372.53,9.50588e-005,0.74607,1.32921,-2.49674,2.52356
-0.450533,372.53,9.52941e-005,0.927051,1.29479,-2.92572,3.14907
-0.450533,372.53,9.55294e-005,1.10437,1.2555,-3.33948,3.75838
-0.450533,372.53,9.57647e-005,1.27734,1.21154,-3.73654,4.3492
-0.450533,372.53,9.6e-005,1.44526,1.16312,-4.11548,4.91934
-0.450533,372.53,9.62353e-005,1.60748,1.11047,-4.47498,5.46669
-0.450533,372.53,9.64706e-005,1.76336,1.05384,-4.81381,5.98926
-0.450533,372.53,9.67059e-005,1.91227,0.993478,-5.13083,6.48519
-0.450533,372.53,9.69412e-005,2.05364,0.929654,-5.42503,6.95271
-0.450533,372.53,9.71765e-005,2.18691,0.862649,-5.69546,7.39019
-0.450533,372.53,9.74118e-005,2.31154,0.792751,-5.9413,7.79614
-0.450533,372.53,9.76471e-005,2.42705,0.720259,-6.16184,8.1692
-0.450533,372.53,9.78824e-005,2.53298,0.645477,-6.35648,8.50815
-0.450533,372.53,9.81176e-005,2.62892,0.568715,-6.52471,8.8119
-0.450533,372.53,9.83529e-005,2.71448,0.49029,-6.66614,9.07953
-0.450533,372.53,9.85882e-005,2.78933,0.41052,-6.78049,9.31026
-0.450533,372.53,9.88235e-005,2.85317,0.329724,-6.86761,9.50344
-0.450533,372.53,9.90588e-005,2.90575,0.248225,-6.92742,9.65861
-0.450533,372.53,9.92941e-005,2.94686,0.166343,-6.95997,9.77542
-0.450533,372.53,9.95294e-005,2.97634,0.0843971,-6.96542,9.8537
-0.450533,372.53,9.97647e-005,2.99408,0.00270283,-6.94402,9.89342
-0.450533,372.53,0.0001,3,-0.078428,-6.89612,9.89469
-0.450533,372.53,0.000100235,2.99408,-0.158689,-6.82218,9.85778
-0.450533,372.53,0.000100471,2.97634,-0.23778,-6.72275,9.7831
-0.450533,372.53,0.000100706,2.94686,-0.315409,-6.59846,9.67121
-0.450533,372.53,0.000100941,2.90575,-0.391292,-6.45005,9.52278
-0.450533,372.53,0.000101176,2.85317,-0.465155,-6.27832,9.33864
-0.450533,372.53,0.000101412,2.78933,-0.536733,-6.08416,9.11975
-0.450533,372.53,0.000101647,2.71448,-0.605774,-5.86853,8.86717
-0.450533,372.53,0.000101882,2.62892,-0.672039,-5.63247,8.5821
-0.450533,372.53,0.000102118,2.53298,-0.735298,-5.37707,8.26584
-0.450533,372.53,0.000102353,2.42705,-0.79534,-5.10349,7.91982
-0.450533,372.53,0.000102588,2.31154,-0.851962,-4.81294,7.54554
-0.450533,372.53,0.000102824,2.18691,-0.904982,-4.50667,7.14462
-0.450533,372.53,0.000103059,2.05364,-0.954229,-4.18599,6.71874
-0.450533,372.53,0.000103294,1.91227,-0.99955,-3.85224,6.2697
-0.450533,372.53,0.000103529,1.76336,-1.04081,-3.50679,5.79932
-0.450533,372.53,0.000103765,1.60748,-1.07788,-3.15103,5.30953
-0.450533,372.53,0.000104,1.44526,-1.11066,-2.78639,4.80229
-0.450533,372.53,0.000104235,1.27734,-1.13906,-2.4143,4.27963
-0.450533,372.53,0.000104471,1.10437,-1.16302,-2.03619,3.7436
-0.450533,372.53,0.000104706,0.927051,-1.18247,-1.65353,3.1963
-0.450533,372.53,0.000104941,0.74607,-1.19738,-1.26776,2.63984
-0.450533,372.53,0.000105176,0.562144,-1.20774,-0.880313,2.07637
-0.450533,372.53,0.000105412,0.376,-1.21354,-0.492626,1.50802
-0.450533,372.53,0.000105647,0.188372,-1.21479,-0.106109,0.936942
-0.450533,372.53,0.000105882,3.30644e-015,-1.21152,0.277844,0.365278
-0.450533,372.53,0.000106118,-0.188372,-1.20378,0.657867,-0.204847
-0.450533,372.53,0.000106353,-0.376,-1.19163,1.03262,-0.771331
-0.450533,372.53,0.000106588,-0.562144,-1.17515,1.40082,-1.3321
-0.450533,372.53,0.000106824,-0.74607,-1.15443,1.76118,-1.88511
-0.450533,372.53,0.000107059,-0.927051,-1.12958,2.11249,-2.42837
-0.450533,372.53,0.000107294,-1.10437,-1.10071,2.45357,-2.95993
-0.450533,372.53,0.000107529,-1.27734,-1.06797,2.78331,-3.47791
-0.450533,372.53,0.000107765,-1.44526,-1.03149,3.10062,-3.98049
-0.450533,372.53,0.000108,-1.60748,-0.991435,3.40449,-4.46589
-0.450533,372.53,0.000108235,-1.76336,-0.947976,3.69397,-4.93245
-0.450533,372.53,0.000108471,-1.91227,-0.901292,3.96815,-5.37856
-0.450533,372.53,0.000108706,-2.05364,-0.851572,4.22621,-5.80269
-0.450533,372.53,0.000108941,-2.18691,-0.799015,4.46736,-6.20343
-0.450533,372.53,0.000109176,-2.31154,-0.743828,4.69091,-6.57944
-0.450533,372.53,0.000109412,-2.42705,-0.686225,4.89622,-6.92948
-0.450533,372.53,0.000109647,-2.53298,-0.626428,5.08272,-7.25241
-0.450533,372.53,0.000109882,-2.62892,-0.564665,5.24992,-7.5472
-0.450533,372.53,0.000110118,-2.71448,-0.501166,5.39738,-7.81292
-0.450533,372.53,0.000110353,-2.78933,-0.436169,5.52476,-8.04876
-0.450533,372.53,0.000110588,-2.85317,-0.369913,5.63176,-8.25402
-0.450533,372.53,0.000110824,-2.90575,-0.30264,5.71818,-8.4281
-0.450533,372.53,0.000111059,-2.94686,-0.234595,5.78387,-8.57052
-0.450533,372.53,0.000111294,-2.97634,-0.166021,5.82877,-8.68091
-0.450533,372.53,0.000111529,-2.99408,-0.0971637,5.85285,-8.75904
-0.450533,372.53,0.000111765,-3,-0.0282672,5.8562,-8.80476
-0.450533,372.53,0.000112,-2.99408,0.0404263,5.83895,-8.81807
-0.450533,372.53,0.000112235,-2.97634,0.108677,5.8013,-8.79904
-0.450533,372.53,0.000112471,-2.94686,0.176248,5.7435,-8.7479
-0.450533,372.53,0.000112706,-2.90575,0.242905,5.6659,-8.66496
-0.450533,372.53,0.000112941,-2.85317,0.308421,5.56889,-8.55065
-0.450533,372.53,0.000113176,-2.78933,0.372573,5.4529,-8.40551
-0.450533,372.53,0.000113412,-2.71448,0.435143,5.31846,-8.23018
-0.450533,372.53,0.000113647,-2.62892,0.495921,5.16612,-8.02541
-0.450533,372.53,0.000113882,-2.53298,0.554704,4.99651,-7.79204
-0.450533,372.53,0.000114118,-2.42705,0.611295,4.81028,-7.531
-0.450533,372.53,0.000114353,-2.31154,0.665509,4.60816,-7.24333
-0.450533,372.53,0.000114588,-2.18691,0.717167,4.39092,-6.93015
-0.450533,372.53,0.000114824,-2.05364,0.7661,4.15934,-6.59266
-0.450533,372.53,0.000115059,-1.91227,0.812151,3.91429,-6.23214
-0.450533,372.53,0.000115294,-1.76336,0.85517,3.65664,-5.84995
-0.450533,372.53,0.000115529,-1.60748,0.89502,3.3873,-5.44752
-0.450533,372.53,0.000115765,-1.44526,0.931576,3.10724,-5.02633
-0.450533,372.53,0.000116,-1.27734,0.964722,2.81742,-4.58795
-0.450533,372.53,0.000116235,-1.10437,0.994356,2.51885,-4.13396
-0.450533,372.53,0.000116471,-0.927051,1.02039,2.21255,-3.66603
-0.450533,372.53,0.000116706,-0.74607,1.04273,1.89957,-3.18584
-0.450533,372.53,0.000116941,-0.562144,1.06133,1.58097,-2.69515
-0.450533,372.53,0.000117176,-0.376,1.07613,1.25781,-2.1957
-0.450533,372.53,0.000117412,-0.188372,1.08709,0.931193,-1.68928
-0.450533,372.53,0.000117647,-3.67382e-015,1.09417,0.602194,-1.17771
-0.450533,372.53,0.000117882,0.188372,1.09737,0.271911,-0.662807
-0.450533,372.53,0.000118118,0.376,1.09668,-0.0585636,-0.146397
-0.450533,372.53,0.000118353,0.562144,1.09211,-0.38814,0.369688
-0.450533,372.53,0.000118588,0.74607,1.08369,-0.715733,0.883624
-0.450533,372.53,0.000118824,0.927051,1.07146,-1.04027,1.3936
-0.450533,372.53,0.000119059,1.10437,1.05545,-1.36068,1.89781
-0.450533,372.53,0.000119294,1.27734,1.03573,-1.67592,2.39449
-0.450533,372.53,0.000119529,1.44526,1.01238,-1.98496,2.8819
-0.450533,372.53,0.000119765,1.60748,0.985475,-2.28679,3.35831
-0.450533,372.53,0.00012,1.76336,0.955117,-2.58043,3.82206
-0.450533,372.53,0.000120235,1.91227,0.921412,-2.86491,4.27153
-0.450533,372.53,0.000120471,2.05364,0.884479,-3.1393,4.70514
-0.450533,372.53,0.000120706,2.18691,0.844448,-3.40271,5.12136
-0.450533,372.53,0.000120941,2.31154,0.801456,-3.65427,5.51875
-0.450533,372.53,0.000121176,2.42705,0.755654,-3.89315,5.8959
-0.450533,372.53,0.000121412,2.53298,0.7072,-4.11857,6.25151
-0.450533,372.53,0.000121647,2.62892,0.656262,-4.32979,6.58431
-0.450533,372.53,0.000121882,2.71448,0.603014,-4.52609,6.89314
-0.450533,372.53,0.000122118,2.78933,0.547639,-4.70682,7.17691
-0.450533,372.53,0.000122353,2.85317,0.490329,-4.87138,7.43462
-0.450533,372.53,0.000122588,2.90575,0.43128,-5.0192,7.66536
-0.450533,372.53,0.000122824,2.94686,0.370694,-5.14978,7.86832
-0.450533,372.53,0.000123059,2.97634,0.30878,-5.26267,8.04276
-0.450533,372.53,0.000123294,2.99408,0.245751,-5.35746,8.18807
-0.450533,372.53,0.000123529,3,0.181824,-5.43382,8.30372
-0.450533,372.53,0.000123765,2.99408,0.117219,-5.49146,8.38928
-0.450533,372.53,0.000124,2.97634,0.0521579,-5.53016,8.44444
-0.450533,372.53,0.000124235,2.94686,-0.0131332,-5.54974,8.46899
-0.450533,372.53,0.000124471,2.90575,-0.0784285,-5.55011,8.46281
-0.450533,372.53,0.000124706,2.85317,-0.143502,-5.53121,8.4259
-0.450533,372.53,0.000124941,2.78933,-0.208126,-5.49307,8.35837
-0.450533,372.53,0.000125176,2.71448,-0.272076,-5.43576,8.26043
-0.450533,372.53,0.000125412,2.62892,-0.335128,-5.35943,8.13239
-0.450533,372.53,0.000125647,2.53298,-0.397061,-5.26428,7.97469
-0.450533,372.53,0.000125882,2.42705,-0.457656,-5.15057,7.78783
-0.450533,372.53,0.000126118,2.31154,-0.516699,-5.01864,7.57247
-0.450533,372.53,0.000126353,2.18691,-0.573979,-4.86886,7.32931
-0.450533,372.53,0.000126588,2.05364,-0.629294,-4.70169,7.05921
-0.450533,372.53,0.000126824,1.91227,-0.682442,-4.51764,6.76307
-0.450533,372.53,0.000127059,1.76336,-0.733234,-4.31727,6.44192
-0.450533,372.53,0.000127294,1.60748,-0.781483,-4.1012,6.09687
-0.450533,372.53,0.000127529,1.44526,-0.827014,-3.87012,5.72911
-0.450533,372.53,0.000127765,1.27734,-0.869658,-3.62476,5.33993
-0.450533,372.53,0.000128,1.10437,-0.909257,-3.3659,4.93068
-0.450533,372.53,0.000128235,0.927051,-0.945661,-3.09437,4.50279
-0.450533,372.53,0.000128471,0.74607,-0.978733,-2.81106,4.05777
-0.450533,372.53,0.000128706,0.562144,-1.00834,-2.5169,3.59719
-0.450533,372.53,0.000128941,0.376,-1.03438,-2.21285,3.12268
-0.450533,372.53,0.000129176,0.188372,-1.05673,-1.89993,2.63591
-0.450533,372.53,0.000129412,-6.61694e-015,-1.07531,-1.57918,2.13863
-0.450533,372.53,0.000129647,-0.188372,-1.09003,-1.25169,1.6326
-0.450533,372.53,0.000129882,-0.376,-1.10084,-0.918569,1.11965
-0.450533,372.53,0.000130118,-0.562144,-1.10767,-0.58095,0.601603
-0.450533,372.53,0.000130353,-0.74607,-1.1105,-0.239998,0.0803448
-0.450533,372.53,0.000130588,-0.927051,-1.10929,0.103102,-0.442243
-0.450533,372.53,0.000130824,-1.10437,-1.10402,0.447154,-0.964259
-0.450533,372.53,0.000131059,-1.27734,-1.09472,0.790946,-1.4838
-0.450533,372.53,0.000131294,-1.44526,-1.08139,1.13326,-1.99896
-0.450533,372.53,0.000131529,-1.60748,-1.06406,1.47287,-2.50785
-0.450533,372.53,0.000131765,-1.76336,-1.04278,1.80855,-3.00858
-0.450533,372.53,0.000132,-1.91227,-1.01762,2.13909,-3.4993
-0.450533,372.53,0.000132235,-2.05364,-0.988636,2.46328,-3.97818
-0.450533,372.53,0.000132471,-2.18691,-0.955931,2.77991,-4.44342
-0.450533,372.53,0.000132706,-2.31154,-0.919604,3.08782,-4.89327
-0.450533,372.53,0.000132941,-2.42705,-0.879771,3.38583,-5.32603
-0.450533,372.53,0.000133176,-2.53298,-0.836561,3.67282,-5.74004
-0.450533,372.53,0.000133412,-2.62892,-0.790118,3.94768,-6.13371
-0.450533,372.53,0.000133647,-2.71448,-0.740596,4.20935,-6.50553
-0.450533,372.53,0.000133882,-2.78933,-0.688163,4.4568,-6.85405
-0.450533,372.53,0.000134118,-2.85317,-0.632998,4.68904,-7.17789
-0.450533,372.53,0.000134353,-2.90575,-0.575291,4.90514,-7.47577
-0.450533,372.53,0.000134588,-2.94686,-0.515241,5.1042,-7.7465
-0.450533,372.53,0.000134824,-2.97634,-0.45306,5.2854,-7.98896
-0.450533,372.53,0.000135059,-2.99408,-0.388967,5.44794,-8.20217
-0.450533,372.53,0.000135294,-3,-0.323188,5.59114,-8.38521
-0.450533,372.53,0.000135529,-2.99408,-0.255961,5.71432,-8.5373
-0.450533,372.53,0.000135765,-2.97634,-0.187527,5.81692,-8.65775
-0.450533,372.53,0.000136,-2.94686,-0.118134,5.89842,-8.746
-0.450533,372.53,0.000136235,-2.90575,-0.048035,5.95839,-8.80159
-0.450533,372.53,0.000136471,-2.85317,0.0225116,5.99646,-8.8242
-0.450533,372.53,0.000136706,-2.78933,0.0932452,6.01236,-8.81361
-0.450533,372.53,0.000136941,-2.71448,0.163903,6.00588,-8.76973
-0.450533,372.53,0.000137176,-2.62892,0.234219,5.9769,-8.69259
-0.450533,372.53,0.000137412,-2.53298,0.30393,5.92539,-8.58237
-0.450533,372.53,0.000137647,-2.42705,0.372769,5.85139,-8.43935
-0.450533,372.53,0.000137882,-2.31154,0.440476,5.75504,-8.26393
-0.450533,372.53,0.000138118,-2.18691,0.506788,5.63655,-8.05664
-0.450533,372.53,0.000138353,-2.05364,0.571449,5.49621,-7.81816
-0.450533,372.53,0.000138588,-1.91227,0.634208,5.33443,-7.54924
-0.450533,372.53,0.000138824,-1.76336,0.694815,5.15168,-7.25079
-0.450533,372.53,0.000139059,-1.60748,0.753033,4.94849,-6.92382
-0.450533,372.53,0.000139294,-1.44526,0.808627,4.72552,-6.56945
-0.450533,372.53,0.000139529,-1.27734,0.861374,4.48348,-6.18892
-0.450533,372.53,0.000139765,-1.10437,0.911059,4.22317,-5.78356
-0.450533,372.53,0.00014,-0.927051,0.957476,3.94545,-5.35483
-0.450533,372.53,0.000140235,-0.74607,1.00043,3.65129,-4.90425
-0.450533,372.53,0.000140471,-0.562144,1.03975,3.34168,-4.43346
-0.450533,372.53,0.000140706,-0.376,1.07525,3.01772,-3.94417
-0.450533,372.53,0.000140941,-0.188372,1.10678,2.68055,-3.43817
-0.450533,372.53,0.00129412,2.35368e-014,1.31551,1.70256,-2.3884
-0.450533,372.53,0.00129435,0.188372,1.33035,1.26126,-1.76933
-0.450533,372.53,0.00129459,0.376,1.33994,0.814987,-1.14329
-0.450533,372.53,0.00129482,0.562144,1.34424,0.365497,-0.512731
-0.450533,372.53,0.00129506,0.74607,1.34323,-0.0854346,0.11985
-0.450533,372.53,0.00129529,0.927051,1.33692,-0.536029,0.751959
-0.450533,372.53,0.00129553,1.10437,1.32534,-0.984509,1.3811
-0.450533,372.53,0.00129576,1.27734,1.30853,-1.4291,2.00479
-0.450533,372.53,0.001296,1.44526,1.28655,-1.86806,2.62057
-0.450533,372.53,0.00129624,1.60748,1.2595,-2.29964,3.226
-0.450533,372.53,0.00129647,1.76336,1.22747,-2.72214,3.81871
-0.450533,372.53,0.00129671,1.91227,1.1906,-3.13391,4.39634
-0.450533,372.53,0.00129694,2.05364,1.14903,-3.5333,4.95662
-0.450533,372.53,0.00129718,2.18691,1.10293,-3.91875,5.49735
-0.450533,372.53,0.00129741,2.31154,1.05247,-4.28874,6.01637
-0.450533,372.53,0.00129765,2.42705,0.997866,-4.6418,6.51165
-0.450533,372.53,0.00129788,2.53298,0.939318,-4.97654,6.98124
-0.450533,372.53,0.00129812,2.62892,0.877064,-5.29164,7.42327
-0.450533,372.53,0.00129835,2.71448,0.811348,-5.58585,7.83601
-0.450533,372.53,0.00129859,2.78933,0.74243,-5.85802,8.21782
-0.450533,372.53,0.00129882,2.85317,0.670582,-6.10708,8.5672
-0.450533,372.53,0.00129906,2.90575,0.596087,-6.33203,8.88276
-0.450533,372.53,0.00129929,2.94686,0.51924,-6.53199,9.16327
-0.450533,372.53,0.00129953,2.97634,0.440344,-6.70617,9.40762
-0.450533,372.53,0.00129976,2.99408,0.35971,-6.85389,9.61484
-0.450533,372.53,0.0013,3,0.277657,-6.97455,9.78412
-0.450533,372.53,0.00130024,2.99408,0.194507,-7.0677,9.91478
-0.450533,372.53,0.00130047,2.97634,0.11059,-7.13294,10.0063
-0.450533,372.53,0.00130071,2.94686,0.0262369,-7.17004,10.0584
-0.450533,372.53,0.00130094,2.90575,-0.0582201,-7.17884,10.0707
-0.450533,372.53,0.00130118,2.85317,-0.142447,-7.15931,10.0433
-0.450533,372.53,0.00130141,2.78933,-0.226112,-7.11153,9.97627
-0.450533,372.53,0.00130165,2.71448,-0.308885,-7.03568,9.86987
-0.450533,372.53,0.00130188,2.62892,-0.390439,-6.93206,9.72451
-0.450533,372.53,0.00130212,2.53298,-0.470452,-6.80109,9.54077
-0.450533,372.53,0.00130235,2.42705,-0.548608,-6.64327,9.31938
-0.450533,372.53,0.00130259,2.31154,-0.624599,-6.45924,9.06122
-0.450533,372.53,0.00130282,2.18691,-0.698125,-6.24971,8.76729
-0.450533,372.53,0.00130306,2.05364,-0.768895,-6.01552,8.43876
-0.450533,372.53,0.00130329,1.91227,-0.836632,-5.75759,8.07692
-0.450533,372.53,0.00130353,1.76336,-0.901066,-5.47694,7.68321
-0.450533,372.53,0.00130376,1.60748,-0.961945,-5.17467,7.25918
-0.450533,372.53,0.001304,1.44526,-1.01903,-4.85198,6.8065
-0.450533,372.53,0.00130424,1.27734,-1.07209,-4.51014,6.32696
-0.450533,372.53,0.00130447,1.10437,-1.12092,-4.1505,5.82245
-0.450533,372.53,0.00130471,0.927051,-1.16532,-3.77448,5.29496
-0.450533,372.53,0.00130494,0.74607,-1.20513,-3.38357,4.74657
-0.450533,372.53,0.00130518,0.562144,-1.24018,-2.9793,4.17945
-0.450533,372.53,0.00130541,0.376,-1.27034,-2.56327,3.59584
-0.450533,372.53,0.00130565,0.188372,-1.29548,-2.13713,2.99803
-0.450533,372.53,0.00130588,8.80497e-015,-1.31551,-1.70256,2.3884
-0.450533,372.53,0.00130612,-0.188372,-1.33035,-1.26126,1.76933
-0.450533,372.53,0.00130635,-0.376,-1.33994,-0.814987,1.14329
-0.450533,372.53,0.00130659,-0.562144,-1.34424,-0.365497,0.512731
-0.450533,372.53,0.00130682,-0.74607,-1.34323,0.0854346,-0.11985
-0.450533,372.53,0.00130706,-0.927051,-1.33692,0.536029,-0.751959
-0.450533,372.53,0.00130729,-1.10437,-1.32534,0.984509,-1.3811
-0.450533,372.53,0.00130753,-1.27734,-1.30853,1.4291,-2.00479
-0.450533,372.53,0.00130776,-1.44526,-1.28655,1.86806,-2.62057
-0.450533,372.53,0.001308,-1.60748,-1.2595,2.29964,-3.226
-0.450533,372.53,0.00130824,-1.76336,-1.22747,2.72214,-3.81871
-0.450533,372.53,0.00130847,-1.91227,-1.1906,3.13391,-4.39634
-0.450533,372.53,0.00130871,-2.05364,-1.14903,3.5333,-4.95662
-0.450533,372.53,0.00130894,-2.18691,-1.10293,3.91875,-5.49735
-0.450533,372.53,0.00130918,-2.31154,-1.05247,4.28874,-6.01637
-0.450533,372.53,0.00130941,-2.42705,-0.997866,4.6418,-6.51165
-0.450533,372.53,0.00130965,-2.53298,-0.939318,4.97654,-6.98124
-0.450533,372.53,0.00130988,-2.62892,-0.877064,5.29164,-7.42327
-0.450533,372.53,0.00131012,-2.71448,-0.811348,5.58585,-7.83601
-0.450533,372.53,0.00131035,-2.78933,-0.74243,5.85802,-8.21782
-0.450533,372.53,0.00131059,-2.85317,-0.670582,6.10708,-8.5672
-0.450533,372.53,0.00131082,-2.90575,-0.596087,6.33203,-8.88276
-0.450533,372.53,0.00131106,-2.94686,-0.51924,6.53199,-9.16328
-0.450533,372.53,0.00131129,-2.97634,-0.440344,6.70617,-9.40762
-0.450533,372.53,0.00131153,-2.99408,-0.35971,6.85389,-9.61484
-0.450533,372.53,0.00131176,-3,-0.277657,6.97455,-9.78412
-0.450533,372.53,0.001312,-2.99408,-0.194507,7.0677,-9.91478
-0.450533,372.53,0.00131224,-2.97634,-0.11059,7.13294,-10.0063
-0.450533,372.53,0.00131247,-2.94686,-0.0262369,7.17004,-10.0584
-0.450533,372.53,0.00131271,-2.90575,0.0582201,7.17884,-10.0707
-0.450533,372.53,0.00131294,-2.85317,0.142447,7.15931,-10.0433
-0.450533,372.53,0.00131318,-2.78933,0.226112,7.11153,-9.97627
-0.450533,372.53,0.00131341,-2.71448,0.308885,7.03568,-9.86987
-0.450533,372.53,0.00131365,-2.62892,0.390439,6.93206,-9.72451
-0.450533,372.53,0.00131388,-2.53298,0.470452,6.80109,-9.54077
-0.450533,372.53,0.00131412,-2.42705,0.548608,6.64327,-9.31938
-0.450533,372.53,0.00131435,-2.31154,0.624599,6.45924,-9.06122
-0.450533,372.53,0.00131459,-2.18691,0.698125,6.24971,-8.76729
-0.450533,372.53,0.00131482,-2.05364,0.768895,6.01552,-8.43876
-0.450533,372.53,0.00131506,-1.91227,0.836632,5.75759,-8.07692
-0.450533,372.53,0.00131529,-1.76336,0.901066,5.47694,-7.68322
-0.450533,372.53,0.00131553,-1.60748,0.961945,5.17467,-7.25918
-0.450533,372.53,0.00131576,-1.44526,1.01903,4.85198,-6.8065
-0.450533,372.53,0.001316,-1.27734,1.07209,4.51014,-6.32696
-0.450533,372.53,0.00131624,-1.10437,1.12092,4.1505,-5.82245
-0.450533,372.53,0.00131647,-0.927051,1.16532,3.77448,-5.29496
-0.450533,372.53,0.00131671,-0.74607,1.20513,3.38357,-4.74657
-0.450533,372.53,0.00131694,-0.562144,1.24018,2.9793,-4.17945
-0.450533,372.53,0.00131718,-0.376,1.27034,2.56327,-3.59584
-0.450533,372.53,0.00131741,-0.188372,1.29548,2.13713,-2.99803
-0.450533,372.53,0.00131765,-4.11468e-014,1.31551,1.70256,-2.3884
-0.450533,372.53,0.00131788,0.188372,1.33035,1.26126,-1.76933
-0.450533,372.53,0.00131812,0.376,1.33994,0.814987,-1.14329
-0.450533,372.53,0.00131835,0.562144,1.34424,0.365497,-0.512731
-0.450533,372.53,0.00131859,0.74607,1.34323,-0.0854347,0.119851
-0.450533,372.53,0.00131882,0.927051,1.33692,-0.53603,0.751959
-0.450533,372.53,0.00131906,1.10437,1.32534,-0.984509,1.3811
-0.450533,372.53,0.00131929,1.27734,1.30853,-1.4291,2.00479
-0.450533,372.53,0.00131953,1.44526,1.28655,-1.86806,2.62057
-0.450533,372.53,0.00131976,1.60748,1.2595,-2.29964,3.226
-0.450533,372.53,0.00132,1.76336,1.22747,-2.72214,3.81871
-0.450533,372.53,0.00132024,1.91227,1.1906,-3.13391,4.39634
-0.450533,372.53,0.00132047,2.05364,1.14903,-3.5333,4.95662
-0.450533,372.53,0.00132071,2.18691,1.10293,-3.91875,5.49735
-0.450533,372.53,0.00132094,2.31154,1.05247,-4.28874,6.01637
-0.450533,372.53,0.00132118,2.42705,0.997866,-4.6418,6.51165
-0.450533,372.53,0.00132141,2.53298,0.939318,-4.97654,6.98124
-0.450533,372.53,0.00132165,2.62892,0.877064,-5.29164,7.42327
-0.450533,372.53,0.00132188,2.71448,0.811348,-5.58585,7.83601
-0.450533,372.53,0.00132212,2.78933,0.74243,-5.85802,8.21782
-0.450533,372.53,0.00132235,2.85317,0.670582,-6.10708,8.5672
-0.450533,372.53,0.00132259,2.90575,0.596087,-6.33203,8.88276
-0.450533,372.53,0.00132282,2.94686,0.51924,-6.53199,9.16328
-0.450533,372.53,0.00132306,2.97634,0.440344,-6.70617,9.40762
-0.450533,372.53,0.00132329,2.99408,0.35971,-6.85389,9.61484
-0.450533,372.53,0.00132353,3,0.277657,-6.97455,9.78412
-0.450533,372.53,0.00132376,2.99408,0.194507,-7.0677,9.91478
-0.450533,372.53,0.001324,2.97634,0.11059,-7.13294,10.0063
-0.450533,372.53,0.00132424,2.94686,0.0262369,-7.17004,10.0584
-0.450533,372.53,0.00132447,2.90575,-0.0582201,-7.17884,10.0707
-0.450533,372.53,0.00132471,2.85317,-0.142447,-7.15931,10.0433
-0.450533,372.53,0.00132494,2.78933,-0.226112,-7.11153,9.97627
-0.450533,372.53,0.00132518,2.71448,-0.308885,-7.03568,9.86987
-0.450533,372.53,0.00132541,2.62892,-0.390439,-6.93206,9.72451
-0.450533,372.53,0.00132565,2.53298,-0.470452,-6.80109,9.54077
-0.450533,372.53,0.00132588,2.42705,-0.548608,-6.64327,9.31938
-0.450533,372.53,0.00132612,2.31154,-0.624599,-6.45924,9.06122
-0.450533,372.53,0.00132635,2.18691,-0.698125,-6.24971,8.76729
-0.450533,372.53,0.00132659,2.05364,-0.768896,-6.01552,8.43876
-0.450533,372.53,0.00132682,1.91227,-0.836632,-5.75759,8.07692
-0.450533,372.53,0.00132706,1.76336,-0.901066,-5.47694,7.68321
-0.450533,372.53,0.00132729,1.60748,-0.961945,-5.17467,7.25918
-0.450533,372.53,0.00132753,1.44526,-1.01903,-4.85198,6.8065
-0.450533,372.53,0.00132776,1.27734,-1.07209,-4.51014,6.32696
-0.450533,372.53,0.001328,1.10437,-1.12092,-4.1505,5.82245
-0.450533,372.53,0.00132824,0.927051,-1.16532,-3.77448,5.29496
-0.450533,372.53,0.00132847,0.74607,-1.20513,-3.38357,4.74657
-0.450533,372.53,0.00132871,0.562144,-1.24018,-2.9793,4.17945
-0.450533,372.53,0.00132894,0.376,-1.27034,-2.56327,3.59584
-0.450533,372.53,0.00132918,0.188372,-1.29548,-2.13713,2.99803
-0.450533,372.53,0.00132941,7.34886e-014,-1.31551,-1.70256,2.3884
-0.450533,372.53,0.00132965,-0.188372,-1.33035,-1.26126,1.76933
-0.450533,372.53,0.00132988,-0.376,-1.33994,-0.814987,1.14329
-0.450533,372.53,0.00133012,-0.562144,-1.34424,-0.365497,0.512731
-0.450533,372.53,0.00133035,-0.74607,-1.34323,0.0854349,-0.119851
-0.450533,372.53,0.00133059,-0.927051,-1.33692,0.53603,-0.751959
-0.450533,372.53,0.00133082,-1.10437,-1.32534,0.984509,-1.3811
-0.450533,372.53,0.00133106,-1.27734,-1.30853,1.4291,-2.00479
-0.450533,372.53,0.00133129,-1.44526,-1.28655,1.86806,-2.62057
-0.450533,372.53,0.00133153,-1.60748,-1.2595,2.29964,-3.226
-0.450533,372.53,0.00133176,-1.76336,-1.22747,2.72214,-3.81871
-0.450533,372.53,0.001332,-1.91227,-1.1906,3.13391,-4.39634
-0.450533,372.53,0.00133224,-2.05364,-1.14903,3.5333,-4.95662
-0.450533,372.53,0.00133247,-2.18691,-1.10293,3.91875,-5.49735
-0.450533,372.53,0.00133271,-2.31154,-1.05247,4.28874,-6.01637
-0.450533,372.53,0.00133294,-2.42705,-0.997866,4.6418,-6.51165
-0.450533,372.53,0.00133318,-2.53298,-0.939318,4.97654,-6.98124
-0.450533,372.53,0.00133341,-2.62892,-0.877064,5.29164,-7.42327
-0.450533,372.53,0.00133365,-2.71448,-0.811348,5.58585,-7.83601
-0.450533,372.53,0.00133388,-2.78933,-0.74243,5.85802,-8.21782
-0.450533,372.53,0.00133412,-2.85317,-0.670582,6.10708,-8.5672
-0.450533,372.53,0.00133435,-2.90575,-0.596087,6.33203,-8.88276
-0.450533,372.53,0.00133459,-2.94686,-0.51924,6.53199,-9.16328
-0.450533,372.53,0.00133482,-2.97634,-0.440344,6.70617,-9.40762
-0.450533,372.53,0.00133506,-2.99408,-0.35971,6.85389,-9.61484
-0.450533,372.53,0.00133529,-3,-0.277657,6.97455,-9.78412
-0.450533,372.53,0.00133553,-2.99408,-0.194507,7.0677,-9.91478
-0.450533,372.53,0.00133576,-2.97634,-0.11059,7.13294,-10.0063
-0.450533,372.53,0.001336,-2.94686,-0.0262368,7.17004,-10.0584
-0.450533,372.53,0.00133624,-2.90575,0.0582202,7.17884,-10.0707
-0.450533,372.53,0.00133647,-2.85317,0.142447,7.15931,-10.0433
-0.450533,372.53,0.00133671,-2.78933,0.226112,7.11153,-9.97627
-0.450533,372.53,0.00133694,-2.71448,0.308885,7.03568,-9.86987
-0.450533,372.53,0.00133718,-2.62892,0.390439,6.93206,-9.72451
-0.450533,372.53,0.00133741,-2.53298,0.470452,6.80109,-9.54077
-0.450533,372.53,0.00133765,-2.42705,0.548608,6.64327,-9.31938
-0.450533,372.53,0.00133788,-2.31154,0.624599,6.45924,-9.06122
-0.450533,372.53,0.00133812,-2.18691,0.698125,6.24971,-8.76729
-0.450533,372.53,0.00133835,-2.05364,0.768896,6.01552,-8.43876
-0.450533,372.53,0.00133859,-1.91227,0.836632,5.75759,-8.07692
-0.450533,372.53,0.00133882,-1.76336,0.901066,5.47694,-7.68321
-0.450533,372.53,0.00133906,-1.60748,0.961945,5.17467,-7.25918
-0.450533,372.53,0.00133929,-1.44526,1.01903,4.85198,-6.8065
-0.450533,372.53,0.00133953,-1.27734,1.07209,4.51014,-6.32696
-0.450533,372.53,0.00133976,-1.10437,1.12092,4.1505,-5.82245
-0.450533,372.53,0.00134,-0.927051,1.16532,3.77448,-5.29496
-0.450533,372.53,0.00134024,-0.74607,1.20513,3.38357,-4.74657
-0.450533,372.53,0.00134047,-0.562144,1.24018,2.9793,-4.17945
-0.450533,372.53,0.00134071,-0.376,1.27034,2.56327,-3.59584
-0.450533,372.53,0.00134094,-0.188372,1.29548,2.13713,-2.99803
-0.450533,372.53,0.00134118,6.46999e-014,1.31551,1.70256,-2.3884
-0.450533,372.53,0.00134141,0.188372,1.33035,1.26126,-1.76933
-0.450533,372.53,0.00134165,0.376,1.33994,0.814987,-1.14329
-0.450533,372.53,0.00134188,0.562144,1.34424,0.365497,-0.51273
-0.450533,372.53,0.00134212,0.74607,1.34323,-0.085435,0.119851
-0.450533,372.53,0.00134235,0.927051,1.33692,-0.53603,0.751959
-0.450533,372.53,0.00134259,1.10437,1.32534,-0.984509,1.3811
-0.450533,372.53,0.00134282,1.27734,1.30853,-1.4291,2.00479
-0.450533,372.53,0.00134306,1.44526,1.28655,-1.86806,2.62057
-0.450533,372.53,0.00134329,1.60748,1.2595,-2.29964,3.226
-0.450533,372.53,0.00134353,1.76336,1.22747,-2.72214,3.81871
-0.450533,372.53,0.00134376,1.91227,1.1906,-3.13391,4.39634
-0.450533,372.53,0.001344,2.05364,1.14903,-3.5333,4.95662
-0.450533,372.53,0.00134424,2.18691,1.10293,-3.91875,5.49735
-0.450533,372.53,0.00134447,2.31154,1.05247,-4.28874,6.01637
-0.450533,372.53,0.00134471,2.42705,0.997866,-4.6418,6.51165
-0.450533,372.53,0.00134494,2.53298,0.939318,-4.97654,6.98124
-0.450533,372.53,0.00134518,2.62892,0.877064,-5.29164,7.42327
-0.450533,372.53,0.00134541,2.71448,0.811348,-5.58585,7.83601
-0.450533,372.53,0.00134565,2.78933,0.74243,-5.85802,8.21782
-0.450533,372.53,0.00134588,2.85317,0.670582,-6.10708,8.5672
-0.450533,372.53,0.00134612,2.90575,0.596087,-6.33203,8.88276
-0.450533,372.53,0.00134635,2.94686,0.51924,-6.53199,9.16328
-0.450533,372.53,0.00134659,2.97634,0.440344,-6.70617,9.40762
-0.450533,372.53,0.00134682,2.99408,0.35971,-6.85389,9.61484
-0.450533,372.53,0.00134706,3,0.277657,-6.97455,9.78412
-0.450533,372.53,0.00134729,2.99408,0.194507,-7.0677,9.91478
-0.450533,372.53,0.00134753,2.97634,0.11059,-7.13294,10.0063
-0.450533,372.53,0.00134776,2.94686,0.0262368,-7.17004,10.0584
-0.450533,372.53,0.001348,2.90575,-0.0582202,-7.17884,10.0707
-0.450533,372.53,0.00134824,2.85317,-0.142447,-7.15931,10.0433
-0.450533,372.53,0.00134847,2.78933,-0.226112,-7.11153,9.97627
-0.450533,372.53,0.00134871,2.71448,-0.308885,-7.03568,9.86987
-0.450533,372.53,0.00134894,2.62892,-0.390439,-6.93206,9.72451
-0.450533,372.53,0.00134918,2.53298,-0.470452,-6.80109,9.54077
-0.450533,372.53,0.00134941,2.42705,-0.548608,-6.64327,9.31938
-0.450533,372.53,0.00134965,2.31154,-0.624599,-6.45924,9.06122
-0.450533,372.53,0.00134988,2.18691,-0.698125,-6.24971,8.76729
-0.450533,372.53,0.00135012,2.05364,-0.768896,-6.01552,8.43876
-0.450533,372.53,0.00135035,1.91227,-0.836632,-5.75759,8.07692
-0.450533,372.53,0.00135059,1.76336,-0.901066,-5.47694,7.68321
-0.450533,372.53,0.00135082,1.60748,-0.961945,-5.17467,7.25918
-0.450533,372.53,0.00135106,1.44526,-1.01903,-4.85198,6.8065
-0.450533,372.53,0.00135129,1.27734,-1.07209,-4.51014,6.32696
-0.450533,372.53,0.00135153,1.10437,-1.12092,-4.1505,5.82245
-0.450533,372.53,0.00135176,0.927051,-1.16532,-3.77448,5.29496
-0.450533,372.53,0.001352,0.74607,-1.20513,-3.38357,4.74657
-0.450533,372.53,0.00135224,0.562144,-1.24018,-2.9793,4.17945
-0.450533,372.53,0.00135247,0.376,-1.27034,-2.56327,3.59584
-0.450533,372.53,0.00135271,0.188372,-1.29548,-2.13713,2.99803
-0.450533,372.53,0.00135294,-3.23581e-014,-1.31551,-1.70256,2.3884
-0.450533,372.53,0.00135318,-0.188372,-1.33035,-1.26126,1.76933
-0.450533,372.53,0.00135341,-0.376,-1.33994,-0.814986,1.14329
-0.450533,372.53,0.00135365,-0.562144,-1.34424,-0.365497,0.51273
-0.450533,372.53,0.00135388,-0.74607,-1.34323,0.085435,-0.119851
-0.450533,372.53,0.00135412,-0.927051,-1.33692,0.53603,-0.751959
-0.450533,372.53,0.00135435,-1.10437,-1.32534,0.984509,-1.3811
-0.450533,372.53,0.00135459,-1.27734,-1.30853,1.4291,-2.00479
-0.450533,372.53,0.00135482,-1.44526,-1.28655,1.86806,-2.62057
-0.450533,372.53,0.00135506,-1.60748,-1.2595,2.29964,-3.226
-0.450533,372.53,0.00135529,-1.76336,-1.22747,2.72214,-3.81871
-0.450533,372.53,0.00135553,-1.91227,-1.1906,3.13391,-4.39634
-0.450533,372.53,0.00135576,-2.05364,-1.14903,3.5333,-4.95662
-0.450533,372.53,0.001356,-2.18691,-1.10293,3.91875,-5.49735
-0.450533,372.53,0.00135624,-2.31154,-1.05247,4.28874,-6.01637
-0.450533,372.53,0.00135647,-2.42705,-0.997866,4.6418,-6.51165
-0.450533,372.53,0.00135671,-2.53298,-0.939318,4.97654,-6.98124
-0.450533,372.53,0.00135694,-2.62892,-0.877064,5.29164,-7.42327
-0.450533,372.53,0.00135718,-2.71448,-0.811348,5.58585,-7.83601
-0.450533,372.53,0.00135741,-2.78933,-0.74243,5.85802,-8.21782
-0.450533,372.53,0.00135765,-2.85317,-0.670582,6.10708,-8.5672
-0.450533,372.53,0.00135788,-2.90575,-0.596087,6.33203,-8.88276
-0.450533,372.53,0.00135812,-2.94686,-0.51924,6.53199,-9.16328
-0.450533,372.53,0.00135835,-2.97634,-0.440344,6.70617,-9.40762
-0.450533,372.53,0.00135859,-2.99408,-0.35971,6.85389,-9.61484
-0.450533,372.53,0.00135882,-3,-0.277657,6.97455,-9.78412
-0.450533,372.53,0.00135906,-2.99408,-0.194507,7.0677,-9.91478
-0.450533,372.53,0.00135929,-2.97634,-0.11059,7.13294,-10.0063
-0.450533,372.53,0.00135953,-2.94686,-0.0262368,7.17004,-10.0584
-0.450533,372.53,0.00135976,-2.90575,0.0582202,7.17884,-10.0707
-0.450533,372.53,0.00136,-2.85317,0.142447,7.15931,-10.0433
-0.450533,372.53,0.00136024,-2.78933,0.226112,7.11153,-9.97627
-0.450533,372.53,0.00136047,-2.71448,0.308885,7.03568,-9.86987
-0.450533,372.53,0.00136071,-2.62892,0.390439,6.93206,-9.72451
-0.450533,372.53,0.00136094,-2.53298,0.470452,6.80109,-9.54077
-0.450533,372.53,0.00136118,-2.42705,0.548608,6.64327,-9.31938
-0.450533,372.53,0.00136141,-2.31154,0.624599,6.45924,-9.06122
-0.450533,372.53,0.00136165,-2.18691,0.698125,6.24971,-8.76729
-0.450533,372.53,0.00136188,-2.05364,0.768896,6.01552,-8.43876
-0.450533,372.53,0.00136212,-1.91227,0.836632,5.75759,-8.07692
-0.450533,372.53,0.00136235,-1.76336,0.901066,5.47694,-7.68321
-0.450533,372.53,0.00136259,-1.60748,0.961945,5.17467,-7.25918
-0.450533,372.53,0.00136282,-1.44526,1.01903,4.85198,-6.8065
-0.450533,372.53,0.00136306,-1.27734,1.07209,4.51014,-6.32696
-0.450533,372.53,0.00136329,-1.10437,1.12092,4.1505,-5.82245
-0.450533,372.53,0.00136353,-0.927051,1.16532,3.77448,-5.29496
-0.450533,372.53,0.00136376,-0.74607,1.20513,3.38357,-4.74657
-0.450533,372.53,0.001364,-0.562144,1.24018,2.9793,-4.17945
-0.450533,372.53,0.00136424,-0.376,1.27034,2.56327,-3.59584
-0.450533,372.53,0.00136447,-0.188372,1.29548,2.13713,-2.99803
-0.450533,372.53,0.00136471,1.6263e-017,1.31551,1.70256,-2.3884
-0.450533,372.53,0.00136494,0.188372,1.33035,1.26126,-1.76933
-0.450533,372.53,0.00136518,0.376,1.33994,0.814986,-1.14329
-0.450533,372.53,0.00136541,0.562144,1.34424,0.365497,-0.51273
-0.450533,372.53,0.00136565,0.74607,1.34323,-0.085435,0.119851
-0.450533,372.53,0.00136588,0.927051,1.33692,-0.53603,0.751959
-0.450533,372.53,0.00136612,1.10437,1.32534,-0.984509,1.3811
-0.450533,372.53,0.00136635,1.27734,1.30853,-1.4291,2.00479
-0.450533,372.53,0.00136659,1.44526,1.28655,-1.86806,2.62057
-0.450533,372.53,0.00136682,1.60748,1.2595,-2.29964,3.226
-0.450533,372.53,0.00136706,1.76336,1.22747,-2.72214,3.81871
-0.450533,372.53,0.00136729,1.91227,1.1906,-3.13391,4.39634
-0.450533,372.53,0.00136753,2.05364,1.14903,-3.5333,4.95662
-0.450533,372.53,0.00136776,2.18691,1.10293,-3.91875,5.49735
-0.450533,372.53,0.001368,2.31154,1.05247,-4.28874,6.01637
-0.450533,372.53,0.00136824,2.42705,0.997866,-4.6418,6.51165
-0.450533,372.53,0.00136847,2.53298,0.939318,-4.97654,6.98124
-0.450533,372.53,0.00136871,2.62892,0.877063,-5.29164,7.42327
-0.450533,372.53,0.00136894,2.71448,0.811348,-5.58585,7.83601
-0.450533,372.53,0.00136918,2.78933,0.74243,-5.85802,8.21782
-0.450533,372.53,0.00136941,2.85317,0.670582,-6.10708,8.5672
-0.450533,372.53,0.00136965,2.90575,0.596087,-6.33203,8.88276
-0.450533,372.53,0.00136988,2.94686,0.51924,-6.53199,9.16328
-0.450533,372.53,0.00137012,2.97634,0.440344,-6.70617,9.40762
-0.450533,372.53,0.00137035,2.99408,0.35971,-6.85389,9.61484
-0.450533,372.53,0.00137059,3,0.277657,-6.97455,9.78412
-0.450533,372.53,0.00137082,2.99408,0.194507,-7.0677,9.91478
-0.450533,372.53,0.00137106,2.97634,0.11059,-7.13294,10.0063
-0.450533,372.53,0.00137129,2.94686,0.0262368,-7.17004,10.0584
-0.450533,372.53,0.00137153,2.90575,-0.0582202,-7.17884,10.0707
-0.450533,372.53,0.00137176,2.85317,-0.142447,-7.15931,10.0433
-0.450533,372.53,0.001372,2.78933,-0.226112,-7.11153,9.97627
-0.450533,372.53,0.00137224,2.71448,-0.308885,-7.03568,9.86987
-0.450533,372.53,0.00137247,2.62892,-0.390439,-6.93206,9.72451
-0.450533,372.53,0.00137271,2.53298,-0.470452,-6.80109,9.54077
-0.450533,372.53,0.00137294,2.42705,-0.548608,-6.64327,9.31938
-0.450533,372.53,0.00137318,2.31154,-0.624599,-6.45924,9.06122
-0.450533,372.53,0.00137341,2.18691,-0.698125,-6.24971,8.76729
-0.450533,372.53,0.00137365,2.05364,-0.768896,-6.01552,8.43876
-0.450533,372.53,0.00137388,1.91227,-0.836632,-5.75759,8.07692
-0.450533,372.53,0.00137412,1.76336,-0.901066,-5.47694,7.68321
-0.450533,372.53,0.00137435,1.60748,-0.961945,-5.17467,7.25918
-0.450533,372.53,0.00137459,1.44526,-1.01903,-4.85198,6.8065
-0.450533,372.53,0.00137482,1.27734,-1.07209,-4.51014,6.32696
-0.450533,372.53,0.00137506,1.10437,-1.12092,-4.1505,5.82245
-0.450533,372.53,0.00137529,0.927051,-1.16532,-3.77448,5.29496
-0.450533,372.53,0.00137553,0.74607,-1.20513,-3.38357,4.74657
-0.450533,372.53,0.00137576,0.562144,-1.24018,-2.9793,4.17945
-0.450533,372.53,0.001376,0.376,-1.27034,-2.56327,3.59584
-0.450533,372.53,0.00137624,0.188372,-1.29548,-2.13713,2.99803
-0.450533,372.53,0.00137647,3.23255e-014,-1.31551,-1.70256,2.3884
-0.450533,372.53,0.00137671,-0.188372,-1.33035,-1.26126,1.76933
-0.450533,372.53,0.00137694,-0.376,-1.33994,-0.814986,1.14329
-0.450533,372.53,0.00137718,-0.562144,-1.34424,-0.365497,0.51273
-0.450533,372.53,0.00137741,-0.74607,-1.34323,0.085435,-0.119851
-0.450533,372.53,0.00137765,-0.927051,-1.33692,0.53603,-0.751959
-0.450533,372.53,0.00137788,-1.10437,-1.32534,0.984509,-1.3811
-0.450533,372.53,0.00137812,-1.27734,-1.30853,1.4291,-2.00479
-0.450533,372.53,0.00137835,-1.44526,-1.28655,1.86806,-2.62057
-0.450533,372.53,0.00137859,-1.60748,-1.2595,2.29964,-3.226
-0.450533,372.53,0.00137882,-1.76336,-1.22747,2.72214,-3.81871
-0.450533,372.53,0.00137906,-1.91227,-1.1906,3.13391,-4.39634
-0.450533,372.53,0.00137929,-2.05364,-1.14903,3.5333,-4.95662
-0.450533,372.53,0.00137953,-2.18691,-1.10293,3.91875,-5.49735
-0.450533,372.53,0.00137976,-2.31154,-1.05247,4.28874,-6.01637
-0.450533,372.53,0.00138,-2.42705,-0.997866,4.6418,-6.51165
-0.450533,372.53,0.00138024,-2.53298,-0.939318,4.97654,-6.98124
-0.450533,372.53,0.00138047,-2.62892,-0.877063,5.29164,-7.42327
-0.450533,372.53,0.00138071,-2.71448,-0.811348,5.58585,-7.83601
-0.450533,372.53,0.00138094,-2.78933,-0.74243,5.85802,-8.21782
-0.450533,372.53,0.00138118,-2.85317,-0.670582,6.10708,-8.5672
-0.450533,372.53,0.00138141,-2.90575,-0.596087,6.33203,-8.88276
-0.450533,372.53,0.00138165,-2.94686,-0.51924,6.53199,-9.16327
-0.450533,372.53,0.00138188,-2.97634,-0.440344,6.70617,-9.40762
-0.450533,372.53,0.00138212,-2.99408,-0.35971,6.85389,-9.61484
-0.450533,372.53,0.00138235,-3,-0.277657,6.97455,-9.78412
-0.450533,372.53,0.00138259,-2.99408,-0.194507,7.0677,-9.91478
-0.450533,372.53,0.00138282,-2.97634,-0.11059,7.13294,-10.0063
-0.450533,372.53,0.00138306,-2.94686,-0.0262368,7.17004,-10.0584
-0.450533,372.53,0.00138329,-2.90575,0.0582202,7.17884,-10.0707
-0.450533,372.53,0.00138353,-2.85317,0.142447,7.15931,-10.0433
-0.450533,372.53,0.00138376,-2.78933,0.226112,7.11153,-9.97627
-0.450533,372.53,0.001384,-2.71448,0.308885,7.03568,-9.86987
-0.450533,372.53,0.00138424,-2.62892,0.390439,6.93206,-9.72451
-0.450533,372.53,0.00138447,-2.53298,0.470452,6.80109,-9.54077
-0.450533,372.53,0.00138471,-2.42705,0.548608,6.64327,-9.31938
-0.450533,372.53,0.00138494,-2.31154,0.624599,6.45924,-9.06122
-0.450533,372.53,0.00138518,-2.18691,0.698125,6.24971,-8.76729
-0.450533,372.53,0.00138541,-2.05364,0.768896,6.01552,-8.43876
-0.450533,372.53,0.00138565,-1.91227,0.836632,5.75759,-8.07692
-0.450533,372.53,0.00138588,-1.76336,0.901066,5.47694,-7.68321
-0.450533,372.53,0.00138612,-1.60748,0.961945,5.17467,-7.25918
-0.450533,372.53,0.00138635,-1.44526,1.01903,4.85198,-6.8065
-0.450533,372.53,0.00138659,-1.27734,1.07209,4.51014,-6.32696
-0.450533,372.53,0.00138682,-1.10437,1.12092,4.1505,-5.82245
-0.450533,372.53,0.00138706,-0.927051,1.16532,3.77448,-5.29496
-0.450533,372.53,0.00138729,-0.74607,1.20513,3.38357,-4.74657
-0.450533,372.53,0.00138753,-0.562144,1.24018,2.9793,-4.17945
-0.450533,372.53,0.00138776,-0.376,1.27034,2.56327,-3.59584
-0.450533,372.53,0.001388,-0.188372,1.29548,2.13713,-2.99803
-0.450533,372.53,0.00138824,1.05863e-013,1.31551,1.70256,-2.3884
-0.450533,372.53,0.00138847,0.188372,1.33035,1.26126,-1.76933
-0.450533,372.53,0.00138871,0.376,1.33994,0.814987,-1.14329
-0.450533,372.53,0.00138894,0.562144,1.34424,0.365497,-0.51273
-0.450533,372.53,0.00138918,0.74607,1.34323,-0.0854349,0.119851
-0.450533,372.53,0.00138941,0.927051,1.33692,-0.53603,0.751959
-0.450533,372.53,0.00138965,1.10437,1.32534,-0.984509,1.3811
-0.450533,372.53,0.00138988,1.27734,1.30853,-1.4291,2.00479
-0.450533,372.53,0.00139012,1.44526,1.28655,-1.86806,2.62057
-0.450533,372.53,0.00139035,1.60748,1.2595,-2.29964,3.226
-0.450533,372.53,0.00139059,1.76336,1.22747,-2.72214,3.81871
-0.450533,372.53,0.00139082,1.91227,1.1906,-3.13391,4.39634
-0.450533,372.53,0.00139106,2.05364,1.14903,-3.5333,4.95662
-0.450533,372.53,0.00139129,2.18691,1.10293,-3.91875,5.49735
-0.450533,372.53,0.00139153,2.31154,1.05247,-4.28874,6.01637
-0.450533,372.53,0.00139176,2.42705,0.997866,-4.6418,6.51165
-0.450533,372.53,0.001392,2.53298,0.939318,-4.97654,6.98124
-0.450533,372.53,0.00139224,2.62892,0.877064,-5.29164,7.42327
-0.450533,372.53,0.00139247,2.71448,0.811348,-5.58585,7.83601
-0.450533,372.53,0.00139271,2.78933,0.74243,-5.85802,8.21782
-0.450533,372.53,0.00139294,2.85317,0.670582,-6.10708,8.5672
-0.450533,372.53,0.00139318,2.90575,0.596087,-6.33203,8.88276
-0.450533,372.53,0.00139341,2.94686,0.51924,-6.53199,9.16327
-0.450533,372.53,0.00139365,2.97634,0.440344,-6.70617,9.40762
-0.450533,372.53,0.00139388,2.99408,0.35971,-6.85389,9.61484
-0.450533,372.53,0.00139412,3,0.277657,-6.97455,9.78412
-0.450533,372.53,0.00139435,2.99408,0.194507,-7.0677,9.91478
-0.450533,372.53,0.00139459,2.97634,0.11059,-7.13294,10.0063
-0.450533,372.53,0.00139482,2.94686,0.0262368,-7.17004,10.0584
-0.450533,372.53,0.00139506,2.90575,-0.0582202,-7.17884,10.0707
-0.450533,372.53,0.00139529,2.85317,-0.142447,-7.15931,10.0433
-0.450533,372.53,0.00139553,2.78933,-0.226112,-7.11153,9.97627
-0.450533,372.53,0.00139576,2.71448,-0.308885,-7.03568,9.86987
-0.450533,372.53,0.001396,2.62892,-0.390439,-6.93206,9.72451
-0.450533,372.53,0.00139624,2.53298,-0.470452,-6.80109,9.54077
-0.450533,372.53,0.00139647,2.42705,-0.548608,-6.64327,9.31938
-0.450533,372.53,0.00139671,2.31154,-0.624599,-6.45924,9.06122
-0.450533,372.53,0.00139694,2.18691,-0.698125,-6.24971,8.76729
-0.450533,372.53,0.00139718,2.05364,-0.768895,-6.01552,8.43876
-0.450533,372.53,0.00139741,1.91227,-0.836632,-5.75759,8.07692
-0.450533,372.53,0.00139765,1.76336,-0.901066,-5.47694,7.68321
-0.450533,372.53,0.00139788,1.60748,-0.961945,-5.17467,7.25918
-0.450533,372.53,0.00139812,1.44526,-1.01903,-4.85198,6.8065
-0.450533,372.53,0.00139835,1.27734,-1.07209,-4.51014,6.32696
-0.450533,372.53,0.00139859,1.10437,-1.12092,-4.1505,5.82245
-0.450533,372.53,0.00139882,0.927051,-1.16532,-3.77448,5.29496
-0.450533,372.53,0.00139906,0.74607,-1.20513,-3.38357,4.74657
-0.450533,372.53,0.00139929,0.562144,-1.24018,-2.9793,4.17945
-0.450533,372.53,0.00139953,0.376,-1.27034,-2.56327,3.59584
-0.450533,372.53,0.00139976,0.188372,-1.29548,-2.13713,2.99803
-0.450533,372.53,0.0014,9.70092e-014,-1.31551,-1.70256,2.3884
-0.450533,372.53,0.00140024,-0.188372,-1.33035,-1.26126,1.76933
-0.450533,372.53,0.00140047,-0.376,-1.33994,-0.814987,1.14329
-0.450533,372.53,0.00140071,-0.562144,-1.34424,-0.365497,0.512731
-0.450533,372.53,0.00140094,-0.74607,-1.34323,0.0854349,-0.119851
-0.450533,372.53,0.00140118,-0.927051,-1.33692,0.53603,-0.751959
-0.450533,372.53,0.00140141,-1.10437,-1.32534,0.984509,-1.3811
-0.450533,372.53,0.00140165,-1.27734,-1.30853,1.4291,-2.00479
-0.450533,372.53,0.00140188,-1.44526,-1.28655,1.86806,-2.62057
-0.450533,372.53,0.00140212,-1.60748,-1.2595,2.29964,-3.226
-0.450533,372.53,0.00140235,-1.76336,-1.22747,2.72214,-3.81871
-0.450533,372.53,0.00140259,-1.91227,-1.1906,3.13391,-4.39634
-0.450533,372.53,0.00140282,-2.05364,-1.14903,3.5333,-4.95662
-0.450533,372.53,0.00140306,-2.18691,-1.10293,3.91875,-5.49735
-0.450533,372.53,0.00140329,-2.31154,-1.05247,4.28874,-6.01637
-0.450533,372.53,0.00140353,-2.42705,-0.997866,4.6418,-6.51165
-0.450533,372.53,0.00140376,-2.53298,-0.939318,4.97654,-6.98124
-0.450533,372.53,0.001404,-2.62892,-0.877064,5.29164,-7.42327
-0.450533,372.53,0.00140424,-2.71448,-0.811348,5.58585,-7.83601
-0.450533,372.53,0.00140447,-2.78933,-0.74243,5.85802,-8.21782
-0.450533,372.53,0.00140471,-2.85317,-0.670582,6.10708,-8.5672
-0.450533,372.53,0.00140494,-2.90575,-0.596087,6.33203,-8.88276
-0.450533,372.53,0.00140518,-2.94686,-0.51924,6.53199,-9.16327
-0.450533,372.53,0.00140541,-2.97634,-0.440344,6.70617,-9.40762
-0.450533,372.53,0.00140565,-2.99408,-0.35971,6.85389,-9.61484
-0.450533,372.53,0.00140588,-3,-0.277657,6.97455,-9.78412
-0.450533,372.53,0.00140612,-2.99408,-0.194507,7.0677,-9.91478
-0.450533,372.53,0.00140635,-2.97634,-0.11059,7.13294,-10.0063
-0.450533,372.53,0.00140659,-2.94686,-0.0262368,7.17004,-10.0584
-0.450533,372.53,0.00140682,-2.90575,0.0582201,7.17884,-10.0707
-0.450533,372.53,0.00140706,-2.85317,0.142447,7.15931,-10.0433
-0.450533,372.53,0.00140729,-2.78933,0.226112,7.11153,-9.97627
-0.450533,372.53,0.00140753,-2.71448,0.308885,7.03568,-9.86987
-0.450533,372.53,0.00140776,-2.62892,0.390439,6.93206,-9.72451
-0.450533,372.53,0.001408,-2.53298,0.470452,6.80109,-9.54077
-0.450533,372.53,0.00140824,-2.42705,0.548608,6.64327,-9.31938
-0.450533,372.53,0.00140847,-2.31154,0.624599,6.45924,-9.06122
-0.450533,372.53,0.00140871,-2.18691,0.698125,6.24971,-8.76729
-0.450533,372.53,0.00140894,-2.05364,0.768895,6.01552,-8.43876
-0.450533,372.53,0.00140918,-1.91227,0.836632,5.75759,-8.07692
-0.450533,372.53,0.00140941,-1.76336,0.901066,5.47694,-7.68321
-0.450533,372.53,0.00140965,-1.60748,0.961945,5.17467,-7.25918
-0.450533,372.53,0.00140988,-1.44526,1.01903,4.85198,-6.8065
-0.450533,372.53,0.00141012,-1.27734,1.07209,4.51014,-6.32696
-0.450533,372.53,0.00141035,-1.10437,1.12092,4.1505,-5.82245
-0.450533,372.53,0.00141059,-0.927051,1.16532,3.77448,-5.29496
-0.450533,372.53,0.00141082,-0.74607,1.20513,3.38357,-4.74657
-0.450533,372.53,0.00141106,-0.562144,1.24018,2.9793,-4.17945
-0.450533,372.53,0.00141129,-0.376,1.27034,2.56327,-3.59584
-0.450533,372.53,0.00141153,-0.188372,1.29548,2.13713,-2.99803
