Amp, Phaseshift, Time, Vd, Vr, VL, VC
-0.145949,372.279,0,0,0,0,0
-0.145949,372.279,3.77358e-007,0.188372,0.00355418,0.188372,0
-0.145949,372.279,7.54717e-007,0.376,0.0105815,0.372446,0.0026824
-0.145949,372.279,1.13208e-006,0.562144,0.0209377,0.54888,0.0106684
-0.145949,372.279,1.50943e-006,0.74607,0.0344181,0.714464,0.0264704
-0.145949,372.279,1.88679e-006,0.927051,0.0507608,0.866162,0.0524464
-0.145949,372.279,2.26415e-006,1.10437,0.0696507,1.00117,0.0907564
-0.145949,372.279,2.64151e-006,1.27734,0.0907249,1.11693,0.143323
-0.145949,372.279,3.01887e-006,1.44526,0.113578,1.21121,0.211795
-0.145949,372.279,3.39623e-006,1.60748,0.137769,1.28211,0.297514
-0.145949,372.279,3.77358e-006,1.76336,0.162827,1.32807,0.40149
-0.145949,372.279,4.15094e-006,1.91227,0.18826,1.34796,0.524378
-0.145949,372.279,4.5283e-006,2.05364,0.213562,1.341,0.666461
-0.145949,372.279,4.90566e-006,2.18691,0.23822,1.30688,0.82764
-0.145949,372.279,5.28302e-006,2.31154,0.261723,1.24568,1.00743
-0.145949,372.279,5.66038e-006,2.42705,0.28357,1.1579,1.20496
-0.145949,372.279,6.03774e-006,2.53298,0.303277,1.04446,1.41897
-0.145949,372.279,6.41509e-006,2.62892,0.320384,0.906672,1.64786
-0.145949,372.279,6.79245e-006,2.71448,0.334464,0.746237,1.88966
-0.145949,372.279,7.16981e-006,2.78933,0.345128,0.565206,2.14208
-0.145949,372.279,7.54717e-006,2.85317,0.352033,0.365956,2.40256
-0.145949,372.279,7.92453e-006,2.90575,0.354885,0.151157,2.66824
-0.145949,372.279,8.30189e-006,2.94686,0.353446,-0.076268,2.93608
-0.145949,372.279,8.67925e-006,2.97634,0.347537,-0.313185,3.20283
-0.145949,372.279,9.0566e-006,2.99408,0.337041,-0.556291,3.46513
-0.145949,372.279,9.43396e-006,3,0.321906,-0.802168,3.7195
-0.145949,372.279,9.81132e-006,2.99408,0.302145,-1.04732,3.96244
-0.145949,372.279,1.01887e-005,2.97634,0.277839,-1.28825,4.19048
-0.145949,372.279,1.0566e-005,2.94686,0.249132,-1.52146,4.40017
-0.145949,372.279,1.09434e-005,2.90575,0.216235,-1.74355,4.58819
-0.145949,372.279,1.13208e-005,2.85317,0.179418,-1.95126,4.75139
-0.145949,372.279,1.16981e-005,2.78933,0.139013,-2.14148,4.8868
-0.145949,372.279,1.20755e-005,2.71448,0.0954032,-2.31133,4.99171
-0.145949,372.279,1.24528e-005,2.62892,0.0490221,-2.4582,5.06372
-0.145949,372.279,1.28302e-005,2.53298,0.000347495,-2.57975,5.10071
-0.145949,372.279,1.32075e-005,2.42705,-0.0501055,-2.67401,5.10098
-0.145949,372.279,1.35849e-005,2.31154,-0.101791,-2.73933,5.06316
-0.145949,372.279,1.39623e-005,2.18691,-0.154139,-2.77446,4.98634
-0.145949,372.279,1.43396e-005,2.05364,-0.206565,-2.77856,4.87001
-0.145949,372.279,1.4717e-005,1.91227,-0.258474,-2.75117,4.71411
-0.145949,372.279,1.50943e-005,1.76336,-0.309272,-2.69228,4.51903
-0.145949,372.279,1.54717e-005,1.60748,-0.358371,-2.60228,4.28562
-0.145949,372.279,1.58491e-005,1.44526,-0.405201,-2.48199,4.01515
-0.145949,372.279,1.62264e-005,1.27734,-0.449213,-2.33261,3.70934
-0.145949,372.279,1.66038e-005,1.10437,-0.489887,-2.15575,3.37031
-0.145949,372.279,1.69811e-005,0.927051,-0.526743,-1.95337,3.00058
-0.145949,372.279,1.73585e-005,0.74607,-0.559343,-1.72777,2.60304
-0.145949,372.279,1.77358e-005,0.562144,-0.587297,-1.48156,2.1809
-0.145949,372.279,1.81132e-005,0.376,-0.61027,-1.2176,1.73765
-0.145949,372.279,1.84906e-005,0.188372,-0.627988,-0.939012,1.27707
-0.145949,372.279,1.88679e-005,3.67382e-016,-0.640235,-0.649085,0.80312
-0.145949,372.279,1.92453e-005,-0.188372,-0.646862,-0.351257,0.319924
-0.145949,372.279,1.96226e-005,-0.376,-0.647788,-0.0490618,-0.168274
-0.145949,372.279,2e-005,-0.562144,-0.642997,0.253917,-0.65717
-0.145949,372.279,2.03774e-005,-0.74607,-0.632542,0.554097,-1.14245
-0.145949,372.279,2.07547e-005,-0.927051,-0.616543,0.847942,-1.61984
-0.145949,372.279,2.11321e-005,-1.10437,-0.595185,1.13201,-2.08516
-0.145949,372.279,2.15094e-005,-1.27734,-0.568713,1.403,-2.53435
-0.145949,372.279,2.18868e-005,-1.44526,-0.537433,1.6578,-2.96357
-0.145949,372.279,2.22642e-005,-1.60748,-0.501707,1.89352,-3.36918
-0.145949,372.279,2.26415e-005,-1.76336,-0.461942,2.10753,-3.74783
-0.145949,372.279,2.30189e-005,-1.91227,-0.418593,2.2975,-4.09646
-0.145949,372.279,2.33962e-005,-2.05364,-0.372151,2.46141,-4.41238
-0.145949,372.279,2.37736e-005,-2.18691,-0.323139,2.59763,-4.69325
-0.145949,372.279,2.41509e-005,-2.31154,-0.272104,2.70485,-4.93713
-0.145949,372.279,2.45283e-005,-2.42705,-0.21961,2.78218,-5.14249
-0.145949,372.279,2.49057e-005,-2.53298,-0.166231,2.82912,-5.30823
-0.145949,372.279,2.5283e-005,-2.62892,-0.112541,2.84554,-5.43369
-0.145949,372.279,2.56604e-005,-2.71448,-0.0591121,2.83175,-5.51863
-0.145949,372.279,2.60377e-005,-2.78933,-0.00650056,2.78841,-5.56324
-0.145949,372.279,2.64151e-005,-2.85317,0.0447555,2.71657,-5.56815
-0.145949,372.279,2.67925e-005,-2.90575,0.094145,2.61764,-5.53437
-0.145949,372.279,2.71698e-005,-2.94686,0.14119,2.49336,-5.46332
-0.145949,372.279,2.75472e-005,-2.97634,0.18545,2.34578,-5.35676
-0.145949,372.279,2.79245e-005,-2.99408,0.226529,2.17723,-5.2168
-0.145949,372.279,2.83019e-005,-3,0.264082,1.99027,-5.04583
-0.145949,372.279,2.86792e-005,-2.99408,0.297811,1.78767,-4.84652
-0.145949,372.279,2.90566e-005,-2.97634,0.327479,1.57237,-4.62176
-0.145949,372.279,2.9434e-005,-2.94686,0.352902,1.34742,-4.37461
-0.145949,372.279,2.98113e-005,-2.90575,0.373957,1.11596,-4.10827
-0.145949,372.279,3.01887e-005,-2.85317,0.390583,0.881139,-3.82603
-0.145949,372.279,3.0566e-005,-2.78933,0.402774,0.646122,-3.53125
-0.145949,372.279,3.09434e-005,-2.71448,0.410585,0.414,-3.22727
-0.145949,372.279,3.13208e-005,-2.62892,0.414128,0.18777,-2.9174
-0.145949,372.279,3.16981e-005,-2.53298,0.413567,-0.029712,-2.60485
-0.145949,372.279,3.20755e-005,-2.42705,0.409119,-0.235768,-2.29272
-0.145949,372.279,3.24528e-005,-2.31154,0.401044,-0.427934,-1.98396
-0.145949,372.279,3.28302e-005,-2.18691,0.389648,-0.603995,-1.68128
-0.145949,372.279,3.32075e-005,-2.05364,0.375271,-0.762009,-1.38721
-0.145949,372.279,3.35849e-005,-1.91227,0.358283,-0.900337,-1.10398
-0.145949,372.279,3.39623e-005,-1.76336,0.339082,-1.01766,-0.83358
-0.145949,372.279,3.43396e-005,-1.60748,0.318083,-1.11298,-0.577669
-0.145949,372.279,3.4717e-005,-1.44526,0.295711,-1.18567,-0.337607
-0.145949,372.279,3.50943e-005,-1.27734,0.272401,-1.23544,-0.114428
-0.145949,372.279,3.54717e-005,-1.10437,0.248583,-1.26235,0.0911573
-0.145949,372.279,3.58491e-005,-0.927051,0.224682,-1.26679,0.278767
-0.145949,372.279,3.62264e-005,-0.74607,0.201106,-1.24952,0.448338
-0.145949,372.279,3.66038e-005,-0.562144,0.178246,-1.21159,0.600116
-0.145949,372.279,3.69811e-005,-0.376,0.156465,-1.15436,0.734641
-0.145949,372.279,3.73585e-005,-0.188372,0.136098,-1.07948,0.852728
-0.145949,372.279,3.77358e-005,-7.34764e-016,0.117441,-0.988826,0.955443
-0.145949,372.279,3.81132e-005,0.188372,0.100752,-0.884512,1.04408
-0.145949,372.279,3.84906e-005,0.376,0.0862454,-0.76883,1.12012
-0.145949,372.279,3.88679e-005,0.562144,0.0740904,-0.644218,1.18521
-0.145949,372.279,3.92453e-005,0.74607,0.0644068,-0.513228,1.24112
-0.145949,372.279,3.96226e-005,0.927051,0.0572657,-0.378481,1.28973
-0.145949,372.279,4e-005,1.10437,0.0526878,-0.242626,1.33295
-0.145949,372.279,4.03774e-005,1.27734,0.0506444,-0.108303,1.37272
-0.145949,372.279,4.07547e-005,1.44526,0.0510576,0.0218991,1.41094
-0.145949,372.279,4.11321e-005,1.60748,0.0538025,0.145483,1.44947
-0.145949,372.279,4.15094e-005,1.76336,0.0587097,0.260079,1.49008
-0.145949,372.279,4.18868e-005,1.91227,0.0655679,0.363483,1.53439
-0.145949,372.279,4.22642e-005,2.05364,0.074128,0.453685,1.58387
-0.145949,372.279,4.26415e-005,2.18691,0.0841073,0.528904,1.63982
-0.145949,372.279,4.30189e-005,2.31154,0.0951943,0.587613,1.7033
-0.145949,372.279,4.33962e-005,2.42705,0.107054,0.62856,1.77514
-0.145949,372.279,4.37736e-005,2.53298,0.119333,0.650788,1.85594
-0.145949,372.279,4.41509e-005,2.62892,0.131666,0.65365,1.946
-0.145949,372.279,4.45283e-005,2.71448,0.143681,0.636816,2.04537
-0.145949,372.279,4.49057e-005,2.78933,0.155007,0.600278,2.15381
-0.145949,372.279,4.5283e-005,2.85317,0.165278,0.544353,2.2708
-0.145949,372.279,4.56604e-005,2.90575,0.17414,0.469676,2.39553
-0.145949,372.279,4.60377e-005,2.94686,0.181257,0.377188,2.52696
-0.145949,372.279,4.64151e-005,2.97634,0.186316,0.268127,2.66376
-0.145949,372.279,4.67925e-005,2.99408,0.189033,0.144007,2.80437
-0.145949,372.279,4.71698e-005,3,0.189157,0.00659374,2.94704
-0.145949,372.279,4.75472e-005,2.99408,0.186476,-0.142117,3.0898
-0.145949,372.279,4.79245e-005,2.97634,0.180817,-0.299932,3.23054
-0.145949,372.279,4.83019e-005,2.94686,0.172053,-0.464491,3.367
-0.145949,372.279,4.86792e-005,2.90575,0.160104,-0.633305,3.49685
-0.145949,372.279,4.90566e-005,2.85317,0.144938,-0.803787,3.61769
-0.145949,372.279,4.9434e-005,2.78933,0.126574,-0.973294,3.72707
-0.145949,372.279,4.98113e-005,2.71448,0.10508,-1.13917,3.8226
-0.145949,372.279,5.01887e-005,2.62892,0.0805752,-1.29876,3.90191
-0.145949,372.279,5.0566e-005,2.53298,0.0532262,-1.4495,3.96272
-0.145949,372.279,5.09434e-005,2.42705,0.0232471,-1.58889,4.00289
-0.145949,372.279,5.13208e-005,2.31154,-0.00910381,-1.7146,4.02043
-0.145949,372.279,5.16981e-005,2.18691,-0.0435269,-1.82442,4.01356
-0.145949,372.279,5.20755e-005,2.05364,-0.0796853,-1.91639,3.98071
-0.145949,372.279,5.24528e-005,1.91227,-0.117209,-1.98875,3.92057
-0.145949,372.279,5.28302e-005,1.76336,-0.1557,-2.04001,3.83211
-0.145949,372.279,5.32075e-005,1.60748,-0.194736,-2.06893,3.7146
-0.145949,372.279,5.35849e-005,1.44526,-0.23388,-2.07461,3.56763
-0.145949,372.279,5.39623e-005,1.27734,-0.27268,-2.05642,3.39112
-0.145949,372.279,5.43396e-005,1.10437,-0.310681,-2.01407,3.18532
-0.145949,372.279,5.4717e-005,0.927051,-0.347428,-1.94759,2.95085
-0.145949,372.279,5.50943e-005,0.74607,-0.382472,-1.85735,2.68864
-0.145949,372.279,5.54717e-005,0.562144,-0.415379,-1.74402,2.39998
-0.145949,372.279,5.58491e-005,0.376,-0.445729,-1.6086,2.08649
-0.145949,372.279,5.62264e-005,0.188372,-0.473133,-1.45238,1.75009
-0.145949,372.279,5.66038e-005,-4.22692e-015,-0.497226,-1.27695,1.393
-0.145949,372.279,5.69811e-005,-0.188372,-0.517682,-1.08415,1.01774
-0.145949,372.279,5.73585e-005,-0.376,-0.534211,-0.876057,0.627036
-0.145949,372.279,5.77358e-005,-0.562144,-0.546569,-0.654968,0.223857
-0.145949,372.279,5.81132e-005,-0.74607,-0.554557,-0.423358,-0.188648
-0.145949,372.279,5.84906e-005,-0.927051,-0.558026,-0.183846,-0.607182
-0.145949,372.279,5.88679e-005,-1.10437,-0.556878,0.060834,-1.02833
-0.145949,372.279,5.92453e-005,-1.27734,-0.551069,0.307874,-1.44862
-0.145949,372.279,5.96226e-005,-1.44526,-0.540608,0.554427,-1.86452
-0.145949,372.279,6e-005,-1.60748,-0.525558,0.797648,-2.27253
-0.145949,372.279,6.03774e-005,-1.76336,-0.506035,1.03473,-2.66917
-0.145949,372.279,6.07547e-005,-1.91227,-0.482206,1.26294,-3.05109
-0.145949,372.279,6.11321e-005,-2.05364,-0.454288,1.47965,-3.41502
-0.145949,372.279,6.15094e-005,-2.18691,-0.422545,1.6824,-3.75788
-0.145949,372.279,6.18868e-005,-2.31154,-0.387283,1.86888,-4.07678
-0.145949,372.279,6.22642e-005,-2.42705,-0.348849,2.03701,-4.36907
-0.145949,372.279,6.26415e-005,-2.53298,-0.307624,2.18493,-4.63235
-0.145949,372.279,6.30189e-005,-2.62892,-0.264019,2.31105,-4.86452
-0.145949,372.279,6.33962e-005,-2.71448,-0.218471,2.41406,-5.06378
-0.145949,372.279,6.37736e-005,-2.78933,-0.171435,2.49292,-5.22866
-0.145949,372.279,6.41509e-005,-2.85317,-0.123379,2.54693,-5.35805
-0.145949,372.279,6.45283e-005,-2.90575,-0.0747817,2.57568,-5.45116
-0.145949,372.279,6.49057e-005,-2.94686,-0.0261197,2.57908,-5.5076
-0.145949,372.279,6.5283e-005,-2.97634,0.0221326,2.55738,-5.52731
-0.145949,372.279,6.56604e-005,-2.99408,0.0695119,2.5111,-5.51061
-0.145949,372.279,6.60377e-005,-3,0.11557,2.4411,-5.45815
-0.145949,372.279,6.64151e-005,-2.99408,0.159882,2.3485,-5.37093
-0.145949,372.279,6.67925e-005,-2.97634,0.202046,2.2347,-5.25026
-0.145949,372.279,6.71698e-005,-2.94686,0.241694,2.10135,-5.09777
-0.145949,372.279,6.75472e-005,-2.90575,0.278493,1.95033,-4.91536
-0.145949,372.279,6.79245e-005,-2.85317,0.312147,1.7837,-4.70518
-0.145949,372.279,6.83019e-005,-2.78933,0.342406,1.6037,-4.4696
-0.145949,372.279,6.86792e-005,-2.71448,0.369061,1.41271,-4.21118
-0.145949,372.279,6.90566e-005,-2.62892,0.391951,1.2132,-3.93264
-0.145949,372.279,6.9434e-005,-2.53298,0.410965,1.00771,-3.63683
-0.145949,372.279,6.98113e-005,-2.42705,0.426036,0.798812,-3.32667
-0.145949,372.279,7.01887e-005,-2.31154,0.437151,0.58909,-3.00513
-0.145949,372.279,7.0566e-005,-2.18691,0.444341,0.381072,-2.6752
-0.145949,372.279,7.09434e-005,-2.05364,0.447685,0.177221,-2.33985
-0.145949,372.279,7.13208e-005,-1.91227,0.447306,-0.0201057,-2.00198
-0.145949,372.279,7.16981e-005,-1.76336,0.443368,-0.208686,-1.66439
-0.145949,372.279,7.20755e-005,-1.60748,0.436077,-0.386462,-1.32977
-0.145949,372.279,7.24528e-005,-1.44526,0.42567,-0.551569,-1.00065
-0.145949,372.279,7.28302e-005,-1.27734,0.412418,-0.702353,-0.679394
-0.145949,372.279,7.32075e-005,-1.10437,0.396618,-0.837397,-0.368136
-0.145949,372.279,7.35849e-005,-0.927051,0.378589,-0.955533,-0.0688016
-0.145949,372.279,7.39623e-005,-0.74607,0.358667,-1.05586,0.216926
-0.145949,372.279,7.43396e-005,-0.562144,0.3372,-1.13774,0.487618
-0.145949,372.279,7.4717e-005,-0.376,0.314543,-1.20082,0.742109
-0.145949,372.279,7.50943e-005,-0.188372,0.291052,-1.24502,0.9795
-0.145949,372.279,7.54717e-005,-1.46953e-015,0.26708,-1.27055,1.19916
-0.145949,372.279,7.58491e-005,0.188372,0.242969,-1.27787,1.40073
-0.145949,372.279,7.62264e-005,0.376,0.21905,-1.2677,1.5841
-0.145949,372.279,7.66038e-005,0.562144,0.195635,-1.24101,1.74943
-0.145949,372.279,7.69811e-005,0.74607,0.173012,-1.19899,1.89707
-0.145949,372.279,7.73585e-005,0.927051,0.151446,-1.14304,2.02765
-0.145949,372.279,7.77358e-005,1.10437,0.131168,-1.07472,2.14195
-0.145949,372.279,7.81132e-005,1.27734,0.11238,-0.995778,2.24094
-0.145949,372.279,7.84906e-005,1.44526,0.0952463,-0.908061,2.32576
-0.145949,372.279,7.88679e-005,1.60748,0.0798968,-0.813523,2.39764
-0.145949,372.279,7.92453e-005,1.76336,0.0664217,-0.714182,2.45794
-0.145949,372.279,7.96226e-005,1.91227,0.0548728,-0.61209,2.50807
-0.145949,372.279,8e-005,2.05364,0.0452634,-0.509302,2.54948
-0.145949,372.279,8.03774e-005,2.18691,0.0375682,-0.407841,2.58364
-0.145949,372.279,8.07547e-005,2.31154,0.0317254,-0.309673,2.612
-0.145949,372.279,8.11321e-005,2.42705,0.0276372,-0.216672,2.63594
-0.145949,372.279,8.15094e-005,2.53298,0.0251731,-0.130595,2.6568
-0.145949,372.279,8.18868e-005,2.62892,0.0241721,-0.0530531,2.6758
-0.145949,372.279,8.22642e-005,2.71448,0.0244459,0.0145105,2.69404
-0.145949,372.279,8.26415e-005,2.78933,0.0257826,0.0708419,2.71249
-0.145949,372.279,8.30189e-005,2.85317,0.0279504,0.114896,2.73195
-0.145949,372.279,8.33962e-005,2.90575,0.0307023,0.145849,2.75304
-0.145949,372.279,8.37736e-005,2.94686,0.0337799,0.163115,2.77622
-0.145949,372.279,8.41509e-005,2.97634,0.0369186,0.166348,2.80171
-0.145949,372.279,8.45283e-005,2.99408,0.0398516,0.155451,2.82957
-0.145949,372.279,8.49057e-005,3,0.0423153,0.130575,2.85965
-0.145949,372.279,8.5283e-005,2.99408,0.0440533,0.0921148,2.89159
-0.145949,372.279,8.56604e-005,2.97634,0.0448213,0.0407046,2.92483
-0.145949,372.279,8.60377e-005,2.94686,0.0443912,-0.0227935,2.95866
-0.145949,372.279,8.64151e-005,2.90575,0.0425553,-0.0973031,2.99216
-0.145949,372.279,8.67925e-005,2.85317,0.0391299,-0.18155,3.02428
-0.145949,372.279,8.71698e-005,2.78933,0.0339585,-0.274082,3.05381
-0.145949,372.279,8.75472e-005,2.71448,0.0269153,-0.373291,3.07944
-0.145949,372.279,8.79245e-005,2.62892,0.017907,-0.477438,3.09976
-0.145949,372.279,8.83019e-005,2.53298,0.00687534,-0.584679,3.11327
-0.145949,372.279,8.86792e-005,2.42705,-0.00620192,-0.693095,3.11846
-0.145949,372.279,8.90566e-005,2.31154,-0.0213098,-0.800718,3.11378
-0.145949,372.279,8.9434e-005,2.18691,-0.0383959,-0.905563,3.0977
-0.145949,372.279,8.98113e-005,2.05364,-0.0573706,-1.00566,3.06872
-0.145949,372.279,9.01887e-005,1.91227,-0.0781079,-1.09908,3.02542
-0.145949,372.279,9.0566e-005,1.76336,-0.100447,-1.18396,2.96647
-0.145949,372.279,9.09434e-005,1.60748,-0.124193,-1.25854,2.89066
-0.145949,372.279,9.13208e-005,1.44526,-0.149121,-1.32121,2.79693
-0.145949,372.279,9.16981e-005,1.27734,-0.174979,-1.37047,2.68439
-0.145949,372.279,9.20755e-005,1.10437,-0.201489,-1.40503,2.55233
-0.145949,372.279,9.24528e-005,0.927051,-0.228353,-1.42379,2.40026
-0.145949,372.279,9.28302e-005,0.74607,-0.255256,-1.42584,2.22792
-0.145949,372.279,9.32075e-005,0.562144,-0.281869,-1.41052,2.03527
-0.145949,372.279,9.35849e-005,0.376,-0.307858,-1.3774,1.82254
-0.145949,372.279,9.39623e-005,0.188372,-0.332883,-1.32631,1.59019
-0.145949,372.279,9.43396e-005,-3.49216e-015,-0.356606,-1.25731,1.33896
-0.145949,372.279,9.4717e-005,-0.188372,-0.378695,-1.17073,1.06983
-0.145949,372.279,9.50943e-005,-0.376,-0.398829,-1.06713,0.784019
-0.145949,372.279,9.54717e-005,-0.562144,-0.416704,-0.947333,0.483015
-0.145949,372.279,9.58491e-005,-0.74607,-0.432031,-0.812382,0.168522
-0.145949,372.279,9.62264e-005,-0.927051,-0.444551,-0.663542,-0.157539
-0.145949,372.279,9.66038e-005,-1.10437,-0.454028,-0.502283,-0.49305
-0.145949,372.279,9.69811e-005,-1.27734,-0.46026,-0.33026,-0.835712
-0.145949,372.279,9.73585e-005,-1.44526,-0.463076,-0.149289,-1.18308
-0.145949,372.279,9.77358e-005,-1.60748,-0.462347,0.038674,-1.53257
-0.145949,372.279,9.81132e-005,-1.76336,-0.457978,0.23156,-1.88151
-0.145949,372.279,9.84906e-005,-1.91227,-0.449917,0.427216,-2.22715
-0.145949,372.279,9.88679e-005,-2.05364,-0.438154,0.623429,-2.56671
-0.145949,372.279,9.92453e-005,-2.18691,-0.422721,0.817962,-2.8974
-0.145949,372.279,9.96226e-005,-2.31154,-0.403691,1.00858,-3.21643
-0.145949,372.279,0.0001,-2.42705,-0.38118,1.19307,-3.5211
-0.145949,372.279,0.000100377,-2.53298,-0.355344,1.3693,-3.80879
-0.145949,372.279,0.000100755,-2.62892,-0.326378,1.53521,-4.07697
-0.145949,372.279,0.000101132,-2.71448,-0.294513,1.68887,-4.32329
-0.145949,372.279,0.000101509,-2.78933,-0.260013,1.82848,-4.54557
-0.145949,372.279,0.000101887,-2.85317,-0.223175,1.95241,-4.7418
-0.145949,372.279,0.000102264,-2.90575,-0.184322,2.05923,-4.91024
-0.145949,372.279,0.000102642,-2.94686,-0.143799,2.1477,-5.04935
-0.145949,372.279,0.000103019,-2.97634,-0.101973,2.2168,-5.15788
-0.145949,372.279,0.000103396,-2.99408,-0.0592224,2.26577,-5.23484
-0.145949,372.279,0.000103774,-3,-0.0159382,2.29406,-5.27953
-0.145949,372.279,0.000104151,-2.99408,0.0274842,2.30139,-5.29156
-0.145949,372.279,0.000104528,-2.97634,0.070649,2.28773,-5.27082
-0.145949,372.279,0.000104906,-2.94686,0.113164,2.25331,-5.2175
-0.145949,372.279,0.000105283,-2.90575,0.154647,2.19859,-5.13209
-0.145949,372.279,0.00010566,-2.85317,0.194728,2.12428,-5.01538
-0.145949,372.279,0.000106038,-2.78933,0.233055,2.03132,-4.86841
-0.145949,372.279,0.000106415,-2.71448,0.269297,1.92088,-4.69252
-0.145949,372.279,0.000106792,-2.62892,0.303152,1.79431,-4.48928
-0.145949,372.279,0.00010717,-2.53298,0.334344,1.65314,-4.26049
-0.145949,372.279,0.000107547,-2.42705,0.362628,1.49909,-4.00815
-0.145949,372.279,0.000107925,-2.31154,0.387798,1.33398,-3.73447
-0.145949,372.279,0.000108302,-2.18691,0.40968,1.15977,-3.44179
-0.145949,372.279,0.000108679,-2.05364,0.428142,0.97847,-3.1326
-0.145949,372.279,0.000109057,-1.91227,0.443089,0.792185,-2.80947
-0.145949,372.279,0.000109434,-1.76336,0.454467,0.603028,-2.47507
-0.145949,372.279,0.000109811,-1.60748,0.462261,0.413119,-2.13207
-0.145949,372.279,0.000110189,-1.44526,0.466498,0.22455,-1.7832
-0.145949,372.279,0.000110566,-1.27734,0.467241,0.0393594,-1.43112
-0.145949,372.279,0.000110943,-1.10437,0.46459,-0.140493,-1.07849
-0.145949,372.279,0.000111321,-0.927051,0.458681,-0.313154,-0.727853
-0.145949,372.279,0.000111698,-0.74607,0.449683,-0.476898,-0.381678
-0.145949,372.279,0.000112075,-0.562144,0.437794,-0.630149,-0.0422945
-0.145949,372.279,0.000112453,-0.376,0.423237,-0.771499,0.288116
-0.145949,372.279,0.00011283,-0.188372,0.406261,-0.899725,0.60754
-0.145949,372.279,0.000113208,8.45385e-015,0.387133,-1.0138,0.914152
-0.145949,372.279,0.000113585,0.188372,0.366135,-1.11291,1.20633
-0.145949,372.279,0.000113962,0.376,0.34356,-1.19646,1.48266
-0.145949,372.279,0.00011434,0.562144,0.319709,-1.26407,1.74195
-0.145949,372.279,0.000114717,0.74607,0.294887,-1.31559,1.98324
-0.145949,372.279,0.000115094,0.927051,0.269395,-1.35107,2.20579
-0.145949,372.279,0.000115472,1.10437,0.243531,-1.37081,2.40911
-0.145949,372.279,0.000115849,1.27734,0.217582,-1.3753,2.59291
-0.145949,372.279,0.000116226,1.44526,0.191822,-1.36523,2.75712
-0.145949,372.279,0.000116604,1.60748,0.166512,-1.34146,2.90189
-0.145949,372.279,0.000116981,1.76336,0.141888,-1.30505,3.02756
-0.145949,372.279,0.000117358,1.91227,0.118168,-1.25718,3.13465
-0.145949,372.279,0.000117736,2.05364,0.0955422,-1.19917,3.22383
-0.145949,372.279,0.000118113,2.18691,0.0741749,-1.13247,3.29594
-0.145949,372.279,0.000118491,2.31154,0.0542019,-1.05857,3.35192
-0.145949,372.279,0.000118868,2.42705,0.0357289,-0.979068,3.39282
-0.145949,372.279,0.000119245,2.53298,0.0188313,-0.89557,3.41979
-0.145949,372.279,0.000119623,2.62892,0.00355396,-0.809701,3.434
-0.145949,372.279,0.00012,2.71448,-0.010089,-0.723075,3.43668
-0.145949,372.279,0.000120377,2.78933,-0.0221128,-0.637266,3.42907
-0.145949,372.279,0.000120755,2.85317,-0.0325617,-0.553788,3.41238
-0.145949,372.279,0.000121132,2.90575,-0.0415064,-0.47407,3.38781
-0.145949,372.279,0.000121509,2.94686,-0.049043,-0.399438,3.35648
-0.145949,372.279,0.000121887,2.97634,-0.05529,-0.331094,3.31947
-0.145949,372.279,0.000122264,2.99408,-0.0603862,-0.270097,3.27774
-0.145949,372.279,0.000122642,3,-0.0644872,-0.217353,3.23216
-0.145949,372.279,0.000123019,2.99408,-0.0677626,-0.173597,3.18349
-0.145949,372.279,0.000123396,2.97634,-0.0703925,-0.139388,3.13235
-0.145949,372.279,0.000123774,2.94686,-0.0725642,-0.115099,3.07923
-0.145949,372.279,0.000124151,2.90575,-0.0744682,-0.100913,3.02446
-0.145949,372.279,0.000124528,2.85317,-0.0762951,-0.0968235,2.96826
-0.145949,372.279,0.000124906,2.78933,-0.0782316,-0.102634,2.91068
-0.145949,372.279,0.000125283,2.71448,-0.0804573,-0.117965,2.85163
-0.145949,372.279,0.00012566,2.62892,-0.0831414,-0.142258,2.79091
-0.145949,372.279,0.000126038,2.53298,-0.0864393,-0.174787,2.72816
-0.145949,372.279,0.000126415,2.42705,-0.0904898,-0.214674,2.66293
-0.145949,372.279,0.000126792,2.31154,-0.0954124,-0.260897,2.59463
-0.145949,372.279,0.00012717,2.18691,-0.101305,-0.312315,2.52262
-0.145949,372.279,0.000127547,2.05364,-0.108242,-0.367677,2.44617
-0.145949,372.279,0.000127925,1.91227,-0.116274,-0.425652,2.36447
-0.145949,372.279,0.000128302,1.76336,-0.125422,-0.484845,2.27672
-0.145949,372.279,0.000128679,1.60748,-0.135682,-0.543819,2.18206
-0.145949,372.279,0.000129057,1.44526,-0.147024,-0.60112,2.07966
-0.145949,372.279,0.000129434,1.27734,-0.159388,-0.655299,1.9687
-0.145949,372.279,0.000129811,1.10437,-0.172689,-0.704938,1.84841
-0.145949,372.279,0.000130189,0.927051,-0.186815,-0.748666,1.71808
-0.145949,372.279,0.000130566,0.74607,-0.20163,-0.785191,1.57708
-0.145949,372.279,0.000130943,0.562144,-0.216975,-0.813309,1.42491
-0.145949,372.279,0.000131321,0.376,-0.232672,-0.831935,1.26115
-0.145949,372.279,0.000131698,0.188372,-0.248523,-0.840111,1.08555
-0.145949,372.279,0.000132075,2.57167e-015,-0.264316,-0.83703,0.897988
-0.145949,372.279,0.000132453,-0.188372,-0.279826,-0.822044,0.698504
-0.145949,372.279,0.00013283,-0.376,-0.29482,-0.794678,0.487315
-0.145949,372.279,0.000133208,-0.562144,-0.309059,-0.754638,0.264809
-0.145949,372.279,0.000133585,-0.74607,-0.322301,-0.701819,0.0315566
-0.145949,372.279,0.000133962,-0.927051,-0.334307,-0.636307,-0.211689
-0.145949,372.279,0.00013434,-1.10437,-0.344842,-0.558378,-0.463996
-0.145949,372.279,0.000134717,-1.27734,-0.353682,-0.4685,-0.724254
-0.145949,372.279,0.000135094,-1.44526,-0.360612,-0.367325,-0.991184
-0.145949,372.279,0.000135472,-1.60748,-0.365436,-0.255684,-1.26334
-0.145949,372.279,0.000135849,-1.76336,-0.367976,-0.134575,-1.53914
-0.145949,372.279,0.000136226,-1.91227,-0.368073,-0.00515138,-1.81686
-0.145949,372.279,0.000136604,-2.05364,-0.365596,0.131294,-2.09465
-0.145949,372.279,0.000136981,-2.18691,-0.360438,0.273343,-2.37057
-0.145949,372.279,0.000137358,-2.31154,-0.352524,0.419473,-2.6426
-0.145949,372.279,0.000137736,-2.42705,-0.341805,0.568076,-2.90866
-0.145949,372.279,0.000138113,-2.53298,-0.328268,0.71748,-3.16662
-0.145949,372.279,0.000138491,-2.62892,-0.311929,0.865973,-3.41437
-0.145949,372.279,0.000138868,-2.71448,-0.292838,1.01182,-3.64979
-0.145949,372.279,0.000139245,-2.78933,-0.271077,1.1533,-3.8708
-0.145949,372.279,0.000139623,-2.85317,-0.246762,1.28871,-4.07539
-0.145949,372.279,0.00014,-2.90575,-0.220038,1.4164,-4.26162
-0.145949,372.279,0.000140377,-2.94686,-0.191079,1.5348,-4.42769
-0.145949,372.279,0.000140755,-2.97634,-0.16009,1.64242,-4.5719
-0.145949,372.279,0.000141132,-2.99408,-0.127299,1.73791,-4.69272
-0.145949,372.279,0.000141509,-3,-0.0929591,1.82002,-4.7888
-0.145949,372.279,0.000141887,-2.99408,-0.0573425,1.88768,-4.85896
-0.145949,372.279,0.000142264,-2.97634,-0.0207396,1.93995,-4.90223
-0.145949,372.279,0.000142642,-2.94686,0.0165455,1.97611,-4.91789
-0.145949,372.279,0.000143019,-2.90575,0.0541981,1.99559,-4.9054
-0.145949,372.279,0.000143396,-2.85317,0.0918968,1.99803,-4.86449
-0.145949,372.279,0.000143774,-2.78933,0.129317,1.98327,-4.79514
-0.145949,372.279,0.000144151,-2.71448,0.166135,1.95134,-4.69754
-0.145949,372.279,0.000144528,-2.62892,0.202031,1.90249,-4.57216
-0.145949,372.279,0.000144906,-2.53298,0.236694,1.83714,-4.41968
-0.145949,372.279,0.000145283,-2.42705,0.269825,1.75594,-4.24104
-0.145949,372.279,0.00014566,-2.31154,0.301139,1.65968,-4.0374
-0.145949,372.279,0.000146038,-2.18691,0.330372,1.54936,-3.81013
-0.145949,372.279,0.000146415,-2.05364,0.35728,1.42611,-3.56079
-0.145949,372.279,0.000146792,-1.91227,0.381643,1.29124,-3.29114
-0.145949,372.279,0.00014717,-1.76336,0.403269,1.14614,-3.00311
-0.145949,372.279,0.000147547,-1.60748,0.421992,0.992362,-2.69876
-0.145949,372.279,0.000147925,-1.44526,0.437681,0.831504,-2.38027
-0.145949,372.279,0.000148302,-1.27734,0.450233,0.665254,-2.04995
-0.145949,372.279,0.000148679,-1.10437,0.459579,0.495341,-1.71015
-0.145949,372.279,0.000149057,-0.927051,0.465683,0.323519,-1.3633
-0.145949,372.279,0.000149434,-0.74607,0.468543,0.151544,-1.01184
-0.145949,372.279,0.000149811,-0.562144,0.468187,-0.0188489,-0.658221
-0.145949,372.279,0.000150189,-0.376,0.464678,-0.185966,-0.304872
-0.145949,372.279,0.000150566,-0.188372,0.458109,-0.348178,0.0458285
-0.145949,372.279,0.000150943,-2.93906e-015,0.448601,-0.503937,0.391571
-0.145949,372.279,0.000151321,0.188372,0.436302,-0.6518,0.730137
-0.145949,372.279,0.000151698,0.376,0.421388,-0.79044,1.05942
-0.145949,372.279,0.000152075,0.562144,0.404055,-0.918667,1.37745
-0.145949,372.279,0.000152453,0.74607,0.384519,-1.03544,1.6824
-0.145949,372.279,0.00015283,0.927051,0.363012,-1.13987,1.9726
-0.145949,372.279,0.000153208,1.10437,0.339781,-1.23124,2.24657
-0.145949,372.279,0.000153585,1.27734,0.315082,-1.30902,2.50301
-0.145949,372.279,0.000153962,1.44526,0.28918,-1.37283,2.74081
-0.145949,372.279,0.00015434,1.60748,0.26234,-1.42251,2.95906
-0.145949,372.279,0.000154717,1.76336,0.23483,-1.45804,3.15705
-0.145949,372.279,0.000155094,1.91227,0.206913,-1.47961,3.33428
-0.145949,372.279,0.000155472,2.05364,0.178846,-1.48755,3.49044
-0.145949,372.279,0.000155849,2.18691,0.150876,-1.48238,3.62542
-0.145949,372.279,0.000156226,2.31154,0.123239,-1.46475,3.73929
-0.145949,372.279,0.000156604,2.42705,0.0961549,-1.43548,3.8323
-0.145949,372.279,0.000156981,2.53298,0.0698253,-1.39547,3.90487
-0.145949,372.279,0.000157358,2.62892,0.0444334,-1.34577,3.95757
-0.145949,372.279,0.000157736,2.71448,0.0201406,-1.28752,3.9911
-0.145949,372.279,0.000158113,2.78933,-0.00291437,-1.22191,4.0063
-0.145949,372.279,0.000158491,2.85317,-0.0246166,-1.15022,4.0041
-0.145949,372.279,0.000158868,2.90575,-0.0448757,-1.07374,3.98552
-0.145949,372.279,0.000159245,2.94686,-0.0636264,-0.993786,3.95165
-0.145949,372.279,0.000159623,2.97634,-0.080828,-0.911684,3.90363
-0.145949,372.279,0.00016,2.99408,-0.0964644,-0.828727,3.84263
-0.145949,372.279,0.000160377,3,-0.110543,-0.746168,3.76983
-0.145949,372.279,0.000160755,2.99408,-0.123094,-0.665206,3.6864
-0.145949,372.279,0.000161132,2.97634,-0.134169,-0.586962,3.5935
-0.145949,372.279,0.000161509,2.94686,-0.143838,-0.512469,3.49224
-0.145949,372.279,0.000161887,2.90575,-0.15219,-0.442652,3.38368
-0.145949,372.279,0.000162264,2.85317,-0.159328,-0.378323,3.26882
-0.145949,372.279,0.000162642,2.78933,-0.165369,-0.320165,3.14857
-0.145949,372.279,0.000163019,2.71448,-0.170439,-0.268725,3.02377
-0.145949,372.279,0.000163396,2.62892,-0.174673,-0.224409,2.89513
-0.145949,372.279,0.000163774,2.53298,-0.178211,-0.187477,2.76331
-0.145949,372.279,0.000164151,2.42705,-0.181193,-0.158044,2.62881
-0.145949,372.279,0.000164528,2.31154,-0.18376,-0.136075,2.49206
-0.145949,372.279,0.000164906,2.18691,-0.186051,-0.121392,2.35337
-0.145949,372.279,0.000165283,2.05364,-0.188195,-0.113679,2.21296
-0.145949,372.279,0.00016566,1.91227,-0.190318,-0.112488,2.07092
-0.145949,372.279,0.000166038,1.76336,-0.19253,-0.117248,1.92729
-0.145949,372.279,0.000166415,1.60748,-0.194931,-0.127275,1.78198
-0.145949,372.279,0.000166792,1.44526,-0.197607,-0.141787,1.63486
-0.145949,372.279,0.00016717,1.27734,-0.200624,-0.159917,1.48572
-0.145949,372.279,0.000167547,1.10437,-0.204034,-0.180726,1.33431
-0.145949,372.279,0.000167925,0.927051,-0.207868,-0.203225,1.18032
-0.145949,372.279,0.000168302,0.74607,-0.21214,-0.226384,1.02344
-0.145949,372.279,0.000168679,0.562144,-0.216841,-0.249156,0.863335
-0.145949,372.279,0.000169057,0.376,-0.221944,-0.270494,0.699681
-0.145949,372.279,0.000169434,0.188372,-0.227404,-0.289365,0.532176
-0.145949,372.279,0.000169811,-7.3517e-015,-0.233155,-0.304772,0.36055
-0.145949,372.279,0.000170189,-0.188372,-0.239112,-0.315767,0.184584
-0.145949,372.279,0.000170566,-0.376,-0.245178,-0.321472,0.0041222
-0.145949,372.279,0.000170943,-0.562144,-0.251236,-0.321088,-0.180918
-0.145949,372.279,0.000171321,-0.74607,-0.257159,-0.313916,-0.37053
-0.145949,372.279,0.000171698,-0.927051,-0.262808,-0.299362,-0.564612
-0.145949,372.279,0.000172075,-1.10437,-0.268033,-0.276954,-0.762958
-0.145949,372.279,0.000172453,-1.27734,-0.272681,-0.246347,-0.965247
-0.145949,372.279,0.00017283,-1.44526,-0.276593,-0.207333,-1.17104
-0.145949,372.279,0.000173208,-1.60748,-0.279609,-0.159843,-1.37979
-0.145949,372.279,0.000173585,-1.76336,-0.28157,-0.103953,-1.59082
-0.145949,372.279,0.000173962,-1.91227,-0.282323,-0.0398826,-1.80332
-0.145949,372.279,0.00017434,-2.05364,-0.281719,0.0320065,-2.0164
-0.145949,372.279,0.000174717,-2.18691,-0.279621,0.111212,-2.22902
-0.145949,372.279,0.000175094,-2.31154,-0.275902,0.197098,-2.44005
-0.145949,372.279,0.000175472,-2.42705,-0.270451,0.288902,-2.64828
-0.145949,372.279,0.000175849,-2.53298,-0.263173,0.385746,-2.85239
-0.145949,372.279,0.000176226,-2.62892,-0.253991,0.486645,-3.05101
-0.145949,372.279,0.000176604,-2.71448,-0.242849,0.590523,-3.2427
-0.145949,372.279,0.000176981,-2.78933,-0.229712,0.696224,-3.42599
-0.145949,372.279,0.000177358,-2.85317,-0.21457,0.80253,-3.59935
-0.145949,372.279,0.000177736,-2.90575,-0.197435,0.908175,-3.76129
-0.145949,372.279,0.000178113,-2.94686,-0.178343,1.01187,-3.9103
-0.145949,372.279,0.000178491,-2.97634,-0.157356,1.1123,-4.0449
-0.145949,372.279,0.000178868,-2.99408,-0.13456,1.20818,-4.16366
-0.145949,372.279,0.000179245,-3,-0.110066,1.29822,-4.26521
-0.145949,372.279,0.000179623,-2.99408,-0.0840054,1.3812,-4.34828
-0.145949,372.279,0.00018,-2.97634,-0.0565347,1.45594,-4.41168
-0.145949,372.279,0.000180377,-2.94686,-0.0278299,1.52136,-4.45435
-0.145949,372.279,0.000180755,-2.90575,0.00191414,1.57643,-4.47536
-0.145949,372.279,0.000181132,-2.85317,0.0324853,1.62027,-4.47391
-0.145949,372.279,0.000181509,-2.78933,0.0636569,1.6521,-4.44939
-0.145949,372.279,0.000181887,-2.71448,0.09519,1.67126,-4.40135
-0.145949,372.279,0.000182264,-2.62892,0.126836,1.67724,-4.32951
-0.145949,372.279,0.000182642,-2.53298,0.15834,1.66969,-4.23378
-0.145949,372.279,0.000183019,-2.42705,0.189441,1.64839,-4.11428
-0.145949,372.279,0.000183396,-2.31154,0.219881,1.6133,-3.97131
-0.145949,372.279,0.000183774,-2.18691,0.2494,1.56452,-3.80536
-0.145949,372.279,0.000184151,-2.05364,0.277746,1.50232,-3.61713
-0.145949,372.279,0.000184528,-1.91227,0.304673,1.42711,-3.40751
-0.145949,372.279,0.000184906,-1.76336,0.329946,1.33948,-3.17757
-0.145949,372.279,0.000185283,-1.60748,0.353345,1.24015,-2.92856
-0.145949,372.279,0.00018566,-1.44526,0.374665,1.12995,-2.66188
-0.145949,372.279,0.000186038,-1.27734,0.393719,1.00988,-2.37911
-0.145949,372.279,0.000186415,-1.10437,0.410342,0.881022,-2.08197
-0.145949,372.279,0.000186792,-0.927051,0.424391,0.744575,-1.77228
-0.145949,372.279,0.00018717,-0.74607,0.435746,0.601816,-1.45198
-0.145949,372.279,0.000187547,-0.562144,0.444313,0.454092,-1.12312
-0.145949,372.279,0.000187925,-0.376,0.450027,0.302804,-0.787786
-0.145949,372.279,0.000188302,-0.188372,0.452845,0.149388,-0.448143
-0.145949,372.279,0.000188679,6.98432e-015,0.452757,-0.00470215,-0.106373
-0.145949,372.279,0.000189057,0.188372,0.449775,-0.158012,0.23533
-0.145949,372.279,0.000189434,0.376,0.443943,-0.309105,0.574783
-0.145949,372.279,0.000189811,0.562144,0.435328,-0.456582,0.909834
-0.145949,372.279,0.000190189,0.74607,0.424025,-0.599093,1.23838
-0.145949,372.279,0.000190566,0.927051,0.41015,-0.735358,1.5584
-0.145949,372.279,0.000190943,1.10437,0.393845,-0.864179,1.86795
-0.145949,372.279,0.000191321,1.27734,0.37527,-0.984457,2.16519
-0.145949,372.279,0.000191698,1.44526,0.354606,-1.0952,2.44841
-0.145949,372.279,0.000192075,1.60748,0.332049,-1.19554,2.71604
-0.145949,372.279,0.000192453,1.76336,0.307808,-1.28473,2.96664
-0.145949,372.279,0.00019283,1.91227,0.282107,-1.36218,3.19895
-0.145949,372.279,0.000193208,2.05364,0.255174,-1.42742,3.41186
-0.145949,372.279,0.000193585,2.18691,0.227247,-1.48013,3.60445
-0.145949,372.279,0.000193962,2.31154,0.198565,-1.52015,3.77595
-0.145949,372.279,0.00019434,2.42705,0.169368,-1.54747,3.92581
-0.145949,372.279,0.000194717,2.53298,0.139892,-1.5622,4.05364
-0.145949,372.279,0.000195094,2.62892,0.110371,-1.56461,4.15922
-0.145949,372.279,0.000195472,2.71448,0.0810296,-1.55511,4.24252
-0.145949,372.279,0.000195849,2.78933,0.0520821,-1.53422,4.30367
-0.145949,372.279,0.000196226,2.85317,0.0237315,-1.50258,4.34298
-0.145949,372.279,0.000196604,2.90575,-0.00383385,-1.46096,4.36089
-0.145949,372.279,0.000196981,2.94686,-0.0304413,-1.41019,4.358
-0.145949,372.279,0.000197358,2.97634,-0.0559358,-1.35121,4.33502
-0.145949,372.279,0.000197736,2.99408,-0.0801812,-1.28501,4.29281
-0.145949,372.279,0.000198113,3,-0.103061,-1.21262,4.23229
-0.145949,372.279,0.000198491,2.99408,-0.124479,-1.13515,4.15451
-0.145949,372.279,0.000198868,2.97634,-0.14436,-1.05369,4.06056
-0.145949,372.279,0.000199245,2.94686,-0.162649,-0.969342,3.95161
-0.145949,372.279,0.000199623,2.90575,-0.179314,-0.883214,3.82886
-0.145949,372.279,0.0002,2.85317,-0.19434,-0.796376,3.69353
-0.145949,372.279,0.000200377,2.78933,-0.207733,-0.709859,3.54686
-0.145949,372.279,0.000200755,2.71448,-0.219519,-0.624642,3.39008
-0.145949,372.279,0.000201132,2.62892,-0.229738,-0.541638,3.2244
-0.145949,372.279,0.000201509,2.53298,-0.238449,-0.46168,3.05101
-0.145949,372.279,0.000201887,2.42705,-0.245723,-0.385514,2.87105
-0.145949,372.279,0.000202264,2.31154,-0.251644,-0.31379,2.6856
-0.145949,372.279,0.000202642,2.18691,-0.256305,-0.247051,2.49568
-0.145949,372.279,0.000203019,2.05364,-0.25981,-0.185735,2.30224
-0.145949,372.279,0.000203396,1.91227,-0.262265,-0.130162,2.10616
-0.145949,372.279,0.000203774,1.76336,-0.263785,-0.0805394,1.90822
-0.145949,372.279,0.000204151,1.60748,-0.264482,-0.0369589,1.70914
-0.145949,372.279,0.000204528,1.44526,-0.264471,0.000602137,1.50953
-0.145949,372.279,0.000204906,1.27734,-0.263862,0.032277,1.30993
-0.145949,372.279,0.000205283,1.10437,-0.262762,0.0583046,1.11079
-0.145949,372.279,0.00020566,0.927051,-0.261271,0.079023,0.912479
-0.145949,372.279,0.000206038,0.74607,-0.259481,0.0948617,0.715293
-0.145949,372.279,0.000206415,0.562144,-0.257475,0.106332,0.519459
-0.145949,372.279,0.000206792,0.376,-0.255324,0.114016,0.325138
-0.145949,372.279,0.00020717,0.188372,-0.253087,0.118557,0.132441
-0.145949,372.279,0.000207547,-6.61694e-015,-0.25081,0.120646,-0.0585681
-0.145949,372.279,0.000207925,-0.188372,-0.248527,0.121007,-0.247859
-0.145949,372.279,0.000208302,-0.376,-0.246256,0.120386,-0.435427
-0.145949,372.279,0.000208679,-0.562144,-0.244,0.119538,-0.62128
-0.145949,372.279,0.000209057,-0.74607,-0.241751,0.119211,-0.805431
-0.145949,372.279,0.000209434,-0.927051,-0.239484,0.120131,-0.987885
-0.145949,372.279,0.000209811,-1.10437,-0.237164,0.122996,-1.16863
-0.145949,372.279,0.000210189,-1.27734,-0.23474,0.128454,-1.34762
-0.145949,372.279,0.000210566,-1.44526,-0.232153,0.137099,-1.52478
-0.145949,372.279,0.000210943,-1.60748,-0.229333,0.149455,-1.69999
-0.145949,372.279,0.000211321,-1.76336,-0.226202,0.16597,-1.87307
-0.145949,372.279,0.000211698,-1.91227,-0.222674,0.187004,-2.04379
-0.145949,372.279,0.000212075,-2.05364,-0.218658,0.212824,-2.21185
-0.145949,372.279,0.000212453,-2.18691,-0.214062,0.2436,-2.37687
-0.145949,372.279,0.00021283,-2.31154,-0.20879,0.279395,-2.53843
-0.145949,372.279,0.000213208,-2.42705,-0.202749,0.320168,-2.69601
-0.145949,372.279,0.000213585,-2.53298,-0.195848,0.365772,-2.84902
-0.145949,372.279,0.000213962,-2.62892,-0.188,0.415952,-2.99683
-0.145949,372.279,0.00021434,-2.71448,-0.179125,0.470353,-3.13872
-0.145949,372.279,0.000214717,-2.78933,-0.169153,0.528517,-3.27391
-0.145949,372.279,0.000215094,-2.85317,-0.158023,0.589893,-3.40157
-0.145949,372.279,0.000215472,-2.90575,-0.145686,0.653846,-3.52084
-0.145949,372.279,0.000215849,-2.94686,-0.132108,0.71966,-3.63079
-0.145949,372.279,0.000216226,-2.97634,-0.117267,0.786551,-3.73049
-0.145949,372.279,0.000216604,-2.99408,-0.10116,0.853679,-3.819
-0.145949,372.279,0.000216981,-3,-0.0837988,0.920155,-3.89534
-0.145949,372.279,0.000217358,-2.99408,-0.0652127,0.985061,-3.95859
-0.145949,372.279,0.000217736,-2.97634,-0.0454494,1.04746,-4.0078
-0.145949,372.279,0.000218113,-2.94686,-0.0245741,1.10639,-4.04211
-0.145949,372.279,0.000218491,-2.90575,-0.00266976,1.16093,-4.06065
-0.145949,372.279,0.000218868,-2.85317,0.0201633,1.21015,-4.06267
-0.145949,372.279,0.000219245,-2.78933,0.0438081,1.25317,-4.04745
-0.145949,372.279,0.000219623,-2.71448,0.0681319,1.28916,-4.01439
-0.145949,372.279,0.00022,-2.62892,0.0929872,1.31733,-3.96297
-0.145949,372.279,0.000220377,-2.53298,0.118214,1.337,-3.89279
-0.145949,372.279,0.000220755,-2.42705,0.143639,1.34752,-3.80357
-0.145949,372.279,0.000221132,-2.31154,0.16908,1.34839,-3.69516
-0.145949,372.279,0.000221509,-2.18691,0.194347,1.33918,-3.56756
-0.145949,372.279,0.000221887,-2.05364,0.219245,1.31957,-3.42088
-0.145949,372.279,0.000222264,-1.91227,0.243572,1.28936,-3.25541
-0.145949,372.279,0.000222642,-1.76336,0.267129,1.24848,-3.07158
-0.145949,372.279,0.000223019,-1.60748,0.289713,1.19697,-2.86998
-0.145949,372.279,0.000223396,-1.44526,0.311128,1.135,-2.65132
-0.145949,372.279,0.000223774,-1.27734,0.331182,1.06286,-2.41651
-0.145949,372.279,0.000224151,-1.10437,0.349691,0.980955,-2.16656
-0.145949,372.279,0.000224528,-0.927051,0.36648,0.88982,-1.90264
-0.145949,372.279,0.000224906,-0.74607,0.381387,0.790095,-1.62606
-0.145949,372.279,0.000225283,-0.562144,0.394265,0.682525,-1.33822
-0.145949,372.279,0.00022566,-0.376,0.404981,0.567952,-1.04066
-0.145949,372.279,0.000226038,-0.188372,0.413421,0.447305,-0.735012
-0.145949,372.279,0.00207585,0.188372,0.344263,-0.0397815,0.143527
-0.145949,372.279,0.00207623,0.376,0.342153,-0.11179,0.403348
-0.145949,372.279,0.0020766,0.562144,0.338694,-0.183357,0.661577
-0.145949,372.279,0.00207698,0.74607,0.333898,-0.254201,0.917195
-0.145949,372.279,0.00207736,0.927051,0.327784,-0.324042,1.16919
-0.145949,372.279,0.00207774,1.10437,0.320376,-0.392603,1.41658
-0.145949,372.279,0.00207811,1.27734,0.311704,-0.459615,1.65837
-0.145949,372.279,0.00207849,1.44526,0.301802,-0.524813,1.89362
-0.145949,372.279,0.00207887,1.60748,0.290709,-0.58794,2.12139
-0.145949,372.279,0.00207925,1.76336,0.278468,-0.648746,2.3408
-0.145949,372.279,0.00207962,1.91227,0.265129,-0.706993,2.55096
-0.145949,372.279,0.00208,2.05364,0.250743,-0.762448,2.75106
-0.145949,372.279,0.00208038,2.18691,0.235367,-0.814895,2.9403
-0.145949,372.279,0.00208075,2.31154,0.219063,-0.864126,3.11793
-0.145949,372.279,0.00208113,2.42705,0.201894,-0.909946,3.28326
-0.145949,372.279,0.00208151,2.53298,0.183929,-0.952175,3.43564
-0.145949,372.279,0.00208189,2.62892,0.165237,-0.990647,3.57445
-0.145949,372.279,0.00208226,2.71448,0.145894,-1.02521,3.69916
-0.145949,372.279,0.00208264,2.78933,0.125975,-1.05572,3.80927
-0.145949,372.279,0.00208302,2.85317,0.105558,-1.08207,3.90434
-0.145949,372.279,0.0020834,2.90575,0.084725,-1.10415,3.98401
-0.145949,372.279,0.00208377,2.94686,0.0635576,-1.12187,4.04795
-0.145949,372.279,0.00208415,2.97634,0.0421394,-1.13517,4.09592
-0.145949,372.279,0.00208453,2.99408,0.0205548,-1.14398,4.12772
-0.145949,372.279,0.00208491,3,-0.0011108,-1.14828,4.14324
-0.145949,372.279,0.00208528,2.99408,-0.0227721,-1.14805,4.1424
-0.145949,372.279,0.00208566,2.97634,-0.0443434,-1.14328,4.12521
-0.145949,372.279,0.00208604,2.94686,-0.0657398,-1.13401,4.09175
-0.145949,372.279,0.00208642,2.90575,-0.0868767,-1.12026,4.04213
-0.145949,372.279,0.00208679,2.85317,-0.107671,-1.10208,3.97656
-0.145949,372.279,0.00208717,2.78933,-0.12804,-1.07956,3.8953
-0.145949,372.279,0.00208755,2.71448,-0.147904,-1.05278,3.79867
-0.145949,372.279,0.00208792,2.62892,-0.167184,-1.02185,3.68704
-0.145949,372.279,0.0020883,2.53298,-0.185804,-0.986876,3.56087
-0.145949,372.279,0.00208868,2.42705,-0.203691,-0.948012,3.42064
-0.145949,372.279,0.00208906,2.31154,-0.220774,-0.905407,3.26691
-0.145949,372.279,0.00208943,2.18691,-0.236986,-0.859228,3.10029
-0.145949,372.279,0.00208981,2.05364,-0.252263,-0.809659,2.92143
-0.145949,372.279,0.00209019,1.91227,-0.266544,-0.756894,2.73104
-0.145949,372.279,0.00209057,1.76336,-0.279773,-0.701142,2.52988
-0.145949,372.279,0.00209094,1.60748,-0.291898,-0.642624,2.31873
-0.145949,372.279,0.00209132,1.44526,-0.302871,-0.581569,2.09843
-0.145949,372.279,0.0020917,1.27734,-0.312648,-0.518219,1.86985
-0.145949,372.279,0.00209208,1.10437,-0.321192,-0.452823,1.63388
-0.145949,372.279,0.00209245,0.927051,-0.328469,-0.385641,1.39148
-0.145949,372.279,0.00209283,0.74607,-0.334449,-0.316937,1.14357
-0.145949,372.279,0.00209321,0.562144,-0.339109,-0.246982,0.89116
-0.145949,372.279,0.00209358,0.376,-0.34243,-0.176052,0.635229
-0.145949,372.279,0.00209396,0.188372,-0.344401,-0.104428,0.376791
-0.145949,372.279,0.00209434,-1.61725e-013,-0.345012,-0.0323908,0.116866
-0.145949,372.279,0.00209472,-0.188372,-0.344261,0.0397737,-0.14352
-0.145949,372.279,0.00209509,-0.376,-0.342152,0.111781,-0.40334
-0.145949,372.279,0.00209547,-0.562144,-0.338693,0.183348,-0.661568
-0.145949,372.279,0.00209585,-0.74607,-0.333897,0.254191,-0.917185
-0.145949,372.279,0.00209623,-0.927051,-0.327783,0.324031,-1.16918
-0.145949,372.279,0.0020966,-1.10437,-0.320376,0.392592,-1.41657
-0.145949,372.279,0.00209698,-1.27734,-0.311704,0.459604,-1.65836
-0.145949,372.279,0.00209736,-1.44526,-0.301802,0.524802,-1.89361
-0.145949,372.279,0.00209774,-1.60748,-0.290709,0.587929,-2.12138
-0.145949,372.279,0.00209811,-1.76336,-0.278469,0.648735,-2.34079
-0.145949,372.279,0.00209849,-1.91227,-0.265129,0.706982,-2.55095
-0.145949,372.279,0.00209887,-2.05364,-0.250744,0.762438,-2.75105
-0.145949,372.279,0.00209925,-2.18691,-0.235369,0.814886,-2.94029
-0.145949,372.279,0.00209962,-2.31154,-0.219064,0.864117,-3.11792
-0.145949,372.279,0.0021,-2.42705,-0.201896,0.909938,-3.28326
-0.145949,372.279,0.00210038,-2.53298,-0.18393,0.952169,-3.43563
-0.145949,372.279,0.00210075,-2.62892,-0.165239,0.990641,-3.57445
-0.145949,372.279,0.00210113,-2.71448,-0.145896,1.0252,-3.69915
-0.145949,372.279,0.00210151,-2.78933,-0.125976,1.05572,-3.80926
-0.145949,372.279,0.00210189,-2.85317,-0.10556,1.08207,-3.90434
-0.145949,372.279,0.00210226,-2.90575,-0.0847268,1.10415,-3.98401
-0.145949,372.279,0.00210264,-2.94686,-0.0635594,1.12187,-4.04795
-0.145949,372.279,0.00210302,-2.97634,-0.0421411,1.13517,-4.09592
-0.145949,372.279,0.0021034,-2.99408,-0.0205565,1.14398,-4.12773
-0.145949,372.279,0.00210377,-3,0.00110925,1.14828,-4.14324
-0.145949,372.279,0.00210415,-2.99408,0.0227706,1.14805,-4.1424
-0.145949,372.279,0.00210453,-2.97634,0.0443421,1.14329,-4.12522
-0.145949,372.279,0.00210491,-2.94686,0.0657386,1.13402,-4.09175
-0.145949,372.279,0.00210528,-2.90575,0.0868757,1.12027,-4.04214
-0.145949,372.279,0.00210566,-2.85317,0.10767,1.10209,-3.97657
-0.145949,372.279,0.00210604,-2.78933,0.128039,1.07957,-3.89531
-0.145949,372.279,0.00210642,-2.71448,0.147903,1.05279,-3.79868
-0.145949,372.279,0.00210679,-2.62892,0.167184,1.02186,-3.68705
-0.145949,372.279,0.00210717,-2.53298,0.185804,0.986887,-3.56088
-0.145949,372.279,0.00210755,-2.42705,0.203691,0.948023,-3.42065
-0.145949,372.279,0.00210792,-2.31154,0.220775,0.905417,-3.26692
-0.145949,372.279,0.0021083,-2.18691,0.236987,0.859238,-3.1003
-0.145949,372.279,0.00210868,-2.05364,0.252263,0.809669,-2.92144
-0.145949,372.279,0.00210906,-1.91227,0.266545,0.756903,-2.73105
-0.145949,372.279,0.00210943,-1.76336,0.279774,0.701151,-2.52989
-0.145949,372.279,0.00210981,-1.60748,0.291899,0.642631,-2.31874
-0.145949,372.279,0.00211019,-1.44526,0.302872,0.581575,-2.09843
-0.145949,372.279,0.00211057,-1.27734,0.31265,0.518224,-1.86985
-0.145949,372.279,0.00211094,-1.10437,0.321194,0.452828,-1.63389
-0.145949,372.279,0.00211132,-0.927051,0.32847,0.385644,-1.39148
-0.145949,372.279,0.0021117,-0.74607,0.33445,0.316939,-1.14358
-0.145949,372.279,0.00211208,-0.562144,0.33911,0.246983,-0.891162
-0.145949,372.279,0.00211245,-0.376,0.342432,0.176052,-0.635229
-0.145949,372.279,0.00211283,-0.188372,0.344402,0.104426,-0.37679
-0.145949,372.279,0.00211321,-4.11468e-014,0.345013,0.0323878,-0.116864
-0.145949,372.279,0.00211358,0.188372,0.344263,-0.0397779,0.143524
-0.145949,372.279,0.00211396,0.376,0.342154,-0.111787,0.403345
-0.145949,372.279,0.00211434,0.562144,0.338694,-0.183354,0.661574
-0.145949,372.279,0.00211472,0.74607,0.333898,-0.254198,0.917192
-0.145949,372.279,0.00211509,0.927051,0.327784,-0.324039,1.16919
-0.145949,372.279,0.00211547,1.10437,0.320376,-0.392601,1.41657
-0.145949,372.279,0.00211585,1.27734,0.311704,-0.459613,1.65837
-0.145949,372.279,0.00211623,1.44526,0.301802,-0.524811,1.89362
-0.145949,372.279,0.0021166,1.60748,0.290709,-0.587939,2.12139
-0.145949,372.279,0.00211698,1.76336,0.278469,-0.648745,2.3408
-0.145949,372.279,0.00211736,1.91227,0.265129,-0.706992,2.55096
-0.145949,372.279,0.00211774,2.05364,0.250743,-0.762448,2.75106
-0.145949,372.279,0.00211811,2.18691,0.235368,-0.814895,2.9403
-0.145949,372.279,0.00211849,2.31154,0.219064,-0.864126,3.11793
-0.145949,372.279,0.00211887,2.42705,0.201895,-0.909947,3.28327
-0.145949,372.279,0.00211925,2.53298,0.183929,-0.952177,3.43564
-0.145949,372.279,0.00211962,2.62892,0.165238,-0.990648,3.57445
-0.145949,372.279,0.00212,2.71448,0.145894,-1.02521,3.69916
-0.145949,372.279,0.00212038,2.78933,0.125975,-1.05573,3.80927
-0.145949,372.279,0.00212075,2.85317,0.105558,-1.08208,3.90435
-0.145949,372.279,0.00212113,2.90575,0.0847253,-1.10415,3.98401
-0.145949,372.279,0.00212151,2.94686,0.0635578,-1.12188,4.04796
-0.145949,372.279,0.00212189,2.97634,0.0421395,-1.13517,4.09592
-0.145949,372.279,0.00212226,2.99408,0.0205549,-1.14398,4.12773
-0.145949,372.279,0.00212264,3,-0.00111079,-1.14828,4.14324
-0.145949,372.279,0.00212302,2.99408,-0.0227721,-1.14805,4.1424
-0.145949,372.279,0.0021234,2.97634,-0.0443435,-1.14329,4.12522
-0.145949,372.279,0.00212377,2.94686,-0.06574,-1.13401,4.09175
-0.145949,372.279,0.00212415,2.90575,-0.086877,-1.12026,4.04213
-0.145949,372.279,0.00212453,2.85317,-0.107671,-1.10209,3.97657
-0.145949,372.279,0.00212491,2.78933,-0.12804,-1.07957,3.89531
-0.145949,372.279,0.00212528,2.71448,-0.147904,-1.05278,3.79867
-0.145949,372.279,0.00212566,2.62892,-0.167184,-1.02185,3.68705
-0.145949,372.279,0.00212604,2.53298,-0.185805,-0.986878,3.56087
-0.145949,372.279,0.00212642,2.42705,-0.203692,-0.948013,3.42064
-0.145949,372.279,0.00212679,2.31154,-0.220775,-0.905408,3.26691
-0.145949,372.279,0.00212717,2.18691,-0.236987,-0.859229,3.10029
-0.145949,372.279,0.00212755,2.05364,-0.252263,-0.809659,2.92143
-0.145949,372.279,0.00212792,1.91227,-0.266544,-0.756894,2.73104
-0.145949,372.279,0.0021283,1.76336,-0.279773,-0.701142,2.52988
-0.145949,372.279,0.00212868,1.60748,-0.291898,-0.642623,2.31873
-0.145949,372.279,0.00212906,1.44526,-0.302871,-0.581567,2.09843
-0.145949,372.279,0.00212943,1.27734,-0.312649,-0.518217,1.86984
-0.145949,372.279,0.00212981,1.10437,-0.321193,-0.452822,1.63388
-0.145949,372.279,0.00213019,0.927051,-0.328469,-0.385639,1.39147
-0.145949,372.279,0.00213057,0.74607,-0.334449,-0.316934,1.14357
-0.145949,372.279,0.00213094,0.562144,-0.339109,-0.246979,0.891158
-0.145949,372.279,0.00213132,0.376,-0.34243,-0.176049,0.635227
-0.145949,372.279,0.0021317,0.188372,-0.344401,-0.104425,0.376788
-0.145949,372.279,0.00213208,-9.70417e-014,-0.345012,-0.0323877,0.116863
-0.145949,372.279,0.00213245,-0.188372,-0.344261,0.039777,-0.143523
-0.145949,372.279,0.00213283,-0.376,-0.342152,0.111785,-0.403343
-0.145949,372.279,0.00213321,-0.562144,-0.338693,0.183351,-0.661571
-0.145949,372.279,0.00213358,-0.74607,-0.333897,0.254194,-0.917188
-0.145949,372.279,0.00213396,-0.927051,-0.327783,0.324034,-1.16919
-0.145949,372.279,0.00213434,-1.10437,-0.320375,0.392595,-1.41657
-0.145949,372.279,0.00213472,-1.27734,-0.311704,0.459606,-1.65836
-0.145949,372.279,0.00213509,-1.44526,-0.301802,0.524804,-1.89361
-0.145949,372.279,0.00213547,-1.60748,-0.290709,0.587931,-2.12138
-0.145949,372.279,0.00213585,-1.76336,-0.278468,0.648737,-2.34079
-0.145949,372.279,0.00213623,-1.91227,-0.265129,0.706983,-2.55095
-0.145949,372.279,0.0021366,-2.05364,-0.250743,0.762439,-2.75105
-0.145949,372.279,0.00213698,-2.18691,-0.235368,0.814886,-2.94029
-0.145949,372.279,0.00213736,-2.31154,-0.219064,0.864117,-3.11793
-0.145949,372.279,0.00213774,-2.42705,-0.201895,0.909938,-3.28326
-0.145949,372.279,0.00213811,-2.53298,-0.18393,0.952168,-3.43563
-0.145949,372.279,0.00213849,-2.62892,-0.165239,0.99064,-3.57445
-0.145949,372.279,0.00213887,-2.71448,-0.145895,1.0252,-3.69915
-0.145949,372.279,0.00213925,-2.78933,-0.125976,1.05572,-3.80926
-0.145949,372.279,0.00213962,-2.85317,-0.105559,1.08207,-3.90434
-0.145949,372.279,0.00214,-2.90575,-0.0847264,1.10415,-3.98401
-0.145949,372.279,0.00214038,-2.94686,-0.0635591,1.12187,-4.04795
-0.145949,372.279,0.00214075,-2.97634,-0.0421408,1.13517,-4.09592
-0.145949,372.279,0.00214113,-2.99408,-0.0205563,1.14398,-4.12772
-0.145949,372.279,0.00214151,-3,0.00110941,1.14828,-4.14324
-0.145949,372.279,0.00214189,-2.99408,0.0227707,1.14805,-4.1424
-0.145949,372.279,0.00214226,-2.97634,0.0443422,1.14329,-4.12522
-0.145949,372.279,0.00214264,-2.94686,0.0657386,1.13401,-4.09175
-0.145949,372.279,0.00214302,-2.90575,0.0868757,1.12026,-4.04214
-0.145949,372.279,0.0021434,-2.85317,0.10767,1.10209,-3.97657
-0.145949,372.279,0.00214377,-2.78933,0.128039,1.07957,-3.89531
-0.145949,372.279,0.00214415,-2.71448,0.147903,1.05279,-3.79868
-0.145949,372.279,0.00214453,-2.62892,0.167183,1.02185,-3.68705
-0.145949,372.279,0.00214491,-2.53298,0.185804,0.986884,-3.56088
-0.145949,372.279,0.00214528,-2.42705,0.203691,0.948021,-3.42065
-0.145949,372.279,0.00214566,-2.31154,0.220774,0.905415,-3.26692
-0.145949,372.279,0.00214604,-2.18691,0.236986,0.859237,-3.1003
-0.145949,372.279,0.00214642,-2.05364,0.252263,0.809667,-2.92144
-0.145949,372.279,0.00214679,-1.91227,0.266544,0.756903,-2.73105
-0.145949,372.279,0.00214717,-1.76336,0.279773,0.70115,-2.52988
-0.145949,372.279,0.00214755,-1.60748,0.291899,0.642631,-2.31874
-0.145949,372.279,0.00214792,-1.44526,0.302872,0.581576,-2.09843
-0.145949,372.279,0.0021483,-1.27734,0.31265,0.518225,-1.86985
-0.145949,372.279,0.00214868,-1.10437,0.321193,0.452829,-1.63389
-0.145949,372.279,0.00214906,-0.927051,0.32847,0.385646,-1.39148
-0.145949,372.279,0.00214943,-0.74607,0.33445,0.31694,-1.14358
-0.145949,372.279,0.00214981,-0.562144,0.33911,0.246984,-0.891163
-0.145949,372.279,0.00215019,-0.376,0.342432,0.176054,-0.635231
-0.145949,372.279,0.00215057,-0.188372,0.344402,0.104428,-0.376792
-0.145949,372.279,0.00215094,6.46999e-014,0.345013,0.0323903,-0.116866
-0.145949,372.279,0.00215132,0.188372,0.344263,-0.0397753,0.143521
-0.145949,372.279,0.0021517,0.376,0.342154,-0.111784,0.403342
-0.145949,372.279,0.00215208,0.562144,0.338694,-0.183351,0.661571
-0.145949,372.279,0.00215245,0.74607,0.333898,-0.254195,0.917189
-0.145949,372.279,0.00215283,0.927051,0.327784,-0.324036,1.16919
-0.145949,372.279,0.00215321,1.10437,0.320377,-0.392598,1.41657
-0.145949,372.279,0.00215358,1.27734,0.311705,-0.45961,1.65837
-0.145949,372.279,0.00215396,1.44526,0.301803,-0.524809,1.89361
-0.145949,372.279,0.00215434,1.60748,0.290709,-0.587936,2.12139
-0.145949,372.279,0.00215472,1.76336,0.278469,-0.648743,2.34079
-0.145949,372.279,0.00215509,1.91227,0.26513,-0.70699,2.55096
-0.145949,372.279,0.00215547,2.05364,0.250744,-0.762446,2.75106
-0.145949,372.279,0.00215585,2.18691,0.235368,-0.814894,2.9403
-0.145949,372.279,0.00215623,2.31154,0.219064,-0.864125,3.11793
-0.145949,372.279,0.0021566,2.42705,0.201895,-0.909946,3.28326
-0.145949,372.279,0.00215698,2.53298,0.18393,-0.952176,3.43564
-0.145949,372.279,0.00215736,2.62892,0.165238,-0.990648,3.57445
-0.145949,372.279,0.00215774,2.71448,0.145895,-1.02521,3.69916
-0.145949,372.279,0.00215811,2.78933,0.125975,-1.05573,3.80927
-0.145949,372.279,0.00215849,2.85317,0.105559,-1.08208,3.90435
-0.145949,372.279,0.00215887,2.90575,0.0847257,-1.10416,3.98401
-0.145949,372.279,0.00215925,2.94686,0.0635582,-1.12188,4.04796
-0.145949,372.279,0.00215962,2.97634,0.0421399,-1.13517,4.09593
-0.145949,372.279,0.00216,2.99408,0.0205552,-1.14399,4.12773
-0.145949,372.279,0.00216038,3,-0.00111053,-1.14828,4.14324
-0.145949,372.279,0.00216075,2.99408,-0.0227719,-1.14805,4.1424
-0.145949,372.279,0.00216113,2.97634,-0.0443434,-1.14329,4.12522
-0.145949,372.279,0.00216151,2.94686,-0.0657399,-1.13401,4.09175
-0.145949,372.279,0.00216189,2.90575,-0.0868769,-1.12026,4.04214
-0.145949,372.279,0.00216226,2.85317,-0.107671,-1.10209,3.97657
-0.145949,372.279,0.00216264,2.78933,-0.12804,-1.07957,3.89531
-0.145949,372.279,0.00216302,2.71448,-0.147904,-1.05279,3.79867
-0.145949,372.279,0.0021634,2.62892,-0.167184,-1.02185,3.68705
-0.145949,372.279,0.00216377,2.53298,-0.185805,-0.98688,3.56087
-0.145949,372.279,0.00216415,2.42705,-0.203692,-0.948016,3.42064
-0.145949,372.279,0.00216453,2.31154,-0.220775,-0.90541,3.26691
-0.145949,372.279,0.00216491,2.18691,-0.236987,-0.859231,3.10029
-0.145949,372.279,0.00216528,2.05364,-0.252264,-0.809661,2.92143
-0.145949,372.279,0.00216566,1.91227,-0.266545,-0.756895,2.73104
-0.145949,372.279,0.00216604,1.76336,-0.279774,-0.701143,2.52988
-0.145949,372.279,0.00216642,1.60748,-0.291899,-0.642624,2.31873
-0.145949,372.279,0.00216679,1.44526,-0.302872,-0.581568,2.09843
-0.145949,372.279,0.00216717,1.27734,-0.312649,-0.518217,1.86984
-0.145949,372.279,0.00216755,1.10437,-0.321193,-0.452821,1.63388
-0.145949,372.279,0.00216792,0.927051,-0.328469,-0.385639,1.39147
-0.145949,372.279,0.0021683,0.74607,-0.334449,-0.316934,1.14357
-0.145949,372.279,0.00216868,0.562144,-0.339109,-0.246978,0.891157
-0.145949,372.279,0.00216906,0.376,-0.342431,-0.176048,0.635225
-0.145949,372.279,0.00216943,0.188372,-0.344401,-0.104423,0.376787
-0.145949,372.279,0.00216981,-3.23581e-014,-0.345012,-0.032386,0.116862
-0.145949,372.279,0.00217019,-0.188372,-0.344262,0.0397789,-0.143525
-0.145949,372.279,0.00217057,-0.376,-0.342152,0.111787,-0.403345
-0.145949,372.279,0.00217094,-0.562144,-0.338693,0.183353,-0.661573
-0.145949,372.279,0.00217132,-0.74607,-0.333897,0.254196,-0.91719
-0.145949,372.279,0.0021717,-0.927051,-0.327783,0.324036,-1.16919
-0.145949,372.279,0.00217208,-1.10437,-0.320375,0.392597,-1.41657
-0.145949,372.279,0.00217245,-1.27734,-0.311704,0.459609,-1.65836
-0.145949,372.279,0.00217283,-1.44526,-0.301802,0.524807,-1.89361
-0.145949,372.279,0.00217321,-1.60748,-0.290708,0.587933,-2.12139
-0.145949,372.279,0.00217358,-1.76336,-0.278468,0.648739,-2.34079
-0.145949,372.279,0.00217396,-1.91227,-0.265129,0.706985,-2.55095
-0.145949,372.279,0.00217434,-2.05364,-0.250743,0.762441,-2.75105
-0.145949,372.279,0.00217472,-2.18691,-0.235368,0.814888,-2.94029
-0.145949,372.279,0.00217509,-2.31154,-0.219064,0.864119,-3.11793
-0.145949,372.279,0.00217547,-2.42705,-0.201895,0.90994,-3.28326
-0.145949,372.279,0.00217585,-2.53298,-0.18393,0.952169,-3.43563
-0.145949,372.279,0.00217623,-2.62892,-0.165238,0.990641,-3.57445
-0.145949,372.279,0.0021766,-2.71448,-0.145895,1.0252,-3.69915
-0.145949,372.279,0.00217698,-2.78933,-0.125975,1.05572,-3.80926
-0.145949,372.279,0.00217736,-2.85317,-0.105559,1.08207,-3.90434
-0.145949,372.279,0.00217774,-2.90575,-0.0847261,1.10415,-3.98401
-0.145949,372.279,0.00217811,-2.94686,-0.0635587,1.12187,-4.04795
-0.145949,372.279,0.00217849,-2.97634,-0.0421405,1.13517,-4.09592
-0.145949,372.279,0.00217887,-2.99408,-0.0205559,1.14398,-4.12772
-0.145949,372.279,0.00217925,-3,0.00110972,1.14828,-4.14324
-0.145949,372.279,0.00217962,-2.99408,0.022771,1.14805,-4.1424
-0.145949,372.279,0.00218,-2.97634,0.0443424,1.14329,-4.12521
-0.145949,372.279,0.00218038,-2.94686,0.0657388,1.13401,-4.09175
-0.145949,372.279,0.00218075,-2.90575,0.0868758,1.12026,-4.04213
-0.145949,372.279,0.00218113,-2.85317,0.10767,1.10209,-3.97657
-0.145949,372.279,0.00218151,-2.78933,0.128039,1.07957,-3.89531
-0.145949,372.279,0.00218189,-2.71448,0.147903,1.05279,-3.79867
-0.145949,372.279,0.00218226,-2.62892,0.167183,1.02185,-3.68705
-0.145949,372.279,0.00218264,-2.53298,0.185804,0.986882,-3.56087
-0.145949,372.279,0.00218302,-2.42705,0.203691,0.948018,-3.42064
-0.145949,372.279,0.0021834,-2.31154,0.220774,0.905413,-3.26691
-0.145949,372.279,0.00218377,-2.18691,0.236986,0.859235,-3.10029
-0.145949,372.279,0.00218415,-2.05364,0.252263,0.809665,-2.92144
-0.145949,372.279,0.00218453,-1.91227,0.266544,0.756901,-2.73105
-0.145949,372.279,0.00218491,-1.76336,0.279773,0.701149,-2.52988
-0.145949,372.279,0.00218528,-1.60748,0.291898,0.64263,-2.31873
-0.145949,372.279,0.00218566,-1.44526,0.302871,0.581574,-2.09843
-0.145949,372.279,0.00218604,-1.27734,0.312649,0.518224,-1.86985
-0.145949,372.279,0.00218642,-1.10437,0.321193,0.452828,-1.63389
-0.145949,372.279,0.00218679,-0.927051,0.328469,0.385645,-1.39148
-0.145949,372.279,0.00218717,-0.74607,0.334449,0.31694,-1.14358
-0.145949,372.279,0.00218755,-0.562144,0.33911,0.246985,-0.891163
-0.145949,372.279,0.00218792,-0.376,0.342431,0.176054,-0.635232
-0.145949,372.279,0.0021883,-0.188372,0.344402,0.104429,-0.376793
-0.145949,372.279,0.00218868,1.6263e-017,0.345013,0.0323913,-0.116867
-0.145949,372.279,0.00218906,0.188372,0.344262,-0.0397741,0.14352
-0.145949,372.279,0.00218943,0.376,0.342153,-0.111783,0.40334
-0.145949,372.279,0.00218981,0.562144,0.338694,-0.18335,0.661569
-0.145949,372.279,0.00219019,0.74607,0.333898,-0.254194,0.917187
-0.145949,372.279,0.00219057,0.927051,0.327784,-0.324034,1.16919
-0.145949,372.279,0.00219094,1.10437,0.320376,-0.392596,1.41657
-0.145949,372.279,0.00219132,1.27734,0.311705,-0.459608,1.65836
-0.145949,372.279,0.0021917,1.44526,0.301803,-0.524807,1.89361
-0.145949,372.279,0.00219208,1.60748,0.290709,-0.587934,2.12139
-0.145949,372.279,0.00219245,1.76336,0.278469,-0.648741,2.34079
-0.145949,372.279,0.00219283,1.91227,0.26513,-0.706988,2.55096
-0.145949,372.279,0.00219321,2.05364,0.250744,-0.762444,2.75105
-0.145949,372.279,0.00219358,2.18691,0.235369,-0.814892,2.94029
-0.145949,372.279,0.00219396,2.31154,0.219064,-0.864123,3.11793
-0.145949,372.279,0.00219434,2.42705,0.201896,-0.909945,3.28326
-0.145949,372.279,0.00219472,2.53298,0.18393,-0.952175,3.43564
-0.145949,372.279,0.00219509,2.62892,0.165239,-0.990647,3.57445
-0.145949,372.279,0.00219547,2.71448,0.145895,-1.02521,3.69916
-0.145949,372.279,0.00219585,2.78933,0.125976,-1.05573,3.80927
-0.145949,372.279,0.00219623,2.85317,0.105559,-1.08208,3.90435
-0.145949,372.279,0.0021966,2.90575,0.084726,-1.10416,3.98401
-0.145949,372.279,0.00219698,2.94686,0.0635585,-1.12188,4.04796
-0.145949,372.279,0.00219736,2.97634,0.0421402,-1.13517,4.09593
-0.145949,372.279,0.00219774,2.99408,0.0205556,-1.14399,4.12773
-0.145949,372.279,0.00219811,3,-0.00111021,-1.14829,4.14324
-0.145949,372.279,0.00219849,2.99408,-0.0227716,-1.14805,4.14241
-0.145949,372.279,0.00219887,2.97634,-0.0443431,-1.14329,4.12522
-0.145949,372.279,0.00219925,2.94686,-0.0657396,-1.13401,4.09175
-0.145949,372.279,0.00219962,2.90575,-0.0868766,-1.12026,4.04214
-0.145949,372.279,0.0022,2.85317,-0.107671,-1.10209,3.97657
-0.145949,372.279,0.00220038,2.78933,-0.12804,-1.07957,3.89531
-0.145949,372.279,0.00220075,2.71448,-0.147904,-1.05279,3.79868
-0.145949,372.279,0.00220113,2.62892,-0.167184,-1.02185,3.68705
-0.145949,372.279,0.00220151,2.53298,-0.185805,-0.986882,3.56087
-0.145949,372.279,0.00220189,2.42705,-0.203692,-0.948018,3.42064
-0.145949,372.279,0.00220226,2.31154,-0.220775,-0.905412,3.26691
-0.145949,372.279,0.00220264,2.18691,-0.236987,-0.859233,3.10029
-0.145949,372.279,0.00220302,2.05364,-0.252264,-0.809663,2.92143
-0.145949,372.279,0.0022034,1.91227,-0.266545,-0.756897,2.73105
-0.145949,372.279,0.00220377,1.76336,-0.279774,-0.701145,2.52988
-0.145949,372.279,0.00220415,1.60748,-0.291899,-0.642625,2.31873
-0.145949,372.279,0.00220453,1.44526,-0.302872,-0.58157,2.09843
-0.145949,372.279,0.00220491,1.27734,-0.31265,-0.518219,1.86985
-0.145949,372.279,0.00220528,1.10437,-0.321193,-0.452823,1.63388
-0.145949,372.279,0.00220566,0.927051,-0.32847,-0.38564,1.39147
-0.145949,372.279,0.00220604,0.74607,-0.33445,-0.316934,1.14357
-0.145949,372.279,0.00220642,0.562144,-0.33911,-0.246979,0.891157
-0.145949,372.279,0.00220679,0.376,-0.342431,-0.176048,0.635226
-0.145949,372.279,0.00220717,0.188372,-0.344401,-0.104423,0.376787
-0.145949,372.279,0.00220755,-1.38205e-013,-0.345012,-0.0323857,0.116862
-0.145949,372.279,0.00220792,-0.188372,-0.344262,0.0397794,-0.143525
-0.145949,372.279,0.0022083,-0.376,-0.342153,0.111787,-0.403346
-0.145949,372.279,0.00220868,-0.562144,-0.338693,0.183354,-0.661574
-0.145949,372.279,0.00220906,-0.74607,-0.333897,0.254198,-0.917192
-0.145949,372.279,0.00220943,-0.927051,-0.327783,0.324038,-1.16919
-0.145949,372.279,0.00220981,-1.10437,-0.320376,0.392599,-1.41657
-0.145949,372.279,0.00221019,-1.27734,-0.311704,0.45961,-1.65837
-0.145949,372.279,0.00221057,-1.44526,-0.301802,0.524808,-1.89361
-0.145949,372.279,0.00221094,-1.60748,-0.290709,0.587935,-2.12139
-0.145949,372.279,0.00221132,-1.76336,-0.278468,0.648741,-2.34079
-0.145949,372.279,0.0022117,-1.91227,-0.265129,0.706987,-2.55096
-0.145949,372.279,0.00221208,-2.05364,-0.250743,0.762443,-2.75105
-0.145949,372.279,0.00221245,-2.18691,-0.235368,0.81489,-2.94029
-0.145949,372.279,0.00221283,-2.31154,-0.219064,0.864121,-3.11793
-0.145949,372.279,0.00221321,-2.42705,-0.201895,0.909942,-3.28326
-0.145949,372.279,0.00221358,-2.53298,-0.183929,0.952171,-3.43563
-0.145949,372.279,0.00221396,-2.62892,-0.165238,0.990643,-3.57445
-0.145949,372.279,0.00221434,-2.71448,-0.145895,1.0252,-3.69916
-0.145949,372.279,0.00221472,-2.78933,-0.125975,1.05572,-3.80927
-0.145949,372.279,0.00221509,-2.85317,-0.105559,1.08207,-3.90434
-0.145949,372.279,0.00221547,-2.90575,-0.0847258,1.10415,-3.98401
-0.145949,372.279,0.00221585,-2.94686,-0.0635584,1.12187,-4.04795
-0.145949,372.279,0.00221623,-2.97634,-0.0421402,1.13517,-4.09592
-0.145949,372.279,0.0022166,-2.99408,-0.0205556,1.14398,-4.12772
-0.145949,372.279,0.00221698,-3,0.00111002,1.14828,-4.14324
-0.145949,372.279,0.00221736,-2.99408,0.0227713,1.14805,-4.1424
-0.145949,372.279,0.00221774,-2.97634,0.0443427,1.14328,-4.12521
-0.145949,372.279,0.00221811,-2.94686,0.0657391,1.13401,-4.09175
-0.145949,372.279,0.00221849,-2.90575,0.0868761,1.12026,-4.04213
-0.145949,372.279,0.00221887,-2.85317,0.10767,1.10209,-3.97657
-0.145949,372.279,0.00221925,-2.78933,0.128039,1.07957,-3.89531
-0.145949,372.279,0.00221962,-2.71448,0.147903,1.05279,-3.79867
-0.145949,372.279,0.00222,-2.62892,0.167183,1.02185,-3.68705
-0.145949,372.279,0.00222038,-2.53298,0.185804,0.98688,-3.56087
-0.145949,372.279,0.00222075,-2.42705,0.203691,0.948017,-3.42064
-0.145949,372.279,0.00222113,-2.31154,0.220774,0.905411,-3.26691
-0.145949,372.279,0.00222151,-2.18691,0.236986,0.859233,-3.10029
-0.145949,372.279,0.00222189,-2.05364,0.252263,0.809664,-2.92143
-0.145949,372.279,0.00222226,-1.91227,0.266544,0.756899,-2.73105
-0.145949,372.279,0.00222264,-1.76336,0.279773,0.701147,-2.52988
-0.145949,372.279,0.00222302,-1.60748,0.291898,0.642628,-2.31873
-0.145949,372.279,0.0022234,-1.44526,0.302871,0.581573,-2.09843
-0.145949,372.279,0.00222377,-1.27734,0.312649,0.518222,-1.86985
-0.145949,372.279,0.00222415,-1.10437,0.321193,0.452827,-1.63389
-0.145949,372.279,0.00222453,-0.927051,0.328469,0.385644,-1.39148
-0.145949,372.279,0.00222491,-0.74607,0.334449,0.316939,-1.14358
-0.145949,372.279,0.00222528,-0.562144,0.339109,0.246984,-0.891162
-0.145949,372.279,0.00222566,-0.376,0.342431,0.176053,-0.635231
-0.145949,372.279,0.00222604,-0.188372,0.344401,0.104428,-0.376792
-0.145949,372.279,0.00222642,-6.46673e-014,0.345013,0.0323909,-0.116867
-0.145949,372.279,0.00222679,0.188372,0.344262,-0.0397742,0.14352
-0.145949,372.279,0.00222717,0.376,0.342153,-0.111782,0.40334
-0.145949,372.279,0.00222755,0.562144,0.338694,-0.183349,0.661569
-0.145949,372.279,0.00222792,0.74607,0.333897,-0.254193,0.917187
-0.145949,372.279,0.0022283,0.927051,0.327784,-0.324033,1.16918
-0.145949,372.279,0.00222868,1.10437,0.320376,-0.392595,1.41657
-0.145949,372.279,0.00222906,1.27734,0.311704,-0.459607,1.65836
-0.145949,372.279,0.00222943,1.44526,0.301802,-0.524805,1.89361
-0.145949,372.279,0.00222981,1.60748,0.290709,-0.587933,2.12139
-0.145949,372.279,0.00223019,1.76336,0.278469,-0.648739,2.34079
-0.145949,372.279,0.00223057,1.91227,0.26513,-0.706986,2.55095
-0.145949,372.279,0.00223094,2.05364,0.250744,-0.762443,2.75105
-0.145949,372.279,0.00223132,2.18691,0.235369,-0.81489,2.94029
-0.145949,372.279,0.0022317,2.31154,0.219064,-0.864122,3.11793
-0.145949,372.279,0.00223208,2.42705,0.201896,-0.909943,3.28326
-0.145949,372.279,0.00223245,2.53298,0.18393,-0.952173,3.43564
-0.145949,372.279,0.00223283,2.62892,0.165239,-0.990645,3.57445
-0.145949,372.279,0.00223321,2.71448,0.145895,-1.02521,3.69916
-0.145949,372.279,0.00223358,2.78933,0.125976,-1.05572,3.80927
-0.145949,372.279,0.00223396,2.85317,0.105559,-1.08207,3.90434
-0.145949,372.279,0.00223434,2.90575,0.0847262,-1.10415,3.98401
-0.145949,372.279,0.00223472,2.94686,0.0635587,-1.12188,4.04796
-0.145949,372.279,0.00223509,2.97634,0.0421404,-1.13517,4.09592
-0.145949,372.279,0.00223547,2.99408,0.0205558,-1.14399,4.12773
-0.145949,372.279,0.00223585,3,-0.00110995,-1.14828,4.14324
-0.145949,372.279,0.00223623,2.99408,-0.0227713,-1.14805,4.14241
-0.145949,372.279,0.0022366,2.97634,-0.0443428,-1.14329,4.12522
-0.145949,372.279,0.00223698,2.94686,-0.0657393,-1.13401,4.09175
-0.145949,372.279,0.00223736,2.90575,-0.0868764,-1.12026,4.04214
-0.145949,372.279,0.00223774,2.85317,-0.107671,-1.10209,3.97657
-0.145949,372.279,0.00223811,2.78933,-0.12804,-1.07957,3.89531
-0.145949,372.279,0.00223849,2.71448,-0.147904,-1.05279,3.79868
-0.145949,372.279,0.00223887,2.62892,-0.167184,-1.02185,3.68705
-0.145949,372.279,0.00223925,2.53298,-0.185804,-0.986883,3.56087
-0.145949,372.279,0.00223962,2.42705,-0.203692,-0.948019,3.42064
-0.145949,372.279,0.00224,2.31154,-0.220775,-0.905413,3.26692
-0.145949,372.279,0.00224038,2.18691,-0.236987,-0.859234,3.10029
-0.145949,372.279,0.00224075,2.05364,-0.252264,-0.809664,2.92143
-0.145949,372.279,0.00224113,1.91227,-0.266545,-0.756899,2.73105
-0.145949,372.279,0.00224151,1.76336,-0.279774,-0.701147,2.52988
-0.145949,372.279,0.00224189,1.60748,-0.291899,-0.642627,2.31873
-0.145949,372.279,0.00224226,1.44526,-0.302872,-0.581571,2.09843
-0.145949,372.279,0.00224264,1.27734,-0.31265,-0.51822,1.86985
-0.145949,372.279,0.00224302,1.10437,-0.321194,-0.452824,1.63389
-0.145949,372.279,0.0022434,0.927051,-0.32847,-0.385641,1.39148
-0.145949,372.279,0.00224377,0.74607,-0.33445,-0.316936,1.14357
-0.145949,372.279,0.00224415,0.562144,-0.33911,-0.24698,0.891159
-0.145949,372.279,0.00224453,0.376,-0.342431,-0.176049,0.635227
-0.145949,372.279,0.00224491,0.188372,-0.344402,-0.104424,0.376788
-0.145949,372.279,0.00224528,-7.35211e-014,-0.345013,-0.0323865,0.116862
-0.145949,372.279,0.00224566,-0.188372,-0.344262,0.0397788,-0.143525
-0.145949,372.279,0.00224604,-0.376,-0.342153,0.111787,-0.403345
-0.145949,372.279,0.00224642,-0.562144,-0.338693,0.183354,-0.661574
-0.145949,372.279,0.00224679,-0.74607,-0.333897,0.254198,-0.917191
-0.145949,372.279,0.00224717,-0.927051,-0.327783,0.324038,-1.16919
-0.145949,372.279,0.00224755,-1.10437,-0.320376,0.392599,-1.41657
-0.145949,372.279,0.00224792,-1.27734,-0.311704,0.459611,-1.65837
-0.145949,372.279,0.0022483,-1.44526,-0.301802,0.524809,-1.89361
-0.145949,372.279,0.00224868,-1.60748,-0.290709,0.587936,-2.12139
-0.145949,372.279,0.00224906,-1.76336,-0.278468,0.648742,-2.34079
-0.145949,372.279,0.00224943,-1.91227,-0.265129,0.706988,-2.55096
-0.145949,372.279,0.00224981,-2.05364,-0.250743,0.762444,-2.75105
-0.145949,372.279,0.00225019,-2.18691,-0.235368,0.814891,-2.94029
-0.145949,372.279,0.00225057,-2.31154,-0.219064,0.864122,-3.11793
-0.145949,372.279,0.00225094,-2.42705,-0.201895,0.909943,-3.28326
-0.145949,372.279,0.00225132,-2.53298,-0.183929,0.952173,-3.43564
-0.145949,372.279,0.0022517,-2.62892,-0.165238,0.990644,-3.57445
-0.145949,372.279,0.00225208,-2.71448,-0.145894,1.02521,-3.69916
-0.145949,372.279,0.00225245,-2.78933,-0.125975,1.05572,-3.80927
-0.145949,372.279,0.00225283,-2.85317,-0.105559,1.08207,-3.90434
-0.145949,372.279,0.00225321,-2.90575,-0.0847257,1.10415,-3.98401
-0.145949,372.279,0.00225358,-2.94686,-0.0635583,1.12187,-4.04795
-0.145949,372.279,0.00225396,-2.97634,-0.04214,1.13517,-4.09592
-0.145949,372.279,0.00225434,-2.99408,-0.0205555,1.14398,-4.12773
-0.145949,372.279,0.00225472,-3,0.00111022,1.14828,-4.14324
-0.145949,372.279,0.00225509,-2.99408,0.0227715,1.14805,-4.1424
-0.145949,372.279,0.00225547,-2.97634,0.0443429,1.14329,-4.12521
-0.145949,372.279,0.00225585,-2.94686,0.0657394,1.13401,-4.09175
-0.145949,372.279,0.00225623,-2.90575,0.0868763,1.12026,-4.04213
-0.145949,372.279,0.0022566,-2.85317,0.10767,1.10209,-3.97657
-0.145949,372.279,0.00225698,-2.78933,0.12804,1.07957,-3.89531
-0.145949,372.279,0.00225736,-2.71448,0.147904,1.05279,-3.79867
-0.145949,372.279,0.00225774,-2.62892,0.167184,1.02185,-3.68705
-0.145949,372.279,0.00225811,-2.53298,0.185804,0.98688,-3.56087
-0.145949,372.279,0.00225849,-2.42705,0.203691,0.948016,-3.42064
-0.145949,372.279,0.00225887,-2.31154,0.220774,0.905411,-3.26691
-0.145949,372.279,0.00225925,-2.18691,0.236986,0.859232,-3.10029
-0.145949,372.279,0.00225962,-2.05364,0.252263,0.809662,-2.92143
-0.145949,372.279,0.00226,-1.91227,0.266544,0.756898,-2.73105
-0.145949,372.279,0.00226038,-1.76336,0.279773,0.701146,-2.52988
-0.145949,372.279,0.00226075,-1.60748,0.291898,0.642627,-2.31873
-0.145949,372.279,0.00226113,-1.44526,0.302871,0.581571,-2.09843
-0.145949,372.279,0.00226151,-1.27734,0.312649,0.518221,-1.86985
-0.145949,372.279,0.00226189,-1.10437,0.321193,0.452825,-1.63389
-0.145949,372.279,0.00226226,-0.927051,0.328469,0.385643,-1.39148
-0.145949,372.279,0.00226264,-0.74607,0.334449,0.316938,-1.14358
-0.145949,372.279,0.00226302,-0.562144,0.339109,0.246982,-0.891161
-0.145949,372.279,0.0022634,-0.376,0.342431,0.176052,-0.63523
-0.145949,372.279,0.00226377,-0.188372,0.344401,0.104427,-0.376791
-0.145949,372.279,0.00226415,4.11793e-014,0.345012,0.0323899,-0.116866
