Amp, Phaseshift, Time, Vd, Vr, VL, VC
0.311018,372.09,0,0,0,0,0
0.311018,372.09,1.41844e-007,0.188372,0.00133597,0.188372,0
0.311018,372.09,2.83688e-007,0.376,0.00399316,0.374664,0.000378998
0.311018,372.09,4.25532e-007,0.562144,0.00794899,0.557772,0.00151181
0.311018,372.09,5.67376e-007,0.74607,0.0131732,0.736609,0.00376684
0.311018,372.09,7.0922e-007,0.927051,0.0196279,0.910111,0.00750391
0.311018,372.09,8.51064e-007,1.10437,0.0272679,1.07724,0.0130721
0.311018,372.09,9.92908e-007,1.27734,0.0360409,1.237,0.0208077
0.311018,372.09,1.13475e-006,1.44526,0.0458878,1.38841,0.031032
0.311018,372.09,1.2766e-006,1.60748,0.0567428,1.53056,0.0440498
0.311018,372.09,1.41844e-006,1.76336,0.0685341,1.66256,0.0601471
0.311018,372.09,1.56028e-006,1.91227,0.0811836,1.78359,0.0795894
0.311018,372.09,1.70213e-006,2.05364,0.0946082,1.89287,0.10262
0.311018,372.09,1.84397e-006,2.18691,0.108719,1.98968,0.129459
0.311018,372.09,1.98582e-006,2.31154,0.123424,2.07336,0.160302
0.311018,372.09,2.12766e-006,2.42705,0.138625,2.14333,0.195316
0.311018,372.09,2.2695e-006,2.53298,0.154221,2.19904,0.234642
0.311018,372.09,2.41135e-006,2.62892,0.170108,2.24006,0.278393
0.311018,372.09,2.55319e-006,2.71448,0.186179,2.26598,0.32665
0.311018,372.09,2.69504e-006,2.78933,0.202324,2.2765,0.379467
0.311018,372.09,2.83688e-006,2.85317,0.218433,2.27138,0.436864
0.311018,372.09,2.97872e-006,2.90575,0.234394,2.25045,0.498831
0.311018,372.09,3.12057e-006,2.94686,0.250093,2.21364,0.565325
0.311018,372.09,3.26241e-006,2.97634,0.265419,2.16093,0.636274
0.311018,372.09,3.40426e-006,2.99408,0.280259,2.09239,0.71157
0.311018,372.09,3.5461e-006,3,0.294501,2.00817,0.791076
0.311018,372.09,3.68794e-006,2.99408,0.308037,1.9085,0.874623
0.311018,372.09,3.82979e-006,2.97634,0.320758,1.79368,0.962009
0.311018,372.09,3.97163e-006,2.94686,0.33256,1.6641,1.053
0.311018,372.09,4.11348e-006,2.90575,0.343341,1.52019,1.14735
0.311018,372.09,4.25532e-006,2.85317,0.353004,1.36248,1.24475
0.311018,372.09,4.39716e-006,2.78933,0.361455,1.19158,1.34489
0.311018,372.09,4.53901e-006,2.71448,0.368605,1.00813,1.44743
0.311018,372.09,4.68085e-006,2.62892,0.37437,0.812882,1.552
0.311018,372.09,4.8227e-006,2.53298,0.378672,0.606612,1.65821
0.311018,372.09,4.96454e-006,2.42705,0.38144,0.390173,1.76563
0.311018,372.09,5.10638e-006,2.31154,0.382606,0.16447,1.87384
0.311018,372.09,5.24823e-006,2.18691,0.382113,-0.0695405,1.98238
0.311018,372.09,5.39007e-006,2.05364,0.379908,-0.310853,2.09078
0.311018,372.09,5.53191e-006,1.91227,0.375948,-0.558418,2.19856
0.311018,372.09,5.67376e-006,1.76336,0.370195,-0.811149,2.30521
0.311018,372.09,5.8156e-006,1.60748,0.362621,-1.06792,2.41023
0.311018,372.09,5.95745e-006,1.44526,0.353206,-1.32759,2.5131
0.311018,372.09,6.09929e-006,1.27734,0.341936,-1.58897,2.6133
0.311018,372.09,6.24113e-006,1.10437,0.32881,-1.85086,2.7103
0.311018,372.09,6.38298e-006,0.927051,0.31383,-2.11206,2.80358
0.311018,372.09,6.52482e-006,0.74607,0.297012,-2.37134,2.89261
0.311018,372.09,6.66667e-006,0.562144,0.278378,-2.62748,2.97687
0.311018,372.09,6.80851e-006,0.376,0.257958,-2.87925,3.05584
0.311018,372.09,6.95035e-006,0.188372,0.235791,-3.12543,3.12902
0.311018,372.09,7.0922e-006,3.67382e-016,0.211927,-3.36481,3.19591
0.311018,372.09,7.23404e-006,-0.188372,0.186422,-3.59621,3.25604
0.311018,372.09,7.37589e-006,-0.376,0.159341,-3.81846,3.30892
0.311018,372.09,7.51773e-006,-0.562144,0.130757,-4.03041,3.35412
0.311018,372.09,7.65957e-006,-0.74607,0.10075,-4.23095,3.39122
0.311018,372.09,7.80142e-006,-0.927051,0.0694094,-4.41902,3.4198
0.311018,372.09,7.94326e-006,-1.10437,0.0368308,-4.59358,3.43949
0.311018,372.09,8.08511e-006,-1.27734,0.00311686,-4.75366,3.44994
0.311018,372.09,8.22695e-006,-1.44526,-0.031623,-4.89832,3.45082
0.311018,372.09,8.36879e-006,-1.60748,-0.0672732,-5.02668,3.44185
0.311018,372.09,8.51064e-006,-1.76336,-0.103712,-5.13794,3.42277
0.311018,372.09,8.65248e-006,-1.91227,-0.140814,-5.23133,3.39335
0.311018,372.09,8.79433e-006,-2.05364,-0.178447,-5.30617,3.3534
0.311018,372.09,8.93617e-006,-2.18691,-0.216474,-5.36186,3.30278
0.311018,372.09,9.07801e-006,-2.31154,-0.254756,-5.39784,3.24136
0.311018,372.09,9.21986e-006,-2.42705,-0.293151,-5.41366,3.16909
0.311018,372.09,9.3617e-006,-2.53298,-0.331512,-5.40893,3.08593
0.311018,372.09,9.50355e-006,-2.62892,-0.369692,-5.38334,2.99188
0.311018,372.09,9.64539e-006,-2.71448,-0.407541,-5.33667,2.88701
0.311018,372.09,9.78723e-006,-2.78933,-0.444908,-5.2688,2.77139
0.311018,372.09,9.92908e-006,-2.85317,-0.481643,-5.17965,2.64518
0.311018,372.09,1.00709e-005,-2.90575,-0.517596,-5.06928,2.50854
0.311018,372.09,1.02128e-005,-2.94686,-0.552616,-4.93781,2.36171
0.311018,372.09,1.03546e-005,-2.97634,-0.586555,-4.78543,2.20493
0.311018,372.09,1.04965e-005,-2.99408,-0.619267,-4.61246,2.03854
0.311018,372.09,1.06383e-005,-3,-0.65061,-4.41927,1.86286
0.311018,372.09,1.07801e-005,-2.99408,-0.680442,-4.20633,1.67829
0.311018,372.09,1.0922e-005,-2.97634,-0.708627,-3.97419,1.48525
0.311018,372.09,1.10638e-005,-2.94686,-0.735035,-3.72349,1.28423
0.311018,372.09,1.12057e-005,-2.90575,-0.759538,-3.45494,1.0757
0.311018,372.09,1.13475e-005,-2.85317,-0.782016,-3.16934,0.860233
0.311018,372.09,1.14894e-005,-2.78933,-0.802353,-2.86755,0.638384
0.311018,372.09,1.16312e-005,-2.71448,-0.820442,-2.55051,0.410766
0.311018,372.09,1.1773e-005,-2.62892,-0.836181,-2.21924,0.178017
0.311018,372.09,1.19149e-005,-2.53298,-0.849478,-1.87482,-0.0591975
0.311018,372.09,1.20567e-005,-2.42705,-0.860246,-1.51838,-0.300184
0.311018,372.09,1.21986e-005,-2.31154,-0.86841,-1.15111,-0.544226
0.311018,372.09,1.23404e-005,-2.18691,-0.873902,-0.77427,-0.790583
0.311018,372.09,1.24823e-005,-2.05364,-0.876661,-0.389157,-1.0385
0.311018,372.09,1.26241e-005,-1.91227,-0.876641,0.00288797,-1.2872
0.311018,372.09,1.2766e-005,-1.76336,-0.873801,0.400482,-1.53589
0.311018,372.09,1.29078e-005,-1.60748,-0.868111,0.80221,-1.78378
0.311018,372.09,1.30496e-005,-1.44526,-0.859554,1.20663,-2.03005
0.311018,372.09,1.31915e-005,-1.27734,-0.848119,1.61226,-2.27389
0.311018,372.09,1.33333e-005,-1.10437,-0.83381,2.01764,-2.51449
0.311018,372.09,1.34752e-005,-0.927051,-0.816638,2.42125,-2.75104
0.311018,372.09,1.3617e-005,-0.74607,-0.796626,2.8216,-2.98271
0.311018,372.09,1.37589e-005,-0.562144,-0.773809,3.21719,-3.2087
0.311018,372.09,1.39007e-005,-0.376,-0.748231,3.60651,-3.42822
0.311018,372.09,1.40426e-005,-0.188372,-0.719947,3.98808,-3.64048
0.311018,372.09,1.41844e-005,-7.34764e-016,-0.689022,4.36043,-3.84472
0.311018,372.09,1.43262e-005,0.188372,-0.655532,4.72212,-4.04019
0.311018,372.09,1.44681e-005,0.376,-0.619562,5.07172,-4.22616
0.311018,372.09,1.46099e-005,0.562144,-0.581208,5.40786,-4.40192
0.311018,372.09,1.47518e-005,0.74607,-0.540576,5.7292,-4.5668
0.311018,372.09,1.48936e-005,0.927051,-0.497778,6.03443,-4.72016
0.311018,372.09,1.50355e-005,1.10437,-0.452939,6.32231,-4.86137
0.311018,372.09,1.51773e-005,1.27734,-0.40619,6.59165,-4.98986
0.311018,372.09,1.53191e-005,1.44526,-0.35767,6.84132,-5.1051
0.311018,372.09,1.5461e-005,1.60748,-0.307527,7.07025,-5.20656
0.311018,372.09,1.56028e-005,1.76336,-0.255913,7.27744,-5.2938
0.311018,372.09,1.57447e-005,1.91227,-0.202992,7.46199,-5.3664
0.311018,372.09,1.58865e-005,2.05364,-0.148927,7.62304,-5.42399
0.311018,372.09,1.60284e-005,2.18691,-0.0938932,7.75982,-5.46624
0.311018,372.09,1.61702e-005,2.31154,-0.0380658,7.87167,-5.49288
0.311018,372.09,1.63121e-005,2.42705,0.0183739,7.95799,-5.50367
0.311018,372.09,1.64539e-005,2.53298,0.0752412,8.01828,-5.49846
0.311018,372.09,1.65957e-005,2.62892,0.132349,8.05214,-5.47712
0.311018,372.09,1.67376e-005,2.71448,0.189506,8.05925,-5.43957
0.311018,372.09,1.68794e-005,2.78933,0.246523,8.03939,-5.38581
0.311018,372.09,1.70213e-005,2.85317,0.303207,7.99246,-5.31587
0.311018,372.09,1.71631e-005,2.90575,0.359366,7.91842,-5.22986
0.311018,372.09,1.7305e-005,2.94686,0.414809,7.81735,-5.12791
0.311018,372.09,1.74468e-005,2.97634,0.469344,7.68945,-5.01023
0.311018,372.09,1.75887e-005,2.99408,0.522783,7.53497,-4.87709
0.311018,372.09,1.77305e-005,3,0.574941,7.3543,-4.72878
0.311018,372.09,1.78723e-005,2.99408,0.625636,7.14792,-4.56568
0.311018,372.09,1.80142e-005,2.97634,0.674688,6.91638,-4.38819
0.311018,372.09,1.8156e-005,2.94686,0.721925,6.66036,-4.19679
0.311018,372.09,1.82979e-005,2.90575,0.767177,6.38061,-3.99199
0.311018,372.09,1.84397e-005,2.85317,0.810284,6.07798,-3.77435
0.311018,372.09,1.85816e-005,2.78933,0.851088,5.75339,-3.54448
0.311018,372.09,1.87234e-005,2.71448,0.889442,5.40787,-3.30304
0.311018,372.09,1.88652e-005,2.62892,0.925204,5.04252,-3.05071
0.311018,372.09,1.90071e-005,2.53298,0.958243,4.65849,-2.78824
0.311018,372.09,1.91489e-005,2.42705,0.988435,4.25705,-2.5164
0.311018,372.09,1.92908e-005,2.31154,1.01567,3.83951,-2.236
0.311018,372.09,1.94326e-005,2.18691,1.03983,3.40724,-1.94786
0.311018,372.09,1.95745e-005,2.05364,1.06084,2.96167,-1.65288
0.311018,372.09,1.97163e-005,1.91227,1.0786,2.50431,-1.35193
0.311018,372.09,1.98582e-005,1.76336,1.09304,2.03669,-1.04595
0.311018,372.09,2e-005,1.60748,1.10411,1.56039,-0.735863
0.311018,372.09,2.01418e-005,1.44526,1.11175,1.07702,-0.422641
0.311018,372.09,2.02837e-005,1.27734,1.11592,0.588233,-0.107252
0.311018,372.09,2.04255e-005,1.10437,1.1166,0.0957083,0.20932
0.311018,372.09,2.05674e-005,0.927051,1.11377,-0.398865,0.526085
0.311018,372.09,2.07092e-005,0.74607,1.10743,-0.893783,0.842047
0.311018,372.09,2.08511e-005,0.562144,1.09759,-1.38733,1.15621
0.311018,372.09,2.09929e-005,0.376,1.08427,-1.8778,1.46758
0.311018,372.09,2.11348e-005,0.188372,1.06751,-2.36348,1.77518
0.311018,372.09,2.12766e-005,1.10215e-015,1.04735,-2.84269,2.07802
0.311018,372.09,2.14184e-005,-0.188372,1.02385,-3.31374,2.37514
0.311018,372.09,2.15603e-005,-0.376,0.997074,-3.77499,2.66559
0.311018,372.09,2.17021e-005,-0.562144,0.967111,-4.22481,2.94845
0.311018,372.09,2.1844e-005,-0.74607,0.934049,-4.66163,3.22281
0.311018,372.09,2.19858e-005,-0.927051,0.897993,-5.08391,3.48779
0.311018,372.09,2.21277e-005,-1.10437,0.859056,-5.49015,3.74254
0.311018,372.09,2.22695e-005,-1.27734,0.817362,-5.87893,3.98624
0.311018,372.09,2.24113e-005,-1.44526,0.773043,-6.24886,4.21812
0.311018,372.09,2.25532e-005,-1.60748,0.726245,-6.59864,4.43742
0.311018,372.09,2.2695e-005,-1.76336,0.677117,-6.92702,4.64345
0.311018,372.09,2.28369e-005,-1.91227,0.62582,-7.23283,4.83554
0.311018,372.09,2.29787e-005,-2.05364,0.572522,-7.515,5.01307
0.311018,372.09,2.31206e-005,-2.18691,0.517398,-7.7725,5.17549
0.311018,372.09,2.32624e-005,-2.31154,0.460629,-8.00443,5.32227
0.311018,372.09,2.34043e-005,-2.42705,0.402403,-8.20995,5.45295
0.311018,372.09,2.35461e-005,-2.53298,0.342911,-8.38833,5.5671
0.311018,372.09,2.36879e-005,-2.62892,0.282351,-8.53893,5.66438
0.311018,372.09,2.38298e-005,-2.71448,0.220924,-8.66121,5.74448
0.311018,372.09,2.39716e-005,-2.78933,0.158834,-8.75473,5.80715
0.311018,372.09,2.41135e-005,-2.85317,0.0962864,-8.81916,5.85221
0.311018,372.09,2.42553e-005,-2.90575,0.0334903,-8.85425,5.87953
0.311018,372.09,2.43972e-005,-2.94686,-0.0293457,-8.85988,5.88903
0.311018,372.09,2.4539e-005,-2.97634,-0.0920126,-8.83603,5.8807
0.311018,372.09,2.46809e-005,-2.99408,-0.154302,-8.78277,5.8546
0.311018,372.09,2.48227e-005,-3,-0.216006,-8.7003,5.81083
0.311018,372.09,2.49645e-005,-2.99408,-0.27692,-8.5889,5.74955
0.311018,372.09,2.51064e-005,-2.97634,-0.336842,-8.44897,5.67099
0.311018,372.09,2.52482e-005,-2.94686,-0.395573,-8.28101,5.57543
0.311018,372.09,2.53901e-005,-2.90575,-0.452917,-8.08561,5.46321
0.311018,372.09,2.55319e-005,-2.85317,-0.508687,-7.86347,5.33473
0.311018,372.09,2.56738e-005,-2.78933,-0.562696,-7.61537,5.19042
0.311018,372.09,2.58156e-005,-2.71448,-0.614769,-7.3422,5.03079
0.311018,372.09,2.59574e-005,-2.62892,-0.664733,-7.04494,4.85639
0.311018,372.09,2.60993e-005,-2.53298,-0.712425,-6.72464,4.66781
0.311018,372.09,2.62411e-005,-2.42705,-0.757691,-6.38243,4.4657
0.311018,372.09,2.6383e-005,-2.31154,-0.800383,-6.01955,4.25075
0.311018,372.09,2.65248e-005,-2.18691,-0.840363,-5.63728,4.0237
0.311018,372.09,2.66667e-005,-2.05364,-0.877505,-5.23697,3.7853
0.311018,372.09,2.68085e-005,-1.91227,-0.91169,-4.82006,3.53636
0.311018,372.09,2.69504e-005,-1.76336,-0.942811,-4.38802,3.27772
0.311018,372.09,2.70922e-005,-1.60748,-0.970771,-3.94239,3.01026
0.311018,372.09,2.7234e-005,-1.44526,-0.995485,-3.48475,2.73486
0.311018,372.09,2.73759e-005,-1.27734,-1.01688,-3.01671,2.45246
0.311018,372.09,2.75177e-005,-1.10437,-1.03489,-2.53995,2.16398
0.311018,372.09,2.76596e-005,-0.927051,-1.04948,-2.05614,1.87039
0.311018,372.09,2.78014e-005,-0.74607,-1.06059,-1.56698,1.57267
0.311018,372.09,2.79433e-005,-0.562144,-1.06821,-1.07422,1.27179
0.311018,372.09,2.80851e-005,-0.376,-1.07232,-0.579582,0.968753
0.311018,372.09,2.8227e-005,-0.188372,-1.07292,-0.0848052,0.664549
0.311018,372.09,2.83688e-005,-1.46953e-015,-1.07002,0.408372,0.360174
0.311018,372.09,2.85106e-005,0.188372,-1.06365,0.898222,0.0566212
0.311018,372.09,2.86525e-005,0.376,-1.05385,1.38303,-0.245125
0.311018,372.09,2.87943e-005,0.562144,-1.04065,1.86111,-0.544088
0.311018,372.09,2.89362e-005,0.74607,-1.02412,2.3308,-0.839307
0.311018,372.09,2.9078e-005,0.927051,-1.00432,2.79047,-1.12984
0.311018,372.09,2.92199e-005,1.10437,-0.981356,3.23853,-1.41475
0.311018,372.09,2.93617e-005,1.27734,-0.955304,3.67344,-1.69315
0.311018,372.09,2.95035e-005,1.44526,-0.92627,4.09371,-1.96416
0.311018,372.09,2.96454e-005,1.60748,-0.89437,4.49791,-2.22693
0.311018,372.09,2.97872e-005,1.76336,-0.859727,4.88466,-2.48065
0.311018,372.09,2.99291e-005,1.91227,-0.822474,5.25265,-2.72455
0.311018,372.09,3.00709e-005,2.05364,-0.782753,5.60066,-2.95787
0.311018,372.09,3.02128e-005,2.18691,-0.740714,5.92753,-3.17993
0.311018,372.09,3.03546e-005,2.31154,-0.696514,6.23218,-3.39006
0.311018,372.09,3.04965e-005,2.42705,-0.650318,6.51363,-3.58765
0.311018,372.09,3.06383e-005,2.53298,-0.602297,6.77096,-3.77214
0.311018,372.09,3.07801e-005,2.62892,-0.552628,7.00336,-3.94301
0.311018,372.09,3.0922e-005,2.71448,-0.501493,7.21012,-4.09978
0.311018,372.09,3.10638e-005,2.78933,-0.449077,7.3906,-4.24205
0.311018,372.09,3.12057e-005,2.85317,-0.395571,7.54429,-4.36944
0.311018,372.09,3.13475e-005,2.90575,-0.341169,7.67077,-4.48166
0.311018,372.09,3.14894e-005,2.94686,-0.286065,7.76969,-4.57845
0.311018,372.09,3.16312e-005,2.97634,-0.230456,7.84086,-4.6596
0.311018,372.09,3.1773e-005,2.99408,-0.17454,7.88414,-4.72498
0.311018,372.09,3.19149e-005,3,-0.118515,7.89952,-4.77449
0.311018,372.09,3.20567e-005,2.99408,-0.062578,7.88709,-4.80812
0.311018,372.09,3.21986e-005,2.97634,-0.00692524,7.84704,-4.82587
0.311018,372.09,3.23404e-005,2.94686,0.0482496,7.77966,-4.82783
0.311018,372.09,3.24823e-005,2.90575,0.102756,7.68533,-4.81415
0.311018,372.09,3.26241e-005,2.85317,0.156405,7.56456,-4.78499
0.311018,372.09,3.2766e-005,2.78933,0.209014,7.41792,-4.74062
0.311018,372.09,3.29078e-005,2.71448,0.260405,7.24609,-4.68133
0.311018,372.09,3.30496e-005,2.62892,0.310404,7.04984,-4.60746
0.311018,372.09,3.31915e-005,2.53298,0.358844,6.83004,-4.5194
0.311018,372.09,3.33333e-005,2.42705,0.405564,6.58761,-4.4176
0.311018,372.09,3.34752e-005,2.31154,0.450412,6.32357,-4.30254
0.311018,372.09,3.3617e-005,2.18691,0.493243,6.03904,-4.17477
0.311018,372.09,3.37589e-005,2.05364,0.533917,5.73517,-4.03484
0.311018,372.09,3.39007e-005,1.91227,0.572309,5.4132,-3.88338
0.311018,372.09,3.40426e-005,1.76336,0.608298,5.07442,-3.72102
0.311018,372.09,3.41844e-005,1.60748,0.641774,4.7202,-3.54845
0.311018,372.09,3.43262e-005,1.44526,0.672639,4.35194,-3.36639
0.311018,372.09,3.44681e-005,1.27734,0.700803,3.97109,-3.17557
0.311018,372.09,3.46099e-005,1.10437,0.726187,3.57914,-2.97676
0.311018,372.09,3.47518e-005,0.927051,0.748723,3.17762,-2.77075
0.311018,372.09,3.48936e-005,0.74607,0.768355,2.76809,-2.55834
0.311018,372.09,3.50355e-005,0.562144,0.785037,2.35213,-2.34037
0.311018,372.09,3.51773e-005,0.376,0.798734,1.93133,-2.11767
0.311018,372.09,3.53191e-005,0.188372,0.809424,1.5073,-1.89107
0.311018,372.09,3.5461e-005,1.83691e-015,0.817096,1.08165,-1.66145
0.311018,372.09,3.56028e-005,-0.188372,0.821748,0.655984,-1.42965
0.311018,372.09,3.57447e-005,-0.376,0.823393,0.231903,-1.19653
0.311018,372.09,3.58865e-005,-0.562144,0.822052,-0.189006,-0.962944
0.311018,372.09,3.60284e-005,-0.74607,0.81776,-0.605178,-0.729738
0.311018,372.09,3.61702e-005,-0.927051,0.810561,-1.01507,-0.497749
0.311018,372.09,3.63121e-005,-1.10437,0.80051,-1.41719,-0.267803
0.311018,372.09,3.64539e-005,-1.27734,0.787673,-1.81005,-0.0407075
0.311018,372.09,3.65957e-005,-1.44526,0.772125,-2.19223,0.182746
0.311018,372.09,3.67376e-005,-1.60748,0.753953,-2.56235,0.401788
0.311018,372.09,3.68794e-005,-1.76336,0.73325,-2.9191,0.615676
0.311018,372.09,3.70213e-005,-1.91227,0.710121,-3.2612,0.82369
0.311018,372.09,3.71631e-005,-2.05364,0.684678,-3.58745,1.02514
0.311018,372.09,3.7305e-005,-2.18691,0.657041,-3.89673,1.21938
0.311018,372.09,3.74468e-005,-2.31154,0.62734,-4.18796,1.40577
0.311018,372.09,3.75887e-005,-2.42705,0.595707,-4.46016,1.58374
0.311018,372.09,3.77305e-005,-2.53298,0.562286,-4.71243,1.75274
0.311018,372.09,3.78723e-005,-2.62892,0.527222,-4.94394,1.91225
0.311018,372.09,3.80142e-005,-2.71448,0.490669,-5.15395,2.06182
0.311018,372.09,3.8156e-005,-2.78933,0.452784,-5.34181,2.20101
0.311018,372.09,3.82979e-005,-2.85317,0.413728,-5.50697,2.32946
0.311018,372.09,3.84397e-005,-2.90575,0.373664,-5.64894,2.44683
0.311018,372.09,3.85816e-005,-2.94686,0.332761,-5.76736,2.55284
0.311018,372.09,3.87234e-005,-2.97634,0.291187,-5.86194,2.64724
0.311018,372.09,3.88652e-005,-2.99408,0.249113,-5.9325,2.72984
0.311018,372.09,3.90071e-005,-3,0.206709,-5.97895,2.80051
0.311018,372.09,3.91489e-005,-2.99408,0.164146,-6.0013,2.85915
0.311018,372.09,3.92908e-005,-2.97634,0.121595,-5.99964,2.90572
0.311018,372.09,3.94326e-005,-2.94686,0.0792254,-5.97418,2.94021
0.311018,372.09,3.95745e-005,-2.90575,0.0372028,-5.92519,2.96269
0.311018,372.09,3.97163e-005,-2.85317,-0.00430826,-5.85306,2.97324
0.311018,372.09,3.98582e-005,-2.78933,-0.045147,-5.75827,2.97202
0.311018,372.09,4e-005,-2.71448,-0.0851566,-5.64136,2.95921
0.311018,372.09,4.01418e-005,-2.62892,-0.124185,-5.50298,2.93506
0.311018,372.09,4.02837e-005,-2.53298,-0.162085,-5.34386,2.89983
0.311018,372.09,4.04255e-005,-2.42705,-0.198714,-5.16479,2.85385
0.311018,372.09,4.05674e-005,-2.31154,-0.233939,-4.96667,2.79747
0.311018,372.09,4.07092e-005,-2.18691,-0.26763,-4.75044,2.73111
0.311018,372.09,4.08511e-005,-2.05364,-0.299666,-4.51712,2.65518
0.311018,372.09,4.09929e-005,-1.91227,-0.329934,-4.26779,2.57017
0.311018,372.09,4.11348e-005,-1.76336,-0.358329,-4.00359,2.47657
0.311018,372.09,4.12766e-005,-1.60748,-0.384752,-3.72573,2.37492
0.311018,372.09,4.14184e-005,-1.44526,-0.409117,-3.43543,2.26577
0.311018,372.09,4.15603e-005,-1.27734,-0.431344,-3.13399,2.14971
0.311018,372.09,4.17021e-005,-1.10437,-0.451363,-2.82274,2.02734
0.311018,372.09,4.1844e-005,-0.927051,-0.469115,-2.50303,1.8993
0.311018,372.09,4.19858e-005,-0.74607,-0.48455,-2.17625,1.76621
0.311018,372.09,4.21277e-005,-0.562144,-0.497626,-1.84381,1.62875
0.311018,372.09,4.22695e-005,-0.376,-0.508315,-1.50713,1.48758
0.311018,372.09,4.24113e-005,-0.188372,-0.516596,-1.16764,1.34338
0.311018,372.09,4.25532e-005,-2.20429e-015,-0.52246,-0.826783,1.19683
0.311018,372.09,4.2695e-005,0.188372,-0.525907,-0.485995,1.04861
0.311018,372.09,4.28369e-005,0.376,-0.526947,-0.146705,0.899418
0.311018,372.09,4.29787e-005,0.562144,-0.525602,0.189673,0.749929
0.311018,372.09,4.31206e-005,0.74607,-0.521902,0.521742,0.600822
0.311018,372.09,4.32624e-005,0.927051,-0.515886,0.84813,0.452765
0.311018,372.09,4.34043e-005,1.10437,-0.507606,1.16749,0.306414
0.311018,372.09,4.35461e-005,1.27734,-0.49712,1.47853,0.162413
0.311018,372.09,4.36879e-005,1.44526,-0.484496,1.77997,0.0213856
0.311018,372.09,4.38298e-005,1.60748,-0.469811,2.07059,-0.11606
0.311018,372.09,4.39716e-005,1.76336,-0.45315,2.34923,-0.24934
0.311018,372.09,4.41135e-005,1.91227,-0.434606,2.61476,-0.377893
0.311018,372.09,4.42553e-005,2.05364,-0.414279,2.86614,-0.501186
0.311018,372.09,4.43972e-005,2.18691,-0.392276,3.10237,-0.618712
0.311018,372.09,4.4539e-005,2.31154,-0.368712,3.32253,-0.729996
0.311018,372.09,4.46809e-005,2.42705,-0.343707,3.52576,-0.834595
0.311018,372.09,4.48227e-005,2.53298,-0.317385,3.71129,-0.9321
0.311018,372.09,4.49645e-005,2.62892,-0.289879,3.87841,-1.02214
0.311018,372.09,4.51064e-005,2.71448,-0.261322,4.0265,-1.10437
0.311018,372.09,4.52482e-005,2.78933,-0.231854,4.15503,-1.17851
0.311018,372.09,4.53901e-005,2.85317,-0.201616,4.26353,-1.24428
0.311018,372.09,4.55319e-005,2.90575,-0.170753,4.35165,-1.30148
0.311018,372.09,4.56738e-005,2.94686,-0.139412,4.41909,-1.34992
0.311018,372.09,4.58156e-005,2.97634,-0.107741,4.46567,-1.38947
0.311018,372.09,4.59574e-005,2.99408,-0.0758877,4.49129,-1.42003
0.311018,372.09,4.60993e-005,3,-0.0440018,4.49592,-1.44156
0.311018,372.09,4.62411e-005,2.99408,-0.0122313,4.47964,-1.45404
0.311018,372.09,4.6383e-005,2.97634,0.0192767,4.44262,-1.45751
0.311018,372.09,4.65248e-005,2.94686,0.0503767,4.3851,-1.45205
0.311018,372.09,4.66667e-005,2.90575,0.0809257,4.30742,-1.43775
0.311018,372.09,4.68085e-005,2.85317,0.110784,4.21,-1.4148
0.311018,372.09,4.69504e-005,2.78933,0.139815,4.09334,-1.38337
0.311018,372.09,4.70922e-005,2.71448,0.167886,3.95803,-1.3437
0.311018,372.09,4.7234e-005,2.62892,0.19487,3.80474,-1.29608
0.311018,372.09,4.73759e-005,2.53298,0.220644,3.63419,-1.2408
0.311018,372.09,4.75177e-005,2.42705,0.245092,3.4472,-1.1782
0.311018,372.09,4.76596e-005,2.31154,0.268104,3.24465,-1.10867
0.311018,372.09,4.78014e-005,2.18691,0.289576,3.02747,-1.03261
0.311018,372.09,4.79433e-005,2.05364,0.30941,2.79668,-0.950464
0.311018,372.09,4.80851e-005,1.91227,0.327519,2.55333,-0.862689
0.311018,372.09,4.8227e-005,1.76336,0.34382,2.29853,-0.769775
0.311018,372.09,4.83688e-005,1.60748,0.358242,2.03344,-0.672238
0.311018,372.09,4.85106e-005,1.44526,0.370719,1.75926,-0.570609
0.311018,372.09,4.86525e-005,1.27734,0.381196,1.47723,-0.46544
0.311018,372.09,4.87943e-005,1.10437,0.389626,1.18862,-0.3573
0.311018,372.09,4.89362e-005,0.927051,0.395971,0.894725,-0.246767
0.311018,372.09,4.9078e-005,0.74607,0.400204,0.596866,-0.134435
0.311018,372.09,4.92199e-005,0.562144,0.402306,0.296375,-0.020902
0.311018,372.09,4.93617e-005,0.376,0.402268,-0.00540466,0.0932275
0.311018,372.09,4.95035e-005,0.188372,0.40009,-0.307124,0.207346
0.311018,372.09,4.96454e-005,-8.08647e-015,0.395782,-0.607436,0.320847
0.311018,372.09,4.97872e-005,-0.188372,0.389363,-0.905,0.433125
0.311018,372.09,4.99291e-005,-0.376,0.380863,-1.19849,0.543583
0.311018,372.09,5.00709e-005,-0.562144,0.37032,-1.48659,0.651629
0.311018,372.09,5.02128e-005,-0.74607,0.357781,-1.76802,0.756685
0.311018,372.09,5.03546e-005,-0.927051,0.343302,-2.04152,0.858183
0.311018,372.09,5.04965e-005,-1.10437,0.326949,-2.30586,0.955574
0.311018,372.09,5.06383e-005,-1.27734,0.308794,-2.55986,1.04832
0.311018,372.09,5.07801e-005,-1.44526,0.288919,-2.80238,1.13593
0.311018,372.09,5.0922e-005,-1.60748,0.267413,-3.03232,1.21789
0.311018,372.09,5.10638e-005,-1.76336,0.244373,-3.24866,1.29375
0.311018,372.09,5.12057e-005,-1.91227,0.219902,-3.45039,1.36308
0.311018,372.09,5.13475e-005,-2.05364,0.19411,-3.63662,1.42546
0.311018,372.09,5.14894e-005,-2.18691,0.167114,-3.80648,1.48053
0.311018,372.09,5.16312e-005,-2.31154,0.139034,-3.95918,1.52793
0.311018,372.09,5.1773e-005,-2.42705,0.109999,-4.09402,1.56738
0.311018,372.09,5.19149e-005,-2.53298,0.0801382,-4.21036,1.59858
0.311018,372.09,5.20567e-005,-2.62892,0.0495876,-4.30764,1.62132
0.311018,372.09,5.21986e-005,-2.71448,0.0184855,-4.38538,1.63538
0.311018,372.09,5.23404e-005,-2.78933,-0.0130265,-4.4432,1.64063
0.311018,372.09,5.24823e-005,-2.85317,-0.044805,-4.48077,1.63693
0.311018,372.09,5.26241e-005,-2.90575,-0.0767049,-4.49788,1.62422
0.311018,372.09,5.2766e-005,-2.94686,-0.10858,-4.49438,1.60246
0.311018,372.09,5.29078e-005,-2.97634,-0.140284,-4.47023,1.57166
0.311018,372.09,5.30496e-005,-2.99408,-0.17167,-4.42546,1.53186
0.311018,372.09,5.31915e-005,-3,-0.202593,-4.36019,1.48316
0.311018,372.09,5.33333e-005,-2.99408,-0.23291,-4.27465,1.42569
0.311018,372.09,5.34752e-005,-2.97634,-0.262478,-4.16912,1.35961
0.311018,372.09,5.3617e-005,-2.94686,-0.291159,-4.044,1.28515
0.311018,372.09,5.37589e-005,-2.90575,-0.318817,-3.89974,1.20255
0.311018,372.09,5.39007e-005,-2.85317,-0.34532,-3.73691,1.11211
0.311018,372.09,5.40426e-005,-2.78933,-0.37054,-3.55612,1.01415
0.311018,372.09,5.41844e-005,-2.71448,-0.394356,-3.35809,0.909029
0.311018,372.09,5.43262e-005,-2.62892,-0.416651,-3.14359,0.797155
0.311018,372.09,5.44681e-005,-2.53298,-0.437314,-2.91349,0.678956
0.311018,372.09,5.46099e-005,-2.42705,-0.456241,-2.66869,0.554895
0.311018,372.09,5.47518e-005,-2.31154,-0.473335,-2.41019,0.425465
0.311018,372.09,5.48936e-005,-2.18691,-0.488505,-2.13904,0.291185
0.311018,372.09,5.50355e-005,-2.05364,-0.501671,-1.85632,0.152602
0.311018,372.09,5.51773e-005,-1.91227,-0.512757,-1.5632,0.0102842
0.311018,372.09,5.53191e-005,-1.76336,-0.5217,-1.26088,-0.135179
0.311018,372.09,5.5461e-005,-1.60748,-0.528442,-0.950602,-0.283179
0.311018,372.09,5.56028e-005,-1.44526,-0.532936,-0.633641,-0.433091
0.311018,372.09,5.57447e-005,-1.27734,-0.535143,-0.311311,-0.584279
0.311018,372.09,5.58865e-005,-1.10437,-0.535037,0.0150485,-0.736093
0.311018,372.09,5.60284e-005,-0.927051,-0.532596,0.344078,-0.887876
0.311018,372.09,5.61702e-005,-0.74607,-0.527813,0.674403,-1.03897
0.311018,372.09,5.63121e-005,-0.562144,-0.520688,1.00464,-1.1887
0.311018,372.09,5.64539e-005,-0.376,-0.511232,1.33339,-1.33641
0.311018,372.09,5.65957e-005,-0.188372,-0.499464,1.65927,-1.48144
0.311018,372.09,5.67376e-005,-2.93906e-015,-0.485415,1.98091,-1.62314
0.311018,372.09,5.68794e-005,0.188372,-0.469125,2.29692,-1.76084
0.311018,372.09,5.70213e-005,0.376,-0.450643,2.60597,-1.89393
0.311018,372.09,5.71631e-005,0.562144,-0.430028,2.90671,-2.02177
0.311018,372.09,5.7305e-005,0.74607,-0.407348,3.19787,-2.14376
0.311018,372.09,5.74468e-005,0.927051,-0.38268,3.47816,-2.25932
0.311018,372.09,5.75887e-005,1.10437,-0.35611,3.74638,-2.36788
0.311018,372.09,5.77305e-005,1.27734,-0.327732,4.00133,-2.46891
0.311018,372.09,5.78723e-005,1.44526,-0.297647,4.2419,-2.56188
0.311018,372.09,5.80142e-005,1.60748,-0.265966,4.46701,-2.64632
0.311018,372.09,5.8156e-005,1.76336,-0.232806,4.67564,-2.72177
0.311018,372.09,5.82979e-005,1.91227,-0.198289,4.86685,-2.78782
0.311018,372.09,5.84397e-005,2.05364,-0.162546,5.03975,-2.84407
0.311018,372.09,5.85816e-005,2.18691,-0.125713,5.19352,-2.89018
0.311018,372.09,5.87234e-005,2.31154,-0.0879293,5.32743,-2.92584
0.311018,372.09,5.88652e-005,2.42705,-0.0493419,5.44082,-2.95079
0.311018,372.09,5.90071e-005,2.53298,-0.0101,5.53311,-2.96479
0.311018,372.09,5.91489e-005,2.62892,0.0296433,5.60381,-2.96765
0.311018,372.09,5.92908e-005,2.71448,0.0697319,5.65249,-2.95924
0.311018,372.09,5.94326e-005,2.78933,0.110007,5.67884,-2.93946
0.311018,372.09,5.95745e-005,2.85317,0.15031,5.68262,-2.90825
0.311018,372.09,5.97163e-005,2.90575,0.190478,5.66369,-2.86561
0.311018,372.09,5.98582e-005,2.94686,0.23035,5.622,-2.81158
0.311018,372.09,6e-005,2.97634,0.269765,5.55757,-2.74623
0.311018,372.09,6.01418e-005,2.99408,0.308564,5.47054,-2.6697
0.311018,372.09,6.02837e-005,3,0.346586,5.36113,-2.58216
0.311018,372.09,6.04255e-005,2.99408,0.383676,5.22966,-2.48384
0.311018,372.09,6.05674e-005,2.97634,0.419679,5.07651,-2.375
0.311018,372.09,6.07092e-005,2.94686,0.454446,4.90218,-2.25594
0.311018,372.09,6.08511e-005,2.90575,0.487831,4.70724,-2.12702
0.311018,372.09,6.09929e-005,2.85317,0.519692,4.49236,-1.98863
0.311018,372.09,6.11348e-005,2.78933,0.549892,4.25826,-1.8412
0.311018,372.09,6.12766e-005,2.71448,0.578302,4.00578,-1.6852
0.311018,372.09,6.14184e-005,2.62892,0.604797,3.73582,-1.52114
0.311018,372.09,6.15603e-005,2.53298,0.62926,3.44933,-1.34957
0.311018,372.09,6.17021e-005,2.42705,0.651582,3.14736,-1.17105
0.311018,372.09,6.1844e-005,2.31154,0.67166,2.83101,-0.986207
0.311018,372.09,6.19858e-005,2.18691,0.689401,2.50145,-0.795665
0.311018,372.09,6.21277e-005,2.05364,0.70472,2.15991,-0.60009
0.311018,372.09,6.22695e-005,1.91227,0.71754,1.80764,-0.40017
0.311018,372.09,6.24113e-005,1.76336,0.727795,1.44599,-0.196613
0.311018,372.09,6.25532e-005,1.60748,0.735428,1.0763,0.00985409
0.311018,372.09,6.2695e-005,1.44526,0.740393,0.699979,0.218486
0.311018,372.09,6.28369e-005,1.27734,0.742651,0.318459,0.428527
0.311018,372.09,6.29787e-005,1.10437,0.742177,-0.0668042,0.639208
0.311018,372.09,6.31206e-005,0.927051,0.738955,-0.454334,0.849755
0.311018,372.09,6.32624e-005,0.74607,0.732979,-0.84264,1.05939
0.311018,372.09,6.34043e-005,0.562144,0.724254,-1.23022,1.26732
0.311018,372.09,6.35461e-005,0.376,0.712796,-1.61558,1.47279
0.311018,372.09,6.36879e-005,0.188372,0.698631,-1.99721,1.675
0.311018,372.09,6.38298e-005,3.30644e-015,0.681797,-2.37363,1.87319
0.311018,372.09,6.39716e-005,-0.188372,0.662341,-2.74336,2.06661
0.311018,372.09,6.41135e-005,-0.376,0.64032,-3.10495,2.25451
0.311018,372.09,6.42553e-005,-0.562144,0.615802,-3.45697,2.43616
0.311018,372.09,6.43972e-005,-0.74607,0.588866,-3.79803,2.61085
0.311018,372.09,6.4539e-005,-0.927051,0.559598,-4.12677,2.77791
0.311018,372.09,6.46809e-005,-1.10437,0.528095,-4.44188,2.93666
0.311018,372.09,6.48227e-005,-1.27734,0.494463,-4.74209,3.08647
0.311018,372.09,6.49645e-005,-1.44526,0.458817,-5.0262,3.22675
0.311018,372.09,6.51064e-005,-1.60748,0.421277,-5.29304,3.35691
0.311018,372.09,6.52482e-005,-1.76336,0.381976,-5.54154,3.47642
0.311018,372.09,6.53901e-005,-1.91227,0.341049,-5.77067,3.58478
0.311018,372.09,6.55319e-005,-2.05364,0.298641,-5.97947,3.68153
0.311018,372.09,6.56738e-005,-2.18691,0.254903,-6.16708,3.76625
0.311018,372.09,6.58156e-005,-2.31154,0.20999,-6.3327,3.83857
0.311018,372.09,6.59574e-005,-2.42705,0.164064,-6.47561,3.89814
0.311018,372.09,6.60993e-005,-2.53298,0.11729,-6.59519,3.94468
0.311018,372.09,6.62411e-005,-2.62892,0.0698366,-6.69089,3.97795
0.311018,372.09,6.6383e-005,-2.71448,0.0218772,-6.76227,3.99777
0.311018,372.09,6.65248e-005,-2.78933,-0.0264134,-6.80897,4.00397
0.311018,372.09,6.66667e-005,-2.85317,-0.0748582,-6.83073,3.99648
0.311018,372.09,6.68085e-005,-2.90575,-0.123279,-6.82737,3.97524
0.311018,372.09,6.69504e-005,-2.94686,-0.171498,-6.79883,3.94027
0.311018,372.09,6.70922e-005,-2.97634,-0.219336,-6.74512,3.89162
0.311018,372.09,6.7234e-005,-2.99408,-0.266615,-6.66636,3.8294
0.311018,372.09,6.73759e-005,-3,-0.313159,-6.56278,3.75376
0.311018,372.09,6.75177e-005,-2.99408,-0.358795,-6.43468,3.66492
0.311018,372.09,6.76596e-005,-2.97634,-0.403352,-6.28247,3.56313
0.311018,372.09,6.78014e-005,-2.94686,-0.446661,-6.10664,3.44871
0.311018,372.09,6.79433e-005,-2.90575,-0.488561,-5.9078,3.322
0.311018,372.09,6.80851e-005,-2.85317,-0.528891,-5.6866,3.1834
0.311018,372.09,6.8227e-005,-2.78933,-0.5675,-5.44384,3.03336
0.311018,372.09,6.83688e-005,-2.71448,-0.60424,-5.18034,2.87236
0.311018,372.09,6.85106e-005,-2.62892,-0.638971,-4.89704,2.70095
0.311018,372.09,6.86525e-005,-2.53298,-0.671559,-4.59496,2.51968
0.311018,372.09,6.87943e-005,-2.42705,-0.70188,-4.27517,2.32917
0.311018,372.09,6.89362e-005,-2.31154,-0.729815,-3.93883,2.13005
0.311018,372.09,6.9078e-005,-2.18691,-0.755255,-3.58714,1.92301
0.311018,372.09,6.92199e-005,-2.05364,-0.778102,-3.2214,1.70876
0.311018,372.09,6.93617e-005,-1.91227,-0.798265,-2.84293,1.48802
0.311018,372.09,6.95035e-005,-1.76336,-0.815663,-2.45311,1.26156
0.311018,372.09,6.96454e-005,-1.60748,-0.830226,-2.05338,1.03017
0.311018,372.09,6.97872e-005,-1.44526,-0.841894,-1.6452,0.794641
0.311018,372.09,6.99291e-005,-1.27734,-0.850618,-1.23009,0.555806
0.311018,372.09,7.00709e-005,-1.10437,-0.856359,-0.809562,0.314496
0.311018,372.09,7.02128e-005,-0.927051,-0.859091,-0.385188,0.0715574
0.311018,372.09,7.03546e-005,-0.74607,-0.858797,0.041464,-0.172156
0.311018,372.09,7.04965e-005,-0.562144,-0.855472,0.468809,-0.415787
0.311018,372.09,7.06383e-005,-0.376,-0.849123,0.895259,-0.658474
0.311018,372.09,7.07801e-005,-0.188372,-0.839767,1.31923,-0.89936
0.311018,372.09,7.0922e-005,-3.67382e-015,-0.827432,1.73913,-1.13759
0.311018,372.09,7.10638e-005,0.188372,-0.81216,2.1534,-1.37232
0.311018,372.09,7.12057e-005,0.376,-0.794001,2.56048,-1.60272
0.311018,372.09,7.13475e-005,0.562144,-0.773016,2.95887,-1.82797
0.311018,372.09,7.14894e-005,0.74607,-0.749278,3.34706,-2.04727
0.311018,372.09,7.16312e-005,0.927051,-0.722869,3.7236,-2.25983
0.311018,372.09,7.1773e-005,1.10437,-0.693883,4.08707,-2.4649
0.311018,372.09,7.19149e-005,1.27734,-0.662421,4.43612,-2.66174
0.311018,372.09,7.20567e-005,1.44526,-0.628595,4.76943,-2.84966
0.311018,372.09,7.21986e-005,1.60748,-0.592526,5.08574,-3.02799
0.311018,372.09,7.23404e-005,1.76336,-0.554343,5.38387,-3.19608
0.311018,372.09,7.24823e-005,1.91227,-0.514182,5.6627,-3.35334
0.311018,372.09,7.26241e-005,2.05364,-0.472188,5.92117,-3.49921
0.311018,372.09,7.2766e-005,2.18691,-0.428512,6.1583,-3.63316
0.311018,372.09,7.29078e-005,2.31154,-0.383312,6.37322,-3.75473
0.311018,372.09,7.30496e-005,2.42705,-0.336751,6.56509,-3.86347
0.311018,372.09,7.31915e-005,2.53298,-0.288998,6.7332,-3.959
0.311018,372.09,7.33333e-005,2.62892,-0.240225,6.87692,-4.04099
0.311018,372.09,7.34752e-005,2.71448,-0.19061,6.99569,-4.10913
0.311018,372.09,7.3617e-005,2.78933,-0.140333,7.08907,-4.16321
0.311018,372.09,7.37589e-005,2.85317,-0.0895763,7.15671,-4.20302
0.311018,372.09,7.39007e-005,2.90575,-0.0385242,7.19834,-4.22843
0.311018,372.09,7.40426e-005,2.94686,0.0126376,7.21382,-4.23936
0.311018,372.09,7.41844e-005,2.97634,0.0637232,7.20307,-4.23577
0.311018,372.09,7.43262e-005,2.99408,0.114547,7.16613,-4.2177
0.311018,372.09,7.44681e-005,3,0.164924,7.10315,-4.1852
0.311018,372.09,7.46099e-005,2.99408,0.214671,7.01436,-4.13841
0.311018,372.09,7.47518e-005,2.97634,0.263608,6.90009,-4.07752
0.311018,372.09,7.48936e-005,2.94686,0.311557,6.76077,-4.00273
0.311018,372.09,7.50355e-005,2.90575,0.358343,6.59693,-3.91435
0.311018,372.09,7.51773e-005,2.85317,0.403798,6.40917,-3.81269
0.311018,372.09,7.53191e-005,2.78933,0.447757,6.19822,-3.69814
0.311018,372.09,7.5461e-005,2.71448,0.490061,5.96486,-3.57111
0.311018,372.09,7.56028e-005,2.62892,0.530558,5.70997,-3.43209
0.311018,372.09,7.57447e-005,2.53298,0.5691,5.43452,-3.28158
0.311018,372.09,7.58865e-005,2.42705,0.605551,5.13953,-3.12013
0.311018,372.09,7.60284e-005,2.31154,0.639779,4.82612,-2.94834
0.311018,372.09,7.61702e-005,2.18691,0.671661,4.49547,-2.76684
0.311018,372.09,7.63121e-005,2.05364,0.701086,4.14882,-2.5763
0.311018,372.09,7.64539e-005,1.91227,0.727947,3.78749,-2.37741
0.311018,372.09,7.65957e-005,1.76336,0.752152,3.41282,-2.1709
0.311018,372.09,7.67376e-005,1.60748,0.773614,3.02623,-1.95753
0.311018,372.09,7.68794e-005,1.44526,0.792261,2.62917,-1.73806
0.311018,372.09,7.70213e-005,1.27734,0.808028,2.22314,-1.51331
0.311018,372.09,7.71631e-005,1.10437,0.820862,1.80965,-1.28408
0.311018,372.09,7.7305e-005,0.927051,0.830722,1.39027,-1.05121
0.311018,372.09,7.74468e-005,0.74607,0.837577,0.966558,-0.815545
0.311018,372.09,7.75887e-005,0.562144,0.841408,0.540111,-0.577934
0.311018,372.09,7.77305e-005,0.376,0.842206,0.112526,-0.339237
0.311018,372.09,7.78723e-005,0.188372,0.839975,-0.314598,-0.100313
0.311018,372.09,7.80142e-005,-6.61694e-015,0.834729,-0.739662,0.137978
0.311018,372.09,7.8156e-005,-0.188372,0.826494,-1.16108,0.37478
0.311018,372.09,7.82979e-005,-0.376,0.815308,-1.57727,0.609247
0.311018,372.09,7.84397e-005,-0.562144,0.801218,-1.9867,0.84054
0.311018,372.09,7.85816e-005,-0.74607,0.784283,-2.38783,1.06784
0.311018,372.09,7.87234e-005,-0.927051,0.764573,-2.77917,1.29033
0.311018,372.09,7.88652e-005,-1.10437,0.742166,-3.15927,1.50723
0.311018,372.09,7.90071e-005,-1.27734,0.717154,-3.52673,1.71777
0.311018,372.09,7.91489e-005,-1.44526,0.689635,-3.88019,1.92122
0.311018,372.09,7.92908e-005,-1.60748,0.659718,-4.21833,2.11686
0.311018,372.09,7.94326e-005,-1.76336,0.62752,-4.53993,2.30401
0.311018,372.09,7.95745e-005,-1.91227,0.593166,-4.84381,2.48203
0.311018,372.09,7.97163e-005,-2.05364,0.556792,-5.12884,2.65031
0.311018,372.09,7.98582e-005,-2.18691,0.518536,-5.39401,2.80826
0.311018,372.09,8e-005,-2.31154,0.478548,-5.63834,2.95537
0.311018,372.09,8.01418e-005,-2.42705,0.436981,-5.86097,3.09112
0.311018,372.09,8.02837e-005,-2.53298,0.393995,-6.06109,3.21509
0.311018,372.09,8.04255e-005,-2.62892,0.349753,-6.23801,3.32686
0.311018,372.09,8.05674e-005,-2.71448,0.304426,-6.3911,3.42608
0.311018,372.09,8.07092e-005,-2.78933,0.258186,-6.51984,3.51244
0.311018,372.09,8.08511e-005,-2.85317,0.211209,-6.6238,3.58569
0.311018,372.09,8.09929e-005,-2.90575,0.163673,-6.70265,3.64561
0.311018,372.09,8.11348e-005,-2.94686,0.115757,-6.75614,3.69204
0.311018,372.09,8.12766e-005,-2.97634,0.0676423,-6.78414,3.72488
0.311018,372.09,8.14184e-005,-2.99408,0.0195104,-6.7866,3.74407
0.311018,372.09,8.15603e-005,-3,-0.0284583,-6.76358,3.7496
0.311018,372.09,8.17021e-005,-2.99408,-0.076084,-6.71522,3.74153
0.311018,372.09,8.1844e-005,-2.97634,-0.123189,-6.64179,3.71994
0.311018,372.09,8.19858e-005,-2.94686,-0.169597,-6.54362,3.685
0.311018,372.09,8.21277e-005,-2.90575,-0.215138,-6.42115,3.63688
0.311018,372.09,8.22695e-005,-2.85317,-0.25964,-6.27492,3.57585
0.311018,372.09,8.24113e-005,-2.78933,-0.302942,-6.10554,3.5022
0.311018,372.09,8.25532e-005,-2.71448,-0.344884,-5.91373,3.41625
0.311018,372.09,8.2695e-005,-2.62892,-0.385311,-5.70029,3.31842
0.311018,372.09,8.28369e-005,-2.53298,-0.424078,-5.46609,3.20911
0.311018,372.09,8.29787e-005,-2.42705,-0.461043,-5.21208,3.0888
0.311018,372.09,8.31206e-005,-2.31154,-0.496073,-4.9393,2.95801
0.311018,372.09,8.32624e-005,-2.18691,-0.529044,-4.64884,2.81728
0.311018,372.09,8.34043e-005,-2.05364,-0.559837,-4.34188,2.6672
0.311018,372.09,8.35461e-005,-1.91227,-0.588345,-4.01963,2.50838
0.311018,372.09,8.36879e-005,-1.76336,-0.614469,-3.68339,2.34147
0.311018,372.09,8.38298e-005,-1.60748,-0.638117,-3.33448,2.16715
0.311018,372.09,8.39716e-005,-1.44526,-0.659212,-2.9743,1.98613
0.311018,372.09,8.41135e-005,-1.27734,-0.677682,-2.60425,1.79912
0.311018,372.09,8.42553e-005,-1.10437,-0.693467,-2.22581,1.60687
0.311018,372.09,8.43972e-005,-0.927051,-0.70652,-1.84045,1.41014
0.311018,372.09,8.4539e-005,-0.74607,-0.716802,-1.44969,1.20971
0.311018,372.09,8.46809e-005,-0.562144,-0.724284,-1.05505,1.00636
0.311018,372.09,8.48227e-005,-0.376,-0.728952,-0.658074,0.800888
0.311018,372.09,8.49645e-005,-0.188372,-0.730798,-0.260308,0.594093
0.311018,372.09,0.000780142,2.35368e-014,-0.672093,0.992399,-0.505929
0.311018,372.09,0.000780284,0.188372,-0.662402,1.36639,-0.696594
0.311018,372.09,0.000780426,0.376,-0.650097,1.735,-0.88451
0.311018,372.09,0.000780567,0.562144,-0.635227,2.09675,-1.06893
0.311018,372.09,0.000780709,0.74607,-0.617849,2.45023,-1.24914
0.311018,372.09,0.000780851,0.927051,-0.598033,2.79404,-1.42442
0.311018,372.09,0.000780993,1.10437,-0.575857,3.12682,-1.59407
0.311018,372.09,0.000781135,1.27734,-0.551409,3.44727,-1.75744
0.311018,372.09,0.000781277,1.44526,-0.524784,3.75411,-1.91386
0.311018,372.09,0.000781418,1.60748,-0.496088,4.04613,-2.06274
0.311018,372.09,0.00078156,1.76336,-0.465434,4.32218,-2.20347
0.311018,372.09,0.000781702,1.91227,-0.432943,4.58118,-2.33551
0.311018,372.09,0.000781844,2.05364,-0.398744,4.8221,-2.45833
0.311018,372.09,0.000781986,2.18691,-0.362971,5.04398,-2.57145
0.311018,372.09,0.000782128,2.31154,-0.325766,5.24596,-2.67442
0.311018,372.09,0.00078227,2.42705,-0.287275,5.42724,-2.76684
0.311018,372.09,0.000782411,2.53298,-0.24765,5.5871,-2.84833
0.311018,372.09,0.000782553,2.62892,-0.207048,5.7249,-2.91859
0.311018,372.09,0.000782695,2.71448,-0.165629,5.84012,-2.97733
0.311018,372.09,0.000782837,2.78933,-0.123556,5.93228,-3.02431
0.311018,372.09,0.000782979,2.85317,-0.0809951,6.00104,-3.05936
0.311018,372.09,0.000783121,2.90575,-0.0381149,6.04611,-3.08234
0.311018,372.09,0.000783262,2.94686,0.00491568,6.06732,-3.09315
0.311018,372.09,0.000783404,2.97634,0.0479269,6.06458,-3.09176
0.311018,372.09,0.000783546,2.99408,0.090749,6.03791,-3.07816
0.311018,372.09,0.000783688,3,0.133213,5.98741,-3.05242
0.311018,372.09,0.00078383,2.99408,0.175151,5.91329,-3.01463
0.311018,372.09,0.000783972,2.97634,0.216398,5.81582,-2.96494
0.311018,372.09,0.000784113,2.94686,0.256791,5.6954,-2.90355
0.311018,372.09,0.000784255,2.90575,0.29617,5.55251,-2.8307
0.311018,372.09,0.000784397,2.85317,0.334381,5.3877,-2.74668
0.311018,372.09,0.000784539,2.78933,0.371272,5.20163,-2.65182
0.311018,372.09,0.000784681,2.71448,0.406698,4.99503,-2.5465
0.311018,372.09,0.000784823,2.62892,0.440519,4.76872,-2.43112
0.311018,372.09,0.000784965,2.53298,0.472601,4.52359,-2.30615
0.311018,372.09,0.000785106,2.42705,0.502818,4.2606,-2.17208
0.311018,372.09,0.000785248,2.31154,0.53105,3.9808,-2.02944
0.311018,372.09,0.00078539,2.18691,0.557187,3.68529,-1.87878
0.311018,372.09,0.000785532,2.05364,0.581125,3.37524,-1.72072
0.311018,372.09,0.000785674,1.91227,0.60277,3.05186,-1.55586
0.311018,372.09,0.000785816,1.76336,0.622035,2.71644,-1.38486
0.311018,372.09,0.000785957,1.60748,0.638846,2.37031,-1.2084
0.311018,372.09,0.000786099,1.44526,0.653135,2.01481,-1.02716
0.311018,372.09,0.000786241,1.27734,0.664847,1.65137,-0.841877
0.311018,372.09,0.000786383,1.10437,0.673935,1.2814,-0.653268
0.311018,372.09,0.000786525,0.927051,0.680363,0.906384,-0.462081
0.311018,372.09,0.000786667,0.74607,0.684106,0.527787,-0.26907
0.311018,372.09,0.000786809,0.562144,0.68515,0.147107,-0.074997
0.311018,372.09,0.00078695,0.376,0.683489,-0.234153,0.119372
0.311018,372.09,0.000787092,0.188372,0.679131,-0.614489,0.313269
0.311018,372.09,0.000787234,8.80497e-015,0.672093,-0.9924,0.505931
0.311018,372.09,0.000787376,-0.188372,0.662402,-1.36639,0.696595
0.311018,372.09,0.000787518,-0.376,0.650097,-1.735,0.884511
0.311018,372.09,0.00078766,-0.562144,0.635226,-2.09675,1.06894
0.311018,372.09,0.000787801,-0.74607,0.617849,-2.45023,1.24914
0.311018,372.09,0.000787943,-0.927051,0.598033,-2.79404,1.42442
0.311018,372.09,0.000788085,-1.10437,0.575857,-3.12682,1.59407
0.311018,372.09,0.000788227,-1.27734,0.551408,-3.44727,1.75744
0.311018,372.09,0.000788369,-1.44526,0.524783,-3.75411,1.91386
0.311018,372.09,0.000788511,-1.60748,0.496087,-4.04613,2.06274
0.311018,372.09,0.000788652,-1.76336,0.465434,-4.32218,2.20347
0.311018,372.09,0.000788794,-1.91227,0.432943,-4.58118,2.33551
0.311018,372.09,0.000788936,-2.05364,0.398744,-4.82209,2.45833
0.311018,372.09,0.000789078,-2.18691,0.362971,-5.04398,2.57145
0.311018,372.09,0.00078922,-2.31154,0.325765,-5.24596,2.67442
0.311018,372.09,0.000789362,-2.42705,0.287274,-5.42724,2.76684
0.311018,372.09,0.000789504,-2.53298,0.24765,-5.58709,2.84833
0.311018,372.09,0.000789645,-2.62892,0.207048,-5.7249,2.91859
0.311018,372.09,0.000789787,-2.71448,0.165628,-5.84012,2.97732
0.311018,372.09,0.000789929,-2.78933,0.123555,-5.93228,3.02431
0.311018,372.09,0.000790071,-2.85317,0.0809948,-6.00104,3.05936
0.311018,372.09,0.000790213,-2.90575,0.0381146,-6.04611,3.08234
0.311018,372.09,0.000790355,-2.94686,-0.00491603,-6.06732,3.09315
0.311018,372.09,0.000790496,-2.97634,-0.0479272,-6.06458,3.09176
0.311018,372.09,0.000790638,-2.99408,-0.0907493,-6.03791,3.07816
0.311018,372.09,0.00079078,-3,-0.133213,-5.98741,3.05242
0.311018,372.09,0.000790922,-2.99408,-0.175151,-5.91328,3.01463
0.311018,372.09,0.000791064,-2.97634,-0.216398,-5.81582,2.96494
0.311018,372.09,0.000791206,-2.94686,-0.256791,-5.6954,2.90355
0.311018,372.09,0.000791348,-2.90575,-0.296171,-5.55251,2.8307
0.311018,372.09,0.000791489,-2.85317,-0.334381,-5.3877,2.74668
0.311018,372.09,0.000791631,-2.78933,-0.371272,-5.20163,2.65182
0.311018,372.09,0.000791773,-2.71448,-0.406698,-4.99503,2.54649
0.311018,372.09,0.000791915,-2.62892,-0.440519,-4.76872,2.43112
0.311018,372.09,0.000792057,-2.53298,-0.472601,-4.52358,2.30615
0.311018,372.09,0.000792199,-2.42705,-0.502818,-4.2606,2.17208
0.311018,372.09,0.00079234,-2.31154,-0.531051,-3.9808,2.02943
0.311018,372.09,0.000792482,-2.18691,-0.557187,-3.68529,1.87878
0.311018,372.09,0.000792624,-2.05364,-0.581125,-3.37524,1.72071
0.311018,372.09,0.000792766,-1.91227,-0.60277,-3.05186,1.55586
0.311018,372.09,0.000792908,-1.76336,-0.622035,-2.71644,1.38486
0.311018,372.09,0.00079305,-1.60748,-0.638846,-2.3703,1.20839
0.311018,372.09,0.000793191,-1.44526,-0.653135,-2.01481,1.02716
0.311018,372.09,0.000793333,-1.27734,-0.664847,-1.65136,0.841874
0.311018,372.09,0.000793475,-1.10437,-0.673935,-1.2814,0.653265
0.311018,372.09,0.000793617,-0.927051,-0.680363,-0.906381,0.462078
0.311018,372.09,0.000793759,-0.74607,-0.684106,-0.527784,0.269067
0.311018,372.09,0.000793901,-0.562144,-0.68515,-0.147105,0.0749944
0.311018,372.09,0.000794043,-0.376,-0.683489,0.234156,-0.119374
0.311018,372.09,0.000794184,-0.188372,-0.679131,0.614492,-0.313272
0.311018,372.09,0.000794326,1.29383e-013,-0.672093,0.992403,-0.505933
0.311018,372.09,0.000794468,0.188372,-0.662402,1.3664,-0.696598
0.311018,372.09,0.00079461,0.376,-0.650097,1.735,-0.884513
0.311018,372.09,0.000794752,0.562144,-0.635226,2.09675,-1.06894
0.311018,372.09,0.000794894,0.74607,-0.617849,2.45023,-1.24914
0.311018,372.09,0.000795035,0.927051,-0.598033,2.79404,-1.42442
0.311018,372.09,0.000795177,1.10437,-0.575857,3.12683,-1.59407
0.311018,372.09,0.000795319,1.27734,-0.551408,3.44727,-1.75744
0.311018,372.09,0.000795461,1.44526,-0.524783,3.75411,-1.91387
0.311018,372.09,0.000795603,1.60748,-0.496087,4.04613,-2.06274
0.311018,372.09,0.000795745,1.76336,-0.465433,4.32218,-2.20347
0.311018,372.09,0.000795887,1.91227,-0.432943,4.58118,-2.33551
0.311018,372.09,0.000796028,2.05364,-0.398743,4.8221,-2.45833
0.311018,372.09,0.00079617,2.18691,-0.362971,5.04398,-2.57145
0.311018,372.09,0.000796312,2.31154,-0.325765,5.24596,-2.67442
0.311018,372.09,0.000796454,2.42705,-0.287274,5.42724,-2.76684
0.311018,372.09,0.000796596,2.53298,-0.247649,5.5871,-2.84833
0.311018,372.09,0.000796738,2.62892,-0.207047,5.7249,-2.91859
0.311018,372.09,0.000796879,2.71448,-0.165628,5.84012,-2.97733
0.311018,372.09,0.000797021,2.78933,-0.123555,5.93228,-3.02431
0.311018,372.09,0.000797163,2.85317,-0.0809944,6.00104,-3.05936
0.311018,372.09,0.000797305,2.90575,-0.0381142,6.04611,-3.08234
0.311018,372.09,0.000797447,2.94686,0.00491641,6.06732,-3.09315
0.311018,372.09,0.000797589,2.97634,0.0479276,6.06458,-3.09176
0.311018,372.09,0.00079773,2.99408,0.0907497,6.03791,-3.07816
0.311018,372.09,0.000797872,3,0.133214,5.98741,-3.05242
0.311018,372.09,0.000798014,2.99408,0.175152,5.91328,-3.01463
0.311018,372.09,0.000798156,2.97634,0.216399,5.81582,-2.96494
0.311018,372.09,0.000798298,2.94686,0.256792,5.6954,-2.90355
0.311018,372.09,0.00079844,2.90575,0.296171,5.55251,-2.8307
0.311018,372.09,0.000798582,2.85317,0.334382,5.3877,-2.74668
0.311018,372.09,0.000798723,2.78933,0.371273,5.20163,-2.65182
0.311018,372.09,0.000798865,2.71448,0.406698,4.99503,-2.54649
0.311018,372.09,0.000799007,2.62892,0.440519,4.76872,-2.43112
0.311018,372.09,0.000799149,2.53298,0.472601,4.52358,-2.30615
0.311018,372.09,0.000799291,2.42705,0.502818,4.2606,-2.17208
0.311018,372.09,0.000799433,2.31154,0.531051,3.9808,-2.02943
0.311018,372.09,0.000799574,2.18691,0.557188,3.68529,-1.87878
0.311018,372.09,0.000799716,2.05364,0.581126,3.37523,-1.72071
0.311018,372.09,0.000799858,1.91227,0.60277,3.05186,-1.55586
0.311018,372.09,0.0008,1.76336,0.622035,2.71644,-1.38486
0.311018,372.09,0.000800142,1.60748,0.638846,2.3703,-1.20839
0.311018,372.09,0.000800284,1.44526,0.653136,2.01481,-1.02716
0.311018,372.09,0.000800426,1.27734,0.664847,1.65136,-0.841873
0.311018,372.09,0.000800567,1.10437,0.673935,1.2814,-0.653264
0.311018,372.09,0.000800709,0.927051,0.680363,0.90638,-0.462077
0.311018,372.09,0.000800851,0.74607,0.684107,0.527783,-0.269066
0.311018,372.09,0.000800993,0.562144,0.68515,0.147103,-0.0749928
0.311018,372.09,0.000801135,0.376,0.683489,-0.234157,0.119376
0.311018,372.09,0.000801277,0.188372,0.679131,-0.614494,0.313274
0.311018,372.09,0.000801418,-9.70417e-014,0.672093,-0.992405,0.505935
0.311018,372.09,0.00080156,-0.188372,0.662402,-1.3664,0.6966
0.311018,372.09,0.000801702,-0.376,0.650097,-1.735,0.884515
0.311018,372.09,0.000801844,-0.562144,0.635226,-2.09676,1.06894
0.311018,372.09,0.000801986,-0.74607,0.617849,-2.45024,1.24915
0.311018,372.09,0.000802128,-0.927051,0.598033,-2.79405,1.42442
0.311018,372.09,0.00080227,-1.10437,0.575857,-3.12683,1.59408
0.311018,372.09,0.000802411,-1.27734,0.551408,-3.44727,1.75744
0.311018,372.09,0.000802553,-1.44526,0.524783,-3.75411,1.91387
0.311018,372.09,0.000802695,-1.60748,0.496087,-4.04613,2.06274
0.311018,372.09,0.000802837,-1.76336,0.465433,-4.32219,2.20348
0.311018,372.09,0.000802979,-1.91227,0.432943,-4.58118,2.33551
0.311018,372.09,0.000803121,-2.05364,0.398744,-4.8221,2.45834
0.311018,372.09,0.000803262,-2.18691,0.362971,-5.04398,2.57145
0.311018,372.09,0.000803404,-2.31154,0.325765,-5.24596,2.67442
0.311018,372.09,0.000803546,-2.42705,0.287274,-5.42724,2.76684
0.311018,372.09,0.000803688,-2.53298,0.247649,-5.5871,2.84834
0.311018,372.09,0.00080383,-2.62892,0.207047,-5.72491,2.91859
0.311018,372.09,0.000803972,-2.71448,0.165628,-5.84012,2.97733
0.311018,372.09,0.000804113,-2.78933,0.123555,-5.93229,3.02431
0.311018,372.09,0.000804255,-2.85317,0.0809943,-6.00104,3.05937
0.311018,372.09,0.000804397,-2.90575,0.0381141,-6.04611,3.08234
0.311018,372.09,0.000804539,-2.94686,-0.00491654,-6.06732,3.09316
0.311018,372.09,0.000804681,-2.97634,-0.0479278,-6.06458,3.09176
0.311018,372.09,0.000804823,-2.99408,-0.0907498,-6.03791,3.07816
0.311018,372.09,0.000804965,-3,-0.133214,-5.98741,3.05242
0.311018,372.09,0.000805106,-2.99408,-0.175152,-5.91329,3.01463
0.311018,372.09,0.000805248,-2.97634,-0.216399,-5.81582,2.96494
0.311018,372.09,0.00080539,-2.94686,-0.256792,-5.6954,2.90355
0.311018,372.09,0.000805532,-2.90575,-0.296171,-5.55251,2.8307
0.311018,372.09,0.000805674,-2.85317,-0.334382,-5.3877,2.74668
0.311018,372.09,0.000805816,-2.78933,-0.371273,-5.20163,2.65182
0.311018,372.09,0.000805957,-2.71448,-0.406699,-4.99503,2.5465
0.311018,372.09,0.000806099,-2.62892,-0.440519,-4.76872,2.43112
0.311018,372.09,0.000806241,-2.53298,-0.472602,-4.52358,2.30615
0.311018,372.09,0.000806383,-2.42705,-0.502819,-4.2606,2.17208
0.311018,372.09,0.000806525,-2.31154,-0.531051,-3.9808,2.02943
0.311018,372.09,0.000806667,-2.18691,-0.557188,-3.68529,1.87878
0.311018,372.09,0.000806809,-2.05364,-0.581126,-3.37524,1.72071
0.311018,372.09,0.00080695,-1.91227,-0.60277,-3.05186,1.55586
0.311018,372.09,0.000807092,-1.76336,-0.622036,-2.71644,1.38486
0.311018,372.09,0.000807234,-1.60748,-0.638846,-2.3703,1.20839
0.311018,372.09,0.000807376,-1.44526,-0.653136,-2.01481,1.02716
0.311018,372.09,0.000807518,-1.27734,-0.664848,-1.65136,0.841874
0.311018,372.09,0.00080766,-1.10437,-0.673936,-1.2814,0.653264
0.311018,372.09,0.000807801,-0.927051,-0.680364,-0.90638,0.462077
0.311018,372.09,0.000807943,-0.74607,-0.684107,-0.527783,0.269066
0.311018,372.09,0.000808085,-0.562144,-0.68515,-0.147103,0.0749931
0.311018,372.09,0.000808227,-0.376,-0.68349,0.234157,-0.119376
0.311018,372.09,0.000808369,-0.188372,-0.679131,0.614494,-0.313274
0.311018,372.09,0.000808511,6.46999e-014,-0.672093,0.992405,-0.505935
0.311018,372.09,0.000808652,0.188372,-0.662402,1.3664,-0.6966
0.311018,372.09,0.000808794,0.376,-0.650097,1.735,-0.884515
0.311018,372.09,0.000808936,0.562144,-0.635227,2.09676,-1.06894
0.311018,372.09,0.000809078,0.74607,-0.617849,2.45024,-1.24915
0.311018,372.09,0.00080922,0.927051,-0.598033,2.79405,-1.42442
0.311018,372.09,0.000809362,1.10437,-0.575857,3.12683,-1.59408
0.311018,372.09,0.000809504,1.27734,-0.551408,3.44727,-1.75744
0.311018,372.09,0.000809645,1.44526,-0.524783,3.75411,-1.91387
0.311018,372.09,0.000809787,1.60748,-0.496088,4.04613,-2.06274
0.311018,372.09,0.000809929,1.76336,-0.465434,4.32219,-2.20348
0.311018,372.09,0.000810071,1.91227,-0.432943,4.58118,-2.33552
0.311018,372.09,0.000810213,2.05364,-0.398744,4.8221,-2.45834
0.311018,372.09,0.000810355,2.18691,-0.362971,5.04399,-2.57146
0.311018,372.09,0.000810496,2.31154,-0.325765,5.24597,-2.67443
0.311018,372.09,0.000810638,2.42705,-0.287274,5.42724,-2.76684
0.311018,372.09,0.00081078,2.53298,-0.247649,5.5871,-2.84834
0.311018,372.09,0.000810922,2.62892,-0.207047,5.72491,-2.91859
0.311018,372.09,0.000811064,2.71448,-0.165628,5.84012,-2.97733
0.311018,372.09,0.000811206,2.78933,-0.123555,5.93229,-3.02432
0.311018,372.09,0.000811348,2.85317,-0.0809945,6.00104,-3.05937
0.311018,372.09,0.000811489,2.90575,-0.0381142,6.04611,-3.08234
0.311018,372.09,0.000811631,2.94686,0.0049164,6.06732,-3.09316
0.311018,372.09,0.000811773,2.97634,0.0479276,6.06458,-3.09176
0.311018,372.09,0.000811915,2.99408,0.0907497,6.03791,-3.07817
0.311018,372.09,0.000812057,3,0.133214,5.98742,-3.05242
0.311018,372.09,0.000812199,2.99408,0.175152,5.91329,-3.01463
0.311018,372.09,0.00081234,2.97634,0.216399,5.81582,-2.96494
0.311018,372.09,0.000812482,2.94686,0.256792,5.6954,-2.90355
0.311018,372.09,0.000812624,2.90575,0.296171,5.55251,-2.8307
0.311018,372.09,0.000812766,2.85317,0.334382,5.3877,-2.74668
0.311018,372.09,0.000812908,2.78933,0.371273,5.20163,-2.65182
0.311018,372.09,0.00081305,2.71448,0.406699,4.99503,-2.5465
0.311018,372.09,0.000813191,2.62892,0.440519,4.76872,-2.43112
0.311018,372.09,0.000813333,2.53298,0.472602,4.52359,-2.30615
0.311018,372.09,0.000813475,2.42705,0.502819,4.2606,-2.17208
0.311018,372.09,0.000813617,2.31154,0.531051,3.9808,-2.02944
0.311018,372.09,0.000813759,2.18691,0.557188,3.68529,-1.87878
0.311018,372.09,0.000813901,2.05364,0.581126,3.37524,-1.72072
0.311018,372.09,0.000814043,1.91227,0.60277,3.05186,-1.55586
0.311018,372.09,0.000814184,1.76336,0.622036,2.71644,-1.38486
0.311018,372.09,0.000814326,1.60748,0.638847,2.3703,-1.2084
0.311018,372.09,0.000814468,1.44526,0.653136,2.01481,-1.02716
0.311018,372.09,0.00081461,1.27734,0.664848,1.65136,-0.841875
0.311018,372.09,0.000814752,1.10437,0.673936,1.2814,-0.653266
0.311018,372.09,0.000814894,0.927051,0.680364,0.906381,-0.462079
0.311018,372.09,0.000815035,0.74607,0.684107,0.527784,-0.269068
0.311018,372.09,0.000815177,0.562144,0.68515,0.147104,-0.0749946
0.311018,372.09,0.000815319,0.376,0.68349,-0.234156,0.119374
0.311018,372.09,0.000815461,0.188372,0.679132,-0.614492,0.313272
0.311018,372.09,0.000815603,-3.23581e-014,0.672093,-0.992404,0.505934
0.311018,372.09,0.000815745,-0.188372,0.662403,-1.3664,0.696598
0.311018,372.09,0.000815887,-0.376,0.650098,-1.735,0.884514
0.311018,372.09,0.000816028,-0.562144,0.635227,-2.09676,1.06894
0.311018,372.09,0.00081617,-0.74607,0.617849,-2.45024,1.24914
0.311018,372.09,0.000816312,-0.927051,0.598033,-2.79405,1.42442
0.311018,372.09,0.000816454,-1.10437,0.575857,-3.12683,1.59408
0.311018,372.09,0.000816596,-1.27734,0.551409,-3.44727,1.75744
0.311018,372.09,0.000816738,-1.44526,0.524784,-3.75411,1.91387
0.311018,372.09,0.000816879,-1.60748,0.496088,-4.04613,2.06274
0.311018,372.09,0.000817021,-1.76336,0.465434,-4.32219,2.20348
0.311018,372.09,0.000817163,-1.91227,0.432943,-4.58118,2.33551
0.311018,372.09,0.000817305,-2.05364,0.398744,-4.8221,2.45834
0.311018,372.09,0.000817447,-2.18691,0.362971,-5.04399,2.57145
0.311018,372.09,0.000817589,-2.31154,0.325766,-5.24597,2.67443
0.311018,372.09,0.00081773,-2.42705,0.287275,-5.42724,2.76684
0.311018,372.09,0.000817872,-2.53298,0.24765,-5.5871,2.84834
0.311018,372.09,0.000818014,-2.62892,0.207048,-5.72491,2.91859
0.311018,372.09,0.000818156,-2.71448,0.165628,-5.84012,2.97733
0.311018,372.09,0.000818298,-2.78933,0.123555,-5.93229,3.02432
0.311018,372.09,0.00081844,-2.85317,0.0809947,-6.00104,3.05937
0.311018,372.09,0.000818582,-2.90575,0.0381145,-6.04611,3.08234
0.311018,372.09,0.000818723,-2.94686,-0.00491613,-6.06732,3.09316
0.311018,372.09,0.000818865,-2.97634,-0.0479274,-6.06459,3.09176
0.311018,372.09,0.000819007,-2.99408,-0.0907495,-6.03792,3.07817
0.311018,372.09,0.000819149,-3,-0.133213,-5.98742,3.05242
0.311018,372.09,0.000819291,-2.99408,-0.175152,-5.91329,3.01463
0.311018,372.09,0.000819433,-2.97634,-0.216399,-5.81582,2.96494
0.311018,372.09,0.000819574,-2.94686,-0.256792,-5.69541,2.90355
0.311018,372.09,0.000819716,-2.90575,-0.296171,-5.55251,2.8307
0.311018,372.09,0.000819858,-2.85317,-0.334382,-5.3877,2.74668
0.311018,372.09,0.00082,-2.78933,-0.371273,-5.20163,2.65182
0.311018,372.09,0.000820142,-2.71448,-0.406698,-4.99503,2.5465
0.311018,372.09,0.000820284,-2.62892,-0.440519,-4.76872,2.43112
0.311018,372.09,0.000820426,-2.53298,-0.472601,-4.52359,2.30615
0.311018,372.09,0.000820567,-2.42705,-0.502818,-4.2606,2.17208
0.311018,372.09,0.000820709,-2.31154,-0.531051,-3.9808,2.02944
0.311018,372.09,0.000820851,-2.18691,-0.557188,-3.68529,1.87878
0.311018,372.09,0.000820993,-2.05364,-0.581126,-3.37524,1.72072
0.311018,372.09,0.000821135,-1.91227,-0.60277,-3.05186,1.55586
0.311018,372.09,0.000821277,-1.76336,-0.622036,-2.71644,1.38486
0.311018,372.09,0.000821418,-1.60748,-0.638846,-2.37031,1.2084
0.311018,372.09,0.00082156,-1.44526,-0.653136,-2.01481,1.02716
0.311018,372.09,0.000821702,-1.27734,-0.664848,-1.65137,0.841877
0.311018,372.09,0.000821844,-1.10437,-0.673936,-1.2814,0.653267
0.311018,372.09,0.000821986,-0.927051,-0.680364,-0.906383,0.46208
0.311018,372.09,0.000822128,-0.74607,-0.684107,-0.527786,0.269069
0.311018,372.09,0.00082227,-0.562144,-0.68515,-0.147106,0.0749961
0.311018,372.09,0.000822411,-0.376,-0.68349,0.234155,-0.119373
0.311018,372.09,0.000822553,-0.188372,-0.679132,0.614491,-0.313271
0.311018,372.09,0.000822695,1.6263e-017,-0.672093,0.992402,-0.505932
0.311018,372.09,0.000822837,0.188372,-0.662402,1.3664,-0.696597
0.311018,372.09,0.000822979,0.376,-0.650098,1.735,-0.884512
0.311018,372.09,0.000823121,0.562144,-0.635227,2.09675,-1.06894
0.311018,372.09,0.000823262,0.74607,-0.617849,2.45023,-1.24914
0.311018,372.09,0.000823404,0.927051,-0.598033,2.79404,-1.42442
0.311018,372.09,0.000823546,1.10437,-0.575857,3.12683,-1.59407
0.311018,372.09,0.000823688,1.27734,-0.551409,3.44727,-1.75744
0.311018,372.09,0.00082383,1.44526,-0.524784,3.75411,-1.91387
0.311018,372.09,0.000823972,1.60748,-0.496088,4.04613,-2.06274
0.311018,372.09,0.000824113,1.76336,-0.465434,4.32218,-2.20348
0.311018,372.09,0.000824255,1.91227,-0.432943,4.58118,-2.33551
0.311018,372.09,0.000824397,2.05364,-0.398744,4.8221,-2.45833
0.311018,372.09,0.000824539,2.18691,-0.362971,5.04398,-2.57145
0.311018,372.09,0.000824681,2.31154,-0.325766,5.24596,-2.67442
0.311018,372.09,0.000824823,2.42705,-0.287275,5.42724,-2.76684
0.311018,372.09,0.000824965,2.53298,-0.24765,5.5871,-2.84834
0.311018,372.09,0.000825106,2.62892,-0.207048,5.72491,-2.91859
0.311018,372.09,0.000825248,2.71448,-0.165628,5.84012,-2.97733
0.311018,372.09,0.00082539,2.78933,-0.123555,5.93229,-3.02431
0.311018,372.09,0.000825532,2.85317,-0.0809949,6.00104,-3.05937
0.311018,372.09,0.000825674,2.90575,-0.0381147,6.04611,-3.08234
0.311018,372.09,0.000825816,2.94686,0.00491596,6.06732,-3.09316
0.311018,372.09,0.000825957,2.97634,0.0479272,6.06458,-3.09176
0.311018,372.09,0.000826099,2.99408,0.0907493,6.03791,-3.07817
0.311018,372.09,0.000826241,3,0.133213,5.98742,-3.05242
0.311018,372.09,0.000826383,2.99408,0.175151,5.91329,-3.01463
0.311018,372.09,0.000826525,2.97634,0.216398,5.81582,-2.96494
0.311018,372.09,0.000826667,2.94686,0.256791,5.6954,-2.90355
0.311018,372.09,0.000826809,2.90575,0.296171,5.55251,-2.8307
0.311018,372.09,0.00082695,2.85317,0.334381,5.3877,-2.74668
0.311018,372.09,0.000827092,2.78933,0.371272,5.20163,-2.65182
0.311018,372.09,0.000827234,2.71448,0.406698,4.99503,-2.5465
0.311018,372.09,0.000827376,2.62892,0.440519,4.76872,-2.43112
0.311018,372.09,0.000827518,2.53298,0.472601,4.52359,-2.30615
0.311018,372.09,0.00082766,2.42705,0.502818,4.2606,-2.17208
0.311018,372.09,0.000827801,2.31154,0.531051,3.9808,-2.02944
0.311018,372.09,0.000827943,2.18691,0.557188,3.68529,-1.87878
0.311018,372.09,0.000828085,2.05364,0.581125,3.37524,-1.72072
0.311018,372.09,0.000828227,1.91227,0.60277,3.05186,-1.55586
0.311018,372.09,0.000828369,1.76336,0.622035,2.71644,-1.38486
0.311018,372.09,0.000828511,1.60748,0.638846,2.37031,-1.2084
0.311018,372.09,0.000828652,1.44526,0.653136,2.01481,-1.02716
0.311018,372.09,0.000828794,1.27734,0.664847,1.65137,-0.841877
0.311018,372.09,0.000828936,1.10437,0.673935,1.2814,-0.653268
0.311018,372.09,0.000829078,0.927051,0.680364,0.906383,-0.46208
0.311018,372.09,0.00082922,0.74607,0.684107,0.527786,-0.269069
0.311018,372.09,0.000829362,0.562144,0.68515,0.147106,-0.0749965
0.311018,372.09,0.000829504,0.376,0.683489,-0.234154,0.119372
0.311018,372.09,0.000829645,0.188372,0.679131,-0.61449,0.31327
0.311018,372.09,0.000829787,3.23255e-014,0.672093,-0.992401,0.505931
0.311018,372.09,0.000829929,-0.188372,0.662402,-1.3664,0.696596
0.311018,372.09,0.000830071,-0.376,0.650097,-1.735,0.884512
0.311018,372.09,0.000830213,-0.562144,0.635227,-2.09675,1.06894
0.311018,372.09,0.000830355,-0.74607,0.617849,-2.45023,1.24914
0.311018,372.09,0.000830496,-0.927051,0.598033,-2.79404,1.42442
0.311018,372.09,0.000830638,-1.10437,0.575857,-3.12683,1.59407
0.311018,372.09,0.00083078,-1.27734,0.551409,-3.44727,1.75744
0.311018,372.09,0.000830922,-1.44526,0.524784,-3.75411,1.91387
0.311018,372.09,0.000831064,-1.60748,0.496088,-4.04613,2.06274
0.311018,372.09,0.000831206,-1.76336,0.465434,-4.32218,2.20347
0.311018,372.09,0.000831348,-1.91227,0.432943,-4.58118,2.33551
0.311018,372.09,0.000831489,-2.05364,0.398744,-4.8221,2.45833
0.311018,372.09,0.000831631,-2.18691,0.362971,-5.04398,2.57145
0.311018,372.09,0.000831773,-2.31154,0.325766,-5.24596,2.67442
0.311018,372.09,0.000831915,-2.42705,0.287275,-5.42724,2.76684
0.311018,372.09,0.000832057,-2.53298,0.24765,-5.5871,2.84833
0.311018,372.09,0.000832199,-2.62892,0.207048,-5.7249,2.91859
0.311018,372.09,0.00083234,-2.71448,0.165628,-5.84012,2.97733
0.311018,372.09,0.000832482,-2.78933,0.123555,-5.93228,3.02431
0.311018,372.09,0.000832624,-2.85317,0.0809949,-6.00104,3.05936
0.311018,372.09,0.000832766,-2.90575,0.0381147,-6.04611,3.08234
0.311018,372.09,0.000832908,-2.94686,-0.00491597,-6.06732,3.09315
0.311018,372.09,0.00083305,-2.97634,-0.0479272,-6.06458,3.09176
0.311018,372.09,0.000833191,-2.99408,-0.0907493,-6.03791,3.07816
0.311018,372.09,0.000833333,-3,-0.133213,-5.98741,3.05242
0.311018,372.09,0.000833475,-2.99408,-0.175151,-5.91329,3.01463
0.311018,372.09,0.000833617,-2.97634,-0.216398,-5.81582,2.96494
0.311018,372.09,0.000833759,-2.94686,-0.256791,-5.6954,2.90355
0.311018,372.09,0.000833901,-2.90575,-0.296171,-5.55251,2.8307
0.311018,372.09,0.000834043,-2.85317,-0.334381,-5.3877,2.74668
0.311018,372.09,0.000834184,-2.78933,-0.371272,-5.20163,2.65182
0.311018,372.09,0.000834326,-2.71448,-0.406698,-4.99503,2.5465
0.311018,372.09,0.000834468,-2.62892,-0.440519,-4.76872,2.43112
0.311018,372.09,0.00083461,-2.53298,-0.472601,-4.52359,2.30615
0.311018,372.09,0.000834752,-2.42705,-0.502818,-4.2606,2.17208
0.311018,372.09,0.000834894,-2.31154,-0.531051,-3.9808,2.02944
0.311018,372.09,0.000835035,-2.18691,-0.557188,-3.68529,1.87878
0.311018,372.09,0.000835177,-2.05364,-0.581125,-3.37524,1.72072
0.311018,372.09,0.000835319,-1.91227,-0.60277,-3.05186,1.55586
0.311018,372.09,0.000835461,-1.76336,-0.622035,-2.71644,1.38486
0.311018,372.09,0.000835603,-1.60748,-0.638846,-2.3703,1.2084
0.311018,372.09,0.000835745,-1.44526,-0.653135,-2.01481,1.02716
0.311018,372.09,0.000835887,-1.27734,-0.664847,-1.65137,0.841876
0.311018,372.09,0.000836028,-1.10437,-0.673935,-1.2814,0.653267
0.311018,372.09,0.00083617,-0.927051,-0.680363,-0.906383,0.46208
0.311018,372.09,0.000836312,-0.74607,-0.684107,-0.527786,0.269069
0.311018,372.09,0.000836454,-0.562144,-0.68515,-0.147106,0.0749958
0.311018,372.09,0.000836596,-0.376,-0.683489,0.234154,-0.119373
0.311018,372.09,0.000836738,-0.188372,-0.679131,0.614491,-0.313271
0.311018,372.09,0.000836879,-6.46673e-014,-0.672093,0.992402,-0.505932
0.311018,372.09,0.000837021,0.188372,-0.662402,1.3664,-0.696597
0.311018,372.09,0.000837163,0.376,-0.650097,1.735,-0.884512
0.311018,372.09,0.000837305,0.562144,-0.635227,2.09675,-1.06894
0.311018,372.09,0.000837447,0.74607,-0.617849,2.45023,-1.24914
0.311018,372.09,0.000837589,0.927051,-0.598033,2.79404,-1.42442
0.311018,372.09,0.00083773,1.10437,-0.575857,3.12683,-1.59407
0.311018,372.09,0.000837872,1.27734,-0.551408,3.44727,-1.75744
0.311018,372.09,0.000838014,1.44526,-0.524783,3.75411,-1.91387
0.311018,372.09,0.000838156,1.60748,-0.496088,4.04613,-2.06274
0.311018,372.09,0.000838298,1.76336,-0.465434,4.32218,-2.20347
0.311018,372.09,0.00083844,1.91227,-0.432943,4.58118,-2.33551
0.311018,372.09,0.000838582,2.05364,-0.398744,4.8221,-2.45833
0.311018,372.09,0.000838723,2.18691,-0.362971,5.04398,-2.57145
0.311018,372.09,0.000838865,2.31154,-0.325765,5.24596,-2.67442
0.311018,372.09,0.000839007,2.42705,-0.287274,5.42724,-2.76684
0.311018,372.09,0.000839149,2.53298,-0.24765,5.5871,-2.84833
0.311018,372.09,0.000839291,2.62892,-0.207047,5.7249,-2.91859
0.311018,372.09,0.000839433,2.71448,-0.165628,5.84012,-2.97733
0.311018,372.09,0.000839574,2.78933,-0.123555,5.93228,-3.02431
0.311018,372.09,0.000839716,2.85317,-0.0809947,6.00104,-3.05936
0.311018,372.09,0.000839858,2.90575,-0.0381145,6.04611,-3.08234
0.311018,372.09,0.00084,2.94686,0.00491612,6.06732,-3.09315
0.311018,372.09,0.000840142,2.97634,0.0479273,6.06458,-3.09176
0.311018,372.09,0.000840284,2.99408,0.0907494,6.03791,-3.07816
0.311018,372.09,0.000840426,3,0.133213,5.98741,-3.05242
0.311018,372.09,0.000840567,2.99408,0.175152,5.91329,-3.01463
0.311018,372.09,0.000840709,2.97634,0.216398,5.81582,-2.96494
0.311018,372.09,0.000840851,2.94686,0.256791,5.6954,-2.90355
0.311018,372.09,0.000840993,2.90575,0.296171,5.55251,-2.8307
0.311018,372.09,0.000841135,2.85317,0.334382,5.3877,-2.74668
0.311018,372.09,0.000841277,2.78933,0.371273,5.20163,-2.65182
0.311018,372.09,0.000841418,2.71448,0.406698,4.99503,-2.5465
0.311018,372.09,0.00084156,2.62892,0.440519,4.76872,-2.43112
0.311018,372.09,0.000841702,2.53298,0.472601,4.52358,-2.30615
0.311018,372.09,0.000841844,2.42705,0.502818,4.2606,-2.17208
0.311018,372.09,0.000841986,2.31154,0.531051,3.9808,-2.02944
0.311018,372.09,0.000842128,2.18691,0.557188,3.68529,-1.87878
0.311018,372.09,0.00084227,2.05364,0.581125,3.37524,-1.72072
0.311018,372.09,0.000842411,1.91227,0.60277,3.05186,-1.55586
0.311018,372.09,0.000842553,1.76336,0.622035,2.71644,-1.38486
0.311018,372.09,0.000842695,1.60748,0.638846,2.3703,-1.20839
0.311018,372.09,0.000842837,1.44526,0.653135,2.01481,-1.02716
0.311018,372.09,0.000842979,1.27734,0.664847,1.65136,-0.841875
0.311018,372.09,0.000843121,1.10437,0.673935,1.2814,-0.653266
0.311018,372.09,0.000843262,0.927051,0.680363,0.906382,-0.462078
0.311018,372.09,0.000843404,0.74607,0.684107,0.527785,-0.269068
0.311018,372.09,0.000843546,0.562144,0.68515,0.147105,-0.0749947
0.311018,372.09,0.000843688,0.376,0.683489,-0.234155,0.119374
0.311018,372.09,0.00084383,0.188372,0.679131,-0.614492,0.313272
0.311018,372.09,0.000843972,9.70092e-014,0.672093,-0.992403,0.505933
0.311018,372.09,0.000844113,-0.188372,0.662402,-1.3664,0.696598
0.311018,372.09,0.000844255,-0.376,0.650097,-1.735,0.884513
0.311018,372.09,0.000844397,-0.562144,0.635227,-2.09675,1.06894
0.311018,372.09,0.000844539,-0.74607,0.617849,-2.45023,1.24914
0.311018,372.09,0.000844681,-0.927051,0.598033,-2.79404,1.42442
0.311018,372.09,0.000844823,-1.10437,0.575857,-3.12683,1.59407
0.311018,372.09,0.000844965,-1.27734,0.551408,-3.44727,1.75744
0.311018,372.09,0.000845106,-1.44526,0.524783,-3.75411,1.91387
0.311018,372.09,0.000845248,-1.60748,0.496087,-4.04613,2.06274
0.311018,372.09,0.00084539,-1.76336,0.465434,-4.32218,2.20348
0.311018,372.09,0.000845532,-1.91227,0.432943,-4.58118,2.33551
0.311018,372.09,0.000845674,-2.05364,0.398744,-4.8221,2.45833
0.311018,372.09,0.000845816,-2.18691,0.362971,-5.04398,2.57145
0.311018,372.09,0.000845957,-2.31154,0.325765,-5.24596,2.67442
0.311018,372.09,0.000846099,-2.42705,0.287274,-5.42724,2.76684
0.311018,372.09,0.000846241,-2.53298,0.247649,-5.5871,2.84834
0.311018,372.09,0.000846383,-2.62892,0.207047,-5.7249,2.91859
0.311018,372.09,0.000846525,-2.71448,0.165628,-5.84012,2.97733
0.311018,372.09,0.000846667,-2.78933,0.123555,-5.93228,3.02431
0.311018,372.09,0.000846809,-2.85317,0.0809946,-6.00104,3.05936
0.311018,372.09,0.00084695,-2.90575,0.0381144,-6.04611,3.08234
0.311018,372.09,0.000847092,-2.94686,-0.00491627,-6.06732,3.09315
0.311018,372.09,0.000847234,-2.97634,-0.0479275,-6.06458,3.09176
0.311018,372.09,0.000847376,-2.99408,-0.0907496,-6.03791,3.07816
0.311018,372.09,0.000847518,-3,-0.133213,-5.98741,3.05242
0.311018,372.09,0.00084766,-2.99408,-0.175152,-5.91329,3.01463
0.311018,372.09,0.000847801,-2.97634,-0.216399,-5.81582,2.96494
0.311018,372.09,0.000847943,-2.94686,-0.256792,-5.6954,2.90355
0.311018,372.09,0.000848085,-2.90575,-0.296171,-5.55251,2.8307
0.311018,372.09,0.000848227,-2.85317,-0.334382,-5.3877,2.74668
0.311018,372.09,0.000848369,-2.78933,-0.371273,-5.20163,2.65182
0.311018,372.09,0.000848511,-2.71448,-0.406698,-4.99503,2.5465
0.311018,372.09,0.000848652,-2.62892,-0.440519,-4.76872,2.43112
0.311018,372.09,0.000848794,-2.53298,-0.472601,-4.52358,2.30615
0.311018,372.09,0.000848936,-2.42705,-0.502818,-4.2606,2.17208
0.311018,372.09,0.000849078,-2.31154,-0.531051,-3.9808,2.02944
0.311018,372.09,0.00084922,-2.18691,-0.557188,-3.68529,1.87878
0.311018,372.09,0.000849362,-2.05364,-0.581126,-3.37524,1.72071
0.311018,372.09,0.000849504,-1.91227,-0.60277,-3.05186,1.55586
0.311018,372.09,0.000849645,-1.76336,-0.622036,-2.71644,1.38486
0.311018,372.09,0.000849787,-1.60748,-0.638846,-2.3703,1.20839
0.311018,372.09,0.000849929,-1.44526,-0.653136,-2.01481,1.02716
0.311018,372.09,0.000850071,-1.27734,-0.664847,-1.65136,0.841874
0.311018,372.09,0.000850213,-1.10437,-0.673935,-1.2814,0.653265
0.311018,372.09,0.000850355,-0.927051,-0.680364,-0.906381,0.462078
0.311018,372.09,0.000850496,-0.74607,-0.684107,-0.527784,0.269067
0.311018,372.09,0.000850638,-0.562144,-0.68515,-0.147104,0.0749941
0.311018,372.09,0.00085078,-0.376,-0.683489,0.234156,-0.119375
0.311018,372.09,0.000850922,-0.188372,-0.679131,0.614492,-0.313272
0.311018,372.09,0.000851064,-1.29351e-013,-0.672093,0.992404,-0.505934
