Amp, Phaseshift, Time, Vd, Vr, VL, VC
0.933685,371.839,0,0,0,0,0
0.933685,371.839,1.76991e-007,0.188372,0.001667,0.188372,0
0.933685,371.839,3.53982e-007,0.376,0.00497968,0.374333,0.00059009
0.933685,371.839,5.30973e-007,0.562144,0.00990512,0.556574,0.00235281
0.933685,371.839,7.07965e-007,0.74607,0.016399,0.733812,0.00585905
0.933685,371.839,8.84956e-007,0.927051,0.024406,0.904793,0.011664
0.933685,371.839,1.06195e-006,1.10437,0.0338601,1.0683,0.0203033
0.933685,371.839,1.23894e-006,1.27734,0.0446846,1.22317,0.0322892
0.933685,371.839,1.41593e-006,1.44526,0.0567933,1.36829,0.0481067
0.933685,371.839,1.59292e-006,1.60748,0.0700905,1.50258,0.0682106
0.933685,371.839,1.76991e-006,1.76336,0.0844715,1.62505,0.0930214
0.933685,371.839,1.9469e-006,1.91227,0.0998236,1.73478,0.122923
0.933685,371.839,2.12389e-006,2.05364,0.116026,1.83089,0.158259
0.933685,371.839,2.30088e-006,2.18691,0.132952,1.91262,0.19933
0.933685,371.839,2.47788e-006,2.31154,0.150468,1.97926,0.246392
0.933685,371.839,2.65487e-006,2.42705,0.168434,2.03019,0.299655
0.933685,371.839,2.83186e-006,2.53298,0.186707,2.06489,0.359278
0.933685,371.839,3.00885e-006,2.62892,0.20514,2.08293,0.425369
0.933685,371.839,3.18584e-006,2.71448,0.223583,2.08397,0.497985
0.933685,371.839,3.36283e-006,2.78933,0.241881,2.06776,0.577129
0.933685,371.839,3.53982e-006,2.85317,0.259883,2.03416,0.662751
0.933685,371.839,3.71681e-006,2.90575,0.277432,1.98312,0.754745
0.933685,371.839,3.89381e-006,2.94686,0.294377,1.91468,0.852951
0.933685,371.839,4.0708e-006,2.97634,0.310563,1.82902,0.957155
0.933685,371.839,4.24779e-006,2.99408,0.32584,1.72636,1.06709
0.933685,371.839,4.42478e-006,3,0.340062,1.60707,1.18243
0.933685,371.839,4.60177e-006,2.99408,0.353085,1.47159,1.30281
0.933685,371.839,4.77876e-006,2.97634,0.36477,1.32045,1.42779
0.933685,371.839,4.95575e-006,2.94686,0.374985,1.1543,1.55691
0.933685,371.839,5.13274e-006,2.90575,0.383603,0.97385,1.68965
0.933685,371.839,5.30973e-006,2.85317,0.390505,0.779914,1.82544
0.933685,371.839,5.48673e-006,2.78933,0.39558,0.573383,1.96367
0.933685,371.839,5.66372e-006,2.71448,0.398723,0.355228,2.1037
0.933685,371.839,5.84071e-006,2.62892,0.399843,0.126495,2.24484
0.933685,371.839,6.0177e-006,2.53298,0.398854,-0.111701,2.38638
0.933685,371.839,6.19469e-006,2.42705,0.395684,-0.358183,2.52757
0.933685,371.839,6.37168e-006,2.31154,0.390271,-0.611711,2.66763
0.933685,371.839,6.54867e-006,2.18691,0.382563,-0.870997,2.80578
0.933685,371.839,6.72566e-006,2.05364,0.372521,-1.1347,2.9412
0.933685,371.839,6.90265e-006,1.91227,0.360119,-1.40145,3.07307
0.933685,371.839,7.07965e-006,1.76336,0.345342,-1.66983,3.20054
0.933685,371.839,7.25664e-006,1.60748,0.328188,-1.9384,3.32279
0.933685,371.839,7.43363e-006,1.44526,0.308668,-2.20572,3.43896
0.933685,371.839,7.61062e-006,1.27734,0.286807,-2.47029,3.54822
0.933685,371.839,7.78761e-006,1.10437,0.262642,-2.73066,3.64975
0.933685,371.839,7.9646e-006,0.927051,0.236223,-2.98534,3.74272
0.933685,371.839,8.14159e-006,0.74607,0.207614,-3.23287,3.82634
0.933685,371.839,8.31858e-006,0.562144,0.17689,-3.47181,3.89983
0.933685,371.839,8.49558e-006,0.376,0.14414,-3.70072,3.96245
0.933685,371.839,8.67257e-006,0.188372,0.109466,-3.91821,4.01347
0.933685,371.839,8.84956e-006,3.67382e-016,0.0729794,-4.12293,4.05222
0.933685,371.839,9.02655e-006,-0.188372,0.0348062,-4.31357,4.07805
0.933685,371.839,9.20354e-006,-0.376,-0.00491816,-4.48886,4.09037
0.933685,371.839,9.38053e-006,-0.562144,-0.0460473,-4.6476,4.08863
0.933685,371.839,9.55752e-006,-0.74607,-0.0884248,-4.78865,4.07233
0.933685,371.839,9.73451e-006,-0.927051,-0.131885,-4.91096,4.04103
0.933685,371.839,9.9115e-006,-1.10437,-0.176252,-5.01352,3.99435
0.933685,371.839,1.00885e-005,-1.27734,-0.221344,-5.09543,3.93196
0.933685,371.839,1.02655e-005,-1.44526,-0.266972,-5.15587,3.8536
0.933685,371.839,1.04425e-005,-1.60748,-0.312937,-5.19411,3.7591
0.933685,371.839,1.06195e-005,-1.76336,-0.359039,-5.20952,3.64833
0.933685,371.839,1.07965e-005,-1.91227,-0.405071,-5.20156,3.52123
0.933685,371.839,1.09735e-005,-2.05364,-0.450821,-5.1698,3.37784
0.933685,371.839,1.11504e-005,-2.18691,-0.496077,-5.11393,3.21826
0.933685,371.839,1.13274e-005,-2.31154,-0.540623,-5.03372,3.04266
0.933685,371.839,1.15044e-005,-2.42705,-0.584244,-4.92909,2.85129
0.933685,371.839,1.16814e-005,-2.53298,-0.626722,-4.80003,2.64448
0.933685,371.839,1.18584e-005,-2.62892,-0.667843,-4.64667,2.42263
0.933685,371.839,1.20354e-005,-2.71448,-0.707394,-4.46927,2.18622
0.933685,371.839,1.22124e-005,-2.78933,-0.745165,-4.26816,1.93582
0.933685,371.839,1.23894e-005,-2.85317,-0.780951,-4.04382,1.67204
0.933685,371.839,1.25664e-005,-2.90575,-0.814551,-3.79684,1.3956
0.933685,371.839,1.27434e-005,-2.94686,-0.845772,-3.52791,1.10726
0.933685,371.839,1.29204e-005,-2.97634,-0.874425,-3.23784,0.807876
0.933685,371.839,1.30973e-005,-2.99408,-0.900333,-2.92753,0.498345
0.933685,371.839,1.32743e-005,-3,-0.923324,-2.59801,0.179643
0.933685,371.839,1.34513e-005,-2.99408,-0.943239,-2.2504,-0.147198
0.933685,371.839,1.36283e-005,-2.97634,-0.959928,-1.88591,-0.481087
0.933685,371.839,1.38053e-005,-2.94686,-0.973254,-1.50585,-0.820885
0.933685,371.839,1.39823e-005,-2.90575,-0.983092,-1.11161,-1.1654
0.933685,371.839,1.41593e-005,-2.85317,-0.989328,-0.704678,-1.5134
0.933685,371.839,1.43363e-005,-2.78933,-0.991864,-0.286605,-1.8636
0.933685,371.839,1.45133e-005,-2.71448,-0.990616,0.140984,-2.2147
0.933685,371.839,1.46903e-005,-2.62892,-0.985516,0.5764,-2.56536
0.933685,371.839,1.48673e-005,-2.53298,-0.976508,1.0179,-2.91422
0.933685,371.839,1.50442e-005,-2.42705,-0.963555,1.46368,-3.25989
0.933685,371.839,1.52212e-005,-2.31154,-0.946635,1.9119,-3.60097
0.933685,371.839,1.53982e-005,-2.18691,-0.925744,2.3607,-3.93606
0.933685,371.839,1.55752e-005,-2.05364,-0.900893,2.80816,-4.26376
0.933685,371.839,1.57522e-005,-1.91227,-0.872111,3.25238,-4.58266
0.933685,371.839,1.59292e-005,-1.76336,-0.839444,3.69141,-4.89137
0.933685,371.839,1.61062e-005,-1.60748,-0.802954,4.12333,-5.18852
0.933685,371.839,1.62832e-005,-1.44526,-0.762722,4.54621,-5.47275
0.933685,371.839,1.64602e-005,-1.27734,-0.718845,4.95813,-5.74274
0.933685,371.839,1.66372e-005,-1.10437,-0.671436,5.35721,-5.9972
0.933685,371.839,1.68142e-005,-0.927051,-0.620625,5.74158,-6.23487
0.933685,371.839,1.69912e-005,-0.74607,-0.56656,6.10943,-6.45456
0.933685,371.839,1.71681e-005,-0.562144,-0.509401,6.45898,-6.65512
0.933685,371.839,1.73451e-005,-0.376,-0.449325,6.78852,-6.83543
0.933685,371.839,1.75221e-005,-0.188372,-0.386525,7.09639,-6.99449
0.933685,371.839,1.76991e-005,-7.34764e-016,-0.321207,7.38101,-7.13131
0.933685,371.839,1.78761e-005,0.188372,-0.253588,7.64089,-7.24501
0.933685,371.839,1.80531e-005,0.376,-0.183901,7.8746,-7.33478
0.933685,371.839,1.82301e-005,0.562144,-0.11239,8.08082,-7.39988
0.933685,371.839,1.84071e-005,0.74607,-0.0393071,8.25834,-7.43966
0.933685,371.839,1.85841e-005,0.927051,0.0350825,8.40602,-7.45357
0.933685,371.839,1.87611e-005,1.10437,0.110506,8.52287,-7.44116
0.933685,371.839,1.89381e-005,1.27734,0.186683,8.60799,-7.40204
0.933685,371.839,1.9115e-005,1.44526,0.263326,8.66062,-7.33596
0.933685,371.839,1.9292e-005,1.60748,0.340141,8.68011,-7.24274
0.933685,371.839,1.9469e-005,1.76336,0.416831,8.66596,-7.12234
0.933685,371.839,1.9646e-005,1.91227,0.493094,8.61778,-6.97479
0.933685,371.839,1.9823e-005,2.05364,0.568628,8.53534,-6.80024
0.933685,371.839,2e-005,2.18691,0.643128,8.41852,-6.59896
0.933685,371.839,2.0177e-005,2.31154,0.716291,8.26737,-6.3713
0.933685,371.839,2.0354e-005,2.42705,0.787813,8.08206,-6.11775
0.933685,371.839,2.0531e-005,2.53298,0.857397,7.86292,-5.83888
0.933685,371.839,2.0708e-005,2.62892,0.924745,7.6104,-5.53537
0.933685,371.839,2.0885e-005,2.71448,0.989569,7.32511,-5.20803
0.933685,371.839,2.10619e-005,2.78933,1.05159,7.00779,-4.85774
0.933685,371.839,2.12389e-005,2.85317,1.11052,6.65932,-4.4855
0.933685,371.839,2.14159e-005,2.90575,1.1661,6.28073,-4.09239
0.933685,371.839,2.15929e-005,2.94686,1.21807,5.87316,-3.67961
0.933685,371.839,2.17699e-005,2.97634,1.2662,5.43788,-3.24844
0.933685,371.839,2.19469e-005,2.99408,1.31023,4.97632,-2.80023
0.933685,371.839,2.21239e-005,3,1.34997,4.48999,-2.33643
0.933685,371.839,2.23009e-005,2.99408,1.3852,3.98054,-1.85856
0.933685,371.839,2.24779e-005,2.97634,1.41572,3.44971,-1.36823
0.933685,371.839,2.26549e-005,2.94686,1.44138,2.89936,-0.867085
0.933685,371.839,2.28319e-005,2.90575,1.46201,2.33145,-0.356862
0.933685,371.839,2.30088e-005,2.85317,1.47748,1.74802,0.160666
0.933685,371.839,2.31858e-005,2.78933,1.48767,1.15118,0.683669
0.933685,371.839,2.33628e-005,2.71448,1.49248,0.543142,1.21028
0.933685,371.839,2.35398e-005,2.62892,1.49182,-0.0738351,1.73859
0.933685,371.839,2.37168e-005,2.53298,1.48565,-0.697428,2.26667
0.933685,371.839,2.38938e-005,2.42705,1.47392,-1.32527,2.79256
0.933685,371.839,2.40708e-005,2.31154,1.45662,-1.95495,3.31431
0.933685,371.839,2.42478e-005,2.18691,1.43376,-2.58402,3.82992
0.933685,371.839,2.44248e-005,2.05364,1.40535,-3.21004,4.33745
0.933685,371.839,2.46018e-005,1.91227,1.37145,-3.83053,4.83492
0.933685,371.839,2.47788e-005,1.76336,1.33213,-4.44301,5.32039
0.933685,371.839,2.49558e-005,1.60748,1.28749,-5.04504,5.79194
0.933685,371.839,2.51327e-005,1.44526,1.23763,-5.63416,6.24768
0.933685,371.839,2.53097e-005,1.27734,1.18269,-6.20797,6.68578
0.933685,371.839,2.54867e-005,1.10437,1.12283,-6.7641,7.10443
0.933685,371.839,2.56637e-005,0.927051,1.05822,-7.30021,7.50189
0.933685,371.839,2.58407e-005,0.74607,0.989074,-7.81405,7.87649
0.933685,371.839,2.60177e-005,0.562144,0.915592,-8.30342,8.2266
0.933685,371.839,2.61947e-005,0.376,0.838015,-8.76619,8.5507
0.933685,371.839,2.63717e-005,0.188372,0.756596,-9.20035,8.84735
0.933685,371.839,2.65487e-005,1.10215e-015,0.671606,-9.60394,9.11517
0.933685,371.839,2.67257e-005,-0.188372,0.58333,-9.97515,9.35291
0.933685,371.839,2.69027e-005,-0.376,0.492071,-10.3122,9.55939
0.933685,371.839,2.70796e-005,-0.562144,0.398146,-10.6136,9.73358
0.933685,371.839,2.72566e-005,-0.74607,0.301882,-10.8778,9.87451
0.933685,371.839,2.74336e-005,-0.927051,0.203621,-11.1034,9.98138
0.933685,371.839,2.76106e-005,-1.10437,0.103715,-11.2894,10.0535
0.933685,371.839,2.77876e-005,-1.27734,0.00252508,-11.4345,10.0902
0.933685,371.839,2.79646e-005,-1.44526,-0.0995807,-11.538,10.0911
0.933685,371.839,2.81416e-005,-1.60748,-0.202226,-11.599,10.0558
0.933685,371.839,2.83186e-005,-1.76336,-0.305031,-11.6169,9.98423
0.933685,371.839,2.84956e-005,-1.91227,-0.407611,-11.5915,9.87625
0.933685,371.839,2.86726e-005,-2.05364,-0.509578,-11.5223,9.73196
0.933685,371.839,2.88496e-005,-2.18691,-0.610545,-11.4093,9.55158
0.933685,371.839,2.90265e-005,-2.31154,-0.710125,-11.2526,9.33546
0.933685,371.839,2.92035e-005,-2.42705,-0.807934,-11.0524,9.08409
0.933685,371.839,2.93805e-005,-2.53298,-0.90359,-10.8091,8.79809
0.933685,371.839,2.95575e-005,-2.62892,-0.996718,-10.5234,8.47824
0.933685,371.839,2.97345e-005,-2.71448,-1.08695,-10.196,8.12542
0.933685,371.839,2.99115e-005,-2.78933,-1.17392,-9.8278,7.74066
0.933685,371.839,3.00885e-005,-2.85317,-1.25728,-9.41991,7.32511
0.933685,371.839,3.02655e-005,-2.90575,-1.33669,-8.97358,6.88006
0.933685,371.839,3.04425e-005,-2.94686,-1.41183,-8.49023,6.40689
0.933685,371.839,3.06195e-005,-2.97634,-1.48237,-7.97141,5.90713
0.933685,371.839,3.07965e-005,-2.99408,-1.54803,-7.41884,5.3824
0.933685,371.839,3.09735e-005,-3,-1.60851,-6.83437,4.83442
0.933685,371.839,3.11504e-005,-2.99408,-1.66355,-6.22,4.26504
0.933685,371.839,3.13274e-005,-2.97634,-1.71291,-5.57783,3.67617
0.933685,371.839,3.15044e-005,-2.94686,-1.75636,-4.91012,3.06983
0.933685,371.839,3.16814e-005,-2.90575,-1.7937,-4.21922,2.44811
0.933685,371.839,3.18584e-005,-2.85317,-1.82474,-3.50758,1.81317
0.933685,371.839,3.20354e-005,-2.78933,-1.84932,-2.77776,1.16724
0.933685,371.839,3.22124e-005,-2.71448,-1.86731,-2.0324,0.512615
0.933685,371.839,3.23894e-005,-2.62892,-1.87859,-1.27422,-0.14838
0.933685,371.839,3.25664e-005,-2.53298,-1.88307,-0.506017,-0.813366
0.933685,371.839,3.27434e-005,-2.42705,-1.88068,0.269381,-1.47994
0.933685,371.839,3.29204e-005,-2.31154,-1.8714,1.04908,-2.14567
0.933685,371.839,3.30973e-005,-2.18691,-1.8552,1.83016,-2.80811
0.933685,371.839,3.32743e-005,-2.05364,-1.83211,2.60967,-3.46482
0.933685,371.839,3.34513e-005,-1.91227,-1.80215,3.38465,-4.11335
0.933685,371.839,3.36283e-005,-1.76336,-1.76541,4.15215,-4.75128
0.933685,371.839,3.38053e-005,-1.60748,-1.72197,4.90921,-5.3762
0.933685,371.839,3.39823e-005,-1.44526,-1.67194,5.65291,-5.98575
0.933685,371.839,3.41593e-005,-1.27734,-1.61548,6.38035,-6.57759
0.933685,371.839,3.43363e-005,-1.10437,-1.55274,7.08869,-7.14944
0.933685,371.839,3.45133e-005,-0.927051,-1.48394,7.77513,-7.69908
0.933685,371.839,3.46903e-005,-0.74607,-1.40927,8.43695,-8.22437
0.933685,371.839,3.48673e-005,-0.562144,-1.329,9.0715,-8.72323
0.933685,371.839,3.50442e-005,-0.376,-1.24337,9.67622,-9.19367
0.933685,371.839,3.52212e-005,-0.188372,-1.15267,10.2487,-9.6338
0.933685,371.839,3.53982e-005,-1.46953e-015,-1.05721,10.7865,-10.0418
0.933685,371.839,3.55752e-005,0.188372,-0.957326,11.2874,-10.4161
0.933685,371.839,3.57522e-005,0.376,-0.853349,11.7494,-10.7549
0.933685,371.839,3.59292e-005,0.562144,-0.745646,12.1704,-11.057
0.933685,371.839,3.61062e-005,0.74607,-0.634595,12.5487,-11.3209
0.933685,371.839,3.62832e-005,0.927051,-0.52059,12.8826,-11.5456
0.933685,371.839,3.64602e-005,1.10437,-0.404036,13.1705,-11.7299
0.933685,371.839,3.66372e-005,1.27734,-0.285353,13.4112,-11.8729
0.933685,371.839,3.68142e-005,1.44526,-0.164968,13.6035,-11.9739
0.933685,371.839,3.69912e-005,1.60748,-0.043319,13.7463,-12.0323
0.933685,371.839,3.71681e-005,1.76336,0.0791498,13.839,-12.0476
0.933685,371.839,3.73451e-005,1.91227,0.201988,13.8807,-12.0196
0.933685,371.839,3.75221e-005,2.05364,0.324743,13.8713,-11.9481
0.933685,371.839,3.76991e-005,2.18691,0.446958,13.8103,-11.8332
0.933685,371.839,3.78761e-005,2.31154,0.568176,13.6977,-11.6749
0.933685,371.839,3.80531e-005,2.42705,0.687945,13.5338,-11.4738
0.933685,371.839,3.82301e-005,2.53298,0.805811,13.3189,-11.2303
0.933685,371.839,3.84071e-005,2.62892,0.921328,13.0534,-10.9451
0.933685,371.839,3.85841e-005,2.71448,1.03406,12.7382,-10.6189
0.933685,371.839,3.87611e-005,2.78933,1.14356,12.3742,-10.2529
0.933685,371.839,3.89381e-005,2.85317,1.24942,11.9625,-9.84808
0.933685,371.839,3.9115e-005,2.90575,1.35123,11.5044,-9.40581
0.933685,371.839,3.9292e-005,2.94686,1.44859,11.0014,-8.92749
0.933685,371.839,3.9469e-005,2.97634,1.54111,10.4552,-8.41472
0.933685,371.839,3.9646e-005,2.99408,1.62844,9.86768,-7.86919
0.933685,371.839,3.9823e-005,3,1.71022,9.24075,-7.29275
0.933685,371.839,4e-005,2.99408,1.78612,8.57662,-6.68737
0.933685,371.839,4.0177e-005,2.97634,1.85583,7.87759,-6.05511
0.933685,371.839,4.0354e-005,2.94686,1.91907,7.14615,-5.39818
0.933685,371.839,4.0531e-005,2.90575,1.97557,6.38486,-4.71887
0.933685,371.839,4.0708e-005,2.85317,2.0251,5.59646,-4.01955
0.933685,371.839,4.0885e-005,2.78933,2.06743,4.78378,-3.3027
0.933685,371.839,4.10619e-005,2.71448,2.10239,3.94975,-2.57087
0.933685,371.839,4.12389e-005,2.62892,2.1298,3.0974,-1.82666
0.933685,371.839,4.14159e-005,2.53298,2.14953,2.22984,-1.07275
0.933685,371.839,4.15929e-005,2.42705,2.16148,1.35027,-0.311852
0.933685,371.839,4.17699e-005,2.31154,2.16557,0.461912,0.453274
0.933685,371.839,4.19469e-005,2.18691,2.16174,-0.431935,1.21985
0.933685,371.839,4.21239e-005,2.05364,2.14999,-1.32795,1.98507
0.933685,371.839,4.23009e-005,1.91227,2.13032,-2.22279,2.74612
0.933685,371.839,4.24779e-005,1.76336,2.10277,-3.11309,3.50022
0.933685,371.839,4.26549e-005,1.60748,2.06741,-3.99551,4.24457
0.933685,371.839,4.28319e-005,1.44526,2.02435,-4.86672,4.97639
0.933685,371.839,4.30088e-005,1.27734,1.9737,-5.7234,5.69298
0.933685,371.839,4.31858e-005,1.10437,1.91562,-6.5623,6.39163
0.933685,371.839,4.33628e-005,0.927051,1.85031,-7.3802,7.06973
0.933685,371.839,4.35398e-005,0.74607,1.77798,-8.17397,7.7247
0.933685,371.839,4.37168e-005,0.562144,1.69886,-8.94053,8.35407
0.933685,371.839,4.38938e-005,0.376,1.61322,-9.67693,8.95544
0.933685,371.839,4.40708e-005,0.188372,1.52136,-10.3803,9.52649
0.933685,371.839,4.42478e-005,1.83691e-015,1.42359,-11.0478,10.065
0.933685,371.839,4.44248e-005,-0.188372,1.32025,-11.677,10.5689
0.933685,371.839,4.46018e-005,-0.376,1.21171,-12.2652,11.0363
0.933685,371.839,4.47788e-005,-0.562144,1.09835,-12.8102,11.4652
0.933685,371.839,4.49558e-005,-0.74607,0.980563,-13.3096,11.854
0.933685,371.839,4.51327e-005,-0.927051,0.858779,-13.7616,12.2011
0.933685,371.839,4.53097e-005,-1.10437,0.733431,-14.1643,12.5051
0.933685,371.839,4.54867e-005,-1.27734,0.604972,-14.5159,12.7647
0.933685,371.839,4.56637e-005,-1.44526,0.473866,-14.815,12.9789
0.933685,371.839,4.58407e-005,-1.60748,0.34059,-15.0602,13.1466
0.933685,371.839,4.60177e-005,-1.76336,0.205629,-15.2506,13.2672
0.933685,371.839,4.61947e-005,-1.91227,0.0694778,-15.3851,13.34
0.933685,371.839,4.63717e-005,-2.05364,-0.0673637,-15.4631,13.3646
0.933685,371.839,4.65487e-005,-2.18691,-0.204391,-15.4841,13.3407
0.933685,371.839,4.67257e-005,-2.31154,-0.341098,-15.4479,13.2684
0.933685,371.839,4.69027e-005,-2.42705,-0.476977,-15.3543,13.1476
0.933685,371.839,4.70796e-005,-2.53298,-0.611522,-15.2036,12.9788
0.933685,371.839,4.72566e-005,-2.62892,-0.744232,-14.9962,12.7623
0.933685,371.839,4.74336e-005,-2.71448,-0.874609,-14.7326,12.4989
0.933685,371.839,4.76106e-005,-2.78933,-1.00216,-14.4136,12.1893
0.933685,371.839,4.77876e-005,-2.85317,-1.12641,-14.0403,11.8345
0.933685,371.839,4.79646e-005,-2.90575,-1.24689,-13.6139,11.4358
0.933685,371.839,4.81416e-005,-2.94686,-1.36314,-13.1358,10.9944
0.933685,371.839,4.83186e-005,-2.97634,-1.47471,-12.6076,10.5119
0.933685,371.839,4.84956e-005,-2.99408,-1.58118,-12.0313,9.98988
0.933685,371.839,4.86726e-005,-3,-1.68214,-11.4087,9.43017
0.933685,371.839,4.88496e-005,-2.99408,-1.7772,-10.7421,8.83472
0.933685,371.839,4.90265e-005,-2.97634,-1.866,-10.0339,8.20562
0.933685,371.839,4.92035e-005,-2.94686,-1.94818,-9.28648,7.54509
0.933685,371.839,4.93805e-005,-2.90575,-2.02342,-8.50266,6.85547
0.933685,371.839,4.95575e-005,-2.85317,-2.09144,-7.68521,6.13921
0.933685,371.839,4.97345e-005,-2.78933,-2.15194,-6.83711,5.39888
0.933685,371.839,4.99115e-005,-2.71448,-2.2047,-5.96142,4.63713
0.933685,371.839,5.00885e-005,-2.62892,-2.24949,-5.06135,3.85671
0.933685,371.839,5.02655e-005,-2.53298,-2.28613,-4.1402,3.06043
0.933685,371.839,5.04425e-005,-2.42705,-2.31446,-3.20135,2.25118
0.933685,371.839,5.06195e-005,-2.31154,-2.33435,-2.24826,1.4319
0.933685,371.839,5.07965e-005,-2.18691,-2.34572,-1.28446,0.605584
0.933685,371.839,5.09735e-005,-2.05364,-2.34849,-0.313505,-0.224759
0.933685,371.839,5.11504e-005,-1.91227,-2.34265,0.660982,-1.05608
0.933685,371.839,5.13274e-005,-1.76336,-2.32817,1.63537,-1.88534
0.933685,371.839,5.15044e-005,-1.60748,-2.30511,2.60603,-2.70947
0.933685,371.839,5.16814e-005,-1.44526,-2.27352,3.56932,-3.52544
0.933685,371.839,5.18584e-005,-1.27734,-2.23351,4.52163,-4.33023
0.933685,371.839,5.20354e-005,-1.10437,-2.1852,5.45936,-5.12085
0.933685,371.839,5.22124e-005,-0.927051,-2.12875,6.379,-5.89437
0.933685,371.839,5.23894e-005,-0.74607,-2.06435,7.27705,-6.64791
0.933685,371.839,5.25664e-005,-0.562144,-1.99222,8.15011,-7.37865
0.933685,371.839,5.27434e-005,-0.376,-1.91262,8.99487,-8.08386
0.933685,371.839,5.29204e-005,-0.188372,-1.82582,9.80811,-8.7609
0.933685,371.839,5.30973e-005,-2.20429e-015,-1.73214,10.5867,-9.40721
0.933685,371.839,5.32743e-005,0.188372,-1.63189,11.3277,-10.0204
0.933685,371.839,5.34513e-005,0.376,-1.52545,12.0282,-10.598
0.933685,371.839,5.36283e-005,0.562144,-1.41318,12.6856,-11.138
0.933685,371.839,5.38053e-005,0.74607,-1.29551,13.2972,-11.6382
0.933685,371.839,5.39823e-005,0.927051,-1.17285,13.8608,-12.0968
0.933685,371.839,5.41593e-005,1.10437,-1.04564,14.374,-12.512
0.933685,371.839,5.43363e-005,1.27734,-0.91436,14.835,-12.8821
0.933685,371.839,5.45133e-005,1.44526,-0.779478,15.2417,-13.2058
0.933685,371.839,5.46903e-005,1.60748,-0.641489,15.5928,-13.4817
0.933685,371.839,5.48673e-005,1.76336,-0.5009,15.8866,-13.7088
0.933685,371.839,5.50442e-005,1.91227,-0.358227,16.122,-13.8861
0.933685,371.839,5.52212e-005,2.05364,-0.213998,16.298,-14.0129
0.933685,371.839,5.53982e-005,2.18691,-0.0687427,16.4138,-14.0887
0.933685,371.839,5.55752e-005,2.31154,0.0770002,16.4689,-14.113
0.933685,371.839,5.57522e-005,2.42705,0.222691,16.463,-14.0857
0.933685,371.839,5.59292e-005,2.53298,0.367788,16.396,-14.0069
0.933685,371.839,5.61062e-005,2.62892,0.511753,16.268,-13.8767
0.933685,371.839,5.62832e-005,2.71448,0.654049,16.0794,-13.6956
0.933685,371.839,5.64602e-005,2.78933,0.794145,15.8308,-13.464
0.933685,371.839,5.66372e-005,2.85317,0.931518,15.5231,-13.1829
0.933685,371.839,5.68142e-005,2.90575,1.06565,15.1572,-12.8532
0.933685,371.839,5.69912e-005,2.94686,1.19604,14.7344,-12.476
0.933685,371.839,5.71681e-005,2.97634,1.32221,14.2563,-12.0526
0.933685,371.839,5.73451e-005,2.99408,1.44366,13.7245,-11.5846
0.933685,371.839,5.75221e-005,3,1.55995,13.1409,-11.0735
0.933685,371.839,5.76991e-005,2.99408,1.67064,12.5076,-10.5213
0.933685,371.839,5.78761e-005,2.97634,1.7753,11.827,-9.92995
0.933685,371.839,5.80531e-005,2.94686,1.87355,11.1015,-9.30152
0.933685,371.839,5.82301e-005,2.90575,1.965,10.3337,-8.63832
0.933685,371.839,5.84071e-005,2.85317,2.0493,9.52649,-7.94275
0.933685,371.839,5.85841e-005,2.78933,2.12614,8.68277,-7.21733
0.933685,371.839,5.87611e-005,2.71448,2.19522,7.80567,-6.46471
0.933685,371.839,5.89381e-005,2.62892,2.25626,6.89842,-5.68764
0.933685,371.839,5.9115e-005,2.53298,2.30905,5.96436,-4.88897
0.933685,371.839,5.9292e-005,2.42705,2.35336,5.00697,-4.07161
0.933685,371.839,5.9469e-005,2.31154,2.38902,4.02979,-3.23856
0.933685,371.839,5.9646e-005,2.18691,2.41589,3.03645,-2.39289
0.933685,371.839,5.9823e-005,2.05364,2.43386,2.03064,-1.53771
0.933685,371.839,6e-005,1.91227,2.44285,1.01612,-0.676163
0.933685,371.839,6.0177e-005,1.76336,2.44282,-0.00333284,0.188563
0.933685,371.839,6.0354e-005,1.60748,2.43376,-1.02391,1.05328
0.933685,371.839,6.0531e-005,1.44526,2.41569,-2.04178,1.91479
0.933685,371.839,6.0708e-005,1.27734,2.38867,-3.05314,2.7699
0.933685,371.839,6.0885e-005,1.10437,2.3528,-4.0542,3.61545
0.933685,371.839,6.10619e-005,0.927051,2.30818,-5.04119,4.4483
0.933685,371.839,6.12389e-005,0.74607,2.25499,-6.01041,5.26535
0.933685,371.839,6.14159e-005,0.562144,2.19342,-6.9582,6.06358
0.933685,371.839,6.15929e-005,0.376,2.12367,-7.881,6.84001
0.933685,371.839,6.17699e-005,0.188372,2.04602,-8.77531,7.59175
0.933685,371.839,6.19469e-005,2.57167e-015,1.96073,-9.63777,8.31601
0.933685,371.839,6.21239e-005,-0.188372,1.86811,-10.4651,9.01007
0.933685,371.839,6.23009e-005,-0.376,1.76852,-11.2542,9.67135
0.933685,371.839,6.24779e-005,-0.562144,1.66231,-12.002,10.2974
0.933685,371.839,6.26549e-005,-0.74607,1.54987,-12.7057,10.8858
0.933685,371.839,6.28319e-005,-0.927051,1.43161,-13.3627,11.4344
0.933685,371.839,6.30088e-005,-1.10437,1.30798,-13.9704,11.9412
0.933685,371.839,6.31858e-005,-1.27734,1.17943,-14.5265,12.4042
0.933685,371.839,6.33628e-005,-1.44526,1.04643,-15.0289,12.8217
0.933685,371.839,6.35398e-005,-1.60748,0.909477,-15.4756,13.1921
0.933685,371.839,6.37168e-005,-1.76336,0.769079,-15.8649,13.514
0.933685,371.839,6.38938e-005,-1.91227,0.625757,-16.1954,13.7863
0.933685,371.839,6.40708e-005,-2.05364,0.480043,-16.4657,14.0078
0.933685,371.839,6.42478e-005,-2.18691,0.332479,-16.6747,14.1777
0.933685,371.839,6.44248e-005,-2.31154,0.183614,-16.8217,14.2954
0.933685,371.839,6.46018e-005,-2.42705,0.0340024,-16.9061,14.3604
0.933685,371.839,6.47788e-005,-2.53298,-0.115798,-16.9274,14.3724
0.933685,371.839,6.49558e-005,-2.62892,-0.265227,-16.8856,14.3315
0.933685,371.839,6.51327e-005,-2.71448,-0.413729,-16.7807,14.2376
0.933685,371.839,6.53097e-005,-2.78933,-0.560748,-16.6132,14.0911
0.933685,371.839,6.54867e-005,-2.85317,-0.705735,-16.3835,13.8926
0.933685,371.839,6.56637e-005,-2.90575,-0.848148,-16.0926,13.6428
0.933685,371.839,6.58407e-005,-2.94686,-0.987454,-15.7415,13.3426
0.933685,371.839,6.60177e-005,-2.97634,-1.12313,-15.3315,12.993
0.933685,371.839,6.61947e-005,-2.99408,-1.25467,-14.864,12.5955
0.933685,371.839,6.63717e-005,-3,-1.38158,-14.3408,12.1513
0.933685,371.839,6.65487e-005,-2.99408,-1.50338,-13.7638,11.6623
0.933685,371.839,6.67257e-005,-2.97634,-1.61962,-13.1352,11.1301
0.933685,371.839,6.69027e-005,-2.94686,-1.72987,-12.4573,10.5568
0.933685,371.839,6.70796e-005,-2.90575,-1.8337,-11.7327,9.94445
0.933685,371.839,6.72566e-005,-2.85317,-1.93072,-10.9639,9.29535
0.933685,371.839,6.74336e-005,-2.78933,-2.02058,-10.154,8.61191
0.933685,371.839,6.76106e-005,-2.71448,-2.10293,-9.30581,7.89666
0.933685,371.839,6.77876e-005,-2.62892,-2.17747,-8.42265,7.15226
0.933685,371.839,6.79646e-005,-2.53298,-2.24391,-7.50777,6.38147
0.933685,371.839,6.81416e-005,-2.42705,-2.302,-6.56462,5.58717
0.933685,371.839,6.83186e-005,-2.31154,-2.35153,-5.59671,4.7723
0.933685,371.839,6.84956e-005,-2.18691,-2.39231,-4.60768,3.9399
0.933685,371.839,6.86726e-005,-2.05364,-2.42418,-3.60124,3.09307
0.933685,371.839,6.88496e-005,-1.91227,-2.44702,-2.58116,2.23495
0.933685,371.839,6.90265e-005,-1.76336,-2.46075,-1.55129,1.36875
0.933685,371.839,6.92035e-005,-1.60748,-2.46531,-0.515484,0.49769
0.933685,371.839,6.93805e-005,-1.44526,-2.46069,0.522358,-0.374986
0.933685,371.839,6.95575e-005,-1.27734,-2.4469,1.55833,-1.24602
0.933685,371.839,6.97345e-005,-1.10437,-2.42399,2.58855,-2.11218
0.933685,371.839,6.99115e-005,-0.927051,-2.39205,3.60912,-2.97023
0.933685,371.839,7.00885e-005,-0.74607,-2.3512,4.61621,-3.81697
0.933685,371.839,7.02655e-005,-0.562144,-2.30159,5.60603,-4.64926
0.933685,371.839,7.04425e-005,-0.376,-2.2434,6.57484,-5.46398
0.933685,371.839,7.06195e-005,-0.188372,-2.17686,7.51901,-6.2581
0.933685,371.839,7.07965e-005,-2.93906e-015,-2.10222,8.43496,-7.02867
0.933685,371.839,7.09735e-005,0.188372,-2.01975,9.31926,-7.77282
0.933685,371.839,7.11504e-005,0.376,-1.92976,10.1686,-8.48777
0.933685,371.839,7.13274e-005,0.562144,-1.83259,10.9797,-9.17087
0.933685,371.839,7.15044e-005,0.74607,-1.72861,11.7495,-9.81958
0.933685,371.839,7.16814e-005,0.927051,-1.61821,12.4752,-10.4315
0.933685,371.839,7.18584e-005,1.10437,-1.50181,13.1541,-11.0043
0.933685,371.839,7.20354e-005,1.27734,-1.37983,13.7834,-11.5359
0.933685,371.839,7.22124e-005,1.44526,-1.25274,14.361,-12.0243
0.933685,371.839,7.23894e-005,1.60748,-1.12102,14.8846,-12.4678
0.933685,371.839,7.25664e-005,1.76336,-0.985159,15.3522,-12.8646
0.933685,371.839,7.27434e-005,1.91227,-0.845672,15.762,-13.2133
0.933685,371.839,7.29204e-005,2.05364,-0.703082,16.1127,-13.5127
0.933685,371.839,7.30973e-005,2.18691,-0.557925,16.4027,-13.7616
0.933685,371.839,7.32743e-005,2.31154,-0.410748,16.631,-13.9591
0.933685,371.839,7.34513e-005,2.42705,-0.262103,16.7969,-14.1045
0.933685,371.839,7.36283e-005,2.53298,-0.112549,16.8996,-14.1972
0.933685,371.839,7.38053e-005,2.62892,0.0373507,16.9387,-14.2371
0.933685,371.839,7.39823e-005,2.71448,0.187034,16.9142,-14.2239
0.933685,371.839,7.41593e-005,2.78933,0.335938,16.8262,-14.1577
0.933685,371.839,7.43363e-005,2.85317,0.483504,16.6749,-14.0387
0.933685,371.839,7.45133e-005,2.90575,0.629176,16.461,-13.8676
0.933685,371.839,7.46903e-005,2.94686,0.772409,16.1853,-13.6449
0.933685,371.839,7.48673e-005,2.97634,0.912663,15.8488,-13.3715
0.933685,371.839,7.50442e-005,2.99408,1.04941,15.4529,-13.0484
0.933685,371.839,7.52212e-005,3,1.18215,14.999,-12.6769
0.933685,371.839,7.53982e-005,2.99408,1.31037,14.4888,-12.2585
0.933685,371.839,7.55752e-005,2.97634,1.43359,13.9244,-11.7946
0.933685,371.839,7.57522e-005,2.94686,1.55136,13.3079,-11.2871
0.933685,371.839,7.59292e-005,2.90575,1.66323,12.6415,-10.738
0.933685,371.839,7.61062e-005,2.85317,1.76879,11.9279,-10.1492
0.933685,371.839,7.62832e-005,2.78933,1.86764,11.1698,-9.52311
0.933685,371.839,7.64602e-005,2.71448,1.95941,10.37,-8.862
0.933685,371.839,7.66372e-005,2.62892,2.04376,9.53151,-8.1684
0.933685,371.839,7.68142e-005,2.53298,2.12037,8.65763,-7.44495
0.933685,371.839,7.69912e-005,2.42705,2.18897,7.75162,-6.69437
0.933685,371.839,7.71681e-005,2.31154,2.2493,6.81694,-5.91952
0.933685,371.839,7.73451e-005,2.18691,2.30113,5.85712,-5.1233
0.933685,371.839,7.75221e-005,2.05364,2.34428,4.87581,-4.30874
0.933685,371.839,7.76991e-005,1.91227,2.37859,3.87673,-3.47891
0.933685,371.839,7.78761e-005,1.76336,2.40393,2.86368,-2.63693
0.933685,371.839,7.80531e-005,1.60748,2.42022,1.84048,-1.78598
0.933685,371.839,7.82301e-005,1.44526,2.4274,0.811024,-0.929267
0.933685,371.839,7.84071e-005,1.27734,2.42544,-0.22079,-0.0700122
0.933685,371.839,7.85841e-005,1.10437,2.41437,-1.25106,0.788551
0.933685,371.839,7.87611e-005,0.927051,2.39423,-2.27587,1.6432
0.933685,371.839,7.89381e-005,0.74607,2.3651,-3.29136,2.49071
0.933685,371.839,7.9115e-005,0.562144,2.32711,-4.29367,3.32791
0.933685,371.839,7.9292e-005,0.376,2.28039,-5.27902,4.15167
0.933685,371.839,7.9469e-005,0.188372,2.22513,-6.24369,4.95889
0.933685,371.839,7.9646e-005,3.30644e-015,2.16156,-7.18402,5.74654
0.933685,371.839,7.9823e-005,-0.188372,2.08991,-8.09648,6.5117
0.933685,371.839,8e-005,-0.376,2.01046,-8.97761,7.25149
0.933685,371.839,8.0177e-005,-0.562144,1.92352,-9.82409,7.96316
0.933685,371.839,8.0354e-005,-0.74607,1.82943,-10.6327,8.64405
0.933685,371.839,8.0531e-005,-0.927051,1.72854,-11.4005,9.29163
0.933685,371.839,8.0708e-005,-1.10437,1.62124,-12.1245,9.90351
0.933685,371.839,8.0885e-005,-1.27734,1.50795,-12.8021,10.4774
0.933685,371.839,8.10619e-005,-1.44526,1.38909,-13.4306,11.0112
0.933685,371.839,8.12389e-005,-1.60748,1.26513,-14.0078,11.5029
0.933685,371.839,8.14159e-005,-1.76336,1.13653,-14.5314,11.9507
0.933685,371.839,8.15929e-005,-1.91227,1.0038,-14.9995,12.353
0.933685,371.839,8.17699e-005,-2.05364,0.867419,-15.4105,12.7084
0.933685,371.839,8.19469e-005,-2.18691,0.727926,-15.7627,13.0154
0.933685,371.839,8.21239e-005,-2.31154,0.585848,-16.0549,13.2731
0.933685,371.839,8.23009e-005,-2.42705,0.441724,-16.286,13.4805
0.933685,371.839,8.24779e-005,-2.53298,0.296103,-16.4552,13.6368
0.933685,371.839,8.26549e-005,-2.62892,0.149538,-16.5619,13.7417
0.933685,371.839,8.28319e-005,-2.71448,0.00258466,-16.6057,13.7946
0.933685,371.839,8.30088e-005,-2.78933,-0.144199,-16.5865,13.7955
0.933685,371.839,8.31858e-005,-2.85317,-0.290256,-16.5045,13.7445
0.933685,371.839,8.33628e-005,-2.90575,-0.435034,-16.36,13.6417
0.933685,371.839,8.35398e-005,-2.94686,-0.577986,-16.1535,13.4877
0.933685,371.839,8.37168e-005,-2.97634,-0.718571,-15.8861,13.2831
0.933685,371.839,8.38938e-005,-2.99408,-0.856258,-15.5586,13.0288
0.933685,371.839,8.40708e-005,-3,-0.990527,-15.1725,12.7257
0.933685,371.839,8.42478e-005,-2.99408,-1.12087,-14.7292,12.375
0.933685,371.839,8.44248e-005,-2.97634,-1.24681,-14.2305,11.9783
0.933685,371.839,8.46018e-005,-2.94686,-1.36786,-13.6783,11.5369
0.933685,371.839,8.47788e-005,-2.90575,-1.48356,-13.0748,11.0527
0.933685,371.839,8.49558e-005,-2.85317,-1.59349,-12.4223,10.5276
0.933685,371.839,8.51327e-005,-2.78933,-1.69724,-11.7234,9.96349
0.933685,371.839,8.53097e-005,-2.71448,-1.79441,-10.9807,9.3627
0.933685,371.839,8.54867e-005,-2.62892,-1.88466,-10.1972,8.72751
0.933685,371.839,8.56637e-005,-2.53298,-1.96763,-9.37584,8.06037
0.933685,371.839,8.58407e-005,-2.42705,-2.04302,-8.5198,7.36387
0.933685,371.839,8.60177e-005,-2.31154,-2.11057,-7.63238,6.64067
0.933685,371.839,8.61947e-005,-2.18691,-2.17001,-6.71701,5.89357
0.933685,371.839,8.63717e-005,-2.05364,-2.22114,-5.7772,5.12543
0.933685,371.839,8.65487e-005,-1.91227,-2.26376,-4.81656,4.33918
0.933685,371.839,8.67257e-005,-1.76336,-2.29773,-3.83878,3.53785
0.933685,371.839,8.69027e-005,-1.60748,-2.32293,-2.8476,2.7245
0.933685,371.839,8.70796e-005,-1.44526,-2.33928,-1.84682,1.90222
0.933685,371.839,8.72566e-005,-1.27734,-2.34671,-0.840282,1.07416
0.933685,371.839,8.74336e-005,-1.10437,-2.34522,0.168181,0.243463
0.933685,371.839,8.76106e-005,-0.927051,-2.33483,1.17471,-0.586705
0.933685,371.839,8.77876e-005,-0.74607,-2.31558,2.17546,-1.41319
0.933685,371.839,8.79646e-005,-0.562144,-2.28755,3.16662,-2.23287
0.933685,371.839,8.81416e-005,-0.376,-2.25088,4.14442,-3.04262
0.933685,371.839,8.83186e-005,-0.188372,-2.2057,5.10512,-3.83939
0.933685,371.839,8.84956e-005,-3.67382e-015,-2.1522,6.04509,-4.62017
0.933685,371.839,8.86726e-005,0.188372,-2.0906,6.96074,-5.38201
0.933685,371.839,8.88496e-005,0.376,-2.02115,7.84861,-6.12204
0.933685,371.839,8.90265e-005,0.562144,-1.94411,8.70533,-6.83749
0.933685,371.839,8.92035e-005,0.74607,-1.85979,9.52767,-7.52567
0.933685,371.839,8.93805e-005,0.927051,-1.76853,10.3125,-8.18401
0.933685,371.839,8.95575e-005,1.10437,-1.67068,11.0569,-8.81003
0.933685,371.839,8.97345e-005,1.27734,-1.56663,11.7581,-9.40143
0.933685,371.839,8.99115e-005,1.44526,-1.45678,12.4133,-9.95598
0.933685,371.839,9.00885e-005,1.60748,-1.34155,13.0202,-10.4717
0.933685,371.839,9.02655e-005,1.76336,-1.22141,13.5766,-10.9465
0.933685,371.839,9.04425e-005,1.91227,-1.0968,14.0802,-11.3789
0.933685,371.839,9.06195e-005,2.05364,-0.968224,14.5293,-11.7671
0.933685,371.839,9.07965e-005,2.18691,-0.836168,14.9223,-12.1099
0.933685,371.839,9.09735e-005,2.31154,-0.701145,15.2576,-12.4059
0.933685,371.839,9.11504e-005,2.42705,-0.563675,15.5341,-12.6541
0.933685,371.839,9.13274e-005,2.53298,-0.424289,15.7507,-12.8536
0.933685,371.839,9.15044e-005,2.62892,-0.28352,15.9068,-13.0038
0.933685,371.839,9.16814e-005,2.71448,-0.141912,16.0018,-13.1041
0.933685,371.839,9.18584e-005,2.78933,-5.57079e-006,16.0354,-13.1544
0.933685,371.839,9.20354e-005,2.85317,0.141654,16.0076,-13.1544
0.933685,371.839,9.22124e-005,2.90575,0.282526,15.9185,-13.1042
0.933685,371.839,9.23894e-005,2.94686,0.422071,15.7686,-13.0042
0.933685,371.839,9.25664e-005,2.97634,0.559756,15.5585,-12.8548
0.933685,371.839,9.27434e-005,2.99408,0.695059,15.2891,-12.6567
0.933685,371.839,9.29204e-005,3,0.827462,14.9616,-12.4106
0.933685,371.839,9.30973e-005,2.99408,0.956465,14.5773,-12.1177
0.933685,371.839,9.32743e-005,2.97634,1.08158,14.1376,-11.7792
0.933685,371.839,9.34513e-005,2.94686,1.20232,13.6444,-11.3963
0.933685,371.839,9.36283e-005,2.90575,1.31825,13.0997,-10.9707
0.933685,371.839,9.38053e-005,2.85317,1.42892,12.5056,-10.5041
0.933685,371.839,9.39823e-005,2.78933,1.53392,11.8645,-9.99825
0.933685,371.839,9.41593e-005,2.71448,1.63284,11.1788,-9.45527
0.933685,371.839,9.43363e-005,2.62892,1.72533,10.4514,-8.87728
0.933685,371.839,9.45133e-005,2.53298,1.81104,9.68493,-8.26654
0.933685,371.839,9.46903e-005,2.42705,1.88965,8.88255,-7.62546
0.933685,371.839,9.48673e-005,2.31154,1.96086,8.04736,-6.95656
0.933685,371.839,9.50442e-005,2.18691,2.02442,7.18261,-6.26245
0.933685,371.839,9.52212e-005,2.05364,2.0801,6.29167,-5.54584
0.933685,371.839,9.53982e-005,1.91227,2.1277,5.37801,-4.80952
0.933685,371.839,9.55752e-005,1.76336,2.16703,4.44518,-4.05636
0.933685,371.839,9.57522e-005,1.60748,2.19798,3.4968,-3.28926
0.933685,371.839,9.59292e-005,1.44526,2.22043,2.53654,-2.51122
0.933685,371.839,9.61062e-005,1.27734,2.2343,1.56813,-1.72523
0.933685,371.839,9.62832e-005,1.10437,2.23957,0.595295,-0.934322
0.933685,371.839,9.64602e-005,0.927051,2.23623,-0.3782,-0.141553
0.933685,371.839,9.66372e-005,0.74607,2.22429,-1.3486,0.650031
0.933685,371.839,9.68142e-005,0.562144,2.20383,-2.31218,1.43739
0.933685,371.839,9.69912e-005,0.376,2.17493,-3.26522,2.21751
0.933685,371.839,9.71681e-005,0.188372,2.13773,-4.20407,2.9874
0.933685,371.839,9.73451e-005,-6.61694e-015,2.09237,-5.12512,3.74411
0.933685,371.839,9.75221e-005,-0.188372,2.03906,-6.02486,4.48478
0.933685,371.839,9.76991e-005,-0.376,1.978,-6.89983,5.20657
0.933685,371.839,9.78761e-005,-0.562144,1.90944,-7.74671,5.90674
0.933685,371.839,9.80531e-005,-0.74607,1.83367,-8.56225,6.58265
0.933685,371.839,9.82301e-005,-0.927051,1.75098,-9.34337,7.23174
0.933685,371.839,9.84071e-005,-1.10437,1.66172,-10.0871,7.85155
0.933685,371.839,9.85841e-005,-1.27734,1.56623,-10.7906,8.43977
0.933685,371.839,9.87611e-005,-1.44526,1.46489,-11.4513,8.99419
0.933685,371.839,9.89381e-005,-1.60748,1.3581,-12.0666,9.51273
0.933685,371.839,9.9115e-005,-1.76336,1.2463,-12.6342,9.99348
0.933685,371.839,9.9292e-005,-1.91227,1.12991,-13.152,10.4346
0.933685,371.839,9.9469e-005,-2.05364,1.00939,-13.6182,10.8346
0.933685,371.839,9.9646e-005,-2.18691,0.885224,-14.0309,11.1919
0.933685,371.839,9.9823e-005,-2.31154,0.757891,-14.3887,11.5053
0.933685,371.839,0.0001,-2.42705,0.627889,-14.6902,11.7736
0.933685,371.839,0.000100177,-2.53298,0.495726,-14.9344,11.9958
0.933685,371.839,0.000100354,-2.62892,0.361917,-15.1205,12.1713
0.933685,371.839,0.000100531,-2.71448,0.226981,-15.2477,12.2994
0.933685,371.839,0.000100708,-2.78933,0.091444,-15.3157,12.3798
0.933685,371.839,0.000100885,-2.85317,-0.0441699,-15.3244,12.4121
0.933685,371.839,0.000101062,-2.90575,-0.179335,-15.2737,12.3965
0.933685,371.839,0.000101239,-2.94686,-0.31353,-15.164,12.333
0.933685,371.839,0.000101416,-2.97634,-0.446237,-14.9958,12.222
0.933685,371.839,0.000101593,-2.99408,-0.576943,-14.7699,12.0641
0.933685,371.839,0.00010177,-3,-0.705148,-14.4871,11.8598
0.933685,371.839,0.000101947,-2.99408,-0.830358,-14.1488,11.6102
0.933685,371.839,0.000102124,-2.97634,-0.952095,-13.7562,11.3163
0.933685,371.839,0.000102301,-2.94686,-1.06989,-13.3111,10.9793
0.933685,371.839,0.000102478,-2.90575,-1.1833,-12.8151,10.6005
0.933685,371.839,0.000102655,-2.85317,-1.29189,-12.2704,10.1817
0.933685,371.839,0.000102832,-2.78933,-1.39524,-11.6791,9.72437
0.933685,371.839,0.000103009,-2.71448,-1.49297,-11.0436,9.23048
0.933685,371.839,0.000103186,-2.62892,-1.58471,-10.3664,8.70199
0.933685,371.839,0.000103363,-2.53298,-1.67011,-9.65027,8.14103
0.933685,371.839,0.00010354,-2.42705,-1.74886,-8.89797,7.54984
0.933685,371.839,0.000103717,-2.31154,-1.82065,-8.11253,6.93078
0.933685,371.839,0.000103894,-2.18691,-1.88522,-7.29704,6.2863
0.933685,371.839,0.000104071,-2.05364,-1.94234,-6.45472,5.61897
0.933685,371.839,0.000104248,-1.91227,-1.9918,-5.58889,4.93141
0.933685,371.839,0.000104425,-1.76336,-2.03342,-4.70296,4.22635
0.933685,371.839,0.000104602,-1.60748,-2.06706,-3.80041,3.50655
0.933685,371.839,0.000104779,-1.44526,-2.09258,-2.88476,2.77485
0.933685,371.839,0.000104956,-1.27734,-2.10993,-1.95961,2.03411
0.933685,371.839,0.000105133,-1.10437,-2.11903,-1.02856,1.28724
0.933685,371.839,0.00010531,-0.927051,-2.11987,-0.0952606,0.537139
0.933685,371.839,0.000105487,-0.74607,-2.11247,0.836662,-0.213258
0.933685,371.839,0.000105664,-0.562144,-2.09686,1.76358,-0.961033
0.933685,371.839,0.000105841,-0.376,-2.07313,2.68189,-1.70328
0.933685,371.839,0.000106018,-0.188372,-2.04137,3.58804,-2.43713
0.933685,371.839,0.000973451,2.35368e-014,-1.70635,5.49712,-4.36337
0.933685,371.839,0.000973628,0.188372,-1.65096,6.25808,-4.96738
0.933685,371.839,0.000973805,0.376,-1.58907,6.99435,-5.55179
0.933685,371.839,0.000973982,0.562144,-1.5209,7.703,-6.1143
0.933685,371.839,0.000974159,0.74607,-1.44673,8.38126,-6.65267
0.933685,371.839,0.000974336,0.927051,-1.36685,9.02645,-7.16478
0.933685,371.839,0.000974513,1.10437,-1.28157,9.63601,-7.64862
0.933685,371.839,0.00097469,1.27734,-1.19124,10.2075,-8.10228
0.933685,371.839,0.000974867,1.44526,-1.09621,10.7388,-8.52396
0.933685,371.839,0.000975044,1.60748,-0.996849,11.2276,-8.91199
0.933685,371.839,0.000975221,1.76336,-0.893555,11.6722,-9.26486
0.933685,371.839,0.000975398,1.91227,-0.786735,12.0707,-9.58116
0.933685,371.839,0.000975575,2.05364,-0.67681,12.4215,-9.85965
0.933685,371.839,0.000975752,2.18691,-0.564213,12.7234,-10.0992
0.933685,371.839,0.000975929,2.31154,-0.44939,12.975,-10.299
0.933685,371.839,0.000976106,2.42705,-0.332794,13.1754,-10.458
0.933685,371.839,0.000976283,2.53298,-0.214884,13.3238,-10.5758
0.933685,371.839,0.00097646,2.62892,-0.0961264,13.4196,-10.6519
0.933685,371.839,0.000976637,2.71448,0.0230108,13.4625,-10.6859
0.933685,371.839,0.000976814,2.78933,0.142057,13.4522,-10.6778
0.933685,371.839,0.000976991,2.85317,0.260543,13.3889,-10.6275
0.933685,371.839,0.000977168,2.90575,0.378001,13.2727,-10.5353
0.933685,371.839,0.000977345,2.94686,0.493966,13.1041,-10.4015
0.933685,371.839,0.000977522,2.97634,0.607983,12.8838,-10.2266
0.933685,371.839,0.000977699,2.99408,0.719599,12.6127,-10.0114
0.933685,371.839,0.000977876,3,0.828376,12.2918,-9.75667
0.933685,371.839,0.000978053,2.99408,0.933884,11.9224,-9.46344
0.933685,371.839,0.00097823,2.97634,1.03571,11.5059,-9.13286
0.933685,371.839,0.000978407,2.94686,1.13344,11.044,-8.76624
0.933685,371.839,0.000978584,2.90575,1.2267,10.5385,-8.36502
0.933685,371.839,0.000978761,2.85317,1.31512,9.99148,-7.93079
0.933685,371.839,0.000978938,2.78933,1.39835,9.40499,-7.46526
0.933685,371.839,0.000979115,2.71448,1.47606,8.78139,-6.97026
0.933685,371.839,0.000979292,2.62892,1.54795,8.12312,-6.44776
0.933685,371.839,0.000979469,2.53298,1.61373,7.4328,-5.89982
0.933685,371.839,0.000979646,2.42705,1.67314,6.71314,-5.32859
0.933685,371.839,0.000979823,2.31154,1.72594,5.96699,-4.73633
0.933685,371.839,0.00098,2.18691,1.77193,5.19729,-4.12537
0.933685,371.839,0.000980177,2.05364,1.81093,4.40708,-3.49814
0.933685,371.839,0.000980354,1.91227,1.84279,3.59948,-2.8571
0.933685,371.839,0.000980531,1.76336,1.86737,2.77767,-2.20479
0.933685,371.839,0.000980708,1.60748,1.88458,1.9449,-1.54377
0.933685,371.839,0.000980885,1.44526,1.89436,1.10445,-0.876663
0.933685,371.839,0.000981062,1.27734,1.89665,0.259646,-0.206095
0.933685,371.839,0.000981239,1.10437,1.89147,-0.586185,0.465287
0.933685,371.839,0.000981416,0.927051,1.87881,-1.4297,1.13483
0.933685,371.839,0.000981593,0.74607,1.85875,-2.26758,1.7999
0.933685,371.839,0.00098177,0.562144,1.83134,-3.0965,2.45786
0.933685,371.839,0.000981947,0.376,1.79671,-3.91321,3.10613
0.933685,371.839,0.000982124,0.188372,1.75499,-4.71447,3.74213
0.933685,371.839,0.000982301,8.80497e-015,1.70635,-5.49712,4.36337
0.933685,371.839,0.000982478,-0.188372,1.65096,-6.25808,4.96738
0.933685,371.839,0.000982655,-0.376,1.58907,-6.99435,5.55179
0.933685,371.839,0.000982832,-0.562144,1.5209,-7.70301,6.1143
0.933685,371.839,0.000983009,-0.74607,1.44673,-8.38126,6.65267
0.933685,371.839,0.000983186,-0.927051,1.36685,-9.02645,7.16478
0.933685,371.839,0.000983363,-1.10437,1.28157,-9.63601,7.64862
0.933685,371.839,0.00098354,-1.27734,1.19124,-10.2075,8.10228
0.933685,371.839,0.000983717,-1.44526,1.09621,-10.7388,8.52396
0.933685,371.839,0.000983894,-1.60748,0.996849,-11.2276,8.912
0.933685,371.839,0.000984071,-1.76336,0.893555,-11.6722,9.26486
0.933685,371.839,0.000984248,-1.91227,0.786735,-12.0707,9.58116
0.933685,371.839,0.000984425,-2.05364,0.67681,-12.4215,9.85965
0.933685,371.839,0.000984602,-2.18691,0.564213,-12.7234,10.0992
0.933685,371.839,0.000984779,-2.31154,0.44939,-12.975,10.299
0.933685,371.839,0.000984956,-2.42705,0.332794,-13.1754,10.458
0.933685,371.839,0.000985133,-2.53298,0.214884,-13.3238,10.5758
0.933685,371.839,0.00098531,-2.62892,0.0961263,-13.4196,10.6519
0.933685,371.839,0.000985487,-2.71448,-0.0230109,-13.4625,10.6859
0.933685,371.839,0.000985664,-2.78933,-0.142057,-13.4522,10.6778
0.933685,371.839,0.000985841,-2.85317,-0.260543,-13.3889,10.6275
0.933685,371.839,0.000986018,-2.90575,-0.378001,-13.2727,10.5353
0.933685,371.839,0.000986195,-2.94686,-0.493966,-13.1041,10.4015
0.933685,371.839,0.000986372,-2.97634,-0.607983,-12.8838,10.2266
0.933685,371.839,0.000986549,-2.99408,-0.7196,-12.6127,10.0114
0.933685,371.839,0.000986726,-3,-0.828376,-12.2918,9.75667
0.933685,371.839,0.000986903,-2.99408,-0.933884,-11.9224,9.46344
0.933685,371.839,0.00098708,-2.97634,-1.03571,-11.5059,9.13286
0.933685,371.839,0.000987257,-2.94686,-1.13344,-11.044,8.76624
0.933685,371.839,0.000987434,-2.90575,-1.2267,-10.5385,8.36502
0.933685,371.839,0.000987611,-2.85317,-1.31512,-9.99148,7.93079
0.933685,371.839,0.000987788,-2.78933,-1.39835,-9.40499,7.46526
0.933685,371.839,0.000987965,-2.71448,-1.47606,-8.78139,6.97026
0.933685,371.839,0.000988142,-2.62892,-1.54795,-8.12312,6.44776
0.933685,371.839,0.000988319,-2.53298,-1.61373,-7.4328,5.89982
0.933685,371.839,0.000988496,-2.42705,-1.67314,-6.71314,5.32859
0.933685,371.839,0.000988673,-2.31154,-1.72594,-5.96699,4.73633
0.933685,371.839,0.00098885,-2.18691,-1.77193,-5.19729,4.12537
0.933685,371.839,0.000989027,-2.05364,-1.81093,-4.40708,3.49814
0.933685,371.839,0.000989204,-1.91227,-1.84279,-3.59948,2.8571
0.933685,371.839,0.000989381,-1.76336,-1.86737,-2.77767,2.20479
0.933685,371.839,0.000989558,-1.60748,-1.88458,-1.9449,1.54377
0.933685,371.839,0.000989735,-1.44526,-1.89436,-1.10445,0.876663
0.933685,371.839,0.000989912,-1.27734,-1.89665,-0.259645,0.206094
0.933685,371.839,0.000990088,-1.10437,-1.89147,0.586185,-0.465287
0.933685,371.839,0.000990265,-0.927051,-1.87881,1.4297,-1.13483
0.933685,371.839,0.000990442,-0.74607,-1.85875,2.26758,-1.7999
0.933685,371.839,0.000990619,-0.562144,-1.83134,3.0965,-2.45786
0.933685,371.839,0.000990796,-0.376,-1.79671,3.91321,-3.10613
0.933685,371.839,0.000990973,-0.188372,-1.75499,4.71447,-3.74213
0.933685,371.839,0.00099115,-4.11468e-014,-1.70635,5.49712,-4.36337
0.933685,371.839,0.000991327,0.188372,-1.65096,6.25808,-4.96738
0.933685,371.839,0.000991504,0.376,-1.58907,6.99435,-5.55179
0.933685,371.839,0.000991681,0.562144,-1.5209,7.70301,-6.1143
0.933685,371.839,0.000991858,0.74607,-1.44673,8.38127,-6.65267
0.933685,371.839,0.000992035,0.927051,-1.36685,9.02645,-7.16478
0.933685,371.839,0.000992212,1.10437,-1.28157,9.63601,-7.64862
0.933685,371.839,0.000992389,1.27734,-1.19124,10.2075,-8.10228
0.933685,371.839,0.000992566,1.44526,-1.09621,10.7388,-8.52396
0.933685,371.839,0.000992743,1.60748,-0.996849,11.2276,-8.912
0.933685,371.839,0.00099292,1.76336,-0.893555,11.6722,-9.26486
0.933685,371.839,0.000993097,1.91227,-0.786735,12.0707,-9.58117
0.933685,371.839,0.000993274,2.05364,-0.67681,12.4215,-9.85966
0.933685,371.839,0.000993451,2.18691,-0.564213,12.7234,-10.0992
0.933685,371.839,0.000993628,2.31154,-0.44939,12.975,-10.299
0.933685,371.839,0.000993805,2.42705,-0.332794,13.1754,-10.458
0.933685,371.839,0.000993982,2.53298,-0.214884,13.3238,-10.5758
0.933685,371.839,0.000994159,2.62892,-0.0961263,13.4196,-10.6519
0.933685,371.839,0.000994336,2.71448,0.0230109,13.4625,-10.6859
0.933685,371.839,0.000994513,2.78933,0.142057,13.4522,-10.6778
0.933685,371.839,0.00099469,2.85317,0.260543,13.3889,-10.6275
0.933685,371.839,0.000994867,2.90575,0.378001,13.2727,-10.5353
0.933685,371.839,0.000995044,2.94686,0.493966,13.1041,-10.4015
0.933685,371.839,0.000995221,2.97634,0.607983,12.8838,-10.2266
0.933685,371.839,0.000995398,2.99408,0.7196,12.6127,-10.0114
0.933685,371.839,0.000995575,3,0.828376,12.2918,-9.75667
0.933685,371.839,0.000995752,2.99408,0.933884,11.9224,-9.46344
0.933685,371.839,0.000995929,2.97634,1.03571,11.5059,-9.13286
0.933685,371.839,0.000996106,2.94686,1.13344,11.044,-8.76624
0.933685,371.839,0.000996283,2.90575,1.2267,10.5385,-8.36502
0.933685,371.839,0.00099646,2.85317,1.31512,9.99148,-7.93079
0.933685,371.839,0.000996637,2.78933,1.39835,9.40499,-7.46526
0.933685,371.839,0.000996814,2.71448,1.47606,8.78139,-6.97026
0.933685,371.839,0.000996991,2.62892,1.54795,8.12312,-6.44776
0.933685,371.839,0.000997168,2.53298,1.61373,7.4328,-5.89982
0.933685,371.839,0.000997345,2.42705,1.67314,6.71314,-5.32859
0.933685,371.839,0.000997522,2.31154,1.72594,5.96699,-4.73633
0.933685,371.839,0.000997699,2.18691,1.77193,5.19729,-4.12537
0.933685,371.839,0.000997876,2.05364,1.81093,4.40708,-3.49814
0.933685,371.839,0.000998053,1.91227,1.84279,3.59948,-2.8571
0.933685,371.839,0.00099823,1.76336,1.86737,2.77767,-2.20479
0.933685,371.839,0.000998407,1.60748,1.88458,1.9449,-1.54377
0.933685,371.839,0.000998584,1.44526,1.89436,1.10445,-0.876662
0.933685,371.839,0.000998761,1.27734,1.89665,0.259645,-0.206094
0.933685,371.839,0.000998938,1.10437,1.89147,-0.586185,0.465287
0.933685,371.839,0.000999115,0.927051,1.87881,-1.4297,1.13483
0.933685,371.839,0.000999292,0.74607,1.85875,-2.26758,1.7999
0.933685,371.839,0.000999469,0.562144,1.83134,-3.0965,2.45786
0.933685,371.839,0.000999646,0.376,1.79671,-3.91321,3.10613
0.933685,371.839,0.000999823,0.188372,1.75499,-4.71447,3.74213
0.933685,371.839,0.001,7.34886e-014,1.70635,-5.49712,4.36337
0.933685,371.839,0.00100018,-0.188372,1.65096,-6.25808,4.96738
0.933685,371.839,0.00100035,-0.376,1.58907,-6.99435,5.5518
0.933685,371.839,0.00100053,-0.562144,1.5209,-7.70301,6.1143
0.933685,371.839,0.00100071,-0.74607,1.44673,-8.38127,6.65267
0.933685,371.839,0.00100088,-0.927051,1.36685,-9.02645,7.16478
0.933685,371.839,0.00100106,-1.10437,1.28157,-9.63601,7.64862
0.933685,371.839,0.00100124,-1.27734,1.19124,-10.2075,8.10228
0.933685,371.839,0.00100142,-1.44526,1.09621,-10.7388,8.52396
0.933685,371.839,0.00100159,-1.60748,0.996849,-11.2276,8.912
0.933685,371.839,0.00100177,-1.76336,0.893555,-11.6722,9.26486
0.933685,371.839,0.00100195,-1.91227,0.786735,-12.0707,9.58117
0.933685,371.839,0.00100212,-2.05364,0.67681,-12.4215,9.85966
0.933685,371.839,0.0010023,-2.18691,0.564213,-12.7234,10.0992
0.933685,371.839,0.00100248,-2.31154,0.44939,-12.975,10.299
0.933685,371.839,0.00100265,-2.42705,0.332794,-13.1754,10.458
0.933685,371.839,0.00100283,-2.53298,0.214884,-13.3238,10.5758
0.933685,371.839,0.00100301,-2.62892,0.0961263,-13.4196,10.6519
0.933685,371.839,0.00100319,-2.71448,-0.0230109,-13.4625,10.6859
0.933685,371.839,0.00100336,-2.78933,-0.142057,-13.4522,10.6778
0.933685,371.839,0.00100354,-2.85317,-0.260543,-13.3889,10.6275
0.933685,371.839,0.00100372,-2.90575,-0.378001,-13.2727,10.5353
0.933685,371.839,0.00100389,-2.94686,-0.493966,-13.1041,10.4015
0.933685,371.839,0.00100407,-2.97634,-0.607983,-12.8838,10.2266
0.933685,371.839,0.00100425,-2.99408,-0.7196,-12.6127,10.0114
0.933685,371.839,0.00100442,-3,-0.828377,-12.2918,9.75667
0.933685,371.839,0.0010046,-2.99408,-0.933884,-11.9224,9.46344
0.933685,371.839,0.00100478,-2.97634,-1.03571,-11.5059,9.13286
0.933685,371.839,0.00100496,-2.94686,-1.13344,-11.044,8.76624
0.933685,371.839,0.00100513,-2.90575,-1.2267,-10.5385,8.36502
0.933685,371.839,0.00100531,-2.85317,-1.31512,-9.99149,7.93079
0.933685,371.839,0.00100549,-2.78933,-1.39835,-9.40499,7.46526
0.933685,371.839,0.00100566,-2.71448,-1.47606,-8.78139,6.97026
0.933685,371.839,0.00100584,-2.62892,-1.54795,-8.12312,6.44776
0.933685,371.839,0.00100602,-2.53298,-1.61373,-7.4328,5.89982
0.933685,371.839,0.00100619,-2.42705,-1.67314,-6.71314,5.32859
0.933685,371.839,0.00100637,-2.31154,-1.72594,-5.96699,4.73633
0.933685,371.839,0.00100655,-2.18691,-1.77193,-5.19729,4.12537
0.933685,371.839,0.00100673,-2.05364,-1.81094,-4.40708,3.49814
0.933685,371.839,0.0010069,-1.91227,-1.84279,-3.59948,2.8571
0.933685,371.839,0.00100708,-1.76336,-1.86737,-2.77767,2.20479
0.933685,371.839,0.00100726,-1.60748,-1.88458,-1.9449,1.54377
0.933685,371.839,0.00100743,-1.44526,-1.89436,-1.10445,0.876662
0.933685,371.839,0.00100761,-1.27734,-1.89665,-0.259645,0.206094
0.933685,371.839,0.00100779,-1.10437,-1.89147,0.586185,-0.465287
0.933685,371.839,0.00100796,-0.927051,-1.87881,1.4297,-1.13483
0.933685,371.839,0.00100814,-0.74607,-1.85875,2.26758,-1.7999
0.933685,371.839,0.00100832,-0.562144,-1.83134,3.0965,-2.45786
0.933685,371.839,0.0010085,-0.376,-1.79671,3.91321,-3.10613
0.933685,371.839,0.00100867,-0.188372,-1.75499,4.71447,-3.74213
0.933685,371.839,0.00100885,6.46999e-014,-1.70635,5.49712,-4.36337
0.933685,371.839,0.00100903,0.188372,-1.65096,6.25808,-4.96738
0.933685,371.839,0.0010092,0.376,-1.58907,6.99435,-5.5518
0.933685,371.839,0.00100938,0.562144,-1.5209,7.70301,-6.1143
0.933685,371.839,0.00100956,0.74607,-1.44673,8.38127,-6.65267
0.933685,371.839,0.00100973,0.927051,-1.36685,9.02645,-7.16478
0.933685,371.839,0.00100991,1.10437,-1.28157,9.63601,-7.64862
0.933685,371.839,0.00101009,1.27734,-1.19124,10.2075,-8.10228
0.933685,371.839,0.00101027,1.44526,-1.09621,10.7388,-8.52396
0.933685,371.839,0.00101044,1.60748,-0.996849,11.2276,-8.912
0.933685,371.839,0.00101062,1.76336,-0.893555,11.6722,-9.26486
0.933685,371.839,0.0010108,1.91227,-0.786735,12.0707,-9.58117
0.933685,371.839,0.00101097,2.05364,-0.67681,12.4215,-9.85966
0.933685,371.839,0.00101115,2.18691,-0.564213,12.7234,-10.0992
0.933685,371.839,0.00101133,2.31154,-0.44939,12.975,-10.299
0.933685,371.839,0.0010115,2.42705,-0.332794,13.1754,-10.458
0.933685,371.839,0.00101168,2.53298,-0.214884,13.3238,-10.5758
0.933685,371.839,0.00101186,2.62892,-0.0961263,13.4196,-10.6519
0.933685,371.839,0.00101204,2.71448,0.0230109,13.4625,-10.6859
0.933685,371.839,0.00101221,2.78933,0.142057,13.4522,-10.6778
0.933685,371.839,0.00101239,2.85317,0.260543,13.3889,-10.6275
0.933685,371.839,0.00101257,2.90575,0.378001,13.2727,-10.5353
0.933685,371.839,0.00101274,2.94686,0.493966,13.1041,-10.4015
0.933685,371.839,0.00101292,2.97634,0.607983,12.8838,-10.2266
0.933685,371.839,0.0010131,2.99408,0.7196,12.6127,-10.0114
0.933685,371.839,0.00101327,3,0.828377,12.2918,-9.75667
0.933685,371.839,0.00101345,2.99408,0.933884,11.9224,-9.46344
0.933685,371.839,0.00101363,2.97634,1.03571,11.5059,-9.13286
0.933685,371.839,0.00101381,2.94686,1.13344,11.044,-8.76624
0.933685,371.839,0.00101398,2.90575,1.2267,10.5385,-8.36502
0.933685,371.839,0.00101416,2.85317,1.31512,9.99149,-7.93079
0.933685,371.839,0.00101434,2.78933,1.39835,9.40499,-7.46526
0.933685,371.839,0.00101451,2.71448,1.47606,8.78139,-6.97027
0.933685,371.839,0.00101469,2.62892,1.54795,8.12312,-6.44776
0.933685,371.839,0.00101487,2.53298,1.61373,7.4328,-5.89982
0.933685,371.839,0.00101504,2.42705,1.67314,6.71314,-5.32859
0.933685,371.839,0.00101522,2.31154,1.72594,5.96699,-4.73633
0.933685,371.839,0.0010154,2.18691,1.77193,5.19729,-4.12537
0.933685,371.839,0.00101558,2.05364,1.81094,4.40708,-3.49814
0.933685,371.839,0.00101575,1.91227,1.84279,3.59948,-2.8571
0.933685,371.839,0.00101593,1.76336,1.86737,2.77767,-2.20479
0.933685,371.839,0.00101611,1.60748,1.88458,1.9449,-1.54377
0.933685,371.839,0.00101628,1.44526,1.89436,1.10445,-0.876663
0.933685,371.839,0.00101646,1.27734,1.89665,0.259645,-0.206094
0.933685,371.839,0.00101664,1.10437,1.89147,-0.586185,0.465287
0.933685,371.839,0.00101681,0.927051,1.87881,-1.4297,1.13483
0.933685,371.839,0.00101699,0.74607,1.85875,-2.26758,1.7999
0.933685,371.839,0.00101717,0.562144,1.83134,-3.0965,2.45786
0.933685,371.839,0.00101735,0.376,1.79671,-3.91321,3.10613
0.933685,371.839,0.00101752,0.188372,1.75499,-4.71447,3.74213
0.933685,371.839,0.0010177,1.38172e-013,1.70635,-5.49712,4.36337
0.933685,371.839,0.00101788,-0.188372,1.65096,-6.25808,4.96738
0.933685,371.839,0.00101805,-0.376,1.58907,-6.99435,5.5518
0.933685,371.839,0.00101823,-0.562144,1.5209,-7.70301,6.1143
0.933685,371.839,0.00101841,-0.74607,1.44673,-8.38127,6.65267
0.933685,371.839,0.00101858,-0.927051,1.36685,-9.02645,7.16478
0.933685,371.839,0.00101876,-1.10437,1.28157,-9.63601,7.64862
0.933685,371.839,0.00101894,-1.27734,1.19124,-10.2075,8.10228
0.933685,371.839,0.00101912,-1.44526,1.09621,-10.7388,8.52396
0.933685,371.839,0.00101929,-1.60748,0.996849,-11.2276,8.912
0.933685,371.839,0.00101947,-1.76336,0.893555,-11.6722,9.26486
0.933685,371.839,0.00101965,-1.91227,0.786735,-12.0707,9.58117
0.933685,371.839,0.00101982,-2.05364,0.67681,-12.4215,9.85966
0.933685,371.839,0.00102,-2.18691,0.564213,-12.7234,10.0992
0.933685,371.839,0.00102018,-2.31154,0.44939,-12.975,10.299
0.933685,371.839,0.00102035,-2.42705,0.332794,-13.1754,10.458
0.933685,371.839,0.00102053,-2.53298,0.214884,-13.3238,10.5758
0.933685,371.839,0.00102071,-2.62892,0.0961263,-13.4196,10.6519
0.933685,371.839,0.00102088,-2.71448,-0.0230109,-13.4625,10.6859
0.933685,371.839,0.00102106,-2.78933,-0.142057,-13.4522,10.6778
0.933685,371.839,0.00102124,-2.85317,-0.260543,-13.3889,10.6275
0.933685,371.839,0.00102142,-2.90575,-0.378001,-13.2727,10.5353
0.933685,371.839,0.00102159,-2.94686,-0.493966,-13.1041,10.4015
0.933685,371.839,0.00102177,-2.97634,-0.607983,-12.8838,10.2266
0.933685,371.839,0.00102195,-2.99408,-0.7196,-12.6127,10.0114
0.933685,371.839,0.00102212,-3,-0.828377,-12.2918,9.75667
0.933685,371.839,0.0010223,-2.99408,-0.933884,-11.9224,9.46344
0.933685,371.839,0.00102248,-2.97634,-1.03571,-11.5059,9.13286
0.933685,371.839,0.00102265,-2.94686,-1.13344,-11.044,8.76624
0.933685,371.839,0.00102283,-2.90575,-1.2267,-10.5385,8.36502
0.933685,371.839,0.00102301,-2.85317,-1.31512,-9.99149,7.93079
0.933685,371.839,0.00102319,-2.78933,-1.39835,-9.40499,7.46526
0.933685,371.839,0.00102336,-2.71448,-1.47606,-8.78139,6.97027
0.933685,371.839,0.00102354,-2.62892,-1.54795,-8.12312,6.44776
0.933685,371.839,0.00102372,-2.53298,-1.61373,-7.4328,5.89982
0.933685,371.839,0.00102389,-2.42705,-1.67314,-6.71314,5.32859
0.933685,371.839,0.00102407,-2.31154,-1.72594,-5.96699,4.73633
0.933685,371.839,0.00102425,-2.18691,-1.77193,-5.19729,4.12537
0.933685,371.839,0.00102442,-2.05364,-1.81094,-4.40708,3.49814
0.933685,371.839,0.0010246,-1.91227,-1.84279,-3.59948,2.8571
0.933685,371.839,0.00102478,-1.76336,-1.86737,-2.77767,2.20479
0.933685,371.839,0.00102496,-1.60748,-1.88458,-1.9449,1.54377
0.933685,371.839,0.00102513,-1.44526,-1.89436,-1.10445,0.876663
0.933685,371.839,0.00102531,-1.27734,-1.89665,-0.259645,0.206094
0.933685,371.839,0.00102549,-1.10437,-1.89147,0.586185,-0.465287
0.933685,371.839,0.00102566,-0.927051,-1.87881,1.4297,-1.13483
0.933685,371.839,0.00102584,-0.74607,-1.85875,2.26758,-1.7999
0.933685,371.839,0.00102602,-0.562144,-1.83134,3.0965,-2.45786
0.933685,371.839,0.00102619,-0.376,-1.79671,3.91321,-3.10613
0.933685,371.839,0.00102637,-0.188372,-1.75499,4.71447,-3.74213
0.933685,371.839,0.00102655,1.6263e-017,-1.70635,5.49712,-4.36337
0.933685,371.839,0.00102673,0.188372,-1.65096,6.25808,-4.96738
0.933685,371.839,0.0010269,0.376,-1.58907,6.99435,-5.5518
0.933685,371.839,0.00102708,0.562144,-1.5209,7.70301,-6.1143
0.933685,371.839,0.00102726,0.74607,-1.44673,8.38127,-6.65267
0.933685,371.839,0.00102743,0.927051,-1.36685,9.02645,-7.16478
0.933685,371.839,0.00102761,1.10437,-1.28157,9.63601,-7.64862
0.933685,371.839,0.00102779,1.27734,-1.19124,10.2075,-8.10228
0.933685,371.839,0.00102796,1.44526,-1.09621,10.7388,-8.52396
0.933685,371.839,0.00102814,1.60748,-0.996849,11.2276,-8.912
0.933685,371.839,0.00102832,1.76336,-0.893555,11.6722,-9.26486
0.933685,371.839,0.0010285,1.91227,-0.786735,12.0707,-9.58117
0.933685,371.839,0.00102867,2.05364,-0.67681,12.4215,-9.85966
0.933685,371.839,0.00102885,2.18691,-0.564213,12.7234,-10.0992
0.933685,371.839,0.00102903,2.31154,-0.44939,12.975,-10.299
0.933685,371.839,0.0010292,2.42705,-0.332794,13.1754,-10.458
0.933685,371.839,0.00102938,2.53298,-0.214884,13.3238,-10.5758
0.933685,371.839,0.00102956,2.62892,-0.0961264,13.4196,-10.6519
0.933685,371.839,0.00102973,2.71448,0.0230109,13.4625,-10.6859
0.933685,371.839,0.00102991,2.78933,0.142057,13.4522,-10.6778
0.933685,371.839,0.00103009,2.85317,0.260543,13.3889,-10.6275
0.933685,371.839,0.00103027,2.90575,0.378001,13.2727,-10.5353
0.933685,371.839,0.00103044,2.94686,0.493966,13.1041,-10.4015
0.933685,371.839,0.00103062,2.97634,0.607983,12.8838,-10.2266
0.933685,371.839,0.0010308,2.99408,0.7196,12.6127,-10.0114
0.933685,371.839,0.00103097,3,0.828377,12.2918,-9.75667
0.933685,371.839,0.00103115,2.99408,0.933884,11.9224,-9.46344
0.933685,371.839,0.00103133,2.97634,1.03571,11.5059,-9.13286
0.933685,371.839,0.0010315,2.94686,1.13344,11.044,-8.76624
0.933685,371.839,0.00103168,2.90575,1.2267,10.5385,-8.36502
0.933685,371.839,0.00103186,2.85317,1.31512,9.99149,-7.93079
0.933685,371.839,0.00103204,2.78933,1.39835,9.40499,-7.46526
0.933685,371.839,0.00103221,2.71448,1.47606,8.78139,-6.97027
0.933685,371.839,0.00103239,2.62892,1.54795,8.12312,-6.44777
0.933685,371.839,0.00103257,2.53298,1.61373,7.4328,-5.89982
0.933685,371.839,0.00103274,2.42705,1.67314,6.71314,-5.32859
0.933685,371.839,0.00103292,2.31154,1.72594,5.96699,-4.73633
0.933685,371.839,0.0010331,2.18691,1.77193,5.19729,-4.12537
0.933685,371.839,0.00103327,2.05364,1.81094,4.40708,-3.49814
0.933685,371.839,0.00103345,1.91227,1.84279,3.59948,-2.8571
0.933685,371.839,0.00103363,1.76336,1.86737,2.77767,-2.20479
0.933685,371.839,0.00103381,1.60748,1.88458,1.9449,-1.54377
0.933685,371.839,0.00103398,1.44526,1.89436,1.10445,-0.876663
0.933685,371.839,0.00103416,1.27734,1.89665,0.259645,-0.206095
0.933685,371.839,0.00103434,1.10437,1.89147,-0.586185,0.465287
0.933685,371.839,0.00103451,0.927051,1.87881,-1.4297,1.13483
0.933685,371.839,0.00103469,0.74607,1.85875,-2.26758,1.7999
0.933685,371.839,0.00103487,0.562144,1.83134,-3.0965,2.45786
0.933685,371.839,0.00103504,0.376,1.79671,-3.91321,3.10613
0.933685,371.839,0.00103522,0.188372,1.75499,-4.71447,3.74213
0.933685,371.839,0.0010354,3.23255e-014,1.70635,-5.49712,4.36337
0.933685,371.839,0.00103558,-0.188372,1.65096,-6.25808,4.96738
0.933685,371.839,0.00103575,-0.376,1.58907,-6.99435,5.5518
0.933685,371.839,0.00103593,-0.562144,1.5209,-7.70301,6.1143
0.933685,371.839,0.00103611,-0.74607,1.44673,-8.38127,6.65267
0.933685,371.839,0.00103628,-0.927051,1.36685,-9.02645,7.16478
0.933685,371.839,0.00103646,-1.10437,1.28157,-9.63601,7.64862
0.933685,371.839,0.00103664,-1.27734,1.19124,-10.2075,8.10228
0.933685,371.839,0.00103681,-1.44526,1.09621,-10.7388,8.52396
0.933685,371.839,0.00103699,-1.60748,0.996849,-11.2276,8.912
0.933685,371.839,0.00103717,-1.76336,0.893555,-11.6722,9.26486
0.933685,371.839,0.00103735,-1.91227,0.786735,-12.0707,9.58117
0.933685,371.839,0.00103752,-2.05364,0.67681,-12.4215,9.85966
0.933685,371.839,0.0010377,-2.18691,0.564213,-12.7234,10.0992
0.933685,371.839,0.00103788,-2.31154,0.449391,-12.975,10.299
0.933685,371.839,0.00103805,-2.42705,0.332794,-13.1754,10.458
0.933685,371.839,0.00103823,-2.53298,0.214884,-13.3238,10.5758
0.933685,371.839,0.00103841,-2.62892,0.0961264,-13.4196,10.6519
0.933685,371.839,0.00103858,-2.71448,-0.0230109,-13.4625,10.6859
0.933685,371.839,0.00103876,-2.78933,-0.142057,-13.4522,10.6778
0.933685,371.839,0.00103894,-2.85317,-0.260543,-13.3889,10.6275
0.933685,371.839,0.00103912,-2.90575,-0.378001,-13.2727,10.5353
0.933685,371.839,0.00103929,-2.94686,-0.493966,-13.1041,10.4015
0.933685,371.839,0.00103947,-2.97634,-0.607983,-12.8838,10.2266
0.933685,371.839,0.00103965,-2.99408,-0.7196,-12.6127,10.0114
0.933685,371.839,0.00103982,-3,-0.828376,-12.2918,9.75667
0.933685,371.839,0.00104,-2.99408,-0.933884,-11.9224,9.46344
0.933685,371.839,0.00104018,-2.97634,-1.03571,-11.5059,9.13286
0.933685,371.839,0.00104035,-2.94686,-1.13344,-11.044,8.76624
0.933685,371.839,0.00104053,-2.90575,-1.2267,-10.5385,8.36502
0.933685,371.839,0.00104071,-2.85317,-1.31512,-9.99149,7.93079
0.933685,371.839,0.00104088,-2.78933,-1.39835,-9.40499,7.46526
0.933685,371.839,0.00104106,-2.71448,-1.47606,-8.78139,6.97027
0.933685,371.839,0.00104124,-2.62892,-1.54795,-8.12312,6.44777
0.933685,371.839,0.00104142,-2.53298,-1.61373,-7.4328,5.89982
0.933685,371.839,0.00104159,-2.42705,-1.67314,-6.71314,5.32859
0.933685,371.839,0.00104177,-2.31154,-1.72594,-5.96699,4.73633
0.933685,371.839,0.00104195,-2.18691,-1.77193,-5.19729,4.12537
0.933685,371.839,0.00104212,-2.05364,-1.81094,-4.40708,3.49814
0.933685,371.839,0.0010423,-1.91227,-1.84279,-3.59948,2.8571
0.933685,371.839,0.00104248,-1.76336,-1.86737,-2.77767,2.20479
0.933685,371.839,0.00104265,-1.60748,-1.88458,-1.9449,1.54377
0.933685,371.839,0.00104283,-1.44526,-1.89436,-1.10445,0.876663
0.933685,371.839,0.00104301,-1.27734,-1.89665,-0.259646,0.206095
0.933685,371.839,0.00104319,-1.10437,-1.89147,0.586185,-0.465287
0.933685,371.839,0.00104336,-0.927051,-1.87881,1.4297,-1.13483
0.933685,371.839,0.00104354,-0.74607,-1.85875,2.26758,-1.7999
0.933685,371.839,0.00104372,-0.562144,-1.83134,3.0965,-2.45786
0.933685,371.839,0.00104389,-0.376,-1.79671,3.91321,-3.10613
0.933685,371.839,0.00104407,-0.188372,-1.75499,4.71447,-3.74213
0.933685,371.839,0.00104425,-6.46673e-014,-1.70635,5.49712,-4.36337
0.933685,371.839,0.00104442,0.188372,-1.65096,6.25808,-4.96738
0.933685,371.839,0.0010446,0.376,-1.58907,6.99435,-5.55179
0.933685,371.839,0.00104478,0.562144,-1.5209,7.70301,-6.1143
0.933685,371.839,0.00104496,0.74607,-1.44673,8.38127,-6.65267
0.933685,371.839,0.00104513,0.927051,-1.36685,9.02645,-7.16478
0.933685,371.839,0.00104531,1.10437,-1.28157,9.63601,-7.64862
0.933685,371.839,0.00104549,1.27734,-1.19124,10.2075,-8.10228
0.933685,371.839,0.00104566,1.44526,-1.09621,10.7388,-8.52396
0.933685,371.839,0.00104584,1.60748,-0.996849,11.2276,-8.912
0.933685,371.839,0.00104602,1.76336,-0.893555,11.6722,-9.26486
0.933685,371.839,0.00104619,1.91227,-0.786735,12.0707,-9.58117
0.933685,371.839,0.00104637,2.05364,-0.67681,12.4215,-9.85966
0.933685,371.839,0.00104655,2.18691,-0.564213,12.7234,-10.0992
0.933685,371.839,0.00104673,2.31154,-0.449391,12.975,-10.299
0.933685,371.839,0.0010469,2.42705,-0.332794,13.1754,-10.458
0.933685,371.839,0.00104708,2.53298,-0.214884,13.3238,-10.5758
0.933685,371.839,0.00104726,2.62892,-0.0961264,13.4196,-10.6519
0.933685,371.839,0.00104743,2.71448,0.0230108,13.4625,-10.6859
0.933685,371.839,0.00104761,2.78933,0.142057,13.4522,-10.6778
0.933685,371.839,0.00104779,2.85317,0.260543,13.3889,-10.6275
0.933685,371.839,0.00104796,2.90575,0.378001,13.2727,-10.5353
0.933685,371.839,0.00104814,2.94686,0.493966,13.1041,-10.4015
0.933685,371.839,0.00104832,2.97634,0.607983,12.8838,-10.2266
0.933685,371.839,0.0010485,2.99408,0.7196,12.6127,-10.0114
0.933685,371.839,0.00104867,3,0.828376,12.2918,-9.75667
0.933685,371.839,0.00104885,2.99408,0.933884,11.9224,-9.46344
0.933685,371.839,0.00104903,2.97634,1.03571,11.5059,-9.13286
0.933685,371.839,0.0010492,2.94686,1.13344,11.044,-8.76624
0.933685,371.839,0.00104938,2.90575,1.2267,10.5385,-8.36502
0.933685,371.839,0.00104956,2.85317,1.31512,9.99149,-7.93079
0.933685,371.839,0.00104973,2.78933,1.39835,9.405,-7.46526
0.933685,371.839,0.00104991,2.71448,1.47606,8.78139,-6.97027
0.933685,371.839,0.00105009,2.62892,1.54795,8.12312,-6.44777
0.933685,371.839,0.00105027,2.53298,1.61373,7.4328,-5.89982
0.933685,371.839,0.00105044,2.42705,1.67314,6.71314,-5.32859
0.933685,371.839,0.00105062,2.31154,1.72594,5.96699,-4.73633
0.933685,371.839,0.0010508,2.18691,1.77193,5.19729,-4.12537
0.933685,371.839,0.00105097,2.05364,1.81094,4.40708,-3.49814
0.933685,371.839,0.00105115,1.91227,1.84279,3.59948,-2.8571
0.933685,371.839,0.00105133,1.76336,1.86737,2.77767,-2.20479
0.933685,371.839,0.0010515,1.60748,1.88458,1.9449,-1.54377
0.933685,371.839,0.00105168,1.44526,1.89436,1.10445,-0.876663
0.933685,371.839,0.00105186,1.27734,1.89665,0.259646,-0.206095
0.933685,371.839,0.00105204,1.10437,1.89147,-0.586184,0.465287
0.933685,371.839,0.00105221,0.927051,1.87881,-1.4297,1.13483
0.933685,371.839,0.00105239,0.74607,1.85875,-2.26758,1.7999
0.933685,371.839,0.00105257,0.562144,1.83134,-3.0965,2.45786
0.933685,371.839,0.00105274,0.376,1.79671,-3.91321,3.10613
0.933685,371.839,0.00105292,0.188372,1.75499,-4.71447,3.74213
0.933685,371.839,0.0010531,9.70092e-014,1.70635,-5.49712,4.36337
0.933685,371.839,0.00105327,-0.188372,1.65096,-6.25808,4.96738
0.933685,371.839,0.00105345,-0.376,1.58907,-6.99435,5.55179
0.933685,371.839,0.00105363,-0.562144,1.5209,-7.70301,6.1143
0.933685,371.839,0.00105381,-0.74607,1.44673,-8.38127,6.65267
0.933685,371.839,0.00105398,-0.927051,1.36685,-9.02645,7.16478
0.933685,371.839,0.00105416,-1.10437,1.28157,-9.63601,7.64862
0.933685,371.839,0.00105434,-1.27734,1.19124,-10.2075,8.10228
0.933685,371.839,0.00105451,-1.44526,1.09621,-10.7388,8.52396
0.933685,371.839,0.00105469,-1.60748,0.996849,-11.2276,8.912
0.933685,371.839,0.00105487,-1.76336,0.893555,-11.6722,9.26486
0.933685,371.839,0.00105504,-1.91227,0.786735,-12.0707,9.58117
0.933685,371.839,0.00105522,-2.05364,0.67681,-12.4215,9.85966
0.933685,371.839,0.0010554,-2.18691,0.564213,-12.7234,10.0992
0.933685,371.839,0.00105558,-2.31154,0.449391,-12.975,10.299
0.933685,371.839,0.00105575,-2.42705,0.332794,-13.1754,10.458
0.933685,371.839,0.00105593,-2.53298,0.214884,-13.3238,10.5758
0.933685,371.839,0.00105611,-2.62892,0.0961264,-13.4196,10.6519
0.933685,371.839,0.00105628,-2.71448,-0.0230108,-13.4625,10.6859
0.933685,371.839,0.00105646,-2.78933,-0.142057,-13.4522,10.6778
0.933685,371.839,0.00105664,-2.85317,-0.260543,-13.3889,10.6275
0.933685,371.839,0.00105681,-2.90575,-0.378001,-13.2727,10.5353
0.933685,371.839,0.00105699,-2.94686,-0.493966,-13.1041,10.4015
0.933685,371.839,0.00105717,-2.97634,-0.607983,-12.8838,10.2266
0.933685,371.839,0.00105735,-2.99408,-0.7196,-12.6127,10.0114
0.933685,371.839,0.00105752,-3,-0.828376,-12.2918,9.75667
0.933685,371.839,0.0010577,-2.99408,-0.933884,-11.9224,9.46344
0.933685,371.839,0.00105788,-2.97634,-1.03571,-11.5059,9.13286
0.933685,371.839,0.00105805,-2.94686,-1.13344,-11.044,8.76624
0.933685,371.839,0.00105823,-2.90575,-1.2267,-10.5385,8.36502
0.933685,371.839,0.00105841,-2.85317,-1.31512,-9.99149,7.93079
0.933685,371.839,0.00105858,-2.78933,-1.39835,-9.405,7.46526
0.933685,371.839,0.00105876,-2.71448,-1.47606,-8.78139,6.97027
0.933685,371.839,0.00105894,-2.62892,-1.54795,-8.12312,6.44777
0.933685,371.839,0.00105912,-2.53298,-1.61373,-7.4328,5.89982
0.933685,371.839,0.00105929,-2.42705,-1.67314,-6.71314,5.32859
0.933685,371.839,0.00105947,-2.31154,-1.72594,-5.96699,4.73633
0.933685,371.839,0.00105965,-2.18691,-1.77193,-5.19729,4.12538
0.933685,371.839,0.00105982,-2.05364,-1.81094,-4.40708,3.49814
0.933685,371.839,0.00106,-1.91227,-1.84279,-3.59948,2.8571
0.933685,371.839,0.00106018,-1.76336,-1.86737,-2.77767,2.20479
0.933685,371.839,0.00106035,-1.60748,-1.88458,-1.9449,1.54377
0.933685,371.839,0.00106053,-1.44526,-1.89436,-1.10445,0.876664
0.933685,371.839,0.00106071,-1.27734,-1.89665,-0.259646,0.206095
0.933685,371.839,0.00106088,-1.10437,-1.89147,0.586184,-0.465286
0.933685,371.839,0.00106106,-0.927051,-1.87881,1.4297,-1.13483
0.933685,371.839,0.00106124,-0.74607,-1.85875,2.26758,-1.7999
0.933685,371.839,0.00106142,-0.562144,-1.83134,3.0965,-2.45786
0.933685,371.839,0.00106159,-0.376,-1.79671,3.91321,-3.10613
0.933685,371.839,0.00106177,-0.188372,-1.75499,4.71447,-3.74213
