Amp, Phaseshift, Time, Vd, Vr, VL, VC
0.370271,372.09,0,0,0,0,0
0.370271,372.09,1.48148e-007,0.188372,0.00139534,0.188372,0
0.370271,372.09,2.96296e-007,0.376,0.00417019,0.374604,0.000413436
0.370271,372.09,4.44444e-007,0.562144,0.00830027,0.55756,0.00164905
0.370271,372.09,5.92593e-007,0.74607,0.013753,0.73612,0.00410839
0.370271,372.09,7.40741e-007,0.927051,0.0204877,0.90919,0.00818335
0.370271,372.09,8.88889e-007,1.10437,0.0284559,1.0757,0.0142538
0.370271,372.09,1.03704e-006,1.27734,0.0376013,1.23463,0.0226852
0.370271,372.09,1.18519e-006,1.44526,0.0478604,1.38497,0.0338263
0.370271,372.09,1.33333e-006,1.60748,0.0591626,1.52579,0.0480072
0.370271,372.09,1.48148e-006,1.76336,0.0714306,1.65619,0.0655368
0.370271,372.09,1.62963e-006,1.91227,0.084581,1.7753,0.0867014
0.370271,372.09,1.77778e-006,2.05364,0.0985244,1.88236,0.111762
0.370271,372.09,1.92593e-006,2.18691,0.113166,1.97662,0.140955
0.370271,372.09,2.07407e-006,2.31154,0.128406,2.05742,0.174486
0.370271,372.09,2.22222e-006,2.42705,0.144141,2.12416,0.212532
0.370271,372.09,2.37037e-006,2.53298,0.160262,2.17631,0.25524
0.370271,372.09,2.51852e-006,2.62892,0.176657,2.21342,0.302725
0.370271,372.09,2.66667e-006,2.71448,0.193213,2.2351,0.355068
0.370271,372.09,2.81481e-006,2.78933,0.209814,2.24105,0.412316
0.370271,372.09,2.96296e-006,2.85317,0.22634,2.23104,0.474483
0.370271,372.09,3.11111e-006,2.90575,0.242673,2.20493,0.541547
0.370271,372.09,3.25926e-006,2.94686,0.258692,2.16264,0.61345
0.370271,372.09,3.40741e-006,2.97634,0.274279,2.1042,0.6901
0.370271,372.09,3.55556e-006,2.99408,0.289314,2.0297,0.771368
0.370271,372.09,3.7037e-006,3,0.303679,1.93932,0.85709
0.370271,372.09,3.85185e-006,2.99408,0.317259,1.83331,0.947069
0.370271,372.09,4e-006,2.97634,0.329941,1.71202,1.04107
0.370271,372.09,4.14815e-006,2.94686,0.341614,1.57585,1.13883
0.370271,372.09,4.2963e-006,2.90575,0.352172,1.4253,1.24005
0.370271,372.09,4.44444e-006,2.85317,0.361512,1.26095,1.3444
0.370271,372.09,4.59259e-006,2.78933,0.369537,1.08342,1.45151
0.370271,372.09,4.74074e-006,2.71448,0.376155,0.893431,1.56101
0.370271,372.09,4.88889e-006,2.62892,0.381279,0.691759,1.67246
0.370271,372.09,5.03704e-006,2.53298,0.384829,0.479245,1.78543
0.370271,372.09,5.18519e-006,2.42705,0.386732,0.256791,1.89945
0.370271,372.09,5.33333e-006,2.31154,0.386919,0.0253538,2.01404
0.370271,372.09,5.48148e-006,2.18691,0.385334,-0.214055,2.12868
0.370271,372.09,5.62963e-006,2.05364,0.381924,-0.460377,2.24286
0.370271,372.09,5.77778e-006,1.91227,0.376646,-0.712509,2.35602
0.370271,372.09,5.92593e-006,1.76336,0.369466,-0.96931,2.46762
0.370271,372.09,6.07407e-006,1.60748,0.360358,-1.2296,2.57709
0.370271,372.09,6.22222e-006,1.44526,0.349304,-1.49219,2.68386
0.370271,372.09,6.37037e-006,1.27734,0.336298,-1.75583,2.78736
0.370271,372.09,6.51852e-006,1.10437,0.32134,-2.01928,2.887
0.370271,372.09,6.66667e-006,0.927051,0.304442,-2.28129,2.98222
0.370271,372.09,6.81481e-006,0.74607,0.285623,-2.54059,3.07242
0.370271,372.09,6.96296e-006,0.562144,0.264912,-2.7959,3.15705
0.370271,372.09,7.11111e-006,0.376,0.24235,-3.04596,3.23554
0.370271,372.09,7.25926e-006,0.188372,0.217983,-3.28952,3.30735
0.370271,372.09,7.40741e-006,3.67382e-016,0.191869,-3.52533,3.37194
0.370271,372.09,7.55556e-006,-0.188372,0.164075,-3.75218,3.42879
0.370271,372.09,7.7037e-006,-0.376,0.134676,-3.96886,3.4774
0.370271,372.09,7.85185e-006,-0.562144,0.103756,-4.17422,3.51731
0.370271,372.09,8e-006,-0.74607,0.0714072,-4.36713,3.54805
0.370271,372.09,8.14815e-006,-0.927051,0.0377294,-4.54651,3.56921
0.370271,372.09,8.2963e-006,-1.10437,0.00283076,-4.71131,3.58039
0.370271,372.09,8.44444e-006,-1.27734,-0.0331734,-4.86055,3.58122
0.370271,372.09,8.59259e-006,-1.44526,-0.0701609,-4.99331,3.5714
0.370271,372.09,8.74074e-006,-1.60748,-0.108003,-5.10872,3.55061
0.370271,372.09,8.88889e-006,-1.76336,-0.146566,-5.20596,3.51861
0.370271,372.09,9.03704e-006,-1.91227,-0.185709,-5.28431,3.47518
0.370271,372.09,9.18519e-006,-2.05364,-0.225288,-5.34311,3.42015
0.370271,372.09,9.33333e-006,-2.18691,-0.265152,-5.38177,3.3534
0.370271,372.09,9.48148e-006,-2.31154,-0.305151,-5.39979,3.27484
0.370271,372.09,9.62963e-006,-2.42705,-0.345127,-5.39674,3.18442
0.370271,372.09,9.77778e-006,-2.53298,-0.384921,-5.37228,3.08216
0.370271,372.09,9.92593e-006,-2.62892,-0.424375,-5.32616,2.96811
0.370271,372.09,1.00741e-005,-2.71448,-0.463324,-5.25822,2.84237
0.370271,372.09,1.02222e-005,-2.78933,-0.501609,-5.16838,2.70509
0.370271,372.09,1.03704e-005,-2.85317,-0.539065,-5.05665,2.55647
0.370271,372.09,1.05185e-005,-2.90575,-0.575533,-4.92315,2.39674
0.370271,372.09,1.06667e-005,-2.94686,-0.610852,-4.76807,2.22622
0.370271,372.09,1.08148e-005,-2.97634,-0.644865,-4.59171,2.04522
0.370271,372.09,1.0963e-005,-2.99408,-0.677416,-4.39444,1.85415
0.370271,372.09,1.11111e-005,-3,-0.708355,-4.17673,1.65344
0.370271,372.09,1.12593e-005,-2.99408,-0.737534,-3.93916,1.44355
0.370271,372.09,1.14074e-005,-2.97634,-0.764811,-3.68236,1.22502
0.370271,372.09,1.15556e-005,-2.94686,-0.790048,-3.40707,0.998413
0.370271,372.09,1.17037e-005,-2.90575,-0.813116,-3.11411,0.764325
0.370271,372.09,1.18519e-005,-2.85317,-0.833889,-2.80438,0.523402
0.370271,372.09,1.2e-005,-2.78933,-0.852251,-2.47884,0.276323
0.370271,372.09,1.21481e-005,-2.71448,-0.868092,-2.13855,0.0238047
0.370271,372.09,1.22963e-005,-2.62892,-0.881311,-1.78463,-0.233408
0.370271,372.09,1.24444e-005,-2.53298,-0.891817,-1.41826,-0.494537
0.370271,372.09,1.25926e-005,-2.42705,-0.899526,-1.0407,-0.758779
0.370271,372.09,1.27407e-005,-2.31154,-0.904365,-0.653235,-1.02531
0.370271,372.09,1.28889e-005,-2.18691,-0.90627,-0.257236,-1.29327
0.370271,372.09,1.3037e-005,-2.05364,-0.905189,0.145894,-1.56179
0.370271,372.09,1.31852e-005,-1.91227,-0.90108,0.554707,-1.82999
0.370271,372.09,1.33333e-005,-1.76336,-0.893912,0.967719,-2.09698
0.370271,372.09,1.34815e-005,-1.60748,-0.883665,1.38341,-2.36184
0.370271,372.09,1.36296e-005,-1.44526,-0.87033,1.80025,-2.62367
0.370271,372.09,1.37778e-005,-1.27734,-0.85391,2.21666,-2.88155
0.370271,372.09,1.39259e-005,-1.10437,-0.83442,2.63108,-3.13456
0.370271,372.09,1.40741e-005,-0.927051,-0.811888,3.04193,-3.38179
0.370271,372.09,1.42222e-005,-0.74607,-0.78635,3.44761,-3.62235
0.370271,372.09,1.43704e-005,-0.562144,-0.757857,3.84656,-3.85534
0.370271,372.09,1.45185e-005,-0.376,-0.72647,4.2372,-4.07989
0.370271,372.09,1.46667e-005,-0.188372,-0.692263,4.61799,-4.29514
0.370271,372.09,1.48148e-005,-7.34764e-016,-0.655319,4.98741,-4.50026
0.370271,372.09,1.4963e-005,0.188372,-0.615734,5.34395,-4.69443
0.370271,372.09,1.51111e-005,0.376,-0.573614,5.68616,-4.87687
0.370271,372.09,1.52593e-005,0.562144,-0.529076,6.01263,-5.04683
0.370271,372.09,1.54074e-005,0.74607,-0.482247,6.32197,-5.20359
0.370271,372.09,1.55556e-005,0.927051,-0.433263,6.61289,-5.34648
0.370271,372.09,1.57037e-005,1.10437,-0.382269,6.88411,-5.47485
0.370271,372.09,1.58519e-005,1.27734,-0.329421,7.13446,-5.58812
0.370271,372.09,1.6e-005,1.44526,-0.274882,7.3628,-5.68572
0.370271,372.09,1.61481e-005,1.60748,-0.218822,7.56809,-5.76717
0.370271,372.09,1.62963e-005,1.76336,-0.16142,7.74935,-5.83201
0.370271,372.09,1.64444e-005,1.91227,-0.102859,7.9057,-5.87983
0.370271,372.09,1.65926e-005,2.05364,-0.0433305,8.03633,-5.91031
0.370271,372.09,1.67407e-005,2.18691,0.0169699,8.14055,-5.92315
0.370271,372.09,1.68889e-005,2.31154,0.0778419,8.21772,-5.91812
0.370271,372.09,1.7037e-005,2.42705,0.139081,8.26733,-5.89506
0.370271,372.09,1.71852e-005,2.53298,0.200481,8.28896,-5.85385
0.370271,372.09,1.73333e-005,2.62892,0.261831,8.28229,-5.79445
0.370271,372.09,1.74815e-005,2.71448,0.322921,8.2471,-5.71687
0.370271,372.09,1.76296e-005,2.78933,0.383538,8.18328,-5.62119
0.370271,372.09,1.77778e-005,2.85317,0.44347,8.09082,-5.50755
0.370271,372.09,1.79259e-005,2.90575,0.502506,7.96983,-5.37615
0.370271,372.09,1.80741e-005,2.94686,0.560435,7.8205,-5.22726
0.370271,372.09,1.82222e-005,2.97634,0.617051,7.64317,-5.0612
0.370271,372.09,1.83704e-005,2.99408,0.672149,7.43823,-4.87837
0.370271,372.09,1.85185e-005,3,0.725529,7.20622,-4.67922
0.370271,372.09,1.86667e-005,2.99408,0.776994,6.94777,-4.46424
0.370271,372.09,1.88148e-005,2.97634,0.826354,6.6636,-4.23402
0.370271,372.09,1.8963e-005,2.94686,0.873424,6.35453,-3.98918
0.370271,372.09,1.91111e-005,2.90575,0.918028,6.0215,-3.73039
0.370271,372.09,1.92593e-005,2.85317,0.959995,5.66553,-3.45838
0.370271,372.09,1.94074e-005,2.78933,0.999163,5.28771,-3.17394
0.370271,372.09,1.95556e-005,2.71448,1.03538,4.88925,-2.87789
0.370271,372.09,1.97037e-005,2.62892,1.0685,4.47143,-2.57111
0.370271,372.09,1.98519e-005,2.53298,1.09839,4.03559,-2.25452
0.370271,372.09,2e-005,2.42705,1.12494,3.58317,-1.92906
0.370271,372.09,2.01481e-005,2.31154,1.14802,3.11567,-1.59575
0.370271,372.09,2.02963e-005,2.18691,1.16753,2.63464,-1.2556
0.370271,372.09,2.04444e-005,2.05364,1.1834,2.14171,-0.909662
0.370271,372.09,2.05926e-005,1.91227,1.19553,1.63854,-0.559026
0.370271,372.09,2.07407e-005,1.76336,1.20388,1.12685,-0.204794
0.370271,372.09,2.08889e-005,1.60748,1.20839,0.608394,0.151911
0.370271,372.09,2.1037e-005,1.44526,1.20902,0.0849629,0.509952
0.370271,372.09,2.11852e-005,1.27734,1.20575,-0.44163,0.868179
0.370271,372.09,2.13333e-005,1.10437,1.19856,-0.96955,1.22544
0.370271,372.09,2.14815e-005,0.927051,1.18747,-1.49695,1.58057
0.370271,372.09,2.16296e-005,0.74607,1.1725,-2.02197,1.93241
0.370271,372.09,2.17778e-005,0.562144,1.15366,-2.54276,2.27982
0.370271,372.09,2.19259e-005,0.376,1.13101,-3.05748,2.62164
0.370271,372.09,2.20741e-005,0.188372,1.10461,-3.56429,2.95676
0.370271,372.09,2.22222e-005,1.10215e-015,1.07453,-4.06137,3.28405
0.370271,372.09,2.23704e-005,-0.188372,1.04085,-4.54695,3.60243
0.370271,372.09,2.25185e-005,-0.376,1.00367,-5.01928,3.91083
0.370271,372.09,2.26667e-005,-0.562144,0.963099,-5.47664,4.20821
0.370271,372.09,2.28148e-005,-0.74607,0.919266,-5.91738,4.49357
0.370271,372.09,2.2963e-005,-0.927051,0.872304,-6.33989,4.76595
0.370271,372.09,2.31111e-005,-1.10437,0.822359,-6.74263,5.02441
0.370271,372.09,2.32593e-005,-1.27734,0.769588,-7.12411,5.26807
0.370271,372.09,2.34074e-005,-1.44526,0.714159,-7.48292,5.4961
0.370271,372.09,2.35556e-005,-1.60748,0.65625,-7.81774,5.7077
0.370271,372.09,2.37037e-005,-1.76336,0.596047,-8.1273,5.90214
0.370271,372.09,2.38519e-005,-1.91227,0.533748,-8.41046,6.07875
0.370271,372.09,2.4e-005,-2.05364,0.469554,-8.66614,6.2369
0.370271,372.09,2.41481e-005,-2.18691,0.403677,-8.89336,6.37603
0.370271,372.09,2.42963e-005,-2.31154,0.336335,-9.09124,6.49563
0.370271,372.09,2.44444e-005,-2.42705,0.267749,-9.25902,6.59529
0.370271,372.09,2.45926e-005,-2.53298,0.198149,-9.39602,6.67462
0.370271,372.09,2.47407e-005,-2.62892,0.127766,-9.50169,6.73333
0.370271,372.09,2.48889e-005,-2.71448,0.0568361,-9.57558,6.77119
0.370271,372.09,2.5037e-005,-2.78933,-0.0144036,-9.61735,6.78803
0.370271,372.09,2.51852e-005,-2.85317,-0.0857131,-9.62679,6.78376
0.370271,372.09,2.53333e-005,-2.90575,-0.156852,-9.6038,6.75836
0.370271,372.09,2.54815e-005,-2.94686,-0.227581,-9.54837,6.71189
0.370271,372.09,2.56296e-005,-2.97634,-0.29766,-9.46065,6.64446
0.370271,372.09,2.57778e-005,-2.99408,-0.366852,-9.34088,6.55626
0.370271,372.09,2.59259e-005,-3,-0.434921,-9.18941,6.44757
0.370271,372.09,2.60741e-005,-2.99408,-0.501638,-9.00672,6.3187
0.370271,372.09,2.62222e-005,-2.97634,-0.566774,-8.79341,6.17007
0.370271,372.09,2.63704e-005,-2.94686,-0.630109,-8.55015,6.00213
0.370271,372.09,2.65185e-005,-2.90575,-0.691426,-8.27777,5.81544
0.370271,372.09,2.66667e-005,-2.85317,-0.750516,-7.97718,5.61057
0.370271,372.09,2.68148e-005,-2.78933,-0.807178,-7.64938,5.38819
0.370271,372.09,2.6963e-005,-2.71448,-0.861219,-7.2955,5.14903
0.370271,372.09,2.71111e-005,-2.62892,-0.912454,-6.91673,4.89385
0.370271,372.09,2.72593e-005,-2.53298,-0.960708,-6.51438,4.6235
0.370271,372.09,2.74074e-005,-2.42705,-1.00582,-6.08984,4.33884
0.370271,372.09,2.75556e-005,-2.31154,-1.04763,-5.64456,4.04082
0.370271,372.09,2.77037e-005,-2.18691,-1.086,-5.1801,3.73041
0.370271,372.09,2.78519e-005,-2.05364,-1.1208,-4.69805,3.40864
0.370271,372.09,2.8e-005,-1.91227,-1.15191,-4.20011,3.07655
0.370271,372.09,2.81481e-005,-1.76336,-1.17923,-3.68799,2.73524
0.370271,372.09,2.82963e-005,-1.60748,-1.20266,-3.16349,2.38584
0.370271,372.09,2.84444e-005,-1.44526,-1.22213,-2.62843,2.02949
0.370271,372.09,2.85926e-005,-1.27734,-1.23758,-2.08469,1.66738
0.370271,372.09,2.87407e-005,-1.10437,-1.24894,-1.53417,1.30069
0.370271,372.09,2.88889e-005,-0.927051,-1.25619,-0.978798,0.930631
0.370271,372.09,2.9037e-005,-0.74607,-1.25931,-0.420509,0.558426
0.370271,372.09,2.91852e-005,-0.562144,-1.25828,0.138736,0.185299
0.370271,372.09,2.93333e-005,-0.376,-1.25312,0.69698,-0.187525
0.370271,372.09,2.94815e-005,-0.188372,-1.24384,1.25227,-0.558818
0.370271,372.09,2.96296e-005,-1.46953e-015,-1.23049,1.80266,-0.927364
0.370271,372.09,2.97778e-005,0.188372,-1.21311,2.34622,-1.29195
0.370271,372.09,2.99259e-005,0.376,-1.19177,2.88106,-1.65139
0.370271,372.09,3.00741e-005,0.562144,-1.16654,3.4053,-2.00451
0.370271,372.09,3.02222e-005,0.74607,-1.13753,3.91712,-2.35015
0.370271,372.09,3.03704e-005,0.927051,-1.10482,4.41473,-2.68719
0.370271,372.09,3.05185e-005,1.10437,-1.06855,4.89639,-3.01455
0.370271,372.09,3.06667e-005,1.27734,-1.02885,5.36044,-3.33116
0.370271,372.09,3.08148e-005,1.44526,-0.985846,5.80527,-3.636
0.370271,372.09,3.0963e-005,1.60748,-0.939703,6.22933,-3.9281
0.370271,372.09,3.11111e-005,1.76336,-0.890583,6.63116,-4.20654
0.370271,372.09,3.12593e-005,1.91227,-0.838662,7.00939,-4.47041
0.370271,372.09,3.14074e-005,2.05364,-0.784123,7.36271,-4.7189
0.370271,372.09,3.15556e-005,2.18691,-0.72716,7.68993,-4.95124
0.370271,372.09,3.17037e-005,2.31154,-0.667976,7.98994,-5.16669
0.370271,372.09,3.18519e-005,2.42705,-0.606778,8.26172,-5.36461
0.370271,372.09,3.2e-005,2.53298,-0.543783,8.50437,-5.5444
0.370271,372.09,3.21481e-005,2.62892,-0.479211,8.7171,-5.70552
0.370271,372.09,3.22963e-005,2.71448,-0.413291,8.89921,-5.84751
0.370271,372.09,3.24444e-005,2.78933,-0.346253,9.05013,-5.96996
0.370271,372.09,3.25926e-005,2.85317,-0.278332,9.16939,-6.07256
0.370271,372.09,3.27407e-005,2.90575,-0.209764,9.25664,-6.15502
0.370271,372.09,3.28889e-005,2.94686,-0.140789,9.31165,-6.21718
0.370271,372.09,3.3037e-005,2.97634,-0.0716461,9.33431,-6.25889
0.370271,372.09,3.31852e-005,2.99408,-0.00257483,9.32462,-6.28012
0.370271,372.09,3.33333e-005,3,0.0661859,9.2827,-6.28088
0.370271,372.09,3.34815e-005,2.99408,0.134399,9.20878,-6.26127
0.370271,372.09,3.36296e-005,2.97634,0.20183,9.10322,-6.22145
0.370271,372.09,3.37778e-005,2.94686,0.268249,8.96648,-6.16165
0.370271,372.09,3.39259e-005,2.90575,0.333428,8.79915,-6.08217
0.370271,372.09,3.40741e-005,2.85317,0.397145,8.60191,-5.98338
0.370271,372.09,3.42222e-005,2.78933,0.459187,8.37556,-5.8657
0.370271,372.09,3.43704e-005,2.71448,0.519342,8.121,-5.72965
0.370271,372.09,3.45185e-005,2.62892,0.57741,7.83923,-5.57577
0.370271,372.09,3.46667e-005,2.53298,0.633198,7.53134,-5.40468
0.370271,372.09,3.48148e-005,2.42705,0.686521,7.19854,-5.21707
0.370271,372.09,3.4963e-005,2.31154,0.737203,6.84209,-5.01366
0.370271,372.09,3.51111e-005,2.18691,0.78508,6.46336,-4.79523
0.370271,372.09,3.52593e-005,2.05364,0.829996,6.06379,-4.56261
0.370271,372.09,3.54074e-005,1.91227,0.87181,5.64488,-4.31668
0.370271,372.09,3.55556e-005,1.76336,0.91039,5.20823,-4.05837
0.370271,372.09,3.57037e-005,1.60748,0.945616,4.75546,-3.78862
0.370271,372.09,3.58519e-005,1.44526,0.977381,4.28827,-3.50844
0.370271,372.09,3.6e-005,1.27734,1.00559,3.8084,-3.21885
0.370271,372.09,3.61481e-005,1.10437,1.03017,3.31763,-2.9209
0.370271,372.09,3.62963e-005,0.927051,1.05104,2.81778,-2.61566
0.370271,372.09,3.64444e-005,0.74607,1.06815,2.31069,-2.30424
0.370271,372.09,3.65926e-005,0.562144,1.08147,1.79823,-1.98775
0.370271,372.09,3.67407e-005,0.376,1.09097,1.28228,-1.66731
0.370271,372.09,3.68889e-005,0.188372,1.09664,0.764713,-1.34406
0.370271,372.09,3.7037e-005,1.83691e-015,1.09847,0.247426,-1.01913
0.370271,372.09,3.71852e-005,-0.188372,1.09649,-0.267708,-0.693661
0.370271,372.09,3.73333e-005,-0.376,1.09072,-0.778826,-0.368776
0.370271,372.09,3.74815e-005,-0.562144,1.08121,-1.28409,-0.0456001
0.370271,372.09,3.76296e-005,-0.74607,1.06801,-1.78168,0.274757
0.370271,372.09,3.77778e-005,-0.927051,1.0512,-2.26982,0.591205
0.370271,372.09,3.79259e-005,-1.10437,1.03085,-2.74677,0.90267
0.370271,372.09,3.80741e-005,-1.27734,1.00706,-3.21086,1.20811
0.370271,372.09,3.82222e-005,-1.44526,0.979951,-3.66043,1.5065
0.370271,372.09,3.83704e-005,-1.60748,0.949625,-4.09393,1.79685
0.370271,372.09,3.85185e-005,-1.76336,0.916219,-4.50983,2.07822
0.370271,372.09,3.86667e-005,-1.91227,0.879873,-4.90671,2.34969
0.370271,372.09,3.88148e-005,-2.05364,0.840738,-5.28321,2.6104
0.370271,372.09,3.8963e-005,-2.18691,0.798975,-5.63804,2.85951
0.370271,372.09,3.91111e-005,-2.31154,0.754753,-5.97002,3.09624
0.370271,372.09,3.92593e-005,-2.42705,0.708249,-6.27804,3.31987
0.370271,372.09,3.94074e-005,-2.53298,0.659648,-6.5611,3.52972
0.370271,372.09,3.95556e-005,-2.62892,0.609142,-6.81829,3.72517
0.370271,372.09,3.97037e-005,-2.71448,0.556929,-7.0488,3.90566
0.370271,372.09,3.98519e-005,-2.78933,0.503211,-7.25192,4.07067
0.370271,372.09,4e-005,-2.85317,0.448196,-7.42705,4.21977
0.370271,372.09,4.01481e-005,-2.90575,0.392094,-7.57372,4.35257
0.370271,372.09,4.02963e-005,-2.94686,0.33512,-7.69153,4.46875
0.370271,372.09,4.04444e-005,-2.97634,0.277488,-7.78021,4.56804
0.370271,372.09,4.05926e-005,-2.99408,0.219417,-7.83961,4.65026
0.370271,372.09,4.07407e-005,-3,0.161123,-7.86968,4.71527
0.370271,372.09,4.08889e-005,-2.99408,0.102823,-7.87048,4.76301
0.370271,372.09,4.1037e-005,-2.97634,0.0447332,-7.84218,4.79348
0.370271,372.09,4.11852e-005,-2.94686,-0.012934,-7.78508,4.80674
0.370271,372.09,4.13333e-005,-2.90575,-0.0699677,-7.69955,4.8029
0.370271,372.09,4.14815e-005,-2.85317,-0.126161,-7.5861,4.78217
0.370271,372.09,4.16296e-005,-2.78933,-0.181312,-7.44534,4.74479
0.370271,372.09,4.17778e-005,-2.71448,-0.235223,-7.27796,4.69107
0.370271,372.09,4.19259e-005,-2.62892,-0.287702,-7.08477,4.62137
0.370271,372.09,4.20741e-005,-2.53298,-0.338566,-6.86665,4.53613
0.370271,372.09,4.22222e-005,-2.42705,-0.387638,-6.62461,4.43581
0.370271,372.09,4.23704e-005,-2.31154,-0.434747,-6.35971,4.32096
0.370271,372.09,4.25185e-005,-2.18691,-0.479733,-6.07312,4.19214
0.370271,372.09,4.26667e-005,-2.05364,-0.522444,-5.76605,4.05
0.370271,372.09,4.28148e-005,-1.91227,-0.562739,-5.43983,3.8952
0.370271,372.09,4.2963e-005,-1.76336,-0.600486,-5.09582,3.72846
0.370271,372.09,4.31111e-005,-1.60748,-0.635563,-4.73546,3.55054
0.370271,372.09,4.32593e-005,-1.44526,-0.667862,-4.36024,3.36223
0.370271,372.09,4.34074e-005,-1.27734,-0.697282,-3.9717,3.16434
0.370271,372.09,4.35556e-005,-1.10437,-0.723737,-3.57143,2.95774
0.370271,372.09,4.37037e-005,-0.927051,-0.747152,-3.16105,2.7433
0.370271,372.09,4.38519e-005,-0.74607,-0.767465,-2.74222,2.52192
0.370271,372.09,4.4e-005,-0.562144,-0.784625,-2.3166,2.29452
0.370271,372.09,4.41481e-005,-0.376,-0.798594,-1.8859,2.06204
0.370271,372.09,4.42963e-005,-0.188372,-0.809348,-1.45182,1.82542
0.370271,372.09,4.44444e-005,-2.20429e-015,-0.816875,-1.01607,1.58562
0.370271,372.09,4.45926e-005,0.188372,-0.821174,-0.580369,1.34358
0.370271,372.09,4.47407e-005,0.376,-0.822258,-0.146405,1.10027
0.370271,372.09,4.48889e-005,0.562144,-0.820154,0.284134,0.856636
0.370271,372.09,4.5037e-005,0.74607,-0.814897,0.709588,0.613627
0.370271,372.09,4.51852e-005,0.927051,-0.80654,1.12832,0.372176
0.370271,372.09,4.53333e-005,1.10437,-0.795142,1.53874,0.133201
0.370271,372.09,4.54815e-005,1.27734,-0.780776,1.93928,-0.102396
0.370271,372.09,4.56296e-005,1.44526,-0.763529,2.32843,-0.333737
0.370271,372.09,4.57778e-005,1.60748,-0.743494,2.70475,-0.559968
0.370271,372.09,4.59259e-005,1.76336,-0.720776,3.06682,-0.780262
0.370271,372.09,4.60741e-005,1.91227,-0.695493,3.41331,-0.993826
0.370271,372.09,4.62222e-005,2.05364,-0.667767,3.74296,-1.1999
0.370271,372.09,4.63704e-005,2.18691,-0.637733,4.05457,-1.39775
0.370271,372.09,4.65185e-005,2.31154,-0.605533,4.34703,-1.58671
0.370271,372.09,4.66667e-005,2.42705,-0.571316,4.6193,-1.76613
0.370271,372.09,4.68148e-005,2.53298,-0.535239,4.87043,-1.93541
0.370271,372.09,4.6963e-005,2.62892,-0.497464,5.09957,-2.094
0.370271,372.09,4.71111e-005,2.71448,-0.458161,5.30594,-2.24139
0.370271,372.09,4.72593e-005,2.78933,-0.417502,5.48889,-2.37715
0.370271,372.09,4.74074e-005,2.85317,-0.375667,5.64782,-2.50085
0.370271,372.09,4.75556e-005,2.90575,-0.332835,5.78227,-2.61216
0.370271,372.09,4.77037e-005,2.94686,-0.289192,5.89186,-2.71078
0.370271,372.09,4.78519e-005,2.97634,-0.244923,5.97631,-2.79646
0.370271,372.09,4.8e-005,2.99408,-0.200216,6.03547,-2.86903
0.370271,372.09,4.81481e-005,3,-0.155258,6.06925,-2.92836
0.370271,372.09,4.82963e-005,2.99408,-0.110238,6.07769,-2.97436
0.370271,372.09,4.84444e-005,2.97634,-0.0653425,6.06094,-3.00702
0.370271,372.09,4.85926e-005,2.94686,-0.0207556,6.01923,-3.02638
0.370271,372.09,4.87407e-005,2.90575,0.0233399,5.95289,-3.03253
0.370271,372.09,4.88889e-005,2.85317,0.0667648,5.86236,-3.02562
0.370271,372.09,4.9037e-005,2.78933,0.109344,5.74818,-3.00583
0.370271,372.09,4.91852e-005,2.71448,0.150907,5.61097,-2.97344
0.370271,372.09,4.93333e-005,2.62892,0.191288,5.45145,-2.92872
0.370271,372.09,4.94815e-005,2.53298,0.230328,5.27042,-2.87205
0.370271,372.09,4.96296e-005,2.42705,0.267874,5.06877,-2.8038
0.370271,372.09,4.97778e-005,2.31154,0.303782,4.84747,-2.72443
0.370271,372.09,4.99259e-005,2.18691,0.337912,4.60755,-2.63442
0.370271,372.09,5.00741e-005,2.05364,0.370135,4.35015,-2.5343
0.370271,372.09,5.02222e-005,1.91227,0.400331,4.07644,-2.42463
0.370271,372.09,5.03704e-005,1.76336,0.428387,3.78765,-2.30601
0.370271,372.09,5.05185e-005,1.60748,0.454203,3.48511,-2.17908
0.370271,372.09,5.06667e-005,1.44526,0.477686,3.17014,-2.0445
0.370271,372.09,5.08148e-005,1.27734,0.498753,2.84416,-1.90297
0.370271,372.09,5.0963e-005,1.10437,0.517335,2.50859,-1.75519
0.370271,372.09,5.11111e-005,0.927051,0.533372,2.1649,-1.6019
0.370271,372.09,5.12593e-005,0.74607,0.546813,1.8146,-1.44387
0.370271,372.09,5.14074e-005,0.562144,0.557622,1.4592,-1.28185
0.370271,372.09,5.15556e-005,0.376,0.565772,1.10023,-1.11663
0.370271,372.09,5.17037e-005,0.188372,0.571248,0.739228,-0.948992
0.370271,372.09,5.18519e-005,2.57167e-015,0.574046,0.377745,-0.779734
0.370271,372.09,5.2e-005,-0.188372,0.574174,0.0173163,-0.609646
0.370271,372.09,5.21481e-005,-0.376,0.571652,-0.340528,-0.43952
0.370271,372.09,5.22963e-005,-0.562144,0.566509,-0.694275,-0.270142
0.370271,372.09,5.24444e-005,-0.74607,0.558787,-1.04244,-0.102288
0.370271,372.09,5.25926e-005,-0.927051,0.548539,-1.38355,0.063279
0.370271,372.09,5.27407e-005,-1.10437,0.535826,-1.71619,0.225809
0.370271,372.09,5.28889e-005,-1.27734,0.520723,-2.03897,0.384572
0.370271,372.09,5.3037e-005,-1.44526,0.503311,-2.35056,0.53886
0.370271,372.09,5.31852e-005,-1.60748,0.483684,-2.64965,0.68799
0.370271,372.09,5.33333e-005,-1.76336,0.461943,-2.93503,0.831304
0.370271,372.09,5.34815e-005,-1.91227,0.438199,-3.20552,0.968176
0.370271,372.09,5.36296e-005,-2.05364,0.412569,-3.46002,1.09801
0.370271,372.09,5.37778e-005,-2.18691,0.38518,-3.69749,1.22025
0.370271,372.09,5.39259e-005,-2.31154,0.356165,-3.91697,1.33438
0.370271,372.09,5.40741e-005,-2.42705,0.325665,-4.1176,1.43991
0.370271,372.09,5.42222e-005,-2.53298,0.293823,-4.29856,1.53641
0.370271,372.09,5.43704e-005,-2.62892,0.260793,-4.45915,1.62346
0.370271,372.09,5.45185e-005,-2.71448,0.226728,-4.59874,1.70074
0.370271,372.09,5.46667e-005,-2.78933,0.191789,-4.71679,1.76792
0.370271,372.09,5.48148e-005,-2.85317,0.156138,-4.81287,1.82474
0.370271,372.09,5.4963e-005,-2.90575,0.119941,-4.88663,1.871
0.370271,372.09,5.51111e-005,-2.94686,0.0833643,-4.93781,1.90654
0.370271,372.09,5.52593e-005,-2.97634,0.0465772,-4.96625,1.93124
0.370271,372.09,5.54074e-005,-2.99408,0.00974833,-4.9719,1.94504
0.370271,372.09,5.55556e-005,-3,-0.0269538,-4.95479,1.94793
0.370271,372.09,5.57037e-005,-2.99408,-0.0633617,-4.91506,1.93995
0.370271,372.09,5.58519e-005,-2.97634,-0.0993093,-4.85293,1.92117
0.370271,372.09,5.6e-005,-2.94686,-0.134633,-4.76872,1.89175
0.370271,372.09,5.61481e-005,-2.90575,-0.169173,-4.66286,1.85186
0.370271,372.09,5.62963e-005,-2.85317,-0.202772,-4.53585,1.80173
0.370271,372.09,5.64444e-005,-2.78933,-0.235278,-4.38829,1.74165
0.370271,372.09,5.65926e-005,-2.71448,-0.266543,-4.22085,1.67194
0.370271,372.09,5.67407e-005,-2.62892,-0.296427,-4.03431,1.59296
0.370271,372.09,5.68889e-005,-2.53298,-0.324794,-3.82952,1.50513
0.370271,372.09,5.7037e-005,-2.42705,-0.351515,-3.60739,1.4089
0.370271,372.09,5.71852e-005,-2.31154,-0.37647,-3.36892,1.30474
0.370271,372.09,5.73333e-005,-2.18691,-0.399546,-3.11518,1.1932
0.370271,372.09,5.74815e-005,-2.05364,-0.420637,-2.84729,1.07481
0.370271,372.09,5.76296e-005,-1.91227,-0.439647,-2.56645,0.95018
0.370271,372.09,5.77778e-005,-1.76336,-0.456491,-2.27389,0.819915
0.370271,372.09,5.79259e-005,-1.60748,-0.47109,-1.9709,0.684658
0.370271,372.09,5.80741e-005,-1.44526,-0.483378,-1.65883,0.545076
0.370271,372.09,5.82222e-005,-1.27734,-0.493297,-1.33904,0.401852
0.370271,372.09,5.83704e-005,-1.10437,-0.5008,-1.01293,0.25569
0.370271,372.09,5.85185e-005,-0.927051,-0.505851,-0.681942,0.107305
0.370271,372.09,5.86667e-005,-0.74607,-0.508426,-0.347524,-0.0425765
0.370271,372.09,5.88148e-005,-0.562144,-0.508508,-0.0111418,-0.193221
0.370271,372.09,5.8963e-005,-0.376,-0.506095,0.32573,-0.34389
0.370271,372.09,5.91111e-005,-0.188372,-0.501194,0.661614,-0.493844
0.370271,372.09,5.92593e-005,-2.93906e-015,-0.493824,0.995039,-0.642346
0.370271,372.09,5.94074e-005,0.188372,-0.484012,1.32454,-0.788665
0.370271,372.09,5.95556e-005,0.376,-0.4718,1.64868,-0.932076
0.370271,372.09,5.97037e-005,0.562144,-0.457237,1.96602,-1.07187
0.370271,372.09,5.98519e-005,0.74607,-0.440384,2.27517,-1.20735
0.370271,372.09,6e-005,0.927051,-0.421311,2.57478,-1.33783
0.370271,372.09,6.01481e-005,1.10437,-0.4001,2.86351,-1.46266
0.370271,372.09,6.02963e-005,1.27734,-0.37684,3.1401,-1.58121
0.370271,372.09,6.04444e-005,1.44526,-0.35163,3.40331,-1.69287
0.370271,372.09,6.05926e-005,1.60748,-0.324579,3.65198,-1.79705
0.370271,372.09,6.07407e-005,1.76336,-0.295801,3.88499,-1.89323
0.370271,372.09,6.08889e-005,1.91227,-0.265421,4.1013,-1.98087
0.370271,372.09,6.1037e-005,2.05364,-0.23357,4.29993,-2.05951
0.370271,372.09,6.11852e-005,2.18691,-0.200384,4.47999,-2.12872
0.370271,372.09,6.13333e-005,2.31154,-0.166009,4.64064,-2.18809
0.370271,372.09,6.14815e-005,2.42705,-0.130593,4.78115,-2.23728
0.370271,372.09,6.16296e-005,2.53298,-0.0942908,4.90086,-2.27597
0.370271,372.09,6.17778e-005,2.62892,-0.0572597,4.99919,-2.30391
0.370271,372.09,6.19259e-005,2.71448,-0.0196623,5.07565,-2.32088
0.370271,372.09,6.20741e-005,2.78933,0.0183367,5.12987,-2.3267
0.370271,372.09,6.22222e-005,2.85317,0.0565703,5.16154,-2.32127
0.370271,372.09,6.23704e-005,2.90575,0.09487,5.17045,-2.30451
0.370271,372.09,6.25185e-005,2.94686,0.133066,5.1565,-2.2764
0.370271,372.09,6.26667e-005,2.97634,0.17099,5.11968,-2.23697
0.370271,372.09,6.28148e-005,2.99408,0.208472,5.06006,-2.18631
0.370271,372.09,6.2963e-005,3,0.245345,4.97784,-2.12454
0.370271,372.09,6.31111e-005,2.99408,0.281443,4.87328,-2.05185
0.370271,372.09,6.32593e-005,2.97634,0.316604,4.74675,-1.96845
0.370271,372.09,6.34074e-005,2.94686,0.350669,4.59871,-1.87465
0.370271,372.09,6.35556e-005,2.90575,0.383481,4.42973,-1.77074
0.370271,372.09,6.37037e-005,2.85317,0.414892,4.24043,-1.65712
0.370271,372.09,6.38519e-005,2.78933,0.444755,4.03156,-1.53419
0.370271,372.09,6.4e-005,2.71448,0.472933,3.80392,-1.40241
0.370271,372.09,6.41481e-005,2.62892,0.499291,3.5584,-1.26228
0.370271,372.09,6.42963e-005,2.53298,0.523706,3.29597,-1.11434
0.370271,372.09,6.44444e-005,2.42705,0.546059,3.01769,-0.959172
0.370271,372.09,6.45926e-005,2.31154,0.566242,2.72465,-0.797376
0.370271,372.09,6.47407e-005,2.18691,0.584153,2.41804,-0.629601
0.370271,372.09,6.48889e-005,2.05364,0.599702,2.09909,-0.456519
0.370271,372.09,6.5037e-005,1.91227,0.612806,1.76909,-0.278829
0.370271,372.09,6.51852e-005,1.76336,0.623394,1.42938,-0.0972572
0.370271,372.09,6.53333e-005,1.60748,0.631404,1.08134,0.0874522
0.370271,372.09,6.54815e-005,1.44526,0.636785,0.726405,0.274535
0.370271,372.09,6.56296e-005,1.27734,0.639496,0.366018,0.463212
0.370271,372.09,6.57778e-005,1.10437,0.639508,0.00166573,0.652692
0.370271,372.09,6.59259e-005,0.927051,0.636804,-0.36515,0.842176
0.370271,372.09,6.60741e-005,0.74607,0.631375,-0.73291,1.03086
0.370271,372.09,6.62222e-005,0.562144,0.623226,-1.10009,1.21793
0.370271,372.09,6.63704e-005,0.376,0.612373,-1.46516,1.40259
0.370271,372.09,6.65185e-005,0.188372,0.598842,-1.82659,1.58404
0.370271,372.09,6.66667e-005,3.30644e-015,0.582673,-2.18288,1.76147
0.370271,372.09,6.68148e-005,-0.188372,0.563914,-2.53252,1.93411
0.370271,372.09,6.6963e-005,-0.376,0.542625,-2.87403,2.1012
0.370271,372.09,6.71111e-005,-0.562144,0.518877,-3.20597,2.26198
0.370271,372.09,6.72593e-005,-0.74607,0.492751,-3.52692,2.41572
0.370271,372.09,6.74074e-005,-0.927051,0.46434,-3.83552,2.56172
0.370271,372.09,6.75556e-005,-1.10437,0.433744,-4.13043,2.6993
0.370271,372.09,6.77037e-005,-1.27734,0.401075,-4.41038,2.82782
0.370271,372.09,6.78519e-005,-1.44526,0.366451,-4.67415,2.94666
0.370271,372.09,6.8e-005,-1.60748,0.330003,-4.92059,3.05523
0.370271,372.09,6.81481e-005,-1.76336,0.291865,-5.14859,3.15301
0.370271,372.09,6.82963e-005,-1.91227,0.252182,-5.35715,3.23949
0.370271,372.09,6.84444e-005,-2.05364,0.211106,-5.54531,3.31421
0.370271,372.09,6.85926e-005,-2.18691,0.168793,-5.71222,3.37676
0.370271,372.09,6.87407e-005,-2.31154,0.125407,-5.85709,3.42677
0.370271,372.09,6.88889e-005,-2.42705,0.0811166,-5.97923,3.46393
0.370271,372.09,6.9037e-005,-2.53298,0.0360941,-6.07803,3.48797
0.370271,372.09,6.91852e-005,-2.62892,-0.0094835,-6.15298,3.49866
0.370271,372.09,6.93333e-005,-2.71448,-0.0554365,-6.20366,3.49585
0.370271,372.09,6.94815e-005,-2.78933,-0.101583,-6.22974,3.47943
0.370271,372.09,6.96296e-005,-2.85317,-0.147738,-6.23101,3.44933
0.370271,372.09,6.97778e-005,-2.90575,-0.193719,-6.20734,3.40555
0.370271,372.09,6.99259e-005,-2.94686,-0.239339,-6.1587,3.34815
0.370271,372.09,7.00741e-005,-2.97634,-0.284414,-6.08516,3.27724
0.370271,372.09,7.02222e-005,-2.99408,-0.328761,-5.98691,3.19297
0.370271,372.09,7.03704e-005,-3,-0.3722,-5.86421,3.09556
0.370271,372.09,7.05185e-005,-2.99408,-0.414551,-5.71744,2.98528
0.370271,372.09,7.06667e-005,-2.97634,-0.455641,-5.54707,2.86245
0.370271,372.09,7.08148e-005,-2.94686,-0.495298,-5.35367,2.72744
0.370271,372.09,7.0963e-005,-2.90575,-0.533356,-5.13789,2.58069
0.370271,372.09,7.11111e-005,-2.85317,-0.569656,-4.9005,2.42265
0.370271,372.09,7.12593e-005,-2.78933,-0.604044,-4.64233,2.25387
0.370271,372.09,7.14074e-005,-2.71448,-0.636372,-4.36431,2.07489
0.370271,372.09,7.15556e-005,-2.62892,-0.666501,-4.06744,1.88634
0.370271,372.09,7.17037e-005,-2.53298,-0.6943,-3.75282,1.68886
0.370271,372.09,7.18519e-005,-2.42705,-0.719645,-3.42161,1.48314
0.370271,372.09,7.2e-005,-2.31154,-0.742423,-3.07503,1.26991
0.370271,372.09,7.21481e-005,-2.18691,-0.76253,-2.71439,1.04993
0.370271,372.09,7.22963e-005,-2.05364,-0.779871,-2.34104,0.823997
0.370271,372.09,7.24444e-005,-1.91227,-0.794362,-1.9564,0.592925
0.370271,372.09,7.25926e-005,-1.76336,-0.805932,-1.56192,0.357558
0.370271,372.09,7.27407e-005,-1.60748,-0.814518,-1.15911,0.118763
0.370271,372.09,7.28889e-005,-1.44526,-0.82007,-0.749506,-0.122575
0.370271,372.09,7.3037e-005,-1.27734,-0.822549,-0.334692,-0.365559
0.370271,372.09,7.31852e-005,-1.10437,-0.821929,0.0837348,-0.609277
0.370271,372.09,7.33333e-005,-0.927051,-0.818195,0.504155,-0.852812
0.370271,372.09,7.34815e-005,-0.74607,-0.811343,0.924937,-1.09524
0.370271,372.09,7.36296e-005,-0.562144,-0.801384,1.34444,-1.33564
0.370271,372.09,7.37778e-005,-0.376,-0.78834,1.76102,-1.57309
0.370271,372.09,7.39259e-005,-0.188372,-0.772243,2.17305,-1.80667
0.370271,372.09,7.40741e-005,-3.67382e-015,-0.75314,2.57891,-2.03548
0.370271,372.09,7.42222e-005,0.188372,-0.731088,2.97699,-2.25863
0.370271,372.09,7.43704e-005,0.376,-0.706157,3.36572,-2.47525
0.370271,372.09,7.45185e-005,0.562144,-0.678427,3.74355,-2.68448
0.370271,372.09,7.46667e-005,0.74607,-0.64799,4.10898,-2.8855
0.370271,372.09,7.48148e-005,0.927051,-0.614949,4.46054,-3.0775
0.370271,372.09,7.4963e-005,1.10437,-0.579417,4.79682,-3.2597
0.370271,372.09,7.51111e-005,1.27734,-0.541517,5.11646,-3.43138
0.370271,372.09,7.52593e-005,1.44526,-0.501383,5.41816,-3.59183
0.370271,372.09,7.54074e-005,1.60748,-0.459155,5.70069,-3.74039
0.370271,372.09,7.55556e-005,1.76336,-0.414986,5.9629,-3.87644
0.370271,372.09,7.57037e-005,1.91227,-0.369033,6.20369,-3.99939
0.370271,372.09,7.58519e-005,2.05364,-0.321462,6.42207,-4.10874
0.370271,372.09,7.6e-005,2.18691,-0.272446,6.6171,-4.20398
0.370271,372.09,7.61481e-005,2.31154,-0.222165,6.78797,-4.28471
0.370271,372.09,7.62963e-005,2.42705,-0.170802,6.93393,-4.35054
0.370271,372.09,7.64444e-005,2.53298,-0.118548,7.05432,-4.40114
0.370271,372.09,7.65926e-005,2.62892,-0.0655955,7.14861,-4.43627
0.370271,372.09,7.67407e-005,2.71448,-0.012141,7.21635,-4.45571
0.370271,372.09,7.68889e-005,2.78933,0.0416158,7.25718,-4.4593
0.370271,372.09,7.7037e-005,2.85317,0.095474,7.27086,-4.44697
0.370271,372.09,7.71852e-005,2.90575,0.149231,7.25725,-4.41868
0.370271,372.09,7.73333e-005,2.94686,0.202686,7.21631,-4.37447
0.370271,372.09,7.74815e-005,2.97634,0.255635,7.14813,-4.31441
0.370271,372.09,7.76296e-005,2.99408,0.307878,7.05286,-4.23867
0.370271,372.09,7.77778e-005,3,0.359217,6.93079,-4.14745
0.370271,372.09,7.79259e-005,2.99408,0.409457,6.78231,-4.04101
0.370271,372.09,7.80741e-005,2.97634,0.458404,6.6079,-3.91969
0.370271,372.09,7.82222e-005,2.94686,0.505872,6.40815,-3.78387
0.370271,372.09,7.83704e-005,2.90575,0.551677,6.18374,-3.63398
0.370271,372.09,7.85185e-005,2.85317,0.595644,5.93547,-3.47052
0.370271,372.09,7.86667e-005,2.78933,0.637601,5.6642,-3.29403
0.370271,372.09,7.88148e-005,2.71448,0.677385,5.37091,-3.10511
0.370271,372.09,7.8963e-005,2.62892,0.714842,5.05665,-2.90441
0.370271,372.09,7.91111e-005,2.53298,0.749824,4.72255,-2.6926
0.370271,372.09,7.92593e-005,2.42705,0.782193,4.36983,-2.47043
0.370271,372.09,7.94074e-005,2.31154,0.811821,3.99978,-2.23867
0.370271,372.09,7.95556e-005,2.18691,0.838589,3.61376,-1.99813
0.370271,372.09,7.97037e-005,2.05364,0.862391,3.21318,-1.74966
0.370271,372.09,7.98519e-005,1.91227,0.883128,2.79954,-1.49414
0.370271,372.09,8e-005,1.76336,0.900716,2.37436,-1.23247
0.370271,372.09,8.01481e-005,1.60748,0.915081,1.93923,-0.96559
0.370271,372.09,8.02963e-005,1.44526,0.92616,1.49577,-0.694455
0.370271,372.09,8.04444e-005,1.27734,0.933906,1.04563,-0.420037
0.370271,372.09,8.05926e-005,1.10437,0.93828,0.590505,-0.143324
0.370271,372.09,8.07407e-005,0.927051,0.939258,0.132095,0.134684
0.370271,372.09,8.08889e-005,0.74607,0.93683,-0.327873,0.412983
0.370271,372.09,8.1037e-005,0.562144,0.930995,-0.787669,0.690562
0.370271,372.09,8.11852e-005,0.376,0.921769,-1.24556,0.966413
0.370271,372.09,8.13333e-005,0.188372,0.909178,-1.69981,1.23953
0.370271,372.09,8.14815e-005,1.46993e-014,0.893261,-2.14871,1.50892
0.370271,372.09,8.16296e-005,-0.188372,0.874072,-2.59055,1.77359
0.370271,372.09,8.17778e-005,-0.376,0.851675,-3.02366,2.03257
0.370271,372.09,8.19259e-005,-0.562144,0.826146,-3.44639,2.28492
0.370271,372.09,8.20741e-005,-0.74607,0.797574,-3.85713,2.5297
0.370271,372.09,8.22222e-005,-0.927051,0.766061,-4.25433,2.76602
0.370271,372.09,8.23704e-005,-1.10437,0.731717,-4.63645,2.993
0.370271,372.09,8.25185e-005,-1.27734,0.694665,-5.00206,3.20981
0.370271,372.09,8.26667e-005,-1.44526,0.655037,-5.34973,3.41563
0.370271,372.09,8.28148e-005,-1.60748,0.612977,-5.67815,3.60972
0.370271,372.09,8.2963e-005,-1.76336,0.568635,-5.98605,3.79134
0.370271,372.09,8.31111e-005,-1.91227,0.522174,-6.27225,3.95982
0.370271,372.09,8.32593e-005,-2.05364,0.473762,-6.53564,4.11454
0.370271,372.09,8.34074e-005,-2.18691,0.423575,-6.77521,4.25492
0.370271,372.09,8.35556e-005,-2.31154,0.371797,-6.99003,4.38042
0.370271,372.09,8.37037e-005,-2.42705,0.318618,-7.17927,4.49058
0.370271,372.09,8.38519e-005,-2.53298,0.264231,-7.34218,4.58499
0.370271,372.09,8.4e-005,-2.62892,0.208837,-7.47814,4.66328
0.370271,372.09,8.41481e-005,-2.71448,0.15264,-7.5866,4.72516
0.370271,372.09,8.42963e-005,-2.78933,0.0958469,-7.66713,4.77038
0.370271,372.09,8.44444e-005,-2.85317,0.0386661,-7.7194,4.79878
0.370271,372.09,8.45926e-005,-2.90575,-0.0186909,-7.7432,4.81024
0.370271,372.09,8.47407e-005,-2.94686,-0.0760124,-7.73841,4.8047
0.370271,372.09,8.48889e-005,-2.97634,-0.133087,-7.70503,4.78218
0.370271,372.09,8.5037e-005,-2.99408,-0.189703,-7.64317,4.74275
0.370271,372.09,8.51852e-005,-3,-0.245651,-7.55304,4.68654
0.370271,372.09,8.53333e-005,-2.99408,-0.300725,-7.43497,4.61375
0.370271,372.09,8.54815e-005,-2.97634,-0.35472,-7.28937,4.52465
0.370271,372.09,8.56296e-005,-2.94686,-0.407437,-7.11679,4.41955
0.370271,372.09,8.57778e-005,-2.90575,-0.458681,-6.91786,4.29882
0.370271,372.09,8.59259e-005,-2.85317,-0.508261,-6.69331,4.16292
0.370271,372.09,8.60741e-005,-2.78933,-0.555994,-6.44399,4.01232
0.370271,372.09,8.62222e-005,-2.71448,-0.601704,-6.17081,3.84758
0.370271,372.09,8.63704e-005,-2.62892,-0.645221,-5.8748,3.6693
0.370271,372.09,8.65185e-005,-2.53298,-0.686384,-5.55706,3.47812
0.370271,372.09,8.66667e-005,-2.42705,-0.725042,-5.21879,3.27475
0.370271,372.09,8.68148e-005,-2.31154,-0.761051,-4.86125,3.05992
0.370271,372.09,8.6963e-005,-2.18691,-0.794279,-4.48578,2.83443
0.370271,372.09,8.71111e-005,-2.05364,-0.824604,-4.09379,2.59909
0.370271,372.09,8.72593e-005,-1.91227,-0.851913,-3.68675,2.35476
0.370271,372.09,8.74074e-005,-1.76336,-0.876107,-3.2662,2.10234
0.370271,372.09,8.75556e-005,-1.60748,-0.897097,-2.83371,1.84275
0.370271,372.09,8.77037e-005,-1.44526,-0.914808,-2.39092,1.57695
0.370271,372.09,8.78519e-005,-1.27734,-0.929174,-1.93948,1.30589
0.370271,372.09,8.8e-005,-1.10437,-0.940146,-1.48109,1.03058
0.370271,372.09,8.81481e-005,-0.927051,-0.947682,-1.01749,0.752019
0.370271,372.09,8.82963e-005,-0.74607,-0.95176,-0.550406,0.471224
0.370271,372.09,8.84444e-005,-0.562144,-0.952364,-0.0816085,0.189221
0.370271,372.09,8.85926e-005,-0.376,-0.949496,0.387143,-0.0929607
0.370271,372.09,8.87407e-005,-0.188372,-0.94317,0.854085,-0.374293
0.370271,372.09,0.000814963,0.188372,-0.757158,1.64407,-0.914317
0.370271,372.09,0.000815111,0.376,-0.741992,2.04747,-1.13866
0.370271,372.09,0.000815259,0.562144,-0.723897,2.4428,-1.35851
0.370271,372.09,0.000815407,0.74607,-0.702945,2.82848,-1.573
0.370271,372.09,0.000815556,0.927051,-0.679219,3.20299,-1.78128
0.370271,372.09,0.000815704,1.10437,-0.652813,3.56487,-1.98253
0.370271,372.09,0.000815852,1.27734,-0.62383,3.91268,-2.17595
0.370271,372.09,0.000816,1.44526,-0.592385,4.24505,-2.36079
0.370271,372.09,0.000816148,1.60748,-0.558603,4.56066,-2.53631
0.370271,372.09,0.000816296,1.76336,-0.522616,4.85827,-2.70183
0.370271,372.09,0.000816444,1.91227,-0.484566,5.13671,-2.85668
0.370271,372.09,0.000816593,2.05364,-0.444604,5.39488,-3.00025
0.370271,372.09,0.000816741,2.18691,-0.402887,5.63176,-3.13198
0.370271,372.09,0.000816889,2.31154,-0.35958,5.84641,-3.25136
0.370271,372.09,0.000817037,2.42705,-0.314854,6.03799,-3.3579
0.370271,372.09,0.000817185,2.53298,-0.268886,6.20574,-3.45119
0.370271,372.09,0.000817333,2.62892,-0.221856,6.349,-3.53086
0.370271,372.09,0.000817481,2.71448,-0.173951,6.4672,-3.5966
0.370271,372.09,0.00081763,2.78933,-0.125359,6.55988,-3.64814
0.370271,372.09,0.000817778,2.85317,-0.0762731,6.62667,-3.68528
0.370271,372.09,0.000817926,2.90575,-0.0268856,6.6673,-3.70788
0.370271,372.09,0.000818074,2.94686,0.0226079,6.68163,-3.71585
0.370271,372.09,0.000818222,2.97634,0.0720122,6.66958,-3.70915
0.370271,372.09,0.00081837,2.99408,0.121132,6.63122,-3.68781
0.370271,372.09,0.000818519,3,0.169774,6.56668,-3.65192
0.370271,372.09,0.000818667,2.99408,0.217746,6.47623,-3.60162
0.370271,372.09,0.000818815,2.97634,0.264859,6.36021,-3.5371
0.370271,372.09,0.000818963,2.94686,0.310927,6.2191,-3.45862
0.370271,372.09,0.000819111,2.90575,0.355767,6.05344,-3.3665
0.370271,372.09,0.000819259,2.85317,0.399203,5.8639,-3.26108
0.370271,372.09,0.000819407,2.78933,0.441064,5.65121,-3.1428
0.370271,372.09,0.000819556,2.71448,0.481184,5.41622,-3.01212
0.370271,372.09,0.000819704,2.62892,0.519405,5.15985,-2.86954
0.370271,372.09,0.000819852,2.53298,0.555576,4.88312,-2.71564
0.370271,372.09,0.00082,2.42705,0.589555,4.58712,-2.55103
0.370271,372.09,0.000820148,2.31154,0.621207,4.27301,-2.37635
0.370271,372.09,0.000820296,2.18691,0.650407,3.94204,-2.19228
0.370271,372.09,0.000820444,2.05364,0.677041,3.59552,-1.99957
0.370271,372.09,0.000820593,1.91227,0.701002,3.2348,-1.79897
0.370271,372.09,0.000820741,1.76336,0.722197,2.86132,-1.59126
0.370271,372.09,0.000820889,1.60748,0.740542,2.47655,-1.37728
0.370271,372.09,0.000821037,1.44526,0.755964,2.082,-1.15786
0.370271,372.09,0.000821185,1.27734,0.768403,1.67923,-0.933868
0.370271,372.09,0.000821333,1.10437,0.777809,1.26984,-0.706193
0.370271,372.09,0.000821481,0.927051,0.784146,0.855435,-0.475731
0.370271,372.09,0.00082163,0.74607,0.787388,0.437655,-0.243392
0.370271,372.09,0.000821778,0.562144,0.787522,0.018148,-0.0100917
0.370271,372.09,0.000821926,0.376,0.784549,-0.401431,0.223248
0.370271,372.09,0.000822074,0.188372,0.778479,-0.819425,0.455707
0.370271,372.09,0.000822222,8.80497e-015,0.769337,-1.23419,0.686367
0.370271,372.09,0.00082237,-0.188372,0.757158,-1.64408,0.914319
0.370271,372.09,0.000822519,-0.376,0.741992,-2.04748,1.13866
0.370271,372.09,0.000822667,-0.562144,0.723897,-2.4428,1.35851
0.370271,372.09,0.000822815,-0.74607,0.702945,-2.82848,1.573
0.370271,372.09,0.000822963,-0.927051,0.679219,-3.203,1.78128
0.370271,372.09,0.000823111,-1.10437,0.652813,-3.56487,1.98253
0.370271,372.09,0.000823259,-1.27734,0.62383,-3.91268,2.17596
0.370271,372.09,0.000823407,-1.44526,0.592385,-4.24505,2.36079
0.370271,372.09,0.000823556,-1.60748,0.558603,-4.56066,2.53632
0.370271,372.09,0.000823704,-1.76336,0.522615,-4.85827,2.70183
0.370271,372.09,0.000823852,-1.91227,0.484566,-5.13672,2.85668
0.370271,372.09,0.000824,-2.05364,0.444604,-5.39488,3.00025
0.370271,372.09,0.000824148,-2.18691,0.402887,-5.63176,3.13199
0.370271,372.09,0.000824296,-2.31154,0.35958,-5.84641,3.25136
0.370271,372.09,0.000824444,-2.42705,0.314854,-6.03799,3.3579
0.370271,372.09,0.000824593,-2.53298,0.268886,-6.20574,3.45119
0.370271,372.09,0.000824741,-2.62892,0.221856,-6.349,3.53086
0.370271,372.09,0.000824889,-2.71448,0.173951,-6.4672,3.5966
0.370271,372.09,0.000825037,-2.78933,0.125359,-6.55988,3.64814
0.370271,372.09,0.000825185,-2.85317,0.0762729,-6.62667,3.68528
0.370271,372.09,0.000825333,-2.90575,0.0268854,-6.6673,3.70788
0.370271,372.09,0.000825481,-2.94686,-0.0226081,-6.68163,3.71585
0.370271,372.09,0.00082563,-2.97634,-0.0720124,-6.66958,3.70915
0.370271,372.09,0.000825778,-2.99408,-0.121133,-6.63122,3.68781
0.370271,372.09,0.000825926,-3,-0.169775,-6.56668,3.65192
0.370271,372.09,0.000826074,-2.99408,-0.217747,-6.47623,3.60162
0.370271,372.09,0.000826222,-2.97634,-0.264859,-6.36021,3.5371
0.370271,372.09,0.00082637,-2.94686,-0.310927,-6.2191,3.45862
0.370271,372.09,0.000826519,-2.90575,-0.355767,-6.05345,3.3665
0.370271,372.09,0.000826667,-2.85317,-0.399203,-5.8639,3.26108
0.370271,372.09,0.000826815,-2.78933,-0.441064,-5.65121,3.1428
0.370271,372.09,0.000826963,-2.71448,-0.481184,-5.41622,3.01212
0.370271,372.09,0.000827111,-2.62892,-0.519406,-5.15985,2.86954
0.370271,372.09,0.000827259,-2.53298,-0.555577,-4.88312,2.71564
0.370271,372.09,0.000827407,-2.42705,-0.589555,-4.58712,2.55103
0.370271,372.09,0.000827556,-2.31154,-0.621207,-4.27301,2.37635
0.370271,372.09,0.000827704,-2.18691,-0.650408,-3.94204,2.19228
0.370271,372.09,0.000827852,-2.05364,-0.677041,-3.59552,1.99957
0.370271,372.09,0.000828,-1.91227,-0.701003,-3.2348,1.79897
0.370271,372.09,0.000828148,-1.76336,-0.722198,-2.86132,1.59126
0.370271,372.09,0.000828296,-1.60748,-0.740542,-2.47654,1.37728
0.370271,372.09,0.000828444,-1.44526,-0.755965,-2.082,1.15786
0.370271,372.09,0.000828593,-1.27734,-0.768403,-1.67923,0.933868
0.370271,372.09,0.000828741,-1.10437,-0.77781,-1.26984,0.706193
0.370271,372.09,0.000828889,-0.927051,-0.784146,-0.855435,0.475731
0.370271,372.09,0.000829037,-0.74607,-0.787388,-0.437655,0.243391
0.370271,372.09,0.000829185,-0.562144,-0.787522,-0.0181474,0.0100913
0.370271,372.09,0.000829333,-0.376,-0.784549,0.401431,-0.223249
0.370271,372.09,0.000829481,-0.188372,-0.778479,0.819426,-0.455708
0.370271,372.09,0.00082963,-4.11468e-014,-0.769337,1.23419,-0.686368
0.370271,372.09,0.000829778,0.188372,-0.757159,1.64408,-0.91432
0.370271,372.09,0.000829926,0.376,-0.741992,2.04748,-1.13866
0.370271,372.09,0.000830074,0.562144,-0.723897,2.4428,-1.35851
0.370271,372.09,0.000830222,0.74607,-0.702946,2.82848,-1.573
0.370271,372.09,0.00083037,0.927051,-0.67922,3.203,-1.78128
0.370271,372.09,0.000830519,1.10437,-0.652813,3.56487,-1.98253
0.370271,372.09,0.000830667,1.27734,-0.62383,3.91268,-2.17596
0.370271,372.09,0.000830815,1.44526,-0.592386,4.24505,-2.3608
0.370271,372.09,0.000830963,1.60748,-0.558603,4.56066,-2.53632
0.370271,372.09,0.000831111,1.76336,-0.522616,4.85828,-2.70183
0.370271,372.09,0.000831259,1.91227,-0.484566,5.13672,-2.85668
0.370271,372.09,0.000831407,2.05364,-0.444604,5.39489,-3.00025
0.370271,372.09,0.000831556,2.18691,-0.402887,5.63176,-3.13199
0.370271,372.09,0.000831704,2.31154,-0.35958,5.84641,-3.25136
0.370271,372.09,0.000831852,2.42705,-0.314854,6.03799,-3.3579
0.370271,372.09,0.000832,2.53298,-0.268886,6.20574,-3.45119
0.370271,372.09,0.000832148,2.62892,-0.221856,6.349,-3.53086
0.370271,372.09,0.000832296,2.71448,-0.173951,6.4672,-3.5966
0.370271,372.09,0.000832444,2.78933,-0.125359,6.55988,-3.64814
0.370271,372.09,0.000832593,2.85317,-0.0762729,6.62667,-3.68528
0.370271,372.09,0.000832741,2.90575,-0.0268855,6.66731,-3.70788
0.370271,372.09,0.000832889,2.94686,0.0226081,6.68163,-3.71585
0.370271,372.09,0.000833037,2.97634,0.0720124,6.66959,-3.70915
0.370271,372.09,0.000833185,2.99408,0.121133,6.63122,-3.68781
0.370271,372.09,0.000833333,3,0.169775,6.56668,-3.65192
0.370271,372.09,0.000833481,2.99408,0.217747,6.47623,-3.60162
0.370271,372.09,0.00083363,2.97634,0.264859,6.36022,-3.5371
0.370271,372.09,0.000833778,2.94686,0.310927,6.2191,-3.45862
0.370271,372.09,0.000833926,2.90575,0.355767,6.05345,-3.3665
0.370271,372.09,0.000834074,2.85317,0.399204,5.8639,-3.26109
0.370271,372.09,0.000834222,2.78933,0.441064,5.65121,-3.1428
0.370271,372.09,0.00083437,2.71448,0.481184,5.41622,-3.01212
0.370271,372.09,0.000834519,2.62892,0.519406,5.15985,-2.86954
0.370271,372.09,0.000834667,2.53298,0.555577,4.88312,-2.71565
0.370271,372.09,0.000834815,2.42705,0.589556,4.58712,-2.55103
0.370271,372.09,0.000834963,2.31154,0.621208,4.27302,-2.37635
0.370271,372.09,0.000835111,2.18691,0.650408,3.94205,-2.19229
0.370271,372.09,0.000835259,2.05364,0.677041,3.59552,-1.99957
0.370271,372.09,0.000835407,1.91227,0.701003,3.2348,-1.79897
0.370271,372.09,0.000835556,1.76336,0.722198,2.86132,-1.59126
0.370271,372.09,0.000835704,1.60748,0.740543,2.47655,-1.37728
0.370271,372.09,0.000835852,1.44526,0.755965,2.082,-1.15786
0.370271,372.09,0.000836,1.27734,0.768404,1.67923,-0.933869
0.370271,372.09,0.000836148,1.10437,0.77781,1.26984,-0.706194
0.370271,372.09,0.000836296,0.927051,0.784146,0.855435,-0.475732
0.370271,372.09,0.000836444,0.74607,0.787388,0.437655,-0.243392
0.370271,372.09,0.000836593,0.562144,0.787523,0.0181481,-0.0100922
0.370271,372.09,0.000836741,0.376,0.784549,-0.401431,0.223248
0.370271,372.09,0.000836889,0.188372,0.778479,-0.819425,0.455707
0.370271,372.09,0.000837037,7.34886e-014,0.769337,-1.23419,0.686367
0.370271,372.09,0.000837185,-0.188372,0.757159,-1.64408,0.914319
0.370271,372.09,0.000837333,-0.376,0.741992,-2.04748,1.13866
0.370271,372.09,0.000837481,-0.562144,0.723898,-2.4428,1.35851
0.370271,372.09,0.00083763,-0.74607,0.702946,-2.82848,1.573
0.370271,372.09,0.000837778,-0.927051,0.67922,-3.203,1.78128
0.370271,372.09,0.000837926,-1.10437,0.652813,-3.56487,1.98253
0.370271,372.09,0.000838074,-1.27734,0.623831,-3.91268,2.17596
0.370271,372.09,0.000838222,-1.44526,0.592386,-4.24505,2.3608
0.370271,372.09,0.00083837,-1.60748,0.558603,-4.56066,2.53632
0.370271,372.09,0.000838519,-1.76336,0.522616,-4.85828,2.70183
0.370271,372.09,0.000838667,-1.91227,0.484566,-5.13672,2.85668
0.370271,372.09,0.000838815,-2.05364,0.444604,-5.39489,3.00025
0.370271,372.09,0.000838963,-2.18691,0.402887,-5.63176,3.13199
0.370271,372.09,0.000839111,-2.31154,0.35958,-5.84642,3.25136
0.370271,372.09,0.000839259,-2.42705,0.314855,-6.03799,3.3579
0.370271,372.09,0.000839407,-2.53298,0.268886,-6.20574,3.4512
0.370271,372.09,0.000839556,-2.62892,0.221856,-6.349,3.53086
0.370271,372.09,0.000839704,-2.71448,0.173951,-6.4672,3.5966
0.370271,372.09,0.000839852,-2.78933,0.12536,-6.55988,3.64814
0.370271,372.09,0.00084,-2.85317,0.0762731,-6.62667,3.68528
0.370271,372.09,0.000840148,-2.90575,0.0268857,-6.66731,3.70788
0.370271,372.09,0.000840296,-2.94686,-0.0226079,-6.68163,3.71585
0.370271,372.09,0.000840444,-2.97634,-0.0720123,-6.66959,3.70915
0.370271,372.09,0.000840593,-2.99408,-0.121132,-6.63122,3.68781
0.370271,372.09,0.000840741,-3,-0.169774,-6.56668,3.65192
0.370271,372.09,0.000840889,-2.99408,-0.217747,-6.47623,3.60162
0.370271,372.09,0.000841037,-2.97634,-0.264859,-6.36022,3.5371
0.370271,372.09,0.000841185,-2.94686,-0.310927,-6.21911,3.45863
0.370271,372.09,0.000841333,-2.90575,-0.355767,-6.05345,3.3665
0.370271,372.09,0.000841481,-2.85317,-0.399203,-5.8639,3.26109
0.370271,372.09,0.00084163,-2.78933,-0.441064,-5.65121,3.1428
0.370271,372.09,0.000841778,-2.71448,-0.481184,-5.41622,3.01212
0.370271,372.09,0.000841926,-2.62892,-0.519406,-5.15985,2.86955
0.370271,372.09,0.000842074,-2.53298,-0.555577,-4.88312,2.71565
0.370271,372.09,0.000842222,-2.42705,-0.589556,-4.58712,2.55103
0.370271,372.09,0.00084237,-2.31154,-0.621207,-4.27302,2.37635
0.370271,372.09,0.000842519,-2.18691,-0.650408,-3.94205,2.19229
0.370271,372.09,0.000842667,-2.05364,-0.677041,-3.59552,1.99957
0.370271,372.09,0.000842815,-1.91227,-0.701003,-3.2348,1.79897
0.370271,372.09,0.000842963,-1.76336,-0.722198,-2.86132,1.59126
0.370271,372.09,0.000843111,-1.60748,-0.740543,-2.47655,1.37728
0.370271,372.09,0.000843259,-1.44526,-0.755965,-2.082,1.15786
0.370271,372.09,0.000843407,-1.27734,-0.768404,-1.67923,0.933871
0.370271,372.09,0.000843556,-1.10437,-0.77781,-1.26984,0.706196
0.370271,372.09,0.000843704,-0.927051,-0.784146,-0.855437,0.475733
0.370271,372.09,0.000843852,-0.74607,-0.787388,-0.437657,0.243394
0.370271,372.09,0.000844,-0.562144,-0.787523,-0.0181495,0.0100936
0.370271,372.09,0.000844148,-0.376,-0.784549,0.401429,-0.223246
0.370271,372.09,0.000844296,-0.188372,-0.778479,0.819424,-0.455706
0.370271,372.09,0.000844444,-1.0583e-013,-0.769337,1.23418,-0.686366
0.370271,372.09,0.000844593,0.188372,-0.757159,1.64407,-0.914318
0.370271,372.09,0.000844741,0.376,-0.741992,2.04748,-1.13866
0.370271,372.09,0.000844889,0.562144,-0.723898,2.4428,-1.35851
0.370271,372.09,0.000845037,0.74607,-0.702946,2.82848,-1.573
0.370271,372.09,0.000845185,0.927051,-0.67922,3.203,-1.78128
0.370271,372.09,0.000845333,1.10437,-0.652814,3.56487,-1.98253
0.370271,372.09,0.000845481,1.27734,-0.623831,3.91268,-2.17596
0.370271,372.09,0.00084563,1.44526,-0.592386,4.24505,-2.36079
0.370271,372.09,0.000845778,1.60748,-0.558603,4.56066,-2.53632
0.370271,372.09,0.000845926,1.76336,-0.522616,4.85828,-2.70183
0.370271,372.09,0.000846074,1.91227,-0.484566,5.13672,-2.85668
0.370271,372.09,0.000846222,2.05364,-0.444604,5.39489,-3.00025
0.370271,372.09,0.00084637,2.18691,-0.402887,5.63176,-3.13199
0.370271,372.09,0.000846519,2.31154,-0.359581,5.84641,-3.25136
0.370271,372.09,0.000846667,2.42705,-0.314855,6.03799,-3.3579
0.370271,372.09,0.000846815,2.53298,-0.268886,6.20574,-3.45119
0.370271,372.09,0.000846963,2.62892,-0.221857,6.349,-3.53086
0.370271,372.09,0.000847111,2.71448,-0.173951,6.4672,-3.5966
0.370271,372.09,0.000847259,2.78933,-0.12536,6.55988,-3.64814
0.370271,372.09,0.000847407,2.85317,-0.0762733,6.62667,-3.68528
0.370271,372.09,0.000847556,2.90575,-0.0268859,6.66731,-3.70788
0.370271,372.09,0.000847704,2.94686,0.0226077,6.68163,-3.71585
0.370271,372.09,0.000847852,2.97634,0.072012,6.66959,-3.70915
0.370271,372.09,0.000848,2.99408,0.121132,6.63122,-3.68781
0.370271,372.09,0.000848148,3,0.169774,6.56668,-3.65192
0.370271,372.09,0.000848296,2.99408,0.217746,6.47623,-3.60162
0.370271,372.09,0.000848444,2.97634,0.264859,6.36022,-3.5371
0.370271,372.09,0.000848593,2.94686,0.310927,6.21911,-3.45863
0.370271,372.09,0.000848741,2.90575,0.355767,6.05345,-3.3665
0.370271,372.09,0.000848889,2.85317,0.399203,5.8639,-3.26109
0.370271,372.09,0.000849037,2.78933,0.441064,5.65121,-3.1428
0.370271,372.09,0.000849185,2.71448,0.481184,5.41622,-3.01212
0.370271,372.09,0.000849333,2.62892,0.519405,5.15986,-2.86955
0.370271,372.09,0.000849481,2.53298,0.555577,4.88312,-2.71565
0.370271,372.09,0.00084963,2.42705,0.589555,4.58712,-2.55103
0.370271,372.09,0.000849778,2.31154,0.621207,4.27302,-2.37635
0.370271,372.09,0.000849926,2.18691,0.650408,3.94205,-2.19229
0.370271,372.09,0.000850074,2.05364,0.677041,3.59552,-1.99958
0.370271,372.09,0.000850222,1.91227,0.701003,3.23481,-1.79897
0.370271,372.09,0.00085037,1.76336,0.722198,2.86132,-1.59127
0.370271,372.09,0.000850519,1.60748,0.740542,2.47655,-1.37728
0.370271,372.09,0.000850667,1.44526,0.755965,2.082,-1.15786
0.370271,372.09,0.000850815,1.27734,0.768403,1.67923,-0.933872
0.370271,372.09,0.000850963,1.10437,0.77781,1.26984,-0.706197
0.370271,372.09,0.000851111,0.927051,0.784146,0.855438,-0.475734
0.370271,372.09,0.000851259,0.74607,0.787388,0.437658,-0.243395
0.370271,372.09,0.000851407,0.562144,0.787523,0.0181506,-0.0100946
0.370271,372.09,0.000851556,0.376,0.784549,-0.401428,0.223245
0.370271,372.09,0.000851704,0.188372,0.778479,-0.819423,0.455704
0.370271,372.09,0.000851852,1.38172e-013,0.769337,-1.23418,0.686365
0.370271,372.09,0.000852,-0.188372,0.757159,-1.64407,0.914317
0.370271,372.09,0.000852148,-0.376,0.741992,-2.04748,1.13866
0.370271,372.09,0.000852296,-0.562144,0.723898,-2.4428,1.35851
0.370271,372.09,0.000852444,-0.74607,0.702946,-2.82848,1.573
0.370271,372.09,0.000852593,-0.927051,0.67922,-3.20299,1.78128
0.370271,372.09,0.000852741,-1.10437,0.652814,-3.56487,1.98253
0.370271,372.09,0.000852889,-1.27734,0.623831,-3.91268,2.17595
0.370271,372.09,0.000853037,-1.44526,0.592386,-4.24505,2.36079
0.370271,372.09,0.000853185,-1.60748,0.558603,-4.56066,2.53632
0.370271,372.09,0.000853333,-1.76336,0.522616,-4.85827,2.70183
0.370271,372.09,0.000853481,-1.91227,0.484566,-5.13672,2.85668
0.370271,372.09,0.00085363,-2.05364,0.444604,-5.39488,3.00025
0.370271,372.09,0.000853778,-2.18691,0.402887,-5.63176,3.13199
0.370271,372.09,0.000853926,-2.31154,0.359581,-5.84641,3.25136
0.370271,372.09,0.000854074,-2.42705,0.314855,-6.03799,3.3579
0.370271,372.09,0.000854222,-2.53298,0.268886,-6.20574,3.45119
0.370271,372.09,0.00085437,-2.62892,0.221857,-6.349,3.53086
0.370271,372.09,0.000854519,-2.71448,0.173952,-6.4672,3.5966
0.370271,372.09,0.000854667,-2.78933,0.12536,-6.55988,3.64814
0.370271,372.09,0.000854815,-2.85317,0.0762734,-6.62667,3.68528
0.370271,372.09,0.000854963,-2.90575,0.026886,-6.66731,3.70788
0.370271,372.09,0.000855111,-2.94686,-0.0226076,-6.68163,3.71585
0.370271,372.09,0.000855259,-2.97634,-0.0720119,-6.66959,3.70915
0.370271,372.09,0.000855407,-2.99408,-0.121132,-6.63122,3.68781
0.370271,372.09,0.000855556,-3,-0.169774,-6.56668,3.65192
0.370271,372.09,0.000855704,-2.99408,-0.217746,-6.47623,3.60162
0.370271,372.09,0.000855852,-2.97634,-0.264859,-6.36022,3.5371
0.370271,372.09,0.000856,-2.94686,-0.310926,-6.2191,3.45863
0.370271,372.09,0.000856148,-2.90575,-0.355767,-6.05345,3.3665
0.370271,372.09,0.000856296,-2.85317,-0.399203,-5.8639,3.26109
0.370271,372.09,0.000856444,-2.78933,-0.441064,-5.65121,3.1428
0.370271,372.09,0.000856593,-2.71448,-0.481184,-5.41622,3.01212
0.370271,372.09,0.000856741,-2.62892,-0.519405,-5.15985,2.86955
0.370271,372.09,0.000856889,-2.53298,-0.555576,-4.88312,2.71565
0.370271,372.09,0.000857037,-2.42705,-0.589555,-4.58712,2.55103
0.370271,372.09,0.000857185,-2.31154,-0.621207,-4.27302,2.37635
0.370271,372.09,0.000857333,-2.18691,-0.650407,-3.94205,2.19229
0.370271,372.09,0.000857481,-2.05364,-0.677041,-3.59552,1.99957
0.370271,372.09,0.00085763,-1.91227,-0.701003,-3.23481,1.79897
0.370271,372.09,0.000857778,-1.76336,-0.722198,-2.86132,1.59127
0.370271,372.09,0.000857926,-1.60748,-0.740542,-2.47655,1.37728
0.370271,372.09,0.000858074,-1.44526,-0.755965,-2.082,1.15786
0.370271,372.09,0.000858222,-1.27734,-0.768403,-1.67923,0.933872
0.370271,372.09,0.00085837,-1.10437,-0.77781,-1.26984,0.706197
0.370271,372.09,0.000858519,-0.927051,-0.784146,-0.855438,0.475735
0.370271,372.09,0.000858667,-0.74607,-0.787388,-0.437658,0.243395
0.370271,372.09,0.000858815,-0.562144,-0.787522,-0.0181509,0.0100948
0.370271,372.09,0.000858963,-0.376,-0.784549,0.401428,-0.223245
0.370271,372.09,0.000859111,-0.188372,-0.778479,0.819423,-0.455704
0.370271,372.09,0.000859259,1.6263e-017,-0.769337,1.23418,-0.686365
0.370271,372.09,0.000859407,0.188372,-0.757159,1.64407,-0.914316
0.370271,372.09,0.000859556,0.376,-0.741992,2.04747,-1.13866
0.370271,372.09,0.000859704,0.562144,-0.723897,2.4428,-1.35851
0.370271,372.09,0.000859852,0.74607,-0.702946,2.82848,-1.573
0.370271,372.09,0.00086,0.927051,-0.67922,3.20299,-1.78128
0.370271,372.09,0.000860148,1.10437,-0.652813,3.56487,-1.98253
0.370271,372.09,0.000860296,1.27734,-0.623831,3.91268,-2.17595
0.370271,372.09,0.000860444,1.44526,-0.592386,4.24505,-2.36079
0.370271,372.09,0.000860593,1.60748,-0.558603,4.56066,-2.53631
0.370271,372.09,0.000860741,1.76336,-0.522616,4.85827,-2.70183
0.370271,372.09,0.000860889,1.91227,-0.484566,5.13671,-2.85668
0.370271,372.09,0.000861037,2.05364,-0.444604,5.39488,-3.00025
0.370271,372.09,0.000861185,2.18691,-0.402887,5.63176,-3.13199
0.370271,372.09,0.000861333,2.31154,-0.359581,5.84641,-3.25136
0.370271,372.09,0.000861481,2.42705,-0.314855,6.03799,-3.3579
0.370271,372.09,0.00086163,2.53298,-0.268886,6.20574,-3.45119
0.370271,372.09,0.000861778,2.62892,-0.221857,6.349,-3.53086
0.370271,372.09,0.000861926,2.71448,-0.173952,6.4672,-3.5966
0.370271,372.09,0.000862074,2.78933,-0.12536,6.55988,-3.64814
0.370271,372.09,0.000862222,2.85317,-0.0762734,6.62667,-3.68528
0.370271,372.09,0.00086237,2.90575,-0.026886,6.66731,-3.70788
0.370271,372.09,0.000862519,2.94686,0.0226076,6.68163,-3.71585
0.370271,372.09,0.000862667,2.97634,0.0720119,6.66958,-3.70915
0.370271,372.09,0.000862815,2.99408,0.121132,6.63122,-3.68781
0.370271,372.09,0.000862963,3,0.169774,6.56668,-3.65192
0.370271,372.09,0.000863111,2.99408,0.217746,6.47623,-3.60162
0.370271,372.09,0.000863259,2.97634,0.264859,6.36022,-3.5371
0.370271,372.09,0.000863407,2.94686,0.310926,6.2191,-3.45862
0.370271,372.09,0.000863556,2.90575,0.355767,6.05345,-3.3665
0.370271,372.09,0.000863704,2.85317,0.399203,5.8639,-3.26109
0.370271,372.09,0.000863852,2.78933,0.441064,5.65121,-3.1428
0.370271,372.09,0.000864,2.71448,0.481184,5.41622,-3.01212
0.370271,372.09,0.000864148,2.62892,0.519405,5.15985,-2.86954
0.370271,372.09,0.000864296,2.53298,0.555576,4.88312,-2.71565
0.370271,372.09,0.000864444,2.42705,0.589555,4.58712,-2.55103
0.370271,372.09,0.000864593,2.31154,0.621207,4.27302,-2.37635
0.370271,372.09,0.000864741,2.18691,0.650407,3.94205,-2.19229
0.370271,372.09,0.000864889,2.05364,0.677041,3.59552,-1.99957
0.370271,372.09,0.000865037,1.91227,0.701002,3.2348,-1.79897
0.370271,372.09,0.000865185,1.76336,0.722197,2.86132,-1.59126
0.370271,372.09,0.000865333,1.60748,0.740542,2.47655,-1.37728
0.370271,372.09,0.000865481,1.44526,0.755964,2.082,-1.15786
0.370271,372.09,0.00086563,1.27734,0.768403,1.67923,-0.933871
0.370271,372.09,0.000865778,1.10437,0.777809,1.26984,-0.706196
0.370271,372.09,0.000865926,0.927051,0.784146,0.855438,-0.475734
0.370271,372.09,0.000866074,0.74607,0.787388,0.437658,-0.243394
0.370271,372.09,0.000866222,0.562144,0.787522,0.0181504,-0.0100942
0.370271,372.09,0.00086637,0.376,0.784549,-0.401428,0.223246
0.370271,372.09,0.000866519,0.188372,0.778479,-0.819423,0.455705
0.370271,372.09,0.000866667,3.23255e-014,0.769337,-1.23418,0.686365
0.370271,372.09,0.000866815,-0.188372,0.757159,-1.64407,0.914317
0.370271,372.09,0.000866963,-0.376,0.741992,-2.04748,1.13866
0.370271,372.09,0.000867111,-0.562144,0.723897,-2.4428,1.35851
0.370271,372.09,0.000867259,-0.74607,0.702946,-2.82848,1.573
0.370271,372.09,0.000867407,-0.927051,0.67922,-3.20299,1.78128
0.370271,372.09,0.000867556,-1.10437,0.652813,-3.56487,1.98253
0.370271,372.09,0.000867704,-1.27734,0.62383,-3.91268,2.17595
0.370271,372.09,0.000867852,-1.44526,0.592386,-4.24505,2.36079
0.370271,372.09,0.000868,-1.60748,0.558603,-4.56066,2.53631
0.370271,372.09,0.000868148,-1.76336,0.522616,-4.85827,2.70183
0.370271,372.09,0.000868296,-1.91227,0.484566,-5.13671,2.85668
0.370271,372.09,0.000868444,-2.05364,0.444604,-5.39488,3.00025
0.370271,372.09,0.000868593,-2.18691,0.402887,-5.63176,3.13199
0.370271,372.09,0.000868741,-2.31154,0.35958,-5.84641,3.25136
0.370271,372.09,0.000868889,-2.42705,0.314855,-6.03799,3.3579
0.370271,372.09,0.000869037,-2.53298,0.268886,-6.20574,3.45119
0.370271,372.09,0.000869185,-2.62892,0.221857,-6.349,3.53086
0.370271,372.09,0.000869333,-2.71448,0.173951,-6.4672,3.5966
0.370271,372.09,0.000869481,-2.78933,0.12536,-6.55988,3.64814
0.370271,372.09,0.00086963,-2.85317,0.0762733,-6.62667,3.68528
0.370271,372.09,0.000869778,-2.90575,0.0268858,-6.6673,3.70788
0.370271,372.09,0.000869926,-2.94686,-0.0226077,-6.68163,3.71585
0.370271,372.09,0.000870074,-2.97634,-0.072012,-6.66958,3.70915
0.370271,372.09,0.000870222,-2.99408,-0.121132,-6.63122,3.68781
0.370271,372.09,0.00087037,-3,-0.169774,-6.56668,3.65192
0.370271,372.09,0.000870519,-2.99408,-0.217746,-6.47623,3.60162
0.370271,372.09,0.000870667,-2.97634,-0.264859,-6.36022,3.5371
0.370271,372.09,0.000870815,-2.94686,-0.310926,-6.2191,3.45862
0.370271,372.09,0.000870963,-2.90575,-0.355767,-6.05345,3.3665
0.370271,372.09,0.000871111,-2.85317,-0.399203,-5.8639,3.26108
0.370271,372.09,0.000871259,-2.78933,-0.441064,-5.65121,3.1428
0.370271,372.09,0.000871407,-2.71448,-0.481184,-5.41622,3.01212
0.370271,372.09,0.000871556,-2.62892,-0.519405,-5.15985,2.86954
0.370271,372.09,0.000871704,-2.53298,-0.555576,-4.88312,2.71565
0.370271,372.09,0.000871852,-2.42705,-0.589555,-4.58712,2.55103
0.370271,372.09,0.000872,-2.31154,-0.621207,-4.27302,2.37635
0.370271,372.09,0.000872148,-2.18691,-0.650407,-3.94205,2.19229
0.370271,372.09,0.000872296,-2.05364,-0.677041,-3.59552,1.99957
0.370271,372.09,0.000872444,-1.91227,-0.701002,-3.2348,1.79897
0.370271,372.09,0.000872593,-1.76336,-0.722197,-2.86132,1.59126
0.370271,372.09,0.000872741,-1.60748,-0.740542,-2.47655,1.37728
0.370271,372.09,0.000872889,-1.44526,-0.755964,-2.082,1.15786
0.370271,372.09,0.000873037,-1.27734,-0.768403,-1.67923,0.93387
0.370271,372.09,0.000873185,-1.10437,-0.777809,-1.26984,0.706195
0.370271,372.09,0.000873333,-0.927051,-0.784146,-0.855437,0.475733
0.370271,372.09,0.000873481,-0.74607,-0.787388,-0.437657,0.243394
0.370271,372.09,0.00087363,-0.562144,-0.787522,-0.0181496,0.0100934
0.370271,372.09,0.000873778,-0.376,-0.784549,0.401429,-0.223247
0.370271,372.09,0.000873926,-0.188372,-0.778479,0.819424,-0.455705
0.370271,372.09,0.000874074,-6.46673e-014,-0.769337,1.23418,-0.686366
0.370271,372.09,0.000874222,0.188372,-0.757159,1.64407,-0.914318
0.370271,372.09,0.00087437,0.376,-0.741992,2.04748,-1.13866
0.370271,372.09,0.000874519,0.562144,-0.723897,2.4428,-1.35851
0.370271,372.09,0.000874667,0.74607,-0.702946,2.82848,-1.573
0.370271,372.09,0.000874815,0.927051,-0.67922,3.20299,-1.78128
0.370271,372.09,0.000874963,1.10437,-0.652813,3.56487,-1.98253
0.370271,372.09,0.000875111,1.27734,-0.62383,3.91268,-2.17595
0.370271,372.09,0.000875259,1.44526,-0.592386,4.24505,-2.36079
0.370271,372.09,0.000875407,1.60748,-0.558603,4.56066,-2.53632
0.370271,372.09,0.000875556,1.76336,-0.522616,4.85827,-2.70183
0.370271,372.09,0.000875704,1.91227,-0.484566,5.13671,-2.85668
0.370271,372.09,0.000875852,2.05364,-0.444604,5.39488,-3.00025
0.370271,372.09,0.000876,2.18691,-0.402887,5.63176,-3.13199
0.370271,372.09,0.000876148,2.31154,-0.35958,5.84641,-3.25136
0.370271,372.09,0.000876296,2.42705,-0.314855,6.03799,-3.3579
0.370271,372.09,0.000876444,2.53298,-0.268886,6.20574,-3.45119
0.370271,372.09,0.000876593,2.62892,-0.221856,6.349,-3.53086
0.370271,372.09,0.000876741,2.71448,-0.173951,6.4672,-3.5966
0.370271,372.09,0.000876889,2.78933,-0.12536,6.55988,-3.64814
0.370271,372.09,0.000877037,2.85317,-0.0762732,6.62667,-3.68528
0.370271,372.09,0.000877185,2.90575,-0.0268857,6.6673,-3.70788
0.370271,372.09,0.000877333,2.94686,0.0226078,6.68163,-3.71585
0.370271,372.09,0.000877481,2.97634,0.0720122,6.66958,-3.70915
0.370271,372.09,0.00087763,2.99408,0.121132,6.63122,-3.68781
0.370271,372.09,0.000877778,3,0.169774,6.56668,-3.65192
0.370271,372.09,0.000877926,2.99408,0.217746,6.47623,-3.60162
0.370271,372.09,0.000878074,2.97634,0.264859,6.36022,-3.5371
0.370271,372.09,0.000878222,2.94686,0.310927,6.2191,-3.45862
0.370271,372.09,0.00087837,2.90575,0.355767,6.05345,-3.3665
0.370271,372.09,0.000878519,2.85317,0.399203,5.8639,-3.26108
0.370271,372.09,0.000878667,2.78933,0.441064,5.65121,-3.1428
0.370271,372.09,0.000878815,2.71448,0.481184,5.41622,-3.01212
0.370271,372.09,0.000878963,2.62892,0.519405,5.15985,-2.86954
0.370271,372.09,0.000879111,2.53298,0.555577,4.88312,-2.71565
0.370271,372.09,0.000879259,2.42705,0.589555,4.58712,-2.55103
0.370271,372.09,0.000879407,2.31154,0.621207,4.27301,-2.37635
0.370271,372.09,0.000879556,2.18691,0.650408,3.94205,-2.19229
0.370271,372.09,0.000879704,2.05364,0.677041,3.59552,-1.99957
0.370271,372.09,0.000879852,1.91227,0.701003,3.2348,-1.79897
0.370271,372.09,0.00088,1.76336,0.722198,2.86132,-1.59126
0.370271,372.09,0.000880148,1.60748,0.740542,2.47655,-1.37728
0.370271,372.09,0.000880296,1.44526,0.755965,2.082,-1.15786
0.370271,372.09,0.000880444,1.27734,0.768403,1.67923,-0.93387
0.370271,372.09,0.000880593,1.10437,0.777809,1.26984,-0.706195
0.370271,372.09,0.000880741,0.927051,0.784146,0.855436,-0.475733
0.370271,372.09,0.000880889,0.74607,0.787388,0.437656,-0.243393
0.370271,372.09,0.000881037,0.562144,0.787522,0.0181489,-0.0100928
0.370271,372.09,0.000881185,0.376,0.784549,-0.40143,0.223247
0.370271,372.09,0.000881333,0.188372,0.778479,-0.819424,0.455706
0.370271,372.09,0.000881481,9.70092e-014,0.769337,-1.23419,0.686367
0.370271,372.09,0.00088163,-0.188372,0.757159,-1.64407,0.914318
0.370271,372.09,0.000881778,-0.376,0.741992,-2.04748,1.13866
0.370271,372.09,0.000881926,-0.562144,0.723897,-2.4428,1.35851
0.370271,372.09,0.000882074,-0.74607,0.702946,-2.82848,1.573
0.370271,372.09,0.000882222,-0.927051,0.67922,-3.203,1.78128
0.370271,372.09,0.00088237,-1.10437,0.652813,-3.56487,1.98253
0.370271,372.09,0.000882519,-1.27734,0.62383,-3.91268,2.17596
0.370271,372.09,0.000882667,-1.44526,0.592386,-4.24505,2.36079
0.370271,372.09,0.000882815,-1.60748,0.558603,-4.56066,2.53632
0.370271,372.09,0.000882963,-1.76336,0.522616,-4.85827,2.70183
0.370271,372.09,0.000883111,-1.91227,0.484566,-5.13672,2.85668
0.370271,372.09,0.000883259,-2.05364,0.444604,-5.39488,3.00025
0.370271,372.09,0.000883407,-2.18691,0.402887,-5.63176,3.13199
0.370271,372.09,0.000883556,-2.31154,0.35958,-5.84641,3.25136
0.370271,372.09,0.000883704,-2.42705,0.314854,-6.03799,3.3579
0.370271,372.09,0.000883852,-2.53298,0.268886,-6.20574,3.45119
0.370271,372.09,0.000884,-2.62892,0.221856,-6.349,3.53086
0.370271,372.09,0.000884148,-2.71448,0.173951,-6.4672,3.5966
0.370271,372.09,0.000884296,-2.78933,0.12536,-6.55988,3.64814
0.370271,372.09,0.000884444,-2.85317,0.0762731,-6.62667,3.68528
0.370271,372.09,0.000884593,-2.90575,0.0268856,-6.66731,3.70788
0.370271,372.09,0.000884741,-2.94686,-0.0226079,-6.68163,3.71585
0.370271,372.09,0.000884889,-2.97634,-0.0720122,-6.66958,3.70915
0.370271,372.09,0.000885037,-2.99408,-0.121132,-6.63122,3.68781
0.370271,372.09,0.000885185,-3,-0.169774,-6.56668,3.65192
0.370271,372.09,0.000885333,-2.99408,-0.217747,-6.47623,3.60162
0.370271,372.09,0.000885481,-2.97634,-0.264859,-6.36022,3.5371
0.370271,372.09,0.00088563,-2.94686,-0.310927,-6.2191,3.45862
0.370271,372.09,0.000885778,-2.90575,-0.355767,-6.05345,3.3665
0.370271,372.09,0.000885926,-2.85317,-0.399203,-5.8639,3.26109
0.370271,372.09,0.000886074,-2.78933,-0.441064,-5.65121,3.1428
0.370271,372.09,0.000886222,-2.71448,-0.481184,-5.41622,3.01212
0.370271,372.09,0.00088637,-2.62892,-0.519405,-5.15985,2.86954
0.370271,372.09,0.000886519,-2.53298,-0.555577,-4.88312,2.71565
0.370271,372.09,0.000886667,-2.42705,-0.589555,-4.58712,2.55103
0.370271,372.09,0.000886815,-2.31154,-0.621207,-4.27302,2.37635
0.370271,372.09,0.000886963,-2.18691,-0.650408,-3.94205,2.19229
0.370271,372.09,0.000887111,-2.05364,-0.677041,-3.59552,1.99957
0.370271,372.09,0.000887259,-1.91227,-0.701003,-3.2348,1.79897
0.370271,372.09,0.000887407,-1.76336,-0.722198,-2.86132,1.59126
0.370271,372.09,0.000887556,-1.60748,-0.740542,-2.47655,1.37728
0.370271,372.09,0.000887704,-1.44526,-0.755965,-2.082,1.15786
0.370271,372.09,0.000887852,-1.27734,-0.768403,-1.67923,0.93387
0.370271,372.09,0.000888,-1.10437,-0.77781,-1.26984,0.706195
0.370271,372.09,0.000888148,-0.927051,-0.784146,-0.855436,0.475732
0.370271,372.09,0.000888296,-0.74607,-0.787388,-0.437656,0.243393
0.370271,372.09,0.000888444,-0.562144,-0.787522,-0.0181488,0.0100927
0.370271,372.09,0.000888593,-0.376,-0.784549,0.40143,-0.223247
0.370271,372.09,0.000888741,-0.188372,-0.778479,0.819425,-0.455706
0.370271,372.09,0.000888889,-1.29351e-013,-0.769337,1.23419,-0.686367
