Amp, Phaseshift, Time, Vd, Vr, VL, VC
-0.1314,372.279,0,0,0,0,0
-0.1314,372.279,3.92157e-007,0.188372,0.00369356,0.188372,0
-0.1314,372.279,7.84314e-007,0.376,0.0109937,0.372306,0.00289691
-0.1314,372.279,1.17647e-006,0.562144,0.0217437,0.548253,0.0115194
-0.1314,372.279,1.56863e-006,0.74607,0.0357203,0.712807,0.0285733
-0.1314,372.279,1.96078e-006,0.927051,0.0526372,0.862757,0.0565893
-0.1314,372.279,2.35294e-006,1.10437,0.0721498,0.995147,0.0978733
-0.1314,372.279,2.7451e-006,1.27734,0.0938619,1.10731,0.154461
-0.1314,372.279,3.13725e-006,1.44526,0.117331,1.19694,0.228079
-0.1314,372.279,3.52941e-006,1.60748,0.142078,1.26207,0.320103
-0.1314,372.279,3.92157e-006,1.76336,0.167591,1.30117,0.431537
-0.1314,372.279,4.31373e-006,1.91227,0.193339,1.31314,0.562981
-0.1314,372.279,4.70588e-006,2.05364,0.218777,1.29732,0.714619
-0.1314,372.279,5.09804e-006,2.18691,0.243355,1.25351,0.886208
-0.1314,372.279,5.4902e-006,2.31154,0.266531,1.18198,1.07708
-0.1314,372.279,5.88235e-006,2.42705,0.287775,1.08344,1.28612
-0.1314,372.279,6.27451e-006,2.53298,0.306581,0.959089,1.51183
-0.1314,372.279,6.66667e-006,2.62892,0.322473,0.810514,1.75228
-0.1314,372.279,7.05882e-006,2.71448,0.335017,0.639727,2.0052
-0.1314,372.279,7.45098e-006,2.78933,0.343823,0.449111,2.26796
-0.1314,372.279,7.84314e-006,2.85317,0.348556,0.241387,2.53762
-0.1314,372.279,8.23529e-006,2.90575,0.34894,0.0195684,2.811
-0.1314,372.279,8.62745e-006,2.94686,0.344762,-0.21308,3.08468
-0.1314,372.279,9.01961e-006,2.97634,0.335878,-0.453098,3.35508
-0.1314,372.279,9.41176e-006,2.99408,0.322213,-0.696879,3.61852
-0.1314,372.279,9.80392e-006,3,0.303768,-0.940729,3.87123
-0.1314,372.279,1.01961e-005,2.99408,0.280612,-1.18092,4.10948
-0.1314,372.279,1.05882e-005,2.97634,0.252892,-1.41375,4.32957
-0.1314,372.279,1.09804e-005,2.94686,0.220821,-1.6356,4.52792
-0.1314,372.279,1.13725e-005,2.90575,0.184684,-1.84299,4.70111
-0.1314,372.279,1.17647e-005,2.85317,0.144829,-2.03262,4.84596
-0.1314,372.279,1.21569e-005,2.78933,0.101663,-2.20146,4.95955
-0.1314,372.279,1.2549e-005,2.71448,0.0556486,-2.34673,5.03929
-0.1314,372.279,1.29412e-005,2.62892,0.00729541,-2.46601,5.08293
-0.1314,372.279,1.33333e-005,2.53298,-0.0428466,-2.55724,5.08865
-0.1314,372.279,1.37255e-005,2.42705,-0.0941948,-2.61876,5.05505
-0.1314,372.279,1.41176e-005,2.31154,-0.146142,-2.64931,4.98117
-0.1314,372.279,1.45098e-005,2.18691,-0.198066,-2.64812,4.86655
-0.1314,372.279,1.4902e-005,2.05364,-0.249337,-2.61484,4.7112
-0.1314,372.279,1.52941e-005,1.91227,-0.299329,-2.54959,4.51564
-0.1314,372.279,1.56863e-005,1.76336,-0.347427,-2.45296,4.28088
-0.1314,372.279,1.60784e-005,1.60748,-0.393034,-2.32597,4.00838
-0.1314,372.279,1.64706e-005,1.44526,-0.435585,-2.17009,3.70012
-0.1314,372.279,1.68627e-005,1.27734,-0.474549,-1.9872,3.35849
-0.1314,372.279,1.72549e-005,1.10437,-0.509443,-1.77956,2.98629
-0.1314,372.279,1.76471e-005,0.927051,-0.539831,-1.5498,2.58673
-0.1314,372.279,1.80392e-005,0.74607,-0.565337,-1.30083,2.16333
-0.1314,372.279,1.84314e-005,0.562144,-0.585648,-1.03585,1.71993
-0.1314,372.279,1.88235e-005,0.376,-0.600517,-0.758282,1.2606
-0.1314,372.279,1.92157e-005,0.188372,-0.609766,-0.47171,0.789605
-0.1314,372.279,1.96078e-005,3.67382e-016,-0.613292,-0.179839,0.311357
-0.1314,372.279,2e-005,-0.188372,-0.611065,0.113564,-0.169656
-0.1314,372.279,2.03922e-005,-0.376,-0.60313,0.404722,-0.648923
-0.1314,372.279,2.07843e-005,-0.562144,-0.589602,0.689909,-1.12197
-0.1314,372.279,2.11765e-005,-0.74607,-0.570671,0.965498,-1.5844
-0.1314,372.279,2.15686e-005,-0.927051,-0.546592,1.22802,-2.03198
-0.1314,372.279,2.19608e-005,-1.10437,-0.517686,1.4742,-2.46068
-0.1314,372.279,2.23529e-005,-1.27734,-0.484332,1.70103,-2.86671
-0.1314,372.279,2.27451e-005,-1.44526,-0.446964,1.90578,-3.24658
-0.1314,372.279,2.31373e-005,-1.60748,-0.406061,2.08606,-3.59714
-0.1314,372.279,2.35294e-005,-1.76336,-0.362142,2.23984,-3.91562
-0.1314,372.279,2.39216e-005,-1.91227,-0.31576,2.36549,-4.19965
-0.1314,372.279,2.43137e-005,-2.05364,-0.26749,2.46177,-4.44731
-0.1314,372.279,2.47059e-005,-2.18691,-0.217924,2.52789,-4.6571
-0.1314,372.279,2.5098e-005,-2.31154,-0.167659,2.56349,-4.82802
-0.1314,372.279,2.54902e-005,-2.42705,-0.117294,2.56863,-4.95952
-0.1314,372.279,2.58824e-005,-2.53298,-0.0674148,2.54383,-5.05152
-0.1314,372.279,2.62745e-005,-2.62892,-0.0185911,2.49001,-5.10439
-0.1314,372.279,2.66667e-005,-2.71448,0.0286344,2.4085,-5.11897
-0.1314,372.279,2.70588e-005,-2.78933,0.0737522,2.30101,-5.09651
-0.1314,372.279,2.7451e-005,-2.85317,0.116293,2.16959,-5.03867
-0.1314,372.279,2.78431e-005,-2.90575,0.155835,2.01663,-4.94746
-0.1314,372.279,2.82353e-005,-2.94686,0.192007,1.84476,-4.82523
-0.1314,372.279,2.86275e-005,-2.97634,0.224495,1.65688,-4.67464
-0.1314,372.279,2.90196e-005,-2.99408,0.253045,1.45607,-4.49857
-0.1314,372.279,2.94118e-005,-3,0.277467,1.24552,-4.3001
-0.1314,372.279,2.98039e-005,-2.99408,0.297635,1.02855,-4.08248
-0.1314,372.279,3.01961e-005,-2.97634,0.313488,0.8085,-3.84904
-0.1314,372.279,3.05882e-005,-2.94686,0.325031,0.588691,-3.60317
-0.1314,372.279,3.09804e-005,-2.90575,0.332332,0.372388,-3.34824
-0.1314,372.279,3.13725e-005,-2.85317,0.335523,0.16274,-3.08759
-0.1314,372.279,3.17647e-005,-2.78933,0.334793,-0.0372639,-2.82443
-0.1314,372.279,3.21569e-005,-2.71448,0.330384,-0.22484,-2.56185
-0.1314,372.279,3.2549e-005,-2.62892,0.322591,-0.397453,-2.30273
-0.1314,372.279,3.29412e-005,-2.53298,0.311751,-0.552848,-2.04971
-0.1314,372.279,3.33333e-005,-2.42705,0.298239,-0.689088,-1.8052
-0.1314,372.279,3.37255e-005,-2.31154,0.282463,-0.804575,-1.57129
-0.1314,372.279,3.41176e-005,-2.18691,0.264854,-0.898078,-1.34975
-0.1314,372.279,3.45098e-005,-2.05364,0.245859,-0.968744,-1.14202
-0.1314,372.279,3.4902e-005,-1.91227,0.225935,-1.01611,-0.949192
-0.1314,372.279,3.52941e-005,-1.76336,0.205541,-1.0401,-0.771988
-0.1314,372.279,3.56863e-005,-1.60748,0.185129,-1.04103,-0.61078
-0.1314,372.279,3.60784e-005,-1.44526,0.165136,-1.01961,-0.465581
-0.1314,372.279,3.64706e-005,-1.27734,0.145981,-0.976893,-0.336062
-0.1314,372.279,3.68627e-005,-1.10437,0.128054,-0.914293,-0.221567
-0.1314,372.279,3.72549e-005,-0.927051,0.11171,-0.833538,-0.121132
-0.1314,372.279,3.76471e-005,-0.74607,0.0972661,-0.736648,-0.0335165
-0.1314,372.279,3.80392e-005,-0.562144,0.0849937,-0.625894,0.0427707
-0.1314,372.279,3.84314e-005,-0.376,0.075116,-0.503764,0.109432
-0.1314,372.279,3.88235e-005,-0.188372,0.0678038,-0.37292,0.168347
-0.1314,372.279,3.92157e-005,-7.34764e-016,0.0631734,-0.236151,0.221526
-0.1314,372.279,3.96078e-005,0.188372,0.0612846,-0.0963283,0.271074
-0.1314,372.279,4e-005,0.376,0.0621403,0.0436408,0.319141
-0.1314,372.279,4.03922e-005,0.562144,0.0656867,0.180863,0.367878
-0.1314,372.279,4.07843e-005,0.74607,0.0718142,0.312505,0.419397
-0.1314,372.279,4.11765e-005,0.927051,0.0803601,0.43584,0.475722
-0.1314,372.279,4.15686e-005,1.10437,0.0911109,0.548292,0.53875
-0.1314,372.279,4.19608e-005,1.27734,0.103807,0.647477,0.610209
-0.1314,372.279,4.23529e-005,1.44526,0.118145,0.731245,0.691626
-0.1314,372.279,4.27451e-005,1.60748,0.133786,0.79771,0.784288
-0.1314,372.279,4.31373e-005,1.76336,0.15036,0.845281,0.889219
-0.1314,372.279,4.35294e-005,1.91227,0.167472,0.872693,1.00715
-0.1314,372.279,4.39216e-005,2.05364,0.184708,0.879021,1.1385
-0.1314,372.279,4.43137e-005,2.18691,0.201643,0.8637,1.28337
-0.1314,372.279,4.47059e-005,2.31154,0.217849,0.82653,1.44152
-0.1314,372.279,4.5098e-005,2.42705,0.232902,0.767683,1.61238
-0.1314,372.279,4.54902e-005,2.53298,0.246386,0.687701,1.79505
-0.1314,372.279,4.58824e-005,2.62892,0.257906,0.587485,1.98829
-0.1314,372.279,4.62745e-005,2.71448,0.267088,0.468283,2.19057
-0.1314,372.279,4.66667e-005,2.78933,0.273591,0.33167,2.40005
-0.1314,372.279,4.70588e-005,2.85317,0.277111,0.179526,2.61463
-0.1314,372.279,4.7451e-005,2.90575,0.277386,0.014005,2.83198
-0.1314,372.279,4.78431e-005,2.94686,0.274199,-0.162499,3.04953
-0.1314,372.279,4.82353e-005,2.97634,0.267388,-0.347388,3.26459
-0.1314,372.279,4.86275e-005,2.99408,0.256841,-0.537899,3.47431
-0.1314,372.279,4.90196e-005,3,0.242505,-0.731148,3.67575
-0.1314,372.279,4.94118e-005,2.99408,0.224383,-0.924175,3.86595
-0.1314,372.279,4.98039e-005,2.97634,0.202541,-1.11399,4.04194
-0.1314,372.279,5.01961e-005,2.94686,0.177097,-1.29762,4.20079
-0.1314,372.279,5.05882e-005,2.90575,0.148232,-1.47214,4.33969
-0.1314,372.279,5.09804e-005,2.85317,0.116178,-1.63475,4.45595
-0.1314,372.279,5.13725e-005,2.78933,0.0812207,-1.7828,4.54707
-0.1314,372.279,5.17647e-005,2.71448,0.043695,-1.91381,4.61077
-0.1314,372.279,5.21569e-005,2.62892,0.00397832,-2.02555,4.64505
-0.1314,372.279,5.2549e-005,2.53298,-0.0375127,-2.11604,4.64817
-0.1314,372.279,5.29412e-005,2.42705,-0.0803284,-2.1836,4.61874
-0.1314,372.279,5.33333e-005,2.31154,-0.123993,-2.22688,4.55574
-0.1314,372.279,5.37255e-005,2.18691,-0.168009,-2.24484,4.45849
-0.1314,372.279,5.41176e-005,2.05364,-0.211869,-2.23684,4.32672
-0.1314,372.279,5.45098e-005,1.91227,-0.255057,-2.20258,4.16055
-0.1314,372.279,5.4902e-005,1.76336,-0.297059,-2.14214,3.9605
-0.1314,372.279,5.52941e-005,1.60748,-0.337372,-2.05596,3.72752
-0.1314,372.279,5.56863e-005,1.44526,-0.375507,-1.94488,3.46291
-0.1314,372.279,5.60784e-005,1.27734,-0.410999,-1.81007,3.1684
-0.1314,372.279,5.64706e-005,1.10437,-0.443411,-1.65302,2.84604
-0.1314,372.279,5.68627e-005,0.927051,-0.472344,-1.47558,2.49827
-0.1314,372.279,5.72549e-005,0.74607,-0.497439,-1.27986,2.1278
-0.1314,372.279,5.76471e-005,0.562144,-0.518385,-1.06822,1.73766
-0.1314,372.279,5.80392e-005,0.376,-0.534919,-0.843271,1.33108
-0.1314,372.279,5.84314e-005,0.188372,-0.546837,-0.607789,0.911535
-0.1314,372.279,5.88235e-005,-4.22692e-015,-0.553988,-0.364698,0.482643
-0.1314,372.279,5.92157e-005,-0.188372,-0.556282,-0.117027,0.0481431
-0.1314,372.279,5.96078e-005,-0.376,-0.553691,0.13214,-0.388157
-0.1314,372.279,6e-005,-0.562144,-0.546246,0.379704,-0.822425
-0.1314,372.279,6.03922e-005,-0.74607,-0.534038,0.622601,-1.25085
-0.1314,372.279,6.07843e-005,-0.927051,-0.517218,0.857841,-1.66971
-0.1314,372.279,6.11765e-005,-1.10437,-0.495992,1.08255,-2.07537
-0.1314,372.279,6.15686e-005,-1.27734,-0.470619,1.29402,-2.46438
-0.1314,372.279,6.19608e-005,-1.44526,-0.441408,1.48974,-2.83349
-0.1314,372.279,6.23529e-005,-1.60748,-0.408713,1.66742,-3.1797
-0.1314,372.279,6.27451e-005,-1.76336,-0.372928,1.82505,-3.50026
-0.1314,372.279,6.31373e-005,-1.91227,-0.334479,1.96091,-3.79275
-0.1314,372.279,6.35294e-005,-2.05364,-0.29382,2.07359,-4.05508
-0.1314,372.279,6.39216e-005,-2.18691,-0.251428,2.162,-4.28553
-0.1314,372.279,6.43137e-005,-2.31154,-0.207792,2.22542,-4.48273
-0.1314,372.279,6.47059e-005,-2.42705,-0.163411,2.26347,-4.6457
-0.1314,372.279,6.5098e-005,-2.53298,-0.118781,2.27613,-4.77387
-0.1314,372.279,6.54902e-005,-2.62892,-0.0743938,2.26373,-4.86703
-0.1314,372.279,6.58824e-005,-2.71448,-0.0307282,2.22694,-4.92538
-0.1314,372.279,6.62745e-005,-2.78933,0.0117576,2.16678,-4.94948
-0.1314,372.279,6.66667e-005,-2.85317,0.0526312,2.08455,-4.94026
-0.1314,372.279,6.70588e-005,-2.90575,0.0914916,1.98188,-4.89898
-0.1314,372.279,6.7451e-005,-2.94686,0.127974,1.86063,-4.82722
-0.1314,372.279,6.78431e-005,-2.97634,0.161757,1.7229,-4.72685
-0.1314,372.279,6.82353e-005,-2.99408,0.192561,1.57101,-4.59998
-0.1314,372.279,6.86275e-005,-3,0.220157,1.40742,-4.44895
-0.1314,372.279,6.90196e-005,-2.99408,0.244368,1.23471,-4.27628
-0.1314,372.279,6.94118e-005,-2.97634,0.265065,1.05557,-4.08462
-0.1314,372.279,6.98039e-005,-2.94686,0.282177,0.872692,-3.87673
-0.1314,372.279,7.01961e-005,-2.90575,0.295682,0.688799,-3.65541
-0.1314,372.279,7.05882e-005,-2.85317,0.305615,0.506558,-3.4235
-0.1314,372.279,7.09804e-005,-2.78933,0.312057,0.328558,-3.1838
-0.1314,372.279,7.13725e-005,-2.71448,0.315141,0.157266,-2.93905
-0.1314,372.279,7.17647e-005,-2.62892,0.315043,-0.00500736,-2.69188
-0.1314,372.279,7.21569e-005,-2.53298,0.311981,-0.156142,-2.44479
-0.1314,372.279,7.2549e-005,-2.42705,0.306212,-0.29424,-2.2001
-0.1314,372.279,7.29412e-005,-2.31154,0.298022,-0.417651,-1.95993
-0.1314,372.279,7.33333e-005,-2.18691,0.287728,-0.524993,-1.72619
-0.1314,372.279,7.37255e-005,-2.05364,0.275666,-0.615178,-1.50052
-0.1314,372.279,7.41176e-005,-1.91227,0.262187,-0.687416,-1.28431
-0.1314,372.279,7.45098e-005,-1.76336,0.247653,-0.741229,-1.07868
-0.1314,372.279,7.4902e-005,-1.60748,0.232429,-0.776457,-0.884438
-0.1314,372.279,7.52941e-005,-1.44526,0.216875,-0.793251,-0.702141
-0.1314,372.279,7.56863e-005,-1.27734,0.201344,-0.792071,-0.532043
-0.1314,372.279,7.60784e-005,-1.10437,0.186174,-0.773674,-0.374126
-0.1314,372.279,7.64706e-005,-0.927051,0.171682,-0.739099,-0.228108
-0.1314,372.279,7.68627e-005,-0.74607,0.158159,-0.689644,-0.0934552
-0.1314,372.279,7.72549e-005,-0.562144,0.145868,-0.626848,0.0305914
-0.1314,372.279,7.76471e-005,-0.376,0.135036,-0.552459,0.144998
-0.1314,372.279,7.80392e-005,-0.188372,0.125851,-0.468405,0.250908
-0.1314,372.279,7.84314e-005,-1.46953e-015,0.118464,-0.37676,0.349615
-0.1314,372.279,7.88235e-005,0.188372,0.112979,-0.279708,0.442528
-0.1314,372.279,7.92157e-005,0.376,0.10946,-0.179508,0.531139
-0.1314,372.279,7.96078e-005,0.562144,0.107921,-0.0784551,0.61699
-0.1314,372.279,8e-005,0.74607,0.108336,0.0211582,0.701634
-0.1314,372.279,8.03922e-005,0.927051,0.110632,0.11708,0.786604
-0.1314,372.279,8.07843e-005,1.10437,0.114693,0.207138,0.873374
-0.1314,372.279,8.11765e-005,1.27734,0.120365,0.28927,0.96333
-0.1314,372.279,8.15686e-005,1.44526,0.127455,0.361566,1.05773
-0.1314,372.279,8.19608e-005,1.60748,0.135735,0.422292,1.1577
-0.1314,372.279,8.23529e-005,1.76336,0.144949,0.469922,1.26416
-0.1314,372.279,8.27451e-005,1.91227,0.154815,0.503165,1.37784
-0.1314,372.279,8.31373e-005,2.05364,0.165031,0.520983,1.49927
-0.1314,372.279,8.35294e-005,2.18691,0.175278,0.522608,1.6287
-0.1314,372.279,8.39216e-005,2.31154,0.18523,0.507559,1.76618
-0.1314,372.279,8.43137e-005,2.42705,0.194556,0.475645,1.91145
-0.1314,372.279,8.47059e-005,2.53298,0.202928,0.426973,2.06405
-0.1314,372.279,8.5098e-005,2.62892,0.210025,0.361944,2.22321
-0.1314,372.279,8.54902e-005,2.71448,0.21554,0.281249,2.38793
-0.1314,372.279,8.58824e-005,2.78933,0.219184,0.185857,2.55698
-0.1314,372.279,8.62745e-005,2.85317,0.220694,0.0770017,2.72889
-0.1314,372.279,8.66667e-005,2.90575,0.219835,-0.0438375,2.90199
-0.1314,372.279,8.70588e-005,2.94686,0.216404,-0.174959,3.07441
-0.1314,372.279,8.7451e-005,2.97634,0.210238,-0.314465,3.24413
-0.1314,372.279,8.78431e-005,2.99408,0.201213,-0.460292,3.40903
-0.1314,372.279,8.82353e-005,3,0.189247,-0.610239,3.56684
-0.1314,372.279,8.86275e-005,2.99408,0.174306,-0.762008,3.71527
-0.1314,372.279,8.90196e-005,2.97634,0.156399,-0.913232,3.85198
-0.1314,372.279,8.94118e-005,2.94686,0.135585,-1.06152,3.97465
-0.1314,372.279,8.98039e-005,2.90575,0.111968,-1.20448,4.08099
-0.1314,372.279,9.01961e-005,2.85317,0.0856977,-1.33979,4.16881
-0.1314,372.279,9.05882e-005,2.78933,0.0569688,-1.46517,4.23602
-0.1314,372.279,9.09804e-005,2.71448,0.0260177,-1.57851,4.2807
-0.1314,372.279,9.13725e-005,2.62892,-0.00688036,-1.6778,4.30111
-0.1314,372.279,9.17647e-005,2.53298,-0.0414145,-1.76124,4.29571
-0.1314,372.279,9.21569e-005,2.42705,-0.0772429,-1.82725,4.26323
-0.1314,372.279,9.2549e-005,2.31154,-0.113997,-1.87445,4.20265
-0.1314,372.279,9.29412e-005,2.18691,-0.151286,-1.90174,4.11324
-0.1314,372.279,9.33333e-005,2.05364,-0.188704,-1.90831,3.99458
-0.1314,372.279,9.37255e-005,1.91227,-0.225833,-1.89361,3.84658
-0.1314,372.279,9.41176e-005,1.76336,-0.262253,-1.85739,3.66945
-0.1314,372.279,9.45098e-005,1.60748,-0.297541,-1.79972,3.46377
-0.1314,372.279,9.4902e-005,1.44526,-0.331286,-1.72096,3.2304
-0.1314,372.279,9.52941e-005,1.27734,-0.363085,-1.62178,2.97057
-0.1314,372.279,9.56863e-005,1.10437,-0.392558,-1.50311,2.6858
-0.1314,372.279,9.60784e-005,0.927051,-0.419346,-1.36619,2.37791
-0.1314,372.279,9.64706e-005,0.74607,-0.44312,-1.21249,2.04901
-0.1314,372.279,9.68627e-005,0.562144,-0.463586,-1.04374,1.70146
-0.1314,372.279,9.72549e-005,0.376,-0.480485,-0.861878,1.33787
-0.1314,372.279,9.76471e-005,0.188372,-0.493603,-0.66901,0.961015
-0.1314,372.279,9.80392e-005,-3.49216e-015,-0.502768,-0.467412,0.573876
-0.1314,372.279,9.84314e-005,-0.188372,-0.507856,-0.259479,0.179548
-0.1314,372.279,9.88235e-005,-0.376,-0.508791,-0.0476912,-0.218771
-0.1314,372.279,9.92157e-005,-0.562144,-0.505548,0.165418,-0.617823
-0.1314,372.279,9.96078e-005,-0.74607,-0.49815,0.377301,-1.01433
-0.1314,372.279,0.0001,-0.927051,-0.486671,0.585429,-1.40504
-0.1314,372.279,0.000100392,-1.10437,-0.471233,0.787333,-1.78674
-0.1314,372.279,0.000100784,-1.27734,-0.452005,0.980633,-2.15633
-0.1314,372.279,0.000101176,-1.44526,-0.429199,1.16308,-2.51085
-0.1314,372.279,0.000101569,-1.60748,-0.40307,1.33257,-2.84747
-0.1314,372.279,0.000101961,-1.76336,-0.37391,1.48719,-3.16361
-0.1314,372.279,0.000102353,-1.91227,-0.342042,1.62524,-3.45687
-0.1314,372.279,0.000102745,-2.05364,-0.307821,1.74527,-3.72514
-0.1314,372.279,0.000103137,-2.18691,-0.271624,1.84605,-3.96657
-0.1314,372.279,0.000103529,-2.31154,-0.233847,1.92665,-4.1796
-0.1314,372.279,0.000103922,-2.42705,-0.194898,1.9864,-4.36301
-0.1314,372.279,0.000104314,-2.53298,-0.155193,2.02493,-4.51588
-0.1314,372.279,0.000104706,-2.62892,-0.115151,2.04215,-4.6376
-0.1314,372.279,0.000105098,-2.71448,-0.0751851,2.03827,-4.72791
-0.1314,372.279,0.00010549,-2.78933,-0.0356995,2.01377,-4.78688
-0.1314,372.279,0.000105882,-2.85317,0.00291632,1.96941,-4.81488
-0.1314,372.279,0.000106275,-2.90575,0.040293,1.90621,-4.81259
-0.1314,372.279,0.000106667,-2.94686,0.0760859,1.82544,-4.78099
-0.1314,372.279,0.000107059,-2.97634,0.109979,1.72856,-4.72131
-0.1314,372.279,0.000107451,-2.99408,0.14169,1.61725,-4.63506
-0.1314,372.279,0.000107843,-3,0.170972,1.49337,-4.52393
-0.1314,372.279,0.000108235,-2.99408,0.197616,1.35887,-4.38983
-0.1314,372.279,0.000108627,-2.97634,0.221457,1.21587,-4.23484
-0.1314,372.279,0.00010902,-2.94686,0.242369,1.06652,-4.06115
-0.1314,372.279,0.000109412,-2.90575,0.260272,0.913027,-3.87105
-0.1314,372.279,0.000109804,-2.85317,0.275127,0.757611,-3.66692
-0.1314,372.279,0.000110196,-2.78933,0.28694,0.602461,-3.45113
-0.1314,372.279,0.000110588,-2.71448,0.295757,0.449711,-3.22608
-0.1314,372.279,0.00011098,-2.62892,0.301667,0.301404,-2.99411
-0.1314,372.279,0.000111373,-2.53298,0.304794,0.159463,-2.75751
-0.1314,372.279,0.000111765,-2.42705,0.305297,0.0256676,-2.51846
-0.1314,372.279,0.000112157,-2.31154,0.303368,-0.0983786,-2.27901
-0.1314,372.279,0.000112549,-2.18691,0.299226,-0.211265,-2.04107
-0.1314,372.279,0.000112941,-2.05364,0.293112,-0.311794,-1.80639
-0.1314,372.279,0.000113333,-1.91227,0.285289,-0.398998,-1.57649
-0.1314,372.279,0.000113725,-1.76336,0.276031,-0.47215,-1.35274
-0.1314,372.279,0.000114118,-1.60748,0.265624,-0.530773,-1.13624
-0.1314,372.279,0.00011451,-1.44526,0.254356,-0.574641,-0.927911
-0.1314,372.279,0.000114902,-1.27734,0.242517,-0.603783,-0.728416
-0.1314,372.279,0.000115294,-1.10437,0.23039,-0.618475,-0.538207
-0.1314,372.279,0.000115686,-0.927051,0.218249,-0.619235,-0.357508
-0.1314,372.279,0.000116078,-0.74607,0.20635,-0.60681,-0.186333
-0.1314,372.279,0.000116471,-0.562144,0.194935,-0.582161,-0.0244896
-0.1314,372.279,0.000116863,-0.376,0.184221,-0.546445,0.128401
-0.1314,372.279,0.000117255,-0.188372,0.174397,-0.500993,0.272888
-0.1314,372.279,0.000117647,8.45385e-015,0.165627,-0.447285,0.40967
-0.1314,372.279,0.000118039,0.188372,0.15804,-0.386925,0.539574
-0.1314,372.279,0.000118431,0.376,0.151734,-0.321614,0.663527
-0.1314,372.279,0.000118824,0.562144,0.146771,-0.253117,0.782534
-0.1314,372.279,0.000119216,0.74607,0.143178,-0.183235,0.897648
-0.1314,372.279,0.000119608,0.927051,0.140947,-0.113776,1.00995
-0.1314,372.279,0.00012,1.10437,0.140035,-0.0465187,1.12049
-0.1314,372.279,0.000120392,1.27734,0.140365,0.0168107,1.23032
-0.1314,372.279,0.000120784,1.44526,0.141827,0.0745727,1.34041
-0.1314,372.279,0.000121176,1.60748,0.144283,0.12524,1.45165
-0.1314,372.279,0.000121569,1.76336,0.147565,0.167423,1.56481
-0.1314,372.279,0.000121961,1.91227,0.151485,0.199893,1.68055
-0.1314,372.279,0.000122353,2.05364,0.15583,0.221605,1.79936
-0.1314,372.279,0.000122745,2.18691,0.160374,0.231713,1.92158
-0.1314,372.279,0.000123137,2.31154,0.164875,0.229584,2.04737
-0.1314,372.279,0.000123529,2.42705,0.169087,0.21481,2.17668
-0.1314,372.279,0.000123922,2.53298,0.172758,0.187217,2.3093
-0.1314,372.279,0.000124314,2.62892,0.175638,0.146865,2.44479
-0.1314,372.279,0.000124706,2.71448,0.177482,0.0940499,2.58255
-0.1314,372.279,0.000125098,2.78933,0.178056,0.029299,2.72175
-0.1314,372.279,0.00012549,2.85317,0.177142,-0.0466369,2.8614
-0.1314,372.279,0.000125882,2.90575,0.174538,-0.132795,3.00034
-0.1314,372.279,0.000126275,2.94686,0.170067,-0.228013,3.13723
-0.1314,372.279,0.000126667,2.97634,0.163578,-0.330953,3.27062
-0.1314,372.279,0.000127059,2.99408,0.154948,-0.440114,3.39891
-0.1314,372.279,0.000127451,3,0.144088,-0.553861,3.52044
-0.1314,372.279,0.000127843,2.99408,0.130942,-0.670449,3.63345
-0.1314,372.279,0.000128235,2.97634,0.11549,-0.788049,3.73615
-0.1314,372.279,0.000128627,2.94686,0.0977496,-0.904779,3.82673
-0.1314,372.279,0.00012902,2.90575,0.0777744,-1.01873,3.9034
-0.1314,372.279,0.000129412,2.85317,0.0556567,-1.128,3.9644
-0.1314,372.279,0.000129804,2.78933,0.0315249,-1.23072,4.00805
-0.1314,372.279,0.000130196,2.71448,0.00554267,-1.32509,4.03277
-0.1314,372.279,0.000130588,2.62892,-0.0220926,-1.4094,4.03712
-0.1314,372.279,0.00013098,2.53298,-0.0511523,-1.48205,4.01979
-0.1314,372.279,0.000131373,2.42705,-0.0813796,-1.54159,3.97968
-0.1314,372.279,0.000131765,2.31154,-0.112492,-1.58676,3.91585
-0.1314,372.279,0.000132157,2.18691,-0.144188,-1.61645,3.82762
-0.1314,372.279,0.000132549,2.05364,-0.176144,-1.62979,3.71453
-0.1314,372.279,0.000132941,1.91227,-0.208029,-1.62611,3.57638
-0.1314,372.279,0.000133333,1.76336,-0.239499,-1.60499,3.41322
-0.1314,372.279,0.000133725,1.60748,-0.27021,-1.56624,3.22538
-0.1314,372.279,0.000134118,1.44526,-0.299816,-1.5099,3.01345
-0.1314,372.279,0.00013451,1.27734,-0.327978,-1.43629,2.7783
-0.1314,372.279,0.000134902,1.10437,-0.354369,-1.34594,2.52106
-0.1314,372.279,0.000135294,0.927051,-0.378676,-1.23964,2.24312
-0.1314,372.279,0.000135686,0.74607,-0.400605,-1.11838,1.94612
-0.1314,372.279,0.000136078,0.562144,-0.419887,-0.983372,1.63192
-0.1314,372.279,0.000136471,0.376,-0.43628,-0.836035,1.3026
-0.1314,372.279,0.000136863,0.188372,-0.449573,-0.677947,0.960418
-0.1314,372.279,0.000137255,-8.08647e-015,-0.459589,-0.510845,0.607812
-0.1314,372.279,0.000137647,-0.188372,-0.466189,-0.336594,0.24735
-0.1314,372.279,0.000138039,-0.376,-0.469271,-0.15716,-0.118289
-0.1314,372.279,0.000138431,-0.562144,-0.468772,0.0254158,-0.486345
-0.1314,372.279,0.000138824,-0.74607,-0.464673,0.209047,-0.854009
-0.1314,372.279,0.000139216,-0.927051,-0.456994,0.391632,-1.21846
-0.1314,372.279,0.000139608,-1.10437,-0.445797,0.57108,-1.57689
-0.1314,372.279,0.00014,-1.27734,-0.431182,0.745345,-1.92653
-0.1314,372.279,0.000140392,-1.44526,-0.413291,0.912452,-2.26471
-0.1314,372.279,0.000140784,-1.60748,-0.3923,1.07052,-2.58886
-0.1314,372.279,0.000141176,-1.76336,-0.368422,1.21781,-2.89655
-0.1314,372.279,0.000141569,-1.91227,-0.341898,1.3527,-3.18551
-0.1314,372.279,0.000141961,-2.05364,-0.313001,1.47376,-3.45366
-0.1314,372.279,0.000142353,-2.18691,-0.282025,1.57976,-3.69915
-0.1314,372.279,0.000142745,-2.31154,-0.249287,1.66964,-3.92035
-0.1314,372.279,0.000143137,-2.42705,-0.215119,1.74259,-4.11587
-0.1314,372.279,0.000143529,-2.53298,-0.179864,1.798,-4.28459
-0.1314,372.279,0.000143922,-2.62892,-0.143873,1.83553,-4.42566
-0.1314,372.279,0.000144314,-2.71448,-0.107499,1.85505,-4.5385
-0.1314,372.279,0.000144706,-2.78933,-0.0710942,1.85667,-4.62281
-0.1314,372.279,0.000145098,-2.85317,-0.0350012,1.84074,-4.67857
-0.1314,372.279,0.00014549,-2.90575,0.000446334,1.80783,-4.70603
-0.1314,372.279,0.000145882,-2.94686,0.034931,1.75872,-4.70568
-0.1314,372.279,0.000146275,-2.97634,0.0681546,1.6944,-4.67828
-0.1314,372.279,0.000146667,-2.99408,0.0998417,1.61605,-4.62483
-0.1314,372.279,0.000147059,-3,0.129743,1.52498,-4.54652
-0.1314,372.279,0.000147451,-2.99408,0.157639,1.42269,-4.44476
-0.1314,372.279,0.000147843,-2.97634,0.183341,1.31078,-4.32112
-0.1314,372.279,0.000148235,-2.94686,0.206692,1.19092,-4.17732
-0.1314,372.279,0.000148627,-2.90575,0.227572,1.06488,-4.01521
-0.1314,372.279,0.00014902,-2.85317,0.245895,0.93447,-3.83672
-0.1314,372.279,0.000149412,-2.78933,0.261611,0.801499,-3.64386
-0.1314,372.279,0.000149804,-2.71448,0.274704,0.667773,-3.43868
-0.1314,372.279,0.000150196,-2.62892,0.285196,0.535055,-3.22323
-0.1314,372.279,0.000150588,-2.53298,0.293138,0.405046,-2.99954
-0.1314,372.279,0.00015098,-2.42705,0.298615,0.279354,-2.76963
-0.1314,372.279,0.000151373,-2.31154,0.301742,0.159476,-2.53542
-0.1314,372.279,0.000151765,-2.18691,0.302659,0.0467746,-2.29876
-0.1314,372.279,0.000152157,-2.05364,0.301531,-0.0575386,-2.06138
-0.1314,372.279,0.000152549,-1.91227,0.298543,-0.152421,-1.82489
-0.1314,372.279,0.000152941,-1.76336,0.293895,-0.237011,-1.59074
-0.1314,372.279,0.000153333,-1.60748,0.287804,-0.310639,-1.36023
-0.1314,372.279,0.000153725,-1.44526,0.280494,-0.372835,-1.1345
-0.1314,372.279,0.000154118,-1.27734,0.272193,-0.42333,-0.914506
-0.1314,372.279,0.00015451,-1.10437,0.263133,-0.462061,-0.701021
-0.1314,372.279,0.000154902,-0.927051,0.253542,-0.489163,-0.494642
-0.1314,372.279,0.000155294,-0.74607,0.24364,-0.504969,-0.295786
-0.1314,372.279,0.000155686,-0.562144,0.23364,-0.509998,-0.104696
-0.1314,372.279,0.000156078,-0.376,0.22374,-0.504944,0.0785517
-0.1314,372.279,0.000156471,-0.188372,0.214119,-0.490663,0.254034
-0.1314,372.279,0.000156863,-2.93906e-015,0.204939,-0.468152,0.42197
-0.1314,372.279,0.000157255,0.188372,0.19634,-0.438538,0.582707
-0.1314,372.279,0.000157647,0.376,0.188438,-0.403047,0.736699
-0.1314,372.279,0.000158039,0.562144,0.18132,-0.362993,0.884493
-0.1314,372.279,0.000158431,0.74607,0.175051,-0.319744,1.02671
-0.1314,372.279,0.000158824,0.927051,0.169664,-0.274705,1.164
-0.1314,372.279,0.000159216,1.10437,0.165168,-0.22929,1.29707
-0.1314,372.279,0.000159608,1.27734,0.161543,-0.1849,1.42661
-0.1314,372.279,0.00016,1.44526,0.158741,-0.142895,1.55331
-0.1314,372.279,0.000160392,1.60748,0.15669,-0.104574,1.67782
-0.1314,372.279,0.000160784,1.76336,0.155295,-0.0711512,1.80071
-0.1314,372.279,0.000161176,1.91227,0.154438,-0.0437344,1.92251
-0.1314,372.279,0.000161569,2.05364,0.153981,-0.0233078,2.04364
-0.1314,372.279,0.000161961,2.18691,0.153771,-0.0107139,2.16441
-0.1314,372.279,0.000162353,2.31154,0.153641,-0.00663926,2.28501
-0.1314,372.279,0.000162745,2.42705,0.153413,-0.0116023,2.40552
-0.1314,372.279,0.000163137,2.53298,0.152904,-0.0259444,2.52584
-0.1314,372.279,0.000163529,2.62892,0.151927,-0.0498234,2.64576
-0.1314,372.279,0.000163922,2.71448,0.150296,-0.0832104,2.76492
-0.1314,372.279,0.000164314,2.78933,0.147827,-0.125889,2.8828
-0.1314,372.279,0.000164706,2.85317,0.144348,-0.17746,2.99875
-0.1314,372.279,0.000165098,2.90575,0.139694,-0.237343,3.11196
-0.1314,372.279,0.00016549,2.94686,0.133718,-0.304791,3.22152
-0.1314,372.279,0.000165882,2.97634,0.126288,-0.378897,3.3264
-0.1314,372.279,0.000166275,2.99408,0.117296,-0.458608,3.42545
-0.1314,372.279,0.000166667,3,0.106654,-0.542745,3.51745
-0.1314,372.279,0.000167059,2.99408,0.0943007,-0.63002,3.6011
-0.1314,372.279,0.000167451,2.97634,0.0802016,-0.719053,3.67506
-0.1314,372.279,0.000167843,2.94686,0.0643507,-0.808398,3.73796
-0.1314,372.279,0.000168235,2.90575,0.046771,-0.896562,3.78843
-0.1314,372.279,0.000168627,2.85317,0.0275155,-0.982034,3.82512
-0.1314,372.279,0.00016902,2.78933,0.00666641,-1.0633,3.8467
-0.1314,372.279,0.000169412,2.71448,-0.0156646,-1.13888,3.85192
-0.1314,372.279,0.000169804,2.62892,-0.0393379,-1.20734,3.83964
-0.1314,372.279,0.000170196,2.53298,-0.0641873,-1.26732,3.80879
-0.1314,372.279,0.000170588,2.42705,-0.0900215,-1.31755,3.75844
-0.1314,372.279,0.00017098,2.31154,-0.116627,-1.35688,3.68784
-0.1314,372.279,0.000171373,2.18691,-0.14377,-1.3843,3.59637
-0.1314,372.279,0.000171765,2.05364,-0.171201,-1.39895,3.4836
-0.1314,372.279,0.000172157,1.91227,-0.198654,-1.40013,3.34933
-0.1314,372.279,0.000172549,1.76336,-0.225857,-1.38732,3.19352
-0.1314,372.279,0.000172941,1.60748,-0.252527,-1.36018,3.01638
-0.1314,372.279,0.000173333,1.44526,-0.278382,-1.31859,2.81832
-0.1314,372.279,0.000173725,1.27734,-0.303138,-1.2626,2.59998
-0.1314,372.279,0.000174118,1.10437,-0.32652,-1.19247,2.36222
-0.1314,372.279,0.00017451,0.927051,-0.348259,-1.10865,2.10613
-0.1314,372.279,0.000174902,0.74607,-0.368098,-1.0118,1.83299
-0.1314,372.279,0.000175294,0.562144,-0.385799,-0.902745,1.54428
-0.1314,372.279,0.000175686,0.376,-0.401141,-0.782484,1.2417
-0.1314,372.279,0.000176078,0.188372,-0.413929,-0.652182,0.927074
-0.1314,372.279,0.000176471,-7.3517e-015,-0.423991,-0.513145,0.602424
-0.1314,372.279,0.000176863,-0.188372,-0.431183,-0.366804,0.269882
-0.1314,372.279,0.000177255,-0.376,-0.435393,-0.214698,-0.068301
-0.1314,372.279,0.000177647,-0.562144,-0.436539,-0.0584499,-0.409786
-0.1314,372.279,0.000178039,-0.74607,-0.434573,0.100255,-0.752169
-0.1314,372.279,0.000178431,-0.927051,-0.429481,0.259692,-1.09301
-0.1314,372.279,0.000178824,-1.10437,-0.421283,0.418119,-1.42986
-0.1314,372.279,0.000179216,-1.27734,-0.410032,0.573804,-1.76028
-0.1314,372.279,0.000179608,-1.44526,-0.395815,0.725048,-2.08187
-0.1314,372.279,0.00018,-1.60748,-0.378752,0.870206,-2.39231
-0.1314,372.279,0.000180392,-1.76336,-0.358993,1.00771,-2.68937
-0.1314,372.279,0.000180784,-1.91227,-0.336717,1.1361,-2.97094
-0.1314,372.279,0.000181176,-2.05364,-0.312128,1.25401,-3.23503
-0.1314,372.279,0.000181569,-2.18691,-0.285457,1.36025,-3.47984
-0.1314,372.279,0.000181961,-2.31154,-0.256952,1.45375,-3.70372
-0.1314,372.279,0.000182353,-2.42705,-0.226881,1.53363,-3.90526
-0.1314,372.279,0.000182745,-2.53298,-0.195525,1.59915,-4.0832
-0.1314,372.279,0.000183137,-2.62892,-0.163176,1.64981,-4.23655
-0.1314,372.279,0.000183529,-2.71448,-0.130132,1.68525,-4.36453
-0.1314,372.279,0.000183922,-2.78933,-0.0966936,1.70534,-4.4666
-0.1314,372.279,0.000184314,-2.85317,-0.0631618,1.71012,-4.54244
-0.1314,372.279,0.000184706,-2.90575,-0.0298314,1.69985,-4.59198
-0.1314,372.279,0.000185098,-2.94686,0.00301062,1.67495,-4.61537
-0.1314,372.279,0.00018549,-2.97634,0.0350894,1.63602,-4.61301
-0.1314,372.279,0.000185882,-2.99408,0.0661451,1.58384,-4.58549
-0.1314,372.279,0.000186275,-3,0.0959362,1.51935,-4.53361
-0.1314,372.279,0.000186667,-2.99408,0.124242,1.4436,-4.45837
-0.1314,372.279,0.000187059,-2.97634,0.150865,1.35778,-4.36092
-0.1314,372.279,0.000187451,-2.94686,0.175634,1.2632,-4.2426
-0.1314,372.279,0.000187843,-2.90575,0.198403,1.16121,-4.10485
-0.1314,372.279,0.000188235,-2.85317,0.219055,1.05327,-3.94924
-0.1314,372.279,0.000188627,-2.78933,0.237503,0.940851,-3.77743
-0.1314,372.279,0.00018902,-2.71448,0.253688,0.825443,-3.59115
-0.1314,372.279,0.000189412,-2.62892,0.267581,0.708542,-3.39218
-0.1314,372.279,0.000189804,-2.53298,0.279182,0.591614,-3.18231
-0.1314,372.279,0.000190196,-2.42705,0.288516,0.476079,-2.96335
-0.1314,372.279,0.000190588,-2.31154,0.29564,0.36329,-2.73706
-0.1314,372.279,0.00019098,-2.18691,0.30063,0.254513,-2.50518
-0.1314,372.279,0.000191373,-2.05364,0.303589,0.150913,-2.2694
-0.1314,372.279,0.000191765,-1.91227,0.304639,0.0535346,-2.03129
-0.1314,372.279,0.000192157,-1.76336,0.303919,-0.0367081,-1.79235
-0.1314,372.279,0.000192549,-1.60748,0.301585,-0.119046,-1.55399
-0.1314,372.279,0.000192941,-1.44526,0.297803,-0.19286,-1.31745
-0.1314,372.279,0.000193333,-1.27734,0.292751,-0.257692,-1.08388
-0.1314,372.279,0.000193725,-1.10437,0.286609,-0.313247,-0.854269
-0.1314,372.279,0.000194118,-0.927051,0.279562,-0.35939,-0.629478
-0.1314,372.279,0.00019451,-0.74607,0.271794,-0.396153,-0.410214
-0.1314,372.279,0.000194902,-0.562144,0.263486,-0.423724,-0.197042
-0.1314,372.279,0.000195294,-0.376,0.25481,-0.442443,0.00961299
-0.1314,372.279,0.000195686,-0.188372,0.245932,-0.452795,0.209464
-0.1314,372.279,0.000196078,6.98432e-015,0.237003,-0.455396,0.402352
-0.1314,372.279,0.000196471,0.188372,0.22816,-0.450983,0.588236
-0.1314,372.279,0.000196863,0.376,0.219525,-0.440397,0.767185
-0.1314,372.279,0.000197255,0.562144,0.2112,-0.424566,0.939361
-0.1314,372.279,0.000197647,0.74607,0.203269,-0.404492,1.10501
-0.1314,372.279,0.000198039,0.927051,0.195794,-0.381226,1.26443
-0.1314,372.279,0.000198431,1.10437,0.188816,-0.355855,1.418
-0.1314,372.279,0.000198824,1.27734,0.182356,-0.329476,1.56609
-0.1314,372.279,0.000199216,1.44526,0.176411,-0.303184,1.70911
-0.1314,372.279,0.000199608,1.60748,0.170959,-0.278044,1.84747
-0.1314,372.279,0.0002,1.76336,0.165958,-0.255078,1.98156
-0.1314,372.279,0.000200392,1.91227,0.161345,-0.235246,2.11172
-0.1314,372.279,0.000200784,2.05364,0.157042,-0.219427,2.23827
-0.1314,372.279,0.000201176,2.18691,0.152956,-0.208405,2.36144
-0.1314,372.279,0.000201569,2.31154,0.148978,-0.202855,2.4814
-0.1314,372.279,0.000201961,2.42705,0.144992,-0.203332,2.59825
-0.1314,372.279,0.000202353,2.53298,0.140869,-0.210258,2.71197
-0.1314,372.279,0.000202745,2.62892,0.136478,-0.223918,2.82245
-0.1314,372.279,0.000203137,2.71448,0.131685,-0.244451,2.9295
-0.1314,372.279,0.000203529,2.78933,0.126355,-0.271852,3.03278
-0.1314,372.279,0.000203922,2.85317,0.120355,-0.305964,3.13188
-0.1314,372.279,0.000204314,2.90575,0.113562,-0.346486,3.22628
-0.1314,372.279,0.000204706,2.94686,0.105856,-0.392977,3.31534
-0.1314,372.279,0.000205098,2.97634,0.0971335,-0.444857,3.39837
-0.1314,372.279,0.00020549,2.99408,0.0873017,-0.501422,3.47455
-0.1314,372.279,0.000205882,3,0.0762849,-0.561854,3.54302
-0.1314,372.279,0.000206275,2.99408,0.0640256,-0.625229,3.60286
-0.1314,372.279,0.000206667,2.97634,0.0504856,-0.690537,3.65307
-0.1314,372.279,0.000207059,2.94686,0.0356484,-0.756695,3.69267
-0.1314,372.279,0.000207451,2.90575,0.0195197,-0.822567,3.72063
-0.1314,372.279,0.000207843,2.85317,0.00212796,-0.886978,3.73594
-0.1314,372.279,0.000208235,2.78933,-0.0164747,-0.948736,3.73761
-0.1314,372.279,0.000208627,2.71448,-0.036213,-1.00665,3.72468
-0.1314,372.279,0.00020902,2.62892,-0.0569885,-1.05955,3.69628
-0.1314,372.279,0.000209412,2.53298,-0.0786808,-1.10631,3.65159
-0.1314,372.279,0.000209804,2.42705,-0.101149,-1.14585,3.58988
-0.1314,372.279,0.000210196,2.31154,-0.124231,-1.17719,3.51054
-0.1314,372.279,0.000210588,2.18691,-0.147748,-1.19941,3.41311
-0.1314,372.279,0.00021098,2.05364,-0.171508,-1.21172,3.29723
-0.1314,372.279,0.000211373,1.91227,-0.195301,-1.21345,3.16271
-0.1314,372.279,0.000211765,1.76336,-0.21891,-1.20405,3.00953
-0.1314,372.279,0.000212157,1.60748,-0.242108,-1.18314,2.83784
-0.1314,372.279,0.000212549,1.44526,-0.264667,-1.15047,2.64795
-0.1314,372.279,0.000212941,1.27734,-0.286352,-1.10595,2.44037
-0.1314,372.279,0.000213333,1.10437,-0.306933,-1.04964,2.21578
-0.1314,372.279,0.000213725,0.927051,-0.326184,-0.981795,1.97505
-0.1314,372.279,0.000214118,0.74607,-0.343886,-0.902794,1.71922
-0.1314,372.279,0.00021451,0.562144,-0.359831,-0.813187,1.4495
-0.1314,372.279,0.000214902,0.376,-0.373824,-0.713672,1.16728
-0.1314,372.279,0.000215294,0.188372,-0.385689,-0.605086,0.874087
-0.1314,372.279,0.000215686,-6.61694e-015,-0.395265,-0.488398,0.571586
-0.1314,372.279,0.000216078,-0.188372,-0.402416,-0.364692,0.261574
-0.1314,372.279,0.000216471,-0.376,-0.407027,-0.235157,-0.0540467
-0.1314,372.279,0.000216863,-0.562144,-0.409009,-0.10107,-0.373283
-0.1314,372.279,0.000217255,-0.74607,-0.408298,0.0362225,-0.694075
-0.1314,372.279,0.000217647,-0.927051,-0.404861,0.175322,-1.01431
-0.1314,372.279,0.000218039,-1.10437,-0.398688,0.314796,-1.33185
-0.1314,372.279,0.000218431,-1.27734,-0.389802,0.453197,-1.64454
-0.1314,372.279,0.000218824,-1.44526,-0.378251,0.589084,-1.95027
-0.1314,372.279,0.000219216,-1.60748,-0.364113,0.721041,-2.24694
-0.1314,372.279,0.000219608,-1.76336,-0.347492,0.847696,-2.53252
-0.1314,372.279,0.00022,-1.91227,-0.328517,0.967737,-2.80506
-0.1314,372.279,0.000220392,-2.05364,-0.307341,1.07994,-3.06272
-0.1314,372.279,0.000220784,-2.18691,-0.284142,1.18316,-3.30377
-0.1314,372.279,0.000221176,-2.31154,-0.259115,1.27637,-3.52663
-0.1314,372.279,0.000221569,-2.42705,-0.232474,1.35869,-3.72986
-0.1314,372.279,0.000221961,-2.53298,-0.204448,1.42935,-3.91219
-0.1314,372.279,0.000222353,-2.62892,-0.175277,1.48772,-4.07254
-0.1314,372.279,0.000222745,-2.71448,-0.145212,1.53334,-4.21001
-0.1314,372.279,0.000223137,-2.78933,-0.114508,1.56589,-4.3239
-0.1314,372.279,0.000223529,-2.85317,-0.0834246,1.58524,-4.41371
-0.1314,372.279,0.000223922,-2.90575,-0.0522209,1.59139,-4.47914
-0.1314,372.279,0.000224314,-2.94686,-0.0211521,1.5845,-4.5201
-0.1314,372.279,0.000224706,-2.97634,0.00953238,1.56491,-4.53669
-0.1314,372.279,0.000225098,-2.99408,0.0395928,1.53308,-4.52922
-0.1314,372.279,0.00022549,-3,0.0688011,1.48962,-4.49816
-0.1314,372.279,0.000225882,-2.99408,0.0969438,1.43528,-4.4442
-0.1314,372.279,0.000226275,-2.97634,0.123824,1.37091,-4.36817
-0.1314,372.279,0.000226667,-2.94686,0.149265,1.29748,-4.27105
-0.1314,372.279,0.000227059,-2.90575,0.173109,1.21603,-4.15398
-0.1314,372.279,0.000227451,-2.85317,0.195221,1.1277,-4.01821
-0.1314,372.279,0.000227843,-2.78933,0.215489,1.03366,-3.86509
-0.1314,372.279,0.000228235,-2.71448,0.233824,0.935123,-3.69608
-0.1314,372.279,0.000228627,-2.62892,0.250164,0.833337,-3.51269
-0.1314,372.279,0.00022902,-2.53298,0.264469,0.729542,-3.31648
-0.1314,372.279,0.000229412,-2.42705,0.276723,0.624963,-3.10906
-0.1314,372.279,0.000229804,-2.31154,0.286935,0.520793,-2.89202
-0.1314,372.279,0.000230196,-2.18691,0.295134,0.418177,-2.66697
-0.1314,372.279,0.000230588,-2.05364,0.301374,0.318195,-2.43549
-0.1314,372.279,0.00023098,-1.91227,0.305724,0.221848,-2.19912
-0.1314,372.279,0.000231373,-1.76336,0.308273,0.130043,-1.95934
-0.1314,372.279,0.000231765,-1.60748,0.309128,0.0435849,-1.71756
-0.1314,372.279,0.000232157,-1.44526,0.308406,-0.0368334,-1.4751
-0.1314,372.279,0.000232549,-1.27734,0.306236,-0.110641,-1.23322
-0.1314,372.279,0.000232941,-1.10437,0.302758,-0.177395,-0.99303
-0.1314,372.279,0.000233333,-0.927051,0.298115,-0.236779,-0.755573
-0.1314,372.279,0.000233725,-0.74607,0.292456,-0.288612,-0.521757
-0.1314,372.279,0.000234118,-0.562144,0.28593,-0.332843,-0.292379
-0.1314,372.279,0.00023451,-0.376,0.278684,-0.36955,-0.0681207
-0.1314,372.279,0.000234902,-0.188372,0.270862,-0.398935,0.150455
-0.1314,372.279,0.00215686,1.94067e-013,0.322911,0.0239908,-0.0935369
-0.1314,372.279,0.00215725,0.188372,0.322107,-0.0410029,0.159727
-0.1314,372.279,0.00215765,0.376,0.320032,-0.105835,0.41236
-0.1314,372.279,0.00215804,0.562144,0.316694,-0.170248,0.663366
-0.1314,372.279,0.00215843,0.74607,0.312106,-0.23399,0.911753
-0.1314,372.279,0.00215882,0.927051,0.306286,-0.296808,1.15654
-0.1314,372.279,0.00215922,1.10437,0.299258,-0.358455,1.39677
-0.1314,372.279,0.00215961,1.27734,0.291048,-0.418687,1.63148
-0.1314,372.279,0.00216,1.44526,0.28169,-0.477266,1.85975
-0.1314,372.279,0.00216039,1.60748,0.27122,-0.533961,2.08068
-0.1314,372.279,0.00216078,1.76336,0.25968,-0.588549,2.29341
-0.1314,372.279,0.00216118,1.91227,0.247115,-0.640815,2.49708
-0.1314,372.279,0.00216157,2.05364,0.233575,-0.690551,2.69089
-0.1314,372.279,0.00216196,2.18691,0.219113,-0.737562,2.87409
-0.1314,372.279,0.00216235,2.31154,0.203786,-0.781662,3.04594
-0.1314,372.279,0.00216275,2.42705,0.187655,-0.822677,3.20577
-0.1314,372.279,0.00216314,2.53298,0.170784,-0.860445,3.35295
-0.1314,372.279,0.00216353,2.62892,0.153238,-0.894818,3.4869
-0.1314,372.279,0.00216392,2.71448,0.135088,-0.92566,3.60709
-0.1314,372.279,0.00216431,2.78933,0.116405,-0.952848,3.71304
-0.1314,372.279,0.00216471,2.85317,0.0972621,-0.976276,3.80434
-0.1314,372.279,0.0021651,2.90575,0.0777356,-0.995851,3.88062
-0.1314,372.279,0.00216549,2.94686,0.0579023,-1.0115,3.94159
-0.1314,372.279,0.00216588,2.97634,0.0378405,-1.02315,3.98701
-0.1314,372.279,0.00216627,2.99408,0.0176295,-1.03077,4.01668
-0.1314,372.279,0.00216667,3,-0.00265121,-1.03431,4.03051
-0.1314,372.279,0.00216706,2.99408,-0.0229214,-1.03378,4.02843
-0.1314,372.279,0.00216745,2.97634,-0.0431011,-1.02917,4.01045
-0.1314,372.279,0.00216784,2.94686,-0.0631108,-1.02049,3.97665
-0.1314,372.279,0.00216824,2.90575,-0.0828713,-1.00779,3.92715
-0.1314,372.279,0.00216863,2.85317,-0.102305,-0.99111,3.86215
-0.1314,372.279,0.00216902,2.78933,-0.121335,-0.970519,3.78191
-0.1314,372.279,0.00216941,2.71448,-0.139886,-0.946099,3.68675
-0.1314,372.279,0.0021698,2.62892,-0.157885,-0.917944,3.57704
-0.1314,372.279,0.0021702,2.53298,-0.17526,-0.886168,3.4532
-0.1314,372.279,0.00217059,2.42705,-0.191945,-0.850894,3.31575
-0.1314,372.279,0.00217098,2.31154,-0.207871,-0.812262,3.1652
-0.1314,372.279,0.00217137,2.18691,-0.222978,-0.770424,3.00216
-0.1314,372.279,0.00217176,2.05364,-0.237204,-0.725546,2.82728
-0.1314,372.279,0.00217216,1.91227,-0.250494,-0.677804,2.64124
-0.1314,372.279,0.00217255,1.76336,-0.262796,-0.627388,2.44477
-0.1314,372.279,0.00217294,1.60748,-0.274061,-0.574496,2.23866
-0.1314,372.279,0.00217333,1.44526,-0.284244,-0.519336,2.02371
-0.1314,372.279,0.00217373,1.27734,-0.293305,-0.462127,1.80077
-0.1314,372.279,0.00217412,1.10437,-0.301209,-0.403093,1.57073
-0.1314,372.279,0.00217451,0.927051,-0.307924,-0.342469,1.33449
-0.1314,372.279,0.0021749,0.74607,-0.313424,-0.280493,1.09298
-0.1314,372.279,0.00217529,0.562144,-0.317687,-0.21741,0.847155
-0.1314,372.279,0.00217569,0.376,-0.320696,-0.153469,0.597989
-0.1314,372.279,0.00217608,0.188372,-0.322439,-0.0889218,0.346463
-0.1314,372.279,0.00217647,-1.61725e-013,-0.32291,-0.0240237,0.0935694
-0.1314,372.279,0.00217686,-0.188372,-0.322107,0.0409694,-0.159694
-0.1314,372.279,0.00217725,-0.376,-0.320033,0.105801,-0.412327
-0.1314,372.279,0.00217765,-0.562144,-0.316695,0.170215,-0.663333
-0.1314,372.279,0.00217804,-0.74607,-0.312108,0.233958,-0.911721
-0.1314,372.279,0.00217843,-0.927051,-0.306288,0.296778,-1.15651
-0.1314,372.279,0.00217882,-1.10437,-0.29926,0.358426,-1.39674
-0.1314,372.279,0.00217922,-1.27734,-0.291051,0.41866,-1.63145
-0.1314,372.279,0.00217961,-1.44526,-0.281694,0.477242,-1.85973
-0.1314,372.279,0.00218,-1.60748,-0.271224,0.533941,-2.08066
-0.1314,372.279,0.00218039,-1.76336,-0.259685,0.588532,-2.29339
-0.1314,372.279,0.00218078,-1.91227,-0.24712,0.640801,-2.49706
-0.1314,372.279,0.00218118,-2.05364,-0.23358,0.690541,-2.69088
-0.1314,372.279,0.00218157,-2.18691,-0.219118,0.737556,-2.87408
-0.1314,372.279,0.00218196,-2.31154,-0.203791,0.78166,-3.04594
-0.1314,372.279,0.00218235,-2.42705,-0.18766,0.822679,-3.20578
-0.1314,372.279,0.00218275,-2.53298,-0.170789,0.860452,-3.35296
-0.1314,372.279,0.00218314,-2.62892,-0.153243,0.894828,-3.48691
-0.1314,372.279,0.00218353,-2.71448,-0.135093,0.925674,-3.6071
-0.1314,372.279,0.00218392,-2.78933,-0.116409,0.952865,-3.71306
-0.1314,372.279,0.00218431,-2.85317,-0.0972658,0.976297,-3.80436
-0.1314,372.279,0.00218471,-2.90575,-0.0777389,0.995875,-3.88065
-0.1314,372.279,0.0021851,-2.94686,-0.0579051,1.01152,-3.94162
-0.1314,372.279,0.00218549,-2.97634,-0.0378428,1.02318,-3.98703
-0.1314,372.279,0.00218588,-2.99408,-0.0176311,1.0308,-4.01671
-0.1314,372.279,0.00218627,-3,0.00265015,1.03434,-4.03054
-0.1314,372.279,0.00218667,-2.99408,0.022921,1.03381,-4.02846
-0.1314,372.279,0.00218706,-2.97634,0.0431013,1.0292,-4.01049
-0.1314,372.279,0.00218745,-2.94686,0.0631116,1.02052,-3.97668
-0.1314,372.279,0.00218784,-2.90575,0.0828727,1.00782,-3.92718
-0.1314,372.279,0.00218824,-2.85317,0.102307,0.991139,-3.86218
-0.1314,372.279,0.00218863,-2.78933,0.121337,0.970547,-3.78194
-0.1314,372.279,0.00218902,-2.71448,0.139889,0.946124,-3.68678
-0.1314,372.279,0.00218941,-2.62892,0.157888,0.917968,-3.57706
-0.1314,372.279,0.0021898,-2.53298,0.175264,0.886188,-3.45323
-0.1314,372.279,0.0021902,-2.42705,0.191949,0.850911,-3.31576
-0.1314,372.279,0.00219059,-2.31154,0.207876,0.812275,-3.16522
-0.1314,372.279,0.00219098,-2.18691,0.222982,0.770434,-3.00218
-0.1314,372.279,0.00219137,-2.05364,0.237209,0.725552,-2.82729
-0.1314,372.279,0.00219176,-1.91227,0.250499,0.677807,-2.64124
-0.1314,372.279,0.00219216,-1.76336,0.262801,0.627387,-2.44477
-0.1314,372.279,0.00219255,-1.60748,0.274065,0.574491,-2.23865
-0.1314,372.279,0.00219294,-1.44526,0.284248,0.519327,-2.0237
-0.1314,372.279,0.00219333,-1.27734,0.293309,0.462114,-1.80076
-0.1314,372.279,0.00219373,-1.10437,0.301213,0.403078,-1.57071
-0.1314,372.279,0.00219412,-0.927051,0.307928,0.34245,-1.33447
-0.1314,372.279,0.00219451,-0.74607,0.313427,0.280472,-1.09296
-0.1314,372.279,0.0021949,-0.562144,0.317689,0.217386,-0.847132
-0.1314,372.279,0.00219529,-0.376,0.320698,0.153443,-0.597964
-0.1314,372.279,0.00219569,-0.188372,0.322441,0.088894,-0.346436
-0.1314,372.279,0.00219608,1.29383e-013,0.322912,0.0239947,-0.0935408
-0.1314,372.279,0.00219647,0.188372,0.322108,-0.0409993,0.159723
-0.1314,372.279,0.00219686,0.376,0.320033,-0.105831,0.412357
-0.1314,372.279,0.00219725,0.562144,0.316694,-0.170245,0.663363
-0.1314,372.279,0.00219765,0.74607,0.312106,-0.233987,0.91175
-0.1314,372.279,0.00219804,0.927051,0.306287,-0.296806,1.15654
-0.1314,372.279,0.00219843,1.10437,0.299258,-0.358453,1.39676
-0.1314,372.279,0.00219882,1.27734,0.291049,-0.418685,1.63148
-0.1314,372.279,0.00219922,1.44526,0.281691,-0.477265,1.85975
-0.1314,372.279,0.00219961,1.60748,0.271221,-0.533961,2.08068
-0.1314,372.279,0.0022,1.76336,0.259681,-0.588549,2.29341
-0.1314,372.279,0.00220039,1.91227,0.247116,-0.640815,2.49708
-0.1314,372.279,0.00220078,2.05364,0.233575,-0.690552,2.69089
-0.1314,372.279,0.00220118,2.18691,0.219113,-0.737563,2.87409
-0.1314,372.279,0.00220157,2.31154,0.203787,-0.781664,3.04594
-0.1314,372.279,0.00220196,2.42705,0.187656,-0.822679,3.20578
-0.1314,372.279,0.00220235,2.53298,0.170784,-0.860448,3.35296
-0.1314,372.279,0.00220275,2.62892,0.153239,-0.894821,3.48691
-0.1314,372.279,0.00220314,2.71448,0.135088,-0.925663,3.60709
-0.1314,372.279,0.00220353,2.78933,0.116405,-0.952852,3.71304
-0.1314,372.279,0.00220392,2.85317,0.0972622,-0.97628,3.80434
-0.1314,372.279,0.00220431,2.90575,0.0777356,-0.995855,3.88063
-0.1314,372.279,0.00220471,2.94686,0.0579023,-1.0115,3.9416
-0.1314,372.279,0.0022051,2.97634,0.0378405,-1.02315,3.98701
-0.1314,372.279,0.00220549,2.99408,0.0176293,-1.03077,4.01669
-0.1314,372.279,0.00220588,3,-0.00265142,-1.03432,4.03051
-0.1314,372.279,0.00220627,2.99408,-0.0229217,-1.03378,4.02844
-0.1314,372.279,0.00220667,2.97634,-0.0431015,-1.02917,4.01046
-0.1314,372.279,0.00220706,2.94686,-0.0631112,-1.02049,3.97665
-0.1314,372.279,0.00220745,2.90575,-0.0828718,-1.00779,3.92715
-0.1314,372.279,0.00220784,2.85317,-0.102305,-0.991112,3.86216
-0.1314,372.279,0.00220824,2.78933,-0.121335,-0.970521,3.78192
-0.1314,372.279,0.00220863,2.71448,-0.139886,-0.9461,3.68675
-0.1314,372.279,0.00220902,2.62892,-0.157885,-0.917945,3.57704
-0.1314,372.279,0.00220941,2.53298,-0.175261,-0.886168,3.45321
-0.1314,372.279,0.0022098,2.42705,-0.191945,-0.850894,3.31575
-0.1314,372.279,0.0022102,2.31154,-0.207872,-0.812261,3.1652
-0.1314,372.279,0.00221059,2.18691,-0.222978,-0.770423,3.00216
-0.1314,372.279,0.00221098,2.05364,-0.237205,-0.725545,2.82728
-0.1314,372.279,0.00221137,1.91227,-0.250495,-0.677803,2.64124
-0.1314,372.279,0.00221176,1.76336,-0.262796,-0.627386,2.44477
-0.1314,372.279,0.00221216,1.60748,-0.274061,-0.574493,2.23866
-0.1314,372.279,0.00221255,1.44526,-0.284244,-0.519333,2.02371
-0.1314,372.279,0.00221294,1.27734,-0.293305,-0.462123,1.80077
-0.1314,372.279,0.00221333,1.10437,-0.301209,-0.40309,1.57073
-0.1314,372.279,0.00221373,0.927051,-0.307924,-0.342465,1.33448
-0.1314,372.279,0.00221412,0.74607,-0.313424,-0.280489,1.09297
-0.1314,372.279,0.00221451,0.562144,-0.317687,-0.217406,0.847152
-0.1314,372.279,0.0022149,0.376,-0.320696,-0.153465,0.597986
-0.1314,372.279,0.00221529,0.188372,-0.322439,-0.0889182,0.346459
-0.1314,372.279,0.00221569,-9.70417e-014,-0.32291,-0.0240201,0.0935659
-0.1314,372.279,0.00221608,-0.188372,-0.322107,0.0409728,-0.159697
-0.1314,372.279,0.00221647,-0.376,-0.320032,0.105804,-0.41233
-0.1314,372.279,0.00221686,-0.562144,-0.316695,0.170218,-0.663336
-0.1314,372.279,0.00221725,-0.74607,-0.312107,0.233961,-0.911724
-0.1314,372.279,0.00221765,-0.927051,-0.306288,0.29678,-1.15651
-0.1314,372.279,0.00221804,-1.10437,-0.29926,0.358428,-1.39674
-0.1314,372.279,0.00221843,-1.27734,-0.291051,0.418662,-1.63145
-0.1314,372.279,0.00221882,-1.44526,-0.281693,0.477243,-1.85973
-0.1314,372.279,0.00221922,-1.60748,-0.271224,0.533941,-2.08066
-0.1314,372.279,0.00221961,-1.76336,-0.259684,0.588532,-2.29339
-0.1314,372.279,0.00222,-1.91227,-0.247119,0.640801,-2.49706
-0.1314,372.279,0.00222039,-2.05364,-0.233579,0.69054,-2.69088
-0.1314,372.279,0.00222078,-2.18691,-0.219117,0.737555,-2.87408
-0.1314,372.279,0.00222118,-2.31154,-0.203791,0.781659,-3.04594
-0.1314,372.279,0.00222157,-2.42705,-0.18766,0.822677,-3.20577
-0.1314,372.279,0.00222196,-2.53298,-0.170788,0.86045,-3.35296
-0.1314,372.279,0.00222235,-2.62892,-0.153243,0.894826,-3.48691
-0.1314,372.279,0.00222275,-2.71448,-0.135092,0.925671,-3.6071
-0.1314,372.279,0.00222314,-2.78933,-0.116409,0.952862,-3.71305
-0.1314,372.279,0.00222353,-2.85317,-0.0972656,0.976293,-3.80436
-0.1314,372.279,0.00222392,-2.90575,-0.0777388,0.995871,-3.88064
-0.1314,372.279,0.00222431,-2.94686,-0.0579051,1.01152,-3.94161
-0.1314,372.279,0.00222471,-2.97634,-0.0378428,1.02317,-3.98703
-0.1314,372.279,0.0022251,-2.99408,-0.0176312,1.03079,-4.01671
-0.1314,372.279,0.00222549,-3,0.00264999,1.03434,-4.03054
-0.1314,372.279,0.00222588,-2.99408,0.0229207,1.03381,-4.02846
-0.1314,372.279,0.00222627,-2.97634,0.043101,1.02919,-4.01048
-0.1314,372.279,0.00222667,-2.94686,0.0631112,1.02052,-3.97668
-0.1314,372.279,0.00222706,-2.90575,0.0828723,1.00782,-3.92718
-0.1314,372.279,0.00222745,-2.85317,0.102306,0.991137,-3.86218
-0.1314,372.279,0.00222784,-2.78933,0.121337,0.970545,-3.78194
-0.1314,372.279,0.00222824,-2.71448,0.139888,0.946123,-3.68677
-0.1314,372.279,0.00222863,-2.62892,0.157887,0.917967,-3.57706
-0.1314,372.279,0.00222902,-2.53298,0.175264,0.886187,-3.45323
-0.1314,372.279,0.00222941,-2.42705,0.191948,0.850911,-3.31576
-0.1314,372.279,0.0022298,-2.31154,0.207875,0.812276,-3.16522
-0.1314,372.279,0.0022302,-2.18691,0.222982,0.770435,-3.00218
-0.1314,372.279,0.00223059,-2.05364,0.237208,0.725553,-2.82729
-0.1314,372.279,0.00223098,-1.91227,0.250499,0.677809,-2.64124
-0.1314,372.279,0.00223137,-1.76336,0.2628,0.627389,-2.44477
-0.1314,372.279,0.00223176,-1.60748,0.274065,0.574493,-2.23866
-0.1314,372.279,0.00223216,-1.44526,0.284248,0.51933,-2.0237
-0.1314,372.279,0.00223255,-1.27734,0.293309,0.462117,-1.80076
-0.1314,372.279,0.00223294,-1.10437,0.301213,0.403081,-1.57072
-0.1314,372.279,0.00223333,-0.927051,0.307927,0.342453,-1.33447
-0.1314,372.279,0.00223373,-0.74607,0.313427,0.280475,-1.09296
-0.1314,372.279,0.00223412,-0.562144,0.317689,0.217389,-0.847135
-0.1314,372.279,0.00223451,-0.376,0.320698,0.153446,-0.597967
-0.1314,372.279,0.0022349,-0.188372,0.322441,0.0888974,-0.346439
-0.1314,372.279,0.00223529,-1.0583e-013,0.322912,0.0239979,-0.0935441
-0.1314,372.279,0.00223569,0.188372,0.322108,-0.0409961,0.15972
-0.1314,372.279,0.00223608,0.376,0.320033,-0.105828,0.412354
-0.1314,372.279,0.00223647,0.562144,0.316695,-0.170243,0.66336
-0.1314,372.279,0.00223686,0.74607,0.312107,-0.233985,0.911748
-0.1314,372.279,0.00223725,0.927051,0.306287,-0.296804,1.15654
-0.1314,372.279,0.00223765,1.10437,0.299259,-0.358451,1.39676
-0.1314,372.279,0.00223804,1.27734,0.291049,-0.418684,1.63148
-0.1314,372.279,0.00223843,1.44526,0.281691,-0.477264,1.85975
-0.1314,372.279,0.00223882,1.60748,0.271221,-0.53396,2.08068
-0.1314,372.279,0.00223922,1.76336,0.259681,-0.588549,2.29341
-0.1314,372.279,0.00223961,1.91227,0.247116,-0.640815,2.49708
-0.1314,372.279,0.00224,2.05364,0.233576,-0.690552,2.69089
-0.1314,372.279,0.00224039,2.18691,0.219114,-0.737564,2.87409
-0.1314,372.279,0.00224078,2.31154,0.203787,-0.781665,3.04594
-0.1314,372.279,0.00224118,2.42705,0.187656,-0.822681,3.20578
-0.1314,372.279,0.00224157,2.53298,0.170784,-0.86045,3.35296
-0.1314,372.279,0.00224196,2.62892,0.153239,-0.894823,3.48691
-0.1314,372.279,0.00224235,2.71448,0.135089,-0.925665,3.6071
-0.1314,372.279,0.00224275,2.78933,0.116405,-0.952854,3.71305
-0.1314,372.279,0.00224314,2.85317,0.0972624,-0.976283,3.80435
-0.1314,372.279,0.00224353,2.90575,0.0777358,-0.995858,3.88063
-0.1314,372.279,0.00224392,2.94686,0.0579024,-1.0115,3.9416
-0.1314,372.279,0.00224431,2.97634,0.0378405,-1.02316,3.98701
-0.1314,372.279,0.00224471,2.99408,0.0176293,-1.03077,4.01669
-0.1314,372.279,0.0022451,3,-0.00265152,-1.03432,4.03052
-0.1314,372.279,0.00224549,2.99408,-0.0229218,-1.03379,4.02844
-0.1314,372.279,0.00224588,2.97634,-0.0431017,-1.02917,4.01046
-0.1314,372.279,0.00224627,2.94686,-0.0631114,-1.0205,3.97666
-0.1314,372.279,0.00224667,2.90575,-0.0828721,-1.00779,3.92716
-0.1314,372.279,0.00224706,2.85317,-0.102306,-0.991114,3.86216
-0.1314,372.279,0.00224745,2.78933,-0.121336,-0.970523,3.78192
-0.1314,372.279,0.00224784,2.71448,-0.139887,-0.946102,3.68675
-0.1314,372.279,0.00224824,2.62892,-0.157886,-0.917947,3.57704
-0.1314,372.279,0.00224863,2.53298,-0.175261,-0.886169,3.45321
-0.1314,372.279,0.00224902,2.42705,-0.191946,-0.850894,3.31575
-0.1314,372.279,0.00224941,2.31154,-0.207872,-0.812261,3.1652
-0.1314,372.279,0.0022498,2.18691,-0.222979,-0.770423,3.00216
-0.1314,372.279,0.0022502,2.05364,-0.237205,-0.725544,2.82728
-0.1314,372.279,0.00225059,1.91227,-0.250495,-0.677802,2.64124
-0.1314,372.279,0.00225098,1.76336,-0.262797,-0.627385,2.44477
-0.1314,372.279,0.00225137,1.60748,-0.274061,-0.574491,2.23865
-0.1314,372.279,0.00225176,1.44526,-0.284244,-0.519331,2.0237
-0.1314,372.279,0.00225216,1.27734,-0.293306,-0.462121,1.80077
-0.1314,372.279,0.00225255,1.10437,-0.301209,-0.403087,1.57072
-0.1314,372.279,0.00225294,0.927051,-0.307924,-0.342463,1.33448
-0.1314,372.279,0.00225333,0.74607,-0.313424,-0.280487,1.09297
-0.1314,372.279,0.00225373,0.562144,-0.317687,-0.217403,0.847149
-0.1314,372.279,0.00225412,0.376,-0.320696,-0.153462,0.597983
-0.1314,372.279,0.00225451,0.188372,-0.322439,-0.0889152,0.346456
-0.1314,372.279,0.0022549,-3.23581e-014,-0.32291,-0.0240172,0.0935629
-0.1314,372.279,0.00225529,-0.188372,-0.322107,0.0409757,-0.1597
-0.1314,372.279,0.00225569,-0.376,-0.320032,0.105807,-0.412333
-0.1314,372.279,0.00225608,-0.562144,-0.316694,0.170221,-0.663338
-0.1314,372.279,0.00225647,-0.74607,-0.312107,0.233963,-0.911726
-0.1314,372.279,0.00225686,-0.927051,-0.306288,0.296782,-1.15652
-0.1314,372.279,0.00225725,-1.10437,-0.29926,0.35843,-1.39674
-0.1314,372.279,0.00225765,-1.27734,-0.291051,0.418663,-1.63145
-0.1314,372.279,0.00225804,-1.44526,-0.281693,0.477244,-1.85973
-0.1314,372.279,0.00225843,-1.60748,-0.271223,0.533942,-2.08067
-0.1314,372.279,0.00225882,-1.76336,-0.259683,0.588533,-2.29339
-0.1314,372.279,0.00225922,-1.91227,-0.247119,0.640801,-2.49706
-0.1314,372.279,0.00225961,-2.05364,-0.233579,0.69054,-2.69088
-0.1314,372.279,0.00226,-2.18691,-0.219117,0.737554,-2.87408
-0.1314,372.279,0.00226039,-2.31154,-0.20379,0.781658,-3.04594
-0.1314,372.279,0.00226078,-2.42705,-0.187659,0.822676,-3.20577
-0.1314,372.279,0.00226118,-2.53298,-0.170788,0.860448,-3.35296
-0.1314,372.279,0.00226157,-2.62892,-0.153242,0.894824,-3.48691
-0.1314,372.279,0.00226196,-2.71448,-0.135092,0.925669,-3.6071
-0.1314,372.279,0.00226235,-2.78933,-0.116408,0.95286,-3.71305
-0.1314,372.279,0.00226275,-2.85317,-0.0972654,0.976291,-3.80435
-0.1314,372.279,0.00226314,-2.90575,-0.0777386,0.995869,-3.88064
-0.1314,372.279,0.00226353,-2.94686,-0.0579049,1.01152,-3.94161
-0.1314,372.279,0.00226392,-2.97634,-0.0378428,1.02317,-3.98703
-0.1314,372.279,0.00226431,-2.99408,-0.0176312,1.03079,-4.01671
-0.1314,372.279,0.00226471,-3,0.00264993,1.03434,-4.03054
-0.1314,372.279,0.0022651,-2.99408,0.0229206,1.03381,-4.02846
-0.1314,372.279,0.00226549,-2.97634,0.0431009,1.02919,-4.01048
-0.1314,372.279,0.00226588,-2.94686,0.063111,1.02052,-3.97668
-0.1314,372.279,0.00226627,-2.90575,0.0828721,1.00781,-3.92718
-0.1314,372.279,0.00226667,-2.85317,0.102306,0.991135,-3.86218
-0.1314,372.279,0.00226706,-2.78933,0.121336,0.970543,-3.78194
-0.1314,372.279,0.00226745,-2.71448,0.139888,0.946121,-3.68677
-0.1314,372.279,0.00226784,-2.62892,0.157887,0.917965,-3.57706
-0.1314,372.279,0.00226824,-2.53298,0.175263,0.886186,-3.45322
-0.1314,372.279,0.00226863,-2.42705,0.191948,0.85091,-3.31576
-0.1314,372.279,0.00226902,-2.31154,0.207875,0.812275,-3.16522
-0.1314,372.279,0.00226941,-2.18691,0.222981,0.770435,-3.00218
-0.1314,372.279,0.0022698,-2.05364,0.237208,0.725554,-2.82729
-0.1314,372.279,0.0022702,-1.91227,0.250498,0.677809,-2.64124
-0.1314,372.279,0.00227059,-1.76336,0.2628,0.62739,-2.44477
-0.1314,372.279,0.00227098,-1.60748,0.274065,0.574494,-2.23866
-0.1314,372.279,0.00227137,-1.44526,0.284248,0.519331,-2.0237
-0.1314,372.279,0.00227176,-1.27734,0.293309,0.462119,-1.80076
-0.1314,372.279,0.00227216,-1.10437,0.301212,0.403083,-1.57072
-0.1314,372.279,0.00227255,-0.927051,0.307927,0.342456,-1.33447
-0.1314,372.279,0.00227294,-0.74607,0.313427,0.280477,-1.09296
-0.1314,372.279,0.00227333,-0.562144,0.317689,0.217392,-0.847138
-0.1314,372.279,0.00227373,-0.376,0.320698,0.153449,-0.59797
-0.1314,372.279,0.00227412,-0.188372,0.322441,0.0889001,-0.346442
-0.1314,372.279,0.00227451,1.6263e-017,0.322912,0.0240006,-0.0935467
-0.1314,372.279,0.0022749,0.188372,0.322108,-0.0409935,0.159717
-0.1314,372.279,0.00227529,0.376,0.320033,-0.105826,0.412351
-0.1314,372.279,0.00227569,0.562144,0.316695,-0.17024,0.663357
-0.1314,372.279,0.00227608,0.74607,0.312107,-0.233983,0.911746
-0.1314,372.279,0.00227647,0.927051,0.306287,-0.296802,1.15654
-0.1314,372.279,0.00227686,1.10437,0.299259,-0.358449,1.39676
-0.1314,372.279,0.00227725,1.27734,0.29105,-0.418682,1.63147
-0.1314,372.279,0.00227765,1.44526,0.281691,-0.477262,1.85975
-0.1314,372.279,0.00227804,1.60748,0.271222,-0.533959,2.08068
-0.1314,372.279,0.00227843,1.76336,0.259682,-0.588548,2.29341
-0.1314,372.279,0.00227882,1.91227,0.247117,-0.640815,2.49708
-0.1314,372.279,0.00227922,2.05364,0.233576,-0.690552,2.69089
-0.1314,372.279,0.00227961,2.18691,0.219114,-0.737564,2.87409
-0.1314,372.279,0.00228,2.31154,0.203787,-0.781665,3.04595
-0.1314,372.279,0.00228039,2.42705,0.187656,-0.822682,3.20578
-0.1314,372.279,0.00228078,2.53298,0.170785,-0.860451,3.35296
-0.1314,372.279,0.00228118,2.62892,0.153239,-0.894825,3.48691
-0.1314,372.279,0.00228157,2.71448,0.135089,-0.925667,3.6071
-0.1314,372.279,0.00228196,2.78933,0.116405,-0.952856,3.71305
-0.1314,372.279,0.00228235,2.85317,0.0972626,-0.976285,3.80435
-0.1314,372.279,0.00228275,2.90575,0.077736,-0.99586,3.88063
-0.1314,372.279,0.00228314,2.94686,0.0579025,-1.01151,3.9416
-0.1314,372.279,0.00228353,2.97634,0.0378406,-1.02316,3.98701
-0.1314,372.279,0.00228392,2.99408,0.0176293,-1.03078,4.01669
-0.1314,372.279,0.00228431,3,-0.00265155,-1.03432,4.03052
-0.1314,372.279,0.00228471,2.99408,-0.0229219,-1.03379,4.02844
-0.1314,372.279,0.0022851,2.97634,-0.0431018,-1.02917,4.01046
-0.1314,372.279,0.00228549,2.94686,-0.0631116,-1.0205,3.97666
-0.1314,372.279,0.00228588,2.90575,-0.0828723,-1.0078,3.92716
-0.1314,372.279,0.00228627,2.85317,-0.102306,-0.991116,3.86216
-0.1314,372.279,0.00228667,2.78933,-0.121336,-0.970525,3.78192
-0.1314,372.279,0.00228706,2.71448,-0.139887,-0.946103,3.68675
-0.1314,372.279,0.00228745,2.62892,-0.157886,-0.917948,3.57704
-0.1314,372.279,0.00228784,2.53298,-0.175262,-0.88617,3.45321
-0.1314,372.279,0.00228824,2.42705,-0.191946,-0.850895,3.31575
-0.1314,372.279,0.00228863,2.31154,-0.207873,-0.812262,3.1652
-0.1314,372.279,0.00228902,2.18691,-0.222979,-0.770423,3.00216
-0.1314,372.279,0.00228941,2.05364,-0.237205,-0.725544,2.82728
-0.1314,372.279,0.0022898,1.91227,-0.250496,-0.677801,2.64124
-0.1314,372.279,0.0022902,1.76336,-0.262797,-0.627384,2.44477
-0.1314,372.279,0.00229059,1.60748,-0.274062,-0.57449,2.23865
-0.1314,372.279,0.00229098,1.44526,-0.284245,-0.51933,2.0237
-0.1314,372.279,0.00229137,1.27734,-0.293306,-0.46212,1.80077
-0.1314,372.279,0.00229176,1.10437,-0.30121,-0.403086,1.57072
-0.1314,372.279,0.00229216,0.927051,-0.307924,-0.342461,1.33448
-0.1314,372.279,0.00229255,0.74607,-0.313424,-0.280485,1.09297
-0.1314,372.279,0.00229294,0.562144,-0.317687,-0.217401,0.847146
-0.1314,372.279,0.00229333,0.376,-0.320696,-0.15346,0.59798
-0.1314,372.279,0.00229373,0.188372,-0.322439,-0.0889128,0.346454
-0.1314,372.279,0.00229412,3.23255e-014,-0.32291,-0.0240147,0.0935605
-0.1314,372.279,0.00229451,-0.188372,-0.322107,0.0409781,-0.159702
-0.1314,372.279,0.0022949,-0.376,-0.320032,0.105809,-0.412335
-0.1314,372.279,0.00229529,-0.562144,-0.316694,0.170223,-0.663341
-0.1314,372.279,0.00229569,-0.74607,-0.312107,0.233965,-0.911728
-0.1314,372.279,0.00229608,-0.927051,-0.306287,0.296784,-1.15652
-0.1314,372.279,0.00229647,-1.10437,-0.299259,0.358432,-1.39674
-0.1314,372.279,0.00229686,-1.27734,-0.29105,0.418665,-1.63146
-0.1314,372.279,0.00229725,-1.44526,-0.281692,0.477246,-1.85973
-0.1314,372.279,0.00229765,-1.60748,-0.271223,0.533943,-2.08067
-0.1314,372.279,0.00229804,-1.76336,-0.259683,0.588534,-2.29339
-0.1314,372.279,0.00229843,-1.91227,-0.247118,0.640802,-2.49706
-0.1314,372.279,0.00229882,-2.05364,-0.233578,0.690541,-2.69088
-0.1314,372.279,0.00229922,-2.18691,-0.219117,0.737554,-2.87408
-0.1314,372.279,0.00229961,-2.31154,-0.20379,0.781657,-3.04594
-0.1314,372.279,0.0023,-2.42705,-0.187659,0.822676,-3.20577
-0.1314,372.279,0.00230039,-2.53298,-0.170788,0.860447,-3.35296
-0.1314,372.279,0.00230078,-2.62892,-0.153242,0.894823,-3.48691
-0.1314,372.279,0.00230118,-2.71448,-0.135092,0.925667,-3.6071
-0.1314,372.279,0.00230157,-2.78933,-0.116408,0.952858,-3.71305
-0.1314,372.279,0.00230196,-2.85317,-0.0972652,0.976289,-3.80435
-0.1314,372.279,0.00230235,-2.90575,-0.0777384,0.995867,-3.88064
-0.1314,372.279,0.00230275,-2.94686,-0.0579048,1.01151,-3.94161
-0.1314,372.279,0.00230314,-2.97634,-0.0378427,1.02317,-3.98702
-0.1314,372.279,0.00230353,-2.99408,-0.0176312,1.03079,-4.0167
-0.1314,372.279,0.00230392,-3,0.00264993,1.03434,-4.03053
-0.1314,372.279,0.00230431,-2.99408,0.0229206,1.0338,-4.02845
-0.1314,372.279,0.00230471,-2.97634,0.0431008,1.02919,-4.01048
-0.1314,372.279,0.0023051,-2.94686,0.0631109,1.02052,-3.97667
-0.1314,372.279,0.00230549,-2.90575,0.0828719,1.00781,-3.92717
-0.1314,372.279,0.00230588,-2.85317,0.102306,0.991133,-3.86218
-0.1314,372.279,0.00230627,-2.78933,0.121336,0.970542,-3.78194
-0.1314,372.279,0.00230667,-2.71448,0.139887,0.94612,-3.68677
-0.1314,372.279,0.00230706,-2.62892,0.157887,0.917964,-3.57706
-0.1314,372.279,0.00230745,-2.53298,0.175263,0.886185,-3.45322
-0.1314,372.279,0.00230784,-2.42705,0.191947,0.850909,-3.31576
-0.1314,372.279,0.00230824,-2.31154,0.207874,0.812275,-3.16521
-0.1314,372.279,0.00230863,-2.18691,0.222981,0.770435,-3.00218
-0.1314,372.279,0.00230902,-2.05364,0.237208,0.725554,-2.82729
-0.1314,372.279,0.00230941,-1.91227,0.250498,0.67781,-2.64124
-0.1314,372.279,0.0023098,-1.76336,0.2628,0.62739,-2.44477
-0.1314,372.279,0.0023102,-1.60748,0.274064,0.574495,-2.23866
-0.1314,372.279,0.00231059,-1.44526,0.284247,0.519332,-2.02371
-0.1314,372.279,0.00231098,-1.27734,0.293308,0.46212,-1.80077
-0.1314,372.279,0.00231137,-1.10437,0.301212,0.403084,-1.57072
-0.1314,372.279,0.00231176,-0.927051,0.307927,0.342457,-1.33448
-0.1314,372.279,0.00231216,-0.74607,0.313426,0.280479,-1.09296
-0.1314,372.279,0.00231255,-0.562144,0.317689,0.217394,-0.84714
-0.1314,372.279,0.00231294,-0.376,0.320698,0.153451,-0.597972
-0.1314,372.279,0.00231333,-0.188372,0.322441,0.0889022,-0.346444
-0.1314,372.279,0.00231373,1.05863e-013,0.322912,0.0240028,-0.0935489
-0.1314,372.279,0.00231412,0.188372,0.322108,-0.0409913,0.159715
-0.1314,372.279,0.00231451,0.376,0.320033,-0.105824,0.412349
-0.1314,372.279,0.0023149,0.562144,0.316695,-0.170238,0.663355
-0.1314,372.279,0.00231529,0.74607,0.312107,-0.233981,0.911744
-0.1314,372.279,0.00231569,0.927051,0.306288,-0.2968,1.15653
-0.1314,372.279,0.00231608,1.10437,0.299259,-0.358447,1.39676
-0.1314,372.279,0.00231647,1.27734,0.29105,-0.41868,1.63147
-0.1314,372.279,0.00231686,1.44526,0.281692,-0.477261,1.85975
-0.1314,372.279,0.00231725,1.60748,0.271222,-0.533958,2.08068
-0.1314,372.279,0.00231765,1.76336,0.259682,-0.588547,2.2934
-0.1314,372.279,0.00231804,1.91227,0.247117,-0.640814,2.49708
-0.1314,372.279,0.00231843,2.05364,0.233577,-0.690552,2.69089
-0.1314,372.279,0.00231882,2.18691,0.219115,-0.737564,2.87409
-0.1314,372.279,0.00231922,2.31154,0.203788,-0.781666,3.04595
-0.1314,372.279,0.00231961,2.42705,0.187657,-0.822682,3.20578
-0.1314,372.279,0.00232,2.53298,0.170785,-0.860452,3.35296
-0.1314,372.279,0.00232039,2.62892,0.15324,-0.894826,3.48691
-0.1314,372.279,0.00232078,2.71448,0.135089,-0.925668,3.6071
-0.1314,372.279,0.00232118,2.78933,0.116406,-0.952857,3.71305
-0.1314,372.279,0.00232157,2.85317,0.0972628,-0.976286,3.80435
-0.1314,372.279,0.00232196,2.90575,0.0777361,-0.995862,3.88063
-0.1314,372.279,0.00232235,2.94686,0.0579027,-1.01151,3.9416
-0.1314,372.279,0.00232275,2.97634,0.0378407,-1.02316,3.98702
-0.1314,372.279,0.00232314,2.99408,0.0176294,-1.03078,4.0167
-0.1314,372.279,0.00232353,3,-0.00265152,-1.03432,4.03052
-0.1314,372.279,0.00232392,2.99408,-0.0229219,-1.03379,4.02844
-0.1314,372.279,0.00232431,2.97634,-0.0431019,-1.02918,4.01046
-0.1314,372.279,0.00232471,2.94686,-0.0631117,-1.0205,3.97666
-0.1314,372.279,0.0023251,2.90575,-0.0828724,-1.0078,3.92716
-0.1314,372.279,0.00232549,2.85317,-0.102306,-0.991118,3.86216
-0.1314,372.279,0.00232588,2.78933,-0.121336,-0.970527,3.78192
-0.1314,372.279,0.00232627,2.71448,-0.139887,-0.946105,3.68676
-0.1314,372.279,0.00232667,2.62892,-0.157886,-0.917949,3.57704
-0.1314,372.279,0.00232706,2.53298,-0.175262,-0.886171,3.45321
-0.1314,372.279,0.00232745,2.42705,-0.191946,-0.850896,3.31575
-0.1314,372.279,0.00232784,2.31154,-0.207873,-0.812262,3.1652
-0.1314,372.279,0.00232824,2.18691,-0.222979,-0.770423,3.00216
-0.1314,372.279,0.00232863,2.05364,-0.237206,-0.725544,2.82728
-0.1314,372.279,0.00232902,1.91227,-0.250496,-0.677801,2.64124
-0.1314,372.279,0.00232941,1.76336,-0.262798,-0.627384,2.44477
-0.1314,372.279,0.0023298,1.60748,-0.274062,-0.57449,2.23865
-0.1314,372.279,0.0023302,1.44526,-0.284245,-0.519329,2.0237
-0.1314,372.279,0.00233059,1.27734,-0.293306,-0.462119,1.80076
-0.1314,372.279,0.00233098,1.10437,-0.30121,-0.403084,1.57072
-0.1314,372.279,0.00233137,0.927051,-0.307925,-0.342459,1.33448
-0.1314,372.279,0.00233176,0.74607,-0.313424,-0.280483,1.09297
-0.1314,372.279,0.00233216,0.562144,-0.317687,-0.217399,0.847145
-0.1314,372.279,0.00233255,0.376,-0.320696,-0.153458,0.597978
-0.1314,372.279,0.00233294,0.188372,-0.322439,-0.0889109,0.346452
-0.1314,372.279,0.00233333,-7.35211e-014,-0.32291,-0.0240128,0.0935585
-0.1314,372.279,0.00233373,-0.188372,-0.322107,0.0409801,-0.159704
-0.1314,372.279,0.00233412,-0.376,-0.320032,0.105811,-0.412337
-0.1314,372.279,0.00233451,-0.562144,-0.316694,0.170225,-0.663342
-0.1314,372.279,0.0023349,-0.74607,-0.312107,0.233967,-0.91173
-0.1314,372.279,0.00233529,-0.927051,-0.306287,0.296786,-1.15652
-0.1314,372.279,0.00233569,-1.10437,-0.299259,0.358433,-1.39674
-0.1314,372.279,0.00233608,-1.27734,-0.29105,0.418666,-1.63146
-0.1314,372.279,0.00233647,-1.44526,-0.281692,0.477247,-1.85973
-0.1314,372.279,0.00233686,-1.60748,-0.271223,0.533944,-2.08067
-0.1314,372.279,0.00233725,-1.76336,-0.259683,0.588535,-2.29339
-0.1314,372.279,0.00233765,-1.91227,-0.247118,0.640802,-2.49706
-0.1314,372.279,0.00233804,-2.05364,-0.233578,0.690541,-2.69088
-0.1314,372.279,0.00233843,-2.18691,-0.219116,0.737555,-2.87408
-0.1314,372.279,0.00233882,-2.31154,-0.20379,0.781657,-3.04594
-0.1314,372.279,0.00233922,-2.42705,-0.187659,0.822675,-3.20577
-0.1314,372.279,0.00233961,-2.53298,-0.170787,0.860447,-3.35295
-0.1314,372.279,0.00234,-2.62892,-0.153242,0.894822,-3.48691
-0.1314,372.279,0.00234039,-2.71448,-0.135091,0.925666,-3.6071
-0.1314,372.279,0.00234078,-2.78933,-0.116408,0.952857,-3.71305
-0.1314,372.279,0.00234118,-2.85317,-0.097265,0.976288,-3.80435
-0.1314,372.279,0.00234157,-2.90575,-0.0777382,0.995865,-3.88064
-0.1314,372.279,0.00234196,-2.94686,-0.0579047,1.01151,-3.94161
-0.1314,372.279,0.00234235,-2.97634,-0.0378426,1.02317,-3.98702
-0.1314,372.279,0.00234275,-2.99408,-0.0176311,1.03078,-4.0167
-0.1314,372.279,0.00234314,-3,0.00264998,1.03433,-4.03053
-0.1314,372.279,0.00234353,-2.99408,0.0229206,1.0338,-4.02845
-0.1314,372.279,0.00234392,-2.97634,0.0431007,1.02919,-4.01048
-0.1314,372.279,0.00234431,-2.94686,0.0631108,1.02051,-3.97667
-0.1314,372.279,0.00234471,-2.90575,0.0828718,1.00781,-3.92717
-0.1314,372.279,0.0023451,-2.85317,0.102306,0.991131,-3.86218
-0.1314,372.279,0.00234549,-2.78933,0.121336,0.97054,-3.78194
-0.1314,372.279,0.00234588,-2.71448,0.139887,0.946118,-3.68677
-0.1314,372.279,0.00234627,-2.62892,0.157887,0.917963,-3.57705
-0.1314,372.279,0.00234667,-2.53298,0.175263,0.886184,-3.45322
-0.1314,372.279,0.00234706,-2.42705,0.191947,0.850908,-3.31576
-0.1314,372.279,0.00234745,-2.31154,0.207874,0.812274,-3.16521
-0.1314,372.279,0.00234784,-2.18691,0.222981,0.770434,-3.00218
-0.1314,372.279,0.00234824,-2.05364,0.237207,0.725553,-2.82729
-0.1314,372.279,0.00234863,-1.91227,0.250498,0.677809,-2.64124
-0.1314,372.279,0.00234902,-1.76336,0.262799,0.62739,-2.44478
-0.1314,372.279,0.00234941,-1.60748,0.274064,0.574495,-2.23866
-0.1314,372.279,0.0023498,-1.44526,0.284247,0.519333,-2.02371
-0.1314,372.279,0.0023502,-1.27734,0.293308,0.462121,-1.80077
-0.1314,372.279,0.00235059,-1.10437,0.301212,0.403085,-1.57072
-0.1314,372.279,0.00235098,-0.927051,0.307927,0.342459,-1.33448
-0.1314,372.279,0.00235137,-0.74607,0.313426,0.28048,-1.09297
-0.1314,372.279,0.00235176,-0.562144,0.317689,0.217395,-0.847141
-0.1314,372.279,0.00235216,-0.376,0.320698,0.153452,-0.597973
-0.1314,372.279,0.00235255,-0.188372,0.322441,0.0889039,-0.346446
