Amp, Phaseshift, Time, Vd, Vr, VL, VC
-0.534451,372.593,0,0,0,0,0
-0.534451,372.593,2.24719e-007,0.188372,0.00211653,0.188372,0
-0.534451,372.593,4.49438e-007,0.376,0.00631747,0.373883,0.000951251
-0.534451,372.593,6.74157e-007,0.562144,0.012552,0.554875,0.00379056
-0.534451,372.593,8.98876e-007,0.74607,0.0207512,0.729727,0.00943192
-0.534451,372.593,1.1236e-006,0.927051,0.0308284,0.896868,0.0187583
-0.534451,372.593,1.34831e-006,1.10437,0.0426799,1.05479,0.0326138
-0.534451,372.593,1.57303e-006,1.27734,0.056186,1.20204,0.0517957
-0.534451,372.593,1.79775e-006,1.44526,0.0712116,1.33728,0.0770479
-0.534451,372.593,2.02247e-006,1.60748,0.0876074,1.45922,0.109053
-0.534451,372.593,2.24719e-006,1.76336,0.105211,1.5667,0.148427
-0.534451,372.593,2.47191e-006,1.91227,0.123847,1.65863,0.195713
-0.534451,372.593,2.69663e-006,2.05364,0.143331,1.73408,0.251374
-0.534451,372.593,2.92135e-006,2.18691,0.163468,1.7922,0.315793
-0.534451,372.593,3.14607e-006,2.31154,0.184056,1.83228,0.389262
-0.534451,372.593,3.37079e-006,2.42705,0.204884,1.85373,0.471983
-0.534451,372.593,3.59551e-006,2.53298,0.225739,1.85612,0.564066
-0.534451,372.593,3.82022e-006,2.62892,0.246403,1.83911,0.665522
-0.534451,372.593,4.04494e-006,2.71448,0.266657,1.80256,0.776265
-0.534451,372.593,4.26966e-006,2.78933,0.286279,1.74641,0.896111
-0.534451,372.593,4.49438e-006,2.85317,0.305052,1.67078,1.02478
-0.534451,372.593,4.7191e-006,2.90575,0.322759,1.57592,1.16188
-0.534451,372.593,4.94382e-006,2.94686,0.339189,1.46222,1.30694
-0.534451,372.593,5.16854e-006,2.97634,0.354135,1.33022,1.45938
-0.534451,372.593,5.39326e-006,2.99408,0.3674,1.18056,1.61854
-0.534451,372.593,5.61798e-006,3,0.378794,1.01406,1.78367
-0.534451,372.593,5.8427e-006,2.99408,0.388138,0.831619,1.95391
-0.534451,372.593,6.06742e-006,2.97634,0.395265,0.634294,2.12836
-0.534451,372.593,6.29213e-006,2.94686,0.40002,0.423241,2.306
-0.534451,372.593,6.51685e-006,2.90575,0.402264,0.199726,2.48579
-0.534451,372.593,6.74157e-006,2.85317,0.401872,-0.0348822,2.66658
-0.534451,372.593,6.96629e-006,2.78933,0.398736,-0.279123,2.8472
-0.534451,372.593,7.19101e-006,2.71448,0.392765,-0.531452,3.0264
-0.534451,372.593,7.41573e-006,2.62892,0.383885,-0.790249,3.20293
-0.534451,372.593,7.64045e-006,2.53298,0.372045,-1.05383,3.37546
-0.534451,372.593,7.86517e-006,2.42705,0.357208,-1.32045,3.54267
-0.534451,372.593,8.08989e-006,2.31154,0.339362,-1.58834,3.70321
-0.534451,372.593,8.31461e-006,2.18691,0.318511,-1.85567,3.85574
-0.534451,372.593,8.53933e-006,2.05364,0.294684,-2.12061,3.99889
-0.534451,372.593,8.76404e-006,1.91227,0.267928,-2.3813,4.13133
-0.534451,372.593,8.98876e-006,1.76336,0.238311,-2.6359,4.25175
-0.534451,372.593,9.21348e-006,1.60748,0.205923,-2.88258,4.35885
-0.534451,372.593,9.4382e-006,1.44526,0.170872,-3.11952,4.4514
-0.534451,372.593,9.66292e-006,1.27734,0.133288,-3.34494,4.5282
-0.534451,372.593,9.88764e-006,1.10437,0.0933209,-3.55711,4.5881
-0.534451,372.593,1.01124e-005,0.927051,0.0511369,-3.75437,4.63005
-0.534451,372.593,1.03371e-005,0.74607,0.00692212,-3.93511,4.65303
-0.534451,372.593,1.05618e-005,0.562144,-0.0391207,-4.09781,4.65614
-0.534451,372.593,1.07865e-005,0.376,-0.0867726,-4.24102,4.63856
-0.534451,372.593,1.10112e-005,0.188372,-0.1358,-4.36341,4.59956
-0.534451,372.593,1.1236e-005,3.67382e-016,-0.185954,-4.46376,4.53853
-0.534451,372.593,1.14607e-005,-0.188372,-0.236976,-4.54094,4.45495
-0.534451,372.593,1.16854e-005,-0.376,-0.288594,-4.59397,4.34844
-0.534451,372.593,1.19101e-005,-0.562144,-0.340526,-4.62199,4.21874
-0.534451,372.593,1.21348e-005,-0.74607,-0.392485,-4.62428,4.06569
-0.534451,372.593,1.23596e-005,-0.927051,-0.444173,-4.60026,3.8893
-0.534451,372.593,1.25843e-005,-1.10437,-0.495291,-4.5495,3.68967
-0.534451,372.593,1.2809e-005,-1.27734,-0.545535,-4.47172,3.46707
-0.534451,372.593,1.30337e-005,-1.44526,-0.5946,-4.36679,3.22188
-0.534451,372.593,1.32584e-005,-1.60748,-0.642181,-4.23476,2.95465
-0.534451,372.593,1.34831e-005,-1.76336,-0.687977,-4.07582,2.66602
-0.534451,372.593,1.37079e-005,-1.91227,-0.731689,-3.89032,2.35682
-0.534451,372.593,1.39326e-005,-2.05364,-0.773023,-3.67877,2.02797
-0.534451,372.593,1.41573e-005,-2.18691,-0.811696,-3.44186,1.68055
-0.534451,372.593,1.4382e-005,-2.31154,-0.84743,-3.18039,1.31574
-0.534451,372.593,1.46067e-005,-2.42705,-0.879963,-2.89536,0.934872
-0.534451,372.593,1.48315e-005,-2.53298,-0.90904,-2.58789,0.539383
-0.534451,372.593,1.50562e-005,-2.62892,-0.934425,-2.25926,0.130825
-0.534451,372.593,1.52809e-005,-2.71448,-0.955896,-1.91088,-0.289141
-0.534451,372.593,1.55056e-005,-2.78933,-0.973247,-1.54429,-0.718757
-0.534451,372.593,1.57303e-005,-2.85317,-0.986294,-1.16117,-1.15617
-0.534451,372.593,1.59551e-005,-2.90575,-0.99487,-0.763284,-1.59945
-0.534451,372.593,1.61798e-005,-2.94686,-0.998831,-0.352542,-2.04658
-0.534451,372.593,1.64045e-005,-2.97634,-0.998055,0.0690695,-2.4955
-0.534451,372.593,1.66292e-005,-2.99408,-0.992443,0.49947,-2.94406
-0.534451,372.593,1.68539e-005,-3,-0.981921,0.936503,-3.3901
-0.534451,372.593,1.70787e-005,-2.99408,-0.966438,1.37794,-3.83141
-0.534451,372.593,1.73034e-005,-2.97634,-0.945972,1.82151,-4.26577
-0.534451,372.593,1.75281e-005,-2.94686,-0.920524,2.26488,-4.69092
-0.534451,372.593,1.77528e-005,-2.90575,-0.890123,2.7057,-5.10464
-0.534451,372.593,1.79775e-005,-2.85317,-0.854824,3.1416,-5.5047
-0.534451,372.593,1.82022e-005,-2.78933,-0.814709,3.57019,-5.88889
-0.534451,372.593,1.8427e-005,-2.71448,-0.769888,3.98912,-6.25505
-0.534451,372.593,1.86517e-005,-2.62892,-0.720494,4.39602,-6.60107
-0.534451,372.593,1.88764e-005,-2.53298,-0.66669,4.78858,-6.92488
-0.534451,372.593,1.91011e-005,-2.42705,-0.608662,5.16452,-7.22452
-0.534451,372.593,1.93258e-005,-2.31154,-0.546621,5.52164,-7.49808
-0.534451,372.593,1.95506e-005,-2.18691,-0.480803,5.85779,-7.74375
-0.534451,372.593,1.97753e-005,-2.05364,-0.411467,6.17091,-7.95984
-0.534451,372.593,2e-005,-1.91227,-0.338893,6.45904,-8.14477
-0.534451,372.593,2.02247e-005,-1.76336,-0.263384,6.72031,-8.29708
-0.534451,372.593,2.04494e-005,-1.60748,-0.185261,6.95298,-8.41546
-0.534451,372.593,2.06742e-005,-1.44526,-0.104863,7.15546,-8.49872
-0.534451,372.593,2.08989e-005,-1.27734,-0.0225452,7.32624,-8.54585
-0.534451,372.593,2.11236e-005,-1.10437,0.0613201,7.46402,-8.55598
-0.534451,372.593,2.13483e-005,-0.927051,0.146349,7.56761,-8.52842
-0.534451,372.593,2.1573e-005,-0.74607,0.232147,7.636,-8.46265
-0.534451,372.593,2.17978e-005,-0.562144,0.318309,7.66836,-8.35831
-0.534451,372.593,2.20225e-005,-0.376,0.404421,7.664,-8.21525
-0.534451,372.593,2.22472e-005,-0.188372,0.490067,7.62246,-8.03349
-0.534451,372.593,2.24719e-005,-7.34764e-016,0.574824,7.54342,-7.81323
-0.534451,372.593,2.26966e-005,0.188372,0.658271,7.42678,-7.55489
-0.534451,372.593,2.29213e-005,0.376,0.739986,7.27261,-7.25903
-0.534451,372.593,2.31461e-005,0.562144,0.81955,7.08119,-6.92646
-0.534451,372.593,2.33708e-005,0.74607,0.896549,6.85298,-6.55812
-0.534451,372.593,2.35955e-005,0.927051,0.970579,6.58862,-6.15518
-0.534451,372.593,2.38202e-005,1.10437,1.04124,6.28897,-5.71896
-0.534451,372.593,2.40449e-005,1.27734,1.10815,5.95506,-5.25099
-0.534451,372.593,2.42697e-005,1.44526,1.17094,5.58809,-4.75294
-0.534451,372.593,2.44944e-005,1.60748,1.22925,5.18948,-4.22668
-0.534451,372.593,2.47191e-005,1.76336,1.28274,4.76078,-3.6742
-0.534451,372.593,2.49438e-005,1.91227,1.3311,4.30374,-3.09769
-0.534451,372.593,2.51685e-005,2.05364,1.37402,3.82024,-2.49945
-0.534451,372.593,2.53933e-005,2.18691,1.41124,3.31233,-1.88191
-0.534451,372.593,2.5618e-005,2.31154,1.4425,2.78221,-1.24764
-0.534451,372.593,2.58427e-005,2.42705,1.46758,2.2322,-0.599329
-0.534451,372.593,2.60674e-005,2.53298,1.48628,1.66473,0.0602574
-0.534451,372.593,2.62921e-005,2.62892,1.49845,1.08238,0.728251
-0.534451,372.593,2.65169e-005,2.71448,1.50393,0.487784,1.40171
-0.534451,372.593,2.67416e-005,2.78933,1.50262,-0.116307,2.07763
-0.534451,372.593,2.69663e-005,2.85317,1.49445,-0.727083,2.75297
-0.534451,372.593,2.7191e-005,2.90575,1.47938,-1.34167,3.42463
-0.534451,372.593,2.74157e-005,2.94686,1.45739,-1.95714,4.08952
-0.534451,372.593,2.76404e-005,2.97634,1.4285,-2.57056,4.74452
-0.534451,372.593,2.78652e-005,2.99408,1.39278,-3.17895,5.38655
-0.534451,372.593,2.80899e-005,3,1.35032,-3.77933,6.01252
-0.534451,372.593,2.83146e-005,2.99408,1.30123,-4.36876,6.6194
-0.534451,372.593,2.85393e-005,2.97634,1.24568,-4.94429,7.20423
-0.534451,372.593,2.8764e-005,2.94686,1.18385,-5.50304,7.76408
-0.534451,372.593,2.89888e-005,2.90575,1.11596,-6.04218,8.29615
-0.534451,372.593,2.92135e-005,2.85317,1.04226,-6.55894,8.7977
-0.534451,372.593,2.94382e-005,2.78933,0.963041,-7.05063,9.26613
-0.534451,372.593,2.96629e-005,2.71448,0.878606,-7.51469,9.69896
-0.534451,372.593,2.98876e-005,2.62892,0.789295,-7.94865,10.0938
-0.534451,372.593,3.01124e-005,2.53298,0.695473,-8.35015,10.4486
-0.534451,372.593,3.03371e-005,2.42705,0.59753,-8.717,10.7612
-0.534451,372.593,3.05618e-005,2.31154,0.495876,-9.04714,11.0297
-0.534451,372.593,3.07865e-005,2.18691,0.390947,-9.33868,11.2526
-0.534451,372.593,3.10112e-005,2.05364,0.283196,-9.58988,11.4283
-0.534451,372.593,3.1236e-005,1.91227,0.173093,-9.7992,11.5556
-0.534451,372.593,3.14607e-005,1.76336,0.061123,-9.96529,11.6334
-0.534451,372.593,3.16854e-005,1.60748,-0.052214,-10.087,11.6608
-0.534451,372.593,3.19101e-005,1.44526,-0.166409,-10.1633,11.6374
-0.534451,372.593,3.21348e-005,1.27734,-0.280944,-10.1936,11.5626
-0.534451,372.593,3.23596e-005,1.10437,-0.395295,-10.1772,11.4363
-0.534451,372.593,3.25843e-005,0.927051,-0.508935,-10.114,11.2586
-0.534451,372.593,3.2809e-005,0.74607,-0.621335,-10.0036,11.0299
-0.534451,372.593,3.30337e-005,0.562144,-0.731969,-9.84642,10.7507
-0.534451,372.593,3.32584e-005,0.376,-0.840314,-9.64268,10.4217
-0.534451,372.593,3.34831e-005,0.188372,-0.945853,-9.39299,10.044
-0.534451,372.593,3.37079e-005,-4.22692e-015,-1.04808,-9.09815,9.6189
-0.534451,372.593,3.39326e-005,-0.188372,-1.1465,-8.7592,9.14786
-0.534451,372.593,3.41573e-005,-0.376,-1.24063,-8.37736,8.63258
-0.534451,372.593,3.4382e-005,-0.562144,-1.33,-7.9541,8.07499
-0.534451,372.593,3.46067e-005,-0.74607,-1.41417,-7.49107,7.47724
-0.534451,372.593,3.48315e-005,-0.927051,-1.49271,-6.99013,6.84166
-0.534451,372.593,3.50562e-005,-1.10437,-1.56522,-6.45333,6.17078
-0.534451,372.593,3.52809e-005,-1.27734,-1.63132,-5.8829,5.46731
-0.534451,372.593,3.55056e-005,-1.44526,-1.69066,-5.28126,4.73414
-0.534451,372.593,3.57303e-005,-1.60748,-1.74291,-4.65096,3.97429
-0.534451,372.593,3.59551e-005,-1.76336,-1.7878,-3.99473,3.19096
-0.534451,372.593,3.61798e-005,-1.91227,-1.82505,-3.31543,2.38745
-0.534451,372.593,3.64045e-005,-2.05364,-1.85444,-2.61605,1.56721
-0.534451,372.593,3.66292e-005,-2.18691,-1.87579,-1.89967,0.733749
-0.534451,372.593,3.68539e-005,-2.31154,-1.88893,-1.1695,-0.109303
-0.534451,372.593,3.70787e-005,-2.42705,-1.89375,-0.428819,-0.95826
-0.534451,372.593,3.73034e-005,-2.53298,-1.89016,0.319024,-1.80938
-0.534451,372.593,3.75281e-005,-2.62892,-1.87813,1.07063,-2.65889
-0.534451,372.593,3.77528e-005,-2.71448,-1.85766,1.82255,-3.503
-0.534451,372.593,3.79775e-005,-2.78933,-1.82876,2.57133,-4.3379
-0.534451,372.593,3.82022e-005,-2.85317,-1.79153,3.3135,-5.15982
-0.534451,372.593,3.8427e-005,-2.90575,-1.74608,4.0456,-5.965
-0.534451,372.593,3.86517e-005,-2.94686,-1.69255,4.76422,-6.74976
-0.534451,372.593,3.88764e-005,-2.97634,-1.63113,5.46596,-7.51045
-0.534451,372.593,3.91011e-005,-2.99408,-1.56206,6.1475,-8.24354
-0.534451,372.593,3.93258e-005,-3,-1.48559,6.8056,-8.94559
-0.534451,372.593,3.95506e-005,-2.99408,-1.40203,7.4371,-9.61327
-0.534451,372.593,3.97753e-005,-2.97634,-1.3117,8.03896,-10.2434
-0.534451,372.593,4e-005,-2.94686,-1.21498,8.60824,-10.8329
-0.534451,372.593,4.02247e-005,-2.90575,-1.11226,9.14216,-11.379
-0.534451,372.593,4.04494e-005,-2.85317,-1.00397,9.63808,-11.8789
-0.534451,372.593,4.06742e-005,-2.78933,-0.890557,10.0935,-12.3301
-0.534451,372.593,4.08989e-005,-2.71448,-0.77251,10.5062,-12.7304
-0.534451,372.593,4.11236e-005,-2.62892,-0.650331,10.8739,-13.0775
-0.534451,372.593,4.13483e-005,-2.53298,-0.524546,11.1949,-13.3698
-0.534451,372.593,4.1573e-005,-2.42705,-0.395699,11.4673,-13.6056
-0.534451,372.593,4.17978e-005,-2.31154,-0.264354,11.6897,-13.7834
-0.534451,372.593,4.20225e-005,-2.18691,-0.131086,11.8609,-13.9022
-0.534451,372.593,4.22472e-005,-2.05364,0.0035174,11.9797,-13.9612
-0.534451,372.593,4.24719e-005,-1.91227,0.138859,12.0454,-13.9596
-0.534451,372.593,4.26966e-005,-1.76336,0.274334,12.0574,-13.8972
-0.534451,372.593,4.29213e-005,-1.60748,0.409338,12.0153,-13.7739
-0.534451,372.593,4.31461e-005,-1.44526,0.543263,11.9193,-13.5899
-0.534451,372.593,4.33708e-005,-1.27734,0.675502,11.7693,-13.3457
-0.534451,372.593,4.35955e-005,-1.10437,0.805455,11.5659,-13.0421
-0.534451,372.593,4.38202e-005,-0.927051,0.93253,11.3096,-12.6801
-0.534451,372.593,4.40449e-005,-0.74607,1.05614,11.0015,-12.261
-0.534451,372.593,4.42697e-005,-0.562144,1.17572,10.6427,-11.7863
-0.534451,372.593,4.44944e-005,-0.376,1.29072,10.2346,-11.2579
-0.534451,372.593,4.47191e-005,-0.188372,1.40059,9.77884,-10.6778
-0.534451,372.593,4.49438e-005,-1.46953e-015,1.50483,9.27724,-10.0484
-0.534451,372.593,4.51685e-005,0.188372,1.60294,8.73189,-9.37202
-0.534451,372.593,4.53933e-005,0.376,1.69446,8.14508,-8.6516
-0.534451,372.593,4.5618e-005,0.562144,1.77895,7.51928,-7.89004
-0.534451,372.593,4.58427e-005,0.74607,1.85599,6.85716,-7.09052
-0.534451,372.593,4.60674e-005,0.927051,1.92523,6.16157,-6.25636
-0.534451,372.593,4.62921e-005,1.10437,1.9863,5.43551,-5.39109
-0.534451,372.593,4.65169e-005,1.27734,2.03891,4.68213,-4.49837
-0.534451,372.593,4.67416e-005,1.44526,2.08278,3.90473,-3.58201
-0.534451,372.593,4.69663e-005,1.60748,2.11769,3.10671,-2.64593
-0.534451,372.593,4.7191e-005,1.76336,2.14344,2.2916,-1.69416
-0.534451,372.593,4.74157e-005,1.91227,2.15987,1.46299,-0.730816
-0.534451,372.593,4.76404e-005,2.05364,2.16689,0.624584,0.239914
-0.534451,372.593,4.78652e-005,2.18691,2.16442,-0.219899,1.2138
-0.534451,372.593,4.80899e-005,2.31154,2.15244,-1.06668,2.18657
-0.534451,372.593,4.83146e-005,2.42705,2.13095,-1.91196,3.15396
-0.534451,372.593,4.85393e-005,2.53298,2.10003,-2.75193,4.11169
-0.534451,372.593,4.8764e-005,2.62892,2.05978,-3.5828,5.05552
-0.534451,372.593,4.89888e-005,2.71448,2.01033,-4.40082,5.98127
-0.534451,372.593,4.92135e-005,2.78933,1.95188,-5.20227,6.88478
-0.534451,372.593,4.94382e-005,2.85317,1.88465,-5.98349,7.76203
-0.534451,372.593,4.96629e-005,2.90575,1.80891,-6.74093,8.60906
-0.534451,372.593,4.98876e-005,2.94686,1.72496,-7.47111,9.42206
-0.534451,372.593,5.01124e-005,2.97634,1.63316,-8.17067,10.1973
-0.534451,372.593,5.03371e-005,2.99408,1.53387,-8.83639,10.9313
-0.534451,372.593,5.05618e-005,3,1.42752,-9.46519,11.6207
-0.534451,372.593,5.07865e-005,2.99408,1.31455,-10.0541,12.2623
-0.534451,372.593,5.10112e-005,2.97634,1.19544,-10.6005,12.8531
-0.534451,372.593,5.1236e-005,2.94686,1.07071,-11.1017,13.3904
-0.534451,372.593,5.14607e-005,2.90575,0.940872,-11.5553,13.8716
-0.534451,372.593,5.16854e-005,2.85317,0.806498,-11.9593,14.2945
-0.534451,372.593,5.19101e-005,2.78933,0.668165,-12.3116,14.6569
-0.534451,372.593,5.21348e-005,2.71448,0.526473,-12.6106,14.9572
-0.534451,372.593,5.23596e-005,2.62892,0.382037,-12.8548,15.1938
-0.534451,372.593,5.25843e-005,2.53298,0.235488,-13.0429,15.3655
-0.534451,372.593,5.2809e-005,2.42705,0.0874655,-13.174,15.4714
-0.534451,372.593,5.30337e-005,2.31154,-0.0613806,-13.2473,15.5107
-0.534451,372.593,5.32584e-005,2.18691,-0.210396,-13.2624,15.4831
-0.534451,372.593,5.34831e-005,2.05364,-0.358925,-13.2191,15.3885
-0.534451,372.593,5.37079e-005,1.91227,-0.506311,-13.1173,15.2272
-0.534451,372.593,5.39326e-005,1.76336,-0.651902,-12.9576,14.9997
-0.534451,372.593,5.41573e-005,1.60748,-0.795051,-12.7403,14.7067
-0.534451,372.593,5.4382e-005,1.44526,-0.935122,-12.4664,14.3494
-0.534451,372.593,5.46067e-005,1.27734,-1.07149,-12.1369,13.9291
-0.534451,372.593,5.48315e-005,1.10437,-1.20355,-11.7532,13.4475
-0.534451,372.593,5.50562e-005,0.927051,-1.33071,-11.3169,12.9066
-0.534451,372.593,5.52809e-005,0.74607,-1.45239,-10.8298,12.3085
-0.534451,372.593,5.55056e-005,0.562144,-1.56805,-10.294,11.6558
-0.534451,372.593,5.57303e-005,0.376,-1.67717,-9.7117,10.951
-0.534451,372.593,5.59551e-005,0.188372,-1.77926,-9.08547,10.1972
-0.534451,372.593,5.61798e-005,1.83691e-015,-1.87384,-8.41797,9.39756
-0.534451,372.593,5.64045e-005,-0.188372,-1.96049,-7.71209,8.55538
-0.534451,372.593,5.66292e-005,-0.376,-2.03882,-6.97089,7.67426
-0.534451,372.593,5.68539e-005,-0.562144,-2.10845,-6.19759,6.75794
-0.534451,372.593,5.70787e-005,-0.74607,-2.16908,-5.39556,5.81032
-0.534451,372.593,5.73034e-005,-0.927051,-2.22041,-4.56829,4.83545
-0.534451,372.593,5.75281e-005,-1.10437,-2.2622,-3.71942,3.83752
-0.534451,372.593,5.77528e-005,-1.27734,-2.29425,-2.85266,2.8208
-0.534451,372.593,5.79775e-005,-1.44526,-2.31641,-1.97181,1.78968
-0.534451,372.593,5.82022e-005,-1.60748,-2.32855,-1.08075,0.748594
-0.534451,372.593,5.8427e-005,-1.76336,-2.33061,-0.183401,-0.297945
-0.534451,372.593,5.86517e-005,-1.91227,-2.32256,0.716283,-1.34541
-0.534451,372.593,5.88764e-005,-2.05364,-2.30442,1.61433,-2.38926
-0.534451,372.593,5.91011e-005,-2.18691,-2.27626,2.50678,-3.42495
-0.534451,372.593,5.93258e-005,-2.31154,-2.23817,3.38967,-4.44799
-0.534451,372.593,5.95506e-005,-2.42705,-2.19032,4.25911,-5.45391
-0.534451,372.593,5.97753e-005,-2.53298,-2.13289,5.11124,-6.43832
-0.534451,372.593,6e-005,-2.62892,-2.06612,5.94229,-7.39692
-0.534451,372.593,6.02247e-005,-2.71448,-1.99029,6.74856,-8.32552
-0.534451,372.593,6.04494e-005,-2.78933,-1.90573,7.52648,-9.22003
-0.534451,372.593,6.06742e-005,-2.85317,-1.81277,8.27258,-10.0765
-0.534451,372.593,6.08989e-005,-2.90575,-1.71184,8.98356,-10.8913
-0.534451,372.593,6.11236e-005,-2.94686,-1.60334,9.65624,-11.6606
-0.534451,372.593,6.13483e-005,-2.97634,-1.48775,10.2876,-12.3812
-0.534451,372.593,6.1573e-005,-2.99408,-1.36556,10.8749,-13.0499
-0.534451,372.593,6.17978e-005,-3,-1.23729,11.4154,-13.6636
-0.534451,372.593,6.20225e-005,-2.99408,-1.10351,11.9068,-14.2197
-0.534451,372.593,6.22472e-005,-2.97634,-0.964781,12.3469,-14.7157
-0.534451,372.593,6.24719e-005,-2.94686,-0.821707,12.7336,-15.1493
-0.534451,372.593,6.26966e-005,-2.90575,-0.674907,13.0652,-15.5186
-0.534451,372.593,6.29213e-005,-2.85317,-0.525015,13.3403,-15.8219
-0.534451,372.593,6.31461e-005,-2.78933,-0.372683,13.5576,-16.0579
-0.534451,372.593,6.33708e-005,-2.71448,-0.21857,13.7161,-16.2254
-0.534451,372.593,6.35955e-005,-2.62892,-0.0633449,13.815,-16.3236
-0.534451,372.593,6.38202e-005,-2.53298,0.0923176,13.854,-16.3521
-0.534451,372.593,6.40449e-005,-2.42705,0.247741,13.8327,-16.3106
-0.534451,372.593,6.42697e-005,-2.31154,0.40225,13.7513,-16.1992
-0.534451,372.593,6.44944e-005,-2.18691,0.555172,13.6101,-16.0184
-0.534451,372.593,6.47191e-005,-2.05364,0.705842,13.4096,-15.7689
-0.534451,372.593,6.49438e-005,-1.91227,0.853604,13.1508,-15.4517
-0.534451,372.593,6.51685e-005,-1.76336,0.997815,12.8347,-15.0681
-0.534451,372.593,6.53933e-005,-1.60748,1.13785,12.4628,-14.6196
-0.534451,372.593,6.5618e-005,-1.44526,1.27309,12.0365,-14.1082
-0.534451,372.593,6.58427e-005,-1.27734,1.40295,11.5578,-13.536
-0.534451,372.593,6.60674e-005,-1.10437,1.52687,11.0287,-12.9055
-0.534451,372.593,6.62921e-005,-0.927051,1.6443,10.4516,-12.2193
-0.534451,372.593,6.65169e-005,-0.74607,1.75474,9.82889,-11.4803
-0.534451,372.593,6.67416e-005,-0.562144,1.8577,9.16337,-10.6916
-0.534451,372.593,6.69663e-005,-0.376,1.95273,8.45791,-9.85668
-0.534451,372.593,6.7191e-005,-0.188372,2.03942,7.71558,-8.97905
-0.534451,372.593,6.74157e-005,8.45385e-015,2.1174,6.93963,-8.06246
-0.534451,372.593,6.76404e-005,0.188372,2.18631,6.13343,-7.11082
-0.534451,372.593,6.78652e-005,0.376,2.24587,5.30051,-6.12821
-0.534451,372.593,6.80899e-005,0.562144,2.29581,4.44448,-5.11883
-0.534451,372.593,6.83146e-005,0.74607,2.33591,3.56909,-4.08701
-0.534451,372.593,6.85393e-005,0.927051,2.366,2.67815,-3.03716
-0.534451,372.593,6.8764e-005,1.10437,2.38595,1.77554,-1.97379
-0.534451,372.593,6.89888e-005,1.27734,2.39567,0.865179,-0.901453
-0.534451,372.593,6.92135e-005,1.44526,2.39512,-0.0489555,0.175252
-0.534451,372.593,6.94382e-005,1.60748,2.3843,-0.962892,1.25171
-0.534451,372.593,6.96629e-005,1.76336,2.36326,-1.87266,2.32331
-0.534451,372.593,6.98876e-005,1.91227,2.33209,-2.77429,3.38545
-0.534451,372.593,7.01124e-005,2.05364,2.29092,-3.66389,4.43358
-0.534451,372.593,7.03371e-005,2.18691,2.23994,-4.53759,5.4632
-0.534451,372.593,7.05618e-005,2.31154,2.17936,-5.3916,6.46992
-0.534451,372.593,7.07865e-005,2.42705,2.10944,-6.22222,7.4494
-0.534451,372.593,7.10112e-005,2.53298,2.0305,-7.02586,8.39747
-0.534451,372.593,7.1236e-005,2.62892,1.94287,-7.79905,9.31005
-0.534451,372.593,7.14607e-005,2.71448,1.84693,-8.53844,10.1833
-0.534451,372.593,7.16854e-005,2.78933,1.7431,-9.24086,11.0133
-0.534451,372.593,7.19101e-005,2.85317,1.63183,-9.90327,11.7968
-0.534451,372.593,7.21348e-005,2.90575,1.5136,-10.5228,12.5302
-0.534451,372.593,7.23596e-005,2.94686,1.38891,-11.0969,13.2104
-0.534451,372.593,7.25843e-005,2.97634,1.25832,-11.623,13.8347
-0.534451,372.593,7.2809e-005,2.99408,1.12238,-12.0989,14.4002
-0.534451,372.593,7.30337e-005,3,0.981672,-12.5226,14.9046
-0.534451,372.593,7.32584e-005,2.99408,0.836816,-12.8922,15.3458
-0.534451,372.593,7.34831e-005,2.97634,0.68843,-13.2063,15.7219
-0.534451,372.593,7.37079e-005,2.94686,0.537155,-13.4635,16.0313
-0.534451,372.593,7.39326e-005,2.90575,0.383641,-13.6627,16.2728
-0.534451,372.593,7.41573e-005,2.85317,0.228549,-13.8032,16.4452
-0.534451,372.593,7.4382e-005,2.78933,0.0725442,-13.8844,16.5479
-0.534451,372.593,7.46067e-005,2.71448,-0.0837026,-13.906,16.5805
-0.534451,372.593,7.48315e-005,2.62892,-0.239521,-13.8679,16.5429
-0.534451,372.593,7.50562e-005,2.53298,-0.394245,-13.7704,16.4352
-0.534451,372.593,7.52809e-005,2.42705,-0.54721,-13.6139,16.258
-0.534451,372.593,7.55056e-005,2.31154,-0.697764,-13.3993,16.0121
-0.534451,372.593,7.57303e-005,2.18691,-0.845264,-13.1274,15.6985
-0.534451,372.593,7.59551e-005,2.05364,-0.989079,-12.7996,15.3186
-0.534451,372.593,7.61798e-005,1.91227,-1.1286,-12.4173,14.8741
-0.534451,372.593,7.64045e-005,1.76336,-1.26323,-11.9821,14.3668
-0.534451,372.593,7.66292e-005,1.60748,-1.3924,-11.4961,13.7991
-0.534451,372.593,7.68539e-005,1.44526,-1.51556,-10.9614,13.1733
-0.534451,372.593,7.70787e-005,1.27734,-1.6322,-10.3804,12.4922
-0.534451,372.593,7.73034e-005,1.10437,-1.74181,-9.75558,11.7586
-0.534451,372.593,7.75281e-005,0.927051,-1.84394,-9.08972,10.9757
-0.534451,372.593,7.77528e-005,0.74607,-1.93816,-8.38574,10.147
-0.534451,372.593,7.79775e-005,0.562144,-2.02408,-7.6467,9.27593
-0.534451,372.593,7.82022e-005,0.376,-2.10134,-6.87584,8.36623
-0.534451,372.593,7.8427e-005,0.188372,-2.16961,-6.07652,7.4218
-0.534451,372.593,7.86517e-005,2.57167e-015,-2.22863,-5.25219,6.4467
-0.534451,372.593,7.88764e-005,-0.188372,-2.27814,-4.40644,5.44507
-0.534451,372.593,7.91011e-005,-0.376,-2.31795,-3.54293,4.42119
-0.534451,372.593,7.93258e-005,-0.562144,-2.34789,-2.66539,3.37941
-0.534451,372.593,7.95506e-005,-0.74607,-2.36787,-1.77759,2.32418
-0.534451,372.593,7.97753e-005,-0.927051,-2.37779,-0.883365,1.25997
-0.534451,372.593,8e-005,-1.10437,-2.37764,0.0134471,0.1913
-0.534451,372.593,8.02247e-005,-1.27734,-2.36743,0.909002,-0.877302
-0.534451,372.593,8.04494e-005,-1.44526,-2.34721,1.79947,-1.94131
-0.534451,372.593,8.06742e-005,-1.60748,-2.31708,2.68104,-2.99624
-0.534451,372.593,8.08989e-005,-1.76336,-2.2772,3.54997,-4.03763
-0.534451,372.593,8.11236e-005,-1.91227,-2.22773,4.40255,-5.06108
-0.534451,372.593,8.13483e-005,-2.05364,-2.16891,5.23517,-6.06231
-0.534451,372.593,8.1573e-005,-2.18691,-2.10099,6.04431,-7.0371
-0.534451,372.593,8.17978e-005,-2.31154,-2.02429,6.82656,-7.98137
-0.534451,372.593,8.20225e-005,-2.42705,-1.93914,7.57861,-8.89116
-0.534451,372.593,8.22472e-005,-2.53298,-1.84591,8.29732,-9.76269
-0.534451,372.593,8.24719e-005,-2.62892,-1.74501,8.97968,-10.5923
-0.534451,372.593,8.26966e-005,-2.71448,-1.63689,9.62284,-11.3766
-0.534451,372.593,8.29213e-005,-2.78933,-1.52202,10.2241,-12.1123
-0.534451,372.593,8.31461e-005,-2.85317,-1.40088,10.7811,-12.7963
-0.534451,372.593,8.33708e-005,-2.90575,-1.27401,11.2914,-13.4259
-0.534451,372.593,8.35955e-005,-2.94686,-1.14195,11.7531,-13.9985
-0.534451,372.593,8.38202e-005,-2.97634,-1.00528,12.1641,-14.5118
-0.534451,372.593,8.40449e-005,-2.99408,-0.864569,12.5229,-14.9636
-0.534451,372.593,8.42697e-005,-3,-0.720433,12.8281,-15.3521
-0.534451,372.593,8.44944e-005,-2.99408,-0.573483,13.0785,-15.6759
-0.534451,372.593,8.47191e-005,-2.97634,-0.424348,13.2731,-15.9337
-0.534451,372.593,8.49438e-005,-2.94686,-0.273661,13.4112,-16.1244
-0.534451,372.593,8.51685e-005,-2.90575,-0.122062,13.4923,-16.2474
-0.534451,372.593,8.53933e-005,-2.85317,0.0298063,13.5163,-16.3022
-0.534451,372.593,8.5618e-005,-2.78933,0.181302,13.4831,-16.2888
-0.534451,372.593,8.58427e-005,-2.71448,0.331786,13.3931,-16.2074
-0.534451,372.593,8.60674e-005,-2.62892,0.480624,13.2467,-16.0582
-0.534451,372.593,8.62921e-005,-2.53298,0.627193,13.0446,-15.8422
-0.534451,372.593,8.65169e-005,-2.42705,0.770879,12.788,-15.5603
-0.534451,372.593,8.67416e-005,-2.31154,0.91108,12.4779,-15.2139
-0.534451,372.593,8.69663e-005,-2.18691,1.04721,12.1159,-14.8044
-0.534451,372.593,8.7191e-005,-2.05364,1.17871,11.7036,-14.3338
-0.534451,372.593,8.74157e-005,-1.91227,1.30504,11.2428,-13.804
-0.534451,372.593,8.76404e-005,-1.76336,1.42566,10.7356,-13.2175
-0.534451,372.593,8.78652e-005,-1.60748,1.54009,10.1843,-12.5767
-0.534451,372.593,8.80899e-005,-1.44526,1.64786,9.59136,-11.8845
-0.534451,372.593,8.83146e-005,-1.27734,1.74853,8.95934,-11.1439
-0.534451,372.593,8.85393e-005,-1.10437,1.84169,8.29102,-10.3581
-0.534451,372.593,8.8764e-005,-0.927051,1.92696,7.58933,-9.53034
-0.534451,372.593,8.89888e-005,-0.74607,2.00401,6.85732,-8.6643
-0.534451,372.593,8.92135e-005,-0.562144,2.07253,6.09814,-7.76362
-0.534451,372.593,8.94382e-005,-0.376,2.13225,5.31509,-6.83215
-0.534451,372.593,8.96629e-005,-0.188372,2.18294,4.51153,-5.87383
-0.534451,372.593,8.98876e-005,-2.93906e-015,2.22441,3.6909,-4.89274
-0.534451,372.593,9.01124e-005,0.188372,2.25651,2.8567,-3.893
-0.534451,372.593,9.03371e-005,0.376,2.27912,2.0125,-2.87884
-0.534451,372.593,9.05618e-005,0.562144,2.29217,1.16187,-1.85452
-0.534451,372.593,9.07865e-005,0.74607,2.29564,0.308419,-0.824332
-0.534451,372.593,9.10112e-005,0.927051,2.28952,-0.544254,0.207415
-0.534451,372.593,9.1236e-005,1.10437,2.27388,-1.39256,1.23641
-0.534451,372.593,9.14607e-005,1.27734,2.24879,-2.23295,2.25838
-0.534451,372.593,9.16854e-005,1.44526,2.21438,-3.06191,3.26907
-0.534451,372.593,9.19101e-005,1.60748,2.17083,-3.87597,4.2643
-0.534451,372.593,9.21348e-005,1.76336,2.11834,-4.67178,5.23995
-0.534451,372.593,9.23596e-005,1.91227,2.05715,-5.44602,6.19202
-0.534451,372.593,9.25843e-005,2.05364,1.98754,-6.19553,7.11658
-0.534451,372.593,9.2809e-005,2.18691,1.90982,-6.91721,8.00985
-0.534451,372.593,9.30337e-005,2.31154,1.82433,-7.60813,8.8682
-0.534451,372.593,9.32584e-005,2.42705,1.73146,-8.26548,9.68812
-0.534451,372.593,9.34831e-005,2.53298,1.63161,-8.8866,10.4663
-0.534451,372.593,9.37079e-005,2.62892,1.52522,-9.469,11.1996
-0.534451,372.593,9.39326e-005,2.71448,1.41274,-10.0104,11.8851
-0.534451,372.593,9.41573e-005,2.78933,1.29467,-10.5085,12.52
-0.534451,372.593,9.4382e-005,2.85317,1.17151,-10.9615,13.1019
-0.534451,372.593,9.46067e-005,2.90575,1.04378,-11.3677,13.6284
-0.534451,372.593,9.48315e-005,2.94686,0.912033,-11.7254,14.0976
-0.534451,372.593,9.50562e-005,2.97634,0.776828,-12.0332,14.5075
-0.534451,372.593,9.52809e-005,2.99408,0.638736,-12.2902,14.8566
-0.534451,372.593,9.55056e-005,3,0.498339,-12.4953,15.1437
-0.534451,372.593,9.57303e-005,2.99408,0.356227,-12.6479,15.3676
-0.534451,372.593,9.59551e-005,2.97634,0.212997,-12.7475,15.5277
-0.534451,372.593,9.61798e-005,2.94686,0.0692454,-12.7939,15.6235
-0.534451,372.593,9.64045e-005,2.90575,-0.0744284,-12.787,15.6546
-0.534451,372.593,9.66292e-005,2.85317,-0.217428,-12.727,15.6211
-0.534451,372.593,9.68539e-005,2.78933,-0.359163,-12.6144,15.5234
-0.534451,372.593,9.70787e-005,2.71448,-0.499048,-12.4498,15.362
-0.534451,372.593,9.73034e-005,2.62892,-0.636509,-12.234,15.1377
-0.534451,372.593,9.75281e-005,2.53298,-0.770983,-11.9682,14.8516
-0.534451,372.593,9.77528e-005,2.42705,-0.901923,-11.6536,14.5051
-0.534451,372.593,9.79775e-005,2.31154,-1.0288,-11.2917,14.0998
-0.534451,372.593,9.82022e-005,2.18691,-1.15109,-10.8841,13.6374
-0.534451,372.593,9.8427e-005,2.05364,-1.26831,-10.4327,13.12
-0.534451,372.593,9.86517e-005,1.91227,-1.37999,-9.93946,12.55
-0.534451,372.593,9.88764e-005,1.76336,-1.48568,-9.40667,11.9298
-0.534451,372.593,9.91011e-005,1.60748,-1.58497,-8.83664,11.2621
-0.534451,372.593,9.93258e-005,1.44526,-1.67746,-8.23184,10.5497
-0.534451,372.593,9.95506e-005,1.27734,-1.7628,-7.59493,9.79581
-0.534451,372.593,9.97753e-005,1.10437,-1.84065,-6.92864,9.00355
-0.534451,372.593,0.0001,0.927051,-1.91071,-6.23585,8.17629
-0.534451,372.593,0.000100225,0.74607,-1.97273,-5.5195,7.31754
-0.534451,372.593,0.000100449,0.562144,-2.02647,-4.78267,6.43092
-0.534451,372.593,0.000100674,0.376,-2.07173,-4.02845,5.52015
-0.534451,372.593,0.000100899,0.188372,-2.10836,-3.26004,4.58903
-0.534451,372.593,0.000101124,3.30644e-015,-2.13623,-2.48067,3.64145
-0.534451,372.593,0.000101348,-0.188372,-2.15526,-1.69359,2.68135
-0.534451,372.593,0.000101573,-0.376,-2.1654,-0.902084,1.71269
-0.534451,372.593,0.000101798,-0.562144,-2.16663,-0.109435,0.739477
-0.534451,372.593,0.000102022,-0.74607,-2.15898,0.681082,-0.234289
-0.534451,372.593,0.000102247,-0.927051,-2.1425,1.46621,-1.20462
-0.534451,372.593,0.000102472,-1.10437,-2.1173,2.24274,-2.16754
-0.534451,372.593,0.000102697,-1.27734,-2.08351,3.0075,-3.11913
-0.534451,372.593,0.000102921,-1.44526,-2.04129,3.75738,-4.05554
-0.534451,372.593,0.000103146,-1.60748,-1.99085,4.48936,-4.97298
-0.534451,372.593,0.000103371,-1.76336,-1.93242,5.20047,-5.86774
-0.534451,372.593,0.000103596,-1.91227,-1.86626,5.88789,-6.73625
-0.534451,372.593,0.00010382,-2.05364,-1.79268,6.54887,-7.57501
-0.534451,372.593,0.000104045,-2.18691,-1.712,7.18079,-8.38071
-0.534451,372.593,0.00010427,-2.31154,-1.62457,7.78117,-9.15015
-0.534451,372.593,0.000104494,-2.42705,-1.53077,8.34767,-9.88029
-0.534451,372.593,0.000104719,-2.53298,-1.43102,8.87808,-10.5683
-0.534451,372.593,0.000104944,-2.62892,-1.32573,9.37038,-11.2114
-0.534451,372.593,0.000105169,-2.71448,-1.21537,9.82269,-11.8073
-0.534451,372.593,0.000105393,-2.78933,-1.10039,10.2333,-12.3535
-0.534451,372.593,0.000105618,-2.85317,-0.981277,10.6007,-12.8481
-0.534451,372.593,0.000105843,-2.90575,-0.85854,10.9236,-13.2891
-0.534451,372.593,0.000106067,-2.94686,-0.732689,11.2008,-13.6749
-0.534451,372.593,0.000106292,-2.97634,-0.604247,11.4313,-14.0042
-0.534451,372.593,0.000106517,-2.99408,-0.473748,11.6144,-14.2758
-0.534451,372.593,0.000106742,-3,-0.341731,11.7496,-14.4887
-0.534451,372.593,0.000106966,-2.99408,-0.208738,11.8364,-14.6423
-0.534451,372.593,0.000107191,-2.97634,-0.075314,11.8747,-14.7361
-0.534451,372.593,0.000107416,-2.94686,0.0579959,11.8646,-14.77
-0.534451,372.593,0.00010764,-2.90575,0.19065,11.8062,-14.7439
-0.534451,372.593,0.000107865,-2.85317,0.322112,11.7001,-14.6582
-0.534451,372.593,0.00010809,-2.78933,0.451851,11.5468,-14.5135
-0.534451,372.593,0.000108315,-2.71448,0.579347,11.3471,-14.3104
-0.534451,372.593,0.000108539,-2.62892,0.70409,11.1021,-14.05
-0.534451,372.593,0.000108764,-2.53298,0.825584,10.8129,-13.7336
-0.534451,372.593,0.000108989,-2.42705,0.943347,10.4809,-13.3625
-0.534451,372.593,0.000109213,-2.31154,1.05692,10.1076,-12.9385
-0.534451,372.593,0.000109438,-2.18691,1.16585,9.69471,-12.4635
-0.534451,372.593,0.000109663,-2.05364,1.26971,9.24403,-11.9395
-0.534451,372.593,0.000109888,-1.91227,1.36811,8.75756,-11.3689
-0.534451,372.593,0.000110112,-1.76336,1.46067,8.23742,-10.754
-0.534451,372.593,0.000110337,-1.60748,1.54702,7.68586,-10.0975
-0.534451,372.593,0.000110562,-1.44526,1.62686,7.10524,-9.40223
-0.534451,372.593,0.000110787,-1.27734,1.69987,6.49804,-8.67106
-0.534451,372.593,0.000111011,-1.10437,1.76579,5.86682,-7.90708
-0.534451,372.593,0.000111236,-0.927051,1.82438,5.21424,-7.11346
-0.534451,372.593,0.000111461,-0.74607,1.87542,4.54302,-6.29352
-0.534451,372.593,0.000111685,-0.562144,1.91875,3.85595,-5.45063
-0.534451,372.593,0.00011191,-0.376,1.95421,3.15589,-4.58827
-0.534451,372.593,0.000112135,-0.188372,1.98168,2.4457,-3.70998
-0.534451,372.593,0.00011236,-3.67382e-015,2.0011,1.7283,-2.81934
-0.534451,372.593,0.000112584,0.188372,2.01241,1.0066,-1.91996
-0.534451,372.593,0.000112809,0.376,2.0156,0.283549,-1.01551
-0.534451,372.593,0.000113034,0.562144,2.01068,-0.437949,-0.10962
-0.534451,372.593,0.000113258,0.74607,1.9977,-1.15499,0.794057
-0.534451,372.593,0.000113483,0.927051,1.97675,-1.86471,1.6919
-0.534451,372.593,0.000113708,1.10437,1.94794,-2.56428,2.58033
-0.534451,372.593,0.000113933,1.27734,1.91141,-3.25093,3.4558
-0.534451,372.593,0.000114157,1.44526,1.86734,-3.92195,4.31487
-0.534451,372.593,0.000114382,1.60748,1.81594,-4.57473,5.15412
-0.534451,372.593,0.000114607,1.76336,1.75744,-5.20671,5.97028
-0.534451,372.593,0.000114831,1.91227,1.6921,-5.81544,6.76014
-0.534451,372.593,0.000115056,2.05364,1.6202,-6.39859,7.52063
-0.534451,372.593,0.000115281,2.18691,1.54207,-6.95393,8.24881
-0.534451,372.593,0.000115506,2.31154,1.45803,-7.47934,8.94188
-0.534451,372.593,0.00011573,2.42705,1.36845,-7.97286,9.59717
-0.534451,372.593,0.000115955,2.53298,1.2737,-8.43264,10.2122
-0.534451,372.593,0.00011618,2.62892,1.17418,-8.85699,10.7847
-0.534451,372.593,0.000116404,2.71448,1.07031,-9.24436,11.3124
-0.534451,372.593,0.000116629,2.78933,0.962524,-9.59336,11.7934
-0.534451,372.593,0.000116854,2.85317,0.851257,-9.90277,12.226
-0.534451,372.593,0.000117079,2.90575,0.73697,-10.1715,12.6086
-0.534451,372.593,0.000117303,2.94686,0.620131,-10.3987,12.9398
-0.534451,372.593,0.000117528,2.97634,0.501214,-10.5836,13.2185
-0.534451,372.593,0.000117753,2.99408,0.380701,-10.7257,13.4438
-0.534451,372.593,0.000117978,3,0.259077,-10.8245,13.6149
-0.534451,372.593,0.000118202,2.99408,0.136831,-10.8799,13.7313
-0.534451,372.593,0.000118427,2.97634,0.0144512,-10.8918,13.7928
-0.534451,372.593,0.000118652,2.94686,-0.107576,-10.8604,13.7993
-0.534451,372.593,0.000118876,2.90575,-0.228767,-10.786,13.751
-0.534451,372.593,0.000119101,2.85317,-0.348644,-10.669,13.6482
-0.534451,372.593,0.000119326,2.78933,-0.466736,-10.5102,13.4915
-0.534451,372.593,0.000119551,2.71448,-0.582582,-10.3103,13.2817
-0.534451,372.593,0.000119775,2.62892,-0.69573,-10.0702,13.0199
-0.534451,372.593,0.00012,2.53298,-0.805743,-9.79115,12.7072
-0.534451,372.593,0.000120225,2.42705,-0.912197,-9.47439,12.345
-0.534451,372.593,0.000120449,2.31154,-1.01468,-9.12131,11.9351
-0.534451,372.593,0.000120674,2.18691,-1.11281,-8.73348,11.479
-0.534451,372.593,0.000120899,2.05364,-1.20621,-8.31258,10.9789
-0.534451,372.593,0.000121124,1.91227,-1.29453,-7.86041,10.4368
-0.534451,372.593,0.000121348,1.76336,-1.37744,-7.37889,9.85497
-0.534451,372.593,0.000121573,1.60748,-1.45463,-6.87004,9.23589
-0.534451,372.593,0.000121798,1.44526,-1.52582,-6.336,8.58212
-0.534451,372.593,0.000122022,1.27734,-1.59076,-5.77896,7.89636
-0.534451,372.593,0.000122247,1.10437,-1.6492,-5.20123,7.18141
-0.534451,372.593,0.000122472,0.927051,-1.70094,-4.60517,6.4402
-0.534451,372.593,0.000122697,0.74607,-1.74581,-3.99319,5.67574
-0.534451,372.593,0.000122921,0.562144,-1.78365,-3.36779,4.8911
-0.534451,372.593,0.000123146,0.376,-1.81434,-2.73146,4.08946
-0.534451,372.593,0.000123371,0.188372,-1.83778,-2.08676,3.27403
-0.534451,372.593,0.000123596,1.46993e-014,-1.85392,-1.43625,2.44806
-0.534451,372.593,0.00012382,-0.188372,-1.86271,-0.782511,1.61484
-0.534451,372.593,0.000124045,-0.376,-1.86415,-0.128124,0.777664
-0.534451,372.593,0.00012427,-0.562144,-1.85826,0.524346,-0.0601584
-0.534451,372.593,0.000124494,-0.74607,-1.84509,1.17235,-0.895332
-0.534451,372.593,0.000124719,-0.927051,-1.82471,1.81337,-1.72459
-0.534451,372.593,0.000124944,-1.10437,-1.79724,2.44493,-2.54468
-0.534451,372.593,0.000125169,-1.27734,-1.76281,3.06459,-3.35243
-0.534451,372.593,0.000125393,-1.44526,-1.72157,3.66998,-4.14471
-0.534451,372.593,0.000125618,-1.60748,-1.67372,4.2588,-4.91845
-0.534451,372.593,0.000125843,-1.76336,-1.61947,4.82881,-5.67068
-0.534451,372.593,0.000126067,-1.91227,-1.55904,5.37788,-6.39853
-0.534451,372.593,0.000126292,-2.05364,-1.4927,5.90393,-7.09923
-0.534451,372.593,0.000126517,-2.18691,-1.42074,6.40502,-7.7701
-0.534451,372.593,0.000126742,-2.31154,-1.34344,6.8793,-8.40864
-0.534451,372.593,0.000126966,-2.42705,-1.26114,7.32503,-9.01243
-0.534451,372.593,0.000127191,-2.53298,-1.17417,7.74059,-9.57924
-0.534451,372.593,0.000127416,-2.62892,-1.08288,8.12448,-10.107
-0.534451,372.593,0.00012764,-2.71448,-0.987651,8.47535,-10.5936
-0.534451,372.593,0.000127865,-2.78933,-0.888865,8.79196,-11.0375
-0.534451,372.593,0.00012809,-2.85317,-0.786918,9.07322,-11.437
-0.534451,372.593,0.000128315,-2.90575,-0.68222,9.31818,-11.7907
-0.534451,372.593,0.000128539,-2.94686,-0.575185,9.52604,-12.0973
-0.534451,372.593,0.000128764,-2.97634,-0.46624,9.69614,-12.3558
-0.534451,372.593,0.000128989,-2.99408,-0.355813,9.82797,-12.5654
-0.534451,372.593,0.000129213,-3,-0.24434,9.92117,-12.7253
-0.534451,372.593,0.000129438,-2.99408,-0.132255,9.97553,-12.8351
-0.534451,372.593,0.000129663,-2.97634,-0.0199964,9.991,-12.8945
-0.534451,372.593,0.000129888,-2.94686,0.0919998,9.96767,-12.9035
-0.534451,372.593,0.000130112,-2.90575,0.203301,9.90577,-12.8622
-0.534451,372.593,0.000130337,-2.85317,0.313477,9.8057,-12.7708
-0.534451,372.593,0.000130562,-2.78933,0.422106,9.66799,-12.6299
-0.534451,372.593,0.000130787,-2.71448,0.528773,9.49332,-12.4402
-0.534451,372.593,0.000131011,-2.62892,0.63307,9.28251,-12.2025
-0.534451,372.593,0.000131236,-2.53298,0.734604,9.03649,-11.918
-0.534451,372.593,0.000131461,-2.42705,0.83299,8.75637,-11.5879
-0.534451,372.593,0.000131685,-2.31154,0.927859,8.44333,-11.2135
-0.534451,372.593,0.00013191,-2.18691,1.01886,8.09872,-10.7965
-0.534451,372.593,0.000132135,-2.05364,1.10564,7.72397,-10.3386
-0.534451,372.593,0.00013236,-1.91227,1.1879,7.32064,-9.84164
-0.534451,372.593,0.000132584,-1.76336,1.26532,6.89039,-9.30775
-0.534451,372.593,0.000132809,-1.60748,1.33762,6.43496,-8.73907
-0.534451,372.593,0.000133034,-1.44526,1.40454,5.95619,-8.13789
-0.534451,372.593,0.000133258,-1.27734,1.46585,5.45601,-7.50664
-0.534451,372.593,0.000133483,-1.10437,1.52131,4.93642,-6.84783
-0.534451,372.593,0.000133708,-0.927051,1.57074,4.39947,-6.1641
-0.534451,372.593,0.000133933,-0.74607,1.61397,3.84728,-5.45814
-0.534451,372.593,0.000134157,-0.562144,1.65085,3.28203,-4.73276
-0.534451,372.593,0.000134382,-0.376,1.68125,2.70591,-3.99081
-0.534451,372.593,0.000134607,-0.188372,1.70509,2.12118,-3.23519
-0.534451,372.593,0.00123596,2.35368e-014,1.71069,3.29598,-4.21743
-0.534451,372.593,0.00123618,0.188372,1.74097,2.69512,-3.44859
-0.534451,372.593,0.0012364,0.376,1.76438,2.08362,-2.66613
-0.534451,372.593,0.00123663,0.562144,1.78083,1.46389,-1.87315
-0.534451,372.593,0.00123685,0.74607,1.79025,0.83839,-1.07278
-0.534451,372.593,0.00123708,0.927051,1.7926,0.209579,-0.26817
-0.534451,372.593,0.0012373,1.10437,1.78788,-0.420059,0.537494
-0.534451,372.593,0.00123753,1.27734,1.77611,-1.04804,1.34104
-0.534451,372.593,0.00123775,1.44526,1.75732,-1.67188,2.13929
-0.534451,372.593,0.00123798,1.60748,1.7316,-2.28913,2.9291
-0.534451,372.593,0.0012382,1.76336,1.69905,-2.89734,3.70734
-0.534451,372.593,0.00123843,1.91227,1.65979,-3.49412,4.47096
-0.534451,372.593,0.00123865,2.05364,1.61398,-4.07711,5.21693
-0.534451,372.593,0.00123888,2.18691,1.5618,-4.644,5.94232
-0.534451,372.593,0.0012391,2.31154,1.50345,-5.19257,6.64425
-0.534451,372.593,0.00123933,2.42705,1.43918,-5.72065,7.31996
-0.534451,372.593,0.00123955,2.53298,1.36922,-6.22615,7.96678
-0.534451,372.593,0.00123978,2.62892,1.29386,-6.70708,8.58216
-0.534451,372.593,0.00124,2.71448,1.21339,-7.16154,9.16367
-0.534451,372.593,0.00124022,2.78933,1.12814,-7.58773,9.70901
-0.534451,372.593,0.00124045,2.85317,1.03843,-7.98398,10.216
-0.534451,372.593,0.00124067,2.90575,0.944624,-8.34872,10.6828
-0.534451,372.593,0.0012409,2.94686,0.84709,-8.68051,11.1073
-0.534451,372.593,0.00124112,2.97634,0.746214,-8.97805,11.488
-0.534451,372.593,0.00124135,2.99408,0.642392,-9.24015,11.8234
-0.534451,372.593,0.00124157,3,0.536034,-9.46579,12.1121
-0.534451,372.593,0.0012418,2.99408,0.427562,-9.65406,12.353
-0.534451,372.593,0.00124202,2.97634,0.317402,-9.80424,12.5452
-0.534451,372.593,0.00124225,2.94686,0.205989,-9.91573,12.6878
-0.534451,372.593,0.00124247,2.90575,0.0937636,-9.98808,12.7804
-0.534451,372.593,0.0012427,2.85317,-0.018832,-10.021,12.8226
-0.534451,372.593,0.00124292,2.78933,-0.131353,-10.0144,12.8141
-0.534451,372.593,0.00124315,2.71448,-0.243356,-9.96826,12.7551
-0.534451,372.593,0.00124337,2.62892,-0.354399,-9.88278,12.6457
-0.534451,372.593,0.0012436,2.53298,-0.464043,-9.7583,12.4864
-0.534451,372.593,0.00124382,2.42705,-0.571855,-9.59531,12.2778
-0.534451,372.593,0.00124404,2.31154,-0.677411,-9.39445,12.0208
-0.534451,372.593,0.00124427,2.18691,-0.780293,-9.15652,11.7164
-0.534451,372.593,0.00124449,2.05364,-0.880096,-8.88245,11.3657
-0.534451,372.593,0.00124472,1.91227,-0.976425,-8.57332,10.9701
-0.534451,372.593,0.00124494,1.76336,-1.0689,-8.23036,10.5313
-0.534451,372.593,0.00124517,1.60748,-1.15716,-7.85491,10.0509
-0.534451,372.593,0.00124539,1.44526,-1.24085,-7.44847,9.53082
-0.534451,372.593,0.00124562,1.27734,-1.31964,-7.01263,8.97313
-0.534451,372.593,0.00124584,1.10437,-1.39323,-6.54912,8.38004
-0.534451,372.593,0.00124607,0.927051,-1.46132,-6.05976,7.75387
-0.534451,372.593,0.00124629,0.74607,-1.52364,-5.54648,7.09709
-0.534451,372.593,0.00124652,0.562144,-1.57994,-5.01131,6.41231
-0.534451,372.593,0.00124674,0.376,-1.63001,-4.45637,5.70223
-0.534451,372.593,0.00124697,0.188372,-1.67365,-3.88384,4.96964
-0.534451,372.593,0.00124719,8.80497e-015,-1.71069,-3.29598,4.21743
-0.534451,372.593,0.00124742,-0.188372,-1.74097,-2.69512,3.44859
-0.534451,372.593,0.00124764,-0.376,-1.76438,-2.08362,2.66613
-0.534451,372.593,0.00124787,-0.562144,-1.78083,-1.46389,1.87315
-0.534451,372.593,0.00124809,-0.74607,-1.79025,-0.83839,1.07278
-0.534451,372.593,0.00124831,-0.927051,-1.7926,-0.209579,0.26817
-0.534451,372.593,0.00124854,-1.10437,-1.78788,0.420059,-0.537494
-0.534451,372.593,0.00124876,-1.27734,-1.77611,1.04804,-1.34104
-0.534451,372.593,0.00124899,-1.44526,-1.75732,1.67188,-2.13929
-0.534451,372.593,0.00124921,-1.60748,-1.7316,2.28913,-2.9291
-0.534451,372.593,0.00124944,-1.76336,-1.69905,2.89734,-3.70734
-0.534451,372.593,0.00124966,-1.91227,-1.65979,3.49412,-4.47096
-0.534451,372.593,0.00124989,-2.05364,-1.61398,4.07711,-5.21693
-0.534451,372.593,0.00125011,-2.18691,-1.5618,4.644,-5.94232
-0.534451,372.593,0.00125034,-2.31154,-1.50345,5.19257,-6.64425
-0.534451,372.593,0.00125056,-2.42705,-1.43918,5.72065,-7.31996
-0.534451,372.593,0.00125079,-2.53298,-1.36922,6.22615,-7.96678
-0.534451,372.593,0.00125101,-2.62892,-1.29386,6.70708,-8.58216
-0.534451,372.593,0.00125124,-2.71448,-1.21339,7.16154,-9.16367
-0.534451,372.593,0.00125146,-2.78933,-1.12814,7.58773,-9.70901
-0.534451,372.593,0.00125169,-2.85317,-1.03843,7.98398,-10.216
-0.534451,372.593,0.00125191,-2.90575,-0.944624,8.34872,-10.6828
-0.534451,372.593,0.00125213,-2.94686,-0.84709,8.68051,-11.1073
-0.534451,372.593,0.00125236,-2.97634,-0.746214,8.97805,-11.488
-0.534451,372.593,0.00125258,-2.99408,-0.642392,9.24015,-11.8234
-0.534451,372.593,0.00125281,-3,-0.536034,9.46579,-12.1121
-0.534451,372.593,0.00125303,-2.99408,-0.427562,9.65406,-12.353
-0.534451,372.593,0.00125326,-2.97634,-0.317402,9.80424,-12.5452
-0.534451,372.593,0.00125348,-2.94686,-0.205989,9.91573,-12.6878
-0.534451,372.593,0.00125371,-2.90575,-0.0937636,9.98808,-12.7804
-0.534451,372.593,0.00125393,-2.85317,0.0188321,10.021,-12.8226
-0.534451,372.593,0.00125416,-2.78933,0.131353,10.0144,-12.8141
-0.534451,372.593,0.00125438,-2.71448,0.243356,9.96826,-12.7551
-0.534451,372.593,0.00125461,-2.62892,0.354399,9.88278,-12.6457
-0.534451,372.593,0.00125483,-2.53298,0.464043,9.7583,-12.4864
-0.534451,372.593,0.00125506,-2.42705,0.571855,9.59531,-12.2778
-0.534451,372.593,0.00125528,-2.31154,0.677411,9.39445,-12.0208
-0.534451,372.593,0.00125551,-2.18691,0.780293,9.15652,-11.7164
-0.534451,372.593,0.00125573,-2.05364,0.880096,8.88245,-11.3657
-0.534451,372.593,0.00125596,-1.91227,0.976425,8.57332,-10.9701
-0.534451,372.593,0.00125618,-1.76336,1.0689,8.23036,-10.5313
-0.534451,372.593,0.0012564,-1.60748,1.15716,7.85491,-10.0509
-0.534451,372.593,0.00125663,-1.44526,1.24085,7.44847,-9.53082
-0.534451,372.593,0.00125685,-1.27734,1.31964,7.01263,-8.97313
-0.534451,372.593,0.00125708,-1.10437,1.39323,6.54912,-8.38004
-0.534451,372.593,0.0012573,-0.927051,1.46132,6.05976,-7.75387
-0.534451,372.593,0.00125753,-0.74607,1.52364,5.54648,-7.09709
-0.534451,372.593,0.00125775,-0.562144,1.57994,5.01131,-6.41231
-0.534451,372.593,0.00125798,-0.376,1.63001,4.45637,-5.70223
-0.534451,372.593,0.0012582,-0.188372,1.67365,3.88384,-4.96964
-0.534451,372.593,0.00125843,-4.11468e-014,1.71069,3.29598,-4.21743
-0.534451,372.593,0.00125865,0.188372,1.74097,2.69512,-3.44859
-0.534451,372.593,0.00125888,0.376,1.76438,2.08362,-2.66613
-0.534451,372.593,0.0012591,0.562144,1.78083,1.46389,-1.87315
-0.534451,372.593,0.00125933,0.74607,1.79025,0.83839,-1.07278
-0.534451,372.593,0.00125955,0.927051,1.7926,0.209579,-0.26817
-0.534451,372.593,0.00125978,1.10437,1.78788,-0.420059,0.537494
-0.534451,372.593,0.00126,1.27734,1.77611,-1.04804,1.34104
-0.534451,372.593,0.00126022,1.44526,1.75732,-1.67188,2.13929
-0.534451,372.593,0.00126045,1.60748,1.7316,-2.28913,2.9291
-0.534451,372.593,0.00126067,1.76336,1.69905,-2.89734,3.70734
-0.534451,372.593,0.0012609,1.91227,1.65979,-3.49412,4.47096
-0.534451,372.593,0.00126112,2.05364,1.61398,-4.07711,5.21693
-0.534451,372.593,0.00126135,2.18691,1.5618,-4.644,5.94232
-0.534451,372.593,0.00126157,2.31154,1.50345,-5.19257,6.64425
-0.534451,372.593,0.0012618,2.42705,1.43918,-5.72065,7.31996
-0.534451,372.593,0.00126202,2.53298,1.36922,-6.22615,7.96678
-0.534451,372.593,0.00126225,2.62892,1.29386,-6.70708,8.58216
-0.534451,372.593,0.00126247,2.71448,1.21339,-7.16154,9.16367
-0.534451,372.593,0.0012627,2.78933,1.12814,-7.58773,9.70901
-0.534451,372.593,0.00126292,2.85317,1.03843,-7.98398,10.216
-0.534451,372.593,0.00126315,2.90575,0.944624,-8.34872,10.6828
-0.534451,372.593,0.00126337,2.94686,0.84709,-8.68051,11.1073
-0.534451,372.593,0.0012636,2.97634,0.746214,-8.97805,11.488
-0.534451,372.593,0.00126382,2.99408,0.642392,-9.24015,11.8234
-0.534451,372.593,0.00126404,3,0.536034,-9.46579,12.1121
-0.534451,372.593,0.00126427,2.99408,0.427562,-9.65406,12.353
-0.534451,372.593,0.00126449,2.97634,0.317402,-9.80424,12.5452
-0.534451,372.593,0.00126472,2.94686,0.205989,-9.91573,12.6878
-0.534451,372.593,0.00126494,2.90575,0.0937636,-9.98808,12.7804
-0.534451,372.593,0.00126517,2.85317,-0.0188321,-10.021,12.8226
-0.534451,372.593,0.00126539,2.78933,-0.131353,-10.0144,12.8141
-0.534451,372.593,0.00126562,2.71448,-0.243356,-9.96826,12.7551
-0.534451,372.593,0.00126584,2.62892,-0.354399,-9.88278,12.6457
-0.534451,372.593,0.00126607,2.53298,-0.464043,-9.7583,12.4864
-0.534451,372.593,0.00126629,2.42705,-0.571855,-9.59531,12.2778
-0.534451,372.593,0.00126652,2.31154,-0.677411,-9.39445,12.0208
-0.534451,372.593,0.00126674,2.18691,-0.780293,-9.15652,11.7164
-0.534451,372.593,0.00126697,2.05364,-0.880096,-8.88245,11.3657
-0.534451,372.593,0.00126719,1.91227,-0.976425,-8.57332,10.9701
-0.534451,372.593,0.00126742,1.76336,-1.0689,-8.23036,10.5313
-0.534451,372.593,0.00126764,1.60748,-1.15716,-7.85491,10.0509
-0.534451,372.593,0.00126787,1.44526,-1.24085,-7.44847,9.53082
-0.534451,372.593,0.00126809,1.27734,-1.31964,-7.01263,8.97313
-0.534451,372.593,0.00126831,1.10437,-1.39323,-6.54912,8.38004
-0.534451,372.593,0.00126854,0.927051,-1.46132,-6.05976,7.75387
-0.534451,372.593,0.00126876,0.74607,-1.52364,-5.54648,7.09709
-0.534451,372.593,0.00126899,0.562144,-1.57994,-5.01131,6.41231
-0.534451,372.593,0.00126921,0.376,-1.63001,-4.45637,5.70223
-0.534451,372.593,0.00126944,0.188372,-1.67365,-3.88384,4.96964
-0.534451,372.593,0.00126966,7.34886e-014,-1.71069,-3.29598,4.21743
-0.534451,372.593,0.00126989,-0.188372,-1.74097,-2.69512,3.44859
-0.534451,372.593,0.00127011,-0.376,-1.76438,-2.08362,2.66613
-0.534451,372.593,0.00127034,-0.562144,-1.78083,-1.46389,1.87315
-0.534451,372.593,0.00127056,-0.74607,-1.79025,-0.83839,1.07278
-0.534451,372.593,0.00127079,-0.927051,-1.7926,-0.209579,0.26817
-0.534451,372.593,0.00127101,-1.10437,-1.78788,0.420059,-0.537494
-0.534451,372.593,0.00127124,-1.27734,-1.77611,1.04804,-1.34104
-0.534451,372.593,0.00127146,-1.44526,-1.75732,1.67188,-2.13929
-0.534451,372.593,0.00127169,-1.60748,-1.7316,2.28913,-2.9291
-0.534451,372.593,0.00127191,-1.76336,-1.69905,2.89734,-3.70734
-0.534451,372.593,0.00127213,-1.91227,-1.65979,3.49412,-4.47096
-0.534451,372.593,0.00127236,-2.05364,-1.61398,4.07711,-5.21693
-0.534451,372.593,0.00127258,-2.18691,-1.5618,4.644,-5.94232
-0.534451,372.593,0.00127281,-2.31154,-1.50345,5.19257,-6.64425
-0.534451,372.593,0.00127303,-2.42705,-1.43918,5.72065,-7.31996
-0.534451,372.593,0.00127326,-2.53298,-1.36922,6.22615,-7.96678
-0.534451,372.593,0.00127348,-2.62892,-1.29386,6.70708,-8.58216
-0.534451,372.593,0.00127371,-2.71448,-1.21339,7.16154,-9.16367
-0.534451,372.593,0.00127393,-2.78933,-1.12814,7.58773,-9.70901
-0.534451,372.593,0.00127416,-2.85317,-1.03843,7.98398,-10.216
-0.534451,372.593,0.00127438,-2.90575,-0.944624,8.34872,-10.6828
-0.534451,372.593,0.00127461,-2.94686,-0.84709,8.68051,-11.1073
-0.534451,372.593,0.00127483,-2.97634,-0.746213,8.97805,-11.488
-0.534451,372.593,0.00127506,-2.99408,-0.642392,9.24015,-11.8234
-0.534451,372.593,0.00127528,-3,-0.536034,9.46579,-12.1121
-0.534451,372.593,0.00127551,-2.99408,-0.427562,9.65406,-12.353
-0.534451,372.593,0.00127573,-2.97634,-0.317402,9.80424,-12.5452
-0.534451,372.593,0.00127596,-2.94686,-0.205989,9.91573,-12.6878
-0.534451,372.593,0.00127618,-2.90575,-0.0937635,9.98808,-12.7804
-0.534451,372.593,0.0012764,-2.85317,0.0188321,10.021,-12.8226
-0.534451,372.593,0.00127663,-2.78933,0.131353,10.0144,-12.8141
-0.534451,372.593,0.00127685,-2.71448,0.243356,9.96826,-12.7551
-0.534451,372.593,0.00127708,-2.62892,0.354399,9.88278,-12.6457
-0.534451,372.593,0.0012773,-2.53298,0.464043,9.7583,-12.4864
-0.534451,372.593,0.00127753,-2.42705,0.571855,9.59531,-12.2778
-0.534451,372.593,0.00127775,-2.31154,0.677411,9.39445,-12.0208
-0.534451,372.593,0.00127798,-2.18691,0.780293,9.15652,-11.7164
-0.534451,372.593,0.0012782,-2.05364,0.880096,8.88245,-11.3657
-0.534451,372.593,0.00127843,-1.91227,0.976425,8.57332,-10.9701
-0.534451,372.593,0.00127865,-1.76336,1.0689,8.23036,-10.5313
-0.534451,372.593,0.00127888,-1.60748,1.15716,7.85491,-10.0509
-0.534451,372.593,0.0012791,-1.44526,1.24085,7.44847,-9.53082
-0.534451,372.593,0.00127933,-1.27734,1.31964,7.01263,-8.97313
-0.534451,372.593,0.00127955,-1.10437,1.39323,6.54912,-8.38004
-0.534451,372.593,0.00127978,-0.927051,1.46132,6.05976,-7.75387
-0.534451,372.593,0.00128,-0.74607,1.52364,5.54648,-7.09709
-0.534451,372.593,0.00128022,-0.562144,1.57994,5.01131,-6.41231
-0.534451,372.593,0.00128045,-0.376,1.63001,4.45637,-5.70223
-0.534451,372.593,0.00128067,-0.188372,1.67365,3.88384,-4.96964
-0.534451,372.593,0.0012809,6.46999e-014,1.71069,3.29598,-4.21743
-0.534451,372.593,0.00128112,0.188372,1.74097,2.69512,-3.44859
-0.534451,372.593,0.00128135,0.376,1.76438,2.08362,-2.66613
-0.534451,372.593,0.00128157,0.562144,1.78083,1.46389,-1.87315
-0.534451,372.593,0.0012818,0.74607,1.79025,0.83839,-1.07278
-0.534451,372.593,0.00128202,0.927051,1.7926,0.209579,-0.26817
-0.534451,372.593,0.00128225,1.10437,1.78788,-0.42006,0.537494
-0.534451,372.593,0.00128247,1.27734,1.77611,-1.04804,1.34104
-0.534451,372.593,0.0012827,1.44526,1.75732,-1.67188,2.13929
-0.534451,372.593,0.00128292,1.60748,1.7316,-2.28913,2.9291
-0.534451,372.593,0.00128315,1.76336,1.69905,-2.89734,3.70734
-0.534451,372.593,0.00128337,1.91227,1.65979,-3.49412,4.47096
-0.534451,372.593,0.0012836,2.05364,1.61398,-4.07711,5.21693
-0.534451,372.593,0.00128382,2.18691,1.5618,-4.644,5.94232
-0.534451,372.593,0.00128404,2.31154,1.50345,-5.19257,6.64425
-0.534451,372.593,0.00128427,2.42705,1.43918,-5.72065,7.31996
-0.534451,372.593,0.00128449,2.53298,1.36922,-6.22615,7.96678
-0.534451,372.593,0.00128472,2.62892,1.29386,-6.70708,8.58216
-0.534451,372.593,0.00128494,2.71448,1.21339,-7.16154,9.16367
-0.534451,372.593,0.00128517,2.78933,1.12814,-7.58773,9.70901
-0.534451,372.593,0.00128539,2.85317,1.03843,-7.98398,10.216
-0.534451,372.593,0.00128562,2.90575,0.944624,-8.34872,10.6828
-0.534451,372.593,0.00128584,2.94686,0.84709,-8.68051,11.1073
-0.534451,372.593,0.00128607,2.97634,0.746213,-8.97805,11.488
-0.534451,372.593,0.00128629,2.99408,0.642392,-9.24015,11.8234
-0.534451,372.593,0.00128652,3,0.536034,-9.46579,12.1121
-0.534451,372.593,0.00128674,2.99408,0.427562,-9.65406,12.353
-0.534451,372.593,0.00128697,2.97634,0.317402,-9.80424,12.5452
-0.534451,372.593,0.00128719,2.94686,0.205989,-9.91573,12.6878
-0.534451,372.593,0.00128742,2.90575,0.0937635,-9.98808,12.7804
-0.534451,372.593,0.00128764,2.85317,-0.0188321,-10.021,12.8226
-0.534451,372.593,0.00128787,2.78933,-0.131353,-10.0144,12.8141
-0.534451,372.593,0.00128809,2.71448,-0.243356,-9.96826,12.7551
-0.534451,372.593,0.00128831,2.62892,-0.354399,-9.88278,12.6457
-0.534451,372.593,0.00128854,2.53298,-0.464043,-9.7583,12.4864
-0.534451,372.593,0.00128876,2.42705,-0.571855,-9.59531,12.2778
-0.534451,372.593,0.00128899,2.31154,-0.677411,-9.39445,12.0208
-0.534451,372.593,0.00128921,2.18691,-0.780293,-9.15652,11.7164
-0.534451,372.593,0.00128944,2.05364,-0.880096,-8.88244,11.3657
-0.534451,372.593,0.00128966,1.91227,-0.976425,-8.57332,10.9701
-0.534451,372.593,0.00128989,1.76336,-1.0689,-8.23036,10.5313
-0.534451,372.593,0.00129011,1.60748,-1.15716,-7.85491,10.0509
-0.534451,372.593,0.00129034,1.44526,-1.24085,-7.44847,9.53082
-0.534451,372.593,0.00129056,1.27734,-1.31964,-7.01263,8.97313
-0.534451,372.593,0.00129079,1.10437,-1.39323,-6.54912,8.38004
-0.534451,372.593,0.00129101,0.927051,-1.46132,-6.05976,7.75386
-0.534451,372.593,0.00129124,0.74607,-1.52364,-5.54648,7.09709
-0.534451,372.593,0.00129146,0.562144,-1.57994,-5.01131,6.41231
-0.534451,372.593,0.00129169,0.376,-1.63001,-4.45637,5.70223
-0.534451,372.593,0.00129191,0.188372,-1.67365,-3.88384,4.96964
-0.534451,372.593,0.00129213,1.38172e-013,-1.71069,-3.29598,4.21743
-0.534451,372.593,0.00129236,-0.188372,-1.74097,-2.69512,3.44859
-0.534451,372.593,0.00129258,-0.376,-1.76438,-2.08362,2.66613
-0.534451,372.593,0.00129281,-0.562144,-1.78083,-1.46389,1.87315
-0.534451,372.593,0.00129303,-0.74607,-1.79025,-0.838389,1.07278
-0.534451,372.593,0.00129326,-0.927051,-1.7926,-0.209578,0.26817
-0.534451,372.593,0.00129348,-1.10437,-1.78788,0.42006,-0.537495
-0.534451,372.593,0.00129371,-1.27734,-1.77611,1.04804,-1.34104
-0.534451,372.593,0.00129393,-1.44526,-1.75732,1.67188,-2.13929
-0.534451,372.593,0.00129416,-1.60748,-1.7316,2.28913,-2.9291
-0.534451,372.593,0.00129438,-1.76336,-1.69905,2.89734,-3.70734
-0.534451,372.593,0.00129461,-1.91227,-1.65979,3.49412,-4.47096
-0.534451,372.593,0.00129483,-2.05364,-1.61398,4.07711,-5.21693
-0.534451,372.593,0.00129506,-2.18691,-1.5618,4.644,-5.94232
-0.534451,372.593,0.00129528,-2.31154,-1.50345,5.19257,-6.64425
-0.534451,372.593,0.00129551,-2.42705,-1.43918,5.72065,-7.31996
-0.534451,372.593,0.00129573,-2.53298,-1.36922,6.22615,-7.96678
-0.534451,372.593,0.00129596,-2.62892,-1.29386,6.70708,-8.58216
-0.534451,372.593,0.00129618,-2.71448,-1.21339,7.16154,-9.16367
-0.534451,372.593,0.0012964,-2.78933,-1.12814,7.58773,-9.70901
-0.534451,372.593,0.00129663,-2.85317,-1.03843,7.98398,-10.216
-0.534451,372.593,0.00129685,-2.90575,-0.944624,8.34872,-10.6828
-0.534451,372.593,0.00129708,-2.94686,-0.84709,8.68051,-11.1073
-0.534451,372.593,0.0012973,-2.97634,-0.746213,8.97805,-11.488
-0.534451,372.593,0.00129753,-2.99408,-0.642392,9.24015,-11.8234
-0.534451,372.593,0.00129775,-3,-0.536034,9.46579,-12.1121
-0.534451,372.593,0.00129798,-2.99408,-0.427562,9.65406,-12.353
-0.534451,372.593,0.0012982,-2.97634,-0.317402,9.80424,-12.5452
-0.534451,372.593,0.00129843,-2.94686,-0.205989,9.91573,-12.6878
-0.534451,372.593,0.00129865,-2.90575,-0.0937635,9.98808,-12.7804
-0.534451,372.593,0.00129888,-2.85317,0.0188321,10.021,-12.8226
-0.534451,372.593,0.0012991,-2.78933,0.131353,10.0144,-12.8141
-0.534451,372.593,0.00129933,-2.71448,0.243356,9.96826,-12.7551
-0.534451,372.593,0.00129955,-2.62892,0.354399,9.88278,-12.6457
-0.534451,372.593,0.00129978,-2.53298,0.464043,9.7583,-12.4864
-0.534451,372.593,0.0013,-2.42705,0.571855,9.59531,-12.2778
-0.534451,372.593,0.00130022,-2.31154,0.677411,9.39445,-12.0208
-0.534451,372.593,0.00130045,-2.18691,0.780293,9.15652,-11.7164
-0.534451,372.593,0.00130067,-2.05364,0.880096,8.88244,-11.3657
-0.534451,372.593,0.0013009,-1.91227,0.976425,8.57332,-10.9701
-0.534451,372.593,0.00130112,-1.76336,1.0689,8.23036,-10.5313
-0.534451,372.593,0.00130135,-1.60748,1.15716,7.85491,-10.0509
-0.534451,372.593,0.00130157,-1.44526,1.24085,7.44847,-9.53082
-0.534451,372.593,0.0013018,-1.27734,1.31964,7.01263,-8.97313
-0.534451,372.593,0.00130202,-1.10437,1.39323,6.54912,-8.38003
-0.534451,372.593,0.00130225,-0.927051,1.46132,6.05976,-7.75386
-0.534451,372.593,0.00130247,-0.74607,1.52364,5.54648,-7.09709
-0.534451,372.593,0.0013027,-0.562144,1.57994,5.01131,-6.41231
-0.534451,372.593,0.00130292,-0.376,1.63001,4.45637,-5.70223
-0.534451,372.593,0.00130315,-0.188372,1.67365,3.88384,-4.96964
-0.534451,372.593,0.00130337,1.6263e-017,1.71069,3.29598,-4.21743
-0.534451,372.593,0.0013036,0.188372,1.74097,2.69512,-3.44859
-0.534451,372.593,0.00130382,0.376,1.76438,2.08362,-2.66613
-0.534451,372.593,0.00130404,0.562144,1.78083,1.46389,-1.87315
-0.534451,372.593,0.00130427,0.74607,1.79025,0.838389,-1.07278
-0.534451,372.593,0.00130449,0.927051,1.7926,0.209578,-0.26817
-0.534451,372.593,0.00130472,1.10437,1.78788,-0.42006,0.537495
-0.534451,372.593,0.00130494,1.27734,1.77611,-1.04804,1.34104
-0.534451,372.593,0.00130517,1.44526,1.75732,-1.67188,2.13929
-0.534451,372.593,0.00130539,1.60748,1.7316,-2.28913,2.9291
-0.534451,372.593,0.00130562,1.76336,1.69905,-2.89734,3.70734
-0.534451,372.593,0.00130584,1.91227,1.65979,-3.49412,4.47096
-0.534451,372.593,0.00130607,2.05364,1.61398,-4.07711,5.21693
-0.534451,372.593,0.00130629,2.18691,1.5618,-4.644,5.94232
-0.534451,372.593,0.00130652,2.31154,1.50345,-5.19257,6.64425
-0.534451,372.593,0.00130674,2.42705,1.43918,-5.72065,7.31996
-0.534451,372.593,0.00130697,2.53298,1.36922,-6.22615,7.96678
-0.534451,372.593,0.00130719,2.62892,1.29386,-6.70708,8.58216
-0.534451,372.593,0.00130742,2.71448,1.21339,-7.16154,9.16367
-0.534451,372.593,0.00130764,2.78933,1.12814,-7.58773,9.70901
-0.534451,372.593,0.00130787,2.85317,1.03843,-7.98398,10.216
-0.534451,372.593,0.00130809,2.90575,0.944624,-8.34872,10.6828
-0.534451,372.593,0.00130831,2.94686,0.84709,-8.68051,11.1073
-0.534451,372.593,0.00130854,2.97634,0.746213,-8.97805,11.488
-0.534451,372.593,0.00130876,2.99408,0.642392,-9.24015,11.8234
-0.534451,372.593,0.00130899,3,0.536034,-9.46579,12.1121
-0.534451,372.593,0.00130921,2.99408,0.427562,-9.65406,12.353
-0.534451,372.593,0.00130944,2.97634,0.317402,-9.80424,12.5452
-0.534451,372.593,0.00130966,2.94686,0.205989,-9.91573,12.6878
-0.534451,372.593,0.00130989,2.90575,0.0937635,-9.98808,12.7804
-0.534451,372.593,0.00131011,2.85317,-0.0188321,-10.021,12.8226
-0.534451,372.593,0.00131034,2.78933,-0.131353,-10.0144,12.8141
-0.534451,372.593,0.00131056,2.71448,-0.243356,-9.96826,12.7551
-0.534451,372.593,0.00131079,2.62892,-0.354399,-9.88278,12.6457
-0.534451,372.593,0.00131101,2.53298,-0.464043,-9.7583,12.4864
-0.534451,372.593,0.00131124,2.42705,-0.571855,-9.59531,12.2778
-0.534451,372.593,0.00131146,2.31154,-0.677411,-9.39445,12.0208
-0.534451,372.593,0.00131169,2.18691,-0.780293,-9.15652,11.7164
-0.534451,372.593,0.00131191,2.05364,-0.880096,-8.88244,11.3657
-0.534451,372.593,0.00131213,1.91227,-0.976425,-8.57332,10.9701
-0.534451,372.593,0.00131236,1.76336,-1.0689,-8.23036,10.5313
-0.534451,372.593,0.00131258,1.60748,-1.15716,-7.85491,10.0509
-0.534451,372.593,0.00131281,1.44526,-1.24085,-7.44847,9.53082
-0.534451,372.593,0.00131303,1.27734,-1.31964,-7.01263,8.97313
-0.534451,372.593,0.00131326,1.10437,-1.39323,-6.54912,8.38003
-0.534451,372.593,0.00131348,0.927051,-1.46132,-6.05976,7.75386
-0.534451,372.593,0.00131371,0.74607,-1.52364,-5.54648,7.09709
-0.534451,372.593,0.00131393,0.562144,-1.57994,-5.01131,6.41231
-0.534451,372.593,0.00131416,0.376,-1.63001,-4.45637,5.70223
-0.534451,372.593,0.00131438,0.188372,-1.67365,-3.88384,4.96964
-0.534451,372.593,0.00131461,3.23255e-014,-1.71069,-3.29598,4.21743
-0.534451,372.593,0.00131483,-0.188372,-1.74097,-2.69512,3.44859
-0.534451,372.593,0.00131506,-0.376,-1.76438,-2.08362,2.66613
-0.534451,372.593,0.00131528,-0.562144,-1.78083,-1.46389,1.87315
-0.534451,372.593,0.00131551,-0.74607,-1.79025,-0.838389,1.07278
-0.534451,372.593,0.00131573,-0.927051,-1.7926,-0.209578,0.26817
-0.534451,372.593,0.00131596,-1.10437,-1.78788,0.42006,-0.537495
-0.534451,372.593,0.00131618,-1.27734,-1.77611,1.04804,-1.34104
-0.534451,372.593,0.0013164,-1.44526,-1.75732,1.67188,-2.13929
-0.534451,372.593,0.00131663,-1.60748,-1.7316,2.28913,-2.9291
-0.534451,372.593,0.00131685,-1.76336,-1.69905,2.89734,-3.70734
-0.534451,372.593,0.00131708,-1.91227,-1.65979,3.49412,-4.47096
-0.534451,372.593,0.0013173,-2.05364,-1.61398,4.07711,-5.21693
-0.534451,372.593,0.00131753,-2.18691,-1.5618,4.644,-5.94232
-0.534451,372.593,0.00131775,-2.31154,-1.50345,5.19257,-6.64425
-0.534451,372.593,0.00131798,-2.42705,-1.43918,5.72065,-7.31996
-0.534451,372.593,0.0013182,-2.53298,-1.36922,6.22615,-7.96678
-0.534451,372.593,0.00131843,-2.62892,-1.29386,6.70708,-8.58216
-0.534451,372.593,0.00131865,-2.71448,-1.21339,7.16154,-9.16367
-0.534451,372.593,0.00131888,-2.78933,-1.12814,7.58773,-9.70901
-0.534451,372.593,0.0013191,-2.85317,-1.03843,7.98398,-10.216
-0.534451,372.593,0.00131933,-2.90575,-0.944624,8.34872,-10.6828
-0.534451,372.593,0.00131955,-2.94686,-0.84709,8.68051,-11.1073
-0.534451,372.593,0.00131978,-2.97634,-0.746213,8.97805,-11.488
-0.534451,372.593,0.00132,-2.99408,-0.642392,9.24015,-11.8234
-0.534451,372.593,0.00132022,-3,-0.536034,9.46579,-12.1121
-0.534451,372.593,0.00132045,-2.99408,-0.427562,9.65406,-12.353
-0.534451,372.593,0.00132067,-2.97634,-0.317402,9.80424,-12.5452
-0.534451,372.593,0.0013209,-2.94686,-0.205989,9.91573,-12.6878
-0.534451,372.593,0.00132112,-2.90575,-0.0937635,9.98808,-12.7804
-0.534451,372.593,0.00132135,-2.85317,0.0188321,10.021,-12.8226
-0.534451,372.593,0.00132157,-2.78933,0.131353,10.0144,-12.8141
-0.534451,372.593,0.0013218,-2.71448,0.243356,9.96826,-12.7551
-0.534451,372.593,0.00132202,-2.62892,0.354399,9.88278,-12.6457
-0.534451,372.593,0.00132225,-2.53298,0.464043,9.7583,-12.4864
-0.534451,372.593,0.00132247,-2.42705,0.571855,9.59531,-12.2778
-0.534451,372.593,0.0013227,-2.31154,0.677411,9.39445,-12.0208
-0.534451,372.593,0.00132292,-2.18691,0.780293,9.15652,-11.7164
-0.534451,372.593,0.00132315,-2.05364,0.880096,8.88244,-11.3657
-0.534451,372.593,0.00132337,-1.91227,0.976425,8.57332,-10.9701
-0.534451,372.593,0.0013236,-1.76336,1.0689,8.23036,-10.5313
-0.534451,372.593,0.00132382,-1.60748,1.15716,7.85491,-10.0509
-0.534451,372.593,0.00132404,-1.44526,1.24085,7.44847,-9.53082
-0.534451,372.593,0.00132427,-1.27734,1.31964,7.01263,-8.97313
-0.534451,372.593,0.00132449,-1.10437,1.39323,6.54912,-8.38003
-0.534451,372.593,0.00132472,-0.927051,1.46132,6.05976,-7.75386
-0.534451,372.593,0.00132494,-0.74607,1.52364,5.54648,-7.09709
-0.534451,372.593,0.00132517,-0.562144,1.57994,5.01131,-6.41231
-0.534451,372.593,0.00132539,-0.376,1.63001,4.45637,-5.70223
-0.534451,372.593,0.00132562,-0.188372,1.67365,3.88384,-4.96964
-0.534451,372.593,0.00132584,-6.46673e-014,1.71069,3.29598,-4.21743
-0.534451,372.593,0.00132607,0.188372,1.74097,2.69512,-3.44859
-0.534451,372.593,0.00132629,0.376,1.76438,2.08362,-2.66613
-0.534451,372.593,0.00132652,0.562144,1.78083,1.46389,-1.87315
-0.534451,372.593,0.00132674,0.74607,1.79025,0.838389,-1.07278
-0.534451,372.593,0.00132697,0.927051,1.7926,0.209578,-0.26817
-0.534451,372.593,0.00132719,1.10437,1.78788,-0.42006,0.537495
-0.534451,372.593,0.00132742,1.27734,1.77611,-1.04804,1.34104
-0.534451,372.593,0.00132764,1.44526,1.75732,-1.67188,2.13929
-0.534451,372.593,0.00132787,1.60748,1.7316,-2.28913,2.9291
-0.534451,372.593,0.00132809,1.76336,1.69905,-2.89734,3.70734
-0.534451,372.593,0.00132831,1.91227,1.65979,-3.49412,4.47096
-0.534451,372.593,0.00132854,2.05364,1.61398,-4.07711,5.21693
-0.534451,372.593,0.00132876,2.18691,1.5618,-4.644,5.94232
-0.534451,372.593,0.00132899,2.31154,1.50345,-5.19257,6.64425
-0.534451,372.593,0.00132921,2.42705,1.43918,-5.72065,7.31996
-0.534451,372.593,0.00132944,2.53298,1.36922,-6.22615,7.96678
-0.534451,372.593,0.00132966,2.62892,1.29386,-6.70708,8.58216
-0.534451,372.593,0.00132989,2.71448,1.21339,-7.16154,9.16367
-0.534451,372.593,0.00133011,2.78933,1.12814,-7.58773,9.70901
-0.534451,372.593,0.00133034,2.85317,1.03843,-7.98398,10.216
-0.534451,372.593,0.00133056,2.90575,0.944624,-8.34872,10.6828
-0.534451,372.593,0.00133079,2.94686,0.84709,-8.68051,11.1073
-0.534451,372.593,0.00133101,2.97634,0.746213,-8.97805,11.488
-0.534451,372.593,0.00133124,2.99408,0.642392,-9.24015,11.8234
-0.534451,372.593,0.00133146,3,0.536034,-9.46579,12.1121
-0.534451,372.593,0.00133169,2.99408,0.427562,-9.65406,12.353
-0.534451,372.593,0.00133191,2.97634,0.317402,-9.80424,12.5452
-0.534451,372.593,0.00133213,2.94686,0.205989,-9.91573,12.6878
-0.534451,372.593,0.00133236,2.90575,0.0937635,-9.98808,12.7804
-0.534451,372.593,0.00133258,2.85317,-0.0188321,-10.021,12.8226
-0.534451,372.593,0.00133281,2.78933,-0.131353,-10.0144,12.8141
-0.534451,372.593,0.00133303,2.71448,-0.243356,-9.96826,12.7551
-0.534451,372.593,0.00133326,2.62892,-0.354399,-9.88278,12.6457
-0.534451,372.593,0.00133348,2.53298,-0.464043,-9.7583,12.4864
-0.534451,372.593,0.00133371,2.42705,-0.571855,-9.59531,12.2778
-0.534451,372.593,0.00133393,2.31154,-0.677411,-9.39445,12.0208
-0.534451,372.593,0.00133416,2.18691,-0.780293,-9.15652,11.7164
-0.534451,372.593,0.00133438,2.05364,-0.880096,-8.88244,11.3657
-0.534451,372.593,0.00133461,1.91227,-0.976425,-8.57332,10.9701
-0.534451,372.593,0.00133483,1.76336,-1.0689,-8.23036,10.5313
-0.534451,372.593,0.00133506,1.60748,-1.15716,-7.85491,10.0509
-0.534451,372.593,0.00133528,1.44526,-1.24085,-7.44847,9.53082
-0.534451,372.593,0.00133551,1.27734,-1.31964,-7.01263,8.97313
-0.534451,372.593,0.00133573,1.10437,-1.39323,-6.54912,8.38003
-0.534451,372.593,0.00133596,0.927051,-1.46132,-6.05976,7.75386
-0.534451,372.593,0.00133618,0.74607,-1.52364,-5.54648,7.09709
-0.534451,372.593,0.0013364,0.562144,-1.57994,-5.01131,6.41231
-0.534451,372.593,0.00133663,0.376,-1.63001,-4.45637,5.70223
-0.534451,372.593,0.00133685,0.188372,-1.67365,-3.88384,4.96964
-0.534451,372.593,0.00133708,-7.35211e-014,-1.71069,-3.29598,4.21743
-0.534451,372.593,0.0013373,-0.188372,-1.74097,-2.69512,3.44859
-0.534451,372.593,0.00133753,-0.376,-1.76438,-2.08362,2.66613
-0.534451,372.593,0.00133775,-0.562144,-1.78083,-1.46389,1.87315
-0.534451,372.593,0.00133798,-0.74607,-1.79025,-0.838389,1.07278
-0.534451,372.593,0.0013382,-0.927051,-1.7926,-0.209578,0.26817
-0.534451,372.593,0.00133843,-1.10437,-1.78788,0.42006,-0.537495
-0.534451,372.593,0.00133865,-1.27734,-1.77611,1.04804,-1.34104
-0.534451,372.593,0.00133888,-1.44526,-1.75732,1.67188,-2.13929
-0.534451,372.593,0.0013391,-1.60748,-1.7316,2.28913,-2.9291
-0.534451,372.593,0.00133933,-1.76336,-1.69905,2.89734,-3.70734
-0.534451,372.593,0.00133955,-1.91227,-1.65979,3.49412,-4.47096
-0.534451,372.593,0.00133978,-2.05364,-1.61398,4.07711,-5.21693
-0.534451,372.593,0.00134,-2.18691,-1.5618,4.644,-5.94232
-0.534451,372.593,0.00134022,-2.31154,-1.50345,5.19257,-6.64425
-0.534451,372.593,0.00134045,-2.42705,-1.43918,5.72065,-7.31996
-0.534451,372.593,0.00134067,-2.53298,-1.36922,6.22615,-7.96678
-0.534451,372.593,0.0013409,-2.62892,-1.29386,6.70708,-8.58216
-0.534451,372.593,0.00134112,-2.71448,-1.21339,7.16154,-9.16367
-0.534451,372.593,0.00134135,-2.78933,-1.12814,7.58773,-9.70901
-0.534451,372.593,0.00134157,-2.85317,-1.03843,7.98398,-10.216
-0.534451,372.593,0.0013418,-2.90575,-0.944624,8.34872,-10.6828
-0.534451,372.593,0.00134202,-2.94686,-0.84709,8.68051,-11.1073
-0.534451,372.593,0.00134225,-2.97634,-0.746213,8.97805,-11.488
-0.534451,372.593,0.00134247,-2.99408,-0.642392,9.24015,-11.8234
-0.534451,372.593,0.0013427,-3,-0.536034,9.46579,-12.1121
-0.534451,372.593,0.00134292,-2.99408,-0.427562,9.65406,-12.353
-0.534451,372.593,0.00134315,-2.97634,-0.317402,9.80424,-12.5452
-0.534451,372.593,0.00134337,-2.94686,-0.205989,9.91573,-12.6878
-0.534451,372.593,0.0013436,-2.90575,-0.0937635,9.98808,-12.7804
-0.534451,372.593,0.00134382,-2.85317,0.0188321,10.021,-12.8226
-0.534451,372.593,0.00134404,-2.78933,0.131353,10.0144,-12.8141
-0.534451,372.593,0.00134427,-2.71448,0.243356,9.96826,-12.7551
-0.534451,372.593,0.00134449,-2.62892,0.354399,9.88278,-12.6457
-0.534451,372.593,0.00134472,-2.53298,0.464043,9.7583,-12.4864
-0.534451,372.593,0.00134494,-2.42705,0.571855,9.59531,-12.2778
-0.534451,372.593,0.00134517,-2.31154,0.677411,9.39445,-12.0208
-0.534451,372.593,0.00134539,-2.18691,0.780293,9.15652,-11.7164
-0.534451,372.593,0.00134562,-2.05364,0.880096,8.88244,-11.3657
-0.534451,372.593,0.00134584,-1.91227,0.976425,8.57332,-10.9701
-0.534451,372.593,0.00134607,-1.76336,1.0689,8.23036,-10.5313
-0.534451,372.593,0.00134629,-1.60748,1.15716,7.85491,-10.0509
-0.534451,372.593,0.00134652,-1.44526,1.24085,7.44847,-9.53082
-0.534451,372.593,0.00134674,-1.27734,1.31964,7.01263,-8.97313
-0.534451,372.593,0.00134697,-1.10437,1.39323,6.54912,-8.38003
-0.534451,372.593,0.00134719,-0.927051,1.46132,6.05976,-7.75386
-0.534451,372.593,0.00134742,-0.74607,1.52364,5.54648,-7.09709
-0.534451,372.593,0.00134764,-0.562144,1.57994,5.01131,-6.41231
-0.534451,372.593,0.00134787,-0.376,1.63001,4.45637,-5.70223
-0.534451,372.593,0.00134809,-0.188372,1.67365,3.88384,-4.96964
-0.534451,372.593,0.00134831,-1.29351e-013,1.71069,3.29598,-4.21743
