Amp, Phaseshift, Time, Vd, Vr, VL, VC
-0.512095,372.656,0,0,0,0,0
-0.512095,372.656,2.1978e-007,0.188372,0.00207002,0.188372,0
-0.512095,372.656,4.3956e-007,0.376,0.00617913,0.37393,0.000909898
-0.512095,372.656,6.59341e-007,0.562144,0.0122786,0.555055,0.003626
-0.512095,372.656,8.79121e-007,0.74607,0.0203024,0.730165,0.0090232
-0.512095,372.656,1.0989e-006,0.927051,0.0301675,0.897725,0.0179473
-0.512095,372.656,1.31868e-006,1.10437,0.0417748,1.05626,0.0312078
-0.512095,372.656,1.53846e-006,1.27734,0.0550095,1.20436,0.0495704
-0.512095,372.656,1.75824e-006,1.44526,0.0697422,1.34068,0.0737503
-0.512095,372.656,1.97802e-006,1.60748,0.08583,1.46399,0.104406
-0.512095,372.656,2.1978e-006,1.76336,0.103117,1.57312,0.142134
-0.512095,372.656,2.41758e-006,1.91227,0.121436,1.66702,0.18746
-0.512095,372.656,2.63736e-006,2.05364,0.140609,1.74475,0.240838
-0.512095,372.656,2.85714e-006,2.18691,0.160449,1.80546,0.302644
-0.512095,372.656,3.07692e-006,2.31154,0.180762,1.84845,0.373172
-0.512095,372.656,3.2967e-006,2.42705,0.201345,1.87312,0.452627
-0.512095,372.656,3.51648e-006,2.53298,0.221994,1.87901,0.541131
-0.512095,372.656,3.73626e-006,2.62892,0.242497,1.8658,0.638711
-0.512095,372.656,3.95604e-006,2.71448,0.262643,1.83327,0.745303
-0.512095,372.656,4.17582e-006,2.78933,0.282219,1.78138,0.86075
-0.512095,372.656,4.3956e-006,2.85317,0.301012,1.7102,0.984802
-0.512095,372.656,4.61538e-006,2.90575,0.318814,1.61993,1.11712
-0.512095,372.656,4.83516e-006,2.94686,0.335417,1.51093,1.25725
-0.512095,372.656,5.05495e-006,2.97634,0.350622,1.38367,1.40469
-0.512095,372.656,5.27473e-006,2.99408,0.364235,1.23877,1.55881
-0.512095,372.656,5.49451e-006,3,0.37607,1.07696,1.71891
-0.512095,372.656,5.71429e-006,2.99408,0.38595,0.899098,1.88422
-0.512095,372.656,5.93407e-006,2.97634,0.39371,0.706176,2.05387
-0.512095,372.656,6.15385e-006,2.94686,0.399197,0.499285,2.22693
-0.512095,372.656,6.37363e-006,2.90575,0.40227,0.279627,2.4024
-0.512095,372.656,6.59341e-006,2.85317,0.402803,0.0485025,2.57922
-0.512095,372.656,6.81319e-006,2.78933,0.400685,-0.192692,2.75628
-0.512095,372.656,7.03297e-006,2.71448,0.395823,-0.442479,2.9324
-0.512095,372.656,7.25275e-006,2.62892,0.388138,-0.699304,3.10639
-0.512095,372.656,7.47253e-006,2.53298,0.377572,-0.961543,3.277
-0.512095,372.656,7.69231e-006,2.42705,0.364083,-1.22752,3.44296
-0.512095,372.656,7.91209e-006,2.31154,0.347648,-1.49551,3.603
-0.512095,372.656,8.13187e-006,2.18691,0.328267,-1.76374,3.75581
-0.512095,372.656,8.35165e-006,2.05364,0.305954,-2.03044,3.90011
-0.512095,372.656,8.57143e-006,1.91227,0.280748,-2.29379,4.03459
-0.512095,372.656,8.79121e-006,1.76336,0.252704,-2.55198,4.158
-0.512095,372.656,9.01099e-006,1.60748,0.221899,-2.80322,4.26908
-0.512095,372.656,9.23077e-006,1.44526,0.18843,-3.04571,4.36661
-0.512095,372.656,9.45055e-006,1.27734,0.152411,-3.27771,4.44944
-0.512095,372.656,9.67033e-006,1.10437,0.113977,-3.49748,4.51643
-0.512095,372.656,9.89011e-006,0.927051,0.073281,-3.70336,4.56653
-0.512095,372.656,1.01099e-005,0.74607,0.0304926,-3.89375,4.59875
-0.512095,372.656,1.03297e-005,0.562144,-0.0142007,-4.06709,4.61215
-0.512095,372.656,1.05495e-005,0.376,-0.0605958,-4.22195,4.60591
-0.512095,372.656,1.07692e-005,0.188372,-0.108474,-4.35694,4.57927
-0.512095,372.656,1.0989e-005,3.67382e-016,-0.157604,-4.4708,4.53159
-0.512095,372.656,1.12088e-005,-0.188372,-0.20774,-4.56236,4.46231
-0.512095,372.656,1.14286e-005,-0.376,-0.258625,-4.63057,4.371
-0.512095,372.656,1.16484e-005,-0.562144,-0.309993,-4.67452,4.25732
-0.512095,372.656,1.18681e-005,-0.74607,-0.361569,-4.69339,4.12106
-0.512095,372.656,1.20879e-005,-0.927051,-0.41307,-4.68654,3.96213
-0.512095,372.656,1.23077e-005,-1.10437,-0.464206,-4.65343,3.78056
-0.512095,372.656,1.25275e-005,-1.27734,-0.514686,-4.59369,3.57651
-0.512095,372.656,1.27473e-005,-1.44526,-0.564215,-4.50709,3.35027
-0.512095,372.656,1.2967e-005,-1.60748,-0.612495,-4.39354,3.10227
-0.512095,372.656,1.31868e-005,-1.76336,-0.659233,-4.25313,2.83304
-0.512095,372.656,1.34066e-005,-1.91227,-0.704135,-4.08608,2.54327
-0.512095,372.656,1.36264e-005,-2.05364,-0.746913,-3.89277,2.23376
-0.512095,372.656,1.38462e-005,-2.18691,-0.787284,-3.67375,1.90544
-0.512095,372.656,1.40659e-005,-2.31154,-0.824973,-3.4297,1.55938
-0.512095,372.656,1.42857e-005,-2.42705,-0.859714,-3.16146,1.19676
-0.512095,372.656,1.45055e-005,-2.53298,-0.891253,-2.87003,0.818863
-0.512095,372.656,1.47253e-005,-2.62892,-0.919347,-2.55653,0.427104
-0.512095,372.656,1.49451e-005,-2.71448,-0.943767,-2.22224,0.0229953
-0.512095,372.656,1.51648e-005,-2.78933,-0.9643,-1.86856,-0.391847
-0.512095,372.656,1.53846e-005,-2.85317,-0.980751,-1.49702,-0.815715
-0.512095,372.656,1.56044e-005,-2.90575,-0.992941,-1.10928,-1.24681
-0.512095,372.656,1.58242e-005,-2.94686,-1.00071,-0.707106,-1.68327
-0.512095,372.656,1.6044e-005,-2.97634,-1.00392,-0.29236,-2.12315
-0.512095,372.656,1.62637e-005,-2.99408,-1.00246,0.13299,-2.56443
-0.512095,372.656,1.64835e-005,-3,-0.996233,0.566894,-3.00507
-0.512095,372.656,1.67033e-005,-2.99408,-0.985165,1.00723,-3.44298
-0.512095,372.656,1.69231e-005,-2.97634,-0.969211,1.4518,-3.87602
-0.512095,372.656,1.71429e-005,-2.94686,-0.94835,1.89837,-4.30204
-0.512095,372.656,1.73626e-005,-2.90575,-0.922584,2.34465,-4.7189
-0.512095,372.656,1.75824e-005,-2.85317,-0.891944,2.78832,-5.12443
-0.512095,372.656,1.78022e-005,-2.78933,-0.856481,3.22705,-5.5165
-0.512095,372.656,1.8022e-005,-2.71448,-0.816278,3.6585,-5.89297
-0.512095,372.656,1.82418e-005,-2.62892,-0.771439,4.08033,-6.25178
-0.512095,372.656,1.84615e-005,-2.53298,-0.722096,4.49023,-6.59087
-0.512095,372.656,1.86813e-005,-2.42705,-0.668405,4.88592,-6.90827
-0.512095,372.656,1.89011e-005,-2.31154,-0.610546,5.26514,-7.20208
-0.512095,372.656,1.91209e-005,-2.18691,-0.548725,5.62572,-7.47045
-0.512095,372.656,1.93407e-005,-2.05364,-0.48317,5.96553,-7.71165
-0.512095,372.656,1.95604e-005,-1.91227,-0.414131,6.28255,-7.92403
-0.512095,372.656,1.97802e-005,-1.76336,-0.34188,6.57481,-8.10607
-0.512095,372.656,2e-005,-1.60748,-0.26671,6.84047,-8.25634
-0.512095,372.656,2.02198e-005,-1.44526,-0.188932,7.07779,-8.37358
-0.512095,372.656,2.04396e-005,-1.27734,-0.108875,7.28517,-8.45663
-0.512095,372.656,2.06593e-005,-1.10437,-0.026885,7.46113,-8.50448
-0.512095,372.656,2.08791e-005,-0.927051,0.0566789,7.60432,-8.5163
-0.512095,372.656,2.10989e-005,-0.74607,0.141443,7.71355,-8.49139
-0.512095,372.656,2.13187e-005,-0.562144,0.227023,7.7878,-8.42921
-0.512095,372.656,2.15385e-005,-0.376,0.313026,7.82619,-8.32942
-0.512095,372.656,2.17582e-005,-0.188372,0.399048,7.82803,-8.19183
-0.512095,372.656,2.1978e-005,-7.34764e-016,0.484683,7.79278,-8.01642
-0.512095,372.656,2.21978e-005,0.188372,0.569519,7.72011,-7.80338
-0.512095,372.656,2.24176e-005,0.376,0.653144,7.60986,-7.55304
-0.512095,372.656,2.26374e-005,0.562144,0.735144,7.46204,-7.26594
-0.512095,372.656,2.28571e-005,0.74607,0.81511,7.27687,-6.9428
-0.512095,372.656,2.30769e-005,0.927051,0.892635,7.05474,-6.58451
-0.512095,372.656,2.32967e-005,1.10437,0.967319,6.79625,-6.19215
-0.512095,372.656,2.35165e-005,1.27734,1.03877,6.50216,-5.76695
-0.512095,372.656,2.37363e-005,1.44526,1.10661,6.17344,-5.31035
-0.512095,372.656,2.3956e-005,1.60748,1.17047,5.81122,-4.82393
-0.512095,372.656,2.41758e-005,1.76336,1.23,5.41681,-4.30943
-0.512095,372.656,2.43956e-005,1.91227,1.28485,4.99171,-3.76877
-0.512095,372.656,2.46154e-005,2.05364,1.33471,4.53757,-3.20401
-0.512095,372.656,2.48352e-005,2.18691,1.37929,4.0562,-2.61732
-0.512095,372.656,2.50549e-005,2.31154,1.41829,3.54957,-2.01104
-0.512095,372.656,2.52747e-005,2.42705,1.45148,3.0198,-1.38761
-0.512095,372.656,2.54945e-005,2.53298,1.47861,2.46912,-0.749601
-0.512095,372.656,2.57143e-005,2.62892,1.49949,1.89991,-0.0996618
-0.512095,372.656,2.59341e-005,2.71448,1.51394,1.31465,0.559454
-0.512095,372.656,2.61538e-005,2.78933,1.5218,0.715939,1.22492
-0.512095,372.656,2.63736e-005,2.85317,1.52297,0.106446,1.89385
-0.512095,372.656,2.65934e-005,2.90575,1.51736,-0.511069,2.56328
-0.512095,372.656,2.68132e-005,2.94686,1.5049,-1.13378,3.23025
-0.512095,372.656,2.7033e-005,2.97634,1.48557,-1.75881,3.89175
-0.512095,372.656,2.72527e-005,2.99408,1.45938,-2.38324,4.54475
-0.512095,372.656,2.74725e-005,3,1.42637,-3.00413,5.18623
-0.512095,372.656,2.76923e-005,2.99408,1.3866,-3.61852,5.81321
-0.512095,372.656,2.79121e-005,2.97634,1.34019,-4.22347,6.4227
-0.512095,372.656,2.81319e-005,2.94686,1.28727,-4.81603,7.0118
-0.512095,372.656,2.83516e-005,2.90575,1.228,-5.39332,7.57763
-0.512095,372.656,2.85714e-005,2.85317,1.16259,-5.95246,8.11741
-0.512095,372.656,2.87912e-005,2.78933,1.09126,-6.49067,8.62844
-0.512095,372.656,2.9011e-005,2.71448,1.01428,-7.00522,9.10812
-0.512095,372.656,2.92308e-005,2.62892,0.931938,-7.49348,9.55396
-0.512095,372.656,2.94505e-005,2.53298,0.844543,-7.95291,9.9636
-0.512095,372.656,2.96703e-005,2.42705,0.752443,-8.38109,10.3348
-0.512095,372.656,2.98901e-005,2.31154,0.656007,-8.77573,10.6656
-0.512095,372.656,3.01099e-005,2.18691,0.555626,-9.13467,10.9539
-0.512095,372.656,3.03297e-005,2.05364,0.451715,-9.45591,11.1982
-0.512095,372.656,3.05495e-005,1.91227,0.344708,-9.7376,11.3967
-0.512095,372.656,3.07692e-005,1.76336,0.235059,-9.97807,11.5482
-0.512095,372.656,3.0989e-005,1.60748,0.123237,-10.1758,11.6516
-0.512095,372.656,3.12088e-005,1.44526,0.00972546,-10.3295,11.7057
-0.512095,372.656,3.14286e-005,1.27734,-0.104979,-10.4381,11.71
-0.512095,372.656,3.16484e-005,1.10437,-0.220371,-10.5006,11.6639
-0.512095,372.656,3.18681e-005,0.927051,-0.335936,-10.5164,11.567
-0.512095,372.656,3.20879e-005,0.74607,-0.451156,-10.485,11.4193
-0.512095,372.656,3.23077e-005,0.562144,-0.565508,-10.406,11.221
-0.512095,372.656,3.25275e-005,0.376,-0.678469,-10.2795,10.9724
-0.512095,372.656,3.27473e-005,0.188372,-0.78952,-10.1056,10.6742
-0.512095,372.656,3.2967e-005,1.10215e-015,-0.898143,-9.88469,10.3272
-0.512095,372.656,3.31868e-005,-0.188372,-1.00383,-9.6174,9.93238
-0.512095,372.656,3.34066e-005,-0.376,-1.10608,-9.30455,9.49114
-0.512095,372.656,3.36264e-005,-0.562144,-1.2044,-8.94721,9.00495
-0.512095,372.656,3.38462e-005,-0.74607,-1.29832,-8.54662,8.47555
-0.512095,372.656,3.40659e-005,-0.927051,-1.38737,-8.10428,7.90486
-0.512095,372.656,3.42857e-005,-1.10437,-1.47113,-7.62186,7.29502
-0.512095,372.656,3.45055e-005,-1.27734,-1.54917,-7.10123,6.64837
-0.512095,372.656,3.47253e-005,-1.44526,-1.62108,-6.54447,5.96742
-0.512095,372.656,3.49451e-005,-1.60748,-1.68651,-5.95382,5.25486
-0.512095,372.656,3.51648e-005,-1.76336,-1.7451,-5.3317,4.51353
-0.512095,372.656,3.53846e-005,-1.91227,-1.79654,-4.6807,3.74646
-0.512095,372.656,3.56044e-005,-2.05364,-1.84053,-4.00356,2.95677
-0.512095,372.656,3.58242e-005,-2.18691,-1.87683,-3.30314,2.14774
-0.512095,372.656,3.6044e-005,-2.31154,-1.90521,-2.58245,1.32276
-0.512095,372.656,3.62637e-005,-2.42705,-1.92548,-1.84461,0.48531
-0.512095,372.656,3.64835e-005,-2.53298,-1.93749,-1.09281,-0.361055
-0.512095,372.656,3.67033e-005,-2.62892,-1.94112,-0.330377,-1.2127
-0.512095,372.656,3.69231e-005,-2.71448,-1.93629,0.439335,-2.06594
-0.512095,372.656,3.71429e-005,-2.78933,-1.92296,1.2129,-2.91705
-0.512095,372.656,3.73626e-005,-2.85317,-1.90113,1.98685,-3.76231
-0.512095,372.656,3.75824e-005,-2.90575,-1.87082,2.75769,-4.59797
-0.512095,372.656,3.78022e-005,-2.94686,-1.83212,3.52194,-5.42031
-0.512095,372.656,3.8022e-005,-2.97634,-1.78513,4.27609,-6.22564
-0.512095,372.656,3.82418e-005,-2.99408,-1.73,5.01669,-7.01031
-0.512095,372.656,3.84615e-005,-3,-1.66692,5.74032,-7.77076
-0.512095,372.656,3.86813e-005,-2.99408,-1.59611,6.4436,-8.50347
-0.512095,372.656,3.89011e-005,-2.97634,-1.51784,7.12324,-9.20506
-0.512095,372.656,3.91209e-005,-2.94686,-1.43239,7.77603,-9.87224
-0.512095,372.656,3.93407e-005,-2.90575,-1.34009,8.39888,-10.5019
-0.512095,372.656,3.95604e-005,-2.85317,-1.24131,8.98878,-11.0909
-0.512095,372.656,3.97802e-005,-2.78933,-1.13645,9.54289,-11.6365
-0.512095,372.656,4e-005,-2.71448,-1.02591,10.0585,-12.1361
-0.512095,372.656,4.02198e-005,-2.62892,-0.910165,10.5331,-12.587
-0.512095,372.656,4.04396e-005,-2.53298,-0.789679,10.9642,-12.9871
-0.512095,372.656,4.06593e-005,-2.42705,-0.664957,11.3497,-13.3342
-0.512095,372.656,4.08791e-005,-2.31154,-0.536521,11.6876,-13.6265
-0.512095,372.656,4.10989e-005,-2.18691,-0.404915,11.9761,-13.8623
-0.512095,372.656,4.13187e-005,-2.05364,-0.2707,12.2136,-14.0403
-0.512095,372.656,4.15385e-005,-1.91227,-0.13445,12.3987,-14.1593
-0.512095,372.656,4.17582e-005,-1.76336,0.00324678,12.5304,-14.2184
-0.512095,372.656,4.1978e-005,-1.60748,0.141793,12.6077,-14.217
-0.512095,372.656,4.21978e-005,-1.44526,0.280583,12.6299,-14.1547
-0.512095,372.656,4.24176e-005,-1.27734,0.419009,12.5967,-14.0313
-0.512095,372.656,4.26374e-005,-1.10437,0.556459,12.5079,-13.8471
-0.512095,372.656,4.28571e-005,-0.927051,0.692323,12.3636,-13.6025
-0.512095,372.656,4.30769e-005,-0.74607,0.825995,12.1642,-13.2982
-0.512095,372.656,4.32967e-005,-0.562144,0.956875,11.9101,-12.9352
-0.512095,372.656,4.35165e-005,-0.376,1.08437,11.6023,-12.5145
-0.512095,372.656,4.37363e-005,-0.188372,1.20791,11.2418,-12.0379
-0.512095,372.656,4.3956e-005,-1.46953e-015,1.32692,10.83,-11.507
-0.512095,372.656,4.41758e-005,0.188372,1.44086,10.3684,-10.9237
-0.512095,372.656,4.43956e-005,0.376,1.5492,9.85883,-10.2903
-0.512095,372.656,4.46154e-005,0.562144,1.65143,9.30329,-9.60938
-0.512095,372.656,4.48352e-005,0.74607,1.74708,8.70402,-8.88348
-0.512095,372.656,4.50549e-005,0.927051,1.83569,8.06345,-8.11553
-0.512095,372.656,4.52747e-005,1.10437,1.91683,7.38421,-7.30863
-0.512095,372.656,4.54945e-005,1.27734,1.99012,6.66914,-6.46607
-0.512095,372.656,4.57143e-005,1.44526,2.05519,5.92121,-5.59129
-0.512095,372.656,4.59341e-005,1.60748,2.11171,5.14358,-4.68791
-0.512095,372.656,4.61538e-005,1.76336,2.1594,4.33955,-3.75969
-0.512095,372.656,4.63736e-005,1.91227,2.198,3.51256,-2.8105
-0.512095,372.656,4.65934e-005,2.05364,2.2273,2.66614,-1.84435
-0.512095,372.656,4.68132e-005,2.18691,2.24712,1.80395,-0.865313
-0.512095,372.656,4.7033e-005,2.31154,2.25734,0.929732,0.122432
-0.512095,372.656,4.72527e-005,2.42705,2.25786,0.0472808,1.11467
-0.512095,372.656,4.74725e-005,2.53298,2.24863,-0.839542,2.10713
-0.512095,372.656,4.76923e-005,2.62892,2.22966,-1.72685,3.09554
-0.512095,372.656,4.79121e-005,2.71448,2.20097,-2.61072,4.07561
-0.512095,372.656,4.81319e-005,2.78933,2.16264,-3.48725,5.04307
-0.512095,372.656,4.83516e-005,2.85317,2.11481,-4.35254,5.99368
-0.512095,372.656,4.85714e-005,2.90575,2.05764,-5.20275,6.92327
-0.512095,372.656,4.87912e-005,2.94686,1.99133,-6.03405,7.82773
-0.512095,372.656,4.9011e-005,2.97634,1.91614,-6.84272,8.70304
-0.512095,372.656,4.92308e-005,2.99408,1.83235,-7.6251,9.5453
-0.512095,372.656,4.94505e-005,3,1.74028,-8.37765,10.3507
-0.512095,372.656,4.96703e-005,2.99408,1.64032,-9.09693,11.1157
-0.512095,372.656,4.98901e-005,2.97634,1.53285,-9.77966,11.8367
-0.512095,372.656,5.01099e-005,2.94686,1.41831,-10.4227,12.5105
-0.512095,372.656,5.03297e-005,2.90575,1.29718,-11.023,13.1339
-0.512095,372.656,5.05495e-005,2.85317,1.16995,-11.5779,13.7041
-0.512095,372.656,5.07692e-005,2.78933,1.03715,-12.0847,14.2184
-0.512095,372.656,5.0989e-005,2.71448,0.899339,-12.541,14.6743
-0.512095,372.656,5.12088e-005,2.62892,0.75709,-12.9447,15.0696
-0.512095,372.656,5.14286e-005,2.53298,0.611005,-13.2937,15.4024
-0.512095,372.656,5.16484e-005,2.42705,0.461705,-13.5863,15.6709
-0.512095,372.656,5.18681e-005,2.31154,0.309825,-13.8211,15.8739
-0.512095,372.656,5.20879e-005,2.18691,0.156014,-13.9968,16.0101
-0.512095,372.656,5.23077e-005,2.05364,0.000931734,-14.1124,16.0787
-0.512095,372.656,5.25275e-005,1.91227,-0.154753,-14.1673,16.0791
-0.512095,372.656,5.27473e-005,1.76336,-0.310368,-14.161,16.011
-0.512095,372.656,5.2967e-005,1.60748,-0.465238,-14.0932,15.8746
-0.512095,372.656,5.31868e-005,1.44526,-0.61869,-13.9641,15.6701
-0.512095,372.656,5.34066e-005,1.27734,-0.770053,-13.7741,15.3982
-0.512095,372.656,5.36264e-005,1.10437,-0.918666,-13.5237,15.0597
-0.512095,372.656,5.38462e-005,0.927051,-1.06387,-13.214,14.6559
-0.512095,372.656,5.40659e-005,0.74607,-1.20504,-12.8459,14.1882
-0.512095,372.656,5.42857e-005,0.562144,-1.34153,-12.421,13.6585
-0.512095,372.656,5.45055e-005,0.376,-1.47275,-11.941,13.0689
-0.512095,372.656,5.47253e-005,0.188372,-1.59811,-11.4077,12.4215
-0.512095,372.656,5.49451e-005,1.83691e-015,-1.71705,-10.8234,11.719
-0.512095,372.656,5.51648e-005,-0.188372,-1.82903,-10.1903,10.9643
-0.512095,372.656,5.53846e-005,-0.376,-1.93355,-9.51124,10.1603
-0.512095,372.656,5.56044e-005,-0.562144,-2.03013,-8.7889,9.31039
-0.512095,372.656,5.58242e-005,-0.74607,-2.11833,-8.02633,8.41803
-0.512095,372.656,5.6044e-005,-0.927051,-2.19775,-7.22674,7.48689
-0.512095,372.656,5.62637e-005,-1.10437,-2.26801,-6.39352,6.52085
-0.512095,372.656,5.64835e-005,-1.27734,-2.32878,-5.53018,5.52392
-0.512095,372.656,5.67033e-005,-1.44526,-2.37977,-4.6404,4.50028
-0.512095,372.656,5.69231e-005,-1.60748,-2.42074,-3.72799,3.45423
-0.512095,372.656,5.71429e-005,-1.76336,-2.45147,-2.79684,2.39017
-0.512095,372.656,5.73626e-005,-1.91227,-2.47181,-1.85097,1.3126
-0.512095,372.656,5.75824e-005,-2.05364,-2.48164,-0.894423,0.226085
-0.512095,372.656,5.78022e-005,-2.18691,-2.48089,0.0686527,-0.864748
-0.512095,372.656,5.8022e-005,-2.31154,-2.46953,1.0341,-1.95525
-0.512095,372.656,5.82418e-005,-2.42705,-2.44757,1.99772,-3.04075
-0.512095,372.656,5.84615e-005,-2.53298,-2.4151,2.95534,-4.11661
-0.512095,372.656,5.86813e-005,-2.62892,-2.37221,3.90279,-5.17819
-0.512095,372.656,5.89011e-005,-2.71448,-2.31907,4.83592,-6.22092
-0.512095,372.656,5.91209e-005,-2.78933,-2.25587,5.75066,-7.24029
-0.512095,372.656,5.93407e-005,-2.85317,-2.18287,6.64299,-8.23188
-0.512095,372.656,5.95604e-005,-2.90575,-2.10036,7.509,-9.19138
-0.512095,372.656,5.97802e-005,-2.94686,-2.00865,8.34488,-10.1146
-0.512095,372.656,6e-005,-2.97634,-1.90814,9.14693,-10.9975
-0.512095,372.656,6.02198e-005,-2.99408,-1.79922,9.9116,-11.8363
-0.512095,372.656,6.04396e-005,-3,-1.68235,10.6355,-12.6272
-0.512095,372.656,6.06593e-005,-2.99408,-1.558,11.3154,-13.3666
-0.512095,372.656,6.08791e-005,-2.97634,-1.4267,11.9483,-14.0515
-0.512095,372.656,6.10989e-005,-2.94686,-1.28899,12.5313,-14.6786
-0.512095,372.656,6.13187e-005,-2.90575,-1.14546,13.0618,-15.2452
-0.512095,372.656,6.15385e-005,-2.85317,-0.996693,13.5375,-15.7487
-0.512095,372.656,6.17582e-005,-2.78933,-0.84333,13.9561,-16.1868
-0.512095,372.656,6.1978e-005,-2.71448,-0.686015,14.3156,-16.5575
-0.512095,372.656,6.21978e-005,-2.62892,-0.525416,14.6146,-16.859
-0.512095,372.656,6.24176e-005,-2.53298,-0.362213,14.8515,-17.09
-0.512095,372.656,6.26374e-005,-2.42705,-0.197101,15.0251,-17.2492
-0.512095,372.656,6.28571e-005,-2.31154,-0.0307851,15.1348,-17.3358
-0.512095,372.656,6.30769e-005,-2.18691,0.136025,15.1797,-17.3494
-0.512095,372.656,6.32967e-005,-2.05364,0.302615,15.1597,-17.2896
-0.512095,372.656,6.35165e-005,-1.91227,0.468271,15.0747,-17.1566
-0.512095,372.656,6.37363e-005,-1.76336,0.632281,14.9249,-16.9507
-0.512095,372.656,6.3956e-005,-1.60748,0.79394,14.711,-16.6728
-0.512095,372.656,6.41758e-005,-1.44526,0.952551,14.4336,-16.3238
-0.512095,372.656,6.43956e-005,-1.27734,1.10743,14.0939,-15.9051
-0.512095,372.656,6.46154e-005,-1.10437,1.25791,13.6933,-15.4183
-0.512095,372.656,6.48352e-005,-0.927051,1.40333,13.2334,-14.8654
-0.512095,372.656,6.50549e-005,-0.74607,1.54306,12.716,-14.2486
-0.512095,372.656,6.52747e-005,-0.562144,1.67651,12.1434,-13.5703
-0.512095,372.656,6.54945e-005,-0.376,1.80308,11.5178,-12.8334
-0.512095,372.656,6.57143e-005,-0.188372,1.92222,10.8419,-12.0408
-0.512095,372.656,6.59341e-005,-2.20429e-015,2.03341,10.1186,-11.1959
-0.512095,372.656,6.61538e-005,0.188372,2.13617,9.35083,-10.3021
-0.512095,372.656,6.63736e-005,0.376,2.23003,8.5419,-9.36309
-0.512095,372.656,6.65934e-005,0.562144,2.3146,7.6952,-8.38285
-0.512095,372.656,6.68132e-005,0.74607,2.38948,6.81433,-7.36545
-0.512095,372.656,6.7033e-005,0.927051,2.45435,5.90302,-6.31513
-0.512095,372.656,6.72527e-005,1.10437,2.50891,4.96515,-5.23629
-0.512095,372.656,6.74725e-005,1.27734,2.55292,4.00472,-4.13348
-0.512095,372.656,6.76923e-005,1.44526,2.58617,3.02582,-3.01131
-0.512095,372.656,6.79121e-005,1.60748,2.60851,2.03262,-1.87454
-0.512095,372.656,6.81319e-005,1.76336,2.61982,1.02939,-0.72794
-0.512095,372.656,6.83516e-005,1.91227,2.62004,0.0203943,0.423628
-0.512095,372.656,6.85714e-005,2.05364,2.60916,-0.990029,1.57529
-0.512095,372.656,6.87912e-005,2.18691,2.58721,-1.99755,2.72218
-0.512095,372.656,6.9011e-005,2.31154,2.55427,-2.99785,3.85942
-0.512095,372.656,6.92308e-005,2.42705,2.51046,-3.98663,4.98217
-0.512095,372.656,6.94505e-005,2.53298,2.45596,-4.95964,6.08567
-0.512095,372.656,6.96703e-005,2.62892,2.39098,-5.91271,7.16521
-0.512095,372.656,6.98901e-005,2.71448,2.3158,-6.84171,8.21619
-0.512095,372.656,7.01099e-005,2.78933,2.23071,-7.74266,9.23412
-0.512095,372.656,7.03297e-005,2.85317,2.13608,-8.61167,10.2147
-0.512095,372.656,7.05495e-005,2.90575,2.03229,-9.44499,11.1536
-0.512095,372.656,7.07692e-005,2.94686,1.91977,-10.239,12.0469
-0.512095,372.656,7.0989e-005,2.97634,1.799,-10.9903,12.8908
-0.512095,372.656,7.12088e-005,2.99408,1.67048,-11.6957,13.6815
-0.512095,372.656,7.14286e-005,3,1.53474,-12.352,14.4158
-0.512095,372.656,7.16484e-005,2.99408,1.39236,-12.9565,15.0904
-0.512095,372.656,7.18681e-005,2.97634,1.24394,-13.5064,15.7024
-0.512095,372.656,7.20879e-005,2.94686,1.0901,-13.9995,16.2492
-0.512095,372.656,7.23077e-005,2.90575,0.931487,-14.4336,16.7284
-0.512095,372.656,7.25275e-005,2.85317,0.768775,-14.8067,17.1378
-0.512095,372.656,7.27473e-005,2.78933,0.602651,-15.1173,17.4758
-0.512095,372.656,7.2967e-005,2.71448,0.433817,-15.3639,17.7407
-0.512095,372.656,7.31868e-005,2.62892,0.262987,-15.5456,17.9314
-0.512095,372.656,7.34066e-005,2.53298,0.0908838,-15.6614,18.047
-0.512095,372.656,7.36264e-005,2.42705,-0.0817622,-15.7108,18.0869
-0.512095,372.656,7.38462e-005,2.31154,-0.254219,-15.6936,18.051
-0.512095,372.656,7.40659e-005,2.18691,-0.425756,-15.6098,17.9392
-0.512095,372.656,7.42857e-005,2.05364,-0.595644,-15.4598,17.7521
-0.512095,372.656,7.45055e-005,1.91227,-0.763162,-15.2442,17.4903
-0.512095,372.656,7.47253e-005,1.76336,-0.927599,-14.9637,17.1548
-0.512095,372.656,7.49451e-005,1.60748,-1.08826,-14.6197,16.7471
-0.512095,372.656,7.51648e-005,1.44526,-1.24445,-14.2135,16.2687
-0.512095,372.656,7.53846e-005,1.27734,-1.39551,-13.7469,15.7217
-0.512095,372.656,7.56044e-005,1.10437,-1.54081,-13.2218,15.1083
-0.512095,372.656,7.58242e-005,0.927051,-1.67971,-12.6404,14.431
-0.512095,372.656,7.6044e-005,0.74607,-1.81164,-12.0052,13.6927
-0.512095,372.656,7.62637e-005,0.562144,-1.93602,-11.3189,12.8963
-0.512095,372.656,7.64835e-005,0.376,-2.05233,-10.5843,12.0453
-0.512095,372.656,7.67033e-005,0.188372,-2.16008,-9.80464,11.1432
-0.512095,372.656,7.69231e-005,2.57167e-015,-2.25879,-8.98314,10.1937
-0.512095,372.656,7.71429e-005,-0.188372,-2.34806,-8.12332,9.20086
-0.512095,372.656,7.73626e-005,-0.376,-2.4275,-7.2288,8.16875
-0.512095,372.656,7.75824e-005,-0.562144,-2.49677,-6.30339,7.10171
-0.512095,372.656,7.78022e-005,-0.74607,-2.55557,-5.35102,6.00424
-0.512095,372.656,7.8022e-005,-0.927051,-2.60365,-4.37572,4.88091
-0.512095,372.656,7.82418e-005,-1.10437,-2.64081,-3.38163,3.73645
-0.512095,372.656,7.84615e-005,-1.27734,-2.66689,-2.37297,2.57565
-0.512095,372.656,7.86813e-005,-1.44526,-2.68177,-1.35402,1.40339
-0.512095,372.656,7.89011e-005,-1.60748,-2.68539,-0.329101,0.22459
-0.512095,372.656,7.91209e-005,-1.76336,-2.67772,0.69744,-0.955799
-0.512095,372.656,7.93407e-005,-1.91227,-2.65881,1.72125,-2.13282
-0.512095,372.656,7.95604e-005,-2.05364,-2.62872,2.73799,-3.30153
-0.512095,372.656,7.97802e-005,-2.18691,-2.58758,3.74334,-4.45701
-0.512095,372.656,8e-005,-2.31154,-2.53557,4.73305,-5.59441
-0.512095,372.656,8.02198e-005,-2.42705,-2.4729,5.70293,-6.70894
-0.512095,372.656,8.04396e-005,-2.53298,-2.39984,6.64886,-7.79593
-0.512095,372.656,8.06593e-005,-2.62892,-2.31669,7.56685,-8.85081
-0.512095,372.656,8.08791e-005,-2.71448,-2.2238,8.45301,-9.86913
-0.512095,372.656,8.10989e-005,-2.78933,-2.12156,9.3036,-10.8466
-0.512095,372.656,8.13187e-005,-2.85317,-2.0104,10.115,-11.7792
-0.512095,372.656,8.15385e-005,-2.90575,-1.8908,10.8838,-12.6629
-0.512095,372.656,8.17582e-005,-2.94686,-1.76325,11.6068,-13.494
-0.512095,372.656,8.1978e-005,-2.97634,-1.6283,12.2809,-14.269
-0.512095,372.656,8.21978e-005,-2.99408,-1.48651,12.9033,-14.9848
-0.512095,372.656,8.24176e-005,-3,-1.33847,13.4713,-15.6382
-0.512095,372.656,8.26374e-005,-2.99408,-1.18481,13.9826,-16.2265
-0.512095,372.656,8.28571e-005,-2.97634,-1.02619,14.435,-16.7473
-0.512095,372.656,8.30769e-005,-2.94686,-0.863258,14.8267,-17.1984
-0.512095,372.656,8.32967e-005,-2.90575,-0.696709,15.1559,-17.5779
-0.512095,372.656,8.35165e-005,-2.85317,-0.527243,15.4214,-17.8841
-0.512095,372.656,8.37363e-005,-2.78933,-0.355573,15.622,-18.1159
-0.512095,372.656,8.3956e-005,-2.71448,-0.18242,15.7569,-18.2722
-0.512095,372.656,8.41758e-005,-2.62892,-0.00851131,15.8257,-18.3523
-0.512095,372.656,8.43956e-005,-2.53298,0.165421,15.8279,-18.3561
-0.512095,372.656,8.46154e-005,-2.42705,0.338648,15.7636,-18.2834
-0.512095,372.656,8.48352e-005,-2.31154,0.510441,15.6332,-18.1345
-0.512095,372.656,8.50549e-005,-2.18691,0.68008,15.4372,-17.9101
-0.512095,372.656,8.52747e-005,-2.05364,0.846854,15.1764,-17.6112
-0.512095,372.656,8.54945e-005,-1.91227,1.01006,14.8521,-17.239
-0.512095,372.656,8.57143e-005,-1.76336,1.16903,14.4655,-16.795
-0.512095,372.656,8.59341e-005,-1.60748,1.32307,14.0185,-16.2811
-0.512095,372.656,8.61538e-005,-1.44526,1.47157,13.5128,-15.6995
-0.512095,372.656,8.63736e-005,-1.27734,1.61388,12.9506,-15.0527
-0.512095,372.656,8.65934e-005,-1.10437,1.74942,12.3344,-14.3433
-0.512095,372.656,8.68132e-005,-0.927051,1.87763,11.6668,-13.5743
-0.512095,372.656,8.7033e-005,-0.74607,1.99797,10.9506,-12.749
-0.512095,372.656,8.72527e-005,-0.562144,2.10993,10.1889,-11.8708
-0.512095,372.656,8.74725e-005,-0.376,2.21306,9.38483,-10.9433
-0.512095,372.656,8.76923e-005,-0.188372,2.30693,8.54189,-9.97055
-0.512095,372.656,8.79121e-005,-2.93906e-015,2.39115,7.66362,-8.95651
-0.512095,372.656,8.81319e-005,0.188372,2.46536,6.75374,-7.90546
-0.512095,372.656,8.83516e-005,0.376,2.52928,5.8161,-6.82178
-0.512095,372.656,8.85714e-005,0.562144,2.58262,4.85465,-5.71001
-0.512095,372.656,8.87912e-005,0.74607,2.62519,3.87346,-4.57479
-0.512095,372.656,8.9011e-005,0.927051,2.6568,2.87665,-3.42086
-0.512095,372.656,8.92308e-005,1.10437,2.67733,1.86844,-2.25304
-0.512095,372.656,8.94505e-005,1.27734,2.68671,0.853044,-1.07619
-0.512095,372.656,8.96703e-005,1.44526,2.68489,-0.165257,0.104781
-0.512095,372.656,8.98901e-005,1.60748,2.6719,-1.18219,1.28495
-0.512095,372.656,9.01099e-005,1.76336,2.6478,-2.1935,2.45942
-0.512095,372.656,9.03297e-005,1.91227,2.61269,-3.19494,3.62328
-0.512095,372.656,9.05495e-005,2.05364,2.56673,-4.18233,4.77172
-0.512095,372.656,9.07692e-005,2.18691,2.51012,-5.15154,5.89995
-0.512095,372.656,9.0989e-005,2.31154,2.4431,-6.09852,7.0033
-0.512095,372.656,9.12088e-005,2.42705,2.36596,-7.01934,8.07719
-0.512095,372.656,9.14286e-005,2.53298,2.27904,-7.91017,9.11717
-0.512095,372.656,9.16484e-005,2.62892,2.1827,-8.76729,10.1189
-0.512095,372.656,9.18681e-005,2.71448,2.07734,-9.58716,11.0784
-0.512095,372.656,9.20879e-005,2.78933,1.96343,-10.3664,11.9915
-0.512095,372.656,9.23077e-005,2.85317,1.84143,-11.1017,12.8545
-0.512095,372.656,9.25275e-005,2.90575,1.71187,-11.7902,13.664
-0.512095,372.656,9.27473e-005,2.94686,1.57528,-12.429,14.4164
-0.512095,372.656,9.2967e-005,2.97634,1.43226,-13.0154,15.1089
-0.512095,372.656,9.31868e-005,2.99408,1.28339,-13.547,15.7384
-0.512095,372.656,9.34066e-005,3,1.1293,-14.0218,16.3025
-0.512095,372.656,9.36264e-005,2.99408,0.970647,-14.4378,16.7989
-0.512095,372.656,9.38462e-005,2.97634,0.808084,-14.7932,17.2256
-0.512095,372.656,9.40659e-005,2.94686,0.642295,-15.0868,17.5808
-0.512095,372.656,9.42857e-005,2.90575,0.473972,-15.3173,17.8631
-0.512095,372.656,9.45055e-005,2.85317,0.303819,-15.4839,18.0715
-0.512095,372.656,9.47253e-005,2.78933,0.132545,-15.586,18.205
-0.512095,372.656,9.49451e-005,2.71448,-0.0391375,-15.6231,18.2633
-0.512095,372.656,9.51648e-005,2.62892,-0.210514,-15.5952,18.2461
-0.512095,372.656,9.53846e-005,2.53298,-0.380872,-15.5026,18.1535
-0.512095,372.656,9.56044e-005,2.42705,-0.549505,-15.3456,17.9861
-0.512095,372.656,9.58242e-005,2.31154,-0.715714,-15.1251,17.7446
-0.512095,372.656,9.6044e-005,2.18691,-0.878813,-14.842,17.43
-0.512095,372.656,9.62637e-005,2.05364,-1.03813,-14.4975,17.0437
-0.512095,372.656,9.64835e-005,1.91227,-1.193,-14.0933,16.5874
-0.512095,372.656,9.67033e-005,1.76336,-1.34279,-13.631,16.063
-0.512095,372.656,9.69231e-005,1.60748,-1.48689,-13.1127,15.4727
-0.512095,372.656,9.71429e-005,1.44526,-1.62469,-12.5406,14.8192
-0.512095,372.656,9.73626e-005,1.27734,-1.75565,-11.9171,14.105
-0.512095,372.656,9.75824e-005,1.10437,-1.87922,-11.245,13.3333
-0.512095,372.656,9.78022e-005,0.927051,-1.9949,-10.527,12.5073
-0.512095,372.656,9.8022e-005,0.74607,-2.10223,-9.7663,11.6304
-0.512095,372.656,9.82418e-005,0.562144,-2.20075,-8.96602,10.7063
-0.512095,372.656,9.84615e-005,0.376,-2.29009,-8.12958,9.73897
-0.512095,372.656,9.86813e-005,0.188372,-2.36988,-7.26051,8.73234
-0.512095,372.656,9.89011e-005,3.30644e-015,-2.43979,-6.36246,7.69063
-0.512095,372.656,9.91209e-005,-0.188372,-2.49956,-5.43921,6.6182
-0.512095,372.656,9.93407e-005,-0.376,-2.54896,-4.49463,5.51949
-0.512095,372.656,9.95604e-005,-0.562144,-2.58778,-3.53267,4.39907
-0.512095,372.656,9.97802e-005,-0.74607,-2.61588,-2.55736,3.26158
-0.512095,372.656,0.0001,-0.927051,-2.63316,-1.57275,2.11174
-0.512095,372.656,0.00010022,-1.10437,-2.63957,-0.582956,0.954311
-0.512095,372.656,0.00010044,-1.27734,-2.63509,0.40792,-0.205939
-0.512095,372.656,0.000100659,-1.44526,-2.61975,1.39576,-1.36422
-0.512095,372.656,0.000100879,-1.60748,-2.59363,2.37649,-2.51576
-0.512095,372.656,0.000101099,-1.76336,-2.55686,3.34603,-3.65581
-0.512095,372.656,0.000101319,-1.91227,-2.50961,4.30041,-4.77971
-0.512095,372.656,0.000101538,-2.05364,-2.45207,5.23567,-5.88283
-0.512095,372.656,0.000101758,-2.18691,-2.38451,6.148,-6.96067
-0.512095,372.656,0.000101978,-2.31154,-2.30722,7.03364,-8.0088
-0.512095,372.656,0.000102198,-2.42705,-2.22053,7.88897,-9.02297
-0.512095,372.656,0.000102418,-2.53298,-2.12481,8.71051,-9.99902
-0.512095,372.656,0.000102637,-2.62892,-2.02047,9.49491,-10.933
-0.512095,372.656,0.000102857,-2.71448,-1.90795,10.239,-11.8211
-0.512095,372.656,0.000103077,-2.78933,-1.78773,10.9397,-12.6598
-0.512095,372.656,0.000103297,-2.85317,-1.66032,11.5943,-13.4456
-0.512095,372.656,0.000103516,-2.90575,-1.52625,12.2002,-14.1754
-0.512095,372.656,0.000103736,-2.94686,-1.38609,12.7548,-14.8463
-0.512095,372.656,0.000103956,-2.97634,-1.24042,13.256,-15.4556
-0.512095,372.656,0.000104176,-2.99408,-1.08985,13.7019,-16.0008
-0.512095,372.656,0.000104396,-3,-0.935009,14.0907,-16.4799
-0.512095,372.656,0.000104615,-2.99408,-0.776539,14.4208,-16.8908
-0.512095,372.656,0.000104835,-2.97634,-0.615099,14.691,-17.2322
-0.512095,372.656,0.000105055,-2.94686,-0.451358,14.9004,-17.5026
-0.512095,372.656,0.000105275,-2.90575,-0.285993,15.0482,-17.701
-0.512095,372.656,0.000105495,-2.85317,-0.119688,15.1338,-17.8267
-0.512095,372.656,0.000105714,-2.78933,0.0468726,15.157,-17.8793
-0.512095,372.656,0.000105934,-2.71448,0.213004,15.1179,-17.8587
-0.512095,372.656,0.000106154,-2.62892,0.378023,15.0168,-17.765
-0.512095,372.656,0.000106374,-2.53298,0.541254,14.854,-17.5989
-0.512095,372.656,0.000106593,-2.42705,0.70203,14.6306,-17.361
-0.512095,372.656,0.000106813,-2.31154,0.859693,14.3474,-17.0524
-0.512095,372.656,0.000107033,-2.18691,1.0136,14.0058,-16.6745
-0.512095,372.656,0.000107253,-2.05364,1.16313,13.6073,-16.229
-0.512095,372.656,0.000107473,-1.91227,1.30768,13.1536,-15.7177
-0.512095,372.656,0.000107692,-1.76336,1.44665,12.6467,-15.1429
-0.512095,372.656,0.000107912,-1.60748,1.5795,12.0888,-14.507
-0.512095,372.656,0.000108132,-1.44526,1.70567,11.4822,-13.8127
-0.512095,372.656,0.000108352,-1.27734,1.82468,10.8297,-13.063
-0.512095,372.656,0.000108571,-1.10437,1.93604,10.1339,-12.2609
-0.512095,372.656,0.000108791,-0.927051,2.03932,9.39781,-11.4099
-0.512095,372.656,0.000109011,-0.74607,2.13409,8.62451,-10.5135
-0.512095,372.656,0.000109231,-0.562144,2.21999,7.81726,-9.57543
-0.512095,372.656,0.000109451,-0.376,2.29669,6.97944,-8.59961
-0.512095,372.656,0.00010967,-0.188372,2.36388,6.11455,-7.59008
-0.512095,372.656,0.00010989,-3.67382e-015,2.42132,5.22619,-6.55101
-0.512095,372.656,0.00011011,0.188372,2.46877,4.31806,-5.48669
-0.512095,372.656,0.00011033,0.376,2.50606,3.39393,-4.40152
-0.512095,372.656,0.000110549,0.562144,2.53307,2.4576,-3.29995
-0.512095,372.656,0.000110769,0.74607,2.5497,1.51295,-2.18652
-0.512095,372.656,0.000110989,0.927051,2.55589,0.563873,-1.06577
-0.512095,372.656,0.000111209,1.10437,2.55165,-0.385745,0.0576964
-0.512095,372.656,0.000111429,1.27734,2.53702,-1.33201,1.1793
-0.512095,372.656,0.000111648,1.44526,2.51206,-2.27106,2.29447
-0.512095,372.656,0.000111868,1.60748,2.4769,-3.19905,3.39867
-0.512095,372.656,0.000112088,1.76336,2.43171,-4.11222,4.48742
-0.512095,372.656,0.000112308,1.91227,2.37669,-5.00687,5.55631
-0.512095,372.656,0.000112527,2.05364,2.31209,-5.87936,6.60101
-0.512095,372.656,0.000112747,2.18691,2.23817,-6.72619,7.61731
-0.512095,372.656,0.000112967,2.31154,2.15527,-7.54394,8.60112
-0.512095,372.656,0.000113187,2.42705,2.06374,-8.32934,9.5485
-0.512095,372.656,0.000113407,2.53298,1.96397,-9.07925,10.4556
-0.512095,372.656,0.000113626,2.62892,1.85638,-9.79068,11.3189
-0.512095,372.656,0.000113846,2.71448,1.74142,-10.4608,12.1349
-0.512095,372.656,0.000114066,2.78933,1.61959,-11.087,12.9004
-0.512095,372.656,0.000114286,2.85317,1.49138,-11.6668,13.6123
-0.512095,372.656,0.000114505,2.90575,1.35734,-12.1979,14.2678
-0.512095,372.656,0.000114725,2.94686,1.21802,-12.6783,14.8645
-0.512095,372.656,0.000114945,2.97634,1.07399,-13.1061,15.3999
-0.512095,372.656,0.000115165,2.99408,0.925865,-13.4798,15.8719
-0.512095,372.656,0.000115385,3,0.77424,-13.7978,16.2789
-0.512095,372.656,0.000115604,2.99408,0.619745,-14.0591,16.6192
-0.512095,372.656,0.000115824,2.97634,0.463013,-14.2626,16.8917
-0.512095,372.656,0.000116044,2.94686,0.304685,-14.4078,17.0952
-0.512095,372.656,0.000116264,2.90575,0.145409,-14.4941,17.2291
-0.512095,372.656,0.000116484,2.85317,-0.0141658,-14.5213,17.293
-0.512095,372.656,0.000116703,2.78933,-0.173391,-14.4895,17.2868
-0.512095,372.656,0.000116923,2.71448,-0.331621,-14.3989,17.2106
-0.512095,372.656,0.000117143,2.62892,-0.488215,-14.25,17.0648
-0.512095,372.656,0.000117363,2.53298,-0.64254,-14.0436,16.8502
-0.512095,372.656,0.000117582,2.42705,-0.793976,-13.7806,16.5678
-0.512095,372.656,0.000117802,2.31154,-0.941913,-13.4623,16.2188
-0.512095,372.656,0.000118022,2.18691,-1.08576,-13.09,15.8047
-0.512095,372.656,0.000118242,2.05364,-1.22494,-12.6653,15.3275
-0.512095,372.656,0.000118462,1.91227,-1.3589,-12.1903,14.7891
-0.512095,372.656,0.000118681,1.76336,-1.4871,-11.6668,14.1917
-0.512095,372.656,0.000118901,1.60748,-1.60905,-11.0972,13.5381
-0.512095,372.656,0.000119121,1.44526,-1.72426,-10.4838,12.8308
-0.512095,372.656,0.000119341,1.27734,-1.83227,-9.8292,12.0729
-0.512095,372.656,0.00011956,1.10437,-1.93267,-9.13623,11.2675
-0.512095,372.656,0.00011978,0.927051,-2.02506,-8.40776,10.418
-0.512095,372.656,0.00012,0.74607,-2.10909,-7.64683,9.52782
-0.512095,372.656,0.00012022,0.562144,-2.18444,-6.85659,8.60075
-0.512095,372.656,0.00012044,0.376,-2.25082,-6.04031,7.64056
-0.512095,372.656,0.000120659,0.188372,-2.30797,-5.20137,6.65119
-0.512095,372.656,0.000120879,-6.61694e-015,-2.3557,-4.34321,5.63669
-0.512095,372.656,0.000121099,-0.188372,-2.39383,-3.46936,4.60122
-0.512095,372.656,0.000121319,-0.376,-2.42222,-2.58339,3.54899
-0.512095,372.656,0.000121538,-0.562144,-2.44077,-1.68892,2.48428
-0.512095,372.656,0.000121758,-0.74607,-2.44945,-0.789572,1.41141
-0.512095,372.656,0.000121978,-0.927051,-2.44823,0.110991,0.334727
-0.512095,372.656,0.000122198,-1.10437,-2.43714,1.00913,-0.741418
-0.512095,372.656,0.000122418,-1.27734,-2.41625,1.90122,-1.81269
-0.512095,372.656,0.000122637,-1.44526,-2.38566,2.78368,-2.87478
-0.512095,372.656,0.000122857,-1.60748,-2.34552,3.65296,-3.92342
-0.512095,372.656,0.000123077,-1.76336,-2.29601,4.50558,-4.95442
-0.512095,372.656,0.000123297,-1.91227,-2.23734,5.33815,-5.96365
-0.512095,372.656,0.000123516,-2.05364,-2.16979,6.14735,-6.9471
-0.512095,372.656,0.000123736,-2.18691,-2.09364,6.92998,-7.90085
-0.512095,372.656,0.000123956,-2.31154,-2.00921,7.68295,-8.82113
-0.512095,372.656,0.000124176,-2.42705,-1.91687,8.40329,-9.7043
-0.512095,372.656,0.000124396,-2.53298,-1.817,9.08818,-10.5469
-0.512095,372.656,0.000124615,-2.62892,-1.71002,9.73495,-11.3456
-0.512095,372.656,0.000124835,-2.71448,-1.59638,10.3411,-12.0972
-0.512095,372.656,0.000125055,-2.78933,-1.47655,10.9043,-12.7989
-0.512095,372.656,0.000125275,-2.85317,-1.35103,11.4223,-13.448
-0.512095,372.656,0.000125495,-2.90575,-1.22034,11.8932,-14.0418
-0.512095,372.656,0.000125714,-2.94686,-1.085,12.3153,-14.5782
-0.512095,372.656,0.000125934,-2.97634,-0.945589,12.6869,-15.0552
-0.512095,372.656,0.000126154,-2.99408,-0.802658,13.0067,-15.4708
-0.512095,372.656,0.000126374,-3,-0.656796,13.2735,-15.8236
-0.512095,372.656,0.000126593,-2.99408,-0.508595,13.4863,-16.1123
-0.512095,372.656,0.000126813,-2.97634,-0.358654,13.6446,-16.3359
-0.512095,372.656,0.000127033,-2.94686,-0.207581,13.7477,-16.4935
-0.512095,372.656,0.000127253,-2.90575,-0.0559839,13.7954,-16.5848
-0.512095,372.656,0.000127473,-2.85317,0.095528,13.7876,-16.6094
-0.512095,372.656,0.000127692,-2.78933,0.246347,13.7245,-16.5674
-0.512095,372.656,0.000127912,-2.71448,0.395869,13.6066,-16.4591
-0.512095,372.656,0.000128132,-2.62892,0.543499,13.4343,-16.2851
-0.512095,372.656,0.000128352,-2.53298,0.688649,13.2086,-16.0462
-0.512095,372.656,0.000128571,-2.42705,0.830742,12.9305,-15.7435
-0.512095,372.656,0.000128791,-2.31154,0.969217,12.6012,-15.3783
-0.512095,372.656,0.000129011,-2.18691,1.10353,12.2222,-14.9523
-0.512095,372.656,0.000129231,-2.05364,1.23314,11.7951,-14.4672
-0.512095,372.656,0.000129451,-1.91227,1.35756,11.3218,-13.9252
-0.512095,372.656,0.00012967,-1.76336,1.47629,10.8043,-13.3285
-0.512095,372.656,0.00012989,-1.60748,1.58887,10.2447,-12.6795
-0.512095,372.656,0.00013011,-1.44526,1.69486,9.64542,-11.9811
-0.512095,372.656,0.00013033,-1.27734,1.79386,9.00894,-11.2361
-0.512095,372.656,0.000130549,-1.10437,1.88548,8.33791,-10.4476
-0.512095,372.656,0.000130769,-0.927051,1.96939,7.6351,-9.61885
-0.512095,372.656,0.000130989,-0.74607,2.04525,6.9034,-8.75319
-0.512095,372.656,0.000131209,-0.562144,2.11278,6.1458,-7.85418
-0.512095,372.656,0.000131429,-0.376,2.17175,5.36539,-6.92548
-0.512095,372.656,0.000131648,-0.188372,2.22191,4.56536,-5.97087
-0.512095,372.656,0.000131868,-4.40858e-015,2.26311,3.74895,-4.9942
-0.512095,372.656,0.00120879,2.35368e-014,1.97402,4.80801,-5.88471
-0.512095,372.656,0.00120901,0.188372,2.01906,4.09907,-5.01701
-0.512095,372.656,0.00120923,0.376,2.05614,3.37395,-4.12951
-0.512095,372.656,0.00120945,0.562144,2.0851,2.63551,-3.22571
-0.512095,372.656,0.00120967,0.74607,2.10584,1.88668,-2.30918
-0.512095,372.656,0.00120989,0.927051,2.11826,1.1304,-1.38354
-0.512095,372.656,0.00121011,1.10437,2.12232,0.369659,-0.452441
-0.512095,372.656,0.00121033,1.27734,2.11801,-0.392541,0.480447
-0.512095,372.656,0.00121055,1.44526,2.10533,-1.15319,1.41144
-0.512095,372.656,0.00121077,1.60748,2.08435,-1.90929,2.33686
-0.512095,372.656,0.00121099,1.76336,2.05515,-2.65786,3.25306
-0.512095,372.656,0.00121121,1.91227,2.01783,-3.39593,4.15642
-0.512095,372.656,0.00121143,2.05364,1.97255,-4.12061,5.04338
-0.512095,372.656,0.00121165,2.18691,1.91948,-4.82902,5.91043
-0.512095,372.656,0.00121187,2.31154,1.85884,-5.51837,6.75416
-0.512095,372.656,0.00121209,2.42705,1.79086,-6.18594,7.57123
-0.512095,372.656,0.00121231,2.53298,1.71582,-6.82911,8.35842
-0.512095,372.656,0.00121253,2.62892,1.634,-7.44532,9.11263
-0.512095,372.656,0.00121275,2.71448,1.54573,-8.03214,9.83087
-0.512095,372.656,0.00121297,2.78933,1.45137,-8.58727,10.5103
-0.512095,372.656,0.00121319,2.85317,1.35127,-9.10851,11.1483
-0.512095,372.656,0.00121341,2.90575,1.24585,-9.5938,11.7422
-0.512095,372.656,0.00121363,2.94686,1.13551,-10.0412,12.2899
-0.512095,372.656,0.00121385,2.97634,1.02068,-10.449,12.789
-0.512095,372.656,0.00121407,2.99408,0.901828,-10.8156,13.2376
-0.512095,372.656,0.00121429,3,0.779416,-11.1395,13.634
-0.512095,372.656,0.00121451,2.99408,0.653929,-11.4194,13.9766
-0.512095,372.656,0.00121473,2.97634,0.52586,-11.6542,14.2641
-0.512095,372.656,0.00121495,2.94686,0.395716,-11.8431,14.4952
-0.512095,372.656,0.00121516,2.90575,0.264011,-11.9852,14.6692
-0.512095,372.656,0.00121538,2.85317,0.131263,-12.08,14.7852
-0.512095,372.656,0.0012156,2.78933,-0.0020023,-12.1272,14.8429
-0.512095,372.656,0.00121582,2.71448,-0.13526,-12.1264,14.842
-0.512095,372.656,0.00121604,2.62892,-0.267984,-12.0779,14.7826
-0.512095,372.656,0.00121626,2.53298,-0.39965,-11.9816,14.6648
-0.512095,372.656,0.00121648,2.42705,-0.529739,-11.8381,14.4891
-0.512095,372.656,0.0012167,2.31154,-0.657737,-11.6478,14.2563
-0.512095,372.656,0.00121692,2.18691,-0.78314,-11.4116,13.9672
-0.512095,372.656,0.00121714,2.05364,-0.905452,-11.1304,13.6229
-0.512095,372.656,0.00121736,1.91227,-1.02419,-10.8052,13.2249
-0.512095,372.656,0.00121758,1.76336,-1.13889,-10.4374,12.7747
-0.512095,372.656,0.0012178,1.60748,-1.24909,-10.0284,12.2741
-0.512095,372.656,0.00121802,1.44526,-1.35436,-9.57977,11.7251
-0.512095,372.656,0.00121824,1.27734,-1.45429,-9.09337,11.1297
-0.512095,372.656,0.00121846,1.10437,-1.54848,-8.57108,10.4905
-0.512095,372.656,0.00121868,0.927051,-1.63655,-8.01497,9.80985
-0.512095,372.656,0.0012189,0.74607,-1.71817,-7.42723,9.09049
-0.512095,372.656,0.00121912,0.562144,-1.79301,-6.81017,8.33525
-0.512095,372.656,0.00121934,0.376,-1.86077,-6.16624,7.54711
-0.512095,372.656,0.00121956,0.188372,-1.92118,-5.49797,6.72919
-0.512095,372.656,0.00121978,8.80497e-015,-1.97402,-4.80801,5.88471
-0.512095,372.656,0.00122,-0.188372,-2.01906,-4.09907,5.01701
-0.512095,372.656,0.00122022,-0.376,-2.05614,-3.37395,4.12951
-0.512095,372.656,0.00122044,-0.562144,-2.0851,-2.63551,3.22571
-0.512095,372.656,0.00122066,-0.74607,-2.10584,-1.88668,2.30919
-0.512095,372.656,0.00122088,-0.927051,-2.11826,-1.1304,1.38354
-0.512095,372.656,0.0012211,-1.10437,-2.12232,-0.369659,0.452441
-0.512095,372.656,0.00122132,-1.27734,-2.11801,0.392541,-0.480447
-0.512095,372.656,0.00122154,-1.44526,-2.10533,1.15319,-1.41144
-0.512095,372.656,0.00122176,-1.60748,-2.08435,1.90929,-2.33686
-0.512095,372.656,0.00122198,-1.76336,-2.05515,2.65786,-3.25306
-0.512095,372.656,0.0012222,-1.91227,-2.01783,3.39593,-4.15642
-0.512095,372.656,0.00122242,-2.05364,-1.97255,4.12061,-5.04338
-0.512095,372.656,0.00122264,-2.18691,-1.91948,4.82902,-5.91043
-0.512095,372.656,0.00122286,-2.31154,-1.85884,5.51837,-6.75416
-0.512095,372.656,0.00122308,-2.42705,-1.79086,6.18594,-7.57123
-0.512095,372.656,0.0012233,-2.53298,-1.71582,6.82911,-8.35842
-0.512095,372.656,0.00122352,-2.62892,-1.634,7.44532,-9.11263
-0.512095,372.656,0.00122374,-2.71448,-1.54573,8.03214,-9.83087
-0.512095,372.656,0.00122396,-2.78933,-1.45137,8.58727,-10.5103
-0.512095,372.656,0.00122418,-2.85317,-1.35127,9.10851,-11.1483
-0.512095,372.656,0.0012244,-2.90575,-1.24585,9.5938,-11.7422
-0.512095,372.656,0.00122462,-2.94686,-1.13551,10.0412,-12.2899
-0.512095,372.656,0.00122484,-2.97634,-1.02068,10.449,-12.789
-0.512095,372.656,0.00122505,-2.99408,-0.901828,10.8156,-13.2376
-0.512095,372.656,0.00122527,-3,-0.779416,11.1395,-13.634
-0.512095,372.656,0.00122549,-2.99408,-0.653929,11.4194,-13.9766
-0.512095,372.656,0.00122571,-2.97634,-0.52586,11.6542,-14.2641
-0.512095,372.656,0.00122593,-2.94686,-0.395716,11.8431,-14.4952
-0.512095,372.656,0.00122615,-2.90575,-0.264011,11.9852,-14.6692
-0.512095,372.656,0.00122637,-2.85317,-0.131263,12.08,-14.7852
-0.512095,372.656,0.00122659,-2.78933,0.00200227,12.1272,-14.8429
-0.512095,372.656,0.00122681,-2.71448,0.13526,12.1264,-14.842
-0.512095,372.656,0.00122703,-2.62892,0.267984,12.0779,-14.7826
-0.512095,372.656,0.00122725,-2.53298,0.39965,11.9816,-14.6648
-0.512095,372.656,0.00122747,-2.42705,0.529739,11.8381,-14.4891
-0.512095,372.656,0.00122769,-2.31154,0.657737,11.6478,-14.2563
-0.512095,372.656,0.00122791,-2.18691,0.78314,11.4116,-13.9672
-0.512095,372.656,0.00122813,-2.05364,0.905452,11.1304,-13.6229
-0.512095,372.656,0.00122835,-1.91227,1.02419,10.8052,-13.2249
-0.512095,372.656,0.00122857,-1.76336,1.13889,10.4374,-12.7747
-0.512095,372.656,0.00122879,-1.60748,1.24909,10.0284,-12.2741
-0.512095,372.656,0.00122901,-1.44526,1.35436,9.57977,-11.7251
-0.512095,372.656,0.00122923,-1.27734,1.45429,9.09337,-11.1297
-0.512095,372.656,0.00122945,-1.10437,1.54848,8.57108,-10.4905
-0.512095,372.656,0.00122967,-0.927051,1.63655,8.01497,-9.80985
-0.512095,372.656,0.00122989,-0.74607,1.71817,7.42723,-9.09049
-0.512095,372.656,0.00123011,-0.562144,1.79301,6.81017,-8.33525
-0.512095,372.656,0.00123033,-0.376,1.86077,6.16624,-7.54711
-0.512095,372.656,0.00123055,-0.188372,1.92118,5.49797,-6.72919
-0.512095,372.656,0.00123077,-4.11468e-014,1.97402,4.80801,-5.88471
-0.512095,372.656,0.00123099,0.188372,2.01906,4.09907,-5.01701
-0.512095,372.656,0.00123121,0.376,2.05614,3.37395,-4.12951
-0.512095,372.656,0.00123143,0.562144,2.0851,2.63552,-3.22571
-0.512095,372.656,0.00123165,0.74607,2.10584,1.88668,-2.30919
-0.512095,372.656,0.00123187,0.927051,2.11826,1.1304,-1.38354
-0.512095,372.656,0.00123209,1.10437,2.12232,0.369659,-0.452441
-0.512095,372.656,0.00123231,1.27734,2.11801,-0.392541,0.480447
-0.512095,372.656,0.00123253,1.44526,2.10533,-1.15319,1.41144
-0.512095,372.656,0.00123275,1.60748,2.08435,-1.90929,2.33686
-0.512095,372.656,0.00123297,1.76336,2.05515,-2.65786,3.25306
-0.512095,372.656,0.00123319,1.91227,2.01783,-3.39593,4.15642
-0.512095,372.656,0.00123341,2.05364,1.97255,-4.12061,5.04338
-0.512095,372.656,0.00123363,2.18691,1.91948,-4.82902,5.91043
-0.512095,372.656,0.00123385,2.31154,1.85884,-5.51837,6.75416
-0.512095,372.656,0.00123407,2.42705,1.79086,-6.18594,7.57123
-0.512095,372.656,0.00123429,2.53298,1.71582,-6.82911,8.35842
-0.512095,372.656,0.00123451,2.62892,1.634,-7.44532,9.11263
-0.512095,372.656,0.00123473,2.71448,1.54573,-8.03214,9.83087
-0.512095,372.656,0.00123495,2.78933,1.45137,-8.58727,10.5103
-0.512095,372.656,0.00123516,2.85317,1.35127,-9.10851,11.1483
-0.512095,372.656,0.00123538,2.90575,1.24585,-9.5938,11.7422
-0.512095,372.656,0.0012356,2.94686,1.13551,-10.0412,12.2899
-0.512095,372.656,0.00123582,2.97634,1.02068,-10.449,12.789
-0.512095,372.656,0.00123604,2.99408,0.901828,-10.8156,13.2376
-0.512095,372.656,0.00123626,3,0.779416,-11.1395,13.634
-0.512095,372.656,0.00123648,2.99408,0.653929,-11.4194,13.9766
-0.512095,372.656,0.0012367,2.97634,0.52586,-11.6542,14.2641
-0.512095,372.656,0.00123692,2.94686,0.395716,-11.8431,14.4952
-0.512095,372.656,0.00123714,2.90575,0.264011,-11.9852,14.6692
-0.512095,372.656,0.00123736,2.85317,0.131263,-12.08,14.7852
-0.512095,372.656,0.00123758,2.78933,-0.00200225,-12.1272,14.8429
-0.512095,372.656,0.0012378,2.71448,-0.13526,-12.1264,14.842
-0.512095,372.656,0.00123802,2.62892,-0.267984,-12.0779,14.7826
-0.512095,372.656,0.00123824,2.53298,-0.39965,-11.9816,14.6648
-0.512095,372.656,0.00123846,2.42705,-0.529739,-11.8381,14.4891
-0.512095,372.656,0.00123868,2.31154,-0.657737,-11.6478,14.2563
-0.512095,372.656,0.0012389,2.18691,-0.78314,-11.4116,13.9672
-0.512095,372.656,0.00123912,2.05364,-0.905452,-11.1304,13.6229
-0.512095,372.656,0.00123934,1.91227,-1.02419,-10.8052,13.2249
-0.512095,372.656,0.00123956,1.76336,-1.13889,-10.4374,12.7747
-0.512095,372.656,0.00123978,1.60748,-1.24909,-10.0284,12.2741
-0.512095,372.656,0.00124,1.44526,-1.35436,-9.57977,11.7251
-0.512095,372.656,0.00124022,1.27734,-1.45429,-9.09337,11.1297
-0.512095,372.656,0.00124044,1.10437,-1.54848,-8.57108,10.4905
-0.512095,372.656,0.00124066,0.927051,-1.63655,-8.01497,9.80985
-0.512095,372.656,0.00124088,0.74607,-1.71817,-7.42723,9.09049
-0.512095,372.656,0.0012411,0.562144,-1.79301,-6.81017,8.33525
-0.512095,372.656,0.00124132,0.376,-1.86077,-6.16624,7.54711
-0.512095,372.656,0.00124154,0.188372,-1.92118,-5.49797,6.72919
-0.512095,372.656,0.00124176,-9.70417e-014,-1.97402,-4.80801,5.88471
-0.512095,372.656,0.00124198,-0.188372,-2.01906,-4.09907,5.01701
-0.512095,372.656,0.0012422,-0.376,-2.05614,-3.37395,4.12951
-0.512095,372.656,0.00124242,-0.562144,-2.0851,-2.63552,3.22571
-0.512095,372.656,0.00124264,-0.74607,-2.10584,-1.88668,2.30919
-0.512095,372.656,0.00124286,-0.927051,-2.11826,-1.1304,1.38354
-0.512095,372.656,0.00124308,-1.10437,-2.12232,-0.369659,0.452441
-0.512095,372.656,0.0012433,-1.27734,-2.11801,0.392541,-0.480447
-0.512095,372.656,0.00124352,-1.44526,-2.10533,1.15319,-1.41144
-0.512095,372.656,0.00124374,-1.60748,-2.08435,1.90929,-2.33686
-0.512095,372.656,0.00124396,-1.76336,-2.05515,2.65786,-3.25306
-0.512095,372.656,0.00124418,-1.91227,-2.01783,3.39593,-4.15642
-0.512095,372.656,0.0012444,-2.05364,-1.97255,4.12061,-5.04338
-0.512095,372.656,0.00124462,-2.18691,-1.91948,4.82902,-5.91043
-0.512095,372.656,0.00124484,-2.31154,-1.85884,5.51837,-6.75416
-0.512095,372.656,0.00124505,-2.42705,-1.79086,6.18594,-7.57123
-0.512095,372.656,0.00124527,-2.53298,-1.71582,6.82911,-8.35842
-0.512095,372.656,0.00124549,-2.62892,-1.634,7.44532,-9.11263
-0.512095,372.656,0.00124571,-2.71448,-1.54573,8.03214,-9.83087
-0.512095,372.656,0.00124593,-2.78933,-1.45137,8.58727,-10.5103
-0.512095,372.656,0.00124615,-2.85317,-1.35127,9.10851,-11.1483
-0.512095,372.656,0.00124637,-2.90575,-1.24585,9.5938,-11.7422
-0.512095,372.656,0.00124659,-2.94686,-1.13551,10.0412,-12.2899
-0.512095,372.656,0.00124681,-2.97634,-1.02068,10.449,-12.789
-0.512095,372.656,0.00124703,-2.99408,-0.901828,10.8156,-13.2376
-0.512095,372.656,0.00124725,-3,-0.779416,11.1395,-13.634
-0.512095,372.656,0.00124747,-2.99408,-0.653929,11.4194,-13.9766
-0.512095,372.656,0.00124769,-2.97634,-0.52586,11.6542,-14.2641
-0.512095,372.656,0.00124791,-2.94686,-0.395716,11.8431,-14.4952
-0.512095,372.656,0.00124813,-2.90575,-0.264011,11.9852,-14.6692
-0.512095,372.656,0.00124835,-2.85317,-0.131263,12.08,-14.7852
-0.512095,372.656,0.00124857,-2.78933,0.00200224,12.1272,-14.8429
-0.512095,372.656,0.00124879,-2.71448,0.13526,12.1264,-14.842
-0.512095,372.656,0.00124901,-2.62892,0.267984,12.0779,-14.7826
-0.512095,372.656,0.00124923,-2.53298,0.39965,11.9816,-14.6648
-0.512095,372.656,0.00124945,-2.42705,0.529739,11.8381,-14.4891
-0.512095,372.656,0.00124967,-2.31154,0.657737,11.6478,-14.2563
-0.512095,372.656,0.00124989,-2.18691,0.78314,11.4116,-13.9672
-0.512095,372.656,0.00125011,-2.05364,0.905452,11.1304,-13.6229
-0.512095,372.656,0.00125033,-1.91227,1.02419,10.8052,-13.2249
-0.512095,372.656,0.00125055,-1.76336,1.13889,10.4374,-12.7747
-0.512095,372.656,0.00125077,-1.60748,1.24909,10.0284,-12.2741
-0.512095,372.656,0.00125099,-1.44526,1.35436,9.57977,-11.7251
-0.512095,372.656,0.00125121,-1.27734,1.45429,9.09337,-11.1297
-0.512095,372.656,0.00125143,-1.10437,1.54848,8.57108,-10.4905
-0.512095,372.656,0.00125165,-0.927051,1.63655,8.01497,-9.80985
-0.512095,372.656,0.00125187,-0.74607,1.71817,7.42723,-9.09049
-0.512095,372.656,0.00125209,-0.562144,1.79301,6.81017,-8.33525
-0.512095,372.656,0.00125231,-0.376,1.86077,6.16624,-7.54711
-0.512095,372.656,0.00125253,-0.188372,1.92118,5.49797,-6.72919
-0.512095,372.656,0.00125275,6.46999e-014,1.97402,4.80801,-5.88471
-0.512095,372.656,0.00125297,0.188372,2.01906,4.09907,-5.01701
-0.512095,372.656,0.00125319,0.376,2.05614,3.37395,-4.12951
-0.512095,372.656,0.00125341,0.562144,2.0851,2.63552,-3.22571
-0.512095,372.656,0.00125363,0.74607,2.10584,1.88668,-2.30919
-0.512095,372.656,0.00125385,0.927051,2.11826,1.1304,-1.38354
-0.512095,372.656,0.00125407,1.10437,2.12232,0.36966,-0.452441
-0.512095,372.656,0.00125429,1.27734,2.11801,-0.392541,0.480447
-0.512095,372.656,0.00125451,1.44526,2.10533,-1.15319,1.41144
-0.512095,372.656,0.00125473,1.60748,2.08435,-1.90929,2.33686
-0.512095,372.656,0.00125495,1.76336,2.05515,-2.65786,3.25306
-0.512095,372.656,0.00125516,1.91227,2.01783,-3.39593,4.15642
-0.512095,372.656,0.00125538,2.05364,1.97255,-4.12061,5.04338
-0.512095,372.656,0.0012556,2.18691,1.91948,-4.82902,5.91043
-0.512095,372.656,0.00125582,2.31154,1.85884,-5.51837,6.75416
-0.512095,372.656,0.00125604,2.42705,1.79086,-6.18594,7.57123
-0.512095,372.656,0.00125626,2.53298,1.71582,-6.82911,8.35842
-0.512095,372.656,0.00125648,2.62892,1.634,-7.44532,9.11263
-0.512095,372.656,0.0012567,2.71448,1.54573,-8.03214,9.83087
-0.512095,372.656,0.00125692,2.78933,1.45137,-8.58727,10.5103
-0.512095,372.656,0.00125714,2.85317,1.35127,-9.10851,11.1483
-0.512095,372.656,0.00125736,2.90575,1.24585,-9.5938,11.7422
-0.512095,372.656,0.00125758,2.94686,1.13551,-10.0412,12.2899
-0.512095,372.656,0.0012578,2.97634,1.02068,-10.449,12.789
-0.512095,372.656,0.00125802,2.99408,0.901828,-10.8156,13.2376
-0.512095,372.656,0.00125824,3,0.779416,-11.1395,13.634
-0.512095,372.656,0.00125846,2.99408,0.653929,-11.4194,13.9766
-0.512095,372.656,0.00125868,2.97634,0.52586,-11.6542,14.2641
-0.512095,372.656,0.0012589,2.94686,0.395716,-11.8431,14.4952
-0.512095,372.656,0.00125912,2.90575,0.264011,-11.9852,14.6692
-0.512095,372.656,0.00125934,2.85317,0.131263,-12.08,14.7852
-0.512095,372.656,0.00125956,2.78933,-0.00200223,-12.1272,14.8429
-0.512095,372.656,0.00125978,2.71448,-0.13526,-12.1264,14.842
-0.512095,372.656,0.00126,2.62892,-0.267984,-12.0779,14.7826
-0.512095,372.656,0.00126022,2.53298,-0.39965,-11.9816,14.6648
-0.512095,372.656,0.00126044,2.42705,-0.529739,-11.8381,14.4891
-0.512095,372.656,0.00126066,2.31154,-0.657737,-11.6478,14.2563
-0.512095,372.656,0.00126088,2.18691,-0.78314,-11.4116,13.9672
-0.512095,372.656,0.0012611,2.05364,-0.905452,-11.1304,13.6229
-0.512095,372.656,0.00126132,1.91227,-1.02419,-10.8052,13.2249
-0.512095,372.656,0.00126154,1.76336,-1.13889,-10.4374,12.7747
-0.512095,372.656,0.00126176,1.60748,-1.24909,-10.0284,12.2741
-0.512095,372.656,0.00126198,1.44526,-1.35436,-9.57977,11.7251
-0.512095,372.656,0.0012622,1.27734,-1.45429,-9.09337,11.1297
-0.512095,372.656,0.00126242,1.10437,-1.54848,-8.57108,10.4905
-0.512095,372.656,0.00126264,0.927051,-1.63655,-8.01497,9.80985
-0.512095,372.656,0.00126286,0.74607,-1.71817,-7.42723,9.09049
-0.512095,372.656,0.00126308,0.562144,-1.79301,-6.81017,8.33525
-0.512095,372.656,0.0012633,0.376,-1.86077,-6.16624,7.54711
-0.512095,372.656,0.00126352,0.188372,-1.92118,-5.49797,6.72919
-0.512095,372.656,0.00126374,-3.23581e-014,-1.97402,-4.80801,5.88471
-0.512095,372.656,0.00126396,-0.188372,-2.01906,-4.09907,5.01701
-0.512095,372.656,0.00126418,-0.376,-2.05614,-3.37395,4.12951
-0.512095,372.656,0.0012644,-0.562144,-2.0851,-2.63552,3.22571
-0.512095,372.656,0.00126462,-0.74607,-2.10584,-1.88668,2.30919
-0.512095,372.656,0.00126484,-0.927051,-2.11826,-1.1304,1.38354
-0.512095,372.656,0.00126505,-1.10437,-2.12232,-0.36966,0.452441
-0.512095,372.656,0.00126527,-1.27734,-2.11801,0.392541,-0.480447
-0.512095,372.656,0.00126549,-1.44526,-2.10533,1.15319,-1.41144
-0.512095,372.656,0.00126571,-1.60748,-2.08435,1.90929,-2.33686
-0.512095,372.656,0.00126593,-1.76336,-2.05515,2.65786,-3.25306
-0.512095,372.656,0.00126615,-1.91227,-2.01783,3.39593,-4.15642
-0.512095,372.656,0.00126637,-2.05364,-1.97255,4.12061,-5.04338
-0.512095,372.656,0.00126659,-2.18691,-1.91948,4.82902,-5.91043
-0.512095,372.656,0.00126681,-2.31154,-1.85884,5.51837,-6.75416
-0.512095,372.656,0.00126703,-2.42705,-1.79086,6.18594,-7.57123
-0.512095,372.656,0.00126725,-2.53298,-1.71582,6.82911,-8.35842
-0.512095,372.656,0.00126747,-2.62892,-1.634,7.44532,-9.11263
-0.512095,372.656,0.00126769,-2.71448,-1.54573,8.03214,-9.83087
-0.512095,372.656,0.00126791,-2.78933,-1.45137,8.58727,-10.5103
-0.512095,372.656,0.00126813,-2.85317,-1.35127,9.10851,-11.1483
-0.512095,372.656,0.00126835,-2.90575,-1.24585,9.5938,-11.7422
-0.512095,372.656,0.00126857,-2.94686,-1.13551,10.0412,-12.2899
-0.512095,372.656,0.00126879,-2.97634,-1.02068,10.449,-12.789
-0.512095,372.656,0.00126901,-2.99408,-0.901828,10.8156,-13.2376
-0.512095,372.656,0.00126923,-3,-0.779416,11.1395,-13.634
-0.512095,372.656,0.00126945,-2.99408,-0.653929,11.4194,-13.9766
-0.512095,372.656,0.00126967,-2.97634,-0.52586,11.6542,-14.2641
-0.512095,372.656,0.00126989,-2.94686,-0.395716,11.8431,-14.4952
-0.512095,372.656,0.00127011,-2.90575,-0.264011,11.9852,-14.6692
-0.512095,372.656,0.00127033,-2.85317,-0.131263,12.08,-14.7852
-0.512095,372.656,0.00127055,-2.78933,0.00200223,12.1272,-14.8429
-0.512095,372.656,0.00127077,-2.71448,0.13526,12.1264,-14.842
-0.512095,372.656,0.00127099,-2.62892,0.267984,12.0779,-14.7826
-0.512095,372.656,0.00127121,-2.53298,0.39965,11.9816,-14.6648
-0.512095,372.656,0.00127143,-2.42705,0.529739,11.8381,-14.4891
-0.512095,372.656,0.00127165,-2.31154,0.657737,11.6478,-14.2563
-0.512095,372.656,0.00127187,-2.18691,0.78314,11.4116,-13.9672
-0.512095,372.656,0.00127209,-2.05364,0.905452,11.1304,-13.6229
-0.512095,372.656,0.00127231,-1.91227,1.02419,10.8052,-13.2249
-0.512095,372.656,0.00127253,-1.76336,1.13889,10.4374,-12.7747
-0.512095,372.656,0.00127275,-1.60748,1.24909,10.0284,-12.2741
-0.512095,372.656,0.00127297,-1.44526,1.35436,9.57977,-11.7251
-0.512095,372.656,0.00127319,-1.27734,1.45429,9.09337,-11.1297
-0.512095,372.656,0.00127341,-1.10437,1.54848,8.57108,-10.4905
-0.512095,372.656,0.00127363,-0.927051,1.63655,8.01497,-9.80985
-0.512095,372.656,0.00127385,-0.74607,1.71817,7.42723,-9.09049
-0.512095,372.656,0.00127407,-0.562144,1.79301,6.81017,-8.33525
-0.512095,372.656,0.00127429,-0.376,1.86077,6.16624,-7.54711
-0.512095,372.656,0.00127451,-0.188372,1.92118,5.49797,-6.72919
-0.512095,372.656,0.00127473,-1.70514e-013,1.97402,4.80801,-5.88471
-0.512095,372.656,0.00127495,0.188372,2.01906,4.09907,-5.01701
-0.512095,372.656,0.00127516,0.376,2.05614,3.37395,-4.12951
-0.512095,372.656,0.00127538,0.562144,2.0851,2.63552,-3.22571
-0.512095,372.656,0.0012756,0.74607,2.10584,1.88668,-2.30919
-0.512095,372.656,0.00127582,0.927051,2.11826,1.1304,-1.38354
-0.512095,372.656,0.00127604,1.10437,2.12232,0.36966,-0.452441
-0.512095,372.656,0.00127626,1.27734,2.11801,-0.392541,0.480447
-0.512095,372.656,0.00127648,1.44526,2.10533,-1.15319,1.41144
-0.512095,372.656,0.0012767,1.60748,2.08435,-1.90929,2.33686
-0.512095,372.656,0.00127692,1.76336,2.05515,-2.65786,3.25306
-0.512095,372.656,0.00127714,1.91227,2.01783,-3.39593,4.15642
-0.512095,372.656,0.00127736,2.05364,1.97255,-4.12061,5.04338
-0.512095,372.656,0.00127758,2.18691,1.91948,-4.82902,5.91043
-0.512095,372.656,0.0012778,2.31154,1.85884,-5.51837,6.75416
-0.512095,372.656,0.00127802,2.42705,1.79086,-6.18594,7.57123
-0.512095,372.656,0.00127824,2.53298,1.71582,-6.82911,8.35842
-0.512095,372.656,0.00127846,2.62892,1.634,-7.44532,9.11263
-0.512095,372.656,0.00127868,2.71448,1.54573,-8.03214,9.83087
-0.512095,372.656,0.0012789,2.78933,1.45137,-8.58727,10.5103
-0.512095,372.656,0.00127912,2.85317,1.35127,-9.10851,11.1483
-0.512095,372.656,0.00127934,2.90575,1.24585,-9.5938,11.7422
-0.512095,372.656,0.00127956,2.94686,1.13551,-10.0412,12.2899
-0.512095,372.656,0.00127978,2.97634,1.02068,-10.449,12.789
-0.512095,372.656,0.00128,2.99408,0.901828,-10.8156,13.2376
-0.512095,372.656,0.00128022,3,0.779416,-11.1395,13.634
-0.512095,372.656,0.00128044,2.99408,0.653929,-11.4194,13.9766
-0.512095,372.656,0.00128066,2.97634,0.52586,-11.6542,14.2641
-0.512095,372.656,0.00128088,2.94686,0.395716,-11.8431,14.4952
-0.512095,372.656,0.0012811,2.90575,0.264011,-11.9852,14.6692
-0.512095,372.656,0.00128132,2.85317,0.131263,-12.08,14.7852
-0.512095,372.656,0.00128154,2.78933,-0.00200223,-12.1272,14.8429
-0.512095,372.656,0.00128176,2.71448,-0.13526,-12.1264,14.842
-0.512095,372.656,0.00128198,2.62892,-0.267984,-12.0779,14.7826
-0.512095,372.656,0.0012822,2.53298,-0.39965,-11.9816,14.6648
-0.512095,372.656,0.00128242,2.42705,-0.529739,-11.8381,14.4891
-0.512095,372.656,0.00128264,2.31154,-0.657737,-11.6478,14.2563
-0.512095,372.656,0.00128286,2.18691,-0.78314,-11.4116,13.9672
-0.512095,372.656,0.00128308,2.05364,-0.905452,-11.1304,13.6229
-0.512095,372.656,0.0012833,1.91227,-1.02419,-10.8052,13.2249
-0.512095,372.656,0.00128352,1.76336,-1.13889,-10.4374,12.7747
-0.512095,372.656,0.00128374,1.60748,-1.24909,-10.0284,12.2741
-0.512095,372.656,0.00128396,1.44526,-1.35436,-9.57977,11.7251
-0.512095,372.656,0.00128418,1.27734,-1.45429,-9.09337,11.1297
-0.512095,372.656,0.0012844,1.10437,-1.54848,-8.57108,10.4905
-0.512095,372.656,0.00128462,0.927051,-1.63655,-8.01497,9.80985
-0.512095,372.656,0.00128484,0.74607,-1.71817,-7.42723,9.09049
-0.512095,372.656,0.00128505,0.562144,-1.79301,-6.81017,8.33525
-0.512095,372.656,0.00128527,0.376,-1.86077,-6.16624,7.54711
-0.512095,372.656,0.00128549,0.188372,-1.92118,-5.49797,6.72919
-0.512095,372.656,0.00128571,3.23255e-014,-1.97402,-4.80801,5.88471
-0.512095,372.656,0.00128593,-0.188372,-2.01906,-4.09907,5.01701
-0.512095,372.656,0.00128615,-0.376,-2.05614,-3.37395,4.12951
-0.512095,372.656,0.00128637,-0.562144,-2.0851,-2.63552,3.22571
-0.512095,372.656,0.00128659,-0.74607,-2.10584,-1.88668,2.30919
-0.512095,372.656,0.00128681,-0.927051,-2.11826,-1.1304,1.38354
-0.512095,372.656,0.00128703,-1.10437,-2.12232,-0.36966,0.452441
-0.512095,372.656,0.00128725,-1.27734,-2.11801,0.392541,-0.480447
-0.512095,372.656,0.00128747,-1.44526,-2.10533,1.15319,-1.41144
-0.512095,372.656,0.00128769,-1.60748,-2.08435,1.90929,-2.33686
-0.512095,372.656,0.00128791,-1.76336,-2.05515,2.65786,-3.25306
-0.512095,372.656,0.00128813,-1.91227,-2.01783,3.39593,-4.15642
-0.512095,372.656,0.00128835,-2.05364,-1.97255,4.12061,-5.04338
-0.512095,372.656,0.00128857,-2.18691,-1.91948,4.82902,-5.91043
-0.512095,372.656,0.00128879,-2.31154,-1.85884,5.51837,-6.75416
-0.512095,372.656,0.00128901,-2.42705,-1.79086,6.18594,-7.57123
-0.512095,372.656,0.00128923,-2.53298,-1.71582,6.82911,-8.35842
-0.512095,372.656,0.00128945,-2.62892,-1.634,7.44532,-9.11263
-0.512095,372.656,0.00128967,-2.71448,-1.54573,8.03214,-9.83087
-0.512095,372.656,0.00128989,-2.78933,-1.45137,8.58727,-10.5103
-0.512095,372.656,0.00129011,-2.85317,-1.35127,9.10851,-11.1483
-0.512095,372.656,0.00129033,-2.90575,-1.24585,9.5938,-11.7422
-0.512095,372.656,0.00129055,-2.94686,-1.13551,10.0412,-12.2899
-0.512095,372.656,0.00129077,-2.97634,-1.02068,10.449,-12.789
-0.512095,372.656,0.00129099,-2.99408,-0.901828,10.8156,-13.2376
-0.512095,372.656,0.00129121,-3,-0.779416,11.1395,-13.634
-0.512095,372.656,0.00129143,-2.99408,-0.653929,11.4194,-13.9766
-0.512095,372.656,0.00129165,-2.97634,-0.52586,11.6542,-14.2641
-0.512095,372.656,0.00129187,-2.94686,-0.395716,11.8431,-14.4952
-0.512095,372.656,0.00129209,-2.90575,-0.264011,11.9852,-14.6692
-0.512095,372.656,0.00129231,-2.85317,-0.131263,12.08,-14.7852
-0.512095,372.656,0.00129253,-2.78933,0.00200223,12.1272,-14.8429
-0.512095,372.656,0.00129275,-2.71448,0.13526,12.1264,-14.842
-0.512095,372.656,0.00129297,-2.62892,0.267984,12.0779,-14.7826
-0.512095,372.656,0.00129319,-2.53298,0.39965,11.9816,-14.6648
-0.512095,372.656,0.00129341,-2.42705,0.529739,11.8381,-14.4891
-0.512095,372.656,0.00129363,-2.31154,0.657737,11.6478,-14.2563
-0.512095,372.656,0.00129385,-2.18691,0.78314,11.4116,-13.9672
-0.512095,372.656,0.00129407,-2.05364,0.905452,11.1304,-13.6229
-0.512095,372.656,0.00129429,-1.91227,1.02419,10.8052,-13.2249
-0.512095,372.656,0.00129451,-1.76336,1.13889,10.4374,-12.7747
-0.512095,372.656,0.00129473,-1.60748,1.24909,10.0284,-12.2741
-0.512095,372.656,0.00129495,-1.44526,1.35436,9.57977,-11.7251
-0.512095,372.656,0.00129516,-1.27734,1.45429,9.09337,-11.1297
-0.512095,372.656,0.00129538,-1.10437,1.54848,8.57108,-10.4905
-0.512095,372.656,0.0012956,-0.927051,1.63655,8.01497,-9.80985
-0.512095,372.656,0.00129582,-0.74607,1.71817,7.42723,-9.09049
-0.512095,372.656,0.00129604,-0.562144,1.79301,6.81017,-8.33525
-0.512095,372.656,0.00129626,-0.376,1.86077,6.16624,-7.54711
-0.512095,372.656,0.00129648,-0.188372,1.92118,5.49797,-6.72919
-0.512095,372.656,0.0012967,-6.46673e-014,1.97402,4.80801,-5.88471
-0.512095,372.656,0.00129692,0.188372,2.01906,4.09907,-5.01701
-0.512095,372.656,0.00129714,0.376,2.05614,3.37395,-4.12951
-0.512095,372.656,0.00129736,0.562144,2.0851,2.63552,-3.22571
-0.512095,372.656,0.00129758,0.74607,2.10584,1.88668,-2.30919
-0.512095,372.656,0.0012978,0.927051,2.11826,1.1304,-1.38354
-0.512095,372.656,0.00129802,1.10437,2.12232,0.369659,-0.452441
-0.512095,372.656,0.00129824,1.27734,2.11801,-0.392541,0.480447
-0.512095,372.656,0.00129846,1.44526,2.10533,-1.15319,1.41144
-0.512095,372.656,0.00129868,1.60748,2.08435,-1.90929,2.33686
-0.512095,372.656,0.0012989,1.76336,2.05515,-2.65786,3.25306
-0.512095,372.656,0.00129912,1.91227,2.01783,-3.39593,4.15642
-0.512095,372.656,0.00129934,2.05364,1.97255,-4.12061,5.04338
-0.512095,372.656,0.00129956,2.18691,1.91948,-4.82902,5.91043
-0.512095,372.656,0.00129978,2.31154,1.85884,-5.51837,6.75416
-0.512095,372.656,0.0013,2.42705,1.79086,-6.18594,7.57123
-0.512095,372.656,0.00130022,2.53298,1.71582,-6.82911,8.35842
-0.512095,372.656,0.00130044,2.62892,1.634,-7.44532,9.11263
-0.512095,372.656,0.00130066,2.71448,1.54573,-8.03214,9.83087
-0.512095,372.656,0.00130088,2.78933,1.45137,-8.58727,10.5103
-0.512095,372.656,0.0013011,2.85317,1.35127,-9.10851,11.1483
-0.512095,372.656,0.00130132,2.90575,1.24585,-9.5938,11.7422
-0.512095,372.656,0.00130154,2.94686,1.13551,-10.0412,12.2899
-0.512095,372.656,0.00130176,2.97634,1.02068,-10.449,12.789
-0.512095,372.656,0.00130198,2.99408,0.901828,-10.8156,13.2376
-0.512095,372.656,0.0013022,3,0.779416,-11.1395,13.634
-0.512095,372.656,0.00130242,2.99408,0.653929,-11.4194,13.9767
-0.512095,372.656,0.00130264,2.97634,0.52586,-11.6542,14.2641
-0.512095,372.656,0.00130286,2.94686,0.395716,-11.8431,14.4952
-0.512095,372.656,0.00130308,2.90575,0.264011,-11.9852,14.6692
-0.512095,372.656,0.0013033,2.85317,0.131263,-12.08,14.7852
-0.512095,372.656,0.00130352,2.78933,-0.00200224,-12.1272,14.8429
-0.512095,372.656,0.00130374,2.71448,-0.13526,-12.1264,14.842
-0.512095,372.656,0.00130396,2.62892,-0.267984,-12.0779,14.7826
-0.512095,372.656,0.00130418,2.53298,-0.39965,-11.9816,14.6648
-0.512095,372.656,0.0013044,2.42705,-0.529739,-11.8381,14.4891
-0.512095,372.656,0.00130462,2.31154,-0.657737,-11.6478,14.2563
-0.512095,372.656,0.00130484,2.18691,-0.78314,-11.4116,13.9672
-0.512095,372.656,0.00130505,2.05364,-0.905452,-11.1304,13.6229
-0.512095,372.656,0.00130527,1.91227,-1.02419,-10.8052,13.2249
-0.512095,372.656,0.00130549,1.76336,-1.13889,-10.4374,12.7747
-0.512095,372.656,0.00130571,1.60748,-1.24909,-10.0284,12.2741
-0.512095,372.656,0.00130593,1.44526,-1.35436,-9.57977,11.7251
-0.512095,372.656,0.00130615,1.27734,-1.45429,-9.09337,11.1297
-0.512095,372.656,0.00130637,1.10437,-1.54848,-8.57108,10.4905
-0.512095,372.656,0.00130659,0.927051,-1.63655,-8.01497,9.80985
-0.512095,372.656,0.00130681,0.74607,-1.71817,-7.42723,9.09049
-0.512095,372.656,0.00130703,0.562144,-1.79301,-6.81017,8.33525
-0.512095,372.656,0.00130725,0.376,-1.86077,-6.16624,7.54711
-0.512095,372.656,0.00130747,0.188372,-1.92118,-5.49797,6.72919
-0.512095,372.656,0.00130769,9.70092e-014,-1.97402,-4.80801,5.88471
-0.512095,372.656,0.00130791,-0.188372,-2.01906,-4.09907,5.01701
-0.512095,372.656,0.00130813,-0.376,-2.05614,-3.37395,4.12951
-0.512095,372.656,0.00130835,-0.562144,-2.0851,-2.63552,3.22571
-0.512095,372.656,0.00130857,-0.74607,-2.10584,-1.88668,2.30919
-0.512095,372.656,0.00130879,-0.927051,-2.11826,-1.1304,1.38354
-0.512095,372.656,0.00130901,-1.10437,-2.12232,-0.369659,0.452441
-0.512095,372.656,0.00130923,-1.27734,-2.11801,0.392541,-0.480447
-0.512095,372.656,0.00130945,-1.44526,-2.10533,1.15319,-1.41144
-0.512095,372.656,0.00130967,-1.60748,-2.08435,1.90929,-2.33686
-0.512095,372.656,0.00130989,-1.76336,-2.05515,2.65786,-3.25306
-0.512095,372.656,0.00131011,-1.91227,-2.01783,3.39593,-4.15642
-0.512095,372.656,0.00131033,-2.05364,-1.97255,4.12061,-5.04338
-0.512095,372.656,0.00131055,-2.18691,-1.91948,4.82902,-5.91043
-0.512095,372.656,0.00131077,-2.31154,-1.85884,5.51837,-6.75416
-0.512095,372.656,0.00131099,-2.42705,-1.79086,6.18594,-7.57123
-0.512095,372.656,0.00131121,-2.53298,-1.71582,6.82911,-8.35842
-0.512095,372.656,0.00131143,-2.62892,-1.634,7.44532,-9.11263
-0.512095,372.656,0.00131165,-2.71448,-1.54573,8.03214,-9.83087
-0.512095,372.656,0.00131187,-2.78933,-1.45137,8.58727,-10.5103
-0.512095,372.656,0.00131209,-2.85317,-1.35127,9.10851,-11.1483
-0.512095,372.656,0.00131231,-2.90575,-1.24585,9.5938,-11.7422
-0.512095,372.656,0.00131253,-2.94686,-1.13551,10.0412,-12.2899
-0.512095,372.656,0.00131275,-2.97634,-1.02068,10.449,-12.789
-0.512095,372.656,0.00131297,-2.99408,-0.901828,10.8156,-13.2376
-0.512095,372.656,0.00131319,-3,-0.779416,11.1395,-13.634
-0.512095,372.656,0.00131341,-2.99408,-0.653929,11.4194,-13.9767
-0.512095,372.656,0.00131363,-2.97634,-0.52586,11.6542,-14.2641
-0.512095,372.656,0.00131385,-2.94686,-0.395716,11.8431,-14.4952
-0.512095,372.656,0.00131407,-2.90575,-0.264011,11.9852,-14.6692
-0.512095,372.656,0.00131429,-2.85317,-0.131263,12.08,-14.7852
-0.512095,372.656,0.00131451,-2.78933,0.00200225,12.1272,-14.8429
-0.512095,372.656,0.00131473,-2.71448,0.13526,12.1264,-14.842
-0.512095,372.656,0.00131495,-2.62892,0.267984,12.0779,-14.7826
-0.512095,372.656,0.00131516,-2.53298,0.39965,11.9816,-14.6648
-0.512095,372.656,0.00131538,-2.42705,0.529739,11.8381,-14.4891
-0.512095,372.656,0.0013156,-2.31154,0.657737,11.6478,-14.2563
-0.512095,372.656,0.00131582,-2.18691,0.78314,11.4116,-13.9672
-0.512095,372.656,0.00131604,-2.05364,0.905452,11.1304,-13.6229
-0.512095,372.656,0.00131626,-1.91227,1.02419,10.8052,-13.2249
-0.512095,372.656,0.00131648,-1.76336,1.13889,10.4374,-12.7747
-0.512095,372.656,0.0013167,-1.60748,1.24909,10.0284,-12.2741
-0.512095,372.656,0.00131692,-1.44526,1.35436,9.57977,-11.7251
-0.512095,372.656,0.00131714,-1.27734,1.45429,9.09337,-11.1297
-0.512095,372.656,0.00131736,-1.10437,1.54848,8.57108,-10.4905
-0.512095,372.656,0.00131758,-0.927051,1.63655,8.01497,-9.80985
-0.512095,372.656,0.0013178,-0.74607,1.71817,7.42723,-9.09049
-0.512095,372.656,0.00131802,-0.562144,1.79301,6.81017,-8.33525
-0.512095,372.656,0.00131824,-0.376,1.86077,6.16624,-7.54711
-0.512095,372.656,0.00131846,-0.188372,1.92118,5.49797,-6.72919
