2.7367e+00 2.9507e+01
1.8704e-01 -3.9216e+00
-1.1150e+00 2.4378e+01
6.6460e+00 2.4996e+01
-1.0988e+00 2.3991e+01
1.9224e+00 2.3889e+01
-1.1350e+00 2.4848e+01
4.1718e+00 2.5762e+01
9.0311e-01 2.3240e+00
-1.2378e-01 -4.5078e-01
6.7918e+00 2.4997e+01
7.5386e+00 2.5000e+01
2.4358e+00 2.8866e+01
5.6569e+00 2.4975e+01
1.9109e+00 2.3714e+01
7.4228e+00 2.5000e+01
5.0890e+00 2.5009e+01
-1.2550e+00 2.7478e+01
7.7977e-01 5.0839e-02
4.9215e+00 2.5052e+01
-2.0652e+00 3.5199e+01
-2.7658e+00 3.1487e+01
6.2415e+00 2.4989e+01
-4.4009e-02 -1.6929e+00
8.0091e-01 4.1411e-01
3.5529e+00 2.7402e+01
5.0809e+00 2.5010e+01
-2.4407e+00 3.3780e+01
-5.7295e-01 9.8720e+00
-2.7506e+00 3.1601e+01
