-1.0278e+00 3.2750e+01
-4.0256e-01 3.8801e+01
-5.6599e+00 3.7180e+01
-2.6123e+00 1.2052e+01
8.7466e-01 3.4619e+01
1.6913e-01 3.9786e+01
2.4502e+00 1.3445e+01
1.4342e+00 2.7043e+01
-1.5785e+00 2.4885e+01
8.3473e-01 3.5071e+01
-4.9111e+00 2.7961e+01
-4.9641e+00 2.8736e+01
2.9797e-01 3.9339e+01
-5.2564e-01 3.7975e+01
-4.1082e+00 1.6479e+01
-5.0314e+00 2.9704e+01
-1.6983e+00 2.3092e+01
-2.7421e+00 1.1181e+01
-3.3388e-01 3.9172e+01
-5.2309e+00 3.2434e+01
2.0666e+00 1.7863e+01
-3.5742e-01 3.9052e+01
-1.0402e+00 3.2591e+01
-4.4815e+00 2.1567e+01
-4.2957e+00 1.8929e+01
1.6060e+00 2.4472e+01
1.0913e-01 3.9911e+01
1.0728e-01 3.9914e+01
-2.1374e+00 1.6948e+01
2.3419e+00 1.4546e+01
-3.5853e+00 1.1453e+01
-1.8336e+00 2.1103e+01
2.0698e+00 1.7822e+01
-4.4831e+00 2.1590e+01
2.6654e+00 1.1669e+01
