6.1477e+00 -2.9036e-01
4.8625e+00 -1.2164e+01
9.2428e-01 1.1814e+01
-7.3607e-01 -1.4788e+01
5.5211e+00 -9.1867e+00
7.6961e+00 5.6604e+01
3.5537e-01 7.9496e+00
-7.5114e-01 -1.5271e+01
5.1374e+00 -1.1609e+01
6.6107e+00 1.0966e+01
-8.3033e-01 -1.7893e+01
7.8527e-01 1.1284e+01
8.2865e-01 1.1476e+01
1.0731e+00 1.2115e+01
4.9181e+00 -1.2124e+01
6.5365e+00 8.8642e+00
1.2062e+00 1.2166e+01
6.6749e+00 1.2879e+01
-6.2297e-01 -1.1325e+01
-1.9199e-01 -6.0260e-01
2.1740e+00 7.6961e+00
4.0820e+00 -9.5534e+00
2.4373e+00 5.4486e+00
2.9091e+00 9.0853e-01
5.1463e+00 -1.1576e+01
